0.017853 2.8e-05
0.017331 3.5e-05
0.01677 3.4e-05
0.017605 3.6e-05
0.017362 3.1e-05
0.024066 2.1e-05
0.018726 3e-05
0.015292 3.7e-05
0.021748 1.6e-05
0.019453 4.2e-05
0.016629 3.5e-05
0.017736 1.4e-05
0.017879 4.8e-05
0.021368 3.6e-05
0.01764 3.7e-05
0.017389 3.7e-05
0.022222 3.6e-05
0.025141 2.9e-05
0.016393 3.9e-05
0.01742 3.3e-05
0.021595 3.6e-05
0.020144 3.8e-05
0.018752 2.7e-05
0.017823 5.3e-05
0.017419 2.8e-05
0.021533 3.9e-05
0.019192 3.2e-05
0.018847 3.4e-05
0.017479 3.8e-05
0.018208 3.8e-05
0.016928 3.2e-05
0.016731 1.9e-05
0.017388 2.1e-05
0.018776 3.6e-05
0.016572 3.5e-05
0.017459 3.6e-05
0.018295 3.5e-05
0.017793 3.7e-05
0.016869 3.5e-05
0.018388 2.4e-05
0.021737 2.7e-05
0.02417 3.8e-05
0.017567 3.5e-05
0.017476 2.3e-05
0.016897 3.3e-05
0.018364 2.8e-05
0.017726 3e-05
0.017588 3.6e-05
0.017458 2e-05
0.018785 3.5e-05
0.017805 1.9e-05
0.016676 3.9e-05
0.022952 3.7e-05
0.016689 2.8e-05
0.017592 3.8e-05
0.016695 3.1e-05
0.016189 2.6e-05
0.017464 3e-05
0.016646 3.9e-05
0.017419 3.5e-05
0.019829 2.4e-05
0.020265 2e-05
0.016632 4.1e-05
0.017381 3.9e-05
0.017385 4e-05
0.017495 3.4e-05
0.017976 3.3e-05
0.0159 2.1e-05
0.021761 4.1e-05
0.019668 3e-05
0.017441 1.5e-05
0.024529 4.3e-05
0.023574 5.2e-05
0.021456 3.6e-05
0.016679 3.6e-05
0.017389 7e-05
0.017435 3.5e-05
0.01736 3.7e-05
0.018932 5.8e-05
0.018848 3.8e-05
0.020868 4.2e-05
0.017546 1.9e-05
0.017486 2e-05
0.01829 3.7e-05
0.017321 2.7e-05
0.021643 5.1e-05
0.023859 3e-05
0.023778 2.3e-05
0.023736 5.8e-05
0.02551 2.5e-05
0.017582 5.7e-05
0.024246 4.3e-05
0.018027 3.7e-05
0.017841 3.5e-05
0.018725 2.7e-05
0.017421 3.6e-05
0.017459 3.7e-05
0.017657 3.7e-05
0.016711 3.3e-05
0.018661 2.3e-05
0.017461 3.5e-05
0.018735 2.8e-05
0.018781 3.7e-05
0.016704 1.7e-05
0.017573 2e-05
0.017772 2.7e-05
0.017816 3.3e-05
0.016686 3.6e-05
0.018637 3.9e-05
0.020442 3.5e-05
0.017462 3.5e-05
0.017347 3.1e-05
0.018682 2.6e-05
0.017431 3.7e-05
0.016605 3.8e-05
0.018707 2.6e-05
0.017272 3.5e-05
0.017773 3.3e-05
0.016523 3.8e-05
0.017359 3.4e-05
0.0183 3.4e-05
0.021337 3.2e-05
0.017337 3.3e-05
0.018726 5e-05
0.01879 2.4e-05
0.020112 3.4e-05
0.017407 2.9e-05
0.017389 3.5e-05
0.018432 3.5e-05
0.017208 2.3e-05
0.017312 3.7e-05
0.017422 3.1e-05
0.016825 3.4e-05
0.019358 3.5e-05
0.017389 2e-05
0.0174 3.6e-05
0.018078 3.5e-05
0.021585 3.4e-05
0.017337 3e-05
0.018695 3.5e-05
0.022255 3.8e-05
0.020935 4e-05
0.0178 2.9e-05
0.017362 2.2e-05
0.022656 2.6e-05
0.021077 4.3e-05
0.01771 2.4e-05
0.017667 1.8e-05
0.018666 3.6e-05
0.018706 3.7e-05
0.017348 3e-05
0.016189 2.7e-05
0.017293 4e-05
0.018707 3.5e-05
0.017467 3.4e-05
0.017788 3.3e-05
0.017323 2.7e-05
0.015823 3.6e-05
0.017822 2.5e-05
0.01776 2.1e-05
0.018801 3.3e-05
0.016626 2e-05
0.017672 4e-05
0.017392 3.9e-05
0.018086 1.9e-05
0.017766 3.3e-05
0.017912 3.6e-05
0.018755 3.4e-05
0.014906 2.3e-05
0.017366 4.2e-05
0.016656 3.3e-05
0.017721 1.9e-05
0.017388 3.7e-05
0.017311 3.5e-05
0.018855 3.7e-05
0.017504 4e-05
0.018698 3.3e-05
0.017379 3.4e-05
0.017421 3.4e-05
0.017728 1.5e-05
0.018731 3.9e-05
0.017388 3e-05
0.019441 3.5e-05
0.018052 3.7e-05
0.017313 3.1e-05
0.017427 3.5e-05
0.01744 2e-05
0.01671 1.8e-05
0.016643 3.2e-05
0.018699 3.5e-05
0.017323 3.4e-05
0.018764 3.3e-05
0.016737 4e-05
0.016646 3.8e-05
0.017713 2e-05
0.018708 2.9e-05
0.017403 3.6e-05
0.017474 3.5e-05
0.017333 3.3e-05
0.017694 3.1e-05
0.01745 3.5e-05
0.017463 2.3e-05
0.016682 3.6e-05
0.018772 2.8e-05
0.017378 3.6e-05
0.017725 3.8e-05
0.017814 2.7e-05
0.016564 2.2e-05
0.017374 3.9e-05
0.01882 3e-05
0.01777 3.3e-05
0.018774 3.8e-05
0.017436 3.5e-05
0.017408 2.5e-05
0.016754 3.6e-05
0.016654 2.7e-05
0.017779 3.7e-05
0.017383 3.7e-05
0.016198 3.6e-05
0.017347 3.4e-05
0.020263 2.9e-05
0.023292 3.4e-05
0.016586 2.2e-05
0.017389 2.4e-05
0.017875 3.5e-05
0.017694 3.8e-05
0.017644 3.5e-05
0.017323 3.2e-05
0.018763 3.3e-05
0.017426 3.7e-05
0.018695 4.2e-05
0.01734 3.5e-05
0.017419 3.2e-05
0.01733 3.5e-05
0.017799 3.2e-05
0.018341 3e-05
0.022397 3.6e-05
0.017342 3.6e-05
0.018057 3.4e-05
0.01873 2.4e-05
0.017029 2.3e-05
0.017413 3.6e-05
0.017306 2.3e-05
0.01867 3.4e-05
0.017846 3.3e-05
0.017484 2.6e-05
0.016709 3.5e-05
0.01785 3.1e-05
0.017391 3.1e-05
0.01876 3.3e-05
0.018661 3.6e-05
0.018719 1.6e-05
0.018769 3.5e-05
0.019549 3e-05
0.017319 3.4e-05
0.017366 4.2e-05
0.021712 2.4e-05
0.017933 5.5e-05
0.018496 3.8e-05
0.017759 3.4e-05
0.017458 3.3e-05
0.017323 3.6e-05
0.017937 6.3e-05
0.017352 3.8e-05
0.017845 3.3e-05
0.018692 3.2e-05
0.017369 3.5e-05
0.018259 3.5e-05
0.015081 3.7e-05
0.017228 3.5e-05
0.017355 3.5e-05
0.016594 3.8e-05
0.018714 3.4e-05
0.018499 3.5e-05
0.01736 2.8e-05
0.017381 3.8e-05
0.017452 3.4e-05
0.01777 2.8e-05
0.016653 3.2e-05
0.017298 2.9e-05
0.017386 2.5e-05
0.017865 3.9e-05
0.017363 1.9e-05
0.018856 3.1e-05
0.01766 3.6e-05
0.016775 2.9e-05
0.017414 3.8e-05
0.018713 3.5e-05
0.017844 2.7e-05
0.017371 3.5e-05
0.017719 3.2e-05
0.018729 3.3e-05
0.017533 3.8e-05
0.016626 2.7e-05
0.017364 3.6e-05
0.017377 3.4e-05
0.017474 2.2e-05
0.020733 3.6e-05
0.017334 3.5e-05
0.01732 3.1e-05
0.021019 3.5e-05
0.017454 3.4e-05
0.018733 1.1e-05
0.019001 1.8e-05
0.018945 3.6e-05
0.018806 2e-05
0.017617 2.9e-05
0.018845 2.5e-05
0.017384 3.5e-05
0.017778 3.4e-05
0.017354 1.8e-05
0.017863 3.3e-05
0.018767 3.9e-05
0.01743 3.7e-05
0.017943 3.7e-05
0.017402 3.5e-05
0.018754 2.5e-05
0.017428 3.1e-05
0.018682 4e-05
0.016702 2.1e-05
0.018794 3.6e-05
0.018727 3.7e-05
0.017147 3.7e-05
0.017405 2e-05
0.016667 3.5e-05
0.017762 3.2e-05
0.016707 4.2e-05
0.019367 3.6e-05
0.018255 3.3e-05
0.017367 2.8e-05
0.018783 3e-05
0.019269 4e-05
0.022666 3.2e-05
0.017407 4e-05
0.016625 3.6e-05
0.018777 3.5e-05
0.018049 4.9e-05
0.024408 5e-05
0.02349 3.3e-05
0.017364 2.1e-05
0.016731 3e-05
0.017403 3.7e-05
0.017582 3.2e-05
0.0191 3.6e-05
0.017585 3.7e-05
0.016717 3.4e-05
0.017396 3.8e-05
0.017752 5.5e-05
0.02057 2.2e-05
0.020076 3.7e-05
0.015687 2.8e-05
0.017914 3e-05
0.016793 2.2e-05
0.01739 3.5e-05
0.02653 5.1e-05
0.016337 7.2e-05
0.016716 4.3e-05
0.01737 2.5e-05
0.018772 2.9e-05
0.020746 3.4e-05
0.022007 3.7e-05
0.017318 3.8e-05
0.018854 3.7e-05
0.020679 3.5e-05
0.019968 3.4e-05
0.018724 3.3e-05
0.016395 3.7e-05
0.022286 3.5e-05
0.020139 2.2e-05
0.017782 3.7e-05
0.017359 4e-05
0.020202 3.8e-05
0.02194 3.8e-05
0.017415 3.3e-05
0.018341 5.8e-05
0.021774 3.8e-05
0.018513 3.9e-05
0.017499 3.6e-05
0.016776 3.9e-05
0.017499 3.1e-05
0.018883 2.1e-05
0.021517 5.8e-05
0.019611 3.8e-05
0.019846 3.2e-05
0.017473 3.6e-05
0.017596 3.7e-05
0.017882 4.4e-05
0.025406 4.4e-05
0.017578 3.6e-05
0.017589 3.8e-05
0.017904 3.6e-05
0.01789 2.6e-05
0.02031 2.6e-05
0.020046 1.9e-05
0.017385 1.9e-05
0.01915 2e-05
0.017217 3.8e-05
0.017162 1.9e-05
0.017823 3.2e-05
0.019411 5.1e-05
0.016819 3.5e-05
0.018739 2.6e-05
0.018851 3.4e-05
0.018797 5.3e-05
0.017833 3.7e-05
0.017413 2.6e-05
0.017009 3.5e-05
0.021702 2.2e-05
0.017099 3.7e-05
0.017363 3.4e-05
0.01759 3.9e-05
0.017015 4e-05
0.017649 3.8e-05
0.017437 3.3e-05
0.016619 2.9e-05
0.01878 4.7e-05
0.017467 3.6e-05
0.017422 3.6e-05
0.01669 3.4e-05
0.017375 3.7e-05
0.017547 3.6e-05
0.018303 3.6e-05
0.017338 3.6e-05
0.019005 3.5e-05
0.017753 2.3e-05
0.017174 2.6e-05
0.018751 2.8e-05
0.018083 3.8e-05
0.017482 2.3e-05
0.016607 3.7e-05
0.017417 3.6e-05
0.018285 3.8e-05
0.017652 3.2e-05
0.017901 2.5e-05
0.017365 2.9e-05
0.01741 2.9e-05
0.017746 3.8e-05
0.018781 3.6e-05
0.01734 3.7e-05
0.020173 3.7e-05
0.01997 3.6e-05
0.017391 2.7e-05
0.017776 2.3e-05
0.017691 3.9e-05
0.021182 5.3e-05
0.024573 4e-05
0.022051 3e-05
0.020188 4e-05
0.016666 3.6e-05
0.01674 1.6e-05
0.01741 2.2e-05
0.021992 2.5e-05
0.016885 3.2e-05
0.019382 3.6e-05
0.017474 3.6e-05
0.01841 3.7e-05
0.017442 3.4e-05
0.018228 3.6e-05
0.017785 2e-05
0.016734 3e-05
0.017337 3.6e-05
0.01737 3.5e-05
0.018362 3.2e-05
0.018555 3.5e-05
0.017953 2.2e-05
0.017369 2.3e-05
0.018739 2.9e-05
0.021907 3.6e-05
0.017319 2.8e-05
0.019255 3.7e-05
0.017419 2.9e-05
0.017416 2e-05
0.017438 2.2e-05
0.017749 2.5e-05
0.016642 3.5e-05
0.017509 1.9e-05
0.017394 2.4e-05
0.017932 2.1e-05
0.017392 2.1e-05
0.017384 6.1e-05
0.017437 3.5e-05
0.01795 3.4e-05
0.017322 3.5e-05
0.016804 3.7e-05
0.017897 3.4e-05
0.017554 4e-05
0.024134 3.2e-05
0.01671 3.7e-05
0.017335 2.8e-05
0.018781 2.1e-05
0.017341 3.6e-05
0.016677 3.3e-05
0.017477 3.9e-05
0.017734 2.9e-05
0.017593 3.6e-05
0.020465 3.3e-05
0.017542 3.2e-05
0.018827 3.5e-05
0.01742 2.3e-05
0.01755 3.5e-05
0.01669 3.5e-05
0.018737 2.6e-05
0.016742 3.6e-05
0.023817 3.7e-05
0.019535 3.9e-05
0.017223 2.7e-05
0.020918 3.5e-05
0.017491 4.4e-05
0.017777 2.5e-05
0.016991 3.3e-05
0.021361 3.3e-05
0.017617 3.9e-05
0.016344 3.9e-05
0.018032 4.1e-05
0.016732 3.4e-05
0.017329 3.5e-05
0.017411 2.1e-05
0.018878 3.2e-05
0.017446 3.7e-05
0.019593 3.9e-05
0.016685 3.5e-05
0.017854 3.5e-05
0.017543 4e-05
0.017211 3.6e-05
0.017415 4.2e-05
0.017772 3.6e-05
0.021736 2.9e-05
0.017976 6.3e-05
0.016805 4.6e-05
0.017454 1.6e-05
0.022725 3.4e-05
0.023159 4.8e-05
0.017416 2.5e-05
0.01741 4.5e-05
0.017429 3.5e-05
0.022989 6.3e-05
0.019923 3.7e-05
0.017504 2.2e-05
0.020246 2.9e-05
0.022811 3.8e-05
0.017058 4e-05
0.017366 5e-05
0.017825 3.4e-05
0.017959 3e-05
0.017275 2.6e-05
0.018741 3.7e-05
0.018624 2.6e-05
0.018201 3.7e-05
0.016705 1.9e-05
0.017522 3.4e-05
0.017386 3.8e-05
0.0194 3.8e-05
0.019253 3.5e-05
0.018438 3.7e-05
0.017391 4e-05
0.0175 3.2e-05
0.017992 2.7e-05
0.016901 3.5e-05
0.017377 3.7e-05
0.018557 2.4e-05
0.017345 2.7e-05
0.017018 4.1e-05
0.024215 2.4e-05
0.017782 3.3e-05
0.017393 3.8e-05
0.018866 3.3e-05
0.016588 3e-05
0.019244 4.1e-05
0.017395 1.9e-05
0.018087 3.7e-05
0.020553 2.4e-05
0.017428 4.8e-05
0.018183 3.8e-05
0.017448 3.6e-05
0.017297 2.5e-05
0.019846 3e-05
0.017333 3.4e-05
0.015155 3.6e-05
0.018424 2.6e-05
0.019181 2.5e-05
0.019676 2.3e-05
0.018098 2.9e-05
0.017402 4.7e-05
0.018599 3.2e-05
0.017465 2.6e-05
0.017411 3.3e-05
0.017392 1.9e-05
0.019102 3.2e-05
0.015369 3.3e-05
0.022438 3.4e-05
0.020576 3.9e-05
0.017691 3.8e-05
0.017524 2e-05
0.017503 5.1e-05
0.01743 3.4e-05
0.024422 4.9e-05
0.017352 3.4e-05
0.017297 2e-05
0.017371 4.7e-05
0.016738 3.2e-05
0.017461 1.8e-05
0.017998 3.8e-05
0.016669 3.8e-05
0.018879 1.8e-05
0.018249 3.6e-05
0.017354 3.7e-05
0.020388 1.3e-05
0.017431 3.5e-05
0.017358 3.1e-05
0.01996 3.5e-05
0.017074 3.9e-05
0.017512 3.3e-05
0.017803 3.4e-05
0.018706 3.4e-05
0.016589 3.4e-05
0.017326 2.8e-05
0.0174 3.6e-05
0.017406 3.5e-05
0.019607 3.3e-05
0.020578 3.4e-05
0.018778 2.1e-05
0.0178 3.2e-05
0.018229 3.9e-05
0.019877 1.8e-05
0.016648 3.5e-05
0.017382 3e-05
0.018252 3.4e-05
0.019856 3.1e-05
0.017375 2e-05
0.017384 3.8e-05
0.018114 3.4e-05
0.019854 3.6e-05
0.017017 3.6e-05
0.017357 3.4e-05
0.020209 3.5e-05
0.019769 3.3e-05
0.018775 3.5e-05
0.017668 3e-05
0.019273 3.4e-05
0.017416 3.5e-05
0.01668 3.3e-05
0.017247 3.4e-05
0.01716 3.5e-05
0.017403 3.6e-05
0.017322 3.7e-05
0.016691 3.4e-05
0.01861 2.9e-05
0.020325 2.4e-05
0.016726 6.5e-05
0.017463 3.7e-05
0.018223 3.5e-05
0.017781 2.5e-05
0.017317 3.7e-05
0.017344 3.4e-05
0.017574 3.8e-05
0.020811 2e-05
0.016606 2e-05
0.018772 3.4e-05
0.016596 3.4e-05
0.017961 3.2e-05
0.017351 3.1e-05
0.017977 3.6e-05
0.017975 3.7e-05
0.019927 3.6e-05
0.018742 3.2e-05
0.017312 3.1e-05
0.019814 3.7e-05
0.018564 3.3e-05
0.016615 3.6e-05
0.017374 3.1e-05
0.017357 2e-05
0.015867 3.4e-05
0.017375 2.8e-05
0.016633 1.7e-05
0.017805 3.6e-05
0.018396 3.7e-05
0.017455 3.2e-05
0.017493 3.7e-05
0.018431 2.4e-05
0.017455 4.9e-05
0.024518 4.1e-05
0.024656 5e-05
0.016692 4.3e-05
0.017409 2.5e-05
0.01741 3.9e-05
0.018743 2.6e-05
0.017346 2e-05
0.016741 3.7e-05
0.017885 3.5e-05
0.020922 3.2e-05
0.018683 4e-05
0.01739 3.2e-05
0.01795 3e-05
0.018674 1.9e-05
0.018312 2.1e-05
0.018666 3.3e-05
0.01729 3.5e-05
0.016628 3.5e-05
0.016616 2.8e-05
0.017385 3.9e-05
0.017351 3.3e-05
0.01736 3.5e-05
0.016643 3.7e-05
0.015951 3.6e-05
0.017759 4e-05
0.017419 3.7e-05
0.019085 1.8e-05
0.017338 4.2e-05
0.018706 3.4e-05
0.01781 1.9e-05
0.018052 1.8e-05
0.017388 1.4e-05
0.018999 1.8e-05
0.017341 2.2e-05
0.017351 3.3e-05
0.01741 2.5e-05
0.017387 2.3e-05
0.017725 3.5e-05
0.017342 3.3e-05
0.017331 1.7e-05
0.017856 3.7e-05
0.016877 2.8e-05
0.019604 3.7e-05
0.01804 3.2e-05
0.016734 3.4e-05
0.01871 6e-05
0.017396 3.6e-05
0.017774 3.6e-05
0.017287 3.4e-05
0.018899 3.6e-05
0.01779 2.3e-05
0.016527 2.9e-05
0.017365 4.1e-05
0.017885 1.5e-05
0.016607 3.3e-05
0.017348 3.3e-05
0.017287 3.4e-05
0.017382 3.3e-05
0.017467 2.7e-05
0.017349 1.6e-05
0.017898 3.4e-05
0.017444 3.4e-05
0.015673 1.6e-05
0.017857 3.6e-05
0.017355 3.3e-05
0.017371 2.5e-05
0.015932 2.6e-05
0.013441 4.6e-05
0.01868 3.2e-05
0.016552 3.6e-05
0.016805 2.6e-05
0.016875 3.6e-05
0.018703 3.7e-05
0.017857 3.4e-05
0.021555 1.9e-05
0.018753 3.3e-05
0.017305 3.3e-05
0.020815 2.6e-05
0.021359 3.7e-05
0.018871 3.7e-05
0.01877 3.6e-05
0.02195 3.4e-05
0.018365 3.7e-05
0.019117 3.6e-05
0.016749 3.6e-05
0.021426 3.2e-05
0.017339 2e-05
0.017368 3.6e-05
0.017546 3.3e-05
0.018469 3.6e-05
0.018177 2.5e-05
0.016674 2.8e-05
0.017295 3.1e-05
0.016465 2.2e-05
0.018828 3.9e-05
0.018724 2.2e-05
0.019001 2.9e-05
0.020247 3.6e-05
0.017966 2.7e-05
0.01806 2.5e-05
0.017515 3.3e-05
0.016716 2.2e-05
0.018798 2.1e-05
0.016822 3.4e-05
0.01703 3.6e-05
0.018838 3.8e-05
0.018888 3.8e-05
0.018817 3.3e-05
0.017467 3.3e-05
0.016834 3.5e-05
0.017172 3.6e-05
0.017416 3.6e-05
0.018738 3.8e-05
0.017979 3.8e-05
0.018705 3.4e-05
0.017729 6.2e-05
0.018029 1.9e-05
0.018285 4e-05
0.017776 3.7e-05
0.01736 3.4e-05
0.016566 2.1e-05
0.016708 3.4e-05
0.01737 2.2e-05
0.017438 3.1e-05
0.017328 3.1e-05
0.017607 3.9e-05
0.018219 3.3e-05
0.018035 3.3e-05
0.017479 3.8e-05
0.017471 3.1e-05
0.02002 3.6e-05
0.017319 1.9e-05
0.015982 3.7e-05
0.017426 4.2e-05
0.021446 3.4e-05
0.017426 2.4e-05
0.017293 3.6e-05
0.020607 3.5e-05
0.02193 3.7e-05
0.016862 2.7e-05
0.017824 3.1e-05
0.020319 3.4e-05
0.020487 3.4e-05
0.015607 3.7e-05
0.016687 3.4e-05
0.018749 3.6e-05
0.02063 3.4e-05
0.017331 3.4e-05
0.016617 2.6e-05
0.0186 3.9e-05
0.019969 3.6e-05
0.018289 3.2e-05
0.018383 1.4e-05
0.017372 3.7e-05
0.018224 3.7e-05
0.018754 3.8e-05
0.018787 4.4e-05
0.01934 5.2e-05
0.022415 2.3e-05
0.017706 3.7e-05
0.01747 2.6e-05
0.017462 3.6e-05
0.018035 2.8e-05
0.017471 3.6e-05
0.021246 3.6e-05
0.02 1.9e-05
0.018303 3.7e-05
0.018802 3.9e-05
0.016683 2.7e-05
0.019906 3.1e-05
0.016725 3.9e-05
0.019446 4.2e-05
0.017553 5.5e-05
0.017979 4.7e-05
0.021431 2.3e-05
0.018751 3.8e-05
0.017496 2.6e-05
0.02011 3.8e-05
0.01952 3.5e-05
0.01869 3.7e-05
0.0174 3.3e-05
0.018746 3.1e-05
0.019996 3.5e-05
0.018712 2.5e-05
0.018704 3.4e-05
0.019956 3e-05
0.022863 4.9e-05
0.017396 3.1e-05
0.017702 3.5e-05
0.019878 3.6e-05
0.017107 1.5e-05
0.016602 2.9e-05
0.016048 3.4e-05
0.017429 3.5e-05
0.018742 3.2e-05
0.017402 2.8e-05
0.016681 1e-05
0.017365 3.7e-05
0.017016 3.9e-05
0.017976 2.5e-05
0.01742 3.4e-05
0.019696 3.6e-05
0.020498 3.3e-05
0.018626 3.9e-05
0.018747 4e-05
0.021459 3.4e-05
0.021328 3.3e-05
0.01738 3.6e-05
0.017866 3.9e-05
0.028463 3.5e-05
0.026634 3.5e-05
0.018743 3.4e-05
0.017829 2.5e-05
0.017362 4.5e-05
0.017337 3.5e-05
0.017493 2.6e-05
0.024604 8.8e-05
0.025118 2.5e-05
0.023463 2.9e-05
0.017923 3.9e-05
0.018884 3.3e-05
0.017812 3.2e-05
0.017546 3.4e-05
0.018871 3.6e-05
0.01674 3.9e-05
0.022252 2.9e-05
0.018765 3.5e-05
0.019929 3.3e-05
0.018173 3.7e-05
0.018416 2.4e-05
0.017723 3.5e-05
0.01753 3.5e-05
0.017387 3.3e-05
0.017517 3.8e-05
0.017729 4.1e-05
0.017378 3.7e-05
0.017403 2.9e-05
0.017584 3.1e-05
0.019159 3.2e-05
0.017438 3.4e-05
0.017938 3.4e-05
0.017946 2.8e-05
0.018293 4.1e-05
0.017996 3.6e-05
0.017322 2.3e-05
0.016967 3.4e-05
0.017797 3.4e-05
0.017617 3.9e-05
0.01738 3.6e-05
0.01763 3.7e-05
0.01967 4e-05
0.01952 3.6e-05
0.018543 3.6e-05
0.018719 3.6e-05
0.018803 3.6e-05
0.016766 3.5e-05
0.017389 3.6e-05
0.01985 3.8e-05
0.018813 3.6e-05
0.02225 2.7e-05
0.017774 3.7e-05
0.017489 2.7e-05
0.017848 3.5e-05
0.017784 3.9e-05
0.019865 4e-05
0.021102 3.6e-05
0.018914 3.3e-05
0.017849 4e-05
0.017402 2.2e-05
0.019551 2.2e-05
0.020928 3.6e-05
0.016659 3.6e-05
0.017472 3.4e-05
0.019146 3.5e-05
0.022 2.9e-05
0.021633 4.2e-05
0.0211 2.6e-05
0.022872 4.9e-05
0.021246 4.5e-05
0.021268 2.7e-05
0.022827 4.1e-05
0.021212 4.3e-05
0.017045 3.7e-05
0.022385 4.6e-05
0.020316 3.1e-05
0.021191 4e-05
0.02116 4.8e-05
0.021926 4.3e-05
0.020335 4.3e-05
0.021212 4.3e-05
0.021196 4.2e-05
0.019235 1.6e-05
0.021456 4.4e-05
0.021228 4.6e-05
0.020351 4.1e-05
0.021109 4.2e-05
0.020846 4.2e-05
0.023493 4.8e-05
0.021246 4.4e-05
0.02124 4.2e-05
0.0211 4.5e-05
0.021272 4.7e-05
0.020411 4.4e-05
0.020243 3.6e-05
0.021187 3.1e-05
0.019098 4.5e-05
0.022158 2.3e-05
0.021206 3.7e-05
0.021174 4.5e-05
0.021979 3.7e-05
0.021306 4.5e-05
0.021181 4.4e-05
0.020327 4.5e-05
0.021328 3.3e-05
0.017878 5.1e-05
0.021609 4.4e-05
0.020418 3.8e-05
0.021215 3.7e-05
0.021102 4.3e-05
0.021248 4.7e-05
