0.001023 1e-06

0.001011 1e-06

0.001013 1e-06

0.001013 1e-06

0.001016 1e-06

0.001045 2e-06

0.001013 1e-06

0.001094 1e-06

0.001043 1e-06

0.001068 1e-06

0.001011 1e-06

0.001013 1e-06

0.001037 1e-06

0.001078 1e-06

0.001011 2e-06

0.001014 1e-06

0.001072 1e-06

0.001018 1e-06

0.001027 1e-06

0.001043 2e-06

0.00109 1e-06

0.00102 1e-06

0.001054 1e-06

0.001015 1e-06

0.001098 1e-06

0.001014 1e-06

0.001013 2e-06

0.001068 1e-06

0.001013 1e-06

0.001045 1e-06

0.001015 1e-06

0.001074 2e-06

0.001047 1e-06

0.001047 1e-06

0.001015 1e-06

0.001016 1e-06

0.001016 1e-06

0.001014 1e-06

0.001039 1e-06

0.001016 2e-06

0.001014 1e-06

0.001032 1e-06

0.001077 1e-06

0.001042 1e-06

0.001043 2e-06

0.00104 2e-06

0.001036 1e-06

0.001038 1e-06

0.001034 1e-06

0.001037 2e-06

0.001103 1e-06

0.001034 1e-06

0.001062 1e-06

0.001074 1e-06

0.001157 1e-06

0.001047 1e-06

0.001036 1e-06

0.001021 1e-06

0.001043 1e-06

0.001028 1e-06

0.001013 1e-06

0.001016 1e-06

0.001013 1e-06

0.001038 1e-06

0.001035 2e-06

0.001109 2e-06

0.001012 1e-06

0.001016 1e-06

0.001025 1e-06

0.001042 1e-06

0.001046 1e-06

0.001075 1e-06

0.00101 1e-06

0.001071 1e-06

0.001059 1e-06

0.001018 1e-06

0.001013 1e-06

0.001092 2e-06

0.001098 1e-06

0.001132 1e-06

0.001015 2e-06

0.001015 1e-06

0.001063 1e-06

0.001072 1e-06

0.001073 1e-06

0.001077 1e-06

0.001083 1e-06

0.001015 1e-06

0.001016 1e-06

0.00109 1e-06

0.00101 1e-06

0.00102 1e-06

0.001145 1e-06

0.001014 1e-06

0.001059 1e-06

0.001029 1e-06

0.001018 1e-06

0.001047 1e-06

0.001066 1e-06

0.001096 1e-06

0.001041 1e-06

0.001021 1e-06

0.001014 1e-06

0.001018 1e-06

0.001031 1e-06

0.001015 1e-06

0.001015 1e-06

0.001072 2e-06

0.001078 2e-06

0.001107 1e-06

0.00106 2e-06

0.001047 1e-06

0.001036 1e-06

0.00106 2e-06

0.001039 3e-06

0.001055 2e-06

0.001035 2e-06

0.001039 2e-06

0.001083 2e-06

0.001053 1e-06

0.001095 1e-06

0.001016 1e-06

0.001119 1e-06

0.001082 1e-06

0.001052 0

0.001049 1e-06

0.001091 1e-06

0.001042 1e-06

0.001013 1e-06

0.001016 1e-06

0.001018 1e-06

0.001108 2e-06

0.001013 1e-06

0.001013 2e-06

0.00104 1e-06

0.001078 1e-06

0.001069 1e-06

0.00104 1e-06

0.001084 1e-06

0.001037 1e-06

0.00107 1e-06

0.001092 2e-06

0.001039 0

0.001038 1e-06

0.001039 0

0.001013 1e-06

0.001015 0

0.001045 1e-06

0.001051 1e-06

0.001117 1e-06

0.001053 1e-06

0.001022 1e-06

0.001017 1e-06

0.001045 1e-06

0.001009 1e-06

0.001016 1e-06

0.001011 0

0.00111 1e-06

0.001047 1e-06

0.001043 1e-06

0.001096 1e-06

0.00106 1e-06

0.001046 1e-06

0.001043 1e-06

0.001042 2e-06

0.001066 1e-06

0.00101 1e-06

0.00101 1e-06

0.001012 1e-06

0.001062 0

0.001011 1e-06

0.001021 0

0.001057 1e-06

0.001038 1e-06

0.001044 1e-06

0.001047 1e-06

0.001074 1e-06

0.001038 1e-06

0.001037 1e-06

0.001033 1e-06

0.001011 1e-06

0.001064 1e-06

0.001037 1e-06

0.001015 1e-06

0.001008 1e-06

0.001018 1e-06

0.001078 0

0.001047 1e-06

0.001042 1e-06

0.001016 3e-06

0.001385 2e-06

0.00106 2e-06

0.001049 1e-06

0.001093 1e-06

0.001054 1e-06

0.001042 2e-06

0.001039 1e-06

0.001039 1e-06

0.001032 1e-06

0.001083 2e-06

0.00104 1e-06

0.001041 1e-06

0.001034 1e-06

0.001055 2e-06

0.001043 1e-06

0.001052 1e-06

0.001042 2e-06

0.001086 1e-06

0.001049 2e-06

0.001044 1e-06

0.001038 1e-06

0.00104 1e-06

0.001163 1e-06

0.001038 1e-06

0.001044 1e-06

0.001043 1e-06

0.001038 1e-06

0.001042 2e-06

0.001042 1e-06

0.001055 1e-06

0.001012 1e-06

0.001033 1e-06

0.001072 1e-06

0.001017 1e-06

0.001017 1e-06

0.001018 1e-06

0.001014 1e-06

0.001013 0

0.001008 0

0.001094 1e-06

0.001066 2e-06

0.00108 0

0.001013 1e-06

0.001064 0

0.001066 1e-06

0.001021 1e-06

0.001011 1e-06

0.001015 1e-06

0.001015 1e-06

0.001063 1e-06

0.001014 1e-06

0.001017 1e-06

0.001049 1e-06

0.001097 1e-06

0.001062 1e-06

0.001015 1e-06

0.001014 1e-06

0.001096 1e-06

0.001013 1e-06

0.001014 1e-06

0.001015 0

0.001014 1e-06

0.00101 1e-06

0.00102 1e-06

0.001015 1e-06

0.001046 1e-06

0.001041 1e-06

0.001066 1e-06

0.001012 1e-06

0.001022 1e-06

0.001062 1e-06

0.001016 1e-06

0.001028 1e-06

0.00102 2e-06

0.001011 1e-06

0.001044 1e-06

0.001016 1e-06

0.001052 2e-06

0.001012 1e-06

0.001045 1e-06

0.001017 1e-06

0.001066 1e-06

0.001082 3e-06

0.00127 2e-06

0.001044 1e-06

0.001047 1e-06

0.001063 2e-06

0.00105 2e-06

0.001035 1e-06

0.00104 1e-06

0.001111 2e-06

0.001104 1e-06

0.001056 1e-06

0.001056 1e-06

0.001012 1e-06

0.001017 0

0.001015 1e-06

0.001017 1e-06

0.001009 1e-06

0.00104 1e-06

0.001092 1e-06

0.001014 1e-06

0.001015 0

0.001028 1e-06

0.001123 1e-06

0.001065 1e-06

0.001016 1e-06

0.001018 1e-06

0.001084 1e-06

0.00104 1e-06

0.001013 1e-06

0.001013 1e-06

0.001132 2e-06

0.001038 1e-06

0.001038 1e-06

0.001017 1e-06

0.001012 1e-06

0.001062 1e-06

0.001014 1e-06

0.001016 1e-06

0.001016 1e-06

0.00106 2e-06

0.001015 1e-06

0.001012 1e-06

0.001056 1e-06

0.001068 1e-06

0.001026 1e-06

0.00102 1e-06

0.001019 1e-06

0.001058 1e-06

0.001045 1e-06

0.001091 1e-06

0.001019 1e-06

0.001043 1e-06

0.00104 1e-06

0.001099 1e-06

0.001011 1e-06

0.001043 0

0.001043 1e-06

0.001015 1e-06

0.001064 1e-06

0.001051 1e-06

0.001045 2e-06

0.001045 2e-06

0.00106 1e-06

0.00107 1e-06

0.001047 1e-06

0.001019 1e-06

0.001019 1e-06

0.001093 1e-06

0.001017 1e-06

0.00103 2e-06

0.001034 0

0.001075 1e-06

0.00105 1e-06

0.00105 1e-06

0.001045 2e-06

0.001016 2e-06

0.001061 1e-06

0.001062 1e-06

0.001047 2e-06

0.001045 1e-06

0.001046 1e-06

0.001084 1e-06

0.001345 2e-06

0.001365 2e-06

0.001321 2e-06

0.001317 2e-06

0.00114 3e-06

0.001117 3e-06

0.001121 1e-06

0.001063 1e-06

0.001043 1e-06

0.001044 1e-06

0.001082 1e-06

0.001021 1e-06

0.001026 1e-06

0.001016 1e-06

0.001023 1e-06

0.001025 1e-06

0.001084 1e-06

0.001048 1e-06

0.001015 1e-06

0.001016 1e-06

0.00101 1e-06

0.001017 1e-06

0.001039 1e-06

0.001024 2e-06

0.001015 1e-06

0.001016 1e-06

0.00101 1e-06

0.001048 1e-06

0.001045 1e-06

0.001073 1e-06

0.001018 1e-06

0.001027 1e-06

0.001013 1e-06

0.001014 1e-06

0.00101 1e-06

0.00106 1e-06

0.001016 0

0.001046 1e-06

0.001015 1e-06

0.001043 1e-06

0.001044 1e-06

0.001051 1e-06

0.001027 1e-06

0.001018 1e-06

0.001038 0

0.001019 1e-06

0.001073 1e-06

0.001014 1e-06

0.00106 1e-06

0.001023 1e-06

0.001015 1e-06

0.001078 1e-06

0.001048 1e-06

0.001083 1e-06

0.001012 1e-06

0.00103 1e-06

0.001062 1e-06

0.001012 1e-06

0.001062 1e-06

0.001067 0

0.001013 1e-06

0.001017 1e-06

0.001013 1e-06

0.001049 1e-06

0.001044 1e-06

0.001045 1e-06

0.001077 1e-06

0.001064 1e-06

0.001032 0

0.001013 1e-06

0.001016 1e-06

0.001046 1e-06

0.001015 1e-06

0.001018 1e-06

0.001101 1e-06

0.001062 0

0.001043 1e-06

0.001087 1e-06

0.001032 1e-06

0.00102 1e-06

0.001075 2e-06

0.001044 1e-06

0.001038 1e-06

0.001043 1e-06

0.001043 2e-06

0.001044 1e-06

0.00104 1e-06

0.001099 1e-06

0.001043 1e-06

0.001057 2e-06

0.001034 1e-06

0.001079 1e-06

0.001044 2e-06

0.001013 1e-06

0.001012 0

0.001016 2e-06

0.001149 1e-06

0.001013 1e-06

0.001013 1e-06

0.001097 1e-06

0.001049 1e-06

0.001048 1e-06

0.001017 0

0.001017 1e-06

0.001035 2e-06

0.001029 0

0.001017 1e-06

0.001016 1e-06

0.001015 1e-06

0.001016 1e-06

0.001045 1e-06

0.001048 1e-06

0.001019 1e-06

0.001064 1e-06

0.00101 1e-06

0.001058 1e-06

0.001014 0

0.001015 1e-06

0.001042 0

0.001026 1e-06

0.001035 1e-06

0.001046 1e-06

0.001098 1e-06

0.001059 1e-06

0.001025 2e-06

0.001015 1e-06

0.001015 1e-06

0.001018 1e-06

0.001074 1e-06

0.001016 1e-06

0.00106 1e-06

0.001068 1e-06

0.001043 0

0.001048 1e-06

0.00102 1e-06

0.001071 2e-06

0.001017 0

0.001037 1e-06

0.001014 1e-06

0.001016 1e-06

0.001011 0

0.001021 1e-06

0.00101 1e-06

0.001058 1e-06

0.001089 1e-06

0.001017 0

0.001014 1e-06

0.001044 1e-06

0.001065 1e-06

0.001065 1e-06

0.001046 1e-06

0.001016 1e-06

0.00106 1e-06

0.001015 0

0.001093 1e-06

0.001015 1e-06

0.001041 1e-06

0.001093 1e-06

0.001047 1e-06

0.001044 0

0.001032 2e-06

0.001022 1e-06

0.001017 1e-06

0.001018 1e-06

0.001014 1e-06

0.001046 1e-06

0.001055 0

0.001018 1e-06

0.001017 1e-06

0.001056 1e-06

0.001018 1e-06

0.001021 0

0.001018 1e-06

0.001042 1e-06

0.001014 1e-06

0.00101 1e-06

0.001009 0

0.001019 1e-06

0.001071 1e-06

0.001072 1e-06

0.001015 1e-06

0.001015 1e-06

0.001008 1e-06

0.001028 1e-06

0.001009 1e-06

0.001022 1e-06

0.001058 1e-06

0.001083 2e-06

0.001077 1e-06

0.001046 1e-06

0.001042 1e-06

0.001019 1e-06

0.001029 1e-06

0.001017 1e-06

0.001039 2e-06

0.001067 1e-06

0.001016 1e-06

0.001015 1e-06

0.001045 1e-06

0.001023 1e-06

0.001063 1e-06

0.001011 1e-06

0.001047 0

0.001015 1e-06

0.001018 1e-06

0.00102 1e-06

0.001027 1e-06

0.001046 1e-06

0.00101 1e-06

0.001154 1e-06

0.00102 1e-06

0.00102 1e-06

0.001013 1e-06

0.001012 1e-06

0.00101 1e-06

0.001033 1e-06

0.001044 1e-06

0.001013 1e-06

0.001012 1e-06

0.001023 1e-06

0.001014 1e-06

0.001048 0

0.001009 1e-06

0.001015 1e-06

0.001016 1e-06

0.001046 1e-06

0.001065 1e-06

0.001017 1e-06

0.001014 1e-06

0.00103 1e-06

0.001051 1e-06

0.00102 1e-06

0.001017 1e-06

0.001016 1e-06

0.001038 1e-06

0.001058 1e-06

0.001015 1e-06

0.001016 2e-06

0.001015 1e-06

0.00101 2e-06

0.001065 1e-06

0.001023 1e-06

0.001116 1e-06

0.001043 1e-06

0.001013 1e-06

0.001014 0

0.001061 1e-06

0.001013 1e-06

0.001016 1e-06

0.001019 1e-06

0.001071 1e-06

0.001017 1e-06

0.001031 1e-06

0.00101 1e-06

0.001012 1e-06

0.001056 1e-06

0.001044 1e-06

0.001017 1e-06

0.001014 0

0.001012 1e-06

0.001009 1e-06

0.001037 1e-06

0.00106 1e-06

0.001065 2e-06

0.001016 1e-06

0.001015 1e-06

0.001011 0

0.001065 1e-06

0.001237 2e-06

0.001017 1e-06

0.001014 1e-06

0.001075 1e-06

0.001009 1e-06

0.001015 1e-06

0.001074 0

0.001096 1e-06

0.001022 1e-06

0.001014 1e-06

0.001018 1e-06

0.001017 1e-06

0.001053 1e-06

0.001017 1e-06

0.001011 1e-06

0.001018 0

0.001027 1e-06

0.001078 1e-06

0.001019 1e-06

0.001052 1e-06

0.001028 1e-06

0.001011 1e-06

0.001009 0

0.001068 1e-06

0.001041 1e-06

0.001018 1e-06

0.001011 1e-06

0.001016 1e-06

0.001045 1e-06

0.001014 1e-06

0.001014 0

0.001093 1e-06

0.001011 1e-06

0.001019 1e-06

0.00102 1e-06

0.001016 1e-06

0.001009 0

0.001088 1e-06

0.001018 0

0.001062 1e-06

0.001041 1e-06

0.001012 1e-06

0.001015 1e-06

0.00104 1e-06

0.001014 1e-06

0.001016 0

0.001012 2e-06

0.001017 1e-06

0.001097 1e-06

0.001054 1e-06

0.001044 1e-06

0.001045 1e-06

0.001015 1e-06

0.001023 1e-06

0.001012 1e-06

0.001017 1e-06

0.001014 1e-06

0.001013 1e-06

0.001012 1.6e-05

0.001043 1e-06

0.001021 1e-06

0.001022 1e-06

0.001035 1e-06

0.001064 1e-06

0.001016 1e-06

0.001019 1e-06

0.001015 1e-06

0.001017 1e-06

0.001042 1e-06

0.001016 0

0.001098 1e-06

0.001031 1e-06

0.001042 1e-06

0.001017 1e-06

0.001017 0

0.001014 1e-06

0.00103 1e-06

0.001018 2e-06

0.001009 1e-06

0.001066 1e-06

0.001083 1e-06

0.001019 1e-06

0.001019 1e-06

0.001017 1e-06

0.001013 1e-06

0.001033 1e-06

0.001039 1e-06

0.001015 1e-06

0.001013 1e-06

0.001019 2e-06

0.001011 1e-06

0.001022 2e-06

0.001015 1e-06

0.00102 1e-06

0.001006 1e-06

0.001015 1e-06

0.00105 1e-06

0.001014 1e-06

0.001016 1e-06

0.001039 1e-06

0.001071 1e-06

0.001014 1e-06

0.00106 1e-06

0.001014 1e-06

0.001014 1e-06

0.001016 1e-06

0.001011 1e-06

0.001013 1e-06

0.001051 1e-06

0.001014 1e-06

0.001056 1e-06

0.001017 1e-06

0.001043 2e-06

0.00107 1e-06

0.001039 1e-06

0.001014 1e-06

0.001012 1e-06

0.001044 1e-06

0.001012 0

0.001019 1e-06

0.001012 1e-06

0.001053 1e-06

0.001056 1e-06

0.001017 1e-06

0.001016 1e-06

0.001016 1e-06

0.001044 1e-06

0.001012 1e-06

0.001054 1e-06

0.001068 1e-06

0.001012 1e-06

0.001035 0

0.001087 0

0.001019 0

0.001041 1e-06

0.001022 1e-06

0.001055 1e-06

0.001017 1e-06

0.00101 1e-06

0.001044 1e-06

0.00101 1e-06

0.001019 1e-06

0.001015 1e-06

0.00108 1e-06

0.001017 1e-06

0.00103 1e-06

0.001009 1e-06

0.001013 1e-06

0.001039 0

0.001061 0

0.001016 1e-06

0.001066 1e-06

0.001064 1e-06

0.001058 1e-06

0.001029 1e-06

0.001017 1e-06

0.001048 1e-06

0.001016 1e-06

0.001047 1e-06

0.001029 1e-06

0.001017 1e-06

0.001013 1e-06

0.001018 2e-06

0.001065 1e-06

0.001011 1e-06

0.001049 1e-06

0.001021 1e-06

0.001016 1e-06

0.001062 1e-06

0.001047 1e-06

0.001028 1e-06

0.001016 1e-06

0.001017 1e-06

0.001044 0

0.001011 1e-06

0.001063 1e-06

0.001067 1e-06

0.001034 1e-06

0.001013 1e-06

0.001042 1e-06

0.001015 1e-06

0.001017 1e-06

0.001064 1e-06

0.001076 1e-06

0.001016 1e-06

0.001011 1e-06

0.001012 2e-06

0.001047 1e-06

0.001043 1e-06

0.001014 1e-06

0.001015 1e-06

0.001031 1.4e-05

0.001015 1e-06

0.001022 1e-06

0.001013 1e-06

0.001015 1e-06

0.001024 1e-06

0.001051 1e-06

0.001068 1e-06

0.001015 1e-06

0.001026 1e-06

0.001027 1e-06

0.001017 1e-06

0.001015 0

0.001011 1e-06

0.001019 1e-06

0.001015 1e-06

0.001021 1e-06

0.001016 1e-06

0.001046 1e-06

0.001011 0

0.001014 1e-06

0.001028 1e-06

0.001016 1e-06

0.001027 1e-06

0.001043 0

0.001017 1e-06

0.001018 1e-06

0.001018 1e-06

0.001046 1e-06

0.001009 1e-06

0.001017 1e-06

0.00106 2e-06

0.001056 1e-06

0.001014 1e-06

0.001014 0

0.001015 0

0.001021 2e-06

0.001053 1e-06

0.001046 1e-06

0.001055 1e-06

0.001018 1e-06

0.00107 1e-06

0.001017 2e-06

0.001018 1e-06

0.001012 0

0.001015 1e-06

0.001056 1e-06

0.001049 1e-06

0.001046 1e-06

0.001045 1e-06

0.001014 1e-06

0.00111 1e-06

0.001015 1e-06

0.001018 1e-06

0.001059 1e-06

0.001024 1e-06

0.001019 2e-06

0.001012 1e-06

0.001097 1e-06

0.001124 1e-06

0.001048 1e-06

0.001034 1e-06

0.00101 1e-06

0.001017 1e-06

0.001011 1e-06

0.001012 1e-06

0.001016 1e-06

0.001009 1e-06

0.001044 1e-06

0.0011 1e-06

0.001051 1e-06

0.001052 1e-06

0.001016 1e-06

0.001066 0

0.001073 1e-06

0.001061 1e-06

0.001064 1e-06

0.001013 1e-06

0.00103 1e-06

0.001018 1e-06

0.00102 1e-06

0.001016 1e-06

0.001047 1e-06

0.001016 1e-06

0.001017 1e-06

0.001066 2e-06

0.001054 1e-06

0.001029 1e-06

0.001062 1e-06

0.001012 2e-06

0.001052 1e-06

0.001011 0

0.00102 1e-06

0.00106 0

0.00102 1e-06

0.001126 1e-06

0.001137 1e-06

0.001011 1e-06

0.001018 1e-06

0.001013 1e-06

0.00102 1e-06

0.001026 1e-06

0.001073 0

0.00108 1e-06

0.001014 1e-06

0.001008 1e-06

0.001042 1e-06

0.001013 1e-06

0.001014 1e-06

0.001013 1e-06

0.001014 1e-06

0.001013 1e-06

0.001039 1e-06

0.00107 2e-06

0.001079 1e-06

0.001015 1e-06

0.001124 1e-06

0.001016 1e-06

0.001019 0

0.001027 1e-06

0.001019 1e-06

0.001012 1e-06

0.001015 1e-06

0.001015 1e-06

0.001012 1e-06

0.001013 1e-06

0.001021 1e-06

0.001016 1e-06

0.001057 1e-06

0.001019 1e-06

0.001093 1e-06

0.001016 1e-06

0.001016 1e-06

0.001014 0

0.001118 1e-06

0.00106 1e-06

0.001016 1e-06

0.001013 1e-06

0.001015 1e-06

0.001014 1e-06

0.001015 1e-06

0.001012 1e-06

0.001014 1e-06

0.001037 2e-06

0.00102 1e-06

0.001063 1e-06

0.001013 1e-06

0.001013 1e-06

0.001063 1e-06

0.001009 1e-06

0.001052 1e-06

0.001067 1e-06

0.001051 1e-06

0.001015 1e-06

0.001051 1e-06

0.001068 1e-06

0.001044 1e-06

0.001016 1e-06

0.001011 1e-06

0.001017 0

0.001037 1e-06

0.00104 2e-06

0.001019 1e-06

0.001011 1e-06

0.001016 2e-06

0.001042 1e-06

0.001019 1e-06

0.001013 1e-06

0.001069 1e-06

0.001013 0

0.00102 1e-06

0.001058 1e-06

0.00104 1e-06

0.001015 1e-06

0.001017 1e-06

0.001012 1e-06

0.001015 1e-06

0.001013 1e-06

0.001019 1e-06

0.001018 1e-06

0.001162 1e-06

0.001013 1e-06

0.001013 1e-06

0.001104 1e-06

0.001022 1e-06

0.001077 1e-06

0.001022 1e-06

