0.001247 2.8e-05
0.00124 2.6e-05
0.001246 2.7e-05
0.001236 2e-05
0.001285 1.2e-05
0.001239 1.6e-05
0.001244 2.2e-05
0.001236 2.5e-05
0.001245 2.3e-05
0.001231 1.4e-05
0.001246 1.3e-05
0.001238 1.6e-05
0.00125 2.5e-05
0.001243 1.3e-05
0.001242 2.7e-05
0.001251 2.2e-05
0.001248 2.1e-05
0.001243 2.6e-05
0.001252 1.4e-05
0.00124 1.9e-05
0.001241 1.9e-05
0.001236 2.5e-05
0.001243 2.9e-05
0.001241 2.4e-05
0.001243 2e-05
0.001234 1.1e-05
0.001244 2e-05
0.001244 1.3e-05
0.001246 1.2e-05
0.001237 1.1e-05
0.001242 1e-05
0.001245 2.4e-05
0.001252 2.4e-05
0.001264 1.5e-05
0.001321 1.5e-05
0.001237 2.7e-05
0.001246 1.6e-05
0.001295 2.3e-05
0.001325 2.2e-05
0.001308 2.6e-05
0.001254 2e-05
0.001239 2.5e-05
0.001329 2e-05
0.00131 3e-05
0.001249 1.8e-05
0.001271 1.7e-05
0.00125 2.4e-05
0.001238 2.2e-05
0.001243 1.4e-05
0.001253 2.6e-05
0.001248 2.4e-05
0.001259 2.4e-05
0.001245 1.7e-05
0.001239 2.5e-05
0.001291 2.6e-05
0.001289 2.4e-05
0.001237 2.7e-05
0.001247 2.2e-05
0.00124 2.8e-05
0.001241 1.7e-05
0.001251 2.2e-05
0.001242 2.5e-05
0.00135 2.9e-05
0.001262 3.4e-05
0.001248 2.6e-05
0.001294 1.6e-05
0.00132 2.8e-05
0.001276 1.1e-05
0.001243 1.7e-05
0.001251 2.5e-05
0.001244 2.3e-05
0.001238 2.6e-05
0.001239 3.5e-05
0.001458 1.6e-05
0.00126 1.8e-05
0.001814 2.7e-05
0.001299 2.5e-05
0.00125 2.4e-05
0.001295 2.3e-05
0.00124 1.1e-05
0.001296 2e-05
0.001242 1.9e-05
0.001246 1.8e-05
0.00125 1.1e-05
0.001242 1.4e-05
0.001244 2.7e-05
0.001241 2.4e-05
0.001251 1.4e-05
0.001242 1.8e-05
0.001239 1.6e-05
0.00129 2.1e-05
0.001244 2.6e-05
0.001242 1.5e-05
0.001237 2.6e-05
0.001239 2.5e-05
0.001846 2e-05
0.001249 1.2e-05
0.001251 1.4e-05
0.001324 2.4e-05
0.001245 2.6e-05
0.00125 1.4e-05
0.001236 1.9e-05
0.001255 2.3e-05
0.001241 1e-05
0.001245 9e-06
0.001241 1.3e-05
0.00125 2.1e-05
0.001244 2.4e-05
0.001249 2.5e-05
0.00129 1.9e-05
0.001246 8e-06
0.001235 1.5e-05
0.001294 1.3e-05
0.001232 1.7e-05
0.001248 1.5e-05
0.001237 2.6e-05
0.001243 1.5e-05
0.001238 2.7e-05
0.001295 1.8e-05
0.002168 4.1e-05
0.001322 2.5e-05
0.001243 1.2e-05
0.001245 1.4e-05
0.001246 2.1e-05
0.00124 1.8e-05
0.001294 1.5e-05
0.001864 4.3e-05
0.001824 3.6e-05
0.001786 2.1e-05
0.001771 1.6e-05
0.002522 2.9e-05
0.001894 3.6e-05
0.002254 3.8e-05
0.00187 1.2e-05
0.001641 1.5e-05
0.002601 1.5e-05
0.001783 2.4e-05
0.001253 2.9e-05
0.001258 1.5e-05
0.001242 2.3e-05
0.001243 1.6e-05
0.001239 1.8e-05
0.001249 2.4e-05
0.001248 1.5e-05
0.001237 2e-05
0.001298 2.3e-05
0.001248 2.5e-05
0.00124 9e-06
0.001245 2.4e-05
0.001247 2e-05
0.001279 2.7e-05
0.001235 2.2e-05
0.001246 2.6e-05
0.001241 1.3e-05
0.001247 9e-06
0.001237 1.5e-05
0.001299 5e-06
0.001288 2.6e-05
0.001249 2.4e-05
0.001246 7e-06
0.001241 1.3e-05
0.001786 4e-05
0.001398 2.3e-05
0.001242 1.6e-05
0.001246 2.6e-05
0.002516 1.8e-05
0.001797 3.5e-05
0.002335 2.5e-05
0.001834 2.3e-05
0.002076 5e-05
0.001774 2e-05
0.002169 2.7e-05
0.001241 2.4e-05
0.001291 2.8e-05
0.001249 2e-05
0.001246 2.1e-05
0.001247 1.5e-05
0.001298 2.2e-05
0.001247 1.2e-05
0.00124 3.6e-05
0.001245 2e-05
0.00124 2.5e-05
0.001132 6e-06
0.001075 2.2e-05
0.001078 2e-05
0.001244 1.7e-05
0.001312 2.4e-05
0.001243 2.2e-05
0.001246 1.3e-05
0.001238 1.3e-05
0.001249 7e-06
0.001241 2.2e-05
0.001248 2e-05
0.001241 2.4e-05
0.001243 1.2e-05
0.001289 2.6e-05
0.001249 2e-05
0.001247 2.2e-05
0.001252 2e-05
0.001246 2.5e-05
0.00131 2.3e-05
0.001255 1.4e-05
0.00125 1.4e-05
0.00124 8e-06
0.00125 1.6e-05
0.001237 2.3e-05
0.001297 2.5e-05
0.001245 2.6e-05
0.001302 1.3e-05
0.001248 2.4e-05
0.001237 2.7e-05
0.001298 1.9e-05
0.001244 2.4e-05
0.001243 1.3e-05
0.001309 2.4e-05
0.001246 1.2e-05
0.001289 1.6e-05
0.001257 2.3e-05
0.001243 2.7e-05
0.001233 1.5e-05
0.001247 1.1e-05
0.001241 2.5e-05
0.001303 2.6e-05
0.001244 2.4e-05
0.001235 2.6e-05
0.001287 1.4e-05
0.001238 2.1e-05
0.001284 2.2e-05
0.00124 2.5e-05
0.001239 2.3e-05
0.00129 1.3e-05
0.001311 2e-05
0.001266 2.8e-05
0.00124 1.9e-05
0.001247 2.3e-05
0.001248 1.4e-05
0.001244 2.5e-05
0.001301 1.4e-05
0.001243 1.3e-05
0.001271 2.8e-05
0.001248 2e-05
0.001236 2.5e-05
0.001246 2.5e-05
0.001294 1.7e-05
0.001245 2.7e-05
0.001248 1.6e-05
0.001244 1.5e-05
0.001238 2.2e-05
0.001245 1.2e-05
0.001293 2e-05
0.001248 2.6e-05
0.001243 9e-06
0.001318 2.8e-05
0.001268 2.2e-05
0.001243 1.8e-05
0.001342 1.3e-05
0.001131 1.9e-05
0.001191 2.7e-05
0.001393 1.8e-05
0.001249 1.7e-05
0.001267 2e-05
0.001332 2.7e-05
0.001256 1.2e-05
0.001252 2e-05
0.001343 1.6e-05
0.001357 1.5e-05
0.001248 1.4e-05
0.001243 2.3e-05
0.00152 2.6e-05
0.001577 2.4e-05
0.001318 2e-05
0.001297 2e-05
0.001564 1.1e-05
0.001246 2.7e-05
0.001263 1.6e-05
0.001288 2.5e-05
0.00135 1.8e-05
0.001306 1.4e-05
0.001251 2e-05
0.001252 2.5e-05
0.001303 2.6e-05
0.001246 1.5e-05
0.001248 2.4e-05
0.001231 2.2e-05
0.001243 2.7e-05
0.001313 2.7e-05
0.001243 2.5e-05
0.001287 2.8e-05
0.001319 2.7e-05
0.00124 2e-05
0.001247 2.4e-05
0.001246 1.8e-05
0.001244 1.5e-05
0.001242 1.7e-05
0.001249 2.3e-05
0.00124 1.7e-05
0.001244 1.6e-05
0.001289 2.4e-05
0.001269 1.2e-05
0.001243 2.6e-05
0.001243 1.6e-05
0.001242 1.8e-05
0.001244 2.5e-05
0.001235 2.6e-05
0.001257 1.6e-05
0.001244 1.5e-05
0.001243 2.6e-05
0.001291 2.3e-05
0.001249 1.7e-05
0.001244 9e-06
0.001253 2.3e-05
0.001244 1.1e-05
0.001244 2.6e-05
0.001237 1.6e-05
0.001243 2.7e-05
0.001243 2.5e-05
0.001247 1.5e-05
0.001238 2.6e-05
0.001243 1.7e-05
0.001286 2.1e-05
0.001253 1.6e-05
0.001249 2e-05
0.001246 2.7e-05
0.00124 2.2e-05
0.001238 2e-05
0.001243 1.8e-05
0.001303 2.7e-05
0.001243 1.9e-05
0.001182 1.6e-05
0.001026 1.5e-05
0.001044 1.2e-05
0.001241 2.8e-05
0.001245 1.3e-05
0.001238 1.7e-05
0.001246 2.4e-05
0.001297 8e-06
0.001246 1.4e-05
0.001243 1.7e-05
0.001251 2.2e-05
0.001245 2.4e-05
0.001294 2.6e-05
0.001245 2.4e-05
0.001246 1.3e-05
0.001241 2.3e-05
0.001247 1.3e-05
0.001242 1.7e-05
0.00124 2.4e-05
0.001242 2.6e-05
0.001311 2.3e-05
0.001246 1.6e-05
0.00129 1.4e-05
0.001247 1.2e-05
0.001248 2.5e-05
0.001292 8e-06
0.001246 1.4e-05
0.001255 2.3e-05
0.001242 2.5e-05
0.00124 1.9e-05
0.00129 2.6e-05
0.001238 2.5e-05
0.001239 9e-06
0.001296 2.5e-05
0.001241 2.5e-05
0.001241 9e-06
0.001242 2.1e-05
0.001239 1.2e-05
0.001235 2.6e-05
0.001232 1.2e-05
0.001248 1.4e-05
0.001264 2.3e-05
0.001249 2.5e-05
0.001255 1.5e-05
0.001248 1.1e-05
0.00131 2e-05
0.001247 1.6e-05
0.001241 1.3e-05
0.001247 2.3e-05
0.001264 9e-06
0.001237 9e-06
0.001313 2.1e-05
0.001326 2.5e-05
0.001246 1.6e-05
0.001249 1.8e-05
0.001243 1.9e-05
0.001242 1.4e-05
0.001234 9e-06
0.001306 2.4e-05
0.001243 2.8e-05
0.001249 1.6e-05
0.001248 1.6e-05
0.001245 1.6e-05
0.001265 1.8e-05
0.001273 2.4e-05
0.001263 8e-06
0.001245 2.6e-05
0.001232 1.4e-05
0.001253 2.5e-05
0.00124 2.2e-05
0.001251 2e-05
0.001243 8e-06
0.001254 2.4e-05
0.001241 2.5e-05
0.00113 2.1e-05
0.001247 2.6e-05
0.001281 3.8e-05
0.001257 2.7e-05
0.001242 1.5e-05
0.00126 1.9e-05
0.001249 1.9e-05
0.001246 2.7e-05
0.001245 2.3e-05
0.00124 2.6e-05
0.001246 1.4e-05
0.001243 1.8e-05
0.001249 2.7e-05
0.001241 2.5e-05
0.001245 2.7e-05
0.001247 2.4e-05
0.001292 2.4e-05
0.00124 1.4e-05
0.001245 3.3e-05
0.00125 2.6e-05
0.001282 2.4e-05
0.00125 1.6e-05
0.0013 1.6e-05
0.001241 1.5e-05
0.001248 2.5e-05
0.001244 1.5e-05
0.001246 2.6e-05
0.001245 2.4e-05
0.001243 1.9e-05
0.00124 1.7e-05
0.0013 2.3e-05
0.001237 1.9e-05
0.001246 2.4e-05
0.001239 1.6e-05
0.001242 2.4e-05
0.00124 2.1e-05
0.001244 2e-05
0.001242 1.4e-05
0.00125 2.7e-05
0.001246 2.4e-05
0.001258 2.3e-05
0.001249 1.7e-05
0.001262 1.1e-05
0.001236 2.6e-05
0.001241 1e-05
0.001241 1.7e-05
0.001248 2.6e-05
0.00124 2.3e-05
0.001248 1.9e-05
0.001262 2.6e-05
0.001254 2e-05
0.001238 1.5e-05
0.001246 2.5e-05
0.001245 2.5e-05
0.001266 1.6e-05
0.001248 2.7e-05
0.001256 2.3e-05
0.001251 2.6e-05
0.001255 2.6e-05
0.001236 2.1e-05
0.001242 1.5e-05
0.001275 1.3e-05
0.001241 2.6e-05
0.00124 1.1e-05
0.001246 2.5e-05
0.00125 1.7e-05
0.001242 1.4e-05
0.001239 1.6e-05
0.00124 1.1e-05
0.001246 2.1e-05
0.001295 2.1e-05
0.001233 2.4e-05
0.001252 2.5e-05
0.001243 2.4e-05
0.001222 2.8e-05
0.001171 1.5e-05
0.001082 2.5e-05
0.001234 2.2e-05
0.001257 2.7e-05
0.001245 9e-06
0.001243 2.6e-05
0.001293 1.6e-05
0.001251 2e-05
0.001244 1.8e-05
0.001298 1.5e-05
0.001266 2.1e-05
0.001249 1e-05
0.001237 1.6e-05
0.001245 1.5e-05
0.001241 1.6e-05
0.001246 2.7e-05
0.0013 1.8e-05
0.00125 1.5e-05
0.001235 2.3e-05
0.00126 2.4e-05
0.001302 2.4e-05
0.001258 1.7e-05
0.001238 1.2e-05
0.001248 1.6e-05
0.00127 2e-05
0.001259 1.5e-05
0.001242 1.7e-05
0.001246 2.7e-05
0.001298 1.8e-05
0.00125 1.5e-05
0.001299 1.9e-05
0.001302 1e-05
0.001241 2.2e-05
0.001308 2.6e-05
0.00124 1.5e-05
0.001477 2.5e-05
0.001576 3.2e-05
0.001259 2.4e-05
0.001242 2.7e-05
0.001251 1.5e-05
0.001287 1.1e-05
0.001301 2.3e-05
0.001251 2.2e-05
0.001243 7e-06
0.00129 1.5e-05
0.001276 2.2e-05
0.001295 1.6e-05
0.001247 1.2e-05
0.001307 1.8e-05
0.001245 2.6e-05
0.001246 8e-06
0.001243 1.8e-05
0.001238 1.4e-05
0.001243 2.4e-05
0.001233 2.1e-05
0.001242 1.3e-05
0.001235 2.2e-05
0.001267 2.6e-05
0.001243 1.4e-05
0.001237 2.1e-05
0.001233 1.9e-05
0.001242 2.5e-05
0.001241 2.3e-05
0.001241 2.4e-05
0.001238 1.9e-05
0.0013 1.5e-05
0.001247 2.6e-05
0.001249 2.7e-05
0.001259 2e-05
0.001242 2.7e-05
0.001246 1.6e-05
0.001245 2.1e-05
0.001243 2.4e-05
0.001294 2.4e-05
0.00124 2e-05
0.001246 1.9e-05
0.001236 2.3e-05
0.001245 9e-06
0.001242 2.6e-05
0.00124 2.5e-05
0.00147 2.6e-05
0.001271 2.3e-05
0.001309 1.8e-05
0.001292 2.6e-05
0.001243 2.5e-05
0.001254 1.7e-05
0.001243 2.3e-05
0.001244 1.5e-05
0.001298 1.8e-05
0.001245 1.6e-05
0.001243 1.8e-05
0.001256 2.6e-05
0.001305 1.4e-05
0.001246 2.5e-05
0.001296 1.2e-05
0.00125 1.8e-05
0.00125 2.5e-05
0.001246 1.5e-05
0.001239 1.2e-05
0.001247 6e-06
0.001239 1.8e-05
0.001247 9e-06
0.001236 1.4e-05
0.001241 2.8e-05
0.001258 8e-06
0.001245 1.2e-05
0.001236 1.8e-05
0.00124 2.1e-05
0.001238 2.7e-05
0.001247 1.7e-05
0.00124 2.1e-05
0.001243 2.5e-05
0.00124 2.5e-05
0.001304 1.9e-05
0.00124 1.6e-05
0.00124 1.7e-05
0.001238 2.2e-05
0.001299 1.5e-05
0.001314 1.5e-05
0.001262 1.6e-05
0.001238 2.4e-05
0.00124 2.1e-05
0.001253 1.7e-05
0.001236 1.9e-05
0.001243 1.7e-05
0.001289 1.5e-05
0.001238 2.1e-05
0.001258 2.2e-05
0.001247 1.6e-05
0.001296 1.6e-05
0.001243 2.4e-05
0.001254 2.8e-05
0.001245 2.7e-05
0.001239 2.1e-05
0.001237 2.4e-05
0.001249 1.9e-05
0.001238 2.7e-05
0.001249 2.3e-05
0.001238 2.5e-05
0.001253 1.5e-05
0.001249 2.4e-05
0.001244 1.8e-05
0.001245 2.5e-05
0.001246 1.6e-05
0.00124 1.8e-05
0.001246 1.4e-05
0.001206 2.5e-05
0.001098 2.6e-05
0.001117 1.9e-05
0.001107 2.3e-05
0.001252 1e-05
0.001255 2e-05
0.001243 2.2e-05
0.001246 1.7e-05
0.001243 1.2e-05
0.001244 2.7e-05
0.001568 2.8e-05
0.001248 3.2e-05
0.001571 7e-06
0.001413 8e-06
0.001241 2e-05
0.00156 2.2e-05
0.001263 2.2e-05
0.001258 1.4e-05
0.001234 2.7e-05
0.001277 2.5e-05
0.00124 2.5e-05
0.001261 2.5e-05
0.001362 1.5e-05
0.001283 1.3e-05
0.00125 2.6e-05
0.001238 2.5e-05
0.001237 2.6e-05
0.001311 2.5e-05
0.001241 2.4e-05
0.001254 2.3e-05
0.001247 1.5e-05
0.001249 2.6e-05
0.001265 2.5e-05
0.00125 2.2e-05
0.00124 1.7e-05
0.001247 1.3e-05
0.001234 1.2e-05
0.00125 1.8e-05
0.001236 1e-05
0.001246 1.8e-05
0.001243 1.6e-05
0.001246 2.2e-05
0.001244 2.5e-05
0.001244 8e-06
0.0013 1.4e-05
0.001245 1.2e-05
0.001241 1.4e-05
0.001244 2.7e-05
0.001293 1.7e-05
0.001246 1.2e-05
0.001248 2.7e-05
0.001254 2.2e-05
0.001244 1e-05
0.0013 1.2e-05
0.001299 1.9e-05
0.001244 1.9e-05
0.001241 2.5e-05
0.001241 1.6e-05
0.00124 2.5e-05
0.001244 2.3e-05
0.001239 1.8e-05
0.001247 2.3e-05
0.001236 1.5e-05
0.001239 2.6e-05
0.001242 2.4e-05
0.00124 1.4e-05
0.001241 1.7e-05
0.001253 2.4e-05
0.001247 2.2e-05
0.001254 8e-06
0.001298 1.3e-05
0.001244 2e-05
0.001241 2.5e-05
0.001295 1.3e-05
0.001215 1.2e-05
0.001242 1.3e-05
0.001348 1.4e-05
0.001297 2.6e-05
0.001279 1.3e-05
0.001244 1.3e-05
0.001238 2.5e-05
0.001247 2e-05
0.00124 2.5e-05
0.001251 2.7e-05
0.001242 1e-05
0.001255 1.2e-05
0.001333 2e-05
0.00126 1.8e-05
0.001243 1.8e-05
0.001248 1.9e-05
0.001244 2.5e-05
0.001246 9e-06
0.001251 1.7e-05
0.001252 2.6e-05
0.001239 2.4e-05
0.001245 1.6e-05
0.001295 2.7e-05
0.001248 1.9e-05
0.001245 2.5e-05
0.001268 1.1e-05
0.001302 2.1e-05
0.001259 2.5e-05
0.001239 2.5e-05
0.001249 1.6e-05
0.001255 2.6e-05
0.001242 2.1e-05
0.001234 2.8e-05
0.001318 1.1e-05
0.001294 1.6e-05
0.00124 2e-05
0.001252 1.4e-05
0.001247 1.8e-05
0.001237 2.5e-05
0.00156 1.2e-05
0.0013 2.2e-05
0.00126 2.8e-05
0.001569 3.1e-05
0.001445 9e-06
0.00125 1.3e-05
0.001547 3.2e-05
0.001746 3.3e-05
0.001242 2.5e-05
0.001255 2.2e-05
0.00158 1.9e-05
0.001521 2.5e-05
0.001293 1.7e-05
0.001517 1.4e-05
0.001575 1.6e-05
0.001239 2.7e-05
0.001245 1.8e-05
0.001244 1.7e-05
0.001258 1.4e-05
0.001257 1.6e-05
0.001244 1.8e-05
0.00124 2.5e-05
0.001238 1.8e-05
0.001239 1.1e-05
0.001296 1.4e-05
0.001244 2.5e-05
0.001237 2.2e-05
0.001304 2.4e-05
0.001252 2.3e-05
0.00125 2.6e-05
0.001257 1.6e-05
0.001136 1.9e-05
0.001091 1.6e-05
0.001068 2.1e-05
0.001043 2.6e-05
0.001437 2.6e-05
0.00125 1.5e-05
0.001247 2.7e-05
0.001256 1.4e-05
0.001247 1.8e-05
0.001248 1.9e-05
0.001242 2.6e-05
0.001242 2.6e-05
0.001261 1.1e-05
0.001247 1.5e-05
0.001301 2.5e-05
0.001255 1.4e-05
0.001286 1.7e-05
0.001333 3.9e-05
0.001245 2.1e-05
0.001256 1.9e-05
0.001248 2e-05
0.001249 2.6e-05
0.00125 2.1e-05
0.00128 1.1e-05
0.001293 2e-05
0.001246 1.6e-05
0.001237 1.7e-05
0.001308 1.8e-05
0.001299 2.6e-05
0.001254 1.2e-05
0.001233 2.2e-05
0.001293 1.6e-05
0.001244 1.6e-05
0.001244 1.7e-05
0.001236 2.5e-05
0.001239 1.2e-05
0.001238 1.5e-05
0.001258 1.8e-05
0.001239 1.6e-05
0.00125 2.5e-05
0.001246 2.6e-05
0.001246 1.7e-05
0.001241 2e-05
0.001241 1.2e-05
0.00125 2.5e-05
0.0013 1.2e-05
0.001244 1.4e-05
0.001239 3.2e-05
0.001246 2.5e-05
0.001246 1.9e-05
0.00124 1.4e-05
0.00124 2.7e-05
0.001242 2.6e-05
0.001252 2.5e-05
0.001249 2.6e-05
0.00125 2.6e-05
0.001247 2.1e-05
0.001251 1.3e-05
0.001241 1.5e-05
0.001251 2.2e-05
0.001248 2.8e-05
0.001242 1.2e-05
0.001243 1.1e-05
0.001298 1.5e-05
0.001253 2.3e-05
0.001245 1.4e-05
0.001239 2e-05
0.001242 2.3e-05
0.001236 1.7e-05
0.001248 2.5e-05
0.001245 2.3e-05
0.001246 1.6e-05
0.001289 1.6e-05
0.001251 3.6e-05
0.001226 1.9e-05
0.001307 9e-06
0.001238 1.9e-05
0.00124 1.4e-05
0.001239 2.4e-05
0.001302 1.5e-05
0.001244 2.3e-05
0.001249 1.9e-05
0.001241 1.4e-05
0.00126 1.8e-05
0.001241 2.7e-05
0.00129 1.6e-05
0.001242 1.8e-05
0.001246 2.4e-05
0.001297 1.6e-05
0.001251 1.8e-05
0.001241 2.5e-05
0.001253 1.1e-05
0.001242 1.3e-05
0.001258 1.6e-05
0.001316 2.4e-05
0.001242 1.9e-05
0.001243 9e-06
0.001242 1.2e-05
0.001252 1.2e-05
0.00125 1.9e-05
0.001241 2.7e-05
0.001241 1.5e-05
0.001256 2e-05
0.001247 1.6e-05
0.001239 2.4e-05
0.00125 1.6e-05
0.001244 9e-06
0.001244 1.5e-05
0.001299 1.6e-05
0.001261 2.2e-05
0.001247 2.5e-05
0.001247 1.7e-05
0.001237 1.7e-05
0.001245 1.5e-05
0.001298 2.3e-05
0.00124 2.4e-05
0.001302 1.1e-05
0.001248 1.4e-05
0.001243 2.6e-05
0.001315 2.6e-05
0.001237 2.3e-05
0.001247 2.6e-05
0.001251 2.5e-05
0.001253 1.8e-05
0.001248 2.6e-05
0.001242 1.8e-05
0.001249 1.5e-05
0.001243 1.1e-05
0.001238 1.1e-05
0.001242 1.9e-05
0.001243 2.7e-05
0.001262 1.9e-05
0.001239 2e-05
0.001241 2.5e-05
0.001241 1.5e-05
0.001293 2.4e-05
0.001232 2.6e-05
0.001296 2.4e-05
0.001239 2.4e-05
0.001243 1.6e-05
0.001247 2.3e-05
0.001253 2.5e-05
0.001242 2.2e-05
0.001253 2.5e-05
0.001301 1.8e-05
0.001244 1.9e-05
0.001233 2.6e-05
0.001239 9e-06
0.001235 1.9e-05
0.001247 1.6e-05
0.001237 1.4e-05
0.00127 2.4e-05
0.001235 2.5e-05
0.001238 1.9e-05
0.001261 1.9e-05
0.001302 1.6e-05
0.001237 2.4e-05
0.001244 2.9e-05
0.001245 2.6e-05
0.001255 2.2e-05
0.001316 2.3e-05
0.001249 1.7e-05
0.001239 1.3e-05
0.001294 1.9e-05
0.001239 2.5e-05
0.001251 1.7e-05
0.001252 2.6e-05
0.001243 1.9e-05
0.001325 2.2e-05
0.001244 1.3e-05
0.001299 2.5e-05
0.001248 2e-05
0.001238 2.3e-05
0.001299 2.4e-05
0.001256 1.5e-05
0.00125 2.5e-05
0.00124 1.9e-05
0.001251 2.4e-05
0.001237 1.6e-05
0.001239 1.6e-05
0.001239 2.2e-05
0.001253 2.4e-05
0.001395 1.4e-05
0.001251 1.9e-05
0.001242 1.5e-05
0.001299 2.2e-05
0.001247 2.7e-05
0.001292 1.7e-05
0.001242 2.2e-05
0.00125 1.7e-05
0.001256 2.4e-05
0.001251 1.7e-05
0.001249 2.3e-05
0.001247 1.9e-05
0.00125 1.5e-05
0.001248 1.8e-05
0.001242 2.2e-05
0.001269 1.9e-05
0.001237 2.5e-05
0.001244 1.4e-05
0.001294 1.6e-05
0.00124 2.9e-05
0.001251 1.8e-05
0.001243 1.3e-05
0.001292 2.6e-05
0.001239 1.3e-05
0.001298 1.7e-05
0.001425 2.1e-05
0.001287 2.7e-05
0.001268 2.5e-05
0.001415 2.8e-05
0.001296 1.3e-05
0.001291 1.5e-05
0.001241 2e-05
0.001557 2.5e-05
0.001242 3.1e-05
0.001257 1.4e-05
0.001632 3.1e-05
0.001438 1.3e-05
0.00134 1.5e-05
0.001284 2.5e-05
0.001293 2.6e-05
0.001127 2.3e-05
0.001076 2e-05
0.001239 2.4e-05
0.001247 2.4e-05
0.001244 1.1e-05
0.001295 2.6e-05
0.001239 2.2e-05
0.001244 1.2e-05
0.001243 2.4e-05
0.001241 2.5e-05
0.001237 1.3e-05
