0.020238 0.004145
0.017448 0.005369
0.017403 0.004889
0.01743 0.003185
0.017675 0.003915
0.017886 0.004991
0.0188 0.008505
0.017402 0.00386
0.016605 0.005449
0.017965 0.003472
0.016656 0.005494
0.017404 0.004992
0.017353 0.00431
0.017651 0.005332
0.018704 0.004547
0.017354 0.005468
0.016596 0.004546
0.016571 0.004957
0.017315 0.005869
0.016736 0.004962
0.017715 0.00437
0.016706 0.00495
0.018603 0.003491
0.017455 0.004271
0.017827 0.002633
0.017351 0.007563
0.017317 0.007371
0.017106 0.006668
0.017749 0.007675
0.01736 0.004542
0.018699 0.00612
0.016473 0.00459
0.016671 0.004563
0.017338 0.004473
0.017268 0.004554
0.016736 0.004845
0.017351 0.006539
0.018802 0.007036
0.018737 0.005403
0.017356 0.005615
0.015711 0.006048
0.017983 0.005883
0.017834 0.0046
0.016633 0.004732
0.018691 0.006325
0.018747 0.006864
0.017352 0.005486
0.017305 0.004771
0.017309 0.006135
0.017595 0.006301
0.017427 0.004693
0.018751 0.003095
0.01738 0.006411
0.017324 0.006481
0.017339 0.005494
0.018738 0.007199
0.017346 0.006509
0.017467 0.004796
0.018138 0.006437
0.018399 0.004508
0.017308 0.004843
0.017311 0.006099
0.015511 0.006594
0.018302 0.007341
0.017335 0.005759
0.017401 0.004433
0.017343 0.007441
0.016649 0.006838
0.018686 0.004671
0.017704 0.00432
0.016621 0.00609
0.018721 0.007855
0.017456 0.006421
0.017385 0.007794
0.017402 0.005992
0.016033 0.004256
0.01756 0.005171
0.017565 0.005224
0.017368 0.003756
0.017425 0.005848
0.017771 0.002665
0.017378 0.004689
0.016737 0.003809
0.018715 0.007218
0.016256 0.005793
0.017476 0.00527
0.017383 0.004626
0.016655 0.007638
0.017765 0.005731
0.018752 0.006368
0.021101 0.007419
0.017166 0.004998
0.018743 0.006179
0.018792 0.004009
0.01743 0.005421
0.017393 0.005952
0.017317 0.003982
0.01837 0.006712
0.016662 0.004903
0.017389 0.006559
0.017398 0.003843
0.017605 0.006211
0.017393 0.004293
0.016762 0.006484
0.018738 0.006331
0.017419 0.005085
0.017722 0.003587
0.016802 0.005277
0.017538 0.005327
0.017357 0.004811
0.017865 0.003428
0.017555 0.00672
0.017486 0.004361
0.017711 0.005073
0.017356 0.003869
0.017606 0.005569
0.019501 0.007599
0.018761 0.006095
0.017836 0.00545
0.015954 0.006375
0.018396 0.005464
0.017508 0.004598
0.018031 0.005385
0.019284 0.004224
0.018483 0.004357
0.018097 0.004058
0.017366 0.005543
0.017469 0.006467
0.018242 0.005407
0.018377 0.005978
0.018775 0.005255
0.017487 0.00391
0.016698 0.003357
0.017398 0.004641
0.017394 0.007133
0.017786 0.005801
0.017461 0.005635
0.017955 0.006511
0.017482 0.005776
0.017467 0.004974
0.018742 0.005304
0.017453 0.004816
0.017728 0.004568
0.0179 0.007883
0.020347 0.006035
0.018223 0.003434
0.017398 0.007598
0.019052 0.007692
0.01818 0.005285
0.017397 0.006132
0.017306 0.003035
0.018759 0.004733
0.017413 0.006766
0.018234 0.003808
0.017945 0.007353
0.018931 0.007251
0.018707 0.007938
0.020189 0.005132
0.016116 0.005044
0.016778 0.006101
0.016644 0.004362
0.017501 0.004951
0.017404 0.004319
0.017622 0.005552
0.017472 0.004871
0.017937 0.004689
0.017459 0.005994
0.016492 0.003632
0.017631 0.004455
0.01692 0.004657
0.017313 0.004506
0.018697 0.003502
0.017359 0.005189
0.017391 0.007071
0.017354 0.005143
0.017337 0.004867
0.015717 0.005204
0.01739 0.006638
0.017749 0.005476
0.017724 0.006687
0.017326 0.005135
0.017349 0.006994
0.017367 0.005
0.017522 0.005123
0.018079 0.004268
0.016457 0.003776
0.018957 0.005385
0.018718 0.004455
0.017811 0.005224
0.019791 0.004836
0.024736 0.004546
0.017805 0.006043
0.019126 0.006813
0.018088 0.007831
0.017796 0.003533
0.016941 0.005357
0.019595 0.007438
0.017389 0.002119
0.017774 0.006575
0.02213 0.006658
0.017789 0.006111
0.019255 0.008303
0.021072 0.005605
0.022891 0.007981
0.021236 0.006574
0.019296 0.0064
0.021213 0.002973
0.021801 0.0058
0.022896 0.00691
0.022986 0.007597
0.022875 0.006865
0.021239 0.005899
0.021119 0.006826
0.020761 0.004957
0.021228 0.009654
0.021189 0.00594
0.01963 0.0088
0.02132 0.008868
0.021172 0.00887
0.021689 0.003313
0.021149 0.007851
0.020279 0.004368
0.022798 0.005053
0.020047 0.005668
0.020796 0.009269
0.021232 0.009473
0.02035 0.007042
0.021283 0.005621
0.021258 0.009879
0.020279 0.006811
0.021126 0.004855
0.021861 0.006337
0.021712 0.005833
0.021759 0.010041
0.020557 0.010215
0.021329 0.005773
0.021192 0.00666
0.021172 0.004058
0.020478 0.007478
0.021194 0.004313
0.021093 0.009107
0.02081 0.005174
0.021637 0.005267
0.021224 0.006521
0.021133 0.009456
0.02011 0.00679
0.020435 0.009175
0.021946 0.009345
0.021173 0.006309
0.021205 0.005969
0.021225 0.006811
0.022878 0.00545
0.015789 0.006689
0.023526 0.009318
0.021149 0.008355
0.021208 0.006456
0.022947 0.010048
0.022907 0.006048
0.021967 0.009413
0.018552 0.006035
0.022124 0.006954
0.021291 0.009166
0.021377 0.006558
0.021522 0.006747
0.021396 0.006337
0.021928 0.009837
0.019768 0.005072
0.022469 0.006116
0.023085 0.009192
0.020457 0.005585
0.0197 0.004235
0.021465 0.006646
0.021408 0.005239
0.023106 0.006827
0.021486 0.008226
0.023144 0.006599
0.020386 0.007677
0.020869 0.007772
0.021824 0.007036
0.02011 0.009037
0.020881 0.007044
0.020415 0.006077
0.02098 0.006829
0.022625 0.00576
0.022556 0.002785
0.021095 0.004687
0.02095 0.006883
0.02096 0.007379
0.021452 0.0094
0.021442 0.008666
0.020073 0.008616
0.022553 0.006184
0.02052 0.00416
0.021489 0.005237
0.02262 0.007373
0.021079 0.006381
0.020203 0.00961
0.021055 0.008558
0.021009 0.006706
0.020295 0.006533
0.021715 0.00911
0.022627 0.008362
0.02088 0.006843
0.021059 0.004091
0.021095 0.006668
0.02098 0.004979
0.021032 0.007679
0.021554 0.00895
0.022623 0.009393
0.021024 0.005022
0.017671 0.006986
0.021903 0.009147
0.021529 0.007324
0.022598 0.004537
0.02049 0.006411
0.02098 0.005951
0.022737 0.006958
0.020079 0.006496
0.020978 0.007808
0.022681 0.008267
0.020277 0.006034
0.016004 0.004792
0.016081 0.006318
0.02059 0.005719
0.020987 0.005206
0.021123 0.006395
0.02147 0.008174
0.020127 0.006793
0.019938 0.007088
0.022543 0.006946
0.020234 0.005002
0.021604 0.007188
0.019679 0.009363
0.022718 0.005724
0.021535 0.007258
0.022712 0.008052
0.020566 0.005443
0.021079 0.007294
0.020161 0.00654
0.018679 0.008759
0.021022 0.008194
0.022676 0.004491
0.020877 0.004966
0.021143 0.007452
0.021037 0.007676
0.021468 0.006745
0.016611 0.00677
0.023221 0.009404
0.020965 0.005248
0.020932 0.005147
0.021252 0.007628
0.021936 0.004758
0.022651 0.00759
0.020953 0.007477
0.021594 0.005794
0.021019 0.008734
0.020851 0.006349
0.018987 0.009723
0.021214 0.008934
0.020988 0.008603
0.022631 0.007742
0.021377 0.006432
0.020069 0.0052
0.021062 0.007984
0.017112 0.008729
0.021101 0.010192
0.020213 0.005457
0.02091 0.003936
0.021316 0.006059
0.020941 0.008523
0.02107 0.008146
0.018864 0.009817
0.021643 0.007057
0.022672 0.00728
0.021007 0.008657
0.021617 0.0085
0.021188 0.005224
0.021066 0.005738
0.020139 0.004518
0.022949 0.004781
0.020909 0.009261
0.020296 0.006781
0.016732 0.008088
0.020952 0.005292
0.020999 0.007905
0.020181 0.007784
0.021177 0.008738
0.020052 0.007241
0.021037 0.00594
0.020596 0.009616
0.021886 0.009749
0.020183 0.009404
0.020961 0.006171
0.022628 0.005951
0.021999 0.007258
0.02158 0.006202
0.018388 0.00613
0.023595 0.00912
0.020989 0.007966
0.021092 0.004964
0.020422 0.004823
0.020311 0.007132
0.020967 0.006586
0.021058 0.004212
0.022641 0.005746
0.021002 0.004528
0.021013 0.005765
0.019301 0.00536
0.02321 0.007153
0.021015 0.009916
0.021018 0.004307
0.019559 0.009953
0.022828 0.008119
0.021028 0.007237
0.020922 0.006014
0.022926 0.007437
0.020125 0.009983
0.02105 0.005682
0.018537 0.007964
0.021114 0.010288
0.020939 0.008411
0.020997 0.009087
0.021474 0.005337
0.020184 0.00789
0.020211 0.006278
0.017112 0.008199
0.022913 0.005188
0.017293 0.004511
0.017303 0.004679
0.020616 0.009716
0.021018 0.008829
0.018511 0.005603
0.017699 0.007102
0.016597 0.006787
0.017465 0.002627
0.017393 0.007519
0.017757 0.006523
0.017374 0.004092
0.018715 0.007276
0.017328 0.002955
0.017361 0.006381
0.017329 0.006149
0.017172 0.006114
0.017628 0.004182
0.018686 0.007153
0.017736 0.004876
0.017316 0.00525
0.018816 0.005778
0.016621 0.005496
0.017311 0.005382
0.017329 0.005016
0.017749 0.00707
0.01745 0.006017
0.01734 0.004426
0.017686 0.005108
0.01728 0.007303
0.017418 0.006968
0.018723 0.00625
0.017298 0.003605
0.017373 0.003036
0.016684 0.004034
0.018775 0.004708
0.018763 0.005117
0.01738 0.007464
0.015252 0.007708
0.017441 0.005282
0.018661 0.004505
0.017818 0.004643
0.017467 0.005231
0.017451 0.005765
0.017015 0.005557
0.017384 0.007122
0.01733 0.006394
0.017387 0.0069
0.017357 0.007533
0.01731 0.005802
0.018739 0.006924
0.017872 0.006382
0.017619 0.00637
0.018098 0.006614
0.017358 0.004247
0.016721 0.006776
0.018124 0.006636
0.018813 0.005842
0.016783 0.003286
0.016635 0.003828
0.01737 0.007513
0.018789 0.004384
0.018741 0.005752
0.017318 0.004976
0.017228 0.003438
0.019942 0.005901
0.018682 0.00375
0.017375 0.006066
0.017306 0.006099
0.017789 0.004006
0.017501 0.003403
0.017292 0.004833
0.017357 0.005226
0.017477 0.005092
0.017352 0.007317
0.017405 0.006127
0.017328 0.005558
0.01801 0.005043
0.016951 0.005999
0.018363 0.005728
0.018779 0.005166
0.018762 0.005644
0.017585 0.004915
0.017424 0.004578
0.016646 0.006029
0.018702 0.004357
0.016654 0.004627
0.01674 0.004468
0.017378 0.005704
0.017868 0.005086
0.016629 0.003762
0.014704 0.005143
0.017407 0.006827
0.017352 0.003858
0.018669 0.006167
0.020462 0.004241
0.016665 0.007793
0.016775 0.004862
0.017382 0.005467
0.019489 0.00389
0.016868 0.00578
0.01673 0.005204
0.017402 0.006224
0.025013 0.005416
0.025391 0.007534
0.025321 0.009213
0.0214 0.009063
0.018508 0.005965
0.018149 0.006179
0.017445 0.004801
0.017311 0.004374
0.016562 0.005155
0.017429 0.004149
0.018724 0.003418
0.01871 0.003003
0.017341 0.004494
0.017439 0.004969
0.017847 0.005834
0.017885 0.007539
0.017405 0.004628
0.016671 0.004855
0.017992 0.004925
0.016805 0.00461
0.017518 0.004291
0.018729 0.006396
0.01796 0.005143
0.017449 0.006294
0.017319 0.007493
0.017312 0.004542
0.018664 0.003999
0.017356 0.006452
0.017935 0.00579
0.017836 0.007004
0.018676 0.003877
0.016082 0.003526
0.017823 0.006534
0.017289 0.005189
0.01743 0.005349
0.017809 0.005229
0.017366 0.007007
0.017349 0.005012
0.018682 0.006471
0.018594 0.006203
0.016648 0.006274
0.0177 0.00397
0.017682 0.007133
0.017374 0.00591
0.016007 0.005133
0.017298 0.003953
0.017912 0.004989
0.017364 0.003372
0.017309 0.005794
0.017356 0.003295
0.017724 0.005507
0.017372 0.006969
0.018745 0.003657
0.016606 0.006237
0.017353 0.005739
0.018734 0.004278
0.017377 0.004145
0.016632 0.00741
0.016684 0.004306
0.017423 0.003653
0.017326 0.007553
0.01735 0.004774
0.017363 0.006329
0.016638 0.005794
0.019073 0.004936
0.01789 0.005234
0.017286 0.005438
0.017401 0.005351
0.017431 0.004387
0.017842 0.007593
0.017298 0.006498
0.015809 0.00533
0.01742 0.006615
0.017353 0.005426
0.017313 0.004848
0.016623 0.004964
0.017382 0.003241
0.017512 0.003448
0.017342 0.004844
0.01869 0.006644
0.014978 0.004335
0.017729 0.00403
0.017366 0.006737
0.01738 0.006074
0.0187 0.005421
0.017766 0.007691
0.017818 0.00669
0.016812 0.006324
0.01735 0.003635
0.018308 0.006785
0.018857 0.005609
0.017413 0.004551
0.01661 0.003784
0.01733 0.007692
0.018804 0.005292
0.018777 0.005701
0.017951 0.003741
0.017336 0.005535
0.01776 0.003788
0.017797 0.005412
0.016635 0.007107
0.017327 0.006999
0.017762 0.005854
0.017595 0.007849
0.017439 0.004742
0.018735 0.006011
0.017344 0.003842
0.017835 0.005
0.018761 0.007348
0.017757 0.00479
0.01872 0.002557
0.016302 0.004809
0.017445 0.006414
0.018719 0.004656
0.017911 0.002425
0.017329 0.006494
0.016677 0.006899
0.017449 0.00618
0.016631 0.005833
0.016656 0.006741
0.017463 0.004911
0.01754 0.007188
0.017718 0.003961
0.017849 0.007746
0.01625 0.003576
0.017355 0.003978
0.017368 0.00544
0.017397 0.004625
0.017328 0.005306
0.017069 0.004831
0.019006 0.004585
0.017371 0.004624
0.017408 0.00547
0.018695 0.004995
0.017411 0.004901
0.017362 0.003448
0.018737 0.006574
0.017311 0.005512
0.016424 0.002971
0.017746 0.007307
0.018715 0.00361
0.018705 0.003495
0.017305 0.003589
0.017353 0.007615
0.017863 0.0064
0.017349 0.006098
0.016634 0.006949
0.017823 0.004696
0.017445 0.007298
0.017344 0.004463
0.017343 0.005022
0.018208 0.007028
0.016693 0.004164
0.016633 0.007325
0.017408 0.006025
0.017318 0.004446
0.017431 0.005473
0.018742 0.005423
0.017809 0.006658
0.017414 0.005536
0.015472 0.00414
0.017585 0.005862
0.016609 0.007049
0.018685 0.006092
0.01746 0.00405
0.017743 0.006235
0.017364 0.004861
0.018752 0.005829
0.017688 0.007233
0.017385 0.00577
0.017375 0.006707
0.01794 0.006754
0.016687 0.005543
0.014656 0.00547
0.016687 0.007111
0.018781 0.007407
0.017346 0.004218
0.017903 0.004061
0.016648 0.003916
0.016693 0.004346
0.016969 0.007639
0.017868 0.003031
0.015737 0.00362
0.017333 0.005429
0.018749 0.00402
0.018557 0.004809
0.017699 0.006172
0.017361 0.004667
0.017512 0.007056
0.016648 0.005156
0.017359 0.006519
0.015569 0.005854
0.017475 0.007745
0.016623 0.004749
0.017365 0.004205
0.01734 0.007052
0.017835 0.008066
0.01786 0.006039
0.017424 0.004553
0.017293 0.003934
0.017386 0.004236
0.01771 0.00423
0.017319 0.003868
0.017352 0.005103
0.017499 0.003233
0.017436 0.006854
0.016658 0.006636
0.017352 0.003558
0.017339 0.00294
0.023619 0.00346
0.017452 0.004844
0.017381 0.00662
0.017765 0.005262
0.01451 0.003842
0.030868 0.006417
0.017535 0.002958
0.014683 0.007004
0.018799 0.006605
0.018715 0.006766
0.017334 0.004143
0.016656 0.00481
0.017428 0.006596
0.017302 0.004961
0.016813 0.005411
0.015453 0.005566
0.016615 0.004445
0.016681 0.004269
0.017327 0.003664
0.016679 0.004471
0.017719 0.004289
0.019072 0.006334
0.017341 0.006921
0.017749 0.006003
0.016971 0.004943
0.016691 0.00329
0.017813 0.005706
0.017334 0.003785
0.018665 0.003534
0.01666 0.007673
0.018112 0.005037
0.018725 0.00676
0.017324 0.005602
0.016226 0.005147
0.01777 0.005524
0.017425 0.005531
0.01745 0.007203
0.017798 0.0057
0.017455 0.006768
0.016778 0.004122
0.01737 0.005384
0.018921 0.004704
0.017237 0.004163
0.018721 0.005501
0.017352 0.006491
0.017415 0.006078
0.017746 0.003849
0.017378 0.008446
0.017379 0.006973
0.017446 0.005882
0.017525 0.005303
0.017404 0.00757
0.018785 0.007621
0.01739 0.004857
0.016634 0.006443
0.015711 0.003797
0.018883 0.003904
0.017326 0.004025
0.018708 0.002398
0.017312 0.004748
0.017311 0.007129
0.01741 0.005798
0.016644 0.006834
0.017778 0.006493
0.016166 0.004544
0.01785 0.006409
0.017369 0.011149
0.01658 0.006553
0.017248 0.006578
0.017902 0.003828
0.017339 0.004049
0.018765 0.007383
0.018719 0.00554
0.018745 0.004352
0.017845 0.004699
0.017332 0.005665
0.017298 0.004045
0.017417 0.005399
0.017413 0.007301
0.016672 0.004923
0.017719 0.005307
0.017361 0.005088
0.017363 0.005755
0.017393 0.005756
0.018675 0.00583
0.017327 0.005564
0.016324 0.002674
0.016622 0.005838
0.016602 0.005527
0.018723 0.004529
0.018693 0.005433
0.017367 0.007484
0.017481 0.006965
0.017939 0.005876
0.01735 0.003032
0.017031 0.004209
0.018707 0.002385
0.017372 0.006056
0.017735 0.004533
0.017375 0.006307
0.018725 0.005799
0.017396 0.007028
0.017365 0.006663
0.017421 0.00436
0.017088 0.005303
0.017382 0.004131
0.017731 0.004708
0.017787 0.005664
0.018826 0.004999
0.017847 0.006269
0.018691 0.003536
0.018709 0.006726
0.018656 0.006723
0.017025 0.003844
0.017556 0.007203
0.01778 0.005246
0.017335 0.003894
0.016638 0.00629
0.016642 0.002781
0.016617 0.003163
0.017742 0.006381
0.017285 0.005412
0.016268 0.006421
0.017577 0.007227
0.017318 0.005919
0.017322 0.006353
0.01784 0.004776
0.018707 0.007123
0.018668 0.005375
0.017319 0.004665
0.017316 0.005829
0.017449 0.005575
0.017396 0.005245
0.017369 0.006361
0.017773 0.00553
0.016077 0.007395
0.017377 0.006516
0.017384 0.003202
0.017462 0.004847
0.018734 0.004933
0.017336 0.006481
0.016666 0.00577
0.017326 0.005509
0.016711 0.004138
0.017202 0.00492
0.017424 0.007213
0.017423 0.005097
0.017349 0.004132
0.016619 0.004908
0.017462 0.00559
0.016655 0.005077
0.018713 0.005431
0.017378 0.005004
0.015246 0.007187
0.018826 0.007685
0.01875 0.006535
0.016633 0.005215
0.017898 0.004439
0.017362 0.008056
0.017412 0.005906
0.017387 0.004584
0.017371 0.004473
0.018652 0.004795
0.01863 0.005856
0.016679 0.005118
0.016779 0.00486
0.017017 0.004249
0.017459 0.006142
0.017305 0.004468
0.017294 0.004809
0.01735 0.004945
0.017734 0.004084
0.018098 0.003166
0.017789 0.006035
0.017296 0.004982
0.017319 0.006602
0.01776 0.004898
0.017401 0.006189
0.017306 0.005041
0.017376 0.003651
0.018751 0.007139
0.016681 0.004295
0.018746 0.003697
0.017405 0.006441
0.016463 0.00538
0.017367 0.005955
0.017365 0.006008
0.017326 0.007487
0.016649 0.005047
0.016725 0.00609
0.018831 0.006474
0.01663 0.007215
0.01772 0.004729
0.01711 0.005184
0.017713 0.004602
0.018702 0.006693
0.017348 0.005856
0.017391 0.003485
0.018726 0.003662
0.017375 0.00459
0.017749 0.005364
0.018723 0.004825
0.015683 0.00476
0.017403 0.006102
0.019492 0.004308
0.016671 0.004481
0.017303 0.004311
0.017451 0.005124
0.017335 0.005559
0.017743 0.005549
0.016558 0.005955
0.015951 0.007295
0.017618 0.004944
0.018662 0.003607
0.017335 0.002782
0.017725 0.005153
0.017337 0.007582
0.017385 0.003563
0.017749 0.006085
0.018733 0.007687
0.015554 0.007516
0.017638 0.005161
0.016606 0.00556
0.01732 0.006088
0.018684 0.004465
0.018716 0.004118
0.016624 0.003958
0.018849 0.005448
0.017315 0.005681
0.016006 0.005628
0.017434 0.003077
0.018707 0.003778
0.018718 0.003644
0.01666 0.005201
0.017386 0.004348
0.018858 0.005079
0.017475 0.004942
0.017314 0.004842
0.017202 0.005264
0.017761 0.006602
0.017334 0.004633
0.017315 0.00304
0.017372 0.006132
0.016676 0.003003
0.017463 0.005557
0.017341 0.007553
0.017715 0.00526
0.017601 0.00475
0.017419 0.004211
0.017348 0.004427
0.017677 0.004818
0.017364 0.002866
0.017413 0.00729
0.01738 0.004285
0.017346 0.003897
0.017855 0.005326
0.017012 0.007548
0.017377 0.003978
0.017387 0.005493
0.016642 0.005725
0.018674 0.00538
0.017419 0.003976
