0.031424 2.8e-05

0.032139 1.9e-05

0.034557 2.3e-05

0.034261 2.3e-05

0.031699 1.9e-05

0.034806 1.9e-05

0.034797 4.8e-05

0.035931 2.1e-05

0.037144 3e-05

0.033247 4.2e-05

0.032982 2.1e-05

0.032431 1.1e-05

0.03203 1.8e-05

0.034563 1.9e-05

0.034974 2.1e-05

0.031318 2e-05

0.031974 1.2e-05

0.034248 2e-05

0.031912 1.7e-05

0.034102 2.5e-05

0.034309 1.9e-05

0.031531 1.5e-05

0.034221 1.8e-05

0.041674 2e-05

0.032249 1.9e-05

0.032238 1.8e-05

0.033697 1.7e-05

0.034655 1.2e-05

0.034716 1.5e-05

0.033767 1.5e-05

0.033662 1e-05

0.033807 1.8e-05

0.034393 2.2e-05

0.034503 2.3e-05

0.036253 1.5e-05

0.03131 1.5e-05

0.031379 1.5e-05

0.031208 1.4e-05

0.032132 2.4e-05

0.034476 2.2e-05

0.032192 2e-05

0.032828 1.4e-05

0.034117 2.1e-05

0.031965 1.6e-05

0.031223 1.3e-05

0.03165 1.3e-05

0.032 1.8e-05

0.033717 2.1e-05

0.031482 2.8e-05

0.033672 1.5e-05

0.03184 9e-06

0.031113 1.8e-05

0.033705 1.5e-05

0.031191 2.5e-05

0.031326 1.9e-05

0.031249 1.1e-05

0.033818 2.1e-05

0.031077 1.6e-05

0.033655 1.6e-05

0.031305 1.9e-05

0.033587 1.8e-05

0.033695 1.9e-05

0.033681 1.7e-05

0.03373 1.8e-05

0.033785 1.7e-05

0.031236 1.7e-05

0.033778 1.5e-05

0.033703 1.9e-05

0.031319 1.6e-05

0.033677 1.9e-05

0.032125 1.1e-05

0.034823 2e-05

0.031172 1.7e-05

0.033693 1.4e-05

0.033608 1.3e-05

0.037178 2.1e-05

0.038448 1.8e-05

0.034138 2.1e-05

0.033755 5.3e-05

0.039076 2.9e-05

0.032381 1.4e-05

0.03176 1.1e-05

0.03147 1.9e-05

0.031299 1.8e-05

0.033569 2.4e-05

0.034337 2.4e-05

0.032655 2.5e-05

0.031535 2e-05

0.032329 1.9e-05

0.034211 3.1e-05

0.034471 2.4e-05

0.034621 3.3e-05

0.034467 1.8e-05

0.034529 2.1e-05

0.03259 1.6e-05

0.034331 2.1e-05

0.033833 1.7e-05

0.03149 1.8e-05

0.033702 1.1e-05

0.031522 2.2e-05

0.033578 1.7e-05

0.033751 1.5e-05

0.031137 1.9e-05

0.033619 1.3e-05

0.033772 1.9e-05

0.031918 4.8e-05

0.044242 2.1e-05

0.051361 1.3e-05

0.034523 2.8e-05

0.034523 9.2e-05

0.034772 3.5e-05

0.035957 2.6e-05

0.032206 3.8e-05

0.036648 2.3e-05

0.036344 1.5e-05

0.033966 2.3e-05

0.033077 1.8e-05

0.034335 5.5e-05

0.032322 1.5e-05

0.034267 1.1e-05

0.034203 1.4e-05

0.033766 2.1e-05

0.033279 1.9e-05

0.038791 1.5e-05

0.035171 2.9e-05

0.039264 2e-05

0.036704 2.1e-05

0.034859 2.3e-05

0.032424 2e-05

0.033553 1.9e-05

0.033654 2.1e-05

0.034368 2.4e-05

0.033917 2.2e-05

0.033097 1.8e-05

0.036451 1.7e-05

0.032404 1.8e-05

0.034033 1.8e-05

0.031737 1.5e-05

0.031242 2.4e-05

0.034161 2.2e-05

0.034673 1.7e-05

0.034811 2.1e-05

0.033161 2.3e-05

0.033501 0.000115

0.03516 2.9e-05

0.035206 1.7e-05

0.035131 2.6e-05

0.032429 3.3e-05

0.037401 1.6e-05

0.0362 1.7e-05

0.033116 1.2e-05

0.033165 2.3e-05

0.034108 1.7e-05

0.030594 2e-05

0.034309 1.9e-05

0.034106 1.5e-05

0.033827 2e-05

0.031498 2.4e-05

0.031369 2.8e-05

0.032296 3.7e-05

0.032265 2.2e-05

0.031557 2.1e-05

0.03071 1.2e-05

0.032356 1.8e-05

0.033134 1.9e-05

0.031276 2.3e-05

0.033168 1.1e-05

0.032901 1e-05

0.033307 2e-05

0.036728 9e-06

0.03095 3.2e-05

0.031265 2.8e-05

0.033853 1.7e-05

0.033946 2.3e-05

0.033952 1.6e-05

0.034097 2.3e-05

0.034726 3.8e-05

0.034417 1.1e-05

0.033132 3.6e-05

0.031402 2.2e-05

0.034657 1.7e-05

0.034876 1.7e-05

0.03187 2.5e-05

0.032099 2e-05

0.032878 3.2e-05

0.032563 2.8e-05

0.034447 1.4e-05

0.032936 1.7e-05

0.03326 2.1e-05

0.035612 2.2e-05

0.032241 2.4e-05

0.035351 1.9e-05

0.035327 2.1e-05

0.035771 2e-05

0.035345 2.8e-05

0.031896 1.7e-05

0.030864 2e-05

0.033234 1.7e-05

0.031074 1.2e-05

0.033688 2.1e-05

0.032965 1e-05

0.032999 2e-05

0.037818 2.1e-05

0.034146 2e-05

0.035384 2.4e-05

0.031591 2.8e-05

0.032007 1.8e-05

0.031962 1.2e-05

0.032417 1.8e-05

0.034203 1.1e-05

0.040957 1.5e-05

0.034667 2.3e-05

0.038426 1.5e-05

0.032963 2e-05

0.041098 1.6e-05

0.035833 2.4e-05

0.035539 2e-05

0.034281 2.3e-05

0.032898 6.4e-05

0.032999 2.7e-05

0.032158 2.5e-05

0.034256 2.4e-05

0.031101 1e-05

0.030922 1.9e-05

0.032514 1.1e-05

0.030559 1.8e-05

0.032787 1.1e-05

0.034588 1.8e-05

0.033257 1e-05

0.031191 1.3e-05

0.034509 2.9e-05

0.035847 3.4e-05

0.035004 3e-05

0.034122 9e-06

0.031486 2.2e-05

0.031672 1.7e-05

0.03313 1.4e-05

0.032194 2e-05

0.033787 1.5e-05

0.033932 1.7e-05

0.031735 2e-05

0.033877 2.3e-05

0.034734 1.1e-05

0.035325 2.1e-05

0.033561 1.9e-05

0.034535 3.7e-05

0.034438 2.2e-05

0.034424 1.9e-05

0.033065 2.2e-05

0.039576 2.7e-05

0.033859 1.6e-05

0.031228 1.6e-05

0.033301 1.2e-05

0.03254 2.4e-05

0.034541 1.9e-05

0.033861 1.9e-05

0.036903 1.3e-05

0.032426 2.4e-05

0.033444 1.9e-05

0.03484 1.3e-05

0.03476 2e-05

0.032337 2.3e-05

0.039134 4.1e-05

0.035236 1.9e-05

0.032276 2.1e-05

0.033764 3e-05

0.031426 2e-05

0.031921 1.9e-05

0.030487 1.5e-05

0.036177 3.8e-05

0.03539 4e-05

0.034686 1.1e-05

0.03278 2e-05

0.032958 1.9e-05

0.03115 1.7e-05

0.033312 1.8e-05

0.035442 1.4e-05

0.040497 3.4e-05

0.03263 2.2e-05

0.039509 2.7e-05

0.039404 2.4e-05

0.032285 2.7e-05

0.033457 1.3e-05

0.031702 2.2e-05

0.034138 2.2e-05

0.033843 1.9e-05

0.033307 2.2e-05

0.033548 3e-05

0.034105 1.5e-05

0.032979 1.4e-05

0.03287 1.3e-05

0.031283 1.8e-05

0.032795 2e-05

0.033118 1.8e-05

0.030463 1.9e-05

0.034269 1.5e-05

0.029756 9e-06

0.032293 4.4e-05

0.034777 2e-05

0.031538 1.6e-05

0.034532 1.4e-05

0.033302 2.2e-05

0.034349 3.3e-05

0.031105 1.8e-05

0.033106 1.8e-05

0.034056 2.3e-05

0.035437 2.6e-05

0.032064 2.8e-05

0.032311 2.5e-05

0.034116 1.1e-05

0.032377 1.8e-05

0.036967 2.7e-05

0.037599 1.5e-05

0.033382 2.2e-05

0.034539 3.1e-05

0.033907 2e-05

0.032852 1.3e-05

0.034108 2.2e-05

0.031829 2.2e-05

0.034833 1.1e-05

0.03114 2e-05

0.031418 1.8e-05

0.029375 1.9e-05

0.037205 8.2e-05

0.036921 3e-05

0.036841 2.4e-05

0.035009 1.8e-05

0.034754 2.5e-05

0.032499 3.3e-05

0.034847 1.8e-05

0.043984 3.4e-05

0.040714 2.6e-05

0.037508 2.3e-05

0.034606 7.8e-05

0.034812 2.4e-05

0.032028 2.3e-05

0.033493 1.7e-05

0.033912 1.4e-05

0.03428 2.6e-05

0.032369 1.7e-05

0.032597 3.1e-05

0.037053 2.8e-05

0.034242 2.1e-05

0.036451 3.1e-05

0.034014 2.2e-05

0.032084 3e-05

0.034186 2.2e-05

0.032987 2e-05

0.035406 2.2e-05

0.034413 2.6e-05

0.036022 1.9e-05

0.034288 2.8e-05

0.035704 2.9e-05

0.036022 1.1e-05

0.032303 1.7e-05

0.034182 1.8e-05

0.03246 2.5e-05

0.033774 2.3e-05

0.032278 1.1e-05

0.033754 1.7e-05

0.030908 1.6e-05

0.038301 1.9e-05

0.035353 3.9e-05

0.036775 2.3e-05

0.031559 1.5e-05

0.031504 2.6e-05

0.03256 2.1e-05

0.03433 2.2e-05

0.032359 2.2e-05

0.032698 2.3e-05

0.034412 2.5e-05

0.032393 2.6e-05

0.031526 1.5e-05

0.035019 2.8e-05

0.033694 2.6e-05

0.035508 2e-05

0.032674 2.2e-05

0.031149 2.3e-05

0.034756 2.6e-05

0.033307 1.8e-05

0.034268 3.6e-05

0.031781 1.2e-05

0.033797 2.1e-05

0.034504 2e-05

0.033873 2.4e-05

0.032464 1.7e-05

0.032226 2.8e-05

0.033621 1.5e-05

0.031373 2e-05

0.035895 1.2e-05

0.031435 2.8e-05

0.032346 1.6e-05

0.041372 2e-05

0.033248 2e-05

0.03407 2.2e-05

0.032695 3e-05

0.031653 1.4e-05

0.034063 2.6e-05

0.034235 2.1e-05

0.031717 2.6e-05

0.03456 1.8e-05

0.034287 2.2e-05

0.032254 1.3e-05

0.034064 2e-05

0.03194 2e-05

0.031777 2.3e-05

0.034825 2.4e-05

0.032331 2.5e-05

0.032448 2e-05

0.03242 2.6e-05

0.033925 2.1e-05

0.030007 2.3e-05

0.031714 1.8e-05

0.031849 2.2e-05

0.033351 1.7e-05

0.037426 2.7e-05

0.035424 2.3e-05

0.034943 2.3e-05

0.032564 2.2e-05

0.032379 2.1e-05

0.036571 2.2e-05

0.035255 2.4e-05

0.034456 2.6e-05

0.034179 4e-05

0.032834 2.5e-05

0.035062 1.9e-05

0.032811 2e-05

0.035946 2.4e-05

0.031801 1.7e-05

0.03377 2.7e-05

0.033958 2.3e-05

0.034055 2.1e-05

0.034201 2.1e-05

0.03264 2e-05

0.034262 1.6e-05

0.032718 2e-05

0.034133 2.8e-05

0.034058 2.6e-05

0.033883 1.3e-05

0.0336 1.7e-05

0.032104 2.5e-05

0.034189 1.4e-05

0.034353 8e-06

0.031538 2.3e-05

0.035839 1.4e-05

0.033983 2.4e-05

0.034521 1.9e-05

0.032417 2e-05

0.035543 2.9e-05

0.032038 2.5e-05

0.036318 2e-05

0.033523 2e-05

0.03205 2.2e-05

0.032047 2.9e-05

0.034866 1.8e-05

0.032167 2.4e-05

0.033176 1.3e-05

0.037615 1.4e-05

0.032084 1.4e-05

0.032236 1.4e-05

0.0365 2.7e-05

0.031917 4.2e-05

0.03208 1.3e-05

0.032866 2.2e-05

0.032842 2.5e-05

0.031508 1.6e-05

0.033229 2.3e-05

0.031582 2.1e-05

0.034592 3.1e-05

0.031367 1.8e-05

0.031828 2.5e-05

0.033835 2.5e-05

0.031291 2.2e-05

0.030536 2.1e-05

0.044499 1.5e-05

0.032146 2e-05

0.032604 1.8e-05

0.033996 2.8e-05

0.033263 2.3e-05

0.03532 2.5e-05

0.034871 2.8e-05

0.034421 1.7e-05

0.033732 1.9e-05

0.034091 2.4e-05

0.031989 2.7e-05

0.034482 2.8e-05

0.034384 1.6e-05

0.031903 2.3e-05

0.032065 2.4e-05

0.035955 1.6e-05

0.034539 2.3e-05

0.031577 2.6e-05

0.034285 3.1e-05

0.033834 2e-05

0.032802 1e-05

0.041095 2e-05

0.034121 1.2e-05

0.035443 2.3e-05

0.033328 1.5e-05

0.034827 2.2e-05

0.035152 2.2e-05

0.0357 2.3e-05

0.031653 2.1e-05

0.03165 2.1e-05

0.034367 2.3e-05

0.03444 2e-05

0.034164 2e-05

0.034382 2.4e-05

0.034188 2.8e-05

0.033786 2.1e-05

0.031066 2e-05

0.034092 2.2e-05

0.032934 2.4e-05

0.034152 2.5e-05

0.033947 1.8e-05

0.032925 2.8e-05

0.031927 1.5e-05

0.034109 2.1e-05

0.032899 2.1e-05

0.034129 3e-05

0.031498 2.8e-05

0.035024 2.9e-05

0.034355 2.6e-05

0.034728 2.6e-05

0.032846 2.6e-05

0.034081 1.8e-05

0.034742 1.6e-05

0.034023 2.5e-05

0.034261 1.3e-05

0.031334 2.9e-05

0.034084 2.4e-05

0.033559 1.8e-05

0.032019 2.2e-05

0.031655 2.1e-05

0.034668 2.2e-05

0.032658 2.9e-05

0.031615 2.3e-05

0.032252 2.2e-05

0.034098 1.7e-05

0.035328 2.4e-05

0.033955 2.3e-05

0.032206 2.3e-05

0.034868 2.5e-05

0.036938 1.4e-05

0.031673 1.2e-05

0.032646 2e-05

0.032242 2.2e-05

0.03373 2.2e-05

0.031713 2e-05

0.034009 1.2e-05

0.033898 1e-05

0.034975 3.4e-05

0.035479 2.7e-05

0.033216 2.6e-05

0.033826 2.2e-05

0.032235 1.8e-05

0.031792 2e-05

0.035658 2.5e-05

0.034665 2e-05

0.033924 1.7e-05

0.033855 1.9e-05

0.032242 2.3e-05

0.034164 2e-05

0.031701 1.5e-05

0.031808 2e-05

0.035081 2.2e-05

0.034765 1.7e-05

0.032584 2.8e-05

0.034472 2.2e-05

0.03466 2e-05

0.033624 1.3e-05

0.031705 2.6e-05

0.036032 2.3e-05

0.035964 2.4e-05

0.034718 1.1e-05

0.034461 1.4e-05

0.033201 2.7e-05

0.032473 2.4e-05

0.032438 8e-06

0.036681 2.2e-05

0.033957 2.1e-05

0.033934 1.5e-05

0.031446 3.9e-05

0.034061 2.5e-05

0.030098 2.5e-05

0.033843 2.4e-05

0.033803 1.4e-05

0.031209 2.3e-05

0.031305 1.5e-05

0.0337 2.8e-05

0.033755 2.1e-05

0.033857 2.1e-05

0.032978 1.7e-05

0.033868 2.3e-05

0.031519 1.9e-05

0.032212 1.3e-05

0.032027 2.3e-05

0.034247 2e-05

0.031702 1.4e-05

0.032458 1.3e-05

0.031698 1.3e-05

0.03246 2.7e-05

0.03218 2.8e-05

0.033779 2.6e-05

0.031163 2.2e-05

0.03381 2e-05

0.033081 2.4e-05

0.034653 1.8e-05

0.035048 2.1e-05

0.034864 2.9e-05

0.032558 1.9e-05

0.032968 2.5e-05

0.035237 1.8e-05

0.034769 1.8e-05

0.035228 1.9e-05

0.034657 2.3e-05

0.034507 2.9e-05

0.034817 1.2e-05

0.035036 1.2e-05

0.031912 2.4e-05

0.032515 1.2e-05

0.03334 1.9e-05

0.031899 3.1e-05

0.031607 3.1e-05

0.032306 2.3e-05

0.034826 3.6e-05

0.031918 2.4e-05

0.03386 2.4e-05

0.032874 1.5e-05

0.034163 1.8e-05

0.03216 1.8e-05

0.0376 1.5e-05

0.031565 1.4e-05

0.033873 2.4e-05

0.03214 1.3e-05

0.034393 1.3e-05

0.034773 2.5e-05

0.034535 2e-05

0.037711 3.8e-05

0.039417 1.6e-05

0.035731 2.2e-05

0.034823 1.6e-05

0.033687 1.7e-05

0.034999 2.4e-05

0.031332 1.3e-05

0.033411 1.8e-05

0.044798 2.4e-05

0.033863 1.9e-05

0.034737 2.6e-05

0.033792 2.7e-05

0.036915 2.3e-05

0.037456 2.1e-05

0.035454 3e-05

0.033513 2.3e-05

0.032192 1.2e-05

0.031857 2.1e-05

0.033851 1.6e-05

0.031649 2.2e-05

0.032384 1.6e-05

0.034209 1.4e-05

0.03238 2.6e-05

0.034797 1.7e-05

0.032029 2.7e-05

0.032038 1.4e-05

0.032272 2.2e-05

0.031503 1.7e-05

0.035111 4.6e-05

0.036992 2.7e-05

0.034456 2.3e-05

0.034371 2.2e-05

0.033831 2.1e-05

0.03378 3.7e-05

0.033956 1.5e-05

0.034359 2.2e-05

0.034164 5.8e-05

0.041874 2.7e-05

0.03992 4.5e-05

0.031875 1.8e-05

0.035657 1.9e-05

0.03181 2.2e-05

0.035747 6.1e-05

0.038037 0.000119

0.035626 2.7e-05

0.03402 2.7e-05

0.031338 3.2e-05

0.037142 3.4e-05

0.046483 3.1e-05

0.031587 1.8e-05

0.034208 2.2e-05

0.031787 2.9e-05

0.034466 2.6e-05

0.033801 1.4e-05

0.03467 2e-05

0.03513 2.3e-05

0.034431 2.2e-05

0.034588 2.2e-05

0.034772 1.8e-05

0.034307 2.6e-05

0.03469 1.9e-05

0.032405 2e-05

0.032478 1.4e-05

0.034068 1.5e-05

0.035004 2e-05

0.036457 2.8e-05

0.037195 5e-05

0.035415 2.5e-05

0.034301 2.2e-05

0.032817 2.4e-05

0.032288 1.4e-05

0.033018 2.4e-05

0.034597 2.5e-05

0.037418 1.1e-05

0.031949 2.3e-05

0.032647 1.8e-05

0.034229 1.6e-05

0.032239 2.2e-05

0.034543 2.2e-05

0.034322 2.3e-05

0.034566 2.2e-05

0.032163 1.9e-05

0.032971 4.6e-05

0.031617 1.5e-05

0.034547 2.1e-05

0.034494 2.3e-05

0.031962 3.1e-05

0.034454 1.7e-05

0.032964 8e-06

0.031629 2e-05

0.031849 2.1e-05

0.03381 2e-05

0.032438 2e-05

0.031713 1.3e-05

0.033671 1.9e-05

0.031578 1.7e-05

0.033828 1.7e-05

0.030325 2.4e-05

0.033855 1.7e-05

0.031577 2e-05

0.032351 2.5e-05

0.034498 4.9e-05

0.03378 3e-05

0.036263 2.1e-05

0.035028 2e-05

0.034001 2.5e-05

0.031577 3.1e-05

0.031888 3e-05

0.032947 1.3e-05

0.036253 1.9e-05

0.03483 2.3e-05

0.031729 2e-05

0.034212 2.5e-05

0.033896 1.9e-05

0.032399 2e-05

0.034276 2.3e-05

0.034422 2.6e-05

0.032041 2.2e-05

0.032125 1.1e-05

0.034557 1.8e-05

0.03894 2.9e-05

0.037068 6.1e-05

0.035789 2.2e-05

0.03255 2e-05

0.03472 1.3e-05

0.031892 5.4e-05

0.039816 1.4e-05

0.03398 2.4e-05

0.032963 4.1e-05

0.034716 1.8e-05

0.033901 3.8e-05

0.044821 6.3e-05

0.0349 1.8e-05

0.033968 1.9e-05

0.035949 2e-05

0.034523 1.7e-05

0.034082 3.1e-05

0.034103 1.9e-05

0.031761 4.9e-05

0.034799 8e-05

0.034147 4.7e-05

0.032442 2.1e-05

0.033798 2.7e-05

0.034962 1.6e-05

0.03174 1.8e-05

0.033669 2.2e-05

0.034013 1.9e-05

0.034205 2.1e-05

0.031852 1.8e-05

0.031809 1.8e-05

0.03219 5.2e-05

0.036352 3.9e-05

0.035821 3.1e-05

0.034827 1.9e-05

0.032102 2.2e-05

0.030645 1.2e-05

0.032208 1.8e-05

0.033789 2.1e-05

0.033882 2.4e-05

0.032731 1.7e-05

0.033808 2e-05

0.034685 1.7e-05

0.032334 1.1e-05

0.034852 2e-05

0.034737 1.9e-05

0.034811 2.5e-05

0.033325 2.5e-05

0.034343 2.3e-05

0.032249 2.6e-05

0.032257 1.1e-05

0.033033 1.6e-05

0.034196 2e-05

0.034669 2.7e-05

0.032947 2.6e-05

0.03155 1.1e-05

0.032354 2.6e-05

0.03372 9e-06

0.033618 2.2e-05

0.032839 1.7e-05

0.031532 1.6e-05

0.032325 2.5e-05

0.032646 2.7e-05

0.032377 2.2e-05

0.031912 1.7e-05

0.032508 1.8e-05

0.037769 6.3e-05

0.041184 5.1e-05

0.034575 2.2e-05

0.042835 4e-05

0.036584 2.1e-05

0.031779 2.1e-05

0.032823 3.6e-05

0.034349 1.6e-05

0.034645 2.5e-05

0.035257 2.5e-05

0.033725 2.2e-05

0.032026 2.4e-05

0.034337 2e-05

0.033339 2.3e-05

0.032661 2.6e-05

0.03457 2.6e-05

0.031386 1.7e-05

0.031794 1.6e-05

0.035468 2.4e-05

0.035177 1e-05

0.034154 2.3e-05

0.034196 2.2e-05

0.03365 1.4e-05

0.031951 2.9e-05

0.032041 3.7e-05

0.032144 2.6e-05

0.032708 3.6e-05

0.035028 3e-05

0.034265 1.8e-05

0.035048 2e-05

0.034784 2e-05

0.032175 1.9e-05

0.040609 3.1e-05

0.036688 2.6e-05

0.043135 1.9e-05

0.035337 3.2e-05

0.034605 3.3e-05

0.032793 2.1e-05

0.035476 2.7e-05

0.035085 2.1e-05

0.034854 2.1e-05

0.03372 2e-05

0.032762 9e-06

0.035943 8e-06

0.032249 2.4e-05

0.03414 2.4e-05

0.03431 4.2e-05

0.031731 2.9e-05

0.036275 2.1e-05

0.036718 2.4e-05

0.032362 2.2e-05

0.034061 2.5e-05

0.032551 1.2e-05

0.031858 2.8e-05

0.03422 2e-05

0.034656 2.8e-05

0.032245 2.5e-05

0.037099 1.6e-05

0.034037 2.2e-05

0.036611 1.9e-05

0.032587 2.9e-05

0.032922 1.9e-05

0.03256 1.8e-05

0.032126 2.6e-05

0.032612 2.8e-05

0.031582 2.1e-05

0.032834 2e-05

0.05102 1.9e-05

0.037155 4.4e-05

0.042838 2.6e-05

0.038847 4.3e-05

0.035282 2.2e-05

0.033011 2.2e-05

0.035085 1.1e-05

0.034925 1.9e-05

0.03326 2.9e-05

0.035204 2.4e-05

0.035407 2.5e-05

0.03133 2.3e-05

0.033416 1.6e-05

0.032556 2.6e-05

0.032672 2.8e-05

0.035229 2.2e-05

0.032542 2.7e-05

0.034648 1.4e-05

0.035968 3.6e-05

0.033125 1.3e-05

0.033639 3.5e-05

0.035126 2.2e-05

0.044164 3.2e-05

0.040646 1.7e-05

0.03367 1.9e-05

0.033502 1.9e-05

0.036644 2.3e-05

0.034315 2.9e-05

0.036945 2.7e-05

0.032504 2e-05

0.035379 2.5e-05

0.033156 2.5e-05

0.035396 2e-05

0.035579 2.5e-05

0.034809 1.9e-05

0.032732 2.2e-05

0.032373 1.8e-05

0.035956 1.6e-05

0.03287 2e-05

0.034549 2e-05

0.03281 1.7e-05

0.031946 1.9e-05

0.034224 1.9e-05

0.032887 2e-05

0.034324 2.1e-05

0.034538 2.1e-05

0.03421 2e-05

0.03283 1.4e-05

0.034355 2.2e-05

0.034343 2.4e-05

0.0346 1.6e-05

0.03446 1.1e-05

0.034996 2e-05

0.03459 2.4e-05

0.036237 2.5e-05

0.032661 1.8e-05

0.032623 3.7e-05

0.033154 1.7e-05

0.035543 1.5e-05

0.035365 2.7e-05

0.034108 1.6e-05

0.032723 1.6e-05

0.033963 2.3e-05

0.033291 2.2e-05

0.032137 2.3e-05

0.034771 3e-05

0.034744 2e-05

0.03478 2.7e-05

0.031916 1.9e-05

0.03421 2.8e-05

0.032464 2.7e-05

0.034887 2.3e-05

0.034869 1.7e-05

0.034782 1.4e-05

0.035066 1.8e-05

0.033058 4.2e-05

0.035197 2.1e-05

0.033095 1.4e-05

0.035112 1.5e-05

0.035074 8e-06

0.03307 2.4e-05

0.032115 2.8e-05

0.034519 2e-05

0.034266 1.4e-05

0.03478 2.1e-05

0.032037 2.4e-05

0.035424 2.3e-05

0.037622 2.4e-05

0.036039 2.5e-05

0.035497 2.4e-05

0.033977 2.1e-05

0.046431 5.3e-05

0.036414 2.6e-05

0.035139 3.1e-05

0.039768 2.4e-05

0.039069 2.4e-05

0.034833 1.9e-05

0.032202 1.5e-05

0.034896 2.7e-05

0.034806 2.5e-05

0.032554 2e-05

0.032886 2.5e-05

0.032142 2.6e-05

0.03419 2.1e-05

0.033751 3.1e-05

0.034851 2.4e-05

0.032179 5.2e-05

0.03472 2.5e-05

0.034471 2.4e-05

0.035222 2.4e-05

