0.017353 9e-06
0.017402 6e-06
0.01748 1e-05
0.016648 1e-05
0.017355 7e-06
0.016584 9e-06
0.018655 9e-06
0.023364 1.3e-05
0.017446 1e-05
0.017802 9e-06
0.021884 1e-05
0.017906 9e-06
0.016616 7e-06
0.017423 8e-06
0.01759 9e-06
0.016771 1e-05
0.017245 9e-06
0.017433 8e-06
0.017292 1e-05
0.017408 1e-05
0.016791 8e-06
0.016673 7e-06
0.017439 7e-06
0.0167 5e-06
0.017162 8e-06
0.017344 1.1e-05
0.017422 8e-06
0.019636 7e-06
0.017335 7e-06
0.017344 8e-06
0.018533 6e-06
0.017461 8e-06
0.017354 4e-06
0.017326 5e-06
0.017802 8e-06
0.017334 8e-06
0.016618 9e-06
0.017375 7e-06
0.017327 7e-06
0.017374 6e-06
0.017357 7e-06
0.017442 6e-06
0.017907 7e-06
0.018015 6e-06
0.017382 7e-06
0.01731 7e-06
0.017441 7e-06
0.01746 7e-06
0.017579 7e-06
0.01797 8e-06
0.017041 8e-06
0.017889 6e-06
0.01533 7e-06
0.017045 8e-06
0.017881 6e-06
0.01873 6e-06
0.018221 7e-06
0.017839 9e-06
0.016714 1.1e-05
0.016848 1e-05
0.017403 1.1e-05
0.018693 8e-06
0.018706 1e-05
0.019893 8e-06
0.017426 9e-06
0.017371 9e-06
0.019366 9e-06
0.027461 9e-06
0.016679 8e-06
0.018862 1.1e-05
0.017846 8e-06
0.017365 7e-06
0.017353 4e-06
0.018759 6e-06
0.018407 5e-06
0.018775 5e-06
0.01738 8e-06
0.019175 1e-05
0.017341 8e-06
0.017377 6e-06
0.017867 6e-06
0.017457 9e-06
0.017391 4e-06
0.01736 6e-06
0.017417 7e-06
0.017147 8e-06
0.013895 6e-06
0.016662 9e-06
0.016626 8e-06
0.017756 6e-06
0.017412 8e-06
0.017385 7e-06
0.017423 7e-06
0.018753 5e-06
0.018693 7e-06
0.017396 7e-06
0.016454 7e-06
0.019102 9e-06
0.017515 6e-06
0.01733 7e-06
0.017346 8e-06
0.017356 6e-06
0.016643 7e-06
0.017693 5e-06
0.019292 5e-06
0.021251 6e-06
0.019077 7e-06
0.015728 5e-06
0.017878 1e-05
0.020353 6e-06
0.021935 7e-06
0.017347 6e-06
0.017748 5e-06
0.018385 9e-06
0.018488 8e-06
0.016679 6e-06
0.017387 6e-06
0.017766 7e-06
0.017172 1e-05
0.017441 9e-06
0.018738 8e-06
0.018826 8e-06
0.021963 7e-06
0.01883 8e-06
0.019634 8e-06
0.018385 8e-06
0.019461 8e-06
0.017786 6e-06
0.018293 9e-06
0.017833 9e-06
0.01768 8e-06
0.019063 7e-06
0.018969 9e-06
0.018898 9e-06
0.017358 7e-06
0.01823 9e-06
0.020097 8e-06
0.018384 7e-06
0.019435 8e-06
0.018714 8e-06
0.016762 7e-06
0.018811 9e-06
0.017802 6e-06
0.022501 1e-05
0.016846 7e-06
0.016037 6e-06
0.017467 1.2e-05
0.017381 8e-06
0.022341 8e-06
0.024087 1.2e-05
0.020625 7e-06
0.01891 8e-06
0.016675 6e-06
0.018152 7e-06
0.017728 8e-06
0.018248 6e-06
0.019942 9e-06
0.01758 8e-06
0.023668 1e-05
0.018198 9e-06
0.018241 1e-05
0.023592 1.4e-05
0.022932 1.3e-05
0.022572 1.2e-05
0.022589 7e-06
0.023232 1.4e-05
0.018161 8e-06
0.017464 7e-06
0.02075 1.2e-05
0.025752 9e-06
0.025751 9e-06
0.023876 1.1e-05
0.016642 7e-06
0.018037 8e-06
0.018773 7e-06
0.017933 8e-06
0.017373 2e-06
0.017316 7e-06
0.019267 8e-06
0.019943 6e-06
0.018782 6e-06
0.018759 8e-06
0.021622 9e-06
0.021196 7e-06
0.016622 7e-06
0.017225 8e-06
0.018655 6e-06
0.020072 7e-06
0.01735 7e-06
0.01668 7e-06
0.02031 7e-06
0.022711 6e-06
0.017416 8e-06
0.016743 7e-06
0.017657 6e-06
0.017735 8e-06
0.016914 9e-06
0.018763 1e-05
0.017713 7e-06
0.017384 6e-06
0.016657 7e-06
0.017815 7e-06
0.018202 8e-06
0.020601 8e-06
0.017298 6e-06
0.018714 6e-06
0.021973 6e-06
0.020687 6e-06
0.018816 7e-06
0.017886 5e-06
0.021891 9e-06
0.023711 7e-06
0.016768 8e-06
0.017351 8e-06
0.020092 8e-06
0.021282 6e-06
0.018723 7e-06
0.018718 5e-06
0.021514 7e-06
0.019662 9e-06
0.017823 7e-06
0.018726 8e-06
0.016627 7e-06
0.019832 7e-06
0.018806 9e-06
0.017315 8e-06
0.017391 7e-06
0.01785 7e-06
0.018726 8e-06
0.018847 7e-06
0.019127 9e-06
0.019918 6e-06
0.018917 6e-06
0.01744 8e-06
0.018407 2.4e-05
0.024101 1e-05
0.017369 6e-06
0.018778 1e-05
0.017777 5e-06
0.017933 7e-06
0.018089 8e-06
0.020776 7e-06
0.018028 6e-06
0.01857 9e-06
0.017354 9e-06
0.01651 1e-05
0.01733 1e-05
0.018824 9e-06
0.017454 8e-06
0.017288 8e-06
0.017978 9e-06
0.01739 6e-06
0.01753 8e-06
0.017367 7e-06
0.017392 8e-06
0.017789 9e-06
0.01757 8e-06
0.017902 6e-06
0.01747 7e-06
0.01783 7e-06
0.017365 5e-06
0.017379 8e-06
0.01603 8e-06
0.017761 1e-05
0.017787 7e-06
0.01865 6e-06
0.021051 7e-06
0.019063 7e-06
0.016819 9e-06
0.018971 9e-06
0.016986 7e-06
0.017795 6e-06
0.017389 7e-06
0.017465 6e-06
0.01743 7e-06
0.018975 8e-06
0.017407 9e-06
0.01736 5e-06
0.017371 8e-06
0.016647 8e-06
0.018721 1e-05
0.017331 7e-06
0.017538 7e-06
0.017785 8e-06
0.017744 8e-06
0.018783 7e-06
0.017597 9e-06
0.017345 5e-06
0.018732 8e-06
0.016611 5e-06
0.016477 8e-06
0.018768 9e-06
0.017489 6e-06
0.01784 4e-06
0.018895 8e-06
0.016689 6e-06
0.016978 7e-06
0.016655 8e-06
0.018734 7e-06
0.017417 6e-06
0.017422 8e-06
0.017928 5e-06
0.017395 8e-06
0.019103 8e-06
0.016913 1e-05
0.016956 1e-05
0.017972 1.1e-05
0.01955 1e-05
0.017843 6e-06
0.017399 9e-06
0.016923 7e-06
0.017485 9e-06
0.018737 3e-06
0.017466 1e-05
0.017832 8e-06
0.016675 9e-06
0.017373 9e-06
0.017334 9e-06
0.016883 1e-05
0.018785 1.2e-05
0.01743 1e-05
0.017406 7e-06
0.017636 1e-05
0.018873 9e-06
0.016946 9e-06
0.017503 1.1e-05
0.017449 9e-06
0.018106 8e-06
0.01877 9e-06
0.018727 7e-06
0.018257 1.1e-05
0.018689 9e-06
0.019246 9e-06
0.0182 9e-06
0.017649 9e-06
0.017293 1e-05
0.018762 1.1e-05
0.017342 1e-05
0.017325 1e-05
0.017394 8e-06
0.018776 8e-06
0.018537 4e-06
0.01764 7e-06
0.01873 5e-06
0.018653 6e-06
0.018693 5e-06
0.017554 7e-06
0.017391 7e-06
0.017366 6e-06
0.017384 5e-06
0.017361 7e-06
0.018554 7e-06
0.015923 5e-06
0.017434 6e-06
0.017357 6e-06
0.017846 7e-06
0.017358 9e-06
0.018695 5e-06
0.016687 1e-05
0.017312 9e-06
0.016671 1e-05
0.017318 8e-06
0.017153 7e-06
0.019025 7e-06
0.017386 2.4e-05
0.017408 1e-05
0.017535 1e-05
0.01897 1e-05
0.01783 8e-06
0.018794 1e-05
0.01869 8e-06
0.017833 7e-06
0.016564 7e-06
0.017314 7e-06
0.017777 8e-06
0.017645 9e-06
0.018788 7e-06
0.018765 7e-06
0.01765 7e-06
0.019224 8e-06
0.018944 7e-06
0.017363 6e-06
0.016642 1.7e-05
0.017304 8e-06
0.019173 1.2e-05
0.019405 7e-06
0.020203 8e-06
0.017917 5e-06
0.017321 6e-06
0.017434 7e-06
0.0185 1.1e-05
0.017403 8e-06
0.016636 7e-06
0.017414 7e-06
0.020028 7e-06
0.018738 7e-06
0.017568 8e-06
0.017483 8e-06
0.017345 8e-06
0.017307 7e-06
0.018682 8e-06
0.017507 8e-06
0.016708 8e-06
0.017628 7e-06
0.017355 7e-06
0.017526 7e-06
0.018072 1.5e-05
0.017684 8e-06
0.016792 8e-06
0.016661 7e-06
0.017737 8e-06
0.020595 6e-06
0.016666 7e-06
0.017386 9e-06
0.017527 7e-06
0.019558 8e-06
0.0187 7e-06
0.016645 7e-06
0.017535 9e-06
0.019509 9e-06
0.017399 9e-06
0.017823 4e-06
0.01781 6e-06
0.018683 7e-06
0.016792 8e-06
0.019089 5e-06
0.018036 7e-06
0.018604 7e-06
0.017358 5e-06
0.015144 8e-06
0.017769 8e-06
0.018825 5e-06
0.017375 6e-06
0.01733 8e-06
0.022829 7e-06
0.017834 7e-06
0.01675 9e-06
0.017292 6e-06
0.016663 8e-06
0.017774 8e-06
0.016602 6e-06
0.018704 7e-06
0.017399 6e-06
0.016658 8e-06
0.01775 7e-06
0.017328 7e-06
0.016101 7e-06
0.016811 9e-06
0.016737 8e-06
0.017345 7e-06
0.018765 9e-06
0.017349 7e-06
0.01805 8e-06
0.017902 8e-06
0.01664 6e-06
0.016722 7e-06
0.017403 6e-06
0.017191 7e-06
0.016831 7e-06
0.020625 8e-06
0.017359 7e-06
0.017319 7e-06
0.021712 9e-06
0.021421 4e-06
0.019021 4e-06
0.018751 7e-06
0.021088 7e-06
0.017336 6e-06
0.016465 6e-06
0.01734 8e-06
0.017435 7e-06
0.017474 6e-06
0.017327 4e-06
0.017802 7e-06
0.016108 9e-06
0.018764 1e-05
0.018747 7e-06
0.017329 4e-06
0.017687 7e-06
0.017835 4e-06
0.017431 8e-06
0.017538 6e-06
0.017367 7e-06
0.018836 8e-06
0.01739 7e-06
0.015869 7e-06
0.017819 1e-05
0.024523 9e-06
0.023688 1e-05
0.024422 5e-06
0.017398 6e-06
0.017317 8e-06
0.018873 8e-06
0.018551 6e-06
0.017515 7e-06
0.01724 8e-06
0.017835 2.2e-05
0.0182 8e-06
0.021012 7e-06
0.01879 9e-06
0.016594 6e-06
0.018999 8e-06
0.018333 8e-06
0.018795 7e-06
0.017541 7e-06
0.018129 1.1e-05
0.018818 1e-05
0.018247 1e-05
0.017434 9e-06
0.017374 1.2e-05
0.017807 6e-06
0.016776 7e-06
0.017824 6e-06
0.01754 8e-06
0.017314 8e-06
0.017292 6e-06
0.017496 7e-06
0.018788 8e-06
0.01673 8e-06
0.017369 7e-06
0.017471 9e-06
0.017412 8e-06
0.01873 7e-06
0.015143 7e-06
0.017352 7e-06
0.01741 9e-06
0.017527 9e-06
0.016681 6e-06
0.017354 5e-06
0.018746 7e-06
0.018994 7e-06
0.017357 3e-06
0.017789 5e-06
0.019002 6e-06
0.017337 9e-06
0.017472 7e-06
0.018766 8e-06
0.017336 7e-06
0.017824 5e-06
0.016689 8e-06
0.017258 8e-06
0.017868 9e-06
0.018885 6e-06
0.0174 3e-06
0.017378 6e-06
0.018394 7e-06
0.020389 8e-06
0.017892 6e-06
0.017377 6e-06
0.019644 3e-06
0.017891 7e-06
0.015589 7e-06
0.017829 9e-06
0.017521 6e-06
0.019564 6e-06
0.017339 7e-06
0.018736 4e-06
0.017419 6e-06
0.01712 9e-06
0.016642 7e-06
0.016693 5e-06
0.017338 6e-06
0.017554 9e-06
0.017417 9e-06
0.01748 6e-06
0.019757 5e-06
0.017406 9e-06
0.017323 5e-06
0.018894 8e-06
0.01744 7e-06
0.016726 8e-06
0.017858 7e-06
0.017746 7e-06
0.017422 1.1e-05
0.016676 4e-06
0.016738 8e-06
0.018739 6e-06
0.01734 4e-06
0.019422 7e-06
0.017007 7e-06
0.01736 7e-06
0.017429 8e-06
0.017167 7e-06
0.018728 6e-06
0.01739 6e-06
0.019833 7e-06
0.017739 8e-06
0.017404 7e-06
0.017353 7e-06
0.01743 8e-06
0.021111 1e-05
0.017715 8e-06
0.018171 8e-06
0.018742 8e-06
0.01768 7e-06
0.018716 4e-06
0.016734 5e-06
0.018786 7e-06
0.0219 7e-06
0.01734 6e-06
0.017292 7e-06
0.024591 8e-06
0.01837 9e-06
0.017912 6e-06
0.018831 7e-06
0.01745 8e-06
0.019403 9e-06
0.017637 1.3e-05
0.018927 8e-06
0.0188 1e-05
0.018813 8e-06
0.017415 9e-06
0.024452 8e-06
0.01881 6e-06
0.017341 8e-06
0.017387 6e-06
0.01662 7e-06
0.017365 7e-06
0.02133 7e-06
0.017332 6e-06
0.016691 1e-05
0.020502 1.1e-05
0.019512 1.2e-05
0.016829 1.9e-05
0.018818 8e-06
0.018248 8e-06
0.017605 8e-06
0.017633 5e-06
0.017844 9e-06
0.017413 8e-06
0.018319 2.3e-05
0.017837 9e-06
0.018534 8e-06
0.022023 4e-06
0.019521 8e-06
0.018343 7e-06
0.018732 7e-06
0.02085 7e-06
0.01859 9e-06
0.016701 7e-06
0.017911 8e-06
0.019309 8e-06
0.017554 6e-06
0.014607 5e-06
0.017391 6e-06
0.01663 5e-06
0.018733 7e-06
0.017325 6e-06
0.016644 1e-05
0.016666 8e-06
0.016684 8e-06
0.01737 7e-06
0.018772 6e-06
0.016504 7e-06
0.017409 1e-05
0.017364 8e-06
0.018748 7e-06
0.018681 8e-06
0.017885 6e-06
0.017369 8e-06
0.017588 8e-06
0.01868 8e-06
0.017361 7e-06
0.016701 8e-06
0.017354 5e-06
0.018927 8e-06
0.017367 1e-05
0.017361 7e-06
0.017375 8e-06
0.017337 1e-05
0.016362 9e-06
0.016626 7e-06
0.01783 4e-06
0.018677 8e-06
0.018638 1e-05
0.017402 7e-06
0.023599 6e-06
0.018094 1e-05
0.017531 9e-06
0.017242 8e-06
0.017392 9e-06
0.017646 1e-05
0.01785 1e-05
0.017405 1e-05
0.018794 5e-06
0.017414 8e-06
0.021097 8e-06
0.017372 1e-05
0.018173 8e-06
0.02001 6e-06
0.018784 8e-06
0.016631 7e-06
0.0154 7e-06
0.017465 9e-06
0.02105 7e-06
0.017876 9e-06
0.01878 1e-05
0.018194 6e-06
0.017397 7e-06
0.017768 8e-06
0.018724 9e-06
0.018998 7e-06
0.019226 8e-06
0.016053 8e-06
0.018784 1e-05
0.016936 6e-06
0.017977 7e-06
0.016648 7e-06
0.017365 6e-06
0.01788 7e-06
0.021432 8e-06
0.018927 8e-06
0.016711 5e-06
0.019712 9e-06
0.016699 7e-06
0.017382 5e-06
0.017408 7e-06
0.019321 6e-06
0.020336 5e-06
0.018709 6e-06
0.01667 6e-06
0.018565 6e-06
0.023035 1e-05
0.018435 7e-06
0.018771 7e-06
0.017349 9e-06
0.017365 8e-06
0.016706 7e-06
0.017327 9e-06
0.017334 7e-06
0.017832 8e-06
0.016957 6e-06
0.020609 9e-06
0.018229 1e-05
0.019349 8e-06
0.017729 9e-06
0.018146 7e-06
0.017319 6e-06
0.018759 8e-06
0.019349 8e-06
0.017938 9e-06
0.017914 5e-06
0.017382 4e-06
0.017571 8e-06
0.017356 7e-06
0.017578 7e-06
0.017376 7e-06
0.017186 8e-06
0.017395 8e-06
0.017574 6e-06
0.01738 9e-06
0.017094 1e-05
0.017056 8e-06
0.015961 7e-06
0.019528 9e-06
0.018525 9e-06
0.017911 7e-06
0.021411 9e-06
0.017054 8e-06
0.01799 9e-06
0.018817 8e-06
0.017793 7e-06
0.017968 6e-06
0.017354 8e-06
0.018203 8e-06
0.018514 9e-06
0.017417 1e-05
0.018803 5e-06
0.017373 6e-06
0.017288 1e-05
0.023004 9e-06
0.021405 1.1e-05
0.019374 6e-06
0.019763 8e-06
0.018706 7e-06
0.01751 8e-06
0.017507 8e-06
0.018046 7e-06
0.020345 6e-06
0.018764 6e-06
0.016226 9e-06
0.016773 8e-06
0.018761 9e-06
0.018788 1e-05
0.017456 8e-06
0.017421 1e-05
0.01745 1.3e-05
0.017594 1e-05
0.018556 9e-06
0.024263 1.3e-05
0.022226 7e-06
0.017367 1.2e-05
0.017395 5e-06
0.019289 8e-06
0.021633 1.1e-05
0.019004 9e-06
0.01739 1e-05
0.019002 9e-06
0.01741 6e-06
0.018126 1.1e-05
0.024554 9e-06
0.017463 9e-06
0.017348 8e-06
0.017328 7e-06
0.017392 7e-06
0.017351 7e-06
0.018172 8e-06
0.017325 8e-06
0.017371 8e-06
0.017485 7e-06
0.01777 7e-06
0.016669 7e-06
0.019209 1e-05
0.017706 1.1e-05
0.0187 9e-06
0.017275 1e-05
0.017376 8e-06
0.017331 1.1e-05
0.017368 9e-06
0.018799 9e-06
0.018066 8e-06
0.02013 1e-05
0.018448 7e-06
0.017598 8e-06
0.016875 9e-06
0.017375 9e-06
0.018816 6e-06
0.018706 7e-06
0.017354 5e-06
0.018916 6e-06
0.019921 8e-06
0.017365 6e-06
0.017387 6e-06
0.01969 7e-06
0.018716 7e-06
0.018229 6e-06
0.019825 7e-06
0.018007 7e-06
0.017761 7e-06
0.018338 7e-06
0.01667 1.1e-05
0.017098 1.1e-05
0.018407 7e-06
0.017448 6e-06
0.016655 8e-06
0.017521 6e-06
0.017792 8e-06
0.023522 9e-06
0.024471 9e-06
0.017656 7e-06
0.017413 7e-06
0.016797 7e-06
0.018334 5e-06
0.021005 6e-06
0.01873 8e-06
0.018516 7e-06
0.024234 8e-06
0.021394 6e-06
0.016663 5e-06
0.01875 8e-06
0.017698 7e-06
0.017442 8e-06
0.017426 7e-06
0.018704 8e-06
0.016668 4e-06
0.016785 8e-06
0.017999 4e-06
0.017371 8e-06
0.017386 8e-06
0.025551 7e-06
0.01784 1e-05
0.017286 7e-06
0.018009 7e-06
0.019565 7e-06
0.018755 1.1e-05
0.017426 6e-06
0.018104 8e-06
0.017266 8e-06
0.017855 6e-06
0.017429 6e-06
0.019729 8e-06
0.019924 6e-06
0.017308 5e-06
0.017365 7e-06
0.01882 5e-06
0.019843 7e-06
0.017376 6e-06
0.017434 7e-06
0.019124 8e-06
0.019294 8e-06
0.017409 7e-06
0.017354 4e-06
0.019904 6e-06
0.020298 8e-06
0.017465 6e-06
0.017342 6e-06
0.017557 7e-06
0.017549 8e-06
0.016647 7e-06
0.015709 7e-06
0.01667 8e-06
0.017622 8e-06
0.017436 8e-06
0.018787 7e-06
0.019255 9e-06
0.019579 9e-06
0.019684 7e-06
0.017824 8e-06
0.021357 4e-06
0.021124 8e-06
0.015982 8e-06
0.016662 8e-06
0.018022 7e-06
0.019784 8e-06
0.017297 6e-06
0.018708 5e-06
0.018467 7e-06
0.018776 7e-06
0.017344 8e-06
0.020068 9e-06
0.019086 8e-06
0.019014 8e-06
0.018855 6e-06
0.018747 8e-06
0.018693 6e-06
0.020974 7e-06
0.016497 8e-06
0.01742 7e-06
0.017949 7e-06
0.0192 7e-06
0.01736 1.2e-05
0.025844 7e-06
0.016934 9e-06
0.017831 8e-06
0.018942 7e-06
0.017357 7e-06
0.02469 1e-05
0.018826 9e-06
0.016922 1.9e-05
0.018758 5e-06
0.022214 6e-06
0.017119 6e-06
0.016123 7e-06
0.016908 1.1e-05
0.018871 8e-06
0.01776 8e-06
0.017307 7e-06
0.017405 9e-06
0.017825 7e-06
0.018659 7e-06
0.018804 5e-06
0.017478 7e-06
0.017143 8e-06
0.020015 9e-06
0.018685 7e-06
0.017461 6e-06
0.019222 8e-06
0.019767 1.3e-05
0.018794 7e-06
0.016714 8e-06
0.017402 6e-06
0.018258 8e-06
0.018707 5e-06
0.021465 9e-06
0.018473 9e-06
0.0175 8e-06
0.017578 8e-06
0.018274 9e-06
0.02151 7e-06
0.019862 8e-06
0.018134 9e-06
0.01877 5e-06
0.020538 9e-06
0.019473 7e-06
0.017378 7e-06
0.016702 1e-05
0.018872 1.2e-05
0.016712 1.1e-05
0.017373 7e-06
0.018711 1.1e-05
0.017301 3.1e-05
0.022497 1.4e-05
0.016718 7e-06
0.016714 7e-06
0.020112 1e-05
0.01738 8e-06
0.017458 8e-06
0.026467 9e-06
0.018773 1.1e-05
0.016619 6e-06
0.016657 9e-06
0.017458 9e-06
0.017368 5e-06
0.016961 8e-06
0.018729 7e-06
0.017336 6e-06
0.018885 5e-06
0.017813 8e-06
0.01747 7e-06
0.022441 9e-06
