0.039659 0.007984
0.050134 0.007734
0.037053 0.011187
0.034886 0.012126
0.036893 0.012119
0.040969 0.011369
0.039619 0.012489
0.039985 0.009199
0.039025 0.015788
0.037057 0.016779
0.036938 0.007713
0.039367 0.016973
0.039686 0.010785
0.044682 0.011503
0.036851 0.009538
0.037823 0.017027
0.04033 0.010799
0.035346 0.012309
0.042037 0.009569
0.035686 0.01656
0.039597 0.013782
0.038254 0.007267
0.039685 0.020984
0.039779 0.011501
0.036708 0.016064
0.036835 0.014167
0.03771 0.009781
0.03952 0.008867
0.037004 0.010366
0.035774 0.011699
0.039401 0.011062
0.036205 0.01057
0.036946 0.00835
0.03675 0.008006
0.036693 0.008987
0.039675 0.012313
0.037181 0.01002
0.037676 0.009046
0.036887 0.017137
0.035487 0.008506
0.036982 0.012417
0.037544 0.010238
0.037159 0.011998
0.039745 0.013007
0.037837 0.014068
0.037615 0.010507
0.037631 0.011193
0.036915 0.01612
0.03576 0.013752
0.039758 0.024482
0.038414 0.011436
0.040426 0.011472
0.039182 0.012864
0.037933 0.011699
0.044253 0.010358
0.038316 0.016686
0.037174 0.01311
0.039632 0.013007
0.048021 0.016025
0.037034 0.012081
0.048085 0.016161
0.038133 0.014422
0.042956 0.01285
0.04242 0.019316
0.046532 0.017006
0.054153 0.008608
0.036915 0.01128
0.040478 0.010922
0.040177 0.011779
0.039541 0.009748
0.039519 0.015175
0.037743 0.016479
0.039903 0.011542
0.037895 0.008233
0.040261 0.014843
0.039911 0.011963
0.051228 0.018321
0.050757 0.016923
0.048443 0.015229
0.040005 0.010562
0.04045 0.009543
0.03568 0.013713
0.037118 0.012579
0.036836 0.014939
0.037275 0.011765
0.036813 0.017753
0.038578 0.009051
0.054076 0.014551
0.052482 0.016889
0.037846 0.014917
0.036833 0.007375
0.0396 0.0145
0.039834 0.01267
0.036639 0.008136
0.039184 0.013814
0.037815 0.010785
0.047026 0.013425
0.039609 0.010464
0.050326 0.011204
0.039527 0.012975
0.049194 0.011507
0.036824 0.009446
0.039517 0.007938
0.039562 0.011891
0.038569 0.0125
0.039387 0.011543
0.037517 0.017418
0.039602 0.012684
0.038272 0.008979
0.039528 0.009722
0.034959 0.012051
0.037924 0.014445
0.036561 0.015425
0.040869 0.008961
0.037818 0.010547
0.040356 0.011362
0.039909 0.013422
0.04063 0.010716
0.037391 0.011577
0.03982 0.014479
0.039642 0.015343
0.040663 0.012858
0.039686 0.014869
0.047073 0.010211
0.036598 0.014661
0.045576 0.010243
0.036638 0.015151
0.039568 0.009647
0.051343 0.015454
0.040258 0.013586
0.049078 0.01586
0.039606 0.009129
0.036963 0.007496
0.037765 0.006464
0.038 0.008941
0.0353 0.010804
0.039903 0.006601
0.036874 0.010828
0.037319 0.008374
0.037085 0.012671
0.037715 0.013559
0.041547 0.011954
0.039651 0.009904
0.037446 0.011659
0.037046 0.007975
0.03994 0.007355
0.039773 0.012765
0.039832 0.00689
0.039662 0.009002
0.037879 0.014332
0.037547 0.011154
0.035592 0.01285
0.039759 0.012184
0.034815 0.012698
0.039744 0.010259
0.037242 0.006539
0.039466 0.016025
0.041107 0.012246
0.03953 0.011646
0.035684 0.012714
0.03681 0.014987
0.034824 0.011645
0.039652 0.013138
0.038612 0.012135
0.039597 0.011873
0.036487 0.009044
0.037241 0.009121
0.036749 0.008442
0.037553 0.011542
0.039683 0.009123
0.039831 0.013121
0.039644 0.011365
0.03999 0.016582
0.039502 0.010892
0.037174 0.011535
0.037459 0.010348
0.038538 0.00926
0.036706 0.008505
0.050089 0.00849
0.045151 0.013262
0.045128 0.013571
0.047622 0.01739
0.048593 0.015359
0.048697 0.017329
0.049524 0.010052
0.046384 0.013929
0.046567 0.013547
0.039527 0.012354
0.04116 0.010071
0.036927 0.011006
0.055875 0.009507
0.039545 0.009569
0.039727 0.009268
0.039966 0.01494
0.037632 0.01177
0.037539 0.016385
0.036829 0.010606
0.039734 0.015726
0.039733 0.013632
0.037108 0.01311
0.036735 0.009533
0.039725 0.008827
0.039905 0.010904
0.036814 0.01245
0.036798 0.011429
0.037674 0.009979
0.037629 0.011676
0.03683 0.012154
0.037831 0.009145
0.038205 0.013763
0.037568 0.014034
0.03725 0.00992
0.039762 0.013001
0.037565 0.011686
0.039609 0.013044
0.036247 0.013343
0.036976 0.011253
0.037677 0.011069
0.039657 0.009931
0.03695 0.01409
0.03686 0.007545
0.039505 0.005468
0.037883 0.006717
0.036964 0.010978
0.037751 0.010929
0.039301 0.012913
0.039531 0.013386
0.037619 0.015496
0.039941 0.010696
0.045536 0.01054
0.040184 0.007757
0.039299 0.00923
0.038041 0.012807
0.039101 0.010926
0.036547 0.00998
0.037763 0.015665
0.03806 0.010613
0.039775 0.00918
0.036105 0.009935
0.036766 0.010205
0.046804 0.009479
0.042211 0.013598
0.03797 0.008799
0.040679 0.008503
0.03775 0.017067
0.049441 0.011679
0.037726 0.010009
0.037106 0.007646
0.039865 0.010118
0.040936 0.011613
0.040108 0.014837
0.037141 0.011965
0.039317 0.011505
0.040695 0.009969
0.039521 0.016461
0.040064 0.013565
0.036898 0.009514
0.043667 0.015964
0.038668 0.01214
0.038228 0.007996
0.039412 0.012476
0.043754 0.010968
0.039709 0.009602
0.04988 0.016362
0.04006 0.006098
0.036955 0.013187
0.038932 0.011152
0.039197 0.012594
0.043635 0.012751
0.037226 0.008687
0.039899 0.011207
0.040094 0.010978
0.037411 0.017934
0.037135 0.011005
0.039746 0.022012
0.040066 0.00806
0.03686 0.015129
0.040333 0.012926
0.036987 0.01306
0.037087 0.010291
0.039506 0.008206
0.041244 0.011305
0.036888 0.015078
0.039723 0.015616
0.03658 0.016546
0.039749 0.009744
0.038928 0.009903
0.037201 0.0169
0.035441 0.015979
0.039821 0.01178
0.03843 0.007658
0.040159 0.006721
0.039683 0.013864
0.038351 0.010294
0.040063 0.011487
0.039992 0.014721
0.036822 0.015941
0.037954 0.010827
0.039758 0.010043
0.03907 0.014157
0.039685 0.016642
0.037967 0.013178
0.038377 0.013281
0.040857 0.014568
0.037664 0.016079
0.043323 0.007426
0.035532 0.009883
0.037196 0.010655
0.037776 0.008214
0.039608 0.009709
0.03704 0.012329
0.04118 0.01491
0.038197 0.011415
0.039795 0.00977
0.035394 0.012904
0.045821 0.010602
0.039166 0.012314
0.03918 0.01304
0.038411 0.01168
0.037973 0.014806
0.038374 0.015063
0.037596 0.009833
0.038355 0.011483
0.037305 0.022175
0.048 0.011077
0.040107 0.015882
0.041471 0.015858
0.037135 0.007643
0.03986 0.014408
0.039751 0.011297
0.0373 0.011365
0.039732 0.013486
0.040624 0.018221
0.037254 0.011449
0.040809 0.00827
0.039582 0.00788
0.043264 0.015534
0.036776 0.008193
0.038206 0.017219
0.049562 0.011201
0.036905 0.007328
0.037518 0.009446
0.038867 0.01083
0.036888 0.014074
0.042626 0.013033
0.036747 0.011154
0.038675 0.011638
0.040139 0.013668
0.038208 0.011658
0.040738 0.008572
0.040962 0.015819
0.037724 0.014625
0.037712 0.01604
0.037154 0.012044
0.039818 0.00889
0.038041 0.009077
0.039785 0.008876
0.041152 0.009905
0.03956 0.011085
0.039272 0.013082
0.040231 0.016014
0.037731 0.009487
0.037143 0.011637
0.038441 0.012291
0.040682 0.014394
0.039739 0.014112
0.039532 0.013638
0.039723 0.010736
0.037363 0.011253
0.035455 0.009505
0.038077 0.011977
0.036116 0.009243
0.036894 0.015196
0.03655 0.007306
0.036976 0.009992
0.039723 0.007981
0.039884 0.012828
0.039839 0.01682
0.040498 0.008522
0.04005 0.00894
0.043516 0.014979
0.038206 0.008985
0.038689 0.009298
0.03901 0.009875
0.037118 0.011115
0.039588 0.016264
0.040339 0.017843
0.037924 0.010466
0.041549 0.010108
0.035447 0.016387
0.037263 0.015868
0.037688 0.016046
0.037656 0.014161
0.039914 0.011298
0.036808 0.011703
0.048837 0.006753
0.039284 0.011111
0.040283 0.011692
0.039644 0.016558
0.039943 0.010276
0.039678 0.011535
0.039911 0.004883
0.040082 0.009106
0.03918 0.012497
0.038839 0.01205
0.039887 0.012254
0.050985 0.008862
0.051087 0.016232
0.039639 0.016007
0.051774 0.015204
0.052517 0.018368
0.048329 0.017492
0.039619 0.015965
0.035231 0.007098
0.039514 0.01032
0.040216 0.009436
0.040047 0.01039
0.038141 0.014748
0.038723 0.016652
0.037043 0.016348
0.039619 0.014307
0.040506 0.01478
0.037253 0.016693
0.040213 0.013813
0.03825 0.020984
0.039582 0.007865
0.036634 0.004917
0.037062 0.010399
0.040443 0.021675
0.04025 0.013628
0.039418 0.010881
0.036865 0.007021
0.037068 0.013378
0.039302 0.011469
0.037178 0.010976
0.039727 0.012273
0.037904 0.01169
0.036214 0.008699
0.0369 0.015837
0.036547 0.012866
0.039491 0.008548
0.037843 0.009358
0.039819 0.008426
0.038224 0.013565
0.04153 0.010756
0.039573 0.007427
0.03939 0.00842
0.039445 0.016024
0.037695 0.007313
0.037844 0.008478
0.03775 0.011061
0.041302 0.013341
0.040295 0.007282
0.039034 0.007818
0.035751 0.016138
0.037255 0.01565
0.036973 0.010686
0.037638 0.013483
0.038336 0.006714
0.039572 0.015775
0.035713 0.009164
0.037082 0.011674
0.038006 0.01028
0.039774 0.005662
0.039475 0.006636
0.037629 0.008306
0.03954 0.012997
0.039985 0.010236
0.036748 0.012495
0.039562 0.012534
0.039662 0.01548
0.04034 0.012301
0.039575 0.009283
0.051177 0.014552
0.039636 0.008284
0.056386 0.008981
0.039457 0.009562
0.040015 0.009361
0.036679 0.012842
0.039837 0.013912
0.039918 0.011067
0.036826 0.014864
0.039582 0.014079
0.040691 0.012821
0.036695 0.007417
0.037944 0.01028
0.039397 0.014822
0.035191 0.009005
0.037891 0.015348
0.037919 0.012566
0.039486 0.01543
0.038303 0.009466
0.046386 0.007796
0.038016 0.010393
0.039728 0.015482
0.037053 0.010746
0.03677 0.010738
0.0377 0.012435
0.037697 0.009571
0.035247 0.015578
0.039821 0.012428
0.035866 0.01621
0.036807 0.010231
0.03878 0.014065
0.036939 0.018384
0.038686 0.014925
0.040347 0.012601
0.036579 0.013927
0.036772 0.015801
0.035767 0.013527
0.041333 0.013136
0.03805 0.015227
0.037681 0.009824
0.036727 0.010122
0.039639 0.013338
0.039163 0.016731
0.040172 0.013138
0.039274 0.010965
0.039761 0.011737
0.037712 0.006276
0.03927 0.019446
0.037431 0.014227
0.04168 0.012947
0.036498 0.014372
0.052543 0.0138
0.039291 0.014143
0.038102 0.013532
0.038557 0.009896
0.039895 0.010304
0.035183 0.012785
0.037836 0.006714
0.03679 0.014775
0.038145 0.011052
0.039765 0.010022
0.040503 0.01405
0.036956 0.013121
0.037674 0.01434
0.037 0.015461
0.039576 0.009872
0.039572 0.007174
0.03747 0.009911
0.036756 0.015375
0.03788 0.009366
0.039568 0.0121
0.039851 0.013489
0.03995 0.014459
0.03562 0.010958
0.039609 0.014769
0.037235 0.014038
0.037953 0.011523
0.039778 0.010631
0.03695 0.011694
0.039626 0.014937
0.037981 0.007263
0.036609 0.012756
0.039877 0.008375
0.037653 0.013072
0.036763 0.012923
0.035134 0.008036
0.039909 0.008975
0.03948 0.010193
0.037499 0.009804
0.039573 0.007684
0.035635 0.009679
0.037352 0.013109
0.039611 0.016425
0.037885 0.015211
0.036801 0.013851
0.039474 0.008809
0.040007 0.01409
0.039497 0.011581
0.03732 0.008908
0.036827 0.009123
0.040054 0.010862
0.037541 0.010231
0.037029 0.009519
0.039463 0.014519
0.040741 0.011647
0.040491 0.013909
0.038291 0.012239
0.037702 0.011153
0.039784 0.009534
0.039828 0.015109
0.037523 0.011122
0.039793 0.012528
0.037722 0.007992
0.052046 0.005899
0.037875 0.016201
0.055558 0.010608
0.040012 0.011176
0.039668 0.016011
0.043988 0.013073
0.037986 0.006293
0.040324 0.011814
0.037662 0.010545
0.039767 0.011283
0.036968 0.011961
0.037746 0.014208
0.037544 0.008022
0.0396 0.011483
0.037829 0.010329
0.039198 0.012904
0.0395 0.007001
0.038197 0.011473
0.036759 0.009633
0.038896 0.014732
0.036971 0.009906
0.040136 0.011672
0.03822 0.012909
0.03787 0.012087
0.039636 0.008519
0.037575 0.013635
0.037014 0.014273
0.037706 0.008579
0.044067 0.012684
0.037911 0.009996
0.056023 0.018059
0.038166 0.011859
0.040072 0.016566
0.034866 0.007342
0.056467 0.009115
0.040941 0.007996
0.043917 0.013607
0.038434 0.008814
0.038329 0.010742
0.036538 0.017556
0.044442 0.015996
0.039634 0.011054
0.039585 0.019957
0.039526 0.011198
0.036996 0.013319
0.039691 0.007874
0.039485 0.006911
0.03527 0.010678
0.036823 0.009369
0.039673 0.010511
0.039577 0.007556
0.039563 0.012051
0.037603 0.011937
0.036805 0.012105
0.038185 0.008478
0.037713 0.009217
0.039594 0.010442
0.035379 0.016187
0.037917 0.008197
0.043011 0.014584
0.040204 0.011143
0.05634 0.011559
0.040182 0.01331
0.039563 0.012488
0.037503 0.009561
0.039594 0.01026
0.039712 0.008762
0.037977 0.01172
0.037157 0.010222
0.036788 0.01379
0.038319 0.010556
0.037863 0.013039
0.039927 0.012601
0.040632 0.017555
0.03748 0.014133
0.039676 0.008332
0.039482 0.005615
0.036714 0.010983
0.037253 0.009575
0.036831 0.013962
0.037423 0.01174
0.039506 0.012665
0.036294 0.016734
0.039517 0.00943
0.036603 0.009718
0.039635 0.015924
0.03737 0.009999
0.036934 0.012501
0.039721 0.014797
0.039035 0.015112
0.038607 0.010368
0.039562 0.008905
0.03969 0.015367
0.040462 0.008101
0.036613 0.014695
0.040012 0.011815
0.038398 0.015662
0.039615 0.008927
0.044466 0.014918
0.039486 0.010486
0.037097 0.013604
0.039494 0.00898
0.035551 0.009276
0.036873 0.009773
0.039548 0.014706
0.039684 0.00933
0.036781 0.00647
0.03823 0.008285
0.038137 0.015876
0.040236 0.00845
0.039635 0.011294
0.039971 0.015427
0.036884 0.008159
0.039035 0.009057
0.041336 0.007311
0.036956 0.011292
0.037122 0.016149
0.037029 0.00873
0.036978 0.009077
0.037412 0.012371
0.036964 0.008113
0.038857 0.011336
0.037789 0.012266
0.040002 0.015445
0.039629 0.009337
0.035605 0.009407
0.053124 0.00861
0.04058 0.016273
0.038441 0.010456
0.039914 0.010959
0.036981 0.01084
0.039259 0.007585
0.039719 0.011922
0.039419 0.012389
0.037992 0.01042
0.039648 0.01494
0.038275 0.010906
0.038018 0.009788
0.036941 0.008758
0.037975 0.010109
0.041166 0.009612
0.037475 0.00904
0.037756 0.010991
0.039801 0.012478
0.037746 0.009513
0.037589 0.010329
0.040106 0.015046
0.03975 0.013176
0.039982 0.009502
0.037656 0.012812
0.037667 0.00899
0.03704 0.013586
0.040297 0.008688
0.038014 0.008892
0.039819 0.010562
0.037812 0.016297
0.038284 0.008705
0.036958 0.013434
0.037673 0.009084
0.036803 0.010644
0.037728 0.008663
0.038166 0.015261
0.037854 0.016829
0.037918 0.013554
0.035547 0.00879
0.039627 0.015526
0.037603 0.013659
0.039704 0.016182
0.038826 0.021857
0.036978 0.014028
0.039338 0.011193
0.037953 0.008135
0.039988 0.009958
0.037888 0.008386
0.039977 0.010886
0.037489 0.00954
0.034825 0.015653
0.039836 0.01024
0.034892 0.015322
0.037816 0.0145
0.03822 0.010128
0.037743 0.013017
0.040412 0.009021
0.039595 0.009289
0.039918 0.012706
0.037653 0.010037
0.039881 0.010332
0.037751 0.008304
0.039857 0.011355
0.037559 0.016484
0.037598 0.01357
0.035928 0.012064
0.038251 0.017059
0.036519 0.010148
0.039946 0.012498
0.039624 0.016702
0.038154 0.015638
0.039292 0.01053
0.040475 0.007249
0.038004 0.009976
0.037987 0.016052
0.040455 0.012017
0.037556 0.012987
0.039365 0.008944
0.041345 0.010076
0.036995 0.012187
0.053609 0.011742
0.039823 0.016834
0.038914 0.015871
0.039333 0.015836
0.039723 0.01137
0.038765 0.015343
0.036834 0.0138
0.052955 0.00894
0.040319 0.010447
0.036308 0.009871
0.039746 0.006948
0.039198 0.005567
0.03777 0.009633
0.037049 0.012574
0.039579 0.007627
0.040659 0.011061
0.039846 0.0094
0.039543 0.009781
0.038328 0.013314
0.039751 0.011365
0.04041 0.010549
0.039616 0.011088
0.037246 0.012131
0.03678 0.011903
0.036831 0.014775
0.044875 0.014051
0.040571 0.008952
0.040083 0.009714
0.038341 0.014008
0.038595 0.013645
0.038056 0.012137
0.039819 0.010398
0.040432 0.010716
0.039638 0.005399
0.039835 0.011071
0.039878 0.012307
0.047355 0.015929
0.049086 0.013441
0.045953 0.009877
0.037976 0.015506
0.054119 0.01341
0.039749 0.011874
0.038884 0.012144
0.037077 0.016296
0.03673 0.00931
0.038101 0.010263
0.037751 0.012427
0.036188 0.009329
0.039739 0.009423
0.048708 0.016637
0.046082 0.01498
0.050316 0.021209
0.047576 0.021172
0.045215 0.019673
0.049341 0.013135
0.046179 0.006773
0.049735 0.015922
0.046212 0.016358
0.048752 0.020944
0.046712 0.013094
0.048826 0.011725
0.050015 0.015768
0.048628 0.013939
0.039155 0.008826
0.037427 0.014469
0.039591 0.016144
0.038567 0.007305
0.042289 0.014197
0.040182 0.011914
0.037481 0.008913
0.039503 0.016489
0.037767 0.012598
0.039619 0.013855
0.037708 0.01
0.039499 0.014471
0.040221 0.009012
0.036801 0.00936
0.040175 0.015102
0.039581 0.011428
0.040195 0.011655
0.040903 0.007798
0.039661 0.010081
0.039577 0.01374
0.036873 0.013556
0.03962 0.016389
0.039488 0.008302
0.039706 0.013025
0.038317 0.012747
0.040129 0.009866
0.040065 0.011167
0.03961 0.012258
0.038166 0.016831
0.037884 0.013525
0.040202 0.016015
0.036762 0.006371
0.038269 0.011536
0.037815 0.009629
0.035437 0.015448
0.039546 0.010592
0.035429 0.006827
0.036897 0.013285
0.039434 0.014522
0.037893 0.011134
0.037099 0.006223
0.035813 0.010647
0.040174 0.010121
0.038649 0.011005
0.036887 0.020917
0.037133 0.007875
0.036744 0.01572
0.037338 0.010272
0.039034 0.010361
0.039818 0.01325
0.036752 0.013052
0.03971 0.008558
0.039528 0.005974
0.037949 0.013613
0.039814 0.011991
0.035156 0.015996
0.039504 0.009049
0.036337 0.007337
0.036863 0.014344
0.037951 0.010513
0.036884 0.011541
0.037827 0.011506
0.055058 0.020535
0.055995 0.016779
0.051255 0.017086
0.052208 0.007801
0.056033 0.014122
0.054915 0.013763
0.038736 0.009741
0.037872 0.014704
0.040823 0.013586
0.037675 0.014709
0.040799 0.009819
0.040678 0.011328
0.040767 0.015167
0.040664 0.012203
0.04074 0.010634
0.037724 0.011604
0.037819 0.008888
0.040638 0.016343
0.040811 0.009376
0.040761 0.013312
0.039054 0.00752
0.03862 0.010555
0.041056 0.010256
0.03856 0.012256
0.041112 0.008128
0.037878 0.013261
0.037981 0.013759
0.040761 0.005698
0.037863 0.014269
0.0408 0.006872
0.040841 0.010942
0.038821 0.008246
0.040874 0.007977
0.037799 0.009555
0.035891 0.012957
0.038054 0.012564
0.036157 0.007439
0.037857 0.011861
0.040527 0.016399
0.038683 0.011544
0.039448 0.015213
0.038087 0.014972
0.039358 0.007373
0.038788 0.009251
0.04059 0.013063
0.040752 0.005448
0.040709 0.011997
0.038444 0.009041
0.037895 0.01281
0.041597 0.01288
0.038575 0.007575
0.038905 0.010301
0.04082 0.014632
0.037214 0.012472
0.037712 0.016859
0.038735 0.012044
0.04072 0.006647
0.041114 0.011289
0.040671 0.010865
0.041063 0.011564
0.040616 0.015683
0.040764 0.011126
0.038799 0.011225
0.039153 0.011126
0.040726 0.009141
0.039529 0.011624
0.040701 0.010265
0.041001 0.015229
0.037733 0.010736
0.03804 0.008741
0.037807 0.012849
0.039004 0.010819
0.038156 0.007991
0.040807 0.015456
0.040708 0.012434
0.04089 0.010813
0.0408 0.011772
0.040866 0.013722
0.037742 0.011253
0.039436 0.006104
0.040689 0.009417
0.038838 0.015616
0.04171 0.010179
