0.007906 6e-06

0.008178 2e-06

0.007905 4e-06

0.008271 3e-06

0.007851 4e-06

0.008182 4e-06

0.008171 4e-06

0.009215 4e-06

0.009081 5e-06

0.008155 6e-06

0.007951 3e-06

0.008445 4e-06

0.007786 2e-06

0.007781 4e-06

0.007857 4e-06

0.008911 3e-06

0.008192 3e-06

0.008015 4e-06

0.007948 4e-06

0.008052 2e-06

0.007815 5e-06

0.00831 4e-06

0.008221 5e-06

0.009007 4e-06

0.007852 2e-06

0.007854 4e-06

0.008895 3e-06

0.007818 3e-06

0.008314 5e-06

0.008292 5e-06

0.008113 3e-06

0.007847 3e-06

0.008239 3e-06

0.008961 3e-06

0.008268 2e-06

0.007776 3e-06

0.008123 5e-06

0.007942 3e-06

0.007941 4e-06

0.008227 2e-06

0.008544 6e-06

0.008172 3e-06

0.008072 3e-06

0.00943 3e-06

0.008949 4e-06

0.008164 2e-06

0.008264 3e-06

0.00848 4e-06

0.008359 3e-06

0.008362 4e-06

0.008305 4e-06

0.008316 3e-06

0.008079 4e-06

0.008016 6e-06

0.007941 6e-06

0.008056 1.6e-05

0.00811 5e-06

0.009087 4e-06

0.008434 3e-06

0.008187 4e-06

0.008326 3e-06

0.008343 5e-06

0.008363 5e-06

0.007934 4e-06

0.009366 4e-06

0.008223 7e-06

0.008501 5e-06

0.009569 6e-06

0.009349 3e-06

0.009055 4e-06

0.009185 3e-06

0.009183 6e-06

0.008103 4e-06

0.007907 4e-06

0.007948 3e-06

0.008012 4e-06

0.008383 2e-06

0.007762 2e-06

0.008213 2e-06

0.008191 4e-06

0.008222 5e-06

0.007823 4e-06

0.007769 3e-06

0.008508 4e-06

0.008107 3e-06

0.007858 3e-06

0.008168 3e-06

0.008262 5e-06

0.007957 4e-06

0.0082 3e-06

0.008017 7e-06

0.008631 3e-06

0.009286 3e-06

0.008267 4e-06

0.008276 5e-06

0.008521 5e-06

0.008372 5e-06

0.007955 3e-06

0.008262 3e-06

0.00823 4e-06

0.008048 5e-06

0.008629 5e-06

0.008548 4e-06

0.008631 3e-06

0.007976 4e-06

0.008504 8e-06

0.008565 5e-06

0.008308 4e-06

0.008352 4e-06

0.008993 5e-06

0.008591 4e-06

0.007938 4e-06

0.00826 3e-06

0.008279 4e-06

0.00812 3e-06

0.007946 5e-06

0.0086 3e-06

0.008243 7e-06

0.008131 6e-06

0.008081 5e-06

0.008968 4e-06

0.008257 4e-06

0.008455 5e-06

0.009053 5e-06

0.00838 3e-06

0.008342 4e-06

0.007916 5e-06

0.007946 3e-06

0.007848 3e-06

0.008272 5e-06

0.008085 3e-06

0.008164 4e-06

0.008162 2e-06

0.008314 3e-06

0.008689 4e-06

0.008145 3e-06

0.008527 3e-06

0.008754 5e-06

0.012059 8e-06

0.008453 4e-06

0.008133 4e-06

0.010283 6e-06

0.009166 5e-06

0.007955 9e-06

0.008203 4e-06

0.010593 4e-06

0.01063 3e-06

0.008407 6e-06

0.008364 5e-06

0.008043 5e-06

0.008513 3e-06

0.008385 4e-06

0.008341 3e-06

0.008351 4e-06

0.007942 3e-06

0.00817 3e-06

0.00817 5e-06

0.008345 3e-06

0.008148 4e-06

0.008138 4e-06

0.008204 2e-06

0.008203 3e-06

0.008152 4e-06

0.008245 3e-06

0.008235 3e-06

0.007996 3e-06

0.008021 5e-06

0.011437 4e-06

0.0084 7e-06

0.008108 5e-06

0.008403 3e-06

0.008327 5e-06

0.007984 6e-06

0.007979 5e-06

0.008336 3e-06

0.007924 3e-06

0.007736 3e-06

0.008215 4e-06

0.00829 5e-06

0.008169 3e-06

0.008289 2e-06

0.008137 3e-06

0.007913 3e-06

0.008034 4e-06

0.008383 5e-06

0.008298 3e-06

0.008697 5e-06

0.0087 6e-06

0.009205 7e-06

0.008347 5e-06

0.008497 4e-06

0.008336 4e-06

0.007981 5e-06

0.008306 4e-06

0.008097 5e-06

0.00801 5e-06

0.008345 4e-06

0.008408 3e-06

0.008248 4e-06

0.008275 3e-06

0.008358 5e-06

0.007828 5e-06

0.007805 3e-06

0.008314 4e-06

0.007841 4e-06

0.008266 3e-06

0.00819 4e-06

0.007983 5e-06

0.008321 4e-06

0.008307 3e-06

0.008543 3e-06

0.008317 4e-06

0.008334 3e-06

0.008318 4e-06

0.0084 5e-06

0.00827 5e-06

0.008488 6e-06

0.007924 2e-06

0.007917 5e-06

0.007929 5e-06

0.008194 3e-06

0.008373 3e-06

0.008265 3e-06

0.007999 6e-06

0.007878 5e-06

0.007817 3e-06

0.008144 4e-06

0.008187 3e-06

0.008109 4e-06

0.008136 3e-06

0.008115 4e-06

0.008305 3e-06

0.00822 3e-06

0.007986 4e-06

0.008159 4e-06

0.008244 4e-06

0.007846 3e-06

0.00813 5e-06

0.008152 4e-06

0.00821 3e-06

0.007722 3e-06

0.00793 3e-06

0.007792 2e-06

0.008912 3e-06

0.008177 4e-06

0.008085 3e-06

0.008152 4e-06

0.008151 4e-06

0.008087 4e-06

0.007834 3e-06

0.008466 3e-06

0.00809 4e-06

0.007905 2e-06

0.008252 4e-06

0.007741 4e-06

0.008852 3e-06

0.008237 5e-06

0.008292 3e-06

0.00815 2e-06

0.008188 3e-06

0.009557 3e-06

0.008395 5e-06

0.008372 6e-06

0.008003 4e-06

0.008541 5e-06

0.008282 5e-06

0.008501 6e-06

0.008274 5e-06

0.00835 5e-06

0.008336 4e-06

0.008338 5e-06

0.008347 4e-06

0.008614 4e-06

0.008483 7e-06

0.008107 4e-06

0.008369 4e-06

0.008477 6e-06

0.008425 5e-06

0.008199 4e-06

0.008333 3e-06

0.008325 4e-06

0.008568 7e-06

0.008676 5e-06

0.008539 4e-06

0.007945 4e-06

0.008499 4e-06

0.009064 3e-06

0.007902 4e-06

0.007974 5e-06

0.007981 5e-06

0.009037 4e-06

0.008293 4e-06

0.00804 5e-06

0.008382 5e-06

0.007965 4e-06

0.008495 4e-06

0.008257 1.6e-05

0.008579 4e-06

0.008088 5e-06

0.009845 5e-06

0.007959 3e-06

0.008477 5e-06

0.009024 5e-06

0.00799 4e-06

0.008778 7e-06

0.00912 7e-06

0.009382 5e-06

0.00835 6e-06

0.008529 3e-06

0.008286 4e-06

0.00834 3e-06

0.008378 3e-06

0.00833 6e-06

0.008267 5e-06

0.008121 4e-06

0.008296 6e-06

0.008933 4e-06

0.008479 3e-06

0.008351 5e-06

0.008375 5e-06

0.009455 5e-06

0.008649 4e-06

0.007943 5e-06

0.00891 4e-06

0.008529 5e-06

0.008695 4e-06

0.007967 5e-06

0.008305 4e-06

0.010208 8e-06

0.008426 5e-06

0.007919 4e-06

0.008438 4e-06

0.009312 6e-06

0.00892 7e-06

0.0083 3e-06

0.008975 3e-06

0.008261 5e-06

0.008296 5e-06

0.008266 4e-06

0.008159 3e-06

0.008195 5e-06

0.008295 3e-06

0.007957 4e-06

0.008431 4e-06

0.008381 6e-06

0.008337 4e-06

0.008158 5e-06

0.008359 4e-06

0.007988 3e-06

0.007975 2e-06

0.007886 3e-06

0.007982 4e-06

0.008429 5e-06

0.008047 4e-06

0.008329 4e-06

0.008279 3e-06

0.008452 4e-06

0.008569 3e-06

0.008364 3e-06

0.008973 3e-06

0.008276 4e-06

0.008883 4e-06

0.008205 3e-06

0.008324 4e-06

0.007804 4e-06

0.00825 5e-06

0.008178 3e-06

0.008338 5e-06

0.008917 5e-06

0.008299 3e-06

0.008549 5e-06

0.008336 4e-06

0.008106 6e-06

0.008062 5e-06

0.00836 5e-06

0.007987 4e-06

0.008071 4e-06

0.008407 2e-06

0.008338 4e-06

0.008253 5e-06

0.008369 3e-06

0.008351 5e-06

0.008389 4e-06

0.00917 4e-06

0.007924 3e-06

0.008197 4e-06

0.008441 4e-06

0.007927 4e-06

0.008138 3e-06

0.008122 4e-06

0.007899 3e-06

0.007825 3e-06

0.008202 3e-06

0.008026 2e-06

0.007865 3e-06

0.007809 3e-06

0.008165 4e-06

0.008365 4e-06

0.007795 4e-06

0.008177 3e-06

0.007747 2e-06

0.008929 4e-06

0.008145 2e-06

0.007911 3e-06

0.008249 4e-06

0.008345 3e-06

0.008132 3e-06

0.008177 3e-06

0.008348 3e-06

0.008147 3e-06

0.008251 4e-06

0.007816 3e-06

0.008134 3e-06

0.008141 3e-06

0.007851 3e-06

0.007925 3e-06

0.007918 4e-06

0.009372 4e-06

0.008404 4e-06

0.007944 4e-06

0.008339 4e-06

0.007962 5e-06

0.008332 5e-06

0.008364 4e-06

0.007967 4e-06

0.008391 4e-06

0.007883 3e-06

0.008255 4e-06

0.008197 3e-06

0.008115 4e-06

0.008805 3e-06

0.008088 2e-06

0.008379 4e-06

0.007827 4e-06

0.007818 4e-06

0.007795 3e-06

0.009065 4e-06

0.008202 3e-06

0.007829 4e-06

0.008541 4e-06

0.008115 4e-06

0.007757 4e-06

0.008184 4e-06

0.008508 2e-06

0.008329 4e-06

0.007929 2e-06

0.007983 3e-06

0.008322 3e-06

0.008334 4e-06

0.007946 3e-06

0.008309 5e-06

0.008343 3e-06

0.008299 4e-06

0.00968 4e-06

0.009148 5e-06

0.008252 4e-06

0.007833 3e-06

0.008405 3e-06

0.007896 4e-06

0.008279 3e-06

0.00898 3e-06

0.008009 4e-06

0.007985 4e-06

0.008349 4e-06

0.008925 3e-06

0.008126 3e-06

0.008801 2e-06

0.007956 5e-06

0.00802 4e-06

0.008528 4e-06

0.008371 1.9e-05

0.008394 5e-06

0.009182 5e-06

0.008513 3e-06

0.008012 5e-06

0.008482 3e-06

0.007891 3e-06

0.008224 4e-06

0.008128 3e-06

0.008138 4e-06

0.008157 4e-06

0.008188 4e-06

0.0079 4e-06

0.008165 2e-06

0.00786 3e-06

0.00775 3e-06

0.008226 5e-06

0.008377 4e-06

0.007737 2e-06

0.00832 3e-06

0.008145 3e-06

0.008896 3e-06

0.008157 3e-06

0.008175 3e-06

0.008096 3e-06

0.008413 2e-06

0.008128 3e-06

0.007774 3e-06

0.008822 2e-06

0.007861 4e-06

0.008157 3e-06

0.007907 5e-06

0.007822 3e-06

0.008221 3e-06

0.007889 3e-06

0.008786 3e-06

0.007814 4e-06

0.008872 4e-06

0.008127 3e-06

0.008259 3e-06

0.007876 3e-06

0.007859 4e-06

0.007813 3e-06

0.00821 3e-06

0.008121 3e-06

0.008127 4e-06

0.008044 4e-06

0.00812 3e-06

0.008928 4e-06

0.008088 4e-06

0.007968 3e-06

0.007828 2e-06

0.00783 3e-06

0.007783 3e-06

0.008261 4e-06

0.008424 4e-06

0.008206 4e-06

0.007783 3e-06

0.008309 2e-06

0.008195 4e-06

0.008162 5e-06

0.008435 5e-06

0.00796 1.2e-05

0.008056 4e-06

0.008251 4e-06

0.007873 4e-06

0.00817 5e-06

0.007819 3e-06

0.008892 4e-06

0.008801 5e-06

0.009484 5e-06

0.008056 4e-06

0.008438 4e-06

0.008968 7e-06

0.008913 4e-06

0.008753 5e-06

0.008583 3e-06

0.007973 5e-06

0.008323 4e-06

0.008242 3e-06

0.008116 5e-06

0.008225 3e-06

0.008928 3e-06

0.008125 4e-06

0.007811 3e-06

0.01053 1.1e-05

0.009307 4e-06

0.007881 4e-06

0.00813 3e-06

0.008924 7e-06

0.009478 5e-06

0.009368 4e-06

0.00877 5e-06

0.008104 3e-06

0.00844 4e-06

0.008086 5e-06

0.009115 5e-06

0.008273 4e-06

0.008196 4e-06

0.007843 3e-06

0.00778 4e-06

0.008288 4e-06

0.008294 3e-06

0.008789 3e-06

0.008197 3e-06

0.007882 3e-06

0.008095 4e-06

0.008139 3e-06

0.0081 3e-06

0.008569 4e-06

0.00817 4e-06

0.008127 5e-06

0.009046 3e-06

0.007874 5e-06

0.008155 2e-06

0.00838 3e-06

0.007746 4e-06

0.008504 4e-06

0.008517 4e-06

0.00779 3e-06

0.008136 2e-06

0.008113 4e-06

0.00852 4e-06

0.00961 4e-06

0.008269 3e-06

0.008826 3e-06

0.008208 4e-06

0.008165 3e-06

0.008145 2e-06

0.008186 4e-06

0.007857 4e-06

0.008232 4e-06

0.008871 3e-06

0.007891 2e-06

0.007741 3e-06

0.008302 4e-06

0.007804 4e-06

0.008202 3e-06

0.007801 3e-06

0.00838 3e-06

0.008911 2e-06

0.00818 4e-06

0.007835 3e-06

0.007769 3e-06

0.007798 2e-06

0.009006 3e-06

0.008274 4e-06

0.007777 2e-06

0.007924 4e-06

0.008871 3e-06

0.008179 3e-06

0.008208 3e-06

0.00779 2e-06

0.008208 3e-06

0.008086 3e-06

0.00828 1e-06

0.008537 3e-06

0.008033 5e-06

0.008499 5e-06

0.007912 4e-06

0.008888 4e-06

0.008659 3e-06

0.007852 3e-06

0.007932 3e-06

0.008558 2e-06

0.008236 5e-06

0.00833 3e-06

0.008403 4e-06

0.007919 4e-06

0.007977 5e-06

0.00894 4e-06

0.008375 6e-06

0.00832 5e-06

0.00939 4e-06

0.008486 3e-06

0.008008 2e-06

0.008482 4e-06

0.008322 3e-06

0.00798 4e-06

0.008569 4e-06

0.008557 3e-06

0.00885 4e-06

0.007986 5e-06

0.008231 4e-06

0.008794 5e-06

0.008285 4e-06

0.008189 8e-06

0.008797 4e-06

0.008766 3e-06

0.008324 4e-06

0.008786 5e-06

0.00812 5e-06

0.008493 4e-06

0.008536 5e-06

0.008294 3e-06

0.008893 5e-06

0.009268 5e-06

0.008532 4e-06

0.00832 2e-06

0.008225 4e-06

0.007919 4e-06

0.008048 5e-06

0.008286 3e-06

0.008192 5e-06

0.008561 4e-06

0.008968 5e-06

0.008847 5e-06

0.008028 5e-06

0.008278 3e-06

0.008257 5e-06

0.00801 3e-06

0.008985 4e-06

0.007853 4e-06

0.008266 4e-06

0.008467 3e-06

0.007929 4e-06

0.008144 4e-06

0.008363 3e-06

0.008265 4e-06

0.009018 4e-06

0.008339 5e-06

0.007913 4e-06

0.007929 5e-06

0.008318 3e-06

0.008592 5e-06

0.007967 5e-06

0.009028 4e-06

0.009205 6e-06

0.009236 7e-06

0.008969 6e-06

0.010025 9e-06

0.009692 5e-06

0.008353 4e-06

0.008048 5e-06

0.008366 4e-06

0.008491 3e-06

0.008685 6e-06

0.008641 4e-06

0.007943 4e-06

0.008342 8e-06

0.008078 3e-06

0.007978 4e-06

0.008326 4e-06

0.008378 4e-06

0.007957 3e-06

0.008287 4e-06

0.0085 4e-06

0.008566 3e-06

0.008426 4e-06

0.007973 3e-06

0.008275 5e-06

0.008321 5e-06

0.008308 2e-06

0.008366 2e-06

0.008298 4e-06

0.008397 5e-06

0.00794 4e-06

0.008283 5e-06

0.008237 3e-06

0.008082 3e-06

0.008206 3e-06

0.008203 4e-06

0.008188 3e-06

0.008246 2e-06

0.00822 2.3e-05

0.007847 5e-06

0.008961 4e-06

0.008003 4e-06

0.00802 5e-06

0.008285 3e-06

0.00796 4e-06

0.009053 5e-06

0.007932 4e-06

0.007867 3e-06

0.008246 3e-06

0.007902 3e-06

0.009762 1.5e-05

0.008853 5e-06

0.010616 4e-06

0.008305 7e-06

0.008344 3e-06

0.007943 7e-06

0.008428 5e-06

0.0093 5e-06

0.012574 5e-06

0.009242 7e-06

0.009471 3e-06

0.008172 5e-06

0.008387 4e-06

0.008399 5e-06

0.008373 4e-06

0.012039 6e-06

0.00831 5e-06

0.00799 8e-06

0.009111 6e-06

0.008413 4e-06

0.008319 6e-06

0.008448 6e-06

0.008392 5e-06

0.009174 4e-06

0.008348 2e-05

0.008338 4e-06

0.008454 4e-06

0.008342 3e-06

0.008122 4e-06

0.008033 4e-06

0.008319 4e-06

0.008541 3e-06

0.007907 3e-06

0.007941 4e-06

0.008278 3e-06

0.00818 2e-06

0.008909 4e-06

0.007957 3e-06

0.008107 4e-06

0.008287 4e-06

0.008269 3e-06

0.007734 3e-06

0.007801 4e-06

0.007954 3e-06

0.008224 4e-06

0.008158 3e-06

0.008184 3e-06

0.007866 3e-06

0.008022 4e-06

0.007921 3e-06

0.007928 4e-06

0.007919 4e-06

0.008585 3e-06

0.008307 4e-06

0.008164 5e-06

0.009006 4e-06

0.008207 4e-06

0.008406 3e-06

0.008533 4e-06

0.009081 4e-06

0.008166 4e-06

0.007843 3e-06

0.007812 3e-06

0.007971 4e-06

0.008604 4e-06

0.00835 4e-06

0.008029 3e-06

0.008261 5e-06

0.008115 1.9e-05

0.008498 4e-06

0.008961 4e-06

0.008078 3e-06

0.008543 3e-06

0.008005 4e-06

0.007896 3e-06

0.009491 3e-06

0.008025 3e-06

0.008268 3e-06

0.008538 3e-06

0.00814 4e-06

0.00834 3e-06

0.008457 6e-06

0.008137 2e-06

0.008485 4e-06

0.00792 4e-06

0.008247 3e-06

0.00857 3e-06

0.008062 3e-06

0.009249 8e-06

0.007994 4e-06

0.00799 4e-06

0.008258 7e-06

0.008331 4e-06

0.007993 5e-06

0.009618 4e-06

0.008305 2e-06

0.008115 4e-06

0.008034 4e-06

0.008247 4e-06

0.008318 3e-06

0.007965 5e-06

0.007997 4e-06

0.008161 3e-06

0.008231 4e-06

0.008947 4e-06

0.007842 4e-06

0.008944 5e-06

0.008263 2e-06

0.008214 4e-06

0.008282 4e-06

0.00794 3e-06

0.00806 6e-06

0.008523 3e-06

0.008687 5e-06

0.00929 4e-06

0.00852 4e-06

0.008289 5e-06

0.009632 3e-06

0.009238 6e-06

0.009124 4e-06

0.008233 3e-06

0.008407 6e-06

0.008561 5e-06

0.009032 4e-06

0.008302 4e-06

0.008362 5e-06

0.008472 7e-06

0.007973 5e-06

0.008307 5e-06

0.010329 3e-06

0.008237 5e-06

0.008023 5e-06

0.008427 4e-06

0.007903 3e-06

0.008331 5e-06

0.008381 4e-06

0.00849 1.6e-05

0.008144 4e-06

0.008504 5e-06

0.008355 4e-06

0.007982 4e-06

0.008 4e-06

0.008165 5e-06

0.0085 4e-06

0.00852 5e-06

0.010024 6e-06

0.008321 3e-06

0.008199 3e-06

0.009533 5e-06

0.008298 4e-06

0.007949 5e-06

0.008355 4e-06

0.008336 4e-06

0.007985 4e-06

0.008522 4e-06

0.008224 3e-06

0.00899 5e-06

0.007942 4e-06

0.007821 4e-06

0.008782 3e-06

0.007757 3e-06

0.007786 3e-06

0.00785 3e-06

0.008115 5e-06

0.010035 4e-06

0.008289 5e-06

0.008296 4e-06

0.008102 5e-06

0.008402 4e-06

0.008299 5e-06

0.008374 5e-06

0.009024 5e-06

0.008161 4e-06

0.008361 4e-06

0.008281 3e-06

0.007981 3e-06

0.007782 4e-06

0.008988 4e-06

0.008201 3e-06

0.008193 4e-06

0.008168 4e-06

0.007804 5e-06

0.008125 3e-06

0.007933 4e-06

0.008488 4e-06

0.007867 4e-06

0.007793 4e-06

0.007817 4e-06

0.008093 4e-06

0.008854 3e-06

0.008123 3e-06

0.007909 3e-06

0.008339 5e-06

0.0084 3e-06

0.008129 3e-06

0.008792 3e-06

0.007748 3e-06

0.007933 3e-06

0.007993 5e-06

0.008298 4e-06

0.008798 5e-06

0.008425 5e-06

0.00796 4e-06

0.008512 5e-06

0.008494 4e-06

0.008289 4e-06

0.008367 4e-06

0.008442 4e-06

0.00849 4e-06

0.00805 3e-06

0.008704 4e-06

0.009114 3e-06

0.008069 3e-06

0.007824 3e-06

0.008011 4e-06

0.008098 3e-06

0.008383 2e-06

0.008872 3e-06

0.007796 3e-06

0.008153 4e-06

0.007843 3e-06

0.008191 3e-06

0.008153 3e-06

0.00811 4e-06

0.008227 3e-06

0.007799 2e-06

0.008744 4e-06

0.00881 3e-06

0.008025 5e-06

0.008411 5e-06

0.009573 4e-06

0.008125 5e-06

0.009039 2e-06

0.008317 4e-06

0.007927 5e-06

0.008484 3e-06

0.00826 4e-06

0.007816 3e-06

0.008881 1.7e-05

0.008411 5e-06

0.008164 4e-06

0.008306 2e-06

0.008177 2e-06

0.008141 4e-06

0.008801 4e-06

0.008425 2e-06

0.008242 4e-06

0.008372 2e-06

0.008158 2e-06

0.007743 3e-06

0.007848 3e-06

0.008153 3e-06

0.008373 4e-06

0.008203 3e-06

