0.004348 0.000416
0.004445 0.000498
0.004455 0.000238
0.004546 0.000194
0.004438 0.000479
0.004278 0.000303
0.00427 0.000553
0.004417 0.000538
0.004429 0.000172
0.003836 0.00029
0.004278 0.000182
0.004256 0.000517
0.004262 0.000251
0.004266 0.000441
0.004331 0.000583
0.004278 0.000399
0.004646 0.000278
0.004454 0.000271
0.00479 0.000285
0.004255 0.000288
0.004436 0.000299
0.004262 0.000415
0.004289 0.000253
0.004265 0.000149
0.004279 0.00047
0.004546 0.000453
0.004279 0.000204
0.004266 0.000283
0.004299 0.000177
0.004428 0.000481
0.006569 0.000448
0.004283 0.000204
0.004447 0.000288
0.00446 0.000248
0.004329 0.00019
0.004444 0.000319
0.004446 0.000342
0.004446 0.000482
0.004772 0.000511
0.004276 0.000478
0.004427 0.000181
0.004441 0.00056
0.004772 0.000216
0.004969 0.000185
0.005006 0.000341
0.00443 0.000264
0.004295 0.000377
0.004421 0.000274
0.004268 0.000281
0.003832 0.000317
0.004358 0.000576
0.004294 0.000339
0.005711 0.000239
0.005424 0.000411
0.005845 0.000635
0.004406 0.000598
0.004377 0.000679
0.004291 0.000498
0.004274 0.000279
0.00427 0.000451
0.004452 0.000238
0.004433 0.000496
0.004458 0.000484
0.004892 0.000417
0.007 0.000195
0.004549 0.000341
0.00425 0.000387
0.00428 0.000394
0.00443 0.00035
0.004255 0.000182
0.0043 0.000289
0.004253 0.00054
0.004285 0.000151
0.004276 0.000471
0.004265 0.000491
0.004255 0.000289
0.004267 0.000355
0.004293 0.000542
0.004276 0.000492
0.00458 0.000295
0.004259 0.000187
0.00445 0.00019
0.004487 0.000349
0.004266 0.000288
0.00425 0.000264
0.005019 0.000256
0.004437 0.000272
0.004428 0.000423
0.003738 0.000564
0.004265 0.000296
0.004295 0.000408
0.004469 0.000413
0.004472 0.00043
0.004525 0.000109
0.00437 0.00031
0.004448 0.000593
0.004281 0.000544
0.004263 0.000582
0.004256 0.00024
0.004263 0.000234
0.004771 0.000421
0.004426 0.00052
0.004261 0.000188
0.004436 0.00045
0.00446 0.000419
0.004272 0.000368
0.004446 0.00041
0.004472 0.000425
0.004176 0.000124
0.004292 0.000507
0.004768 0.000537
0.004424 0.00033
0.004274 0.000278
0.004477 0.000313
0.00427 0.000498
0.004273 0.000381
0.004345 0.00024
0.004273 0.0002
0.004467 0.000519
0.004263 0.000519
0.004294 0.000225
0.004459 0.000307
0.004792 0.000306
0.004468 0.0004
0.004266 0.000448
0.004248 0.00035
0.004441 0.000128
0.004256 0.000121
0.004072 0.00035
0.004678 0.000344
0.004289 0.000327
0.004283 0.000384
0.004904 0.000726
0.00795 0.000403
0.00684 0.000177
0.004428 0.00054
0.004439 0.00017
0.004421 0.000307
0.004422 0.000383
0.004435 0.000219
0.004266 0.00044
0.004426 0.000156
0.004297 0.000345
0.004257 0.000263
0.004437 0.000396
0.004267 0.000154
0.004271 0.00056
0.004441 0.000321
0.005229 0.000354
0.005231 0.000581
0.005172 0.000634
0.005575 0.000195
0.005188 0.000506
0.005154 0.000693
0.005195 0.000326
0.005163 0.000345
0.005375 0.000289
0.005363 0.00036
0.005188 0.000237
0.00516 0.000468
0.005189 0.00065
0.005045 0.000354
0.004431 0.000354
0.004245 0.00039
0.004455 0.000282
0.003973 0.000238
0.004453 0.000366
0.004256 0.000429
0.004295 0.000193
0.004661 0.000351
0.004584 0.000375
0.004455 0.000525
0.004451 0.000361
0.004431 0.000439
0.004256 0.000151
0.004263 0.000438
0.004274 0.000296
0.00426 0.000227
0.004259 0.000359
0.004599 0.000322
0.004449 0.000193
0.004453 0.000706
0.004899 0.000294
0.004257 0.00045
0.004434 0.000548
0.00452 0.000304
0.004272 0.000358
0.004269 0.000317
0.004275 0.000382
0.004278 0.000383
0.004453 0.000232
0.004261 0.000336
0.004426 0.000461
0.004518 0.000576
0.004682 0.000528
0.004667 0.000295
0.004264 0.000347
0.006924 0.000726
0.005421 0.000188
0.00443 0.000159
0.004259 0.000489
0.004256 0.000381
0.004272 0.000474
0.004439 0.0004
0.004554 0.000186
0.005852 0.000231
0.005654 0.000455
0.004424 0.000432
0.00447 0.000266
0.004478 0.000349
0.004459 0.000436
0.004437 0.000218
0.004257 0.000339
0.004603 0.000251
0.00427 0.000425
0.004267 0.000177
0.00426 0.000217
0.004257 0.000292
0.004446 0.000305
0.004688 0.00019
0.004293 0.000201
0.00428 0.000219
0.004284 0.000757
0.006854 0.000661
0.007693 0.000312
0.004294 0.000404
0.004463 0.00037
0.005663 0.000408
0.004289 0.000261
0.004253 0.000312
0.004267 0.000159
0.006404 0.000497
0.006716 0.000792
0.004367 0.000261
0.004359 0.000479
0.004378 0.000133
0.004606 0.000224
0.004425 0.000196
0.004429 0.000538
0.004254 0.000253
0.004262 0.000423
0.004258 0.000319
0.004419 0.000182
0.003736 0.000261
0.0045 0.000307
0.00447 0.000406
0.004463 0.000574
0.004264 0.000322
0.004299 0.00025
0.004446 0.000455
0.004266 0.00027
0.004248 0.000214
0.004266 0.000324
0.004427 0.000331
0.004423 0.000399
0.004431 0.000273
0.004424 0.000191
0.004257 0.000266
0.004274 0.000372
0.004266 0.000171
0.004461 0.000126
0.004534 0.000323
0.004464 0.000488
0.004532 0.000249
0.004714 0.000257
0.004267 0.000428
0.004465 0.000262
0.00425 0.000452
0.004556 0.000321
0.004447 0.000387
0.004277 0.000402
0.004763 0.000571
0.00448 0.000528
0.004499 0.0005
0.00428 0.00033
0.004444 0.000193
0.004256 0.00027
0.005359 0.000472
0.004555 0.000395
0.00428 0.000427
0.004435 0.000505
0.004265 0.000302
0.004423 0.000216
0.004418 0.000438
0.004214 0.000308
0.004255 0.00031
0.004278 0.000272
0.004294 0.000247
0.004285 0.000225
0.004334 0.00026
0.004296 0.000536
0.004448 0.00018
0.004551 0.000305
0.004435 0.000298
0.004261 0.000255
0.004416 0.000517
0.004431 0.000496
0.004255 0.000384
0.004459 0.000221
0.004502 0.000136
0.004252 0.00048
0.004351 0.000341
0.004604 0.000389
0.004658 0.000226
0.004679 0.000425
0.004705 0.000299
0.004269 0.000292
0.00444 0.000251
0.004456 0.000232
0.004261 0.000243
0.004276 0.00022
0.004463 0.000281
0.00427 0.000252
0.004472 0.000542
0.004443 0.000236
0.004267 0.000374
0.004405 0.000431
0.004516 0.000153
0.004749 0.000323
0.004896 0.000471
0.004566 0.000259
0.004424 0.000551
0.004288 0.00057
0.004432 0.000541
0.004308 0.000274
0.004372 0.000479
0.004286 0.000588
0.004828 0.000163
0.004436 0.000344
0.004463 0.000291
0.004271 0.000262
0.005349 0.000424
0.005924 0.000445
0.00446 0.000191
0.004445 0.000221
0.004428 0.000399
0.004268 0.000303
0.004425 0.000162
0.004258 0.000452
0.006183 0.000279
0.005379 0.000422
0.004265 0.000485
0.006447 0.000368
0.008446 0.000828
0.006284 0.000548
0.004442 0.000407
0.004259 0.000279
0.004461 0.000455
0.004443 0.000175
0.004273 0.00042
0.004273 0.000293
0.004517 0.000422
0.004258 0.000238
0.007573 0.000401
0.00754 0.000364
0.00426 0.00026
0.00427 0.000367
0.004248 0.000136
0.004443 0.000327
0.004431 0.000191
0.00427 0.000225
0.004266 0.000307
0.003718 0.000299
0.004252 0.000198
0.004272 0.000281
0.004425 0.000407
0.005439 0.000298
0.005434 0.000661
0.008163 0.000824
0.00686 0.000545
0.004805 0.000271
0.004561 0.000409
0.004448 0.000243
0.004252 0.000428
0.004284 0.00024
0.004277 0.00052
0.004672 0.000565
0.005128 0.000218
0.004895 0.000356
0.004734 0.000254
0.004746 0.000249
0.004438 0.000218
0.004434 0.000331
0.004254 0.000356
0.004463 0.000395
0.004281 0.000524
0.004277 0.000217
0.004433 0.000138
0.004547 0.0003
0.004422 0.000224
0.004466 0.000349
0.004256 0.000339
0.004262 0.000254
0.004252 0.00029
0.004456 0.000265
0.00426 0.000328
0.004422 0.000307
0.00443 0.000162
0.00427 0.000286
0.004431 0.000164
0.004436 0.000256
0.003853 0.000262
0.004457 0.000302
0.004264 0.000285
0.00444 0.000276
0.004456 0.000323
0.004326 0.000564
0.004253 0.000282
0.004465 0.000365
0.004326 0.000336
0.004345 0.00026
0.004474 0.000354
0.004267 0.000229
0.004423 0.0005
0.00427 0.00014
0.004265 0.000116
0.004432 0.000259
0.004426 0.000294
0.005508 0.000223
0.004469 0.000431
0.004278 0.000188
0.00423 0.000223
0.004278 0.000331
0.004293 0.000359
0.00427 0.000125
0.00445 0.000196
0.004271 0.000184
0.004429 0.00012
0.004271 0.000343
0.00443 0.000234
0.004271 0.000228
0.004924 0.000346
0.004274 0.000379
0.004637 0.000347
0.004785 0.00036
0.004269 0.000232
0.004295 0.000511
0.004292 0.000527
0.004284 0.000313
0.004267 0.000294
0.004288 0.000214
0.003668 0.000247
0.004236 0.000286
0.004295 0.000334
0.004435 0.000233
0.004353 0.000315
0.00436 0.000468
0.004843 0.000487
0.004304 0.00017
0.004296 0.000461
0.004266 0.000357
0.004433 0.0005
0.004259 0.000115
0.004271 0.000119
0.00428 0.000233
0.004434 0.000273
0.004274 0.000217
0.00424 0.000482
0.004257 0.00029
0.004246 0.000251
0.004289 0.000469
0.004451 0.000372
0.004611 0.000247
0.005496 0.00054
0.005271 0.000504
0.004742 0.000355
0.004305 0.000177
0.004454 0.000279
0.004443 0.000447
0.004244 0.000429
0.004454 0.000342
0.004457 0.000207
0.004273 0.000144
0.004449 0.000523
0.004471 0.000272
0.004483 0.000266
0.007899 0.000227
0.004549 0.000324
0.004268 0.000454
0.004258 0.000302
0.004778 0.00027
0.003724 0.000347
0.004266 0.000218
0.004432 0.000584
0.004265 0.000496
0.004268 0.000155
0.004711 0.000441
0.004658 0.000356
0.005321 0.000288
0.005548 0.000376
0.005478 0.000577
0.004554 0.000454
0.004249 0.000406
0.004265 0.000258
0.004266 0.000333
0.004268 0.000297
0.004264 0.000267
0.005162 0.000619
0.00445 0.000255
0.004419 0.000292
0.007058 0.000382
0.006535 0.000366
0.006449 0.000547
0.004297 0.000231
0.004284 0.000295
0.00453 0.000443
0.004268 0.000383
0.004416 0.000404
0.004432 0.000319
0.005292 0.000372
0.004432 0.000243
0.004485 0.000199
0.005284 0.000301
0.004461 0.000276
0.00447 0.000263
0.004428 0.000308
0.004308 0.000473
0.00443 0.000182
0.004437 0.000481
0.00425 0.000255
0.003668 0.000289
0.004253 0.00026
0.004426 0.000189
0.004293 0.000178
0.004275 0.000431
0.005108 0.000365
0.004291 0.00057
0.004325 0.000166
0.004412 0.000224
0.004465 0.000558
0.004291 0.000521
0.004274 0.000364
0.004264 0.000268
0.004421 0.000262
0.004265 0.000252
0.004253 0.000185
0.004261 0.000561
0.005141 0.000218
0.004269 0.000438
0.004962 0.000277
0.004439 0.000662
0.004297 0.000285
0.004455 0.000525
0.004272 0.000137
0.00429 0.000359
0.004281 0.000346
0.00426 0.000258
0.004422 0.000134
0.004257 0.000211
0.004432 0.000274
0.004458 0.000284
0.004258 0.000237
0.004269 0.000286
0.004444 0.000296
0.004552 0.000341
0.004437 0.00028
0.004282 0.00057
0.004542 0.000222
0.004444 0.000266
0.00424 0.000244
0.004094 0.000456
0.004163 0.00021
0.004267 0.000432
0.004272 0.00035
0.004285 0.000256
0.004468 0.000258
0.004467 0.000447
0.006844 0.000843
0.006365 0.000512
0.004308 0.000195
0.004271 0.000114
0.004261 0.000266
0.004265 0.000528
0.004253 0.000153
0.00445 0.000249
0.004262 0.000258
0.004263 0.000186
0.00556 0.000237
0.004275 0.000179
0.004249 0.000425
0.00429 0.000439
0.004331 0.000445
0.004304 0.000123
0.004288 0.000226
0.004508 0.000423
0.004435 0.000501
0.004271 0.000286
0.004435 0.000555
0.004448 0.00027
0.004497 0.000208
0.004307 0.00047
0.004464 0.000274
0.004288 0.000551
0.004266 0.000425
0.004468 0.000183
0.004268 0.000215
0.004276 0.000413
0.004258 0.000295
0.004266 0.000198
0.003763 0.000163
0.004261 0.000256
0.004265 0.000336
0.00523 0.000439
0.005431 0.000397
0.004842 0.000346
0.004289 0.000449
0.005107 0.000363
0.005166 0.000667
0.004451 0.000219
0.00443 0.000139
0.004257 0.000274
0.004427 0.000386
0.004262 0.000193
0.004261 0.000383
0.004261 0.00028
0.004418 0.000438
0.00496 0.000316
0.00504 0.000304
0.006263 0.000637
0.007668 0.000357
0.006682 0.000342
0.00425 0.000451
0.004281 0.000274
0.004276 0.000294
0.004459 0.000525
0.004264 0.000442
0.004444 0.000291
0.006052 0.000375
0.006632 0.000614
0.006755 0.00048
0.008026 0.000387
0.006621 0.000417
0.004316 0.000278
0.004271 0.000522
0.004287 0.000178
0.004257 0.000524
0.004448 0.000153
0.004433 0.000184
0.00445 0.000407
0.004274 0.000249
0.004305 0.000278
0.004446 0.000145
0.00428 0.000391
0.004417 0.000376
0.004278 0.000407
0.004272 0.000211
0.004266 0.000479
0.004439 0.000359
0.004269 0.00033
0.004263 0.000329
0.004419 0.000207
0.004251 0.000457
0.004259 0.000214
0.004263 0.000513
0.00429 0.000507
0.004447 0.000164
0.004127 0.000341
0.00453 0.000352
0.004364 0.000366
0.004477 0.000137
0.004455 0.000208
0.00444 0.000287
0.004446 0.000321
0.004258 0.00055
0.004436 0.000415
0.004258 0.000484
0.00442 0.000374
0.004267 0.000308
0.004462 0.000275
0.004256 0.000438
0.004267 0.000283
0.004283 0.000404
0.004448 0.000303
0.004454 0.000475
0.004269 0.000548
0.004259 0.000276
0.003952 0.000409
0.004439 0.000158
0.004289 0.000198
0.004272 0.000486
0.004439 0.000177
0.004518 0.00038
0.005282 0.000378
0.00427 0.000371
0.00426 0.000184
0.004324 0.000366
0.004868 0.000384
0.004445 0.000254
0.004433 0.000312
0.004291 0.000259
0.004436 0.000317
0.004254 0.000377
0.004255 0.000402
0.004273 0.000351
0.004588 0.000447
0.004946 0.000174
0.004657 0.000286
0.004456 0.000542
0.004649 0.00054
0.004253 0.000214
0.004317 0.000209
0.004272 0.00048
0.004276 0.000374
0.004269 0.000175
0.004434 0.000262
0.004471 0.000286
0.00427 0.000431
0.004521 0.000299
0.004473 0.000567
0.004677 0.000237
0.004687 0.000203
0.004478 0.000241
0.004685 0.000356
0.004692 0.000217
0.004439 0.000506
0.004272 0.000245
0.004426 0.000459
0.003911 0.000399
0.004461 0.00018
0.004277 0.000311
0.004524 0.000515
0.004267 0.000385
0.004392 0.000467
0.004368 0.00021
0.004288 0.000232
0.004876 0.000825
0.004278 0.000326
0.004427 0.000418
0.004453 0.000261
0.004267 0.000453
0.004259 0.000373
0.004468 0.000279
0.004272 0.000315
0.005063 0.00068
0.006891 0.000374
0.007706 0.000496
0.006327 0.001126
0.008604 0.00029
0.004318 0.000164
0.004302 0.000359
0.004476 0.000416
0.004265 0.000334
0.004248 0.000413
0.004279 0.000204
0.005986 0.000462
0.004435 0.000514
0.006647 0.000953
0.007701 0.0007
0.006485 0.00027
0.004259 0.000472
0.004262 0.000254
0.004258 0.000379
0.003777 0.00043
0.004272 0.000216
0.004439 0.000524
0.004434 0.000253
0.005483 0.000178
0.006964 0.000419
0.004853 0.000558
0.004452 0.00029
0.004368 0.000248
0.004391 0.000518
0.004271 0.000272
0.004266 0.000336
0.004273 0.000174
0.004269 0.000334
0.004281 0.00013
0.004451 0.000202
0.004262 0.000192
0.004316 0.000246
0.004294 0.00026
0.005194 0.000301
0.004884 0.000493
0.004468 0.000192
0.004629 0.000544
0.004472 0.000315
0.004333 0.000329
0.004252 0.000314
0.004271 0.000259
0.004277 0.000361
0.004256 0.000223
0.004441 0.000253
0.004278 0.000458
0.004779 0.000358
0.004442 0.000252
0.006396 0.000787
0.007531 0.000513
0.006776 0.000519
0.004445 0.00033
0.004517 0.000331
0.004131 0.000305
0.004454 0.000189
0.004451 0.000314
0.004413 0.000293
0.00426 0.000209
0.006131 0.000238
0.006069 0.000547
0.004908 0.000198
0.005312 0.000368
0.005579 0.000452
0.005204 0.000175
0.005875 0.000365
0.004448 0.000221
0.004265 0.000495
0.004444 0.000225
0.004248 0.000152
0.004287 0.00039
0.004539 0.000517
0.006311 0.000325
0.006254 0.000652
0.006557 0.00044
0.008147 0.000456
0.006649 0.000379
0.004432 0.000421
0.004455 0.000368
0.004435 0.000241
0.004258 0.000552
0.004434 0.000299
0.004275 0.0003
0.004262 0.000419
0.00446 0.000294
0.00652 0.000397
0.006822 0.000496
0.007758 0.00061
0.00735 0.000618
0.004257 0.000371
0.004274 0.000217
0.00442 0.000199
0.004253 0.000352
0.004263 0.000584
0.005169 0.000682
0.00576 0.000398
0.006261 0.000395
0.007754 0.000779
0.006814 0.000378
0.004442 0.000201
0.00429 0.000508
0.004437 7e-05
0.004265 0.000207
0.004254 0.000263
0.004779 0.000233
0.004462 0.000561
0.004096 0.000111
0.004263 0.000418
0.004284 0.000248
0.004544 0.000517
0.004549 0.000687
0.004616 0.00036
0.004286 0.0003
0.004433 0.000541
0.00426 0.000339
0.004255 0.000366
0.004283 0.000394
0.004441 0.000393
0.004457 0.000327
0.004274 0.000428
0.004328 0.000642
0.005502 0.000438
0.006413 0.000607
0.007879 0.000472
0.004285 0.000276
0.004148 0.000337
0.004441 0.000252
0.004428 0.000299
0.004269 0.000515
0.004452 0.0002
0.006178 0.000399
0.004992 0.000235
0.004453 0.00031
0.004462 0.000306
0.004331 0.000354
0.004546 0.00015
0.004339 0.000554
0.004299 0.000269
0.004454 0.000418
0.004261 0.000434
0.004288 0.000288
0.004246 0.000174
0.004276 0.000208
0.00445 0.000413
0.004644 0.000368
0.003736 0.000517
0.004669 0.000374
0.004431 0.000188
0.004716 0.000215
0.004398 0.000437
0.004553 0.000224
0.004273 0.000224
0.004272 0.000325
0.004425 0.000347
0.004286 0.0003
0.004273 0.000222
0.00449 0.000332
0.004448 0.00044
0.004284 0.000137
0.004265 0.0005
0.00428 0.000177
0.004449 0.000411
0.007724 0.000465
0.00453 0.000403
0.003954 0.000271
0.004568 0.000217
0.004445 0.000455
0.004434 0.000405
0.004266 0.000558
0.004277 0.000188
0.006058 0.000172
0.004297 0.000215
0.004283 0.00046
0.004452 0.000441
0.00446 0.00051
0.004447 0.000532
0.004286 0.000184
0.004452 0.000457
0.004441 0.00047
0.004262 0.000224
0.004457 0.000416
0.004257 0.000137
0.004267 0.000346
0.00426 0.000175
0.004273 0.000189
0.00428 0.000453
0.004454 0.000368
0.004431 0.000227
0.004284 0.000259
0.004708 0.000377
0.004658 0.000322
0.005071 0.000125
0.004947 0.000273
0.004281 0.00032
0.004269 0.00021
0.004531 0.000268
0.004268 0.000367
0.004257 0.00042
0.004275 0.000273
0.004562 0.000647
0.00664 0.000788
0.006782 0.000815
0.007389 0.000342
0.003647 0.000275
0.00445 0.000348
0.004422 0.000207
0.004268 0.000361
0.004424 0.000114
0.00447 0.000572
0.004445 0.000193
0.004464 0.000255
0.004279 0.000436
0.004557 0.000733
0.005156 0.000547
0.00441 0.000226
0.005058 0.000235
0.004275 0.000313
0.004436 0.000421
0.004261 0.000306
0.00428 0.000247
0.004475 0.000178
0.004429 0.000229
0.004255 0.000308
0.003954 0.000561
0.004279 0.000205
0.004259 0.000421
0.004265 0.000467
0.004272 0.000275
0.005314 0.000553
0.005663 0.000428
0.004444 0.000216
0.004679 0.00027
0.00426 0.000275
0.004253 0.000476
0.004454 0.000439
0.004255 0.000322
0.004445 0.000402
0.004305 0.000345
0.004465 0.00026
0.004949 0.000171
0.004631 0.000382
0.004505 0.000225
0.004414 0.000227
0.00447 0.000585
0.004465 0.000335
0.004276 0.000329
0.004265 0.000406
0.004459 0.00043
0.004428 0.000253
0.004433 0.000293
0.004303 0.000295
0.004408 0.000427
0.004867 0.000206
0.004452 0.000198
0.004876 0.000485
0.005146 0.000381
0.005072 0.000273
0.004247 0.000232
0.004275 0.000551
0.004435 0.000148
0.004442 0.000319
0.004355 0.000409
0.003923 0.000683
0.005182 0.000394
