0.005174 1e-05
0.005361 1.4e-05
0.005169 1.4e-05
0.005161 1.4e-05
0.004118 1e-05
0.004828 9e-06
0.005179 1.3e-05
0.005179 1.4e-05
0.005171 9e-06
0.005671 1.4e-05
0.005382 1.1e-05
0.00516 1.4e-05
0.005371 9e-06
0.00515 7e-06
0.005176 1.5e-05
0.005135 1.4e-05
0.005168 1.5e-05
0.00536 1.3e-05
0.005172 1.5e-05
0.005156 1.6e-05
0.005383 1e-05
0.005369 1.2e-05
0.005063 1.1e-05
0.004814 7e-06
0.00519 7e-06
0.005375 1.4e-05
0.005185 6e-06
0.005615 1.6e-05
0.005168 1.4e-05
0.005151 1.3e-05
0.005383 1.4e-05
0.005375 1.3e-05
0.005386 1.3e-05
0.005159 1.1e-05
0.00518 1.5e-05
0.005451 7e-06
0.005434 1.2e-05
0.005158 1.4e-05
0.005384 1.2e-05
0.005346 1.3e-05
0.004601 1e-05
0.004822 1.4e-05
0.005373 9e-06
0.005373 1.4e-05
0.005373 1.1e-05
0.005721 1.7e-05
0.005172 1.4e-05
0.005158 1.3e-05
0.005162 1.3e-05
0.005151 1.3e-05
0.005362 1e-05
0.005361 7e-06
0.005376 7e-06
0.005151 7e-06
0.005181 1.3e-05
0.005147 1.5e-05
0.005175 5e-06
0.005142 1.3e-05
0.004678 6e-06
0.005409 1.4e-05
0.005198 1.5e-05
0.005156 1.1e-05
0.005478 8e-06
0.00556 1.6e-05
0.005382 8e-06
0.00515 1.2e-05
0.005166 1.3e-05
0.00575 1.3e-05
0.005163 1.1e-05
0.005146 1.3e-05
0.005168 1.3e-05
0.005752 8e-06
0.005383 1.3e-05
0.005509 1.3e-05
0.005381 9e-06
0.005133 9e-06
0.00392 6e-06
0.005354 9e-06
0.005191 1.1e-05
0.005413 7e-06
0.005287 1.3e-05
0.005739 1.6e-05
0.005172 1.2e-05
0.005369 8e-06
0.005388 4e-06
0.00516 1.4e-05
0.005169 1.2e-05
0.00537 1.4e-05
0.005171 9e-06
0.005142 1.5e-05
0.005168 1.6e-05
0.005172 1.1e-05
0.005167 1.1e-05
0.005169 1.3e-05
0.004576 1.2e-05
0.005155 1.4e-05
0.005825 1.4e-05
0.005366 1.3e-05
0.005341 1.5e-05
0.005374 1.2e-05
0.005382 1e-05
0.005381 1.4e-05
0.005377 1.5e-05
0.005353 7e-06
0.005372 1.4e-05
0.005356 1.2e-05
0.005165 1e-05
0.005142 1.5e-05
0.00516 8e-06
0.005356 1.3e-05
0.005182 8e-06
0.005157 1.2e-05
0.004118 9e-06
0.005156 1.1e-05
0.005405 1.3e-05
0.005156 1.3e-05
0.005361 1.3e-05
0.005392 8e-06
0.005171 1.3e-05
0.005364 8e-06
0.005175 1.5e-05
0.005368 1e-05
0.005375 1.4e-05
0.005367 9e-06
0.005376 1.4e-05
0.005364 1.3e-05
0.005191 1.4e-05
0.005169 1.3e-05
0.005162 1.4e-05
0.005147 1.3e-05
0.004264 7e-06
0.00517 1.6e-05
0.005177 1.1e-05
0.005155 1.4e-05
0.005547 1.3e-05
0.005171 1.5e-05
0.005383 1.3e-05
0.005146 1.2e-05
0.005381 1.2e-05
0.005149 9e-06
0.005397 1.3e-05
0.005357 7e-06
0.005376 9e-06
0.00515 8e-06
0.005164 8e-06
0.005338 1.2e-05
0.005165 1e-05
0.005143 1.2e-05
0.003602 1e-05
0.00536 1e-05
0.005381 9e-06
0.005152 7e-06
0.00557 1.1e-05
0.005187 1.5e-05
0.005176 1.5e-05
0.005156 1.6e-05
0.005169 1.1e-05
0.005361 8e-06
0.005177 1e-05
0.005143 1.3e-05
0.00553 1.1e-05
0.005279 1.4e-05
0.005168 1.4e-05
0.005154 1.3e-05
0.005165 1.3e-05
0.005484 1.2e-05
0.004169 1.1e-05
0.005369 1.4e-05
0.005459 1.4e-05
0.00516 1.3e-05
0.005589 7e-06
0.005162 8e-06
0.005373 1.2e-05
0.005149 1.2e-05
0.005179 8e-06
0.005371 1.3e-05
0.00537 1.3e-05
0.005151 1.2e-05
0.005179 1.2e-05
0.005142 1.3e-05
0.005188 1.5e-05
0.005158 1.4e-05
0.005169 7e-06
0.00514 5e-06
0.003922 9e-06
0.00515 1.4e-05
0.005181 1.1e-05
0.005357 1e-05
0.005374 1.4e-05
0.005392 1e-05
0.005177 1.1e-05
0.005165 9e-06
0.005183 1.2e-05
0.005148 1.3e-05
0.005362 1.4e-05
0.00516 1.1e-05
0.005167 9e-06
0.005358 1.3e-05
0.005384 1.4e-05
0.005174 9e-06
0.00517 1e-05
0.005349 1.4e-05
0.004265 1.1e-05
0.005171 1.5e-05
0.00539 7e-06
0.005367 5e-06
0.005261 1.8e-05
0.005164 1.1e-05
0.005372 1.4e-05
0.005149 1.1e-05
0.005382 1.5e-05
0.005163 1.6e-05
0.005381 1e-05
0.005362 1.1e-05
0.005388 1.2e-05
0.00516 1.3e-05
0.005179 1.3e-05
0.005356 1.5e-05
0.005378 1.1e-05
0.005352 1e-05
0.003643 5e-06
0.005199 1.5e-05
0.005389 1.2e-05
0.005354 1.3e-05
0.005256 1.7e-05
0.005175 1.5e-05
0.005185 1.3e-05
0.005357 1.3e-05
0.005184 1.3e-05
0.005146 1.4e-05
0.005379 1.1e-05
0.005154 1.4e-05
0.005172 1.1e-05
0.005349 8e-06
0.005376 9e-06
0.005148 1.3e-05
0.005169 1.4e-05
0.005155 1.1e-05
0.004348 8e-06
0.005365 1.2e-05
0.005175 1.5e-05
0.005159 1.5e-05
0.00525 1.2e-05
0.005172 7e-06
0.005162 1.3e-05
0.005165 1.3e-05
0.005364 1.4e-05
0.00516 1.5e-05
0.005174 1.3e-05
0.005352 1.1e-05
0.005187 1.3e-05
0.005369 1.3e-05
0.005386 1.2e-05
0.005152 1.2e-05
0.005165 1.4e-05
0.005148 1.3e-05
0.004439 7e-06
0.005198 6e-06
0.004305 1e-05
0.004255 1e-05
0.004275 1.2e-05
0.004268 1.5e-05
0.004258 8e-06
0.004453 1.2e-05
0.004255 1e-05
0.004261 1.1e-05
0.004266 6e-06
0.004272 7e-06
0.004259 1e-05
0.004263 1.1e-05
0.004249 1.2e-05
0.005392 1.7e-05
0.005222 2.9e-05
0.006724 1.7e-05
0.006628 1.2e-05
0.006693 7e-06
0.007317 1.5e-05
0.004446 1e-05
0.004285 8e-06
0.004441 1.3e-05
0.004453 1.4e-05
0.004448 8e-06
0.004261 1e-05
0.004276 1.1e-05
0.006213 1.8e-05
0.007595 1.3e-05
0.006835 7e-06
0.004251 1e-05
0.004278 4e-06
0.004281 1e-05
0.004453 8e-06
0.004439 1e-05
0.004278 1.1e-05
0.004247 1.1e-05
0.004279 7e-06
0.003653 1e-05
0.004447 1.2e-05
0.004278 1.1e-05
0.00443 1e-05
0.004258 7e-06
0.004288 1.3e-05
0.004516 1.3e-05
0.004512 1.1e-05
0.00454 6e-06
0.004296 1.1e-05
0.004251 1.8e-05
0.004268 1e-05
0.004253 8e-06
0.004282 1.1e-05
0.00489 1.2e-05
0.004473 7e-06
0.004769 1e-05
0.004275 9e-06
0.004264 1.1e-05
0.005531 1.6e-05
0.006632 1.2e-05
0.007386 6e-06
0.004258 5e-06
0.004273 9e-06
0.004292 1e-05
0.004462 1.1e-05
0.004336 1.2e-05
0.004289 8e-06
0.004249 1e-05
0.004281 7e-06
0.004468 8e-06
0.004707 1.3e-05
0.00425 8e-06
0.004277 1.2e-05
0.004675 1.1e-05
0.004543 9e-06
0.004267 1e-05
0.004275 1.1e-05
0.004275 6e-06
0.004279 1.1e-05
0.004446 1.2e-05
0.004256 1e-05
0.004187 1e-05
0.004054 1.1e-05
0.004248 1e-05
0.005557 1.3e-05
0.006796 1.3e-05
0.004346 1.5e-05
0.004405 1.1e-05
0.004449 1.2e-05
0.004786 8e-06
0.004275 1e-05
0.004258 1.2e-05
0.004261 1e-05
0.004265 1e-05
0.004441 1e-05
0.00444 1e-05
0.004257 7e-06
0.004418 1.2e-05
0.004437 1.1e-05
0.005478 1.3e-05
0.00621 1.8e-05
0.006977 1.4e-05
0.006507 5e-06
0.006785 1.6e-05
0.004445 1.2e-05
0.004277 1.3e-05
0.00427 1.2e-05
0.004253 9e-06
0.004266 1.1e-05
0.004254 1.1e-05
0.006213 1.3e-05
0.00443 1.1e-05
0.004268 1.1e-05
0.004248 1e-05
0.004266 8e-06
0.004267 1.1e-05
0.004451 6e-06
0.004427 1.1e-05
0.004274 1.1e-05
0.004347 1.1e-05
0.004271 1e-05
0.004293 8e-06
0.004143 1.1e-05
0.004427 5e-06
0.00445 1e-05
0.004264 1.1e-05
0.004452 1e-05
0.004272 1.3e-05
0.004282 9e-06
0.004663 1.1e-05
0.004711 1.1e-05
0.004449 1.1e-05
0.004471 1.1e-05
0.004429 6e-06
0.004273 1e-05
0.004253 9e-06
0.004263 1e-05
0.004426 6e-06
0.004265 1.2e-05
0.004251 5e-06
0.004445 4e-06
0.004262 1e-05
0.004456 5e-06
0.004501 1.2e-05
0.004846 1.3e-05
0.007232 1.1e-05
0.006505 1.1e-05
0.004268 5e-06
0.004281 1.2e-05
0.004277 1e-05
0.004445 1.2e-05
0.004253 7e-06
0.004438 1.1e-05
0.004452 1.1e-05
0.005704 1.2e-05
0.006072 1e-05
0.007314 1.3e-05
0.004592 1.2e-05
0.004588 8e-06
0.004551 1.4e-05
0.004303 9e-06
0.004266 1e-05
0.004595 1.1e-05
0.003851 9e-06
0.004217 6e-06
0.004425 1.2e-05
0.004429 8e-06
0.004246 1e-05
0.004274 1.3e-05
0.004369 7e-06
0.004284 7e-06
0.004447 1.1e-05
0.004446 5e-06
0.004266 1.1e-05
0.004291 1.9e-05
0.004281 1e-05
0.004277 1.2e-05
0.004457 1e-05
0.004283 1.1e-05
0.004266 1e-05
0.004446 1.1e-05
0.004424 8e-06
0.004299 9e-06
0.007391 1.2e-05
0.007129 1.4e-05
0.007929 1.1e-05
0.007738 2.5e-05
0.004453 1.8e-05
0.004252 5e-06
0.004254 1.2e-05
0.004303 1.1e-05
0.004429 1e-05
0.004259 1.4e-05
0.005733 8e-06
0.007876 1.2e-05
0.006907 1.3e-05
0.004276 1.1e-05
0.004254 1.3e-05
0.004462 1.1e-05
0.004438 1.3e-05
0.004792 1.4e-05
0.00426 5e-06
0.00402 1e-05
0.004177 1.3e-05
0.004442 1.4e-05
0.004437 1.4e-05
0.004258 7e-06
0.004459 9e-06
0.004336 1.5e-05
0.004456 1.3e-05
0.004279 8e-06
0.004262 1.3e-05
0.00446 1.2e-05
0.004269 9e-06
0.004295 1.2e-05
0.004268 1.3e-05
0.004791 1.1e-05
0.004267 1.2e-05
0.004282 1.1e-05
0.004284 7e-06
0.004261 1.4e-05
0.004457 1.3e-05
0.004443 1e-05
0.004301 4e-06
0.004262 1.4e-05
0.004488 1e-05
0.004273 1.6e-05
0.004265 1.4e-05
0.004295 1.2e-05
0.004273 1.1e-05
0.0045 7e-06
0.004262 1.3e-05
0.004452 7e-06
0.004257 1.1e-05
0.004442 7e-06
0.004266 1.2e-05
0.004265 5e-06
0.004265 9e-06
0.004279 9e-06
0.004458 1.1e-05
0.006506 2.4e-05
0.006606 1.3e-05
0.007676 1.3e-05
0.004276 1.3e-05
0.004457 7e-06
0.00394 1.2e-05
0.004268 8e-06
0.004763 1.2e-05
0.004258 1.3e-05
0.004265 1.3e-05
0.005029 2.1e-05
0.004286 2.2e-05
0.00639 1.2e-05
0.006066 1.4e-05
0.007757 9e-06
0.004482 1.4e-05
0.00446 9e-06
0.00477 7e-06
0.004261 7e-06
0.004261 1e-05
0.004441 1.1e-05
0.004266 1.2e-05
0.004425 1.2e-05
0.004294 6e-06
0.004262 7e-06
0.004415 1.2e-05
0.004273 1e-05
0.004248 1.1e-05
0.004529 1e-05
0.004266 1.4e-05
0.004296 1.6e-05
0.004259 1.2e-05
0.004275 1.1e-05
0.004269 1.1e-05
0.004286 3e-06
0.004321 8e-06
0.004261 6e-06
0.004258 1.1e-05
0.00479 1.1e-05
0.004534 1.1e-05
0.006246 1e-05
0.005138 1.3e-05
0.004469 1.4e-05
0.004474 1.2e-05
0.00426 1.4e-05
0.004249 6e-06
0.003699 1.1e-05
0.004541 1e-05
0.004276 1.1e-05
0.004506 1.4e-05
0.004326 1e-05
0.00447 1.2e-05
0.004262 1.6e-05
0.004324 1.5e-05
0.004444 1e-05
0.004279 1.3e-05
0.004275 9e-06
0.004261 1e-05
0.004288 9e-06
0.004438 1.2e-05
0.004292 1.2e-05
0.004415 1.3e-05
0.004262 1.2e-05
0.00425 1.2e-05
0.004259 1.3e-05
0.004273 1.3e-05
0.004268 8e-06
0.004576 1.1e-05
0.004306 1.3e-05
0.004266 1.5e-05
0.00444 1.3e-05
0.004443 6e-06
0.004297 1.4e-05
0.004473 1.2e-05
0.00447 1.1e-05
0.004271 1.4e-05
0.004436 1.3e-05
0.004257 7e-06
0.004543 9e-06
0.004442 1.2e-05
0.004303 8e-06
0.004452 1.1e-05
0.004451 1e-05
0.004449 1.2e-05
0.004283 1.1e-05
0.007071 1.5e-05
0.006701 1.1e-05
0.004551 1.1e-05
0.004801 9e-06
0.003708 1.7e-05
0.004277 1.2e-05
0.00425 1.2e-05
0.004259 1.2e-05
0.004253 1.2e-05
0.004283 1.1e-05
0.004464 1.5e-05
0.004281 9e-06
0.004273 1.3e-05
0.004274 1.3e-05
0.004265 1.6e-05
0.004278 1.1e-05
0.004282 1.4e-05
0.004278 1.2e-05
0.004257 1e-05
0.004462 1.2e-05
0.004249 1.2e-05
0.004444 1.1e-05
0.004765 8e-06
0.004265 1e-05
0.004256 1.2e-05
0.004429 1.5e-05
0.003739 1.4e-05
0.004266 1.4e-05
0.004278 1.3e-05
0.004806 1.1e-05
0.004436 1.2e-05
0.004286 1.5e-05
0.004284 1.4e-05
0.004276 1.5e-05
0.004258 1.3e-05
0.004265 8e-06
0.004258 1.2e-05
0.004439 1.2e-05
0.004434 1.1e-05
0.00429 1.1e-05
0.004256 5e-06
0.004269 1e-05
0.00425 9e-06
0.004446 7e-06
0.004536 1.2e-05
0.00446 1e-05
0.004799 1e-05
0.004807 7e-06
0.003598 1.2e-05
0.004286 1.2e-05
0.004253 1.2e-05
0.004447 1.3e-05
0.004253 1.3e-05
0.004286 1e-05
0.004449 7e-06
0.004286 9e-06
0.00427 1.3e-05
0.004439 1.1e-05
0.004435 1.1e-05
0.004433 1.2e-05
0.00444 1.2e-05
0.004338 1.1e-05
0.004442 7e-06
0.004459 1.1e-05
0.004423 1e-05
0.004259 1.1e-05
0.004258 9e-06
0.004263 1.1e-05
0.004281 6e-06
0.004445 7e-06
0.004434 2e-05
0.004275 1.4e-05
0.004443 9e-06
0.004464 1e-05
0.004416 2.3e-05
0.004467 9e-06
0.004272 1e-05
0.004467 1e-05
0.004276 1.2e-05
0.004438 1.1e-05
0.004275 1e-05
0.00427 1.1e-05
0.004269 6e-06
0.004265 6e-06
0.004444 1.1e-05
0.004471 1.1e-05
0.00443 6e-06
0.004437 1.2e-05
0.004254 7e-06
0.004456 9e-06
0.004561 6e-06
0.004286 1.1e-05
0.004271 7e-06
0.004285 1.2e-05
0.004269 7e-06
0.004272 9e-06
0.004446 1.2e-05
0.004274 1.4e-05
0.004256 1e-05
0.004453 1.1e-05
0.004429 4e-06
0.004292 1.2e-05
0.004258 1.4e-05
0.004288 1.6e-05
0.004426 1.3e-05
0.004442 1.3e-05
0.005234 1.1e-05
0.005294 1.4e-05
0.004443 1.3e-05
0.00428 1.1e-05
0.004267 9e-06
0.004281 1e-05
0.004414 1.1e-05
0.004288 1e-05
0.003831 8e-06
0.004481 1.4e-05
0.004259 1.4e-05
0.004295 1.3e-05
0.004599 1.5e-05
0.004361 1.5e-05
0.00427 1.4e-05
0.004276 1.4e-05
0.004547 1.2e-05
0.004265 1.3e-05
0.00478 1.2e-05
0.00427 1.2e-05
0.00445 1.3e-05
0.004438 1.3e-05
0.00426 1.2e-05
0.004281 1.2e-05
0.004253 1.3e-05
0.004458 1.4e-05
0.005028 1.5e-05
0.004731 1.1e-05
0.004264 1.4e-05
0.004282 1.1e-05
0.004268 1.7e-05
0.004271 1.2e-05
0.004419 1.5e-05
0.004787 1.2e-05
0.004266 1.5e-05
0.004507 1.4e-05
0.004251 8e-06
0.004279 1.3e-05
0.004437 5e-06
0.00427 8e-06
0.004289 1.2e-05
0.004449 1.6e-05
0.004936 1.3e-05
0.004318 9e-06
0.004276 1.2e-05
0.004281 1.1e-05
0.00427 1.4e-05
0.004278 1.1e-05
0.004436 1.1e-05
0.004275 1.1e-05
0.004258 1.1e-05
0.004273 6e-06
0.004265 1.1e-05
0.004474 1.2e-05
0.004432 1.6e-05
0.004445 1.4e-05
0.004277 1.3e-05
0.004538 1.4e-05
0.004434 1.3e-05
0.00429 1.2e-05
0.004262 9e-06
0.004456 1.3e-05
0.004252 1.1e-05
0.004432 1.3e-05
0.004437 1.2e-05
0.004261 9e-06
0.004466 8e-06
0.00437 1e-05
0.004281 1.1e-05
0.004904 1.2e-05
0.004445 1.2e-05
0.004269 1.1e-05
0.004463 1.1e-05
0.004009 6e-06
0.004426 8e-06
0.004262 1.1e-05
0.004456 1.1e-05
0.004254 1.2e-05
0.004335 9e-06
0.004287 1.2e-05
0.004277 1.4e-05
0.004302 1.2e-05
0.004264 1.1e-05
0.00446 1.1e-05
0.004263 1.2e-05
0.004789 1.2e-05
0.004435 5e-06
0.004267 1.2e-05
0.004432 6e-06
0.004251 5e-06
0.00441 1e-05
0.004271 7e-06
0.004269 1.1e-05
0.004267 1.2e-05
0.004269 1.1e-05
0.004286 8e-06
0.004447 1.4e-05
0.004271 1e-05
0.004442 1.1e-05
0.004277 1e-05
0.004275 9e-06
0.004483 1.3e-05
0.00427 1.3e-05
0.004291 7e-06
0.004424 7e-06
0.004278 1.1e-05
0.004433 1e-05
0.004281 8e-06
0.00426 7e-06
0.004461 1.2e-05
0.00426 1e-05
0.004455 1.2e-05
0.004279 1.2e-05
0.004271 9e-06
0.004253 1.2e-05
0.00427 1.2e-05
0.004414 1.2e-05
0.004553 8e-06
0.004277 1.2e-05
0.004304 5e-06
0.004436 1.1e-05
0.004445 1e-05
0.004455 1.3e-05
0.004417 5e-06
0.004671 9e-06
0.00447 9e-06
0.004481 1.1e-05
0.004388 1.4e-05
0.004269 8e-06
0.004425 1.1e-05
0.004454 7e-06
0.004446 1.1e-05
0.004447 6e-06
0.004446 1e-05
0.004424 8e-06
0.004267 1.1e-05
0.004251 1.1e-05
0.004457 1e-05
0.004261 1.1e-05
0.00428 7e-06
0.004272 1.3e-05
0.004279 1.2e-05
0.004324 8e-06
0.004485 1.7e-05
0.00454 1.8e-05
0.004607 1e-05
0.004328 1e-05
0.004263 1e-05
0.004262 1.1e-05
0.004446 1.1e-05
0.004348 9e-06
0.004443 1.1e-05
0.004262 1.2e-05
0.004434 8e-06
0.00425 1.1e-05
0.004455 8e-06
0.004255 5e-06
0.004434 1e-05
0.004316 1.3e-05
0.004428 6e-06
0.004527 8e-06
0.003969 1.3e-05
0.004255 7e-06
0.004271 9e-06
0.004267 7e-06
0.004269 1.2e-05
0.004283 1.1e-05
0.004541 1.1e-05
0.004435 1.1e-05
0.004342 1.1e-05
0.00443 1.1e-05
0.00485 1.6e-05
0.00505 7e-06
0.00527 1.1e-05
0.005475 1.2e-05
0.004264 9e-06
0.004251 1.1e-05
0.004276 4e-06
0.004253 1.2e-05
0.004272 1.2e-05
0.004263 1.1e-05
0.004991 1.1e-05
0.003598 8e-06
0.005281 1.3e-05
0.005238 1.2e-05
0.005257 1.1e-05
0.005286 1e-05
0.004476 1.4e-05
0.004272 1.1e-05
0.00443 4e-06
0.004269 1.1e-05
0.004261 1.1e-05
0.004423 1.1e-05
0.004444 1e-05
0.00444 7e-06
0.004434 1.2e-05
0.004266 1.3e-05
0.004501 1e-05
0.004717 1.2e-05
0.004418 1.2e-05
0.004594 1.3e-05
0.004339 1.2e-05
0.004445 1.1e-05
0.004343 1e-05
0.003647 1.1e-05
0.004263 6e-06
0.004773 1e-05
0.004549 8e-06
0.004427 7e-06
0.004438 1.2e-05
0.004263 8e-06
0.004446 1.2e-05
0.004435 1.1e-05
0.004446 1.3e-05
0.004264 1.3e-05
0.004311 6e-06
0.004426 1.1e-05
0.004438 1e-05
0.004441 1.2e-05
0.004268 9e-06
0.00444 1.1e-05
0.004436 6e-06
0.004254 1.1e-05
0.004266 1e-05
0.00428 6e-06
0.004427 1.1e-05
0.004139 1.4e-05
0.004285 8e-06
0.00426 8e-06
0.004279 1.1e-05
0.004759 1.3e-05
0.004472 8e-06
0.004263 8e-06
0.004275 1.2e-05
0.004505 1.2e-05
0.004445 7e-06
0.004438 8e-06
0.004446 4e-06
0.004434 1.1e-05
0.004263 1.1e-05
0.00443 7e-06
0.004449 7e-06
0.00425 1e-05
0.004276 5e-06
0.00443 8e-06
0.004257 5e-06
0.004435 8e-06
0.004291 1e-05
0.003854 6e-06
0.004263 1.1e-05
0.004419 1.2e-05
0.004268 8e-06
0.004427 1.2e-05
0.004464 9e-06
0.004266 1.3e-05
0.004281 1.1e-05
0.00445 5e-06
0.004285 1.1e-05
0.004256 9e-06
0.004292 1.1e-05
0.004433 1.1e-05
0.004281 1.1e-05
0.005975 1.6e-05
0.005835 1.1e-05
0.004255 1.2e-05
0.004273 7e-06
0.00426 1.2e-05
0.004265 9e-06
0.004502 1.1e-05
0.004273 8e-06
0.004275 6e-06
0.004457 7e-06
0.004435 1.2e-05
0.004463 8e-06
0.00486 1.1e-05
0.004293 1.1e-05
0.00443 7e-06
0.004271 1.2e-05
0.004263 1.1e-05
0.004278 1.1e-05
0.004339 1.1e-05
0.004265 8e-06
0.004269 1.1e-05
0.004457 8e-06
0.004268 1e-05
0.004583 1.1e-05
0.004424 7e-06
0.004512 7e-06
0.004276 1.2e-05
0.004286 1e-05
0.003894 1e-05
0.004614 1.1e-05
0.004278 1.1e-05
0.004438 1.4e-05
0.00426 8e-06
0.004319 1.4e-05
0.004333 9e-06
0.004267 8e-06
0.004313 1.1e-05
0.004461 7e-06
0.004261 1.2e-05
0.004467 1.1e-05
0.004541 8e-06
0.004292 1.4e-05
0.004452 1.1e-05
0.004285 1.2e-05
0.004273 1.1e-05
0.004257 1e-05
0.004266 1.1e-05
0.004252 7e-06
0.00445 1.1e-05
0.004529 1.1e-05
0.004131 1.1e-05
