0.003716 1e-06

0.003643 1e-06

0.003499 1e-06

0.00373 1e-06

0.003708 1e-06

0.003664 1e-06

0.003576 2e-06

0.003685 1e-06

0.003605 0

0.00351 1e-06

0.003533 0

0.003527 1e-06

0.003667 2e-06

0.003601 2e-06

0.003603 2e-06

0.003604 2e-06

0.003661 1e-06

0.00385 1e-06

0.003517 2e-06

0.003668 1e-06

0.003597 1e-06

0.003515 1e-06

0.003555 0

0.003528 1e-06

0.003695 1e-06

0.00374 2e-06

0.003559 1e-06

0.003495 1e-06

0.003714 1e-06

0.003506 1e-06

0.003773 0

0.003682 1e-06

0.004066 2e-06

0.003641 2e-06

0.003784 1e-06

0.003724 1e-06

0.003656 1e-06

0.003628 1e-06

0.003658 1e-06

0.003639 1e-06

0.003819 1e-06

0.003627 1e-06

0.003508 0

0.003529 1e-06

0.003785 1e-06

0.003688 1e-06

0.003504 1e-06

0.003676 1e-06

0.003607 1e-06

0.003814 1e-06

0.003669 1e-06

0.00358 1e-06

0.003562 1e-06

0.003802 1e-06

0.003526 1e-06

0.00354 1e-06

0.003781 0

0.003513 1e-06

0.003501 1e-06

0.003507 1e-06

0.003726 1e-06

0.00351 2e-06

0.00359 1e-06

0.003678 1e-06

0.003816 1e-06

0.003643 1e-06

0.003817 1e-06

0.003522 2e-06

0.003809 2e-06

0.003818 1e-06

0.003717 1e-06

0.003569 1e-06

0.003719 1e-06

0.003512 0

0.003519 1e-06

0.003489 0

0.003782 1e-06

0.00369 1e-06

0.003507 1e-06

0.003515 1e-06

0.003687 1e-06

0.00377 1e-06

0.003749 1e-06

0.003554 0

0.003577 2e-06

0.003612 2e-06

0.004616 2e-06

0.00502 3e-06

0.004816 3e-06

0.004932 2e-06

0.004814 2e-06

0.003623 2e-06

0.003648 2e-06

0.003607 1e-06

0.003642 1e-06

0.003809 1e-06

0.003756 1e-06

0.003603 1e-06

0.003778 1e-06

0.003762 4e-06

0.003572 2e-06

0.003585 1e-06

0.003568 1e-06

0.003499 1e-06

0.003712 2e-06

0.003589 0

0.003735 1e-06

0.00357 1e-06

0.003671 1e-06

0.003538 1e-06

0.004011 1e-06

0.003815 2e-06

0.00379 2e-06

0.003532 1e-06

0.00381 1e-06

0.003536 1e-06

0.003761 1e-06

0.003562 1e-06

0.003742 2e-06

0.003762 1e-06

0.003674 0

0.003713 1e-06

0.003555 1e-06

0.003498 4e-06

0.004249 3e-06

0.00462 2e-06

0.003889 4e-06

0.003697 2e-06

0.003693 2e-06

0.003626 1e-06

0.003883 2e-06

0.003754 1e-06

0.003671 3e-06

0.00372 2e-06

0.003611 4e-06

0.003656 1e-06

0.00369 2e-06

0.003594 2e-06

0.003613 2e-06

0.003773 2e-06

0.003941 4e-06

0.003779 2e-06

0.003961 2e-06

0.003765 1e-06

0.003772 1e-06

0.003728 3e-06

0.003656 1e-06

0.003639 1e-06

0.003622 2e-06

0.003619 1e-06

0.00363 2e-06

0.003634 1e-06

0.00375 2e-06

0.003601 1e-06

0.003738 0

0.003673 1e-06

0.003609 1e-06

0.003619 1e-06

0.003668 1e-06

0.003746 1e-06

0.003737 1e-06

0.003677 1e-06

0.003741 1e-06

0.00375 3e-06

0.003594 1e-06

0.00377 1e-06

0.003693 1e-06

0.003599 1e-06

0.003557 1e-06

0.003947 1e-06

0.003507 1e-06

0.003987 3e-06

0.003823 1e-06

0.00375 1e-06

0.003655 1e-06

0.003612 2e-06

0.003742 2e-06

0.003703 1e-06

0.00353 1e-06

0.003566 2e-06

0.003563 1e-06

0.003726 1e-06

0.003584 1e-06

0.003607 1e-06

0.00353 1e-06

0.003535 1e-06

0.003503 1e-06

0.003761 1e-06

0.003596 1e-06

0.003758 2e-06

0.003651 1e-06

0.003605 1e-06

0.0036 2e-06

0.00369 1e-06

0.003651 1e-06

0.00383 7e-06

0.004952 2e-06

0.004496 3e-06

0.003809 2e-06

0.003613 2e-06

0.003565 1e-06

0.003731 1e-06

0.003578 0

0.003778 1e-06

0.003581 1e-06

0.003688 1e-06

0.003572 2e-06

0.003706 1e-06

0.00368 1e-06

0.003708 0

0.003742 2e-06

0.0036 1e-06

0.003577 1e-06

0.003654 2e-06

0.003645 1e-06

0.003649 1e-06

0.003685 1e-06

0.00355 1e-06

0.003797 2e-06

0.003666 2e-06

0.003609 1e-06

0.004433 5e-06

0.004792 2e-06

0.005184 2e-06

0.003964 2e-06

0.004338 1e-06

0.00369 1e-06

0.003566 1e-06

0.003679 1e-06

0.003588 1e-06

0.003646 2e-06

0.00365 1e-06

0.003725 1e-06

0.003604 1e-06

0.003685 1e-06

0.003514 0

0.003518 1e-06

0.003712 1e-06

0.003643 0

0.003527 2e-06

0.003679 0

0.003579 2e-06

0.003598 0

0.003527 2e-06

0.003606 1e-06

0.003484 1e-06

0.003999 1e-06

0.003543 1e-06

0.003721 1e-06

0.004907 3e-06

0.005049 5e-06

0.00401 1e-06

0.003762 2e-06

0.003889 2e-06

0.003631 2e-06

0.003555 1e-06

0.003538 1e-06

0.00364 2e-06

0.003528 1e-06

0.003704 1e-06

0.003714 1e-06

0.003591 2e-06

0.003521 1e-06

0.00353 1e-06

0.003787 2e-06

0.003698 2e-06

0.00351 1e-06

0.003714 1e-06

0.003535 0

0.003662 1e-06

0.003512 2e-06

0.003568 0

0.003698 1e-06

0.003548 1e-06

0.003679 2e-06

0.00377 2e-06

0.003605 1e-06

0.003828 1e-06

0.003614 1e-06

0.003656 1e-06

0.00354 0

0.003539 1e-06

0.003678 1e-06

0.003582 1e-06

0.003569 1e-06

0.003659 0

0.003498 2e-06

0.003641 1e-06

0.003778 0

0.003806 1e-06

0.003641 1e-06

0.003715 3e-06

0.003773 2e-06

0.00362 1e-06

0.004964 4e-06

0.004834 2e-06

0.003703 1e-06

0.003691 1e-06

0.003586 1e-06

0.003658 2e-06

0.003692 2e-06

0.003616 1e-06

0.003755 1e-06

0.003652 1e-06

0.003678 1e-06

0.003757 1e-06

0.003593 2e-06

0.003766 1e-06

0.003642 1e-06

0.003749 1e-06

0.003606 2e-06

0.003598 2e-06

0.003539 1e-06

0.003785 0

0.003963 1e-06

0.003771 1e-06

0.003604 1e-06

0.00377 1e-06

0.003549 2e-06

0.0036 2e-06

0.003597 2e-06

0.003756 2e-06

0.003746 1e-06

0.003538 1e-06

0.003522 0

0.003509 1e-06

0.003572 1e-06

0.003536 1e-06

0.003569 1e-06

0.003703 1e-06

0.003686 1e-06

0.003686 1e-06

0.003512 1e-06

0.003602 1e-06

0.003559 1e-06

0.003655 1e-06

0.003524 1e-06

0.00371 2e-06

0.003554 1e-06

0.003495 1e-06

0.003759 1e-06

0.003528 1e-06

0.003553 1e-06

0.003778 2e-06

0.00369 1e-06

0.00359 1e-06

0.003635 2e-06

0.003516 1e-06

0.003539 0

0.003602 3e-06

0.003751 1e-06

0.003749 1e-06

0.00351 1e-06

0.003773 1e-06

0.003716 1e-06

0.003585 2e-06

0.00354 2e-06

0.003507 1e-06

0.003543 1e-06

0.003531 1e-06

0.003675 2e-06

0.003503 1e-06

0.003742 1e-06

0.003747 2e-06

0.003597 1e-06

0.003491 1e-06

0.003995 1e-06

0.003522 1e-06

0.003806 1e-06

0.003532 1e-06

0.003698 0

0.003512 1e-06

0.003683 1e-06

0.003555 0

0.003651 1e-06

0.003504 1e-06

0.00351 0

0.003544 1e-06

0.0035 0

0.003521 1e-06

0.004007 1e-06

0.003529 1e-06

0.003675 0

0.003672 1e-06

0.00366 0

0.003642 0

0.003606 1e-06

0.003678 1e-06

0.003668 1e-06

0.003544 2e-06

0.003553 0

0.003671 2e-06

0.003883 1e-06

0.003714 2e-06

0.00369 2e-06

0.003719 1e-06

0.003807 1e-06

0.003565 1e-06

0.003769 1e-06

0.003581 1e-06

0.003816 2e-06

0.003628 2e-06

0.003588 2e-06

0.003681 1e-06

0.003546 1e-06

0.003509 1e-06

0.003589 1e-06

0.003533 1e-06

0.003711 1e-06

0.003714 1e-06

0.003896 1e-06

0.003567 0

0.003569 1e-06

0.00355 1e-06

0.003678 1e-06

0.003767 2e-06

0.003692 1e-06

0.003605 1e-06

0.003721 1e-06

0.003527 1e-06

0.003656 1e-06

0.003598 1e-06

0.003585 2e-06

0.003811 1e-06

0.0035 1e-06

0.003513 1e-06

0.0035 1e-06

0.003527 0

0.00366 2e-06

0.003747 2e-06

0.003525 1e-06

0.003791 1e-06

0.003526 1e-06

0.003878 1e-06

0.003678 0

0.003675 1e-06

0.003561 1e-06

0.003532 0

0.003502 1e-06

0.00408 1e-06

0.003724 1e-06

0.003669 1e-06

0.003682 1e-06

0.003708 1e-06

0.003534 1e-06

0.00387 0

0.00353 1.3e-05

0.003504 1e-06

0.003497 1e-06

0.003716 1e-06

0.003492 1e-06

0.003537 2e-06

0.003584 1e-06

0.003528 1e-06

0.003965 1e-06

0.003648 1e-06

0.003809 1e-06

0.004857 2e-06

0.004885 2e-06

0.003616 2e-06

0.003594 1e-06

0.00375 1e-06

0.003773 1e-06

0.00372 1e-06

0.003542 1e-06

0.003578 1e-06

0.003703 1e-06

0.003526 1e-06

0.003547 1e-06

0.003686 2e-06

0.003609 1e-06

0.003628 1e-06

0.003824 2e-06

0.0036 2e-06

0.003611 1e-06

0.003679 2e-06

0.003684 1e-06

0.003583 1e-06

0.003588 1e-06

0.003748 2e-06

0.003621 1e-06

0.003794 2e-06

0.003767 1e-06

0.003598 2e-06

0.003598 1e-06

0.003532 1e-06

0.003706 1e-06

0.003682 1e-06

0.003537 1e-06

0.003744 2e-06

0.0036 2e-06

0.003593 1e-06

0.003796 1e-06

0.003775 1e-06

0.003575 2e-06

0.003497 2e-06

0.003492 1e-06

0.003784 3e-06

0.003574 1e-06

0.003645 1e-06

0.003519 0

0.0036 1e-06

0.00367 1e-06

0.003565 1e-06

0.0035 2e-06

0.003578 1e-06

0.003612 2e-06

0.003766 1e-06

0.003645 2e-06

0.003817 1e-06

0.003706 1e-06

0.003593 1e-06

0.003592 1e-06

0.00363 1e-06

0.003879 2e-06

0.003761 1e-06

0.003749 2e-06

0.003704 1e-06

0.003763 1e-06

0.003711 1e-06

0.003724 1e-06

0.003611 2e-06

0.003894 1e-06

0.003715 2e-06

0.003675 1e-06

0.003659 1e-06

0.00382 0

0.003601 2e-06

0.003727 1e-06

0.003524 1e-06

0.003578 1e-06

0.003568 1e-06

0.003528 0

0.003733 1e-06

0.003796 1e-06

0.003739 1e-06

0.003526 0

0.003709 0

0.004807 3e-06

0.004905 4e-06

0.003892 3e-06

0.003813 2e-06

0.003669 2e-06

0.003783 4e-06

0.003758 1e-06

0.003833 2e-06

0.003603 2e-06

0.003632 2e-06

0.003733 2e-06

0.003888 2e-06

0.003644 2e-06

0.003752 1e-06

0.003649 1e-06

0.003673 2e-06

0.003663 1e-06

0.003744 2e-06

0.003627 2e-06

0.003775 2e-06

0.003613 1e-06

0.003782 2e-06

0.003605 1e-06

0.003613 2e-06

0.003623 2e-06

0.003608 2e-06

0.003761 1e-06

0.004126 2e-06

0.00367 1e-06

0.003592 0

0.003658 2e-06

0.003644 1e-06

0.003811 1e-06

0.003643 2e-06

0.005101 2e-06

0.004604 3e-06

0.003764 1e-06

0.003576 1e-06

0.003571 1e-06

0.00366 1e-06

0.003761 1e-06

0.003605 1e-06

0.003823 2e-06

0.003532 1e-06

0.003698 1e-06

0.003527 1e-06

0.003652 1e-06

0.003645 1e-06

0.003753 1e-06

0.003493 1e-06

0.0035 1e-06

0.003645 1e-06

0.003506 2e-06

0.003653 1e-06

0.003498 0

0.003665 1e-06

0.00368 1e-06

0.003529 1e-06

0.003522 1e-06

0.00375 2e-06

0.0049 2e-06

0.004759 3e-06

0.003709 2e-06

0.00384 1e-06

0.003614 2e-06

0.003671 1e-06

0.003595 1e-06

0.003719 1e-06

0.003662 2e-06

0.00366 1e-06

0.003509 1e-06

0.003504 1e-06

0.003552 0

0.003706 1e-06

0.003498 2e-06

0.003502 1e-06

0.00352 1e-06

0.00365 1e-06

0.003754 1e-06

0.004062 1e-06

0.00371 1e-06

0.003554 1e-06

0.003501 1e-06

0.003555 1e-06

0.00375 1e-06

0.003766 1e-06

0.003746 2e-06

0.003798 1e-06

0.003607 1e-06

0.003713 1e-06

0.003531 0

0.003579 1e-06

0.003683 0

0.003528 1e-06

0.003587 1e-06

0.003531 1e-06

0.003655 1e-06

0.003676 0

0.00355 1e-06

0.003666 1e-06

0.003641 1e-06

0.003499 1e-06

0.003506 1e-06

0.003526 0

0.003826 2e-06

0.003775 2e-06

0.003997 2e-06

0.003779 1e-06

0.003765 1e-06

0.003566 1e-06

0.003597 1e-06

0.003706 1e-06

0.00374 1e-06

0.00352 2e-06

0.003582 0

0.003604 1e-06

0.00364 1e-06

0.003703 0

0.003651 1e-06

0.003734 1e-06

0.003621 1e-06

0.00369 0

0.003582 1e-06

0.003527 1e-06

0.003527 2e-06

0.003494 1e-06

0.003553 2e-06

0.00377 1e-06

0.003534 2e-06

0.003522 1e-06

0.004928 2e-06

0.004363 3e-06

0.004333 1e-06

0.00384 1e-06

0.00375 2e-06

0.003759 1e-06

0.003599 2e-06

0.003752 2e-06

0.003641 2e-06

0.003769 1e-06

0.003594 1e-06

0.003615 2e-06

0.00361 2e-06

0.003713 1e-06

0.004421 1e-06

0.003603 1e-06

0.00375 1e-06

0.003789 1e-06

0.003578 1e-06

0.003499 0

0.003521 1e-06

0.003661 0

0.00374 1e-06

0.003737 1e-06

0.003708 2e-06

0.003792 1e-06

0.003601 2e-06

0.003874 1e-06

0.003605 2e-06

0.003557 1e-06

0.003598 1e-06

0.004159 3e-06

0.003695 1e-06

0.003694 1e-06

0.003701 1e-06

0.003553 1e-06

0.004044 1e-06

0.003707 1e-06

0.003651 1e-06

0.0035 1e-06

0.003503 1e-06

0.003558 1e-06

0.003489 1e-06

0.003509 1e-06

0.00352 1e-06

0.003589 2e-06

0.003594 2e-06

0.003617 1e-06

0.003981 1e-06

0.00351 0

0.003548 1e-06

0.003497 1e-06

0.003531 1e-06

0.003513 1e-06

0.003786 1e-06

0.003496 1e-06

0.003675 1e-06

0.003946 0

0.003494 1e-06

0.003518 1e-06

0.003706 1e-06

0.003677 1e-06

0.003704 2e-06

0.003571 1e-06

0.003585 1e-06

0.003583 1e-06

0.003675 1e-06

0.003774 1e-06

0.003721 2e-06

0.003552 2e-06

0.003597 1e-06

0.003558 1e-06

0.00366 1e-06

0.003762 1e-06

0.003566 1e-06

0.003519 1e-06

0.003606 1e-06

0.003826 2e-06

0.003707 1e-06

0.003771 1e-06

0.003749 1e-06

0.003756 2e-06

0.004065 2e-06

0.00359 1e-06

0.00378 2e-06

0.003656 1e-06

0.003687 1e-06

0.003579 0

0.003539 1e-06

0.003597 1e-06

0.003546 1e-06

0.00454 1e-06

0.00355 1e-06

0.003859 2e-06

0.003862 1e-06

0.003724 1e-06

0.003573 0

0.003604 1e-06

0.003991 1e-06

0.003678 1e-06

0.003692 1e-06

0.003527 1e-06

0.003522 1e-06

0.003586 1e-06

0.003528 1e-06

0.003587 1e-06

0.0037 1e-06

0.0037 1e-06

0.003514 1e-06

0.00355 1e-06

0.003554 1e-06

0.00353 1e-06

0.003492 1e-06

0.00363 1e-06

0.003853 2e-06

0.003591 1e-06

0.003611 2e-06

0.003839 1e-06

0.003791 1e-06

0.003529 1e-06

0.003556 0

0.004155 1e-06

0.003764 1e-06

0.003685 0

0.003592 1e-06

0.003714 0

0.003669 1e-06

0.003549 1e-06

0.003527 1e-06

0.003673 0

0.003671 1e-06

0.003582 1e-06

0.003535 1e-06

0.003736 1e-06

0.003725 1e-06

0.003659 1e-06

0.00356 1e-06

0.004033 1e-06

0.003547 1e-06

0.003494 0

0.003552 0

0.003488 1e-06

0.003572 1e-06

0.00386 1e-06

0.005191 2e-06

0.004079 4e-06

0.004186 2e-06

0.004239 1e-06

0.00367 1e-06

0.003677 2e-06

0.003592 2e-06

0.003871 2e-06

0.003644 1e-06

0.003641 1e-06

0.003613 2e-06

0.003791 4e-06

0.003871 2e-06

0.003823 2e-06

0.003837 1e-06

0.00355 1e-06

0.003539 1e-06

0.003593 1e-06

0.003712 1e-06

0.00355 1e-06

0.003713 2e-06

0.003502 1e-06

0.003585 1e-06

0.003624 1e-06

0.003617 1e-06

0.004019 1e-06

0.003847 1e-06

0.003592 2e-06

0.004025 1e-06

0.003686 1e-06

0.003503 1e-06

0.003505 1e-06

0.003646 1e-06

0.003528 1e-06

0.003691 1e-06

0.003525 1e-06

0.003536 1e-06

0.003706 1e-06

0.003672 1e-06

0.003523 1e-06

0.003752 1e-06

0.003716 1e-06

0.003626 2e-06

0.003734 1e-06

0.003545 1e-06

0.003679 2e-06

0.003678 1e-06

0.003589 0

0.003511 1e-06

0.003589 1e-06

0.003645 1e-06

0.003611 2e-06

0.003533 1e-06

0.003689 2e-06

0.003656 2e-06

0.003757 1e-06

0.003501 2e-06

0.003678 1e-06

0.003562 1e-06

0.003575 1e-06

0.003543 1e-06

0.003704 1e-06

0.003699 1e-06

0.003714 2e-06

0.003775 1e-06

0.003805 2e-06

0.003636 1e-06

0.003636 1e-06

0.003689 1e-06

0.004045 2e-06

0.003658 1e-06

0.00365 1e-06

0.003524 0

0.003498 1e-06

0.003685 1e-06

0.003548 1e-06

0.003743 0

0.004129 4e-06

0.004631 5e-06

0.00431 3e-06

0.004733 2e-06

0.004129 2e-06

0.003662 1e-06

0.003625 1e-06

0.003624 2e-06

0.003771 2e-06

0.00385 2e-06

0.003823 2e-06

0.004148 2e-06

0.003938 1e-06

0.00407 1e-06

0.003675 2e-06

0.004092 2e-06

0.003612 1e-06

0.003916 2e-06

0.003619 1e-06

0.003695 3e-06

0.003793 3e-06

0.003607 2e-06

0.003965 1e-06

0.003568 1e-06

0.003729 2e-06

0.003744 0

0.003557 0

0.004147 1e-06

0.003575 2e-06

0.003589 2e-06

0.003749 1e-06

0.003768 2e-06

0.00385 1e-06

0.00358 2e-06

0.003584 3e-06

0.005171 2e-06

0.004797 2e-06

0.003805 2e-06

0.00369 2e-06

0.003722 2e-06

0.003832 1e-06

0.003611 1e-06

0.003765 2e-06

0.003587 1e-06

0.003589 1e-06

0.003577 1e-06

0.003589 1e-06

0.003598 2e-06

0.003615 1e-06

0.003608 1e-06

0.003619 2e-06

0.003609 2e-06

0.00361 2e-06

0.0036 1e-06

0.003568 2e-06

0.003668 2e-06

0.003806 1e-06

0.003492 1e-06

0.00371 1e-06

0.003657 1e-06

0.004284 1e-06

0.004764 2e-06

0.004649 3e-06

0.003636 1e-06

0.003631 1e-06

0.003707 2e-06

0.003699 1e-06

0.003829 1e-06

0.003599 2e-06

0.003754 1e-06

0.003676 2e-06

0.003723 1e-06

0.003682 1e-06

0.003561 1.6e-05

0.003529 1e-06

0.003607 0

0.00368 2e-06

0.003593 1e-06

0.003532 1e-06

0.003523 0

0.003642 1e-06

0.004367 1e-06

0.003733 1e-06

0.003597 1e-06

0.003525 1e-06

0.00357 1e-06

0.003602 2e-06

0.003772 1e-06

0.003828 2e-06

0.003588 2e-06

0.003518 0

0.00355 1e-06

0.003528 1e-06

0.003519 1e-06

0.003485 1e-06

0.003674 1e-06

0.003701 1e-06

0.004241 0

0.003515 1e-06

0.00352 1e-06

0.003572 1e-06

0.003566 1e-06

0.003688 1e-06

0.003674 1e-06

0.003586 1e-06

0.003537 1e-06

0.003651 1e-06

0.003662 1e-06

0.003655 1e-06

0.003541 1e-06

0.003501 1e-06

