0.011029 7.3e-05
0.010252 2.6e-05
0.010644 3.4e-05
0.012471 2.7e-05
0.012523 3e-05
0.011391 3.2e-05
0.013021 3.3e-05
0.014499 1.5e-05
0.013466 3e-05
0.013529 2.2e-05
0.009756 2.1e-05
0.009353 2e-05
0.009592 1.4e-05
0.009368 1.3e-05
0.009764 2.1e-05
0.009298 2.6e-05
0.012579 3.9e-05
0.011271 2e-05
0.013549 2.7e-05
0.011411 3.2e-05
0.012641 2.5e-05
0.013373 2.6e-05
0.013203 3.6e-05
0.012773 3.5e-05
0.012994 3.4e-05
0.010734 2.6e-05
0.011693 2.8e-05
0.012144 1.3e-05
0.012323 2.4e-05
0.012417 3.1e-05
0.014746 3.8e-05
0.014307 3.1e-05
0.013875 3.1e-05
0.013591 3.3e-05
0.012482 3.1e-05
0.014625 2.7e-05
0.010943 1.2e-05
0.011848 1.8e-05
0.01198 2.5e-05
0.010492 2.1e-05
0.00936 2.4e-05
0.009734 2e-05
0.009321 1.5e-05
0.011707 2.5e-05
0.009372 2.4e-05
0.009358 3.2e-05
0.009701 2.2e-05
0.00967 1.2e-05
0.010637 1e-05
0.010009 1.3e-05
0.009813 1.6e-05
0.009689 2.3e-05
0.009679 1.5e-05
0.009287 1.6e-05
0.009653 2.1e-05
0.009674 2.1e-05
0.009289 2.3e-05
0.011645 2.3e-05
0.009345 2e-05
0.010131 1.3e-05
0.009785 1.6e-05
0.009792 2.5e-05
0.01055 2.2e-05
0.00972 2.3e-05
0.010498 2.6e-05
0.011856 2.5e-05
0.009323 2.4e-05
0.00888 2.8e-05
0.009347 1.9e-05
0.00931 1.2e-05
0.009357 2.5e-05
0.010086 2.2e-05
0.0094 2.1e-05
0.009478 1.1e-05
0.009782 1.6e-05
0.009655 2.4e-05
0.009309 1.9e-05
0.008797 2.2e-05
0.009451 2.5e-05
0.009711 2.6e-05
0.011593 2.2e-05
0.011346 2.2e-05
0.009715 1.4e-05
0.009255 2.2e-05
0.009699 1.4e-05
0.010197 2.5e-05
0.011864 2.1e-05
0.009391 1.3e-05
0.01047 2.8e-05
0.009738 2.9e-05
0.009351 2.3e-05
0.009719 2.5e-05
0.010627 2.6e-05
0.009724 2.3e-05
0.010164 1.2e-05
0.010472 2.2e-05
0.009185 9e-06
0.010157 2.2e-05
0.009332 2.4e-05
0.009427 2.4e-05
0.01157 2.2e-05
0.011196 1.9e-05
0.01043 2.2e-05
0.009306 2.2e-05
0.009737 1.8e-05
0.009698 2e-05
0.011864 2.3e-05
0.009797 2.2e-05
0.009905 2e-05
0.00936 2.4e-05
0.009413 1.9e-05
0.009901 1.9e-05
0.009311 2.2e-05
0.009703 2.2e-05
0.009271 2.4e-05
0.009285 2.3e-05
0.00968 2.1e-05
0.009303 2.2e-05
0.009716 2.4e-05
0.009688 2.2e-05
0.009692 2.3e-05
0.010002 1.6e-05
0.01083 9e-06
0.009992 2.3e-05
0.010155 2.1e-05
0.009772 1.5e-05
0.009193 2.1e-05
0.009715 2e-05
0.00932 2.4e-05
0.00953 2.4e-05
0.009715 2e-05
0.009336 1.6e-05
0.010231 2.3e-05
0.01057 2.6e-05
0.009793 2.7e-05
0.011895 2.6e-05
0.00982 2.6e-05
0.009313 2.2e-05
0.00981 2.6e-05
0.009634 2.3e-05
0.009335 2.2e-05
0.010831 2.3e-05
0.010482 2.4e-05
0.009734 2.5e-05
0.009728 8e-06
0.009284 4.8e-05
0.009897 2.5e-05
0.00962 1.7e-05
0.011296 1.4e-05
0.010552 2.6e-05
0.009721 2.3e-05
0.009713 2.1e-05
0.009331 1.5e-05
0.009919 2.6e-05
0.009717 2e-05
0.009701 3.7e-05
0.009432 1.2e-05
0.009282 1.7e-05
0.009971 2.4e-05
0.009836 2.2e-05
0.009304 1.9e-05
0.009669 2e-05
0.009723 1.5e-05
0.009337 1.1e-05
0.009296 2.3e-05
0.009713 3e-05
0.009685 2.2e-05
0.009267 1.3e-05
0.010991 2.4e-05
0.010248 2.6e-05
0.011113 2.3e-05
0.010429 2.3e-05
0.009718 3.6e-05
0.010699 1.6e-05
0.009727 1.5e-05
0.008407 1.9e-05
0.009769 2.1e-05
0.009632 3e-05
0.009838 2.3e-05
0.009453 2.2e-05
0.010045 1.2e-05
0.009362 1.4e-05
0.010233 1.2e-05
0.009713 2e-05
0.009754 2.2e-05
0.009779 1.5e-05
0.009847 2.5e-05
0.009571 2.9e-05
0.011376 1.4e-05
0.009309 2.3e-05
0.010806 2.1e-05
0.009938 1.8e-05
0.009401 2.5e-05
0.010095 2.3e-05
0.009306 1.9e-05
0.009919 2.4e-05
0.00971 2e-05
0.010086 2.1e-05
0.009311 2.5e-05
0.009675 2.2e-05
0.009678 1.1e-05
0.009696 2.1e-05
0.009302 1.7e-05
0.00974 1.7e-05
0.009694 2.2e-05
0.009672 2.3e-05
0.009326 2.7e-05
0.012477 3e-05
0.011298 2.6e-05
0.011726 1.6e-05
0.011311 2.4e-05
0.011294 3e-05
0.011796 1.1e-05
0.009839 1.3e-05
0.011407 1.7e-05
0.012117 2.6e-05
0.011417 2.7e-05
0.011829 2.2e-05
0.011333 2.1e-05
0.011711 2.7e-05
0.011737 2.6e-05
0.011286 3.3e-05
0.011428 2.9e-05
0.011354 3e-05
0.011849 1.3e-05
0.011599 2.5e-05
0.012698 2.5e-05
0.01134 2e-05
0.01175 1.7e-05
0.011771 2.1e-05
0.011272 2.4e-05
0.011799 1.4e-05
0.011828 2.9e-05
0.011873 2.6e-05
0.011775 1.8e-05
0.012095 3.1e-05
0.011868 2.9e-05
0.01189 1.6e-05
0.009306 2.9e-05
0.011806 2.4e-05
0.013423 3.2e-05
0.011775 2.9e-05
0.011802 2.9e-05
0.012121 2.7e-05
0.011748 2.4e-05
0.012704 2.8e-05
0.009813 2.8e-05
0.011861 2.6e-05
0.011844 1.8e-05
0.01206 2.7e-05
0.011285 2.2e-05
0.011268 2.7e-05
0.011312 2.5e-05
0.01128 2.5e-05
0.0101 1.8e-05
0.012051 2e-05
0.013368 3.1e-05
0.011877 2.4e-05
0.011793 2.7e-05
0.011375 2.4e-05
0.011767 2.8e-05
0.011334 2.4e-05
0.01032 2.5e-05
0.011969 3.1e-05
0.012332 2.7e-05
0.011944 2e-05
0.011864 2.9e-05
0.012717 2.8e-05
0.011768 2e-05
0.010254 1.9e-05
0.011159 3.2e-05
0.012993 2.5e-05
0.009734 1.9e-05
0.010022 2.4e-05
0.009299 2e-05
0.009729 1.3e-05
0.009719 8e-06
0.009824 2.2e-05
0.009771 1.3e-05
0.009693 1.8e-05
0.00969 3.7e-05
0.009296 1.9e-05
0.011026 3.3e-05
0.010067 2.2e-05
0.009375 2.3e-05
0.010008 1.4e-05
0.009516 1.7e-05
0.00931 2e-05
0.0093 2.3e-05
0.009903 1.9e-05
0.009398 3.1e-05
0.00942 1.6e-05
0.00949 2.3e-05
0.009765 1.6e-05
0.009678 1.9e-05
0.009638 2.2e-05
0.009714 2.2e-05
0.009272 2e-05
0.009433 2e-05
0.01046 1.6e-05
0.010463 3.2e-05
0.009722 2.2e-05
0.010446 2.5e-05
0.00987 2.3e-05
0.010733 2.6e-05
0.009306 1.9e-05
0.009796 2e-05
0.009688 2.1e-05
0.00966 1.7e-05
0.009293 1.6e-05
0.009427 1.5e-05
0.009877 1.2e-05
0.009345 1.1e-05
0.009828 1.7e-05
0.009764 2e-05
0.010564 1.1e-05
0.009763 2.2e-05
0.010202 1.2e-05
0.010858 3e-05
0.009292 2.2e-05
0.009278 1.8e-05
0.009633 1.9e-05
0.010022 3.8e-05
0.00946 1.6e-05
0.009695 2.1e-05
0.009781 1.2e-05
0.009851 1.3e-05
0.010359 2.4e-05
0.0105 2.5e-05
0.00971 2e-05
0.011396 2.5e-05
0.009936 2.7e-05
0.010757 1.9e-05
0.010643 2.1e-05
0.01046 2.7e-05
0.009702 2.8e-05
0.009906 2.7e-05
0.009295 2.4e-05
0.009352 2.2e-05
0.009287 2.3e-05
0.009368 2.2e-05
0.009779 2.3e-05
0.009776 1.1e-05
0.009941 1.7e-05
0.009695 1.5e-05
0.009321 2e-05
0.012928 3e-05
0.011103 2.1e-05
0.011776 2.5e-05
0.009475 2.3e-05
0.010052 1.5e-05
0.009384 2.2e-05
0.009853 2.2e-05
0.010508 2.4e-05
0.009784 2.4e-05
0.010515 2.2e-05
0.009772 2.2e-05
0.012679 2.9e-05
0.012736 3e-05
0.012688 2.5e-05
0.011693 2.5e-05
0.009796 2.2e-05
0.011517 2.7e-05
0.010022 1.7e-05
0.009757 2.8e-05
0.009767 1.8e-05
0.011454 1.6e-05
0.010453 2.2e-05
0.009704 2.2e-05
0.009752 1.1e-05
0.00996 1.4e-05
0.009755 1.8e-05
0.009733 1.7e-05
0.00928 2e-05
0.009319 1.3e-05
0.009319 2e-05
0.011532 2.5e-05
0.009707 1.8e-05
0.00934 2.1e-05
0.009739 2.2e-05
0.009914 2.1e-05
0.009763 2.1e-05
0.010459 2.1e-05
0.009678 2e-05
0.009334 1.9e-05
0.00972 2.5e-05
0.013018 3.4e-05
0.011885 3.8e-05
0.009838 2.5e-05
0.009703 2.7e-05
0.009632 1.7e-05
0.009692 1.4e-05
0.009708 2.4e-05
0.009699 3e-05
0.009313 2.1e-05
0.010449 2.5e-05
0.009481 1.3e-05
0.008666 1.5e-05
0.010454 1.6e-05
0.009316 2.3e-05
0.010653 2.6e-05
0.010023 1.7e-05
0.010508 2.4e-05
0.009318 2e-05
0.010357 1.2e-05
0.00966 2.2e-05
0.010483 1.8e-05
0.010643 2.9e-05
0.01184 2.4e-05
0.012432 2.7e-05
0.011334 2.7e-05
0.011257 2.3e-05
0.011806 1.8e-05
0.011804 2.2e-05
0.011761 2.8e-05
0.010838 3.6e-05
0.01188 3e-05
0.012032 2.4e-05
0.011431 2.8e-05
0.011823 2.2e-05
0.011724 2.2e-05
0.01272 2.5e-05
0.011377 1.6e-05
0.011336 1.5e-05
0.011429 2.7e-05
0.011382 2.9e-05
0.011841 2.4e-05
0.011814 1.1e-05
0.011361 2.6e-05
0.01173 2.6e-05
0.01183 2.5e-05
0.012664 2.4e-05
0.01105 2.4e-05
0.01137 3.2e-05
0.011878 2.4e-05
0.011792 2.8e-05
0.011798 2.7e-05
0.011364 2.5e-05
0.011327 2.5e-05
0.011362 3.1e-05
0.009038 3e-05
0.01175 2.7e-05
0.011966 1.8e-05
0.011448 2.6e-05
0.012045 2.6e-05
0.01127 1.9e-05
0.011362 2e-05
0.011291 3.2e-05
0.010687 3.8e-05
0.011893 2.4e-05
0.011692 2.8e-05
0.011403 1.4e-05
0.011282 2.5e-05
0.011338 2.7e-05
0.011905 2e-05
0.011793 1.4e-05
0.011766 1.5e-05
0.012833 3e-05
0.011787 2.5e-05
0.011808 2.6e-05
0.011813 2.9e-05
0.011266 2.8e-05
0.011391 2.5e-05
0.012711 2.8e-05
0.011775 2.7e-05
0.011805 2.8e-05
0.011829 2.8e-05
0.011831 2.8e-05
0.011808 2.6e-05
0.011793 2.5e-05
0.011286 3.2e-05
0.011348 1.5e-05
0.01177 2.6e-05
0.010673 1.5e-05
0.01185 1.9e-05
0.012276 2.9e-05
0.011381 2.5e-05
0.011294 2.4e-05
0.012081 2.1e-05
0.011291 2.9e-05
0.011314 2.8e-05
0.009437 2.8e-05
0.01183 2.7e-05
0.012394 1.8e-05
0.011339 2.5e-05
0.011281 2.1e-05
0.01176 2.5e-05
0.011356 2.4e-05
0.012724 2.7e-05
0.010738 2.3e-05
0.011406 2.7e-05
0.011574 2.7e-05
0.011833 3e-05
0.012002 1.8e-05
0.011348 2.2e-05
0.011808 2.2e-05
0.011323 1.3e-05
0.0127 2.4e-05
0.011799 1.7e-05
0.011367 3.1e-05
0.012737 2.9e-05
0.012694 2.1e-05
0.011368 1.3e-05
0.011742 2.9e-05
0.011364 2.2e-05
0.011763 2.5e-05
0.00972 2.2e-05
0.012729 2.8e-05
0.011916 1.4e-05
0.012708 2.8e-05
0.011288 2.7e-05
0.011733 1.6e-05
0.011804 1.7e-05
0.012083 2.3e-05
0.008459 1.7e-05
0.011293 2.6e-05
0.011759 1.6e-05
0.011804 2.9e-05
0.011319 2.5e-05
0.011789 1.5e-05
0.011808 2.8e-05
0.011805 3e-05
0.011117 2.4e-05
0.011465 2e-05
0.012298 3.5e-05
0.011842 2.7e-05
0.01139 3e-05
0.011388 2.8e-05
0.011398 2.9e-05
0.011846 1.4e-05
0.011784 1.8e-05
0.011817 2.5e-05
0.01184 2.8e-05
0.011375 2.9e-05
0.012661 1.5e-05
0.011368 1.7e-05
0.011823 1.8e-05
0.011738 2.6e-05
0.011279 2.8e-05
0.011496 1.4e-05
0.012737 2.4e-05
0.012192 2.9e-05
0.011853 3e-05
0.011793 2.3e-05
0.011787 2.5e-05
0.011806 2.7e-05
0.011768 2.4e-05
0.007964 2.9e-05
0.011822 2.4e-05
0.012277 1.7e-05
0.011826 2.8e-05
0.011784 1.3e-05
0.011299 2.8e-05
0.011806 2.6e-05
0.011818 2.8e-05
0.011269 1.9e-05
0.011862 1.7e-05
0.011474 2.6e-05
0.011315 1.3e-05
0.011283 1.8e-05
0.011755 2.3e-05
0.011815 1.3e-05
0.011797 2e-05
0.011847 2.3e-05
0.011505 1.6e-05
0.011381 2.9e-05
0.011331 1.9e-05
0.009271 1.4e-05
0.009706 2.2e-05
0.009271 2.1e-05
0.00967 1.7e-05
0.010604 2e-05
0.009728 1.4e-05
0.008826 1.2e-05
0.009723 1.1e-05
0.009309 1.9e-05
0.009338 1.3e-05
0.009666 3e-05
0.012813 1.8e-05
0.009687 2.2e-05
0.009737 2.1e-05
0.009326 1.7e-05
0.009328 2.1e-05
0.010354 1.9e-05
0.009672 3.4e-05
0.009897 2.3e-05
0.009707 1.4e-05
0.01055 2.2e-05
0.009735 2.3e-05
0.00931 2.3e-05
0.009699 2.3e-05
0.009681 2.4e-05
0.010867 2.9e-05
0.009931 2.5e-05
0.009335 7e-06
0.009744 2.4e-05
0.00996 2e-05
0.010063 2.4e-05
0.010683 2.2e-05
0.009425 1.3e-05
0.009342 1.1e-05
0.009986 2.1e-05
0.009309 1.1e-05
0.009745 2.1e-05
0.009361 2.1e-05
0.009815 2.4e-05
0.009312 2e-05
0.009319 1.6e-05
0.009748 8e-06
0.009332 2.4e-05
0.010501 2.2e-05
0.009934 2.2e-05
0.010029 2.3e-05
0.009782 2.5e-05
0.009695 1.5e-05
0.009516 3.4e-05
0.009731 2.1e-05
0.009691 2e-05
0.009272 2.3e-05
0.009996 2.4e-05
0.009868 2.4e-05
0.010445 2.2e-05
0.009659 1.8e-05
0.009687 1.6e-05
0.009707 9e-06
0.011054 1e-05
0.009961 2e-05
0.010072 1.1e-05
0.00975 2.3e-05
0.00932 2.4e-05
0.009697 1.9e-05
0.009702 1.7e-05
0.009742 2.5e-05
0.009778 1.2e-05
0.01253 3.5e-05
0.009677 1.9e-05
0.009358 1.5e-05
0.009787 2.2e-05
0.009333 2.2e-05
0.011528 1.8e-05
0.009691 2.1e-05
0.010467 2.1e-05
0.00929 1.7e-05
0.009284 1.7e-05
0.009751 2.4e-05
0.009405 2.3e-05
0.009744 2.6e-05
0.009468 2.4e-05
0.009713 2e-05
0.010444 1.3e-05
0.009721 2.1e-05
0.00929 1.3e-05
0.009266 3.4e-05
0.009624 1.4e-05
0.009745 1.7e-05
0.009352 1.4e-05
0.009381 1.4e-05
0.009409 1.8e-05
0.010508 2.2e-05
0.010456 2.1e-05
0.00972 2.1e-05
0.009591 2.5e-05
0.009961 2e-05
0.009846 1.5e-05
0.008164 1.7e-05
0.010081 2.1e-05
0.009312 2.1e-05
0.009323 2.3e-05
0.009369 1.4e-05
0.009969 1.6e-05
0.009704 1.9e-05
0.009707 3.4e-05
0.009318 2.4e-05
0.009763 2.1e-05
0.009994 2.4e-05
0.009763 2.6e-05
0.010526 1.2e-05
0.009676 1.3e-05
0.009725 2.3e-05
0.0097 1.9e-05
0.009721 2.3e-05
0.014412 4.3e-05
0.013114 1.9e-05
0.009287 4e-05
0.010477 1.9e-05
0.009285 2.1e-05
0.009717 2.1e-05
0.009697 2.2e-05
0.009739 1.5e-05
0.009644 1.2e-05
0.009273 2e-05
0.009037 1e-05
0.009755 1.5e-05
0.00994 2.3e-05
0.010865 2.2e-05
0.010605 1.4e-05
0.009717 1.6e-05
0.014319 3.6e-05
0.009768 2.1e-05
0.009676 1.6e-05
0.009294 1.9e-05
0.008094 2e-05
0.009774 2.1e-05
0.00972 2.2e-05
0.009309 2.1e-05
0.009944 2e-05
0.009722 2.1e-05
0.009652 1.2e-05
0.009723 1.2e-05
0.009283 1.9e-05
0.009937 1.6e-05
0.010271 2.2e-05
0.009763 2.2e-05
0.010493 2.2e-05
0.009297 2.2e-05
0.009705 2.1e-05
0.00971 2.2e-05
0.009608 1.5e-05
0.009288 2e-05
0.009713 2.1e-05
0.009331 1.6e-05
0.009077 2.3e-05
0.009308 2.5e-05
0.009659 2.7e-05
0.009641 1.7e-05
0.009304 2e-05
0.00934 2e-05
0.009678 2e-05
0.009975 2.4e-05
0.009294 1.4e-05
0.009719 2e-05
0.010079 2.3e-05
0.011818 2.9e-05
0.012339 2.2e-05
0.01182 2.7e-05
0.011658 2.9e-05
0.011755 2.2e-05
0.011269 2.3e-05
0.011274 2.6e-05
0.009318 2.3e-05
0.011836 3e-05
0.011607 2.9e-05
0.011824 2.8e-05
0.011358 2e-05
0.012039 2.4e-05
0.011267 2.3e-05
0.011312 1.5e-05
0.011279 2.3e-05
0.011823 1.4e-05
0.011831 2.1e-05
0.009879 1e-05
0.010665 2e-05
0.009802 2.3e-05
0.009852 2.3e-05
0.009847 2.2e-05
0.00948 1.1e-05
0.011385 2.6e-05
0.008766 1.4e-05
0.009504 1.7e-05
0.00949 3e-05
0.010139 2.3e-05
0.009886 2.3e-05
0.010563 2.5e-05
0.010129 2e-05
0.009491 2.8e-05
0.00946 1.8e-05
0.009496 1.6e-05
0.011873 3.1e-05
0.009456 1.3e-05
0.010406 1.9e-05
0.009497 2.4e-05
0.009471 1.4e-05
0.01011 2e-05
0.010684 1.1e-05
0.009524 2.7e-05
0.009483 2.2e-05
0.009465 1.8e-05
0.009508 1.4e-05
0.009846 2.3e-05
0.009783 2.2e-05
0.0095 2e-05
0.009902 1.9e-05
0.010878 1.9e-05
0.009516 2.7e-05
0.01072 2.2e-05
0.009878 8e-06
0.009228 2.2e-05
0.009841 1.9e-05
0.009513 2.4e-05
0.009911 2.3e-05
0.010197 2.1e-05
0.009503 2e-05
0.009862 1.2e-05
0.009902 1.4e-05
0.009939 1.8e-05
0.009515 2.1e-05
0.013001 1.5e-05
0.012912 2.2e-05
0.009996 2.3e-05
0.009492 2e-05
0.00992 2e-05
0.010013 1.6e-05
0.009469 1.5e-05
0.009434 2.1e-05
0.009902 2.2e-05
0.00986 1.5e-05
0.009932 2.3e-05
0.009583 2.3e-05
0.009573 2.3e-05
0.009858 2.4e-05
0.009481 2.2e-05
0.009912 2.3e-05
0.009465 1.7e-05
0.010576 2.6e-05
0.011074 3.2e-05
0.01018 2.2e-05
0.010039 2.6e-05
0.009914 2.3e-05
0.010121 2.3e-05
0.009908 2.1e-05
0.010401 2.2e-05
0.009906 2.1e-05
0.010035 3.3e-05
0.013309 2.8e-05
0.01028 2.3e-05
0.00958 2.4e-05
0.009868 1.3e-05
0.009792 8e-06
0.00963 3.1e-05
0.011706 2.7e-05
0.011603 2.3e-05
0.010833 1.2e-05
0.010066 2.3e-05
0.009914 2.6e-05
0.013507 3.3e-05
0.013752 1.7e-05
0.009522 2.7e-05
0.009511 1.7e-05
0.010726 2.3e-05
0.00989 2.4e-05
0.009918 2.1e-05
0.010221 1.6e-05
0.011447 2.6e-05
0.010246 2.4e-05
0.010136 2.2e-05
0.010807 1.3e-05
0.010656 1.1e-05
0.01032 2e-05
0.009973 1.9e-05
0.011535 2.4e-05
0.009841 2.2e-05
0.009866 8e-06
0.008911 2.4e-05
0.010971 2.2e-05
0.009978 2.6e-05
0.009914 2.3e-05
0.009492 2e-05
0.009834 2.1e-05
0.009818 8e-06
0.00952 2.2e-05
0.009486 1.6e-05
0.009829 1.5e-05
0.009614 2.3e-05
0.009637 2.3e-05
0.010715 2.5e-05
0.009906 1.9e-05
0.009904 2e-05
0.010317 1.4e-05
0.010594 2.3e-05
0.009565 2.4e-05
0.009509 2.1e-05
0.009498 2.1e-05
0.009125 2.1e-05
0.009454 1.8e-05
0.009928 2.5e-05
0.009466 2.4e-05
0.011041 1.8e-05
0.010356 2.2e-05
0.009536 1.2e-05
0.009873 2.1e-05
0.009925 1.7e-05
0.009962 3.4e-05
0.010937 2.2e-05
0.009486 2.2e-05
0.009492 1.2e-05
0.009897 1.5e-05
0.009469 2.3e-05
0.009533 2.1e-05
0.009625 2.6e-05
0.010892 2.9e-05
0.009716 1.9e-05
0.008531 2.2e-05
0.009917 2.3e-05
0.009481 1.3e-05
0.009914 2e-05
0.009528 1.4e-05
0.010153 1.7e-05
0.00952 3.4e-05
0.01305 2.1e-05
0.012093 2.2e-05
0.009509 1.3e-05
0.01072 2.7e-05
0.01103 1.9e-05
0.01097 1.4e-05
0.009948 1.7e-05
0.009935 2.3e-05
0.010004 2.2e-05
0.013329 3.3e-05
0.013942 3.3e-05
0.014145 3.7e-05
0.014344 2.9e-05
0.011045 2.2e-05
0.009513 1.4e-05
0.009569 2.2e-05
0.009462 1.3e-05
0.009551 1.5e-05
0.009962 2.3e-05
0.009508 2.2e-05
0.00952 1.4e-05
0.011831 1.9e-05
0.009931 2.4e-05
0.010714 2.3e-05
0.009944 2.1e-05
0.009462 1.3e-05
0.009526 2.1e-05
0.009589 2.4e-05
0.011559 2.2e-05
0.012516 1.4e-05
0.009754 2.4e-05
0.009475 2.5e-05
0.009483 2.2e-05
0.011105 2.1e-05
0.009514 2.2e-05
0.010735 2.1e-05
0.015922 3.4e-05
0.009445 2.1e-05
0.009845 3.8e-05
0.009842 1.3e-05
0.009505 4e-05
0.013239 1.8e-05
0.009906 2.1e-05
0.009445 2e-05
0.010692 1.9e-05
0.009463 2.1e-05
0.00948 2e-05
0.014761 4e-05
0.011862 2.5e-05
0.009476 2.3e-05
0.009549 2.5e-05
0.009914 1.8e-05
0.009865 1.3e-05
0.009954 2.5e-05
0.00987 1.8e-05
0.013264 2e-05
0.014185 3.3e-05
0.013999 3.2e-05
0.014729 3.5e-05
0.011078 3.2e-05
0.009916 2.2e-05
0.01072 1.1e-05
0.009926 2.3e-05
0.009867 2.6e-05
0.009932 4.5e-05
0.019561 3.1e-05
0.014281 2e-05
0.010059 2.6e-05
0.00995 2.6e-05
0.010682 2.9e-05
0.009488 2.4e-05
0.009905 1.5e-05
0.009947 2.3e-05
0.009096 2.4e-05
0.009468 2.7e-05
0.009933 3.4e-05
0.009526 2.4e-05
0.010012 1.8e-05
0.011176 2.5e-05
0.009941 1.8e-05
0.009897 2.6e-05
0.009829 2.4e-05
0.009494 2e-05
0.009869 1.7e-05
0.00948 1.1e-05
0.00956 2.1e-05
0.011584 2.6e-05
0.009543 1.5e-05
0.01072 1.6e-05
0.009473 2.7e-05
0.01125 2.7e-05
0.012617 5.2e-05
0.016606 2.3e-05
0.009843 2.5e-05
0.009998 2.8e-05
0.009901 2.4e-05
0.009932 2.1e-05
0.009476 2.1e-05
0.009901 2.7e-05
0.009547 2.3e-05
0.009459 2e-05
0.009475 1.9e-05
