0.004296 3e-06
0.004458 3e-06
0.004437 4e-06
0.004284 3e-06
0.004443 3e-06
0.004267 2e-06
0.004271 4e-06
0.004258 4e-06
0.004276 2e-06
0.004429 2e-06
0.00481 3e-06
0.004253 3e-06
0.004465 2e-06
0.004689 2e-06
0.004607 3e-06
0.004372 3e-06
0.004334 2e-06
0.00491 3e-06
0.004455 2e-06
0.004436 3e-06
0.004444 2e-06
0.004263 3e-06
0.00428 3e-06
0.003635 4e-06
0.004258 6e-06
0.004289 2e-06
0.00743 4e-06
0.004582 6e-06
0.004545 5e-06
0.004568 5e-06
0.00479 3e-06
0.004353 2e-06
0.004776 2e-06
0.004979 4e-06
0.004387 3e-06
0.004258 3e-06
0.004565 3e-06
0.004267 2e-06
0.004267 3e-06
0.004459 3e-06
0.004399 2e-06
0.004532 2e-06
0.00462 4e-06
0.004259 3e-06
0.00447 4e-06
0.004756 4e-06
0.00446 4e-06
0.004256 4e-06
0.004285 4e-06
0.004299 4e-06
0.004468 2e-06
0.004445 3e-06
0.004429 5e-06
0.004458 4e-06
0.004689 2e-06
0.004318 3e-06
0.004579 3e-06
0.004398 5e-06
0.004517 4e-06
0.004573 2e-06
0.004277 3e-06
0.004424 5e-06
0.004439 4e-06
0.004428 3e-06
0.004263 3e-06
0.003796 3e-06
0.004265 5e-06
0.004265 5e-06
0.004452 4e-06
0.004431 5e-06
0.004462 6e-06
0.004452 4e-06
0.004288 3e-06
0.004472 3e-06
0.004295 3e-06
0.004437 3e-06
0.004442 5e-06
0.004437 4e-06
0.004443 3e-06
0.004423 3e-06
0.004272 4e-06
0.004275 4e-06
0.004287 4e-06
0.006323 5e-06
0.007034 5e-06
0.006674 7e-06
0.007613 3e-06
0.00427 3e-06
0.004261 2e-06
0.004262 4e-06
0.004454 5e-06
0.004431 3e-06
0.00427 3e-06
0.00427 4e-06
0.004313 2e-06
0.004815 5e-06
0.004461 4e-06
0.004432 3e-06
0.004522 3e-06
0.004568 4e-06
0.004665 3e-06
0.004257 3e-06
0.004275 4e-06
0.004258 4e-06
0.004285 3e-06
0.004433 3e-06
0.0036 2e-06
0.004122 2e-06
0.004442 6e-06
0.004352 3e-06
0.004712 4e-06
0.004516 3e-06
0.004789 3e-06
0.004461 3e-06
0.004412 5e-06
0.004433 2e-06
0.004454 3e-06
0.004423 4e-06
0.004298 3e-06
0.004266 5e-06
0.004447 3e-06
0.004267 5e-06
0.004431 4e-06
0.004269 5e-06
0.004437 3e-06
0.004776 4e-06
0.004444 4e-06
0.004262 4e-06
0.004625 3e-06
0.005407 4e-06
0.005179 3e-06
0.005152 3e-06
0.005276 3e-06
0.00516 4e-06
0.005164 5e-06
0.005152 4e-06
0.005382 4e-06
0.005365 3e-06
0.005182 3e-06
0.005169 3e-06
0.005192 3e-06
0.005154 4e-06
0.005178 3e-06
0.005155 2e-06
0.005172 3e-06
0.005153 4e-06
0.004263 2e-06
0.00515 4e-06
0.005185 6e-06
0.005155 4e-06
0.005535 4e-06
0.005184 5e-06
0.005188 4e-06
0.005361 3e-06
0.005173 3e-06
0.005155 3e-06
0.00538 2e-06
0.005361 4e-06
0.005188 4e-06
0.005153 2e-06
0.005387 4e-06
0.005355 4e-06
0.005201 4e-06
0.005166 4e-06
0.004322 3e-06
0.00543 4e-06
0.005364 2e-06
0.005363 3e-06
0.005279 1e-05
0.005361 5e-06
0.005775 3e-06
0.005367 2e-06
0.005185 2e-06
0.005172 3e-06
0.005377 3e-06
0.005149 2e-06
0.005182 3e-06
0.005146 3e-06
0.005379 3e-06
0.005166 3e-06
0.005395 4e-06
0.005364 3e-06
0.003893 3e-06
0.005439 4e-06
0.005187 3e-06
0.005168 3e-06
0.005479 5e-06
0.005379 5e-06
0.005185 4e-06
0.00536 4e-06
0.005179 3e-06
0.005499 2e-06
0.005372 3e-06
0.005147 2e-06
0.005182 4e-06
0.005149 3e-06
0.005392 2e-06
0.005156 4e-06
0.005193 4e-06
0.005152 4e-06
0.004501 3e-06
0.005232 4e-06
0.005377 4e-06
0.005361 2e-06
0.005364 5e-06
0.005167 3e-06
0.005174 5e-06
0.00517 4e-06
0.005388 4e-06
0.005365 6e-06
0.00578 5e-06
0.005159 3e-06
0.005405 4e-06
0.00516 3e-06
0.005184 3e-06
0.00515 4e-06
0.005168 5e-06
0.005172 5e-06
0.004416 4e-06
0.005197 5e-06
0.005178 4e-06
0.005166 4e-06
0.005568 7e-06
0.005159 4e-06
0.005228 5e-06
0.005155 4e-06
0.005386 3e-06
0.005164 2e-06
0.005182 4e-06
0.005171 3e-06
0.005169 3e-06
0.005141 4e-06
0.005188 3e-06
0.005369 2e-06
0.00518 3e-06
0.005159 4e-06
0.004433 4e-06
0.005217 3e-06
0.005494 4e-06
0.005357 4e-06
0.005288 6e-06
0.005151 4e-06
0.005205 5e-06
0.005167 4e-06
0.005385 4e-06
0.005164 3e-06
0.005167 3e-06
0.005152 3e-06
0.005176 2e-06
0.005364 3e-06
0.005188 2e-06
0.005168 4e-06
0.005175 3e-06
0.005155 4e-06
0.003712 5e-06
0.005213 4e-06
0.00539 5e-06
0.005172 4e-06
0.005276 6e-06
0.005165 5e-06
0.005188 4e-06
0.005378 3e-06
0.005185 3e-06
0.005356 3e-06
0.005173 3e-06
0.005767 4e-06
0.005178 3e-06
0.005166 2e-06
0.00539 3e-06
0.005156 4e-06
0.005409 5e-06
0.005166 3e-06
0.004335 5e-06
0.005399 4e-06
0.005388 3e-06
0.005158 3e-06
0.00537 8e-06
0.00536 3e-06
0.005851 5e-06
0.005157 4e-06
0.005368 4e-06
0.005165 4e-06
0.005383 3e-06
0.005156 3e-06
0.005183 3e-06
0.005154 4e-06
0.00517 3e-06
0.005368 3e-06
0.005377 5e-06
0.005368 2e-06
0.003803 5e-06
0.005403 3e-06
0.00517 3e-06
0.005499 4e-06
0.005286 9e-06
0.005151 5e-06
0.005439 4e-06
0.005154 4e-06
0.005181 4e-06
0.005369 3e-06
0.005172 2e-06
0.005153 3e-06
0.005378 4e-06
0.005151 2e-06
0.005188 3e-06
0.005159 2e-06
0.005172 2e-06
0.005158 3e-06
0.004259 4e-06
0.005394 4e-06
0.00517 4e-06
0.005369 2e-06
0.005534 3e-06
0.005163 4e-06
0.005444 3e-06
0.005158 3e-06
0.005378 2e-06
0.005166 4e-06
0.005174 4e-06
0.005157 3e-06
0.005174 3e-06
0.005358 3e-06
0.005175 5e-06
0.005163 2e-06
0.00578 3e-06
0.005157 4e-06
0.004338 4e-06
0.005411 4e-06
0.005791 3e-06
0.00537 4e-06
0.005343 4e-06
0.005157 3e-06
0.005212 5e-06
0.005151 4e-06
0.005174 4e-06
0.005366 5e-06
0.005384 3e-06
0.005171 3e-06
0.005378 2e-06
0.005365 4e-06
0.005477 3e-06
0.005169 3e-06
0.005172 3e-06
0.005172 2e-06
0.004538 4e-06
0.005155 3e-06
0.005164 3e-06
0.005355 3e-06
0.005536 4e-06
0.005365 2e-06
0.005228 2e-06
0.005366 3e-06
0.00518 4e-06
0.005363 4e-06
0.005372 2e-06
0.005352 4e-06
0.005179 3e-06
0.005346 4e-06
0.005383 3e-06
0.005508 2e-06
0.00518 4e-06
0.005498 2e-06
0.004017 4e-06
0.005504 5e-06
0.005201 4e-06
0.005384 4e-06
0.00537 4e-06
0.005363 4e-06
0.00539 4e-06
0.005151 4e-06
0.005173 4e-06
0.005166 4e-06
0.005185 3e-06
0.005161 3e-06
0.005392 4e-06
0.005161 3e-06
0.005498 5e-06
0.005153 3e-06
0.005189 3e-06
0.005171 2e-06
0.004583 3e-06
0.005164 4e-06
0.005177 3e-06
0.00516 4e-06
0.005924 4e-06
0.005361 5e-06
0.005382 4e-06
0.005155 4e-06
0.005167 2e-06
0.005151 3e-06
0.005194 3e-06
0.005357 4e-06
0.005388 4e-06
0.005365 4e-06
0.005171 3e-06
0.00575 4e-06
0.005169 3e-06
0.004914 2e-06
0.004491 3e-06
0.005371 4e-06
0.005393 3e-06
0.005768 3e-06
0.006016 4e-06
0.005362 3e-06
0.005172 5e-06
0.005365 4e-06
0.005174 3e-06
0.005165 3e-06
0.005385 3e-06
0.005156 3e-06
0.005387 2e-06
0.005152 2e-06
0.005789 4e-06
0.005161 3e-06
0.005384 3e-06
0.004226 3e-06
0.005173 4e-06
0.005412 4e-06
0.005157 3e-06
0.005526 5e-06
0.005205 5e-06
0.005158 4e-06
0.005171 5e-06
0.00516 5e-06
0.005168 2e-06
0.005352 4e-06
0.005177 3e-06
0.005353 5e-06
0.005176 4e-06
0.005165 3e-06
0.005192 4e-06
0.005363 3e-06
0.005164 4e-06
0.003959 3e-06
0.005168 3e-06
0.005198 5e-06
0.005399 5e-06
0.005227 5e-06
0.005803 5e-06
0.005173 4e-06
0.00518 3e-06
0.00516 2e-06
0.005386 3e-06
0.00515 3e-06
0.005209 4e-06
0.005363 3e-06
0.005165 3e-06
0.005156 3e-06
0.005372 3e-06
0.005167 4e-06
0.005516 6e-06
0.004472 3e-06
0.005174 3e-06
0.00523 3e-06
0.005175 3e-06
0.005383 4e-06
0.005409 4e-06
0.005153 2e-06
0.00518 3e-06
0.00515 2e-06
0.005171 2e-06
0.005163 3e-06
0.005775 4e-06
0.005506 4e-06
0.005169 3e-06
0.005167 4e-06
0.005173 3e-06
0.005165 3e-06
0.005187 3e-06
0.003654 2e-06
0.005188 3e-06
0.005246 4e-06
0.005192 4e-06
0.005254 4e-06
0.005749 3e-06
0.005346 4e-06
0.005208 6e-06
0.005168 3e-06
0.005174 3e-06
0.005365 4e-06
0.005381 4e-06
0.005165 3e-06
0.005193 3e-06
0.00518 3e-06
0.00539 3e-06
0.005381 3e-06
0.005185 4e-06
0.00449 2e-06
0.005381 4e-06
0.005197 4e-06
0.00444 3e-06
0.004266 5e-06
0.004265 5e-06
0.004267 2e-06
0.004275 4e-06
0.004451 3e-06
0.004447 5e-06
0.00427 4e-06
0.004436 2e-06
0.004423 4e-06
0.004275 3e-06
0.004439 4e-06
0.004458 4e-06
0.004266 4e-06
0.004274 3e-06
0.004435 4e-06
0.004449 3e-06
0.004244 3e-06
0.004276 3e-06
0.003873 4e-06
0.00429 3e-06
0.004656 4e-06
0.004613 3e-06
0.004298 2e-06
0.004377 8e-06
0.004288 4e-06
0.004585 3e-06
0.004487 3e-06
0.00479 1e-06
0.004258 3e-06
0.004448 2e-06
0.004254 3e-06
0.00426 3e-06
0.004241 3e-06
0.004271 2e-06
0.005063 4e-06
0.005067 3e-06
0.00448 4e-06
0.004472 3e-06
0.004436 3e-06
0.004319 3e-06
0.004215 4e-06
0.004455 3e-06
0.004443 4e-06
0.004266 3e-06
0.004261 2e-06
0.004293 2e-06
0.004266 3e-06
0.004268 3e-06
0.004287 3e-06
0.004515 4e-06
0.004495 3e-06
0.004304 2e-06
0.004261 3e-06
0.004279 3e-06
0.004435 3e-06
0.004445 3e-06
0.004257 3e-06
0.004277 4e-06
0.004258 3e-06
0.004499 3e-06
0.004428 4e-06
0.004448 2e-06
0.004463 3e-06
0.004481 4e-06
0.004668 4e-06
0.004264 3e-06
0.004279 3e-06
0.004336 4e-06
0.004241 3e-06
0.004276 3e-06
0.004434 3e-06
0.00426 2e-06
0.004421 3e-06
0.004257 3e-06
0.00427 3e-06
0.004274 1e-06
0.004432 3e-06
0.004267 3e-06
0.004467 4e-06
0.004435 3e-06
0.004469 4e-06
0.004434 3e-06
0.004409 4e-06
0.00424 2e-06
0.004464 3e-06
0.004257 5e-06
0.004526 5e-06
0.004447 4e-06
0.004265 4e-06
0.004474 4e-06
0.004272 3e-06
0.004468 4e-06
0.004288 3e-06
0.004274 3e-06
0.00426 3e-06
0.004285 3e-06
0.004444 3e-06
0.00432 2e-06
0.004273 3e-06
0.004455 3e-06
0.004255 2e-06
0.004289 3e-06
0.004439 2e-06
0.004445 3e-06
0.004269 3e-06
0.004286 3e-06
0.004272 3e-06
0.004457 2e-06
0.004445 3e-06
0.004292 3e-06
0.004443 5e-06
0.004561 3e-06
0.004427 3e-06
0.004285 2e-06
0.004263 4e-06
0.004265 2e-06
0.004282 2e-06
0.004442 3e-06
0.004268 3e-06
0.004287 3e-06
0.004257 3e-06
0.00427 2e-06
0.006542 6e-06
0.004455 2e-06
0.004264 2e-06
0.005223 3e-06
0.004296 2e-06
0.004284 4e-06
0.004269 3e-06
0.004269 4e-06
0.004268 2e-06
0.004301 4e-06
0.004318 2e-06
0.004265 3e-06
0.004443 4e-06
0.004273 3e-06
0.004432 3e-06
0.004272 4e-06
0.004449 3e-06
0.004465 2e-06
0.004283 4e-06
0.004297 2e-06
0.004431 3e-06
0.004434 3e-06
0.00427 3e-06
0.004262 2e-06
0.004431 2e-06
0.004443 2e-06
0.003973 2e-06
0.004567 3e-06
0.004513 3e-06
0.004346 3e-06
0.00446 3e-06
0.004295 3e-06
0.004486 4e-06
0.004281 3e-06
0.004276 3e-06
0.004575 2e-06
0.004275 3e-06
0.004439 2e-06
0.004265 3e-06
0.004267 3e-06
0.004448 2e-06
0.004267 4e-06
0.005768 4e-06
0.004459 4e-06
0.004613 5e-06
0.004275 3e-06
0.004275 4e-06
0.004404 3e-06
0.004262 4e-06
0.004279 3e-06
0.004276 3e-06
0.004435 2e-06
0.004263 3e-06
0.004311 3e-06
0.004285 4e-06
0.004311 4e-06
0.004806 2e-06
0.004437 5e-06
0.004436 3e-06
0.004448 2e-06
0.00443 3e-06
0.004453 2e-06
0.004277 3e-06
0.004262 2e-06
0.004455 2e-06
0.00427 2e-06
0.004272 2e-06
0.004269 2e-06
0.004445 3e-06
0.004702 3e-06
0.004443 2e-06
0.004277 2e-06
0.004401 2e-06
0.004419 3e-06
0.004281 4e-06
0.004284 3e-06
0.004441 3e-06
0.004274 3e-06
0.004271 4e-06
0.00443 2e-06
0.00427 3e-06
0.004268 2e-06
0.004261 2e-06
0.004305 3e-06
0.004425 2e-06
0.004456 4e-06
0.004511 3e-06
0.004442 2e-06
0.004926 3e-06
0.005098 4e-06
0.005181 3e-06
0.005091 4e-06
0.004434 4e-06
0.004279 4e-06
0.004263 2e-06
0.004268 2e-06
0.004257 3e-06
0.004264 3e-06
0.00426 4e-06
0.005371 3e-06
0.005318 3e-06
0.005141 4e-06
0.005819 4e-06
0.005211 3e-06
0.005091 2e-06
0.004459 3e-06
0.004259 3e-06
0.004426 3e-06
0.00411 2e-06
0.003884 3e-06
0.004433 4e-06
0.004261 6e-06
0.004282 3e-06
0.007103 9e-06
0.007386 2e-06
0.00696 6e-06
0.006924 4e-06
0.004315 3e-06
0.004267 3e-06
0.004267 3e-06
0.004261 2e-06
0.004269 2e-06
0.004765 3e-06
0.006022 4e-06
0.004729 3e-06
0.004252 3e-06
0.004445 3e-06
0.004262 3e-06
0.004442 4e-06
0.004559 2e-06
0.00444 3e-06
0.004501 3e-06
0.004446 4e-06
0.004476 3e-06
0.004441 2e-06
0.004268 4e-06
0.004253 2e-06
0.004443 3e-06
0.004525 5e-06
0.006354 6e-06
0.006532 2e-06
0.007659 5e-06
0.006899 3e-06
0.004279 3e-06
0.004423 2e-06
0.004264 2e-06
0.004434 3e-06
0.003785 3e-06
0.004265 4e-06
0.004447 7e-06
0.005429 3e-06
0.00428 5e-06
0.004295 4e-06
0.004266 4e-06
0.004473 3e-06
0.004442 5e-06
0.004425 4e-06
0.004269 3e-06
0.004256 3e-06
0.004255 4e-06
0.004527 3e-06
0.004269 3e-06
0.004428 2e-06
0.005094 3e-06
0.005311 4e-06
0.004803 5e-06
0.004812 3e-06
0.005104 1.9e-05
0.004806 4e-06
0.004297 3e-06
0.004552 4e-06
0.004262 3e-06
0.004268 3e-06
0.004292 5e-06
0.004248 3e-06
0.004446 2e-06
0.004253 3e-06
0.004651 2e-06
0.004257 3e-06
0.00428 2e-06
0.004432 4e-06
0.00429 3e-06
0.004425 3e-06
0.004661 4e-06
0.004251 3e-06
0.004782 3e-06
0.004261 3e-06
0.004441 4e-06
0.004463 3e-06
0.003749 2e-06
0.00443 3e-06
0.004434 2e-06
0.006204 4e-06
0.005585 1e-05
0.004522 5e-06
0.004286 3e-06
0.004271 3e-06
0.004265 2e-06
0.004294 3e-06
0.004441 3e-06
0.004285 3e-06
0.004275 3e-06
0.004266 3e-06
0.004272 2e-06
0.004265 2e-06
0.004291 2e-06
0.004256 3e-06
0.004458 3e-06
0.00445 4e-06
0.004476 2e-06
0.004556 2e-06
0.004666 3e-06
0.004748 3e-06
0.00436 3e-06
0.004444 3e-06
0.004454 3e-06
0.004277 4e-06
0.004278 3e-06
0.00426 2e-06
0.004455 3e-06
0.004256 2e-06
0.004287 3e-06
0.004278 3e-06
0.004454 2e-06
0.004598 4e-06
0.004286 2e-06
0.004283 3e-06
0.004266 3e-06
0.004266 3e-06
0.004433 3e-06
0.004271 3e-06
0.004298 2e-06
0.004191 3e-06
0.003605 2e-06
0.004278 2e-06
0.004443 3e-06
0.004765 2e-06
0.004263 3e-06
0.004452 6e-06
0.007683 2e-06
0.004436 4e-06
0.004289 2e-06
0.004276 2e-06
0.004583 3e-06
0.004263 4e-06
0.004278 2e-06
0.004252 2e-06
0.00427 3e-06
0.004256 2e-06
0.004262 3e-06
0.004266 3e-06
0.004285 2e-06
0.004284 3e-06
0.004477 3e-06
0.004286 4e-06
0.004387 3e-06
0.004285 3e-06
0.004443 3e-06
0.00443 2e-06
0.004281 3e-06
0.004449 4e-06
0.004264 4e-06
0.004642 3e-06
0.004442 2e-06
0.004254 3e-06
0.004291 3e-06
0.007012 5e-06
0.007127 2e-06
0.006839 3e-06
0.004389 2e-06
0.004432 3e-06
0.004282 3e-06
0.004258 2e-06
0.004773 2e-06
0.003896 2e-06
0.004454 3e-06
0.004261 5e-06
0.004431 4e-06
0.004267 4e-06
0.004459 5e-06
0.004472 3e-06
0.004467 3e-06
0.004326 4e-06
0.004449 5e-06
0.005415 5e-06
0.004273 2e-06
0.004436 2e-06
0.004464 4e-06
0.004283 3e-06
0.004286 3e-06
0.004257 2e-06
0.004956 5e-06
0.004501 3e-06
0.004618 3e-06
0.004377 2e-06
0.004427 4e-06
0.004274 5e-06
0.004293 3e-06
0.004282 3e-06
0.004486 2e-06
0.004273 4e-06
0.004488 4e-06
0.004306 4e-06
0.004283 3e-06
0.004277 3e-06
0.004315 3e-06
0.006847 6e-06
0.004266 4e-06
0.004263 3e-06
0.004307 3e-06
0.004488 3e-06
0.004456 4e-06
0.004761 3e-06
0.004276 3e-06
0.004244 3e-06
0.00427 3e-06
0.004068 2e-06
0.004277 3e-06
0.00438 3e-06
0.004444 2e-06
0.004404 3e-06
0.004459 3e-06
0.004325 4e-06
0.004448 4e-06
0.006927 7e-06
0.004451 3e-06
0.004266 3e-06
0.004277 2e-06
0.004461 3e-06
0.004468 4e-06
0.004448 3e-06
0.004434 3e-06
0.004676 4e-06
0.00444 3e-06
0.00477 4e-06
0.004276 3e-06
0.004427 2e-06
0.004412 3e-06
0.005359 4e-06
0.005214 4e-06
0.005204 4e-06
0.00528 4e-06
0.005165 4e-06
0.00538 2e-06
0.005365 3e-06
0.005165 3e-06
0.005148 2e-06
0.005174 3e-06
0.005175 3e-06
0.005184 3e-06
0.005147 3e-06
0.005493 3e-06
0.005164 3e-06
0.005365 2e-06
0.005157 3e-06
0.003985 3e-06
0.005166 2e-06
0.005396 5e-06
0.005381 5e-06
0.005253 5e-06
0.005731 5e-06
0.005378 3e-06
0.005367 4e-06
0.005169 3e-06
0.005361 2e-06
0.00519 3e-06
0.005153 4e-06
0.005175 3e-06
0.005161 4e-06
0.005372 4e-06
0.005394 3e-06
0.005167 3e-06
0.005156 2e-06
0.004419 3e-06
0.005353 4e-06
0.005442 2e-06
0.005165 4e-06
0.005482 5e-06
0.005493 4e-06
0.005511 3e-06
0.005164 3e-06
0.005169 1e-06
0.005152 4e-06
0.005183 4e-06
0.005364 3e-06
0.00518 2e-06
0.005158 4e-06
