0.033613 5e-06

0.031351 6e-06

0.031307 2e-06

0.031316 4e-06

0.034065 4e-06

0.033831 5e-06

0.031033 6e-06

0.033626 5e-06

0.031514 4e-06

0.033637 5e-06

0.032277 4e-06

0.033687 6e-06

0.033603 6e-06

0.031959 4e-06

0.031195 4e-06

0.033683 4e-06

0.031111 5e-06

0.031957 4e-06

0.031135 6e-06

0.03257 4e-06

0.033764 1.7e-05

0.034225 5e-06

0.034199 3e-06

0.033576 3e-06

0.035702 4e-06

0.032635 4e-06

0.033711 5e-06

0.030241 4e-06

0.033664 5e-06

0.034096 5e-06

0.033665 4e-06

0.033857 5e-06

0.03106 6e-06

0.031906 7e-06

0.032026 6e-06

0.033657 5e-06

0.033722 6e-06

0.032147 5e-06

0.033664 4e-06

0.031258 5e-06

0.033578 5e-06

0.033652 5e-06

0.033733 5e-06

0.035352 7e-06

0.031478 5e-06

0.032053 6e-06

0.034255 5e-06

0.033914 4e-06

0.033971 6e-06

0.031487 3e-06

0.032133 5e-06

0.033657 6e-06

0.03238 4e-06

0.032183 4e-06

0.034077 4e-06

0.034884 7e-06

0.032265 4e-06

0.034269 5e-06

0.034436 5e-06

0.046636 5e-06

0.032129 5e-06

0.031505 5e-06

0.034269 4e-06

0.033917 4e-06

0.033965 4e-06

0.033835 4e-06

0.037525 5e-06

0.033856 7e-06

0.035517 5e-06

0.036032 1.1e-05

0.035684 4e-06

0.031302 6e-06

0.04802 6e-06

0.031914 7e-06

0.031649 4e-06

0.05989 5e-06

0.031058 6e-06

0.033804 5e-06

0.032129 6e-06

0.033623 5e-06

0.034167 5e-06

0.034361 5e-06

0.030298 4e-06

0.033616 7e-06

0.031972 6e-06

0.031993 3e-06

0.032078 5e-06

0.031809 5e-06

0.033816 7e-06

0.043354 4e-06

0.032646 4e-06

0.033879 6e-06

0.034531 5e-06

0.031621 5e-06

0.031135 7e-06

0.031345 1.1e-05

0.036229 6e-06

0.032092 6e-06

0.032203 5e-06

0.034152 4e-06

0.032962 5e-06

0.031203 5e-06

0.033912 8e-06

0.034505 5e-06

0.034096 4e-06

0.032198 2e-06

0.032197 6e-06

0.032732 3e-06

0.032344 5e-06

0.056146 7e-06

0.034783 5e-06

0.032339 6e-06

0.034666 6e-06

0.03365 4e-06

0.033775 3e-06

0.035049 5e-06

0.031874 6e-06

0.033621 8e-06

0.033734 5e-06

0.0336 5e-06

0.031105 6e-06

0.031116 5e-06

0.031951 6e-06

0.031231 5e-06

0.034139 3e-06

0.034331 6e-06

0.032565 6e-06

0.031738 5e-06

0.034007 5e-06

0.032573 5e-06

0.033795 5e-06

0.033752 5e-06

0.031364 6e-06

0.031286 5e-06

0.034608 6e-06

0.032232 5e-06

0.031263 4e-06

0.034069 4e-06

0.033771 5e-06

0.031225 5e-06

0.032314 4e-06

0.033583 5e-06

0.033704 5e-06

0.031453 6e-06

0.033985 6e-06

0.03354 5e-06

0.033542 5e-06

0.033627 5e-06

0.029915 3e-06

0.033701 3e-06

0.033708 5e-06

0.0312 5e-06

0.033833 4e-06

0.034525 5e-06

0.034175 5e-06

0.033736 5e-06

0.032105 5e-06

0.031237 5e-06

0.033744 4e-06

0.034068 5e-06

0.033601 5e-06

0.031066 5e-06

0.033563 4e-06

0.033755 4e-06

0.033754 4e-06

0.033641 5e-06

0.032011 5e-06

0.033768 5e-06

0.033561 5e-06

0.031209 5e-06

0.033789 5e-06

0.030079 4e-06

0.031459 3e-06

0.029862 5e-06

0.033582 3e-06

0.031281 3e-06

0.031233 4e-06

0.029819 6e-06

0.032312 5e-06

0.033941 5e-06

0.03403 5e-06

0.031914 5e-06

0.03138 4e-06

0.031126 5e-06

0.034123 5e-06

0.034373 5e-06

0.034244 5e-06

0.033591 6e-06

0.033493 6e-06

0.031777 3e-06

0.033987 5e-06

0.033809 4e-06

0.031688 5e-06

0.031105 5e-06

0.033728 4e-06

0.031211 6e-06

0.033828 6e-06

0.034241 5e-06

0.031332 5e-06

0.034115 4e-06

0.034533 8e-06

0.034607 4e-06

0.034749 4e-06

0.031501 3e-06

0.03128 4e-06

0.034594 5e-06

0.033829 7e-06

0.033777 7e-06

0.031212 4e-06

0.032852 4e-06

0.031131 5e-06

0.031833 6e-06

0.032171 6e-06

0.032102 4e-06

0.033585 3e-06

0.033758 5e-06

0.033622 3e-06

0.031879 4e-06

0.031832 6e-06

0.034915 5e-06

0.032036 5e-06

0.03218 6e-06

0.031282 5e-06

0.033829 4e-06

0.031321 5e-06

0.033682 3e-06

0.03117 5e-06

0.03376 5e-06

0.031309 4e-06

0.033744 4e-06

0.033634 6e-06

0.033689 4e-06

0.03187 5e-06

0.033579 5e-06

0.034161 5e-06

0.033882 5e-06

0.033947 5e-06

0.031942 6e-06

0.034689 5e-06

0.031322 5e-06

0.032486 5e-06

0.035487 6e-06

0.030239 5e-06

0.033835 5e-06

0.033568 7e-06

0.033645 5e-06

0.033558 4e-06

0.031328 6e-06

0.033657 3e-06

0.033604 4e-06

0.032224 6e-06

0.033659 4e-06

0.033542 6e-06

0.033746 5e-06

0.031916 5e-06

0.032134 5e-06

0.033615 3e-06

0.032553 6e-06

0.033658 4e-06

0.031278 4e-06

0.031357 5e-06

0.031257 6e-06

0.033599 6e-06

0.029984 5e-06

0.033687 4e-06

0.03365 5e-06

0.031218 7e-06

0.031888 5e-06

0.033645 5e-06

0.032206 6e-06

0.031971 5e-06

0.033625 5e-06

0.032026 5e-06

0.033806 4e-06

0.032035 4e-06

0.031953 4e-06

0.033085 5e-06

0.031838 5e-06

0.031155 5e-06

0.033692 4e-06

0.033259 5e-06

0.031234 5e-06

0.031225 4e-06

0.033668 5e-06

0.031315 5e-06

0.031318 4e-06

0.031047 4e-06

0.032581 6e-06

0.031947 6e-06

0.031209 5e-06

0.031999 5e-06

0.032288 3e-06

0.033687 4e-06

0.031158 5e-06

0.033644 4e-06

0.03187 4e-06

0.033998 4e-06

0.033672 4e-06

0.033657 4e-06

0.031879 4e-06

0.033596 6e-06

0.031234 5e-06

0.031918 5e-06

0.033745 6e-06

0.031265 4e-06

0.033559 5e-06

0.033708 4e-06

0.031139 5e-06

0.033659 5e-06

0.033575 5e-06

0.031223 5e-06

0.031432 4e-06

0.032744 5e-06

0.03355 5e-06

0.034108 4e-06

0.033748 6e-06

0.033615 5e-06

0.033748 6e-06

0.031132 5e-06

0.033658 5e-06

0.033362 4e-06

0.031961 4e-06

0.031801 6e-06

0.032251 4e-06

0.031303 5e-06

0.033632 3e-06

0.031811 5e-06

0.031303 6e-06

0.031841 3e-06

0.033715 6e-06

0.031141 5e-06

0.033616 5e-06

0.032017 3e-06

0.034369 5e-06

0.033878 4e-06

0.033697 4e-06

0.035042 6e-06

0.033462 5e-06

0.033564 4e-06

0.031219 4e-06

0.03199 4e-06

0.033752 4e-06

0.033808 7e-06

0.033526 4e-06

0.033558 6e-06

0.031866 5e-06

0.033722 4e-06

0.033587 5e-06

0.033734 6e-06

0.031435 5e-06

0.031137 5e-06

0.033617 5e-06

0.035272 7e-06

0.033557 6e-06

0.032159 4e-06

0.031404 7e-06

0.033533 3e-06

0.033688 5e-06

0.031129 4e-06

0.032205 5e-06

0.031275 4e-06

0.033758 4e-06

0.029769 3e-06

0.033663 6e-06

0.031118 4e-06

0.034053 5e-06

0.030245 7e-06

0.029885 4e-06

0.033597 6e-06

0.03366 4e-06

0.031084 5e-06

0.031705 6e-06

0.033899 4e-06

0.031169 5e-06

0.033704 3e-06

0.031109 5e-06

0.03359 5e-06

0.033628 5e-06

0.031848 5e-06

0.033698 4e-06

0.033755 6e-06

0.033626 4e-06

0.03445 5e-06

0.031282 5e-06

0.03126 4e-06

0.031236 5e-06

0.031124 5e-06

0.032138 3e-06

0.033575 4e-06

0.031244 6e-06

0.03412 6e-06

0.031281 6e-06

0.031093 5e-06

0.033548 6e-06

0.031246 4e-06

0.033948 5e-06

0.031206 4e-06

0.033556 4e-06

0.032007 3e-06

0.033663 4e-06

0.033602 4e-06

0.032052 4e-06

0.032021 4e-06

0.033788 6e-06

0.031297 5e-06

0.031005 4e-06

0.031222 5e-06

0.031206 4e-06

0.03116 4e-06

0.033655 5e-06

0.031989 5e-06

0.031164 4e-06

0.033604 5e-06

0.032048 4e-06

0.032081 5e-06

0.031336 5e-06

0.031234 4e-06

0.033644 6e-06

0.033721 4e-06

0.033407 4e-06

0.032066 4e-06

0.031155 5e-06

0.033824 6e-06

0.032592 4e-06

0.031017 6e-06

0.033554 6e-06

0.031176 4e-06

0.031982 4e-06

0.031239 4e-06

0.031744 5e-06

0.0335 4e-06

0.033732 3e-06

0.031847 3e-06

0.032125 5e-06

0.033601 4e-06

0.031172 4e-06

0.033514 4e-06

0.031324 5e-06

0.033612 4e-06

0.030142 6e-06

0.031286 6e-06

0.032058 5e-06

0.03112 5e-06

0.033527 5e-06

0.031266 4e-06

0.031285 4e-06

0.033705 5e-06

0.034119 6e-06

0.031395 5e-06

0.034173 5e-06

0.031187 6e-06

0.03364 5e-06

0.031078 3e-06

0.03371 5e-06

0.033636 5e-06

0.033961 5e-06

0.031729 5e-06

0.034292 5e-06

0.034304 3e-06

0.033912 5e-06

0.03394 5e-06

0.033737 4e-06

0.033951 5e-06

0.03168 6e-06

0.034404 6e-06

0.034248 5e-06

0.03225 5e-06

0.032045 6e-06

0.031251 4e-06

0.031639 5e-06

0.031724 5e-06

0.033728 6e-06

0.031992 5e-06

0.031161 5e-06

0.034174 5e-06

0.033861 5e-06

0.033758 1.9e-05

0.034355 6e-06

0.032245 6e-06

0.034001 5e-06

0.034195 7e-06

0.038167 5e-06

0.031429 5e-06

0.034822 5e-06

0.032984 7e-06

0.032163 5e-06

0.034928 6e-06

0.032183 7e-06

0.031749 4e-06

0.034157 6e-06

0.033624 7e-06

0.032559 1e-05

0.063527 6e-06

0.040226 1.1e-05

0.033835 5e-06

0.034218 5e-06

0.03222 5e-06

0.0325 7e-06

0.035223 4e-06

0.034446 3e-06

0.032274 5e-06

0.032108 1e-05

0.033457 5e-06

0.033323 5e-06

0.034564 5e-06

0.030675 5e-06

0.03447 4e-06

0.030751 5e-06

0.031295 5e-06

0.033126 5e-06

0.030917 6e-06

0.034411 5e-06

0.03108 5e-06

0.034027 4e-06

0.033797 4e-06

0.03648 6e-06

0.033126 3e-06

0.030904 5e-06

0.035359 6e-06

0.031798 4e-06

0.037081 5e-06

0.033405 5e-06

0.033457 5e-06

0.033102 9e-06

0.032739 4e-06

0.051473 6e-06

0.034119 5e-06

0.032636 6e-06

0.040522 5e-06

0.032496 1.2e-05

0.039421 5e-06

0.034821 4e-06

0.033293 4e-06

0.032203 7e-06

0.035266 6e-06

0.034886 5e-06

0.033049 5e-06

0.034403 5e-06

0.031517 1e-05

0.031642 5e-06

0.03084 6e-06

0.033767 6e-06

0.033788 7e-06

0.036444 6e-06

0.035369 7e-06

0.036067 7e-06

0.035827 2e-06

0.034913 4e-06

0.033494 5e-06

0.036127 1.3e-05

0.036096 6e-06

0.034818 6e-06

0.037627 5e-06

0.032762 8e-06

0.03445 5e-06

0.03494 6e-06

0.037938 6e-06

0.033792 7e-06

0.034553 6e-06

0.032463 6e-06

0.032467 7e-06

0.031133 5e-06

0.036297 7e-06

0.036671 7e-06

0.041408 6e-06

0.034488 8e-06

0.036957 5e-06

0.032497 6e-06

0.032316 5e-06

0.033994 7e-06

0.035216 5e-06

0.035062 7e-06

0.032036 6e-06

0.034073 5e-06

0.032595 8e-06

0.038519 5e-06

0.038079 7e-06

0.031739 4e-06

0.040734 5e-06

0.033116 3e-06

0.031328 5e-06

0.032754 4e-06

0.043205 5e-06

0.03615 5e-06

0.030607 5e-06

0.033399 5e-06

0.030685 5e-06

0.030765 5e-06

0.032911 5e-06

0.032967 6e-06

0.03142 3e-06

0.031184 6e-06

0.031113 5e-06

0.033454 1.3e-05

0.03199 5e-06

0.032996 5e-06

0.030569 6e-06

0.030845 6e-06

0.032899 6e-06

0.03304 5e-06

0.030876 6e-06

0.030647 3e-06

0.033011 5e-06

0.033507 5e-06

0.033775 6e-06

0.032982 4e-06

0.03066 5e-06

0.032937 4e-06

0.030673 4e-06

0.031544 5e-06

0.033588 4e-06

0.032885 5e-06

0.032978 4e-06

0.033098 5e-06

0.033006 5e-06

0.03133 5e-06

0.031589 4e-06

0.031515 6e-06

0.031437 4e-06

0.031512 5e-06

0.033433 4e-06

0.034638 5e-06

0.032077 9e-06

0.033836 6e-06

0.031197 4e-06

0.03123 5e-06

0.034907 7e-06

0.034666 4e-06

0.033749 5e-06

0.035174 4e-06

0.031578 5e-06

0.030716 4e-06

0.033182 5e-06

0.033144 5e-06

0.032132 5e-06

0.034457 8e-06

0.034866 5e-06

0.032225 4e-06

0.033911 6e-06

0.031119 8e-06

0.034772 5e-06

0.033392 5e-06

0.031545 5e-06

0.030477 5e-06

0.034509 6e-06

0.033339 5e-06

0.031922 6e-06

0.033094 7e-06

0.033697 6e-06

0.03194 3e-06

0.032896 6e-06

0.032042 4e-06

0.033487 5e-06

0.032138 4e-06

0.031372 4e-06

0.033008 5e-06

0.033464 5e-06

0.033864 6e-06

0.034944 6e-06

0.034262 6e-06

0.032851 6e-06

0.033802 6e-06

0.034118 4e-06

0.03329 6e-06

0.03078 5e-06

0.033222 7e-06

0.032365 5e-06

0.035169 6e-06

0.033541 6e-06

0.031408 6e-06

0.037001 6e-06

0.036277 4e-06

0.03303 4e-06

0.029511 4e-06

0.033372 6e-06

0.035392 1.2e-05

0.03192 5e-06

0.034963 7e-06

0.034855 5e-06

0.033104 5e-06

0.031384 5e-06

0.030804 4e-06

0.033568 5e-06

0.031591 1.6e-05

0.031226 6e-06

0.030783 6e-06

0.031231 4e-06

0.030565 4e-06

0.032974 5e-06

0.030727 4e-06

0.031191 6e-06

0.033345 5e-06

0.030628 3e-06

0.033068 5e-06

0.030874 4e-06

0.03156 5e-06

0.030737 5e-06

0.033598 7e-06

0.031393 4e-06

0.032424 5e-06

0.03429 5e-06

0.03357 5e-06

0.031459 4e-06

0.03135 5e-06

0.032942 6e-06

0.034485 7e-06

0.032247 5e-06

0.029967 3e-06

0.032055 6e-06

0.034525 4e-06

0.032729 5e-06

0.034315 5e-06

0.032501 1e-05

0.032172 5e-06

0.033795 6e-06

0.035124 7e-06

0.033044 5e-06

0.035412 5e-06

0.035175 5e-06

0.032909 5e-06

0.032465 5e-06

0.035186 4e-06

0.032117 5e-06

0.032447 5e-06

0.033333 5e-06

0.032113 6e-06

0.030446 4e-06

0.030765 4e-06

0.031314 5e-06

0.032002 4e-06

0.033646 5e-06

0.035615 4e-06

0.031995 5e-06

0.034885 6e-06

0.03199 5e-06

0.033129 5e-06

0.042393 6e-06

0.032277 6e-06

0.035563 4e-06

0.035249 5e-06

0.034584 8e-06

0.034462 4e-06

0.033882 6e-06

0.032655 7e-06

0.033496 4e-06

0.033062 7e-06

0.033034 5e-06

0.03113 5e-06

0.032979 5e-06

0.032637 5e-06

0.033152 5e-06

0.030577 5e-06

0.032883 7e-06

0.030617 7e-06

0.03069 6e-06

0.030822 3e-06

0.033257 3e-06

0.032936 5e-06

0.029457 5e-06

0.032831 5e-06

0.032918 6e-06

0.031326 5e-06

0.031675 6e-06

0.032877 4e-06

0.030622 6e-06

0.030658 4e-06

0.033307 4e-06

0.030717 5e-06

0.030746 5e-06

0.030538 5e-06

0.030554 5e-06

0.033156 5e-06

0.032952 4e-06

0.033054 4e-06

0.031403 3e-06

0.030672 4e-06

0.032747 6e-06

0.032617 5e-06

0.034973 6e-06

0.033721 6e-06

0.033581 5e-06

0.033055 5e-06

0.03278 4e-06

0.034212 6e-06

0.031036 5e-06

0.031158 5e-06

0.031303 4e-06

0.037339 5e-06

0.030641 5e-06

0.033395 6e-06

0.03307 6e-06

0.034471 1e-05

0.032232 4e-06

0.031364 7e-06

0.033975 6e-06

0.033893 7e-06

0.033863 5e-06

0.033866 6e-06

0.032402 5e-06

0.033109 6e-06

0.033554 5e-06

0.033771 5e-06

0.032975 4e-06

0.034245 7e-06

0.033815 6e-06

0.031442 4e-06

0.033872 5e-06

0.030678 5e-06

0.032876 4e-06

0.03319 7e-06

0.030991 6e-06

0.031261 5e-06

0.031338 5e-06

0.029454 5e-06

0.031356 4e-06

0.030604 5e-06

0.033295 4e-06

0.033115 5e-06

0.031397 3e-06

0.034077 6e-06

0.031905 5e-06

0.030492 3e-06

0.033027 4e-06

0.033109 3e-06

0.033004 6e-06

0.033853 5e-06

0.031259 3e-06

0.033304 5e-06

0.033555 6e-06

0.030934 4e-06

0.03136 4e-06

0.03064 8e-06

0.03289 5e-06

0.03059 4e-06

0.032926 5e-06

0.033101 5e-06

0.033226 6e-06

0.036794 7e-06

0.032982 6e-06

0.032149 5e-06

0.034065 7e-06

0.034723 5e-06

0.032843 5e-06

0.035333 5e-06

0.031939 5e-06

0.033847 5e-06

0.031905 5e-06

0.033849 4e-06

0.033859 5e-06

0.031364 5e-06

0.033656 5e-06

0.031122 5e-06

0.033682 4e-06

0.031218 8e-06

0.033612 5e-06

0.029993 3e-06

0.032716 4e-06

0.031406 5e-06

0.033651 6e-06

0.031175 4e-06

0.031231 4e-06

0.033744 5e-06

0.031865 4e-06

0.035063 6e-06

0.036036 6e-06

0.033188 5e-06

0.031841 5e-06

0.034419 6e-06

0.033937 5e-06

0.033785 5e-06

0.034383 6e-06

0.030663 8e-06

0.033067 7e-06

0.033608 5e-06

0.033711 6e-06

0.033613 4e-06

0.033775 4e-06

0.031295 1e-05

0.031341 4e-06

0.031131 6e-06

0.033561 4e-06

0.03385 4e-06

0.033984 4e-06

0.032467 5e-06

0.030271 5e-06

0.031426 4e-06

0.033528 4e-06

0.031217 5e-06

0.033912 6e-06

0.031317 4e-06

0.031107 4e-06

0.034582 5e-06

0.0338 5e-06

0.031855 5e-06

0.033 5e-06

0.035242 5e-06

0.032326 6e-06

0.032441 4e-06

0.031979 6e-06

0.034679 6e-06

0.035446 4e-06

0.03484 8e-06

0.040178 5e-06

0.031474 5e-06

0.031098 5e-06

0.033389 5e-06

0.032195 4e-06

0.033863 4e-06

0.031095 5e-06

0.034953 5e-06

0.034684 5e-06

0.034307 5e-06

0.033776 5e-06

0.032136 6e-06

0.031276 5e-06

0.031135 6e-06

0.032881 5e-06

0.03322 5e-06

0.034044 5e-06

0.033771 6e-06

0.031351 4e-06

0.031321 4e-06

0.031514 5e-06

0.034123 5e-06

0.035452 6e-06

0.035032 5e-06

0.034092 5e-06

0.03306 5e-06

0.035408 1.1e-05

0.034915 9e-06

0.035127 4e-06

0.033205 6e-06

0.033029 5e-06

0.032129 7e-06

0.03302 5e-06

0.032807 5e-06

0.033968 5e-06

0.03155 4e-06

0.032713 5e-06

0.032187 3e-06

0.033189 5e-06

0.033598 4e-06

0.033752 5e-06

0.032137 5e-06

0.033765 5e-06

0.031645 5e-06

0.033652 6e-06

0.033814 6e-06

0.033828 4e-06

0.031934 7e-06

0.035475 5e-06

0.033848 4e-06

0.03144 5e-06

0.034059 5e-06

0.032146 4e-06

0.031283 5e-06

0.035125 6e-06

0.03262 5e-06

0.033777 4e-06

0.032068 5e-06

0.034653 6e-06

0.033762 4e-06

0.032161 5e-06

0.034524 4e-06

0.034998 4e-06

0.033994 7e-06

0.034779 6e-06

0.034631 4e-06

0.032455 9e-06

0.032635 7e-06

0.042657 7e-06

0.04342 5e-06

0.035583 5e-06

0.035659 6e-06

0.031952 4e-06

0.036089 5e-06

0.03352 4e-06

0.033124 7e-06

0.03461 5e-06

0.032228 5e-06

0.034956 5e-06

0.035339 6e-06

0.031318 5e-06

0.031643 4e-06

0.034598 5e-06

0.035339 6e-06

0.032346 4e-06

0.033508 6e-06

0.033773 6e-06

0.031224 6e-06

0.031753 4e-06

0.032322 7e-06

0.03498 5e-06

0.031798 5e-06

0.031904 5e-06

0.033759 5e-06

0.031195 5e-06

0.033569 4e-06

0.033642 3e-06

0.03349 4e-06

