0.007759 6e-06

0.008173 5e-06

0.008207 5e-06

0.007818 4e-06

0.008726 7e-06

0.009552 7e-06

0.00794 8e-06

0.008332 5e-06

0.008573 6e-06

0.008375 9e-06

0.008309 8e-06

0.008319 8e-06

0.00838 6e-06

0.008296 9e-06

0.008322 1e-05

0.008475 4e-06

0.007955 1.1e-05

0.009072 6e-06

0.00868 9e-06

0.008045 9e-06

0.007963 1e-05

0.008289 1e-05

0.008349 2.2e-05

0.008364 7e-06

0.008907 9e-06

0.008495 8e-06

0.008 7e-06

0.007905 7e-06

0.007945 6e-06

0.00793 8e-06

0.007979 6e-06

0.008446 5e-06

0.007987 1e-05

0.007987 6e-06

0.007849 8e-06

0.008323 8e-06

0.008391 7e-06

0.008274 6e-06

0.009425 8e-06

0.007937 3e-06

0.008441 4e-06

0.007787 5e-06

0.007818 7e-06

0.007869 7e-06

0.00781 6e-06

0.008621 6e-06

0.008167 5e-06

0.009153 7e-06

0.008296 6e-06

0.008276 4e-06

0.008392 9e-06

0.008575 8e-06

0.008288 5e-06

0.007929 4e-06

0.0083 7e-06

0.007946 4e-06

0.009214 6e-06

0.008341 9e-06

0.008742 9e-06

0.009307 1.2e-05

0.008094 5e-06

0.008286 7e-06

0.007927 6e-06

0.008359 1e-05

0.008086 6e-06

0.00795 6e-06

0.008195 5e-06

0.008079 4e-06

0.007858 7e-06

0.008564 4e-06

0.008288 1e-05

0.007971 7e-06

0.008156 6e-06

0.008263 7e-06

0.00881 5e-06

0.008144 6e-06

0.007865 4e-06

0.008797 7e-06

0.008065 7e-06

0.008154 7e-06

0.00795 6e-06

0.008789 5e-06

0.008146 7e-06

0.008252 7e-06

0.008388 5e-06

0.008655 5e-06

0.009097 8e-06

0.008096 9e-06

0.008361 6e-06

0.007897 6e-06

0.008138 7e-06

0.008426 5e-06

0.00786 4e-06

0.008243 6e-06

0.008264 7e-06

0.008245 5e-06

0.00815 6e-06

0.008079 5e-06

0.008277 8e-06

0.008041 5e-06

0.0083 7e-06

0.008354 7e-06

0.007845 7e-06

0.007761 6e-06

0.008175 6e-06

0.008196 6e-06

0.008244 6e-06

0.007763 6e-06

0.008156 8e-06

0.008197 7e-06

0.00815 4e-06

0.00787 5e-06

0.007811 8e-06

0.007788 4e-06

0.007782 7e-06

0.007993 7e-06

0.007894 4e-06

0.007801 6e-06

0.008205 5e-06

0.007797 4e-06

0.009406 6e-06

0.007788 6e-06

0.007843 7e-06

0.007914 3e-06

0.007834 7e-06

0.008155 6e-06

0.008221 4e-06

0.008301 6e-06

0.008149 7e-06

0.00817 6e-06

0.00833 7e-06

0.007797 7e-06

0.008173 6e-06

0.007773 6e-06

0.008137 5e-06

0.008775 5e-06

0.008206 4e-06

0.007735 6e-06

0.008901 6e-06

0.007734 7e-06

0.008188 6e-06

0.008144 5e-06

0.008162 6e-06

0.00783 6e-06

0.008134 7e-06

0.00792 6e-06

0.007727 6e-06

0.008129 5e-06

0.008323 6e-06

0.00787 4e-06

0.007749 5e-06

0.007766 5e-06

0.008039 6e-06

0.008109 4e-06

0.008306 4e-06

0.008352 1.2e-05

0.008235 4e-06

0.009083 7e-06

0.008205 8e-06

0.00831 7e-06

0.007786 6e-06

0.008198 5e-06

0.008233 7e-06

0.008395 6e-06

0.008413 6e-06

0.008296 8e-06

0.008316 6e-06

0.009174 7e-06

0.008408 5e-06

0.008319 6e-06

0.008243 9e-06

0.008419 7e-06

0.008267 7e-06

0.008029 8e-06

0.008551 5e-06

0.008534 5e-06

0.008366 6e-06

0.00791 6e-06

0.007941 7e-06

0.008423 8e-06

0.008156 6e-06

0.009111 1e-05

0.008272 9e-06

0.008056 9e-06

0.008361 6e-06

0.007999 7e-06

0.008331 5e-06

0.007766 4e-06

0.008757 6e-06

0.008141 6e-06

0.009004 6e-06

0.008911 3e-06

0.008957 4e-06

0.007795 7e-06

0.007786 7e-06

0.008158 6e-06

0.008104 5e-06

0.007986 5e-06

0.007975 4e-06

0.008343 6e-06

0.007926 7e-06

0.007988 1e-05

0.008279 6e-06

0.008003 5e-06

0.008592 8e-06

0.008298 8e-06

0.007947 8e-06

0.008336 7e-06

0.008415 7e-06

0.008393 1.3e-05

0.008223 7e-06

0.008423 9e-06

0.007932 7e-06

0.008368 5e-06

0.008008 6e-06

0.008673 7e-06

0.008448 4e-06

0.007867 6e-06

0.008026 6e-06

0.008068 7e-06

0.008585 8e-06

0.008268 8e-06

0.008899 6e-06

0.008323 5e-06

0.007966 9e-06

0.007959 6e-06

0.009921 5e-06

0.00842 6e-06

0.007873 4e-06

0.008233 7e-06

0.008193 5e-06

0.008287 5e-06

0.007949 8e-06

0.007988 7e-06

0.008039 5e-06

0.008598 7e-06

0.008333 7e-06

0.008354 8e-06

0.008295 8e-06

0.00853 6e-06

0.008246 6e-06

0.007823 7e-06

0.007906 7e-06

0.008803 6e-06

0.007863 6e-06

0.008816 6e-06

0.00881 6e-06

0.007978 7e-06

0.008317 8e-06

0.008322 6e-06

0.007819 6e-06

0.008107 6e-06

0.008147 6e-06

0.008184 5e-06

0.008198 6e-06

0.007772 6e-06

0.00818 7e-06

0.007819 6e-06

0.008218 6e-06

0.009059 5e-06

0.007969 6e-06

0.007922 7e-06

0.008333 4e-06

0.008647 6e-06

0.008299 6e-06

0.007962 5e-06

0.008547 7e-06

0.007949 4e-06

0.009254 6e-06

0.008267 7e-06

0.008385 7e-06

0.008511 9e-06

0.008276 6e-06

0.008417 8e-06

0.007807 7e-06

0.007793 7e-06

0.009023 6e-06

0.00794 8e-06

0.009002 8e-06

0.007948 8e-06

0.008074 8e-06

0.008297 7e-06

0.008496 6e-06

0.008295 3e-06

0.007935 8e-06

0.008514 4e-06

0.008466 8e-06

0.008301 6e-06

0.007767 7e-06

0.008198 5e-06

0.007932 7e-06

0.007763 6e-06

0.008299 1e-05

0.008177 7e-06

0.007806 6e-06

0.008141 5e-06

0.008164 6e-06

0.008047 6e-06

0.00791 6e-06

0.008273 8e-06

0.007922 7e-06

0.007981 3e-06

0.008138 7e-06

0.007833 8e-06

0.008168 1e-05

0.008611 1.3e-05

0.008374 7e-06

0.008028 8e-06

0.008097 8e-06

0.008888 1.3e-05

0.008112 8e-06

0.007962 8e-06

0.00839 8e-06

0.008404 1e-05

0.008342 7e-06

0.008411 5e-06

0.008334 8e-06

0.008422 7e-06

0.008376 6e-06

0.00892 6e-06

0.007871 5e-06

0.008206 1.1e-05

0.008485 7e-06

0.008066 7e-06

0.008349 1.1e-05

0.008357 6e-06

0.008582 7e-06

0.007986 7e-06

0.008313 6e-06

0.007982 1e-05

0.008037 7e-06

0.008577 7e-06

0.009012 7e-06

0.007931 8e-06

0.008956 7e-06

0.008534 8e-06

0.008323 6e-06

0.008054 8e-06

0.008098 6e-06

0.008528 8e-06

0.007969 5e-06

0.007969 8e-06

0.008019 9e-06

0.008648 9e-06

0.00794 8e-06

0.00832 6e-06

0.008301 6e-06

0.008734 6e-06

0.008073 7e-06

0.008064 8e-06

0.008283 1.2e-05

0.008528 9e-06

0.00869 1.1e-05

0.008538 3e-06

0.007968 9e-06

0.008701 5e-06

0.008409 9e-06

0.008218 5e-06

0.008473 6e-06

0.008395 8e-06

0.007945 7e-06

0.008154 2.3e-05

0.008151 7e-06

0.008164 9e-06

0.00853 8e-06

0.008557 1.1e-05

0.008622 1.2e-05

0.008457 8e-06

0.008128 7e-06

0.008412 9e-06

0.00839 7e-06

0.008418 1.2e-05

0.008107 8e-06

0.008471 5e-06

0.008292 7e-06

0.007945 9e-06

0.008106 6e-06

0.008022 1e-05

0.008017 7e-06

0.008366 8e-06

0.008457 7e-06

0.008177 8e-06

0.008452 8e-06

0.008487 7e-06

0.008535 8e-06

0.008068 8e-06

0.00795 6e-06

0.008327 8e-06

0.008758 1e-05

0.008592 8e-06

0.009159 7e-06

0.008941 5e-06

0.008349 3e-06

0.008837 6e-06

0.008159 6e-06

0.008232 8e-06

0.008563 6e-06

0.00838 8e-06

0.009193 8e-06

0.00995 7e-06

0.009194 8e-06

0.008284 4e-06

0.008443 7e-06

0.008422 4e-06

0.008363 6e-06

0.007963 4e-06

0.008447 7e-06

0.008486 7e-06

0.008522 7e-06

0.007954 8e-06

0.008282 7e-06

0.008293 7e-06

0.008306 8e-06

0.008029 8e-06

0.007972 7e-06

0.008469 6e-06

0.008394 6e-06

0.008365 7e-06

0.008788 7e-06

0.008078 4e-06

0.008286 8e-06

0.007929 7e-06

0.008457 7e-06

0.008044 7e-06

0.008465 5e-06

0.008284 5e-06

0.008357 5e-06

0.00814 8e-06

0.00844 9e-06

0.007965 8e-06

0.008354 6e-06

0.008376 8e-06

0.008028 6e-06

0.008566 4e-06

0.008989 9e-06

0.007879 7e-06

0.008846 7e-06

0.009051 7e-06

0.007941 7e-06

0.00831 6e-06

0.007958 6e-06

0.008296 8e-06

0.008287 1e-05

0.008275 6e-06

0.008341 7e-06

0.007954 6e-06

0.008403 8e-06

0.008371 7e-06

0.007999 6e-06

0.007923 7e-06

0.008537 1.3e-05

0.008112 3e-06

0.008543 7e-06

0.00835 6e-06

0.00845 6e-06

0.008485 8e-06

0.008223 1.1e-05

0.007947 8e-06

0.00795 7e-06

0.008492 1.2e-05

0.008346 8e-06

0.008407 8e-06

0.007994 7e-06

0.008005 1.6e-05

0.008996 1e-05

0.009245 6e-06

0.009093 8e-06

0.008288 9e-06

0.007927 8e-06

0.00858 1.1e-05

0.00806 9e-06

0.00857 8e-06

0.007963 3e-06

0.007993 7e-06

0.007977 6e-06

0.008163 1.1e-05

0.01075 1.5e-05

0.008482 4e-06

0.007973 1e-05

0.007952 8e-06

0.00805 7e-06

0.008303 9e-06

0.009253 1e-05

0.009277 8e-06

0.008439 5e-06

0.008329 7e-06

0.008473 9e-06

0.008437 7e-06

0.008559 5e-06

0.007953 5e-06

0.008312 4e-06

0.008625 8e-06

0.008037 6e-06

0.008986 1.1e-05

0.009275 7e-06

0.009086 8e-06

0.00876 7e-06

0.007812 6e-06

0.008116 6e-06

0.007896 7e-06

0.008205 7e-06

0.008192 6e-06

0.008217 6e-06

0.008851 8e-06

0.007811 7e-06

0.007963 6e-06

0.008522 7e-06

0.008166 5e-06

0.007964 9e-06

0.00846 4e-06

0.007957 4e-06

0.008391 4e-06

0.008315 7e-06

0.008018 7e-06

0.008396 6e-06

0.008331 7e-06

0.008242 6e-06

0.008211 5e-06

0.007809 7e-06

0.008167 6e-06

0.008125 5e-06

0.008085 4e-06

0.007807 5e-06

0.00785 6e-06

0.008195 6e-06

0.007758 4e-06

0.008134 8e-06

0.007802 6e-06

0.008121 7e-06

0.008153 6e-06

0.008366 5e-06

0.007862 5e-06

0.008159 6e-06

0.008145 5e-06

0.00784 4e-06

0.007785 3e-06

0.008277 5e-06

0.008144 8e-06

0.007864 6e-06

0.007801 6e-06

0.00777 7e-06

0.008122 6e-06

0.007725 5e-06

0.008237 5e-06

0.007835 4e-06

0.007878 7e-06

0.007749 7e-06

0.008181 6e-06

0.008178 5e-06

0.008138 4e-06

0.008819 5e-06

0.008338 6e-06

0.008218 7e-06

0.008134 5e-06

0.007848 7e-06

0.008217 6e-06

0.007782 6e-06

0.00778 5e-06

0.007802 4e-06

0.008377 7e-06

0.008815 5e-06

0.008188 6e-06

0.008136 7e-06

0.007764 4e-06

0.008179 6e-06

0.008802 6e-06

0.008247 8e-06

0.008208 5e-06

0.008161 4e-06

0.008187 6e-06

0.008162 7e-06

0.008164 6e-06

0.00815 6e-06

0.008162 6e-06

0.008866 3e-06

0.008205 5e-06

0.008305 6e-06

0.008145 7e-06

0.008178 7e-06

0.008077 4e-06

0.008139 6e-06

0.008106 6e-06

0.008291 6e-06

0.008123 5e-06

0.007803 6e-06

0.00816 5e-06

0.007783 6e-06

0.008239 6e-06

0.008141 6e-06

0.00782 4e-06

0.008196 1e-05

0.00797 9e-06

0.008301 8e-06

0.008492 8e-06

0.008358 8e-06

0.008954 5e-06

0.009136 7e-06

0.009254 1e-05

0.009457 7e-06

0.008253 7e-06

0.008532 6e-06

0.008045 9e-06

0.008322 7e-06

0.009032 1.3e-05

0.008809 6e-06

0.008902 7e-06

0.008137 7e-06

0.008373 6e-06

0.008145 6e-06

0.008355 6e-06

0.008104 5e-06

0.008078 5e-06

0.008115 1e-05

0.009406 8e-06

0.009102 9e-06

0.008429 8e-06

0.007967 6e-06

0.007973 5e-06

0.008257 9e-06

0.008002 7e-06

0.008694 5e-06

0.007887 4e-06

0.007801 6e-06

0.007801 3e-06

0.008166 6e-06

0.007793 5e-06

0.008443 6e-06

0.00774 7e-06

0.007878 3e-06

0.007837 7e-06

0.008182 3e-06

0.008871 8e-06

0.007912 4e-06

0.008167 7e-06

0.008089 7e-06

0.008207 7e-06

0.008174 5e-06

0.007759 7e-06

0.008188 3e-06

0.008148 7e-06

0.00813 6e-06

0.008078 5e-06

0.008166 5e-06

0.008186 5e-06

0.008122 5e-06

0.008193 6e-06

0.007794 5e-06

0.008247 7e-06

0.008218 5e-06

0.007949 6e-06

0.008166 4e-06

0.008293 7e-06

0.00811 6e-06

0.008381 6e-06

0.00816 5e-06

0.008236 5e-06

0.008875 7e-06

0.008155 7e-06

0.008101 5e-06

0.007848 7e-06

0.008149 8e-06

0.008208 6e-06

0.007756 5e-06

0.008173 5e-06

0.008119 6e-06

0.0078 7e-06

0.007799 6e-06

0.008136 5e-06

0.007776 6e-06

0.008159 4e-06

0.008174 1e-05

0.007827 5e-06

0.008844 6e-06

0.008153 5e-06

0.0083 4e-06

0.008216 6e-06

0.007779 5e-06

0.008185 7e-06

0.007756 5e-06

0.00788 5e-06

0.008106 4e-06

0.007834 5e-06

0.007837 7e-06

0.008362 8e-06

0.008018 8e-06

0.007952 4e-06

0.008964 7e-06

0.007892 7e-06

0.008544 5e-06

0.007923 5e-06

0.008258 7e-06

0.008753 6e-06

0.008294 8e-06

0.007987 9e-06

0.007968 6e-06

0.008044 4e-06

0.009096 8e-06

0.008571 7e-06

0.008389 8e-06

0.007947 5e-06

0.007975 4e-06

0.007942 5e-06

0.008965 6e-06

0.009129 7e-06

0.007971 4e-06

0.008526 7e-06

0.008345 9e-06

0.008287 7e-06

0.00838 7e-06

0.009144 5e-06

0.009015 8e-06

0.009102 7e-06

0.00852 1e-05

0.008707 8e-06

0.008147 6e-06

0.008068 7e-06

0.008017 7e-06

0.008584 6e-06

0.008747 1e-05

0.007935 7e-06

0.007969 7e-06

0.008488 5e-06

0.008335 4e-06

0.007926 7e-06

0.007956 6e-06

0.008159 5e-06

0.00802 6e-06

0.007944 8e-06

0.008377 7e-06

0.008435 6e-06

0.008388 6e-06

0.008363 7e-06

0.008316 1e-05

0.008233 7e-06

0.008131 4e-06

0.008135 6e-06

0.008123 6e-06

0.007793 5e-06

0.008146 4e-06

0.00783 5e-06

0.008911 5e-06

0.007783 5e-06

0.007804 4e-06

0.007854 7e-06

0.008524 7e-06

0.008158 6e-06

0.007981 8e-06

0.008323 6e-06

0.008512 9e-06

0.008325 7e-06

0.008337 7e-06

0.008331 7e-06

0.007967 8e-06

0.007992 8e-06

0.008271 7e-06

0.008272 4e-06

0.008299 6e-06

0.008512 6e-06

0.007929 6e-06

0.008272 8e-06

0.00829 6e-06

0.007968 6e-06

0.007971 6e-06

0.009069 7e-06

0.007833 7e-06

0.00787 7e-06

0.00807 6e-06

0.008292 6e-06

0.008877 4e-06

0.007856 7e-06

0.008154 6e-06

0.007957 6e-06

0.007933 8e-06

0.008543 6e-06

0.009071 5e-06

0.008299 8e-06

0.008182 9e-06

0.007803 6e-06

0.008865 7e-06

0.007847 6e-06

0.007884 5e-06

0.007967 7e-06

0.007888 6e-06

0.008005 4e-06

0.00834 6e-06

0.008326 5e-06

0.007974 4e-06

0.007959 1.1e-05

0.007962 7e-06

0.00827 8e-06

0.007905 7e-06

0.00833 6e-06

0.008369 7e-06

0.008308 6e-06

0.008349 6e-06

0.008232 7e-06

0.008123 6e-06

0.007798 7e-06

0.00813 7e-06

0.008131 7e-06

0.007801 6e-06

0.008178 5e-06

0.007853 5e-06

0.008231 5e-06

0.008139 6e-06

0.008156 6e-06

0.008163 6e-06

0.007847 6e-06

0.007709 5e-06

0.008378 7e-06

0.008178 6e-06

0.008371 9e-06

0.008283 7e-06

0.008807 3e-06

0.007835 7e-06

0.008142 6e-06

0.008911 5e-06

0.008177 6e-06

0.008442 6e-06

0.008113 7e-06

0.00782 6e-06

0.007863 7e-06

0.008083 7e-06

0.008084 6e-06

0.008293 6e-06

0.008211 6e-06

0.007701 5e-06

0.007782 5e-06

0.007786 3e-06

0.00815 4e-06

0.007844 6e-06

0.008168 7e-06

0.008832 9e-06

0.008128 6e-06

0.009024 8e-06

0.007988 8e-06

0.008259 7e-06

0.008118 7e-06

0.008201 6e-06

0.008328 7e-06

0.008234 9e-06

0.008412 8e-06

0.00834 7e-06

0.008576 6e-06

0.007959 6e-06

0.008057 7e-06

0.008089 1e-05

0.008035 7e-06

0.008235 6e-06

0.008198 6e-06

0.007778 3e-06

0.008214 6e-06

0.00815 6e-06

0.008508 8e-06

0.008203 5e-06

0.008156 5e-06

0.007863 8e-06

0.007811 6e-06

0.007913 6e-06

0.008165 1.2e-05

0.008298 1.1e-05

0.010737 9e-06

0.008981 8e-06

0.008352 8e-06

0.008158 1.3e-05

0.00883 6e-06

0.008411 7e-06

0.00828 6e-06

0.008421 6e-06

0.008358 5e-06

0.008663 6e-06

0.008322 8e-06

0.007924 8e-06

0.007938 8e-06

0.008366 8e-06

0.007944 7e-06

0.008343 8e-06

0.0083 5e-06

0.008323 8e-06

0.008265 6e-06

0.008338 7e-06

0.008407 7e-06

0.008362 5e-06

0.007956 7e-06

0.007875 7e-06

0.007832 8e-06

0.00828 9e-06

0.008005 7e-06

0.008419 9e-06

0.008641 6e-06

0.009517 9e-06

0.008824 8e-06

0.009205 8e-06

0.009096 5e-06

0.007989 7e-06

0.008426 7e-06

0.008442 8e-06

0.009512 6e-06

0.009556 1.1e-05

0.009014 7e-06

0.009318 8e-06

0.009237 4e-06

0.008274 7e-06

0.00786 7e-06

0.007865 9e-06

0.007809 5e-06

0.008125 6e-06

0.008133 4e-06

0.008279 5e-06

0.00815 5e-06

0.007798 1e-05

0.008301 5e-06

0.007771 6e-06

0.008193 6e-06

0.00842 6e-06

0.008281 6e-06

0.008471 6e-06

0.008256 8e-06

0.00802 5e-06

0.008036 6e-06

0.007994 5e-06

0.008275 7e-06

0.008155 7e-06

0.008209 6e-06

0.007801 7e-06

0.008195 6e-06

0.008213 8e-06

0.008188 7e-06

0.008161 6e-06

0.008117 7e-06

0.008064 7e-06

0.00813 5e-06

0.008211 6e-06

0.008161 7e-06

0.00778 7e-06

0.008361 6e-06

0.008368 7e-06

0.008371 6e-06

0.008367 7e-06

0.008414 8e-06

0.007965 8e-06

0.007906 5e-06

0.008302 6e-06

0.007956 4e-06

0.008309 7e-06

0.008275 6e-06

0.008312 7e-06

0.008164 8e-06

0.008153 7e-06

0.007849 6e-06

0.008231 6e-06

0.008195 5e-06

0.007892 6e-06

0.008197 7e-06

0.008208 3e-06

0.008167 7e-06

0.008821 8e-06

0.007865 4e-06

0.008175 7e-06

0.008199 6e-06

0.008233 5e-06

0.008001 5e-06

0.007925 7e-06

0.007933 9e-06

0.008392 9e-06

0.007952 8e-06

0.007961 7e-06

0.008323 8e-06

0.008325 9e-06

0.008755 1e-05

0.008448 5e-06

0.007943 6e-06

0.00794 8e-06

0.008659 1.3e-05

0.00826 5e-06

0.007981 5e-06

0.008337 8e-06

0.009151 9e-06

0.008528 6e-06

0.008268 6e-06

0.007923 6e-06

0.008314 6e-06

0.008349 7e-06

0.00796 6e-06

0.008438 7e-06

0.008278 9e-06

0.008342 9e-06

0.007953 6e-06

0.008301 8e-06

0.008025 8e-06

0.008331 5e-06

0.008364 8e-06

0.008523 5e-06

0.008321 8e-06

0.008495 8e-06

0.009032 3e-06

0.008243 6e-06

0.007971 7e-06

0.008063 5e-06

0.008488 7e-06

