0.007978 1.4e-05

0.008372 1.5e-05

0.008296 1.6e-05

0.00841 2.5e-05

0.00855 1e-05

0.009779 2.7e-05

0.008055 1.3e-05

0.008579 1.2e-05

0.00835 2.4e-05

0.008359 1.6e-05

0.008425 1.6e-05

0.008327 1.6e-05

0.008565 1e-05

0.008599 1.4e-05

0.008454 2.5e-05

0.008836 1.3e-05

0.008354 9e-06

0.008013 2.3e-05

0.008451 2e-05

0.008102 1.6e-05

0.009149 8e-06

0.008478 1.2e-05

0.008197 1.4e-05

0.008496 1e-05

0.008471 1.9e-05

0.008023 2.1e-05

0.008758 2.6e-05

0.009101 1.8e-05

0.00844 2.3e-05

0.008981 3.4e-05

0.008355 1.9e-05

0.008381 1.7e-05

0.007964 1.7e-05

0.008749 1.7e-05

0.008346 1.3e-05

0.007954 1.1e-05

0.008343 1.7e-05

0.008263 1.2e-05

0.007947 1.4e-05

0.00852 1.3e-05

0.008205 1.2e-05

0.008188 8e-06

0.007901 1.4e-05

0.007944 1.7e-05

0.008496 6e-06

0.008214 1.6e-05

0.008324 1.8e-05

0.008608 1.5e-05

0.007977 8e-06

0.008036 1.5e-05

0.008354 1.6e-05

0.00833 1.7e-05

0.008337 1.5e-05

0.008242 1.3e-05

0.007983 2.3e-05

0.007996 1.8e-05

0.008435 1.7e-05

0.008236 6e-06

0.007939 1.5e-05

0.007991 1.3e-05

0.007942 1.5e-05

0.008326 1.3e-05

0.008457 1.6e-05

0.008154 1.3e-05

0.008967 1.5e-05

0.009002 1.7e-05

0.0084 1.1e-05

0.008025 1.2e-05

0.008412 1.1e-05

0.007791 1.4e-05

0.007746 1.6e-05

0.008219 1.5e-05

0.008134 1.2e-05

0.010062 1.6e-05

0.00796 1.8e-05

0.008327 2.9e-05

0.008208 1e-05

0.008044 1.4e-05

0.008355 1.2e-05

0.008332 1.9e-05

0.009054 1.2e-05

0.007914 9e-06

0.009451 1.8e-05

0.012173 2.4e-05

0.008171 8e-06

0.009094 2.4e-05

0.00793 1.5e-05

0.007956 1.8e-05

0.008832 1.4e-05

0.009178 1.2e-05

0.007931 1.5e-05

0.009171 1.3e-05

0.008989 9e-06

0.007963 6e-05

0.009447 1.7e-05

0.008282 1.4e-05

0.007942 1e-05

0.008821 2.8e-05

0.01067 2.4e-05

0.011015 5.5e-05

0.011021 3.2e-05

0.01187 3.4e-05

0.011748 2e-05

0.00953 5.4e-05

0.011527 6.8e-05

0.012024 6.6e-05

0.010462 6.7e-05

0.011815 8.2e-05

0.010971 6.6e-05

0.011214 4.6e-05

0.012148 1.8e-05

0.011864 6.5e-05

0.011909 2e-05

0.011743 4.6e-05

0.010826 6e-05

0.011243 4.8e-05

0.011009 5.6e-05

0.011636 5.5e-05

0.009391 6.3e-05

0.011387 3.4e-05

0.011418 4.3e-05

0.010911 3.4e-05

0.010106 3.3e-05

0.01072 2.6e-05

0.01063 3.8e-05

0.008361 1.7e-05

0.008395 3.3e-05

0.008582 2.1e-05

0.008114 1.2e-05

0.008446 4.8e-05

0.008067 3e-05

0.008052 2e-05

0.007992 2.7e-05

0.008083 2.9e-05

0.00803 3.2e-05

0.008836 2.4e-05

0.009094 2.5e-05

0.008038 1.5e-05

0.008474 1.5e-05

0.008293 2.7e-05

0.008637 2.6e-05

0.009232 2.6e-05

0.008326 1.3e-05

0.008361 2.1e-05

0.00798 1e-05

0.011992 1.8e-05

0.00804 1.4e-05

0.00908 1.7e-05

0.008419 5.5e-05

0.009109 8e-06

0.008816 1.5e-05

0.009114 1.4e-05

0.007902 1.2e-05

0.007994 1.5e-05

0.008233 1.4e-05

0.008114 1.4e-05

0.007814 2e-05

0.008347 1.7e-05

0.008042 1.8e-05

0.008766 1.2e-05

0.008095 1.5e-05

0.008767 1.5e-05

0.008874 1.6e-05

0.008658 1.6e-05

0.008315 1.5e-05

0.008235 1.3e-05

0.008181 1.5e-05

0.007823 1.5e-05

0.007923 1e-05

0.008869 8e-06

0.008188 1.2e-05

0.008101 1.8e-05

0.009058 1.4e-05

0.008194 9e-06

0.00794 1.4e-05

0.007972 1.2e-05

0.007802 1.5e-05

0.007891 7e-06

0.007821 1.1e-05

0.007858 1.1e-05

0.008789 1.7e-05

0.007867 1.5e-05

0.008204 1.3e-05

0.008143 1.3e-05

0.007904 6e-06

0.007877 1.6e-05

0.008227 1.6e-05

0.008815 1.1e-05

0.008158 1.6e-05

0.00814 8e-06

0.007871 9e-06

0.007767 8e-06

0.007797 1.5e-05

0.007844 1.3e-05

0.008136 8e-06

0.007818 1.3e-05

0.008178 1.4e-05

0.00813 1.5e-05

0.008895 1.2e-05

0.008292 1.4e-05

0.007803 1.2e-05

0.007814 1.3e-05

0.008178 1.5e-05

0.008444 1.1e-05

0.008938 1.2e-05

0.008672 1.4e-05

0.00823 7e-06

0.008147 1.6e-05

0.007838 1.2e-05

0.008106 1.2e-05

0.008299 4.1e-05

0.008197 1.4e-05

0.008126 1.3e-05

0.00794 1.4e-05

0.008139 1.3e-05

0.008146 8e-06

0.008284 1.3e-05

0.008148 1.5e-05

0.007738 1.4e-05

0.007907 1.5e-05

0.008046 1.4e-05

0.007807 1.4e-05

0.00884 1.1e-05

0.008093 1.3e-05

0.008097 1.3e-05

0.007843 1.4e-05

0.008105 7e-06

0.008158 1.5e-05

0.007785 9e-06

0.008874 1.4e-05

0.007805 1e-05

0.00818 1.4e-05

0.007788 8e-06

0.008242 1.3e-05

0.008775 1.2e-05

0.008203 7e-06

0.007956 7e-06

0.007765 9e-06

0.008078 1.1e-05

0.00826 6e-06

0.007768 1.4e-05

0.007752 1.4e-05

0.00823 1.4e-05

0.00821 1.5e-05

0.007829 9e-06

0.008171 1.4e-05

0.007765 1.6e-05

0.008212 1.4e-05

0.008233 1.3e-05

0.007771 1.3e-05

0.008205 1.5e-05

0.008821 1.6e-05

0.008974 1.5e-05

0.008976 1.6e-05

0.007775 1.2e-05

0.008794 1.3e-05

0.00889 1.2e-05

0.007787 1.4e-05

0.007848 9e-06

0.007869 1.4e-05

0.007831 8e-06

0.008923 1.2e-05

0.008171 1.3e-05

0.007868 1.3e-05

0.008168 2.5e-05

0.008168 7e-06

0.007934 9e-06

0.008645 1.4e-05

0.007781 1.4e-05

0.008347 1.5e-05

0.007873 1.5e-05

0.007753 1.3e-05

0.008822 1.5e-05

0.008175 1.5e-05

0.007733 1.4e-05

0.008185 1.4e-05

0.007956 8e-06

0.008342 1.3e-05

0.00817 1.3e-05

0.008169 1.4e-05

0.008122 1.1e-05

0.008168 1.5e-05

0.007753 1.4e-05

0.008231 1.4e-05

0.007867 1.4e-05

0.007825 1.5e-05

0.008807 1.5e-05

0.00776 1.4e-05

0.007767 1.4e-05

0.00782 1.2e-05

0.007873 1.2e-05

0.00819 1.3e-05

0.008189 1.2e-05

0.007867 8e-06

0.007761 1.2e-05

0.008353 7e-06

0.008112 1.6e-05

0.008193 1.4e-05

0.007807 1.4e-05

0.008357 1.5e-05

0.008169 1.4e-05

0.008179 1.5e-05

0.007744 1.3e-05

0.00829 1.2e-05

0.008883 1.4e-05

0.008118 1.5e-05

0.008163 9e-06

0.008509 1.4e-05

0.00812 1.2e-05

0.007817 1.4e-05

0.007843 1.5e-05

0.008156 1.1e-05

0.007816 1.5e-05

0.00783 1.6e-05

0.008182 9e-06

0.008165 1e-05

0.008193 6e-06

0.008165 8e-06

0.007878 9e-06

0.008099 1e-05

0.007824 1e-05

0.008252 1.4e-05

0.008128 1.1e-05

0.008423 1.5e-05

0.0082 1.3e-05

0.008157 1.5e-05

0.008135 1.3e-05

0.007862 1.1e-05

0.007781 1.2e-05

0.008496 1.1e-05

0.008148 1.3e-05

0.00837 1e-05

0.008205 4e-06

0.008082 1.4e-05

0.008178 1.4e-05

0.008124 1.4e-05

0.007734 1.2e-05

0.007825 1.1e-05

0.008925 8e-06

0.008334 1.4e-05

0.007956 7e-06

0.007952 1.4e-05

0.009017 9e-06

0.008999 9e-06

0.008374 1.2e-05

0.008235 1.1e-05

0.008087 1.4e-05

0.007833 1.4e-05

0.008859 9e-06

0.008339 1.9e-05

0.009371 1.3e-05

0.007889 5e-06

0.008018 1.7e-05

0.008271 1.5e-05

0.007896 1.4e-05

0.008476 1.4e-05

0.00883 1.1e-05

0.00798 1.2e-05

0.009076 1.1e-05

0.007988 1.5e-05

0.010815 1.1e-05

0.008378 1.4e-05

0.007877 1.3e-05

0.007912 1.2e-05

0.008364 2e-05

0.008169 1.3e-05

0.008225 1.7e-05

0.007878 8e-06

0.007754 8e-06

0.008795 1.2e-05

0.007964 1.8e-05

0.008148 1.4e-05

0.007993 1.6e-05

0.00833 1.6e-05

0.008331 1.6e-05

0.008362 1.5e-05

0.007939 2.7e-05

0.009142 2e-05

0.008638 2e-05

0.010021 1.7e-05

0.009092 2.8e-05

0.009189 3.2e-05

0.008363 2.3e-05

0.008022 1.9e-05

0.007969 1.4e-05

0.008325 1.5e-05

0.008385 4.9e-05

0.011521 3.5e-05

0.008778 2.5e-05

0.009454 1.9e-05

0.008426 1.6e-05

0.007902 1.4e-05

0.008392 2.8e-05

0.008909 1e-05

0.008326 1.5e-05

0.008 1.7e-05

0.009919 2.6e-05

0.008518 3.6e-05

0.007999 2e-05

0.008388 1.5e-05

0.007998 1.4e-05

0.008446 1.5e-05

0.009101 1.5e-05

0.008434 1.5e-05

0.008401 1.2e-05

0.008739 1.3e-05

0.008582 1.2e-05

0.008274 1.4e-05

0.008289 1.4e-05

0.008885 5e-06

0.00839 1.3e-05

0.008045 1.6e-05

0.008341 1.8e-05

0.008385 1.1e-05

0.009435 3.6e-05

0.008494 2.4e-05

0.008388 2.6e-05

0.009126 1.3e-05

0.008155 6.4e-05

0.009491 1.3e-05

0.008127 8.1e-05

0.01102 4e-05

0.010971 5.4e-05

0.011768 7.9e-05

0.010642 3e-05

0.010618 4.4e-05

0.008715 2.4e-05

0.008149 2.3e-05

0.007907 2e-05

0.008509 1.5e-05

0.010729 5.1e-05

0.012568 2.4e-05

0.008347 2.7e-05

0.007934 1.5e-05

0.007921 3.6e-05

0.008335 2e-05

0.009812 1.9e-05

0.008333 2.7e-05

0.007891 1.9e-05

0.008117 3.1e-05

0.009704 3e-05

0.009095 2.5e-05

0.00791 2.5e-05

0.00788 1.4e-05

0.008229 2.7e-05

0.008223 2.2e-05

0.009572 2.5e-05

0.010265 2e-05

0.008173 2.8e-05

0.009158 3.9e-05

0.009579 2.8e-05

0.00868 3.1e-05

0.008331 2.5e-05

0.008317 3.3e-05

0.008823 3.1e-05

0.008494 3.3e-05

0.008478 3.3e-05

0.008467 2.6e-05

0.008691 2.8e-05

0.008498 2.2e-05

0.00851 2.7e-05

0.008946 2e-05

0.008049 4.3e-05

0.012403 5.5e-05

0.009193 2.6e-05

0.008323 2.8e-05

0.008318 2.2e-05

0.008356 2e-05

0.008332 5.4e-05

0.009164 2.2e-05

0.008158 2.4e-05

0.007969 2e-05

0.008593 2.8e-05

0.009158 1.6e-05

0.008253 1e-05

0.007943 1.6e-05

0.008032 2.5e-05

0.007946 2.6e-05

0.00892 3.6e-05

0.009775 4e-05

0.008156 2.1e-05

0.008225 4e-05

0.00788 1.8e-05

0.008174 2.2e-05

0.007898 2.2e-05

0.007789 1e-05

0.008017 8e-06

0.008178 1.3e-05

0.007806 1.3e-05

0.00798 7e-06

0.008113 1.3e-05

0.007649 1.3e-05

0.00809 1.2e-05

0.00832 1.6e-05

0.007688 1.3e-05

0.00762 8e-06

0.008634 1.2e-05

0.008667 1.4e-05

0.007701 3.2e-05

0.008403 1e-05

0.008112 1.4e-05

0.008341 3.1e-05

0.008103 1.6e-05

0.008072 1.6e-05

0.007988 1.6e-05

0.008782 9e-06

0.007643 1e-05

0.007713 1.2e-05

0.007745 1.5e-05

0.008064 1.4e-05

0.007735 1.1e-05

0.007984 8e-06

0.008041 1e-05

0.008119 1.1e-05

0.007855 1.6e-05

0.008218 1.7e-05

0.00782 1.6e-05

0.007805 9e-06

0.00774 1.4e-05

0.00808 2.6e-05

0.008705 1.3e-05

0.008138 1.3e-05

0.008098 8e-06

0.007732 1.1e-05

0.008074 1.4e-05

0.007672 1.4e-05

0.007693 1.1e-05

0.007774 1.3e-05

0.007835 1.4e-05

0.007778 1.7e-05

0.00819 9e-06

0.008195 1.9e-05

0.007851 8e-06

0.008162 1.7e-05

0.008079 1.6e-05

0.008129 1.5e-05

0.008321 1.1e-05

0.00804 1.4e-05

0.007769 1.3e-05

0.008868 1.9e-05

0.007874 9e-06

0.008175 1.5e-05

0.007855 1.4e-05

0.008127 1.2e-05

0.007789 1.6e-05

0.008156 1.6e-05

0.007808 1.5e-05

0.007764 1.3e-05

0.007787 8e-06

0.008096 1.6e-05

0.008161 1.5e-05

0.008214 1.4e-05

0.008116 1.4e-05

0.008167 1.5e-05

0.008105 1.1e-05

0.007847 1.6e-05

0.0081 1.5e-05

0.008073 1e-05

0.00773 1.4e-05

0.00762 1.1e-05

0.008604 8e-06

0.007661 1.3e-05

0.007894 1.4e-05

0.008139 1.9e-05

0.008042 1.8e-05

0.007797 1.5e-05

0.008097 1.1e-05

0.008779 1e-05

0.007877 1.2e-05

0.008201 1.4e-05

0.008719 2.8e-05

0.00874 1.1e-05

0.007739 1.1e-05

0.00807 4e-06

0.008281 1.6e-05

0.008898 1e-05

0.008098 1.4e-05

0.007722 9e-06

0.007974 1.7e-05

0.008498 2.1e-05

0.008354 1.7e-05

0.008388 1.7e-05

0.008311 1e-05

0.007991 9e-06

0.008381 1.5e-05

0.007843 1.5e-05

0.00818 1.7e-05

0.007888 1.6e-05

0.008215 1.3e-05

0.008264 1.7e-05

0.007969 1.2e-05

0.008291 1.3e-05

0.008237 1e-05

0.008179 1.3e-05

0.008235 1.4e-05

0.008263 1.6e-05

0.008204 1.6e-05

0.008935 1.5e-05

0.008392 1.4e-05

0.008161 1.1e-05

0.008183 1.2e-05

0.008276 2.3e-05

0.007951 1.3e-05

0.007983 2e-05

0.007821 1.4e-05

0.008384 1.6e-05

0.008149 1.1e-05

0.008458 1.3e-05

0.008106 1.1e-05

0.007875 1.4e-05

0.007826 1.5e-05

0.0087 1.5e-05

0.007703 1.3e-05

0.007658 1.3e-05

0.007672 1.3e-05

0.008072 1.2e-05

0.008058 1.1e-05

0.007753 3.4e-05

0.012285 4.3e-05

0.011772 3.3e-05

0.007941 1.5e-05

0.008683 1.6e-05

0.009105 2.6e-05

0.010018 3.1e-05

0.01147 4.2e-05

0.008656 1.6e-05

0.008143 1.1e-05

0.008749 1.3e-05

0.007952 1.9e-05

0.008197 2.6e-05

0.008268 1e-05

0.008024 1.7e-05

0.009961 1.5e-05

0.008468 1.6e-05

0.008412 1.8e-05

0.009105 1e-05

0.008423 1.2e-05

0.0089 1.9e-05

0.008272 1.4e-05

0.008225 1.7e-05

0.008331 1.1e-05

0.007906 5e-06

0.007881 1.7e-05

0.007986 1.8e-05

0.008511 2.1e-05

0.008167 3.3e-05

0.007906 1.3e-05

0.007804 1.3e-05

0.009099 8e-06

0.008837 1.2e-05

0.007757 1.5e-05

0.00869 1.4e-05

0.00831 1e-05

0.007793 1.3e-05

0.008976 1.1e-05

0.007891 1.3e-05

0.007784 2.1e-05

0.007893 3e-05

0.007838 3.4e-05

0.008164 1.1e-05

0.008223 1.4e-05

0.00783 7e-06

0.008191 1.3e-05

0.010888 3.3e-05

0.00974 3.1e-05

0.008325 1.4e-05

0.008426 1.5e-05

0.008794 1.7e-05

0.007916 1.1e-05

0.008265 1.4e-05

0.008024 9e-06

0.007863 2.3e-05

0.008375 1.5e-05

0.008433 1.7e-05

0.008396 1.1e-05

0.007807 1.5e-05

0.00787 1.6e-05

0.007907 1.4e-05

0.009378 2.7e-05

0.008837 1.4e-05

0.008293 2.5e-05

0.00802 1.9e-05

0.009264 2.1e-05

0.008586 2.6e-05

0.008389 3.2e-05

0.008123 9e-06

0.008785 1e-05

0.009401 3.6e-05

0.007968 1.4e-05

0.007973 2.4e-05

0.008477 1e-05

0.009855 3.3e-05

0.008967 8e-06

0.008279 2e-05

0.008418 1.8e-05

0.008232 1.9e-05

0.008132 2.7e-05

0.008493 1.4e-05

0.008271 1.1e-05

0.007881 1.8e-05

0.008261 1.1e-05

0.008322 1.4e-05

0.007864 1.7e-05

0.008297 1.5e-05

0.007754 8e-06

0.008122 1.4e-05

0.008267 2.6e-05

0.008277 1.4e-05

0.008248 1.7e-05

0.010308 1.9e-05

0.008172 1.1e-05

0.007889 1.8e-05

0.008286 1.4e-05

0.007868 1.1e-05

0.010254 1.8e-05

0.008493 1.8e-05

0.008437 1.3e-05

0.008094 2.3e-05

0.008081 2.3e-05

0.008254 1.6e-05

0.008268 1.6e-05

0.007877 2.4e-05

0.008964 1.3e-05

0.007868 1.6e-05

0.008226 1.3e-05

0.007846 1.6e-05

0.008946 2.1e-05

0.008013 1.8e-05

0.008869 2.2e-05

0.008091 1.4e-05

0.007788 1.7e-05

0.008448 1.5e-05

0.008525 1.8e-05

0.008208 1.5e-05

0.00821 1.8e-05

0.010573 4.9e-05

0.008268 1.5e-05

0.009988 2.5e-05

0.007974 1.7e-05

0.008333 1.4e-05

0.008 1.7e-05

0.00833 2.1e-05

0.00849 2.8e-05

0.009539 1.7e-05

0.008289 1.1e-05

0.011839 1.5e-05

0.008447 1e-05

0.008588 1.4e-05

0.008707 1.4e-05

0.008869 1.1e-05

0.008226 1.8e-05

0.00826 8e-06

0.007829 2.3e-05

0.0079 2.4e-05

0.008312 2.1e-05

0.008827 1.7e-05

0.007945 2.4e-05

0.008459 2.9e-05

0.00859 9e-06

0.008009 1.5e-05

0.010032 3.1e-05

0.00871 5.5e-05

0.008287 3.7e-05

0.008391 2e-05

0.008529 1.2e-05

0.008361 2.1e-05

0.007943 1.6e-05

0.007884 4.7e-05

0.008048 2.1e-05

0.007947 2.2e-05

0.009647 1.5e-05

0.008252 4.4e-05

0.009028 3.1e-05

0.008699 2.5e-05

0.008055 1.8e-05

0.008611 2e-05

0.008021 2.3e-05

0.008514 1.9e-05

0.008256 2.5e-05

0.009835 2.1e-05

0.00985 2.7e-05

0.008291 3.3e-05

0.008462 1.4e-05

0.008227 1.4e-05

0.008271 1.5e-05

0.009327 2.6e-05

0.008881 3.1e-05

0.009688 1.7e-05

0.010278 4.4e-05

0.008464 2.6e-05

0.009583 6.2e-05

0.008185 2.9e-05

0.009472 3.1e-05

0.008471 3e-05

0.008431 2.5e-05

0.008667 1.8e-05

0.009097 2.9e-05

0.008741 4e-05

0.008351 3.1e-05

0.008189 2.6e-05

0.008283 4.3e-05

0.010366 2.8e-05

0.009253 2e-05

0.008148 1.7e-05

0.008423 1.6e-05

0.008296 1.4e-05

0.008157 1e-05

0.008319 9e-06

0.008229 1.8e-05

0.008335 2e-05

0.008341 1.7e-05

0.008196 1.7e-05

0.007979 1.5e-05

0.008964 1.6e-05

0.008157 6e-06

0.008356 1.4e-05

0.008198 1.3e-05

0.008138 1.1e-05

0.008184 1.3e-05

0.007828 1.4e-05

0.008874 3.2e-05

0.008323 1.1e-05

0.008003 1.6e-05

0.008005 1.5e-05

0.008357 1.2e-05

0.00839 1.4e-05

0.00831 1.2e-05

0.008343 7e-06

0.007802 2.2e-05

0.008263 1e-05

0.007795 1.7e-05

0.008358 1e-05

0.007898 1.3e-05

0.008189 2.3e-05

0.008173 1.5e-05

0.008165 1.4e-05

0.007748 1.2e-05

0.008134 1.4e-05

0.008113 1.4e-05

0.007761 1.5e-05

0.008142 8e-06

0.008301 1.5e-05

0.008612 1.7e-05

0.007859 1.6e-05

0.008905 4.1e-05

0.008878 1.2e-05

0.009139 3.2e-05

0.008534 1.1e-05

0.007807 9e-06

0.008716 2.7e-05

0.007937 1.2e-05

0.009389 1.1e-05

0.007955 1e-05

0.008685 1.1e-05

0.008022 1.7e-05

0.008272 1.9e-05

0.008473 1.5e-05

0.008336 1.5e-05

0.008379 1.4e-05

0.007954 2.8e-05

0.009147 1.6e-05

0.008469 8e-06

0.010379 3.6e-05

0.01144 2.9e-05

0.008162 2e-05

0.007987 1.8e-05

0.008294 2.2e-05

0.008565 1.6e-05

0.008929 2.7e-05

0.010389 5.4e-05

0.008499 3.2e-05

0.00913 2.1e-05

0.00814 2.3e-05

0.009027 2.1e-05

0.011364 2.3e-05

0.008968 1.8e-05

0.009158 4.8e-05

0.008922 2.3e-05

0.009063 1.5e-05

0.008311 1.6e-05

0.00793 1.4e-05

0.008357 4.1e-05

0.007993 1.4e-05

0.008519 1.6e-05

0.008563 1.1e-05

0.00837 1.6e-05

0.008355 1.5e-05

0.008274 1e-05

0.008706 1.7e-05

0.008926 1.8e-05

0.00836 2e-05

0.008011 1.8e-05

0.008555 1.4e-05

0.00792 1.1e-05

0.008005 1.6e-05

0.008303 9e-06

0.008335 1.9e-05

0.008359 1.5e-05

0.008363 1.6e-05

0.008442 9e-06

0.008339 9e-06

0.007968 1.8e-05

0.007937 1.1e-05

0.008436 1.5e-05

0.008356 1.6e-05

0.007872 1.4e-05

0.008289 1.4e-05

0.008504 1.7e-05

0.008463 1.4e-05

0.008352 1.6e-05

0.008488 1.3e-05

0.008308 1.3e-05

0.008285 1.4e-05

0.008287 1.6e-05

0.00841 1.4e-05

0.008931 1.4e-05

0.008204 7e-06

0.008264 1.6e-05

0.008737 2.3e-05

0.008296 7e-06

0.008097 1.6e-05

0.009152 3.2e-05

0.008128 1.4e-05

0.008198 1.5e-05

0.00877 1.6e-05

0.008482 1.5e-05

0.008487 1.5e-05

0.008623 9e-06

0.008553 1.6e-05

0.008001 1.2e-05

0.008362 5e-05

0.01147 2.1e-05

0.008295 1.2e-05

0.008681 2.4e-05

0.00843 2.2e-05

0.008155 2.2e-05

0.008035 1.4e-05

0.008913 1.5e-05

0.007915 1.5e-05

0.008506 9e-06

0.007922 1.5e-05

0.007909 2.1e-05

0.008328 1.4e-05

0.008027 1e-05

0.008243 1.5e-05

0.007934 1.2e-05

0.008799 2.4e-05

0.008166 1.8e-05

0.008485 1.5e-05

0.008467 1.6e-05

0.008065 1.2e-05

0.008174 1.7e-05

0.008072 2.2e-05

0.008705 2.1e-05

0.008907 2.7e-05

0.008082 1.8e-05

0.00824 9e-06

0.008557 1.1e-05

0.008356 1.9e-05

0.008097 1e-05

0.008329 9e-06

0.008223 1.6e-05

0.008239 1.5e-05

0.008327 1.8e-05

0.008227 1.9e-05

0.008394 1.8e-05

0.007897 1.4e-05

0.00803 1.5e-05

0.007994 1e-05

0.008232 1.6e-05

0.007887 1.1e-05

0.007851 8e-06

0.008796 2e-05

0.007862 1.9e-05

0.007829 1.7e-05

0.008886 1.7e-05

0.008111 2e-05

0.008288 1.6e-05

0.007941 1.9e-05

0.008241 1.9e-05

0.008167 1.7e-05

0.008302 1.5e-05

0.008915 9e-06

0.008966 1.3e-05

0.008272 2e-05

0.008244 1.5e-05

0.007828 1e-05

0.00818 1.3e-05

0.008248 8e-06

0.008213 1.3e-05

0.00792 2.3e-05

0.008362 2e-05

0.007898 1.6e-05

0.008289 1.7e-05

0.008272 1.1e-05

0.00826 9e-06

0.008153 1.6e-05

0.009013 2.6e-05

0.008402 1.2e-05

0.008154 1.6e-05

