0.009715 3e-06
0.00929 5e-06
0.009705 8e-06
0.009654 4e-06
0.00943 4e-06
0.010281 5e-06
0.010614 6e-06
0.009659 4e-06
0.009935 6e-06
0.009305 5e-06
0.011809 5e-06
0.010906 4e-06
0.009691 4e-06
0.009278 3e-06
0.009711 4e-06
0.009672 5e-06
0.009357 6e-06
0.011894 5e-06
0.009869 6e-06
0.009702 3e-06
0.009941 3e-06
0.009712 5e-06
0.009359 3e-06
0.009886 2e-06
0.009957 6e-06
0.010063 6e-06
0.009962 6e-06
0.009718 5e-06
0.009813 5e-06
0.010479 2e-06
0.011944 9e-06
0.01348 5e-06
0.016005 6e-06
0.009702 7e-06
0.009764 1.9e-05
0.009696 5e-06
0.009952 6e-06
0.00978 3e-06
0.009674 6e-06
0.009932 5e-06
0.009728 3e-06
0.009256 4e-06
0.008668 4e-06
0.010498 7e-06
0.009466 8e-06
0.01229 6e-06
0.009739 5e-06
0.009302 2e-06
0.009296 4e-06
0.009327 5e-06
0.01224 6e-06
0.009912 4e-06
0.009605 6e-06
0.009736 6e-06
0.009307 5e-06
0.009666 5e-06
0.009301 5e-06
0.009687 5e-06
0.009846 6e-06
0.009981 4e-06
0.010846 2e-06
0.009725 4e-06
0.008483 5e-06
0.00967 5e-06
0.011069 5e-06
0.009811 7e-06
0.009566 4e-06
0.009983 5e-06
0.009701 5e-06
0.009745 3e-06
0.0097 5e-06
0.010094 3e-06
0.008171 6e-06
0.012077 8e-06
0.009698 1.3e-05
0.009772 5e-06
0.009936 5e-06
0.009744 4e-06
0.011472 4e-06
0.009942 6e-06
0.010008 4e-06
0.009294 7e-06
0.008215 5e-06
0.009338 6e-06
0.009696 7e-06
0.009964 5e-06
0.009931 5e-06
0.009595 5e-06
0.009828 5e-06
0.009718 4e-06
0.009656 3e-06
0.009298 4e-06
0.009485 5e-06
0.009562 5e-06
0.009392 7e-06
0.011312 3e-06
0.009677 4e-06
0.00927 5e-06
0.009403 3e-06
0.009387 4e-06
0.00971 5e-06
0.009303 5e-06
0.009718 5e-06
0.009669 6e-06
0.009723 6e-06
0.010455 7e-06
0.01061 6e-06
0.010113 4e-06
0.009287 5e-06
0.009699 4e-06
0.00973 4e-06
0.009727 4e-06
0.008687 5e-06
0.009321 6e-06
0.010631 8e-06
0.01055 5e-06
0.010344 6e-06
0.009994 5e-06
0.009937 4e-06
0.009912 4e-06
0.010578 5e-06
0.009318 5e-06
0.010417 1e-05
0.011116 5e-06
0.009794 6e-06
0.009346 6e-06
0.009294 4e-06
0.009701 7e-06
0.014956 6e-06
0.010802 6e-06
0.00933 4e-06
0.009737 3e-06
0.009283 5e-06
0.009329 6e-06
0.010045 6e-06
0.009687 4e-06
0.009284 4e-06
0.009659 5e-06
0.009675 5e-06
0.009698 4e-06
0.009258 3e-06
0.009683 5e-06
0.009711 4e-06
0.00969 5e-06
0.009984 7e-06
0.009912 6e-06
0.009818 3e-06
0.009668 3e-06
0.009679 4e-06
0.009818 6e-06
0.009859 5e-06
0.009328 4e-06
0.008291 6e-06
0.009325 6e-06
0.009742 5e-06
0.010011 7e-06
0.01134 6e-06
0.009631 4e-06
0.009677 4e-06
0.009306 3e-06
0.009425 4e-06
0.009622 4e-06
0.00967 6e-06
0.01335 5e-06
0.011074 6e-06
0.009908 7e-06
0.010446 6e-06
0.009334 4e-06
0.010428 3e-06
0.009718 5e-06
0.010584 5e-06
0.009287 5e-06
0.009728 3e-06
0.009619 5e-06
0.009318 6e-06
0.009302 5e-06
0.00936 7e-06
0.009959 5e-06
0.009676 4e-06
0.009947 4e-06
0.009751 3e-06
0.009322 4e-06
0.009108 7e-06
0.010075 6e-06
0.010166 6e-06
0.009596 5e-06
0.010022 4e-06
0.009664 4e-06
0.009706 3e-06
0.009677 5e-06
0.010044 3e-06
0.009264 4e-06
0.009847 6e-06
0.011565 6e-06
0.009383 6e-06
0.009969 6e-06
0.009688 3e-06
0.009718 3e-06
0.009863 3e-06
0.009622 6e-06
0.009713 3e-06
0.009732 5e-06
0.009031 6e-06
0.009313 5e-06
0.013208 7e-06
0.010387 7e-06
0.009744 5e-06
0.009289 5e-06
0.009909 5e-06
0.009309 3e-06
0.009712 4e-06
0.009695 6e-06
0.009337 5e-06
0.010078 6e-06
0.009931 6e-06
0.009956 6e-06
0.009972 2e-06
0.009328 3e-06
0.009715 5e-06
0.009345 6e-06
0.009693 5e-06
0.009705 5e-06
0.009268 4e-06
0.009679 5e-06
0.009724 6e-06
0.009957 5e-06
0.009714 4e-06
0.010183 6e-06
0.010859 5e-06
0.009296 5e-06
0.009293 4e-06
0.009653 4e-06
0.008902 7e-06
0.009937 4e-06
0.009757 5e-06
0.009863 5e-06
0.009737 5e-06
0.010465 4e-06
0.009658 4e-06
0.01011 4e-06
0.009362 5e-06
0.010123 5e-06
0.009816 5e-06
0.009304 6e-06
0.009751 6e-06
0.009686 3e-06
0.009727 4e-06
0.009694 3e-06
0.009572 4e-06
0.009468 5e-06
0.009744 3e-06
0.009319 4e-06
0.008732 6e-06
0.011863 6e-06
0.010472 7e-06
0.010613 6e-06
0.009309 4e-06
0.009305 5e-06
0.009323 4e-06
0.009666 4e-06
0.009833 5e-06
0.00942 4e-06
0.009957 5e-06
0.009339 4e-06
0.009731 4e-06
0.009733 5e-06
0.009671 5e-06
0.009721 7e-06
0.010442 5e-06
0.009923 3e-06
0.012937 3e-06
0.009285 4e-06
0.009305 6e-06
0.009283 5e-06
0.012513 5e-06
0.010961 6e-06
0.010383 5e-06
0.009935 4e-06
0.009746 4e-06
0.00926 5e-06
0.00972 4e-06
0.009961 8e-06
0.009682 6e-06
0.010168 7e-06
0.010128 7e-06
0.009386 5e-06
0.010461 4e-06
0.009252 4e-06
0.011041 5e-06
0.009733 4e-06
0.009987 3e-06
0.009859 6e-06
0.00972 3e-06
0.009289 7e-06
0.009666 4e-06
0.010165 4e-06
0.009379 5e-06
0.009689 5e-06
0.00998 7e-06
0.009442 4e-06
0.009343 7e-06
0.009439 3e-06
0.009463 6e-06
0.010504 6e-06
0.009538 6e-06
0.009342 6e-06
0.009293 6e-06
0.009334 6e-06
0.009712 6e-06
0.012293 6e-06
0.0133 7e-06
0.010044 9e-06
0.009719 6e-06
0.009702 8e-06
0.009946 6e-06
0.009414 5e-06
0.009673 6e-06
0.009332 6e-06
0.009595 5e-06
0.00971 6e-06
0.009286 5e-06
0.00888 5e-06
0.009298 7e-06
0.009337 8e-06
0.009329 7e-06
0.009276 5e-06
0.009267 6e-06
0.009295 5e-06
0.009666 6e-06
0.0093 6e-06
0.009684 5e-06
0.010605 8e-06
0.009926 8e-06
0.010436 7e-06
0.00973 5e-06
0.009638 5e-06
0.010001 4e-06
0.009688 5e-06
0.01008 6e-06
0.00971 6e-06
0.009702 7e-06
0.009676 7e-06
0.009627 6e-06
0.009905 8e-06
0.00981 8e-06
0.009881 7e-06
0.009682 6e-06
0.009326 5e-06
0.009352 7e-06
0.009727 5e-06
0.009971 5e-06
0.009243 5e-06
0.009898 5e-06
0.009732 5e-06
0.009737 6e-06
0.009671 3e-06
0.009332 4e-06
0.010752 6e-06
0.010069 3e-06
0.009585 2e-06
0.012011 6e-06
0.009116 4e-06
0.009297 4e-06
0.01046 3e-06
0.013634 5e-06
0.009771 6e-06
0.010866 5e-06
0.010369 6e-06
0.01042 4e-06
0.009299 5e-06
0.009699 4e-06
0.010041 4e-06
0.009777 5e-06
0.009707 7e-06
0.009333 5e-06
0.009646 2e-06
0.009289 3e-06
0.009686 3e-06
0.009324 4e-06
0.010482 4e-06
0.009683 4e-06
0.009701 5e-06
0.00984 4e-06
0.009315 4e-06
0.009781 7e-06
0.009657 8e-06
0.009925 4e-06
0.009991 6e-06
0.009947 5e-06
0.009295 5e-06
0.010325 5e-06
0.009533 4e-06
0.01204 6e-06
0.009762 5e-06
0.009667 4e-06
0.009296 3e-06
0.009931 3e-06
0.009708 4e-06
0.009307 3e-06
0.009375 5e-06
0.009713 4e-06
0.009902 6e-06
0.009346 5e-06
0.009693 8e-06
0.010469 5e-06
0.009667 5e-06
0.00973 5e-06
0.009928 5e-06
0.009417 4e-06
0.00978 5e-06
0.009269 4e-06
0.008552 3e-06
0.009719 5e-06
0.009341 5e-06
0.009768 5e-06
0.013874 4e-06
0.009759 5e-06
0.009314 4e-06
0.009707 4e-06
0.009399 4e-06
0.010003 4e-06
0.01267 6e-06
0.01209 4e-06
0.009523 6e-06
0.009311 3e-06
0.009408 5e-06
0.00992 2e-06
0.009673 6e-06
0.009676 4e-06
0.009692 3e-06
0.009677 4e-06
0.009723 6e-06
0.00968 3e-06
0.009346 6e-06
0.009641 7e-06
0.010629 7e-06
0.0093 6e-06
0.009866 4e-06
0.009698 7e-06
0.009695 6e-06
0.010466 6e-06
0.010067 7e-06
0.009822 8e-06
0.010492 8e-06
0.009687 7e-06
0.009257 7e-06
0.009953 6e-06
0.009716 7e-06
0.013155 8e-06
0.010054 5e-06
0.010862 4e-06
0.00993 6e-06
0.009737 5e-06
0.009309 5e-06
0.010001 7e-06
0.009696 6e-06
0.009589 7e-06
0.00937 7e-06
0.009321 7e-06
0.009636 5e-06
0.010074 5e-06
0.010009 6e-06
0.009743 8e-06
0.010313 6e-06
0.00957 4e-06
0.009397 5e-06
0.010901 6e-06
0.009712 5e-06
0.009408 5e-06
0.009861 5e-06
0.009968 6e-06
0.009661 9e-06
0.009725 4e-06
0.009814 5e-06
0.009659 4e-06
0.009277 5e-06
0.009282 3e-06
0.009725 4e-06
0.009291 5e-06
0.00941 4e-06
0.009855 5e-06
0.009907 7e-06
0.009738 5e-06
0.009395 6e-06
0.010884 4e-06
0.009715 5e-06
0.009701 5e-06
0.009708 5e-06
0.010455 7e-06
0.011688 5e-06
0.009621 6e-06
0.009317 5e-06
0.009766 4e-06
0.010093 4e-06
0.009634 4e-06
0.009656 5e-06
0.011807 4e-06
0.00969 4e-06
0.009569 5e-06
0.009707 6e-06
0.009508 4e-06
0.009268 6e-06
0.009305 5e-06
0.009454 5e-06
0.009807 5e-06
0.01148 4e-06
0.009728 4e-06
0.009297 4e-06
0.009247 5e-06
0.00971 4e-06
0.009124 5e-06
0.009689 5e-06
0.010467 6e-06
0.009792 6e-06
0.009303 5e-06
0.009728 5e-06
0.009318 6e-06
0.009733 5e-06
0.009432 4e-06
0.010853 5e-06
0.009632 4e-06
0.010217 5e-06
0.009685 5e-06
0.009659 4e-06
0.010539 6e-06
0.009718 6e-06
0.010455 5e-06
0.009711 4e-06
0.009702 3e-06
0.009742 5e-06
0.010457 4e-06
0.009894 4e-06
0.009736 7e-06
0.010062 5e-06
0.010254 5e-06
0.010479 4e-06
0.00972 3e-06
0.009944 4e-06
0.00939 5e-06
0.00934 6e-06
0.009742 1.7e-05
0.009649 6e-06
0.009324 4e-06
0.009439 4e-06
0.009717 2e-06
0.009697 5e-06
0.009804 5e-06
0.009309 5e-06
0.010293 4e-06
0.009296 6e-06
0.009684 4e-06
0.009305 5e-06
0.009708 4e-06
0.010806 1e-05
0.012339 4e-06
0.010008 3e-06
0.011127 5e-06
0.009301 3e-06
0.009242 4e-06
0.010254 6e-06
0.010459 1e-05
0.012127 6e-06
0.009725 4e-06
0.009724 5e-06
0.009326 5e-06
0.009737 8e-06
0.009695 4e-06
0.011464 3e-06
0.010409 6e-06
0.009289 3e-06
0.009642 4e-06
0.009305 5e-06
0.011932 4e-06
0.012452 6e-06
0.012886 4e-06
0.009727 4e-06
0.009276 4e-06
0.009279 3e-06
0.009663 5e-06
0.007855 5e-06
0.01446 5e-06
0.009518 8e-06
0.009691 6e-06
0.010426 7e-06
0.009689 6e-06
0.00928 8e-06
0.014689 8e-06
0.009317 4e-06
0.009306 5e-06
0.009332 4e-06
0.009367 7e-06
0.012942 6e-06
0.010844 7e-06
0.009951 7e-06
0.00975 6e-06
0.009289 5e-06
0.009681 5e-06
0.009308 5e-06
0.013268 1e-05
0.016823 6e-06
0.010652 6e-06
0.009947 2e-06
0.009434 5e-06
0.009295 5e-06
0.010458 3e-06
0.009858 4e-06
0.010799 3e-06
0.010894 5e-06
0.009691 3e-06
0.009745 5e-06
0.009312 6e-06
0.011204 7e-06
0.009284 6e-06
0.009286 6e-06
0.009744 6e-06
0.009923 6e-06
0.009725 6e-06
0.009314 7e-06
0.00933 7e-06
0.009764 7e-06
0.009678 6e-06
0.009703 5e-06
0.010482 6e-06
0.009721 6e-06
0.009313 6e-06
0.009714 5e-06
0.009919 5e-06
0.009689 6e-06
0.01263 4e-06
0.009386 6e-06
0.009284 5e-06
0.009651 5e-06
0.009697 6e-06
0.009297 3e-06
0.009698 5e-06
0.009705 5e-06
0.009653 4e-06
0.008641 6e-06
0.009285 6e-06
0.009762 6e-06
0.009325 5e-06
0.009308 6e-06
0.009325 6e-06
0.009932 4e-06
0.00931 5e-06
0.009359 5e-06
0.00936 3e-06
0.009638 4e-06
0.009761 5e-06
0.009356 9e-06
0.009725 5e-06
0.009267 4e-06
0.009648 4e-06
0.009325 4e-06
0.00974 4e-06
0.009275 5e-06
0.009295 4e-06
0.008843 6e-06
0.010429 4e-06
0.00928 5e-06
0.009757 5e-06
0.009737 6e-06
0.009761 5e-06
0.011217 5e-06
0.009741 3e-06
0.009719 3e-06
0.009694 4e-06
0.011581 5e-06
0.010563 5e-06
0.009298 2.5e-05
0.009294 6e-06
0.010381 4e-06
0.009263 5e-06
0.009719 4e-06
0.011499 4e-06
0.010022 3e-06
0.010482 7e-06
0.0088 7e-06
0.009725 6e-06
0.009374 6e-06
0.009298 5e-06
0.011019 3e-06
0.015744 9e-06
0.010899 5e-06
0.009707 2e-06
0.009657 4e-06
0.009685 6e-06
0.010432 5e-06
0.00949 5e-06
0.009762 5e-06
0.009329 6e-06
0.009261 6e-06
0.009695 3e-06
0.009271 4e-06
0.009337 4e-06
0.009644 4e-06
0.009294 6e-06
0.009723 5e-06
0.009316 4e-06
0.009958 4e-06
0.010439 4e-06
0.009625 5e-06
0.009678 3e-06
0.009952 4e-06
0.009392 3e-06
0.009704 5e-06
0.009335 4e-06
0.009655 6e-06
0.009362 3e-06
0.009397 7e-06
0.009733 4e-06
0.009327 6e-06
0.009321 5e-06
0.009658 4e-06
0.009329 4e-06
0.009251 4e-06
0.010086 3e-06
0.009311 5e-06
0.009692 4e-06
0.009658 4e-06
0.009979 5e-06
0.009984 4e-06
0.009739 3e-06
0.009339 6e-06
0.009009 5e-06
0.009322 4e-06
0.0097 5e-06
0.009648 4e-06
0.009266 4e-06
0.010353 6e-06
0.00965 4e-06
0.009728 4e-06
0.009782 4e-06
0.009704 4e-06
0.009286 5e-06
0.010577 5e-06
0.009287 6e-06
0.009687 4e-06
0.009314 6e-06
0.009342 7e-06
0.009945 5e-06
0.009694 2e-06
0.009909 4e-06
0.010793 5e-06
0.009663 5e-06
0.010838 5e-06
0.009746 5e-06
0.009692 5e-06
0.009681 5e-06
0.009663 5e-06
0.012497 9e-06
0.014121 1e-05
0.012861 6e-06
0.009721 6e-06
0.009677 8e-06
0.009259 5e-06
0.009308 1.2e-05
0.01044 5e-06
0.011335 4e-06
0.010393 4e-06
0.00927 4e-06
0.009619 3e-06
0.009645 7e-06
0.010847 8e-06
0.011837 5e-06
0.013921 5e-06
0.009643 4e-06
0.009283 4e-06
0.010447 4e-06
0.009267 4e-06
0.010046 6e-06
0.01006 1e-05
0.013932 5e-06
0.010481 6e-06
0.009722 4e-06
0.009662 5e-06
0.009682 5e-06
0.009726 5e-06
0.009457 5e-06
0.009961 5e-06
0.010692 4e-06
0.009923 4e-06
0.009714 3e-06
0.009831 6e-06
0.011566 3e-06
0.010488 4e-06
0.011169 4e-06
0.009698 5e-06
0.009678 4e-06
0.009708 5e-06
0.009137 3e-06
0.010066 6e-06
0.009693 4e-06
0.01012 9e-06
0.009306 6e-06
0.009693 4e-06
0.009328 4e-06
0.009685 3e-06
0.011308 5e-06
0.009689 6e-06
0.009283 5e-06
0.009689 7e-06
0.009921 4e-06
0.009717 5e-06
0.009718 5e-06
0.00934 3e-06
0.009674 5e-06
0.009658 6e-06
0.009718 7e-06
0.009716 6e-06
0.009889 5e-06
0.009826 8e-06
0.009369 6e-06
0.009935 4e-06
0.009323 8e-06
0.009978 6e-06
0.009704 5e-06
0.009665 7e-06
0.009296 4e-06
0.009707 5e-06
0.009754 5e-06
0.009324 9e-06
0.009296 3e-06
0.009788 7e-06
0.009301 6e-06
0.009262 3e-06
0.009846 6e-06
0.009702 6e-06
0.009324 5e-06
0.009309 5e-06
0.009682 4e-06
0.009364 6e-06
0.009344 5e-06
0.009295 6e-06
0.009683 8e-06
0.009777 9e-06
0.009294 6e-06
0.009694 6e-06
0.009721 5e-06
0.009871 6e-06
0.009663 7e-06
0.009649 7e-06
0.009673 7e-06
0.009718 6e-06
0.009341 5e-06
0.009696 5e-06
0.009625 3e-06
0.009315 8e-06
0.009693 6e-06
0.010885 5e-06
0.010462 5e-06
0.00971 6e-06
0.009722 3e-06
0.009722 6e-06
0.009649 6e-06
0.015886 5e-06
0.010542 3e-06
0.009914 4e-06
0.009639 5e-06
0.009277 5e-06
0.009208 6e-06
0.009325 7e-06
0.009652 9e-06
0.009328 4e-06
0.009737 5e-06
0.009285 4e-06
0.00933 4e-06
0.010073 4e-06
0.012959 6e-06
0.009913 5e-06
0.009335 4e-06
0.009768 5e-06
0.009702 4e-06
0.009295 5e-06
0.009692 5e-06
0.012145 2e-06
0.009897 7e-06
0.010068 5e-06
0.010451 4e-06
0.009503 5e-06
0.010429 5e-06
0.009303 6e-06
0.013164 5e-06
0.009674 5e-06
0.010464 5e-06
0.009945 5e-06
0.009267 5e-06
0.00931 6e-06
0.010798 4e-06
0.012128 4e-06
0.009733 5e-06
0.009682 8e-06
0.009721 4e-06
0.009319 4e-06
0.010652 5e-06
0.009274 5e-06
0.009313 5e-06
0.009304 5e-06
0.009706 4e-06
0.008468 5e-06
0.009665 5e-06
0.010431 6e-06
0.010478 8e-06
0.009332 5e-06
0.009972 5e-06
0.009633 4e-06
0.009322 4e-06
0.009736 4e-06
0.009697 5e-06
0.009638 6e-06
0.009889 5e-06
0.009731 7e-06
0.009713 5e-06
0.010481 5e-06
0.009683 3e-06
0.009604 6e-06
0.009796 4e-06
0.00968 5e-06
0.010514 5e-06
0.008804 4e-06
0.009691 4e-06
0.009312 4e-06
0.009956 6e-06
0.009813 7e-06
0.010346 4e-06
0.009293 3e-06
0.009869 4e-06
0.009294 4e-06
0.009674 4e-06
0.009678 4e-06
0.009723 5e-06
0.009694 8e-06
0.010527 6e-06
0.009277 4e-06
0.009696 5e-06
0.009295 3e-06
0.00994 5e-06
0.010727 6e-06
0.010138 4e-06
0.008692 5e-06
0.009637 4e-06
0.009281 5e-06
0.009749 6e-06
0.009313 6e-06
0.010436 4e-06
0.010028 5e-06
0.010726 3e-06
0.009633 6e-06
0.009723 6e-06
0.009031 5e-06
0.010279 4e-06
0.009748 3e-06
0.010686 5e-06
0.010176 4e-06
0.010475 5e-06
0.009701 5e-06
0.009288 3e-06
0.009899 6e-06
0.009799 6e-06
0.010949 6e-06
0.009732 8e-06
0.009707 5e-06
0.009764 5e-06
0.009284 5e-06
0.010453 7e-06
0.010296 5e-06
0.009675 5e-06
0.009696 5e-06
0.009283 4e-06
0.008852 3e-06
0.009732 5e-06
0.010557 6e-06
0.009724 6e-06
0.010034 5e-06
0.010179 5e-06
0.009506 3e-06
0.009775 5e-06
0.009768 3e-06
0.009771 4e-06
0.009831 4e-06
0.010047 5e-06
0.009714 5e-06
0.009746 6e-06
0.00932 8e-06
0.009596 9e-06
0.011854 5e-06
0.009938 5e-06
0.010098 6e-06
0.009574 5e-06
0.008268 5e-06
0.009662 6e-06
0.014817 8e-06
0.016844 7e-06
0.009284 6e-06
0.009755 5e-06
0.009742 4e-06
0.010432 6e-06
0.009694 8e-06
0.009491 7e-06
0.009863 8e-06
