0.008287 2e-06

0.008237 1e-06

0.008337 1e-06

0.008461 2e-06

0.008385 1e-06

0.008101 1e-06

0.008213 2e-06

0.007943 1e-06

0.008164 1e-06

0.008153 2e-06

0.007738 1e-06

0.008695 2e-06

0.00835 2e-06

0.008208 1e-06

0.007825 1e-06

0.007843 2e-06

0.007918 1e-06

0.008578 1e-06

0.00831 1e-06

0.008215 1e-06

0.008205 2e-06

0.00828 1e-06

0.007826 2e-06

0.008275 1e-06

0.008727 1e-06

0.008491 1e-06

0.008957 2e-06

0.008949 1e-06

0.00863 2e-06

0.008156 1e-06

0.008256 1e-06

0.008256 1e-06

0.008867 1e-06

0.00796 1e-06

0.007845 3e-06

0.008192 1e-06

0.007787 1e-06

0.008164 1e-06

0.008153 1e-06

0.007818 1e-06

0.008133 1e-06

0.008224 1e-06

0.008501 1e-06

0.007882 1e-06

0.008329 1e-06

0.008428 1e-06

0.008917 1e-06

0.008301 1e-06

0.007916 1e-06

0.008217 2e-06

0.007774 1e-06

0.008297 1e-06

0.007903 2e-06

0.007849 1e-06

0.007821 1e-06

0.008264 2e-06

0.008339 2e-06

0.007748 1e-06

0.007955 1e-06

0.008232 2e-06

0.007795 1e-06

0.008196 1e-06

0.008142 1e-06

0.008105 1e-06

0.007843 1e-06

0.00845 1e-06

0.007882 1e-06

0.008652 1e-06

0.008099 1e-06

0.007759 1e-06

0.008299 1e-06

0.008362 1e-06

0.008096 1e-06

0.008157 2e-06

0.00887 2e-06

0.007933 1e-06

0.007758 1e-06

0.008194 2e-06

0.00891 1e-06

0.008103 1e-06

0.007833 0

0.007772 1e-06

0.00812 1e-06

0.008959 2e-06

0.008851 1e-06

0.007916 1e-06

0.00796 1e-06

0.008939 2e-06

0.008323 2e-06

0.008453 2e-06

0.00799 2e-06

0.00936 1e-06

0.008045 1e-06

0.008321 1e-06

0.007949 2e-06

0.008418 2e-06

0.009021 1e-06

0.008204 1e-06

0.00783 2e-06

0.008129 2e-06

0.009583 2e-06

0.008011 2e-06

0.008245 1e-06

0.008188 1e-06

0.008208 1e-06

0.007748 1e-06

0.008325 1e-06

0.00895 1e-06

0.008131 1e-06

0.008553 2e-06

0.008052 1e-06

0.007807 1e-06

0.008593 1e-06

0.008649 0

0.008263 1e-06

0.007935 1e-06

0.008235 1e-06

0.007843 1e-06

0.00778 1e-06

0.008303 1e-06

0.008189 1e-06

0.00787 1e-06

0.007797 1e-06

0.007903 1e-06

0.007874 2e-06

0.008106 1e-06

0.008241 1e-06

0.008137 1e-06

0.008138 1e-06

0.007753 2e-06

0.00826 1e-06

0.008095 1e-06

0.008183 2e-06

0.007754 1e-06

0.008227 1e-06

0.008204 2e-06

0.008236 2e-06

0.008622 1e-06

0.008138 1e-06

0.007756 1e-06

0.007832 1e-06

0.008139 1e-06

0.008107 1e-06

0.008172 2e-06

0.008166 1e-06

0.00778 2e-06

0.007866 1e-06

0.007735 1e-06

0.007824 1e-06

0.007788 0

0.008066 1e-06

0.008151 2e-06

0.008184 3e-06

0.008179 0

0.007749 1e-06

0.008146 1e-06

0.008178 1e-06

0.008824 1e-06

0.008339 1e-06

0.007875 1e-06

0.007744 1e-06

0.008931 1e-06

0.008219 1e-06

0.008082 0

0.008231 1e-06

0.008326 1e-06

0.007925 2e-06

0.008338 1e-06

0.00819 1e-06

0.009082 1e-06

0.008359 1e-06

0.008201 1e-06

0.008107 1e-06

0.008045 1e-06

0.007823 2e-06

0.008914 1e-06

0.008326 2e-06

0.008365 2e-06

0.008221 1e-06

0.00802 2e-06

0.008058 2e-06

0.007866 1e-06

0.008924 1e-06

0.008881 1e-06

0.007826 1e-06

0.008094 1e-06

0.008138 2e-06

0.007812 1e-06

0.008179 1e-06

0.008227 1e-06

0.008162 1e-06

0.007975 1e-06

0.008205 2e-06

0.008056 1e-06

0.0084 1e-06

0.008256 1e-06

0.00832 1e-06

0.007855 1e-06

0.007925 2e-06

0.008308 1e-06

0.008288 2e-06

0.008521 1e-06

0.008938 1e-06

0.007907 2e-06

0.008301 1e-06

0.007835 1e-06

0.008102 1e-06

0.008293 1e-06

0.007858 1e-06

0.008152 2e-06

0.008957 2e-06

0.008308 1e-06

0.007754 1e-06

0.008089 1e-06

0.008153 1e-06

0.008294 1e-06

0.008077 1e-06

0.007871 2e-06

0.008266 2e-06

0.008958 2e-06

0.008164 1e-06

0.008222 2e-06

0.008112 1e-06

0.008447 1e-06

0.00779 1e-06

0.008199 1e-06

0.007806 2e-06

0.007767 1e-06

0.007842 1e-06

0.008269 1e-06

0.008241 1e-06

0.008863 1e-06

0.008213 1e-06

0.008149 1e-06

0.007882 1e-06

0.007787 1e-06

0.007804 1e-06

0.007796 1e-06

0.008158 2e-06

0.008091 1e-06

0.007806 1e-06

0.008304 1e-06

0.007809 1e-06

0.008162 1e-06

0.008187 1e-06

0.008795 1e-06

0.00878 1e-06

0.008245 1e-06

0.008055 1e-06

0.008799 1e-06

0.008088 1e-06

0.00818 1e-06

0.00778 2e-06

0.008284 1e-06

0.007856 1e-06

0.007802 1e-06

0.008162 2e-06

0.007757 1e-06

0.007749 1e-06

0.008789 1e-06

0.007738 0

0.007803 1e-06

0.007766 1e-06

0.008187 1e-06

0.007837 1e-06

0.007846 1e-06

0.008365 1e-06

0.008233 1e-06

0.008207 1e-06

0.007906 1e-06

0.007779 1e-06

0.008125 1e-06

0.007808 1e-06

0.007831 1e-06

0.008205 2e-06

0.007755 2e-06

0.007833 1e-06

0.007821 1e-06

0.008141 1e-06

0.008171 1e-06

0.008332 2e-06

0.008163 1e-06

0.008243 2e-06

0.008265 2e-06

0.007912 2e-06

0.008229 1e-06

0.008397 1e-06

0.008296 1e-06

0.008436 2e-06

0.00836 2e-06

0.007919 2e-06

0.008319 1e-06

0.008202 1e-06

0.009016 1e-06

0.008989 2e-06

0.008556 2e-06

0.008298 1e-06

0.007948 1e-06

0.008268 1e-06

0.008221 1e-06

0.007961 1e-06

0.008899 2e-06

0.008567 1e-06

0.008311 2e-06

0.008345 1e-06

0.007946 1e-06

0.007882 1e-06

0.008394 1e-06

0.008221 1e-06

0.008305 2e-06

0.00794 2e-06

0.008325 2e-06

0.009047 2e-06

0.007927 2e-06

0.008336 2e-06

0.00842 2e-06

0.008303 2e-06

0.008191 2e-06

0.008121 1e-06

0.008165 1e-06

0.007822 1e-06

0.008155 1e-06

0.007776 1e-06

0.007787 2e-06

0.007875 2e-06

0.008192 1e-06

0.008255 1e-06

0.008251 0

0.008201 1e-06

0.007802 0

0.008118 1e-06

0.008102 1e-06

0.00816 1e-06

0.007808 2e-06

0.007895 2e-06

0.008289 1e-06

0.008172 1e-06

0.007747 1e-06

0.007878 0

0.007783 1e-06

0.007821 2e-06

0.008231 1e-06

0.008265 1e-06

0.008165 2e-06

0.008282 1e-06

0.008202 1e-06

0.007785 2e-06

0.008434 2e-06

0.008124 1e-06

0.007807 1e-06

0.008895 1e-06

0.008136 1e-06

0.00781 1e-06

0.007784 1e-06

0.007826 2e-06

0.008138 1e-06

0.007858 1e-06

0.007877 1e-06

0.007807 0

0.008084 1e-06

0.008195 1e-06

0.008182 2e-06

0.008222 1e-06

0.008155 2e-06

0.008187 1e-06

0.007982 1e-06

0.008213 2e-06

0.007829 2e-06

0.008934 2e-06

0.008347 2e-06

0.00832 1e-06

0.008362 1e-06

0.008925 1e-06

0.008168 2e-06

0.007911 1e-06

0.00885 1e-06

0.008152 1e-06

0.00817 2e-06

0.008247 1e-06

0.00814 1e-06

0.008 1e-06

0.008206 1e-06

0.008404 1e-06

0.008142 1e-06

0.008012 1e-06

0.008161 2e-06

0.008384 2e-06

0.008158 1e-06

0.008179 1e-06

0.008244 1e-06

0.007846 1e-06

0.007926 1e-06

0.007828 1e-06

0.008215 2e-06

0.008245 2e-06

0.007821 1e-06

0.008135 1e-06

0.007841 1e-06

0.008267 2e-06

0.008007 1e-06

0.008301 2e-06

0.008868 2e-06

0.008204 2e-06

0.008368 1e-06

0.007775 1e-06

0.008152 1e-06

0.008778 1e-06

0.00877 1e-06

0.008201 1e-06

0.007764 1e-06

0.008108 1e-06

0.008186 1e-06

0.008344 1e-06

0.007874 1e-06

0.007724 1e-06

0.008112 1e-06

0.008206 2e-06

0.008491 2e-06

0.007823 1e-06

0.008141 1e-06

0.007776 1e-06

0.008086 1e-06

0.008229 1e-06

0.008052 1e-06

0.008115 1e-06

0.00783 1e-06

0.007749 2e-06

0.007824 1e-06

0.008206 1e-06

0.007782 1e-06

0.008102 1e-06

0.008172 1e-06

0.00885 1e-06

0.008114 1e-06

0.007742 1e-06

0.008181 1e-06

0.007775 1e-06

0.007798 2e-06

0.007779 1e-06

0.008758 1e-06

0.00809 1e-06

0.007805 1e-06

0.008038 1e-06

0.007778 2e-06

0.008273 2e-06

0.00828 2e-06

0.00831 1e-06

0.008338 1e-06

0.009057 1e-06

0.008233 1e-06

0.008318 1e-06

0.007919 2e-06

0.008222 2e-06

0.008841 2e-06

0.008185 0

0.008244 1e-06

0.007902 1e-06

0.008991 1e-06

0.008117 1e-06

0.008808 2e-06

0.007753 1e-06

0.007759 1e-06

0.008214 1e-06

0.008442 1e-06

0.008079 1e-06

0.008133 1e-06

0.008874 1e-06

0.008085 1e-06

0.007834 1e-06

0.008163 1e-06

0.008973 1e-06

0.008592 2e-06

0.008305 2e-06

0.008268 1e-06

0.008088 1e-06

0.008172 1e-06

0.0077 1e-06

0.007867 1e-06

0.008069 1e-06

0.00787 1e-06

0.008143 2e-06

0.00784 2e-06

0.008487 1e-06

0.008789 1e-06

0.008199 2e-06

0.008837 1e-06

0.008044 2e-06

0.008963 1e-06

0.008173 1e-06

0.007868 2e-06

0.007827 1e-06

0.008196 1e-06

0.007884 2e-06

0.00832 2e-06

0.008353 1e-06

0.008583 2e-06

0.007865 2e-06

0.008298 1e-06

0.008844 1e-06

0.008885 2e-06

0.008187 1e-06

0.008131 0

0.008804 1e-06

0.00816 1e-06

0.008147 1e-06

0.00813 1e-06

0.00828 1e-06

0.008165 1e-06

0.007953 1e-06

0.008235 1e-06

0.008391 2e-06

0.007879 1e-06

0.008173 1e-06

0.008175 1e-06

0.008823 1e-06

0.009092 1e-06

0.007902 1e-06

0.008294 2e-06

0.007922 1e-06

0.008216 2e-06

0.008469 2e-06

0.00819 2e-06

0.007723 2e-06

0.008101 1e-06

0.008246 2e-06

0.008101 0

0.007979 1e-06

0.008189 1e-06

0.007811 2e-06

0.00818 1e-06

0.008118 1e-06

0.008102 1e-06

0.007748 1e-06

0.0081 0

0.008187 1e-06

0.008238 1e-06

0.007794 1e-06

0.008213 1e-06

0.008038 1e-06

0.007806 1e-06

0.007806 2e-06

0.008081 1e-06

0.007773 1e-06

0.007804 1e-06

0.007757 2e-06

0.007844 1e-06

0.00812 1e-06

0.008206 2e-06

0.007943 2e-06

0.008258 1e-06

0.007937 1e-06

0.007917 1e-06

0.008259 2e-06

0.008375 1e-06

0.007964 1e-06

0.007857 1e-06

0.007792 1e-06

0.007875 1e-06

0.008093 1e-06

0.008233 0

0.008102 3e-06

0.008108 1e-06

0.007753 2e-06

0.007811 2e-06

0.007896 2e-06

0.007916 2e-06

0.008322 1e-06

0.00897 1e-06

0.008265 2e-06

0.008295 1e-06

0.008377 2e-06

0.008206 2e-06

0.007953 1e-06

0.007926 2e-06

0.008244 2e-06

0.008001 1e-06

0.008244 1e-06

0.008311 1e-06

0.008244 1e-06

0.007968 1e-06

0.007953 1e-06

0.008266 1e-06

0.00781 1e-06

0.007811 1e-06

0.007887 1e-06

0.008994 2e-06

0.008139 1e-06

0.007776 1e-06

0.007791 1e-06

0.007736 1e-06

0.007899 1e-06

0.008945 2e-06

0.008149 0

0.008153 1e-06

0.008238 1e-06

0.00779 1e-06

0.008335 1e-06

0.008175 2e-06

0.008125 1e-06

0.008285 2e-06

0.007815 1e-06

0.008219 1e-06

0.007806 2e-06

0.008284 1e-06

0.007777 1e-06

0.008172 3e-06

0.008135 2e-06

0.007899 1e-06

0.008319 1e-06

0.008342 1e-06

0.007924 2e-06

0.007925 3e-06

0.007957 3e-06

0.008264 1e-06

0.008335 1e-06

0.00796 1e-06

0.008013 1e-06

0.008975 1e-06

0.008374 1e-06

0.008515 1e-06

0.007885 2e-06

0.008218 1e-06

0.008398 1e-06

0.008228 1e-06

0.007893 1e-06

0.008315 3e-06

0.008361 1e-06

0.007881 2e-06

0.008249 1e-06

0.007991 1e-06

0.00791 1e-06

0.007897 2e-06

0.007964 1e-06

0.008367 1e-06

0.007937 2e-06

0.00856 2e-06

0.008972 1e-06

0.007954 1e-06

0.007944 1e-06

0.008123 1e-06

0.008073 2e-06

0.008206 1e-06

0.00849 2e-06

0.008297 2e-06

0.008314 2e-06

0.008613 2e-06

0.008334 1e-06

0.007841 1e-06

0.007837 1e-06

0.00817 1e-06

0.008227 1e-06

0.008235 1e-06

0.008204 1e-06

0.008519 4e-06

0.008189 3e-06

0.009374 2e-06

0.008529 1e-06

0.009767 3e-06

0.010111 2e-06

0.007941 3e-06

0.008068 2e-06

0.008522 3e-06

0.008344 2e-06

0.008294 2e-06

0.008969 2e-06

0.011395 3e-06

0.011442 3e-06

0.011292 3e-06

0.010896 2e-06

0.011142 4e-06

0.010797 4e-06

0.009957 3e-06

0.00868 5e-06

0.008408 2e-06

0.008466 3e-06

0.009849 2e-06

0.008006 5e-06

0.008614 2e-06

0.008395 2e-06

0.00915 4e-06

0.008389 2e-06

0.009807 2e-06

0.008471 3e-06

0.009272 4e-06

0.009027 4e-06

0.00889 3e-06

0.011838 2e-06

0.01023 3e-06

0.013435 3e-06

0.01144 5e-06

0.011585 4e-06

0.011032 5e-06

0.010974 4e-06

0.01168 2e-06

0.008208 2e-06

0.009582 2e-06

0.008667 2e-06

0.008434 3e-06

0.009363 3e-06

0.008025 2e-06

0.0109 2e-06

0.008487 3e-06

0.008069 2e-06

0.009222 4e-06

0.010918 1e-06

0.010913 3e-06

0.010671 3e-06

0.008442 5e-06

0.008828 3e-06

0.009578 2e-06

0.011464 2e-06

0.011563 4e-06

0.008598 3e-06

0.01145 4e-06

0.010797 3e-06

0.010127 3e-06

0.010785 5e-06

0.011037 2e-06

0.010133 4e-06

0.011019 3e-06

0.011264 3e-06

0.010646 3e-06

0.010882 2e-06

0.009574 2e-06

0.007959 3e-06

0.007993 2e-06

0.007952 2e-06

0.008789 2e-06

0.008329 1e-06

0.007892 2e-06

0.007912 1e-06

0.007866 3e-06

0.008154 1e-06

0.007823 1e-06

0.007837 1e-06

0.008075 2e-06

0.008038 1e-06

0.007872 2e-06

0.008184 2e-06

0.008298 1e-06

0.008363 1e-06

0.008568 2e-06

0.008548 1e-06

0.008334 2e-06

0.008333 2e-06

0.007929 2e-06

0.008547 1e-06

0.008291 1e-06

0.007962 2e-06

0.008254 1e-06

0.007831 2e-06

0.008641 2e-06

0.007898 1e-06

0.00793 2e-06

0.008331 1e-06

0.008651 2e-06

0.00843 3e-06

0.008858 3e-06

0.009235 3e-06

0.008356 3e-06

0.008334 3e-06

0.008023 2e-06

0.008341 2e-06

0.008377 2e-06

0.011173 2e-06

0.010691 2e-06

0.008898 2e-06

0.0083 2e-06

0.00835 2e-06

0.008391 3e-06

0.008444 1e-06

0.008411 2e-06

0.009067 2e-06

0.00859 1e-06

0.008293 2e-06

0.00781 1e-06

0.00905 2e-06

0.007975 1e-06

0.008368 2e-06

0.008555 1e-06

0.007928 1e-06

0.008242 1e-06

0.008283 1e-06

0.008676 2e-06

0.00824 1e-06

0.009336 2e-06

0.008897 1e-06

0.008218 2e-06

0.008499 2e-06

0.008232 1e-06

0.007836 1e-06

0.008172 2e-06

0.007806 1e-06

0.008876 1e-06

0.00819 1e-06

0.008182 3e-06

0.007815 1e-06

0.007883 1e-06

0.007826 1e-06

0.008196 1e-06

0.007778 1e-06

0.007786 1e-06

0.008049 1e-06

0.008231 2e-06

0.007878 2e-06

0.008226 1e-06

0.008325 1e-06

0.008395 2e-06

0.007922 1e-06

0.008148 2e-06

0.008173 1e-06

0.008081 1e-06

0.008182 1e-06

0.008168 1e-06

0.007836 1e-06

0.007791 2e-06

0.007745 2e-06

0.00792 2e-06

0.008588 2e-06

0.00846 1e-06

0.008301 1e-06

0.007787 2e-06

0.008132 1e-06

0.008196 1e-06

0.00776 1e-06

0.00878 1e-06

0.008315 1e-06

0.008852 1e-06

0.008242 2e-06

0.008116 1e-06

0.008406 1e-06

0.00828 1e-06

0.008278 2e-06

0.008483 2e-06

0.008868 1e-06

0.008353 2e-06

0.008401 1e-06

0.007881 1e-06

0.008548 1e-06

0.008091 1e-06

0.008113 1e-06

0.007784 1e-06

0.008312 1e-06

0.008249 2e-06

0.007799 1e-06

0.008286 1e-06

0.008288 1e-06

0.008291 1e-06

0.009006 2e-06

0.008236 1e-06

0.008299 1e-06

0.007916 1e-06

0.007929 3e-06

0.008977 3e-06

0.007891 2e-06

0.008088 1e-06

0.008064 1e-06

0.008332 2e-06

0.0082 1e-06

0.00798 1e-06

0.008199 1e-06

0.007936 2e-06

0.008347 1e-06

0.007872 2e-06

0.008089 2e-06

0.008095 1e-06

0.00821 1e-06

0.007804 1e-06

0.008321 2e-06

0.008506 1e-06

0.008223 2e-06

0.008491 2e-06

0.008234 1e-06

0.007814 1e-06

0.007827 1e-06

0.007835 1e-06

0.008238 1e-06

0.007841 1e-06

0.008086 1e-06

0.008194 1e-06

0.007805 2e-06

0.007842 1e-06

0.008104 0

0.007747 1e-06

0.008072 1e-06

0.008014 1e-06

0.008244 1e-06

0.007809 1e-06

0.008187 1e-06

0.008155 2e-06

0.007826 1e-06

0.008226 1e-06

0.00774 2e-06

0.008066 0

0.008786 2e-06

0.008843 1e-06

0.007771 1e-06

0.00829 2e-06

0.007774 1e-06

0.007946 2e-06

0.008927 2e-06

0.008256 3e-06

0.008275 1e-06

0.00786 1e-06

0.008176 1e-06

0.007856 1e-06

0.008161 1e-06

0.008118 2e-06

0.008188 2e-06

0.008163 1e-06

0.00816 2e-06

0.008218 1e-06

0.00785 1e-06

0.007756 1e-06

0.007937 1e-06

0.007826 2e-06

0.007905 2e-06

0.007855 2e-06

0.008216 1e-06

0.008579 2e-06

0.008834 0

0.007848 1e-06

0.008123 1e-06

0.008137 1e-06

0.00775 1e-06

0.007818 2e-06

0.008202 1e-06

0.008077 0

0.007752 1e-06

0.008222 1e-06

0.008343 1e-06

0.007869 2e-06

0.007849 1e-06

0.00809 1e-06

0.008284 1e-06

0.008084 2e-06

0.007791 1e-06

0.008784 2e-06

0.007758 1e-06

0.007812 1e-06

0.007812 1e-06

0.00776 0

0.0088 1e-06

0.008885 2e-06

0.00773 2e-06

0.008187 1e-06

0.008082 1e-06

0.008132 1e-06

0.008159 1e-06

0.007846 1e-06

0.0088 1e-06

0.008226 2e-06

0.008208 2e-06

0.007852 1e-06

0.008236 1e-06

0.007772 1e-06

0.008823 1e-06

0.00808 0

0.007741 1e-06

0.00814 1e-06

0.00777 1e-06

0.008151 1e-06

0.008211 1e-06

0.008865 2e-06

0.008874 1e-06

0.008287 1e-06

0.0078 1e-06

0.007771 1e-06

0.007769 1e-06

0.008129 1e-06

0.008821 1e-06

0.008114 3e-06

0.007828 1e-06

0.007808 1e-06

0.008101 1e-06

0.008193 2e-06

0.008278 1e-06

0.00816 1e-06

0.008084 2e-06

0.008155 1e-06

0.008193 2e-06

0.007909 1e-06

0.008186 2e-06

0.007723 1e-06

0.008177 1e-06

0.008087 1e-06

0.008191 1e-06

0.008489 1e-06

0.008806 1e-06

0.007822 2e-06

0.008224 1e-06

0.008167 1e-06

0.008401 2e-06

0.007852 1e-06

0.007751 2e-06

0.008198 1e-06

0.008962 1e-06

0.008154 1e-06

0.0083 2e-06

0.008361 1e-06

