0.001239 9.1e-05
0.001318 5e-05
0.001248 0.00018
0.001237 9e-05
0.001244 6.4e-05
0.001238 8.9e-05
0.001272 0.000127
0.00128 0.000148
0.001246 7.3e-05
0.001254 7.5e-05
0.001306 5.6e-05
0.001316 0.00017
0.001242 8.8e-05
0.001245 6.7e-05
0.001245 6.4e-05
0.001262 0.000162
0.001243 9.4e-05
0.001285 0.000105
0.001253 0.00013
0.001242 0.000107
0.00124 0.000157
0.001239 6.6e-05
0.001387 0.000149
0.001489 9.5e-05
0.001278 0.000135
0.001561 9.4e-05
0.001247 0.000107
0.00124 8.7e-05
0.001249 8.9e-05
0.001289 9.9e-05
0.001242 0.000115
0.001244 4.2e-05
0.001251 0.000101
0.001247 6.9e-05
0.001244 6.5e-05
0.001232 8.1e-05
0.001322 0.00014
0.001236 0.000114
0.001249 0.00011
0.001234 8.9e-05
0.001593 0.000149
0.00124 4.9e-05
0.001244 6.7e-05
0.001261 8.9e-05
0.001238 0.000107
0.001298 0.000121
0.001307 0.000107
0.001295 0.000119
0.001254 5.2e-05
0.001246 4.7e-05
0.001243 0.000105
0.001247 0.000142
0.001246 9.6e-05
0.001245 5.9e-05
0.001294 0.000123
0.001784 0.0001
0.002311 6.2e-05
0.002247 4.7e-05
0.001588 8.7e-05
0.002469 0.000184
0.001867 0.0002
0.001938 0.000244
0.001981 0.000333
0.001332 0.000134
0.001244 0.000148
0.001236 5.5e-05
0.001262 6.9e-05
0.001252 7.3e-05
0.00126 0.000135
0.001244 0.000109
0.001243 0.000132
0.001252 6.7e-05
0.001253 0.000105
0.001242 9.2e-05
0.001237 5e-05
0.001237 0.000123
0.001248 4.8e-05
0.001236 7.7e-05
0.001251 0.000178
0.00124 6.8e-05
0.001304 8.7e-05
0.001238 0.00012
0.001245 0.000167
0.001239 7.1e-05
0.00124 0.000168
0.001242 0.000165
0.001253 0.000127
0.001245 0.00012
0.001237 9.5e-05
0.001245 0.000106
0.001241 0.000121
0.001244 9.9e-05
0.00124 0.000162
0.00124 4.3e-05
0.001246 0.000204
0.001239 0.000174
0.001248 6.2e-05
0.001239 0.000137
0.001246 0.00013
0.001269 0.000148
0.001245 9.6e-05
0.001236 9.8e-05
0.001245 8.1e-05
0.001251 7.2e-05
0.001303 0.000132
0.001243 7.4e-05
0.001289 0.000185
0.001236 7.6e-05
0.00125 0.000161
0.00125 0.000114
0.001255 4.1e-05
0.001244 4.5e-05
0.001252 9.3e-05
0.001262 8.8e-05
0.001245 9.1e-05
0.001288 0.000158
0.001299 0.000139
0.001248 9.3e-05
0.001302 6.1e-05
0.001243 0.000128
0.001263 3.3e-05
0.001244 0.000124
0.001302 0.000147
0.00127 0.000112
0.00108 6.9e-05
0.001109 6.4e-05
0.001202 9.9e-05
0.001243 0.000114
0.001398 0.000164
0.001242 0.000111
0.001244 0.000134
0.001245 5.1e-05
0.001251 8.5e-05
0.001249 0.000176
0.00124 9.5e-05
0.001243 0.000161
0.001246 6.7e-05
0.001239 0.0001
0.001239 8e-05
0.001298 6.9e-05
0.001245 0.000102
0.001242 0.000138
0.001247 0.000114
0.001253 0.00017
0.001245 7.1e-05
0.001239 0.000166
0.002252 0.000256
0.002228 0.000191
0.001644 9.5e-05
0.001313 0.000169
0.001254 0.000136
0.001247 7.3e-05
0.001248 0.000101
0.001239 9.1e-05
0.001241 0.000127
0.001241 0.0001
0.001428 0.000119
0.00139 0.000119
0.00138 9e-05
0.001517 9.6e-05
0.001348 0.000144
0.001405 0.000123
0.001243 6.7e-05
0.001484 0.000137
0.001296 0.000133
0.001238 0.000134
0.001251 7.7e-05
0.001247 0.000136
0.001245 4.6e-05
0.001239 8e-05
0.001242 0.000172
0.001255 0.000161
0.001239 5.3e-05
0.001236 9.7e-05
0.001327 0.000115
0.001374 9.1e-05
0.001498 0.000218
0.001235 8.7e-05
0.001246 8.8e-05
0.001241 0.000105
0.001255 0.000144
0.001289 0.000104
0.001254 8.2e-05
0.001288 9.2e-05
0.001242 9.9e-05
0.001242 5.6e-05
0.001295 6.6e-05
0.001237 8e-05
0.0013 0.00018
0.001326 6.4e-05
0.001256 0.000132
0.001309 0.000135
0.001257 0.000184
0.001247 0.000155
0.001309 0.000128
0.001384 6.1e-05
0.001302 0.000153
0.001644 0.000114
0.001269 9.7e-05
0.001335 0.000112
0.001641 0.000175
0.001471 6.4e-05
0.001305 0.000109
0.00158 0.000125
0.00147 0.000185
0.0013 7.9e-05
0.001596 0.000127
0.001242 8e-05
0.001247 0.000113
0.001241 0.000141
0.001252 7.3e-05
0.001244 6.5e-05
0.001245 0.000145
0.001251 0.00013
0.001243 6.8e-05
0.001256 0.000179
0.001269 0.000131
0.001248 0.000159
0.001247 8.9e-05
0.001258 0.000166
0.001241 0.000147
0.001244 8.9e-05
0.001251 9.1e-05
0.001243 6.2e-05
0.00125 0.000125
0.00159 0.000231
0.001461 0.000105
0.001574 0.000114
0.001349 3.7e-05
0.001237 8.2e-05
0.001236 0.000102
0.001238 8.6e-05
0.001307 0.000158
0.001235 6.7e-05
0.001297 8.3e-05
0.001238 9.8e-05
0.00125 4.4e-05
0.001248 7.4e-05
0.001276 0.000121
0.001255 0.000168
0.001297 0.000198
0.00126 5.3e-05
0.001245 5.4e-05
0.001258 9.8e-05
0.001248 8.3e-05
0.001264 0.000121
0.001307 0.000156
0.001335 9.9e-05
0.00124 8.8e-05
0.00129 8.3e-05
0.001245 0.000117
0.001236 0.000115
0.001304 7.7e-05
0.001243 7.7e-05
0.001249 0.000113
0.001235 9.2e-05
0.001244 0.000106
0.001161 4.8e-05
0.001177 8.6e-05
0.00108 6.5e-05
0.001248 6.2e-05
0.001237 0.000107
0.001244 0.00011
0.001298 8.9e-05
0.001259 0.000119
0.001239 0.00014
0.001247 3.9e-05
0.001236 0.000159
0.001247 6e-05
0.00124 0.00017
0.001242 0.000175
0.001754 0.000279
0.001295 6.6e-05
0.00124 0.000106
0.001246 9.4e-05
0.001621 0.000151
0.00172 0.00012
0.002275 0.00016
0.001789 0.000202
0.002212 0.000253
0.001785 0.000137
0.001748 0.000236
0.001756 5.4e-05
0.001786 0.00011
0.002424 0.000188
0.001756 0.000206
0.001255 6.9e-05
0.001242 8.7e-05
0.001249 6.6e-05
0.001298 7.2e-05
0.001248 7.9e-05
0.001249 0.000109
0.001247 0.000106
0.001235 0.000141
0.001244 0.000157
0.001248 0.000174
0.001294 7.4e-05
0.0013 0.000105
0.001248 0.000178
0.001242 0.000158
0.001295 0.000121
0.001233 0.000145
0.001246 8e-05
0.001244 9e-05
0.001246 0.000152
0.00124 0.000166
0.001252 6e-05
0.001239 5.9e-05
0.001247 0.000186
0.001703 0.000269
0.001322 0.000121
0.001236 0.000151
0.001266 8.9e-05
0.001733 8.9e-05
0.001514 0.000173
0.00207 0.000132
0.001881 0.000271
0.002439 0.000251
0.002154 7.9e-05
0.001273 8.7e-05
0.001278 4.7e-05
0.001241 5.7e-05
0.001249 0.000173
0.001243 9.3e-05
0.001289 0.000128
0.001296 7.6e-05
0.001255 7e-05
0.00124 6.4e-05
0.001293 0.000102
0.001244 9.7e-05
0.00129 6.3e-05
0.00124 0.000127
0.001246 8.5e-05
0.001239 0.000145
0.001248 7.6e-05
0.001246 0.000125
0.00125 0.000103
0.001252 9.6e-05
0.001295 9.4e-05
0.001243 6.9e-05
0.001249 0.000136
0.001243 0.000128
0.001249 0.000117
0.001292 9.8e-05
0.001249 9.2e-05
0.001296 9.7e-05
0.001245 0.000117
0.001243 0.000129
0.001241 0.0001
0.001242 0.000123
0.00124 0.000173
0.00124 6.4e-05
0.00125 8.2e-05
0.001242 6.3e-05
0.00126 5.9e-05
0.001245 8.6e-05
0.001247 0.000127
0.001243 6.2e-05
0.001241 0.00015
0.001242 4.3e-05
0.001244 0.000104
0.001244 0.000101
0.001298 0.00013
0.001241 0.000137
0.002596 0.000111
0.001246 6.3e-05
0.001236 0.000125
0.001243 8.1e-05
0.001244 6.3e-05
0.001237 5.1e-05
0.001242 0.000155
0.001241 8.4e-05
0.001245 0.000127
0.001292 6.6e-05
0.001255 0.000158
0.001246 0.000135
0.001244 7.7e-05
0.001239 0.000112
0.001248 6.5e-05
0.001236 0.000167
0.001245 0.000179
0.00124 5.8e-05
0.001253 7.6e-05
0.00129 9.4e-05
0.001243 0.000165
0.001129 5.7e-05
0.001098 7.7e-05
0.001027 8.9e-05
0.001203 6.4e-05
0.001243 9.7e-05
0.0013 0.000135
0.001237 8.3e-05
0.001248 0.000103
0.001239 0.000181
0.001243 8.2e-05
0.001305 9.4e-05
0.001256 9.5e-05
0.001237 8.8e-05
0.001243 5.3e-05
0.001238 0.000133
0.001243 6e-05
0.001288 0.000127
0.001301 0.000163
0.001242 7.9e-05
0.001254 0.000186
0.001254 9.8e-05
0.001246 0.000127
0.001234 8.1e-05
0.001243 3.9e-05
0.001289 5e-05
0.00124 0.000132
0.001401 0.000111
0.001278 7.4e-05
0.001233 7.5e-05
0.001245 6.1e-05
0.001235 9.1e-05
0.001244 7.2e-05
0.001248 0.000116
0.001299 0.000111
0.001238 0.000175
0.001248 8.5e-05
0.001244 6.8e-05
0.001249 0.000125
0.00124 0.00014
0.00124 8.4e-05
0.001237 0.000133
0.001242 9.9e-05
0.001241 9.7e-05
0.001238 8.6e-05
0.0013 0.000168
0.001295 0.000134
0.001239 9.5e-05
0.001302 6.6e-05
0.001241 0.00011
0.001242 6e-05
0.001247 6.3e-05
0.00124 9.3e-05
0.001238 0.000117
0.001246 8.4e-05
0.001251 0.00014
0.001571 0.000212
0.001571 0.000142
0.001246 7.8e-05
0.001238 4.8e-05
0.001271 3.7e-05
0.001319 0.000121
0.001302 0.000182
0.00126 0.000181
0.001353 0.000102
0.001239 0.000119
0.001261 0.000127
0.001579 0.000168
0.001575 0.000127
0.001248 0.000146
0.001613 0.000197
0.001683 0.000124
0.001265 0.000141
0.00155 7.4e-05
0.001576 0.000107
0.001254 0.000139
0.00155 0.0001
0.001572 0.000207
0.00126 4.6e-05
0.001301 9.2e-05
0.001295 8.9e-05
0.001241 6e-05
0.001246 8.8e-05
0.001239 7.2e-05
0.001242 0.000115
0.001242 7.6e-05
0.001237 6.2e-05
0.001244 9.3e-05
0.001251 0.00011
0.00126 0.000111
0.001246 0.000117
0.001257 7.4e-05
0.001261 0.000155
0.001243 8.8e-05
0.001247 8.5e-05
0.00124 0.000171
0.001248 0.000122
0.00124 9.3e-05
0.001254 6.8e-05
0.001236 0.000121
0.001242 8.3e-05
0.001241 9.6e-05
0.001295 0.000102
0.00124 9.9e-05
0.001244 7.8e-05
0.001241 0.000135
0.001246 0.000122
0.001301 9.7e-05
0.001244 0.000107
0.001268 9.8e-05
0.001322 0.000105
0.001316 0.000115
0.001251 7.2e-05
0.001318 9e-05
0.001335 0.000126
0.001354 0.000107
0.001242 0.0001
0.001302 6.7e-05
0.001291 6.3e-05
0.00134 0.000123
0.001331 9.3e-05
0.001245 4.5e-05
0.001296 5.6e-05
0.001244 0.000164
0.001248 0.000139
0.001235 0.000168
0.001239 6.3e-05
0.001241 8e-05
0.001243 0.000156
0.001243 0.000103
0.001247 0.000181
0.001243 0.0001
0.001243 9.8e-05
0.001231 0.000165
0.00125 0.000139
0.001238 0.000147
0.001245 0.000114
0.001246 5e-05
0.001247 0.000137
0.00108 5.8e-05
0.001065 0.000147
0.001008 6.1e-05
0.001244 6.4e-05
0.001279 0.000106
0.001267 9.1e-05
0.001241 0.000174
0.001245 0.000143
0.001238 9.2e-05
0.001247 0.000145
0.002192 9.4e-05
0.001762 3.5e-05
0.001683 0.000114
0.001297 8.6e-05
0.001336 6.5e-05
0.001314 0.000154
0.001288 6.8e-05
0.001277 0.000193
0.001295 0.000139
0.001306 6.4e-05
0.001306 0.000112
0.001298 0.000124
0.001242 4.6e-05
0.001247 8.5e-05
0.001246 3.4e-05
0.001289 0.000175
0.001249 0.000164
0.001237 9e-05
0.001238 0.000124
0.001244 9.9e-05
0.00124 7.6e-05
0.001251 0.000123
0.001234 0.00018
0.001248 0.000141
0.0013 7.9e-05
0.001246 0.000165
0.001308 6.3e-05
0.001243 5.4e-05
0.001236 0.000125
0.001298 0.000169
0.001245 4.1e-05
0.001245 5.5e-05
0.00125 6.5e-05
0.001253 0.000113
0.001242 5.9e-05
0.001242 0.000149
0.001245 0.000153
0.00125 8.7e-05
0.001245 6e-05
0.001295 6.6e-05
0.001239 0.000106
0.001299 0.00018
0.00124 5.9e-05
0.001243 9.9e-05
0.001294 8.8e-05
0.001297 9e-05
0.001239 0.000135
0.001244 0.000138
0.00125 0.000122
0.001241 8.7e-05
0.001244 0.000104
0.001252 8.4e-05
0.001238 9.6e-05
0.001243 0.000135
0.001243 0.000135
0.001248 0.000117
0.001267 0.000165
0.001308 0.000107
0.001295 0.00013
0.001205 0.00012
0.001166 0.00022
0.001245 0.000101
0.001251 0.000107
0.001249 0.00014
0.001293 4.7e-05
0.001243 0.000159
0.001245 0.0001
0.001252 0.00011
0.001239 8.3e-05
0.001309 5.5e-05
0.001234 0.00013
0.001265 0.000101
0.001301 0.000136
0.001248 2.8e-05
0.001252 8e-05
0.001308 9.1e-05
0.001246 0.00016
0.001253 0.00012
0.00124 0.000102
0.001244 5.8e-05
0.001298 6.5e-05
0.001246 0.000133
0.001241 8.8e-05
0.001239 5.9e-05
0.00125 9.9e-05
0.001248 6.8e-05
0.001241 0.000134
0.00125 0.000109
0.001236 0.000135
0.001304 7.3e-05
0.00124 0.000128
0.001243 8.1e-05
0.001251 4.4e-05
0.00131 6.4e-05
0.001243 8.4e-05
0.001308 0.000146
0.001243 8.4e-05
0.001385 8.3e-05
0.001238 0.000118
0.001242 6.1e-05
0.001259 0.000216
0.001257 0.000172
0.001246 4e-05
0.001247 0.000179
0.001244 0.000141
0.00125 0.000146
0.001249 6e-05
0.001251 0.000126
0.001448 5.8e-05
0.001255 8.2e-05
0.001259 8e-05
0.001265 0.000132
0.00124 0.000156
0.001293 7.6e-05
0.001238 8.1e-05
0.001239 5e-05
0.001235 0.0001
0.001246 0.000114
0.001243 2.4e-05
0.001254 7.8e-05
0.001235 8.2e-05
0.001256 9.3e-05
0.001238 0.000146
0.001248 7.7e-05
0.001237 7.4e-05
0.001244 5.1e-05
0.00124 0.000109
0.001243 3.1e-05
0.001245 0.000151
0.001169 0.000175
0.001488 0.000129
0.001297 5.9e-05
0.001247 6.8e-05
0.001243 5.8e-05
0.001236 0.000182
0.001295 0.000152
0.001243 6.8e-05
0.001264 0.00017
0.001313 0.000102
0.001247 7.5e-05
0.001249 5.8e-05
0.001275 9.7e-05
0.001774 0.000137
0.001294 9.4e-05
0.001246 0.000108
0.001258 0.00011
0.00124 0.000164
0.001552 0.000131
0.001235 0.000162
0.001274 0.000105
0.001577 0.000104
0.001287 8.7e-05
0.001237 0.000143
0.001254 8.1e-05
0.001298 8.4e-05
0.001241 8e-05
0.001244 5.6e-05
0.00124 0.000136
0.001246 5.1e-05
0.001249 9.2e-05
0.001242 5.3e-05
0.001243 5e-05
0.001237 0.000125
0.001239 8.9e-05
0.001237 0.000177
0.001241 4.8e-05
0.001239 0.000148
0.00124 0.000129
0.00124 7e-05
0.001242 0.000186
0.001392 0.000114
0.001299 6.7e-05
0.001243 0.000105
0.001287 9.2e-05
0.001245 0.000142
0.001239 9.2e-05
0.00124 8.6e-05
0.001246 0.000147
0.00124 4.6e-05
0.001252 9.3e-05
0.001238 0.000109
0.001245 5.2e-05
0.001235 0.000156
0.001414 0.000118
0.001775 0.000228
0.002233 0.000124
0.001795 0.000138
0.002259 5e-05
0.001241 0.00012
0.001245 0.00013
0.001244 0.000151
0.001302 6.1e-05
0.00131 0.000169
0.001373 9.1e-05
0.001241 5.8e-05
0.001301 0.000168
0.001244 9.9e-05
0.001126 8.4e-05
0.001246 0.000119
0.001244 5.8e-05
0.001242 0.000101
0.001247 9.7e-05
0.001242 8.5e-05
0.001299 0.000142
0.001247 0.000118
0.001242 9.7e-05
0.001237 6.5e-05
0.001302 0.000133
0.001249 0.000104
0.001242 0.000166
0.001238 9.6e-05
0.001245 0.00016
0.001238 5.7e-05
0.001244 0.000117
0.001274 0.000115
0.001249 9.4e-05
0.001289 6.6e-05
0.001316 0.000126
0.001308 7.1e-05
0.001244 3.6e-05
0.001239 0.000142
0.001239 8.6e-05
0.001309 0.000149
0.001288 0.000129
0.001312 0.000246
0.001793 0.000159
0.001813 0.000181
0.001773 0.000153
0.001777 0.000163
0.001797 0.000239
0.001771 0.000207
0.001342 0.000105
0.001784 0.000176
0.002264 0.000268
0.001769 0.000349
0.001249 0.000147
0.001259 0.000171
0.001249 3.7e-05
0.001241 0.000107
0.001247 8.3e-05
0.001242 8.1e-05
0.001246 8.5e-05
0.001245 0.000116
0.001248 9.5e-05
0.001294 8.2e-05
0.001238 0.000104
0.001241 3.9e-05
0.001286 9.2e-05
0.001249 8e-05
0.001247 8.6e-05
0.001249 0.000136
0.001243 0.0001
0.001237 0.000176
0.001251 0.000157
0.001238 4.7e-05
0.001298 9.5e-05
0.001458 0.000143
0.001306 0.000111
0.001133 0.000139
0.001096 9.1e-05
0.00104 3.8e-05
0.001248 0.000166
0.001247 9.4e-05
0.001245 8.3e-05
0.001246 0.000134
0.001246 9.4e-05
0.001242 9.5e-05
0.001244 0.000144
0.001289 5.5e-05
0.001291 8.5e-05
0.001262 0.000178
0.001364 0.000163
0.001579 0.00011
0.002409 5.4e-05
0.001841 0.000151
0.001251 0.000162
0.001296 5.3e-05
0.001366 0.000196
0.00127 0.000127
0.001237 7.8e-05
0.001242 7.4e-05
0.001241 0.000177
0.001244 0.000157
0.001245 0.000102
0.001284 0.000113
0.001249 9.3e-05
0.001242 0.000132
0.001242 8.2e-05
0.001241 7.2e-05
0.001245 0.000139
0.00129 0.000143
0.001242 0.000178
0.001241 0.000172
0.001237 8e-05
0.001243 9.9e-05
0.00124 6.9e-05
0.001238 0.000109
0.001251 7.7e-05
0.00124 9.6e-05
0.00125 4.5e-05
0.001303 6.3e-05
0.001302 0.000121
0.001242 0.000116
0.001241 0.000165
0.001318 0.000143
0.001298 5.9e-05
0.001249 0.000183
0.001246 0.000175
0.001239 0.000137
0.001248 4.7e-05
0.001308 8.9e-05
0.001291 7.5e-05
0.00128 0.000123
0.001274 7.3e-05
0.001288 0.00014
0.001245 7.5e-05
0.001247 0.000118
0.001354 0.000128
0.001304 0.000117
0.001314 9.7e-05
0.001246 0.00014
0.001257 7.1e-05
0.00131 5.6e-05
0.001264 9.8e-05
0.001236 0.000164
0.00125 7.9e-05
0.001145 0.000166
0.001134 8.2e-05
0.001158 0.00011
0.001248 5.6e-05
0.001237 0.000134
0.001245 0.000112
0.001238 0.000107
0.001246 5.6e-05
0.001238 0.000111
0.001245 9.7e-05
0.001293 7.4e-05
0.001255 0.000117
0.001236 0.000136
0.001248 0.000102
0.00124 0.000184
0.001294 0.000155
0.001242 0.000121
0.001244 0.000117
0.001297 8.4e-05
0.001491 0.000143
0.001386 0.000114
0.00124 6.8e-05
0.001305 0.000117
0.001244 0.000183
0.001239 0.000155
0.001267 0.000117
0.001289 0.000154
0.001246 7.8e-05
0.001241 7.2e-05
0.001286 0.000154
0.00124 8.9e-05
0.00124 7.6e-05
0.001246 9e-05
0.001247 8.3e-05
0.001243 8.5e-05
0.001244 0.000179
0.001243 8.7e-05
0.00124 9.9e-05
0.00129 0.000114
0.001245 5.7e-05
0.001242 5.9e-05
0.001243 8.8e-05
0.001237 6.5e-05
0.001249 0.000141
0.001244 8.1e-05
0.001262 6.6e-05
0.001254 0.000156
0.001237 3e-05
0.00125 9.4e-05
0.001242 9.6e-05
0.001243 0.000108
0.001243 9e-05
0.00124 5.4e-05
0.001252 6.8e-05
0.001248 6.6e-05
0.001244 6e-05
0.001249 6.6e-05
0.001247 0.000175
0.001239 6.1e-05
0.001244 0.000138
0.001241 0.00016
0.001244 0.000105
0.001309 0.000114
0.001306 6.9e-05
0.001257 0.000122
0.001245 7.3e-05
0.001233 0.000177
0.001242 0.000157
0.001237 0.000114
0.00126 9.7e-05
0.001241 4.6e-05
0.001259 8.5e-05
0.001221 0.000105
0.001249 0.000134
0.001234 4.2e-05
0.001289 0.000105
0.001241 0.000161
0.001238 8.2e-05
0.00125 0.000101
0.001241 0.000102
0.001238 0.000156
0.001303 7.4e-05
0.001235 0.000133
0.001247 9.4e-05
0.00126 0.000132
0.001244 8.4e-05
0.001244 8.3e-05
0.001246 6.3e-05
0.001242 0.000128
0.001257 9.6e-05
0.001255 0.000106
0.001289 0.000125
0.001238 9.8e-05
0.001247 0.00014
0.00124 5.8e-05
0.001248 0.000162
0.001237 0.000138
0.001244 3.9e-05
0.001245 6.4e-05
0.001259 0.000118
0.001247 0.000179
0.001237 6.1e-05
0.001238 8.9e-05
0.001295 8e-05
0.001245 6.4e-05
0.001251 7.2e-05
0.001237 0.000128
0.001248 7.7e-05
0.001252 8.9e-05
0.001297 5.3e-05
0.001238 5.1e-05
0.001245 5.2e-05
0.001235 5.1e-05
0.001248 0.000127
0.001252 0.000122
0.001247 5.1e-05
0.001241 0.000168
0.001244 0.000181
0.001241 0.000129
0.001293 0.000151
0.001302 0.00013
0.001289 0.000143
0.001238 0.000102
0.001294 6.1e-05
0.001247 7e-05
0.001248 0.000144
0.00125 6.9e-05
0.001251 9.4e-05
0.001286 9.5e-05
0.001277 8e-05
0.00125 0.000173
0.001372 0.000144
0.001247 5.4e-05
0.001276 5.7e-05
0.001248 9e-05
0.001256 0.000178
0.001253 0.00012
0.001249 4.9e-05
0.001302 0.000103
0.001263 6.6e-05
0.00113 0.000115
