0.013997 2e-06

0.015819 2e-06

0.014423 2e-06

0.015415 3e-06

0.015245 4e-06

0.015394 2e-06

0.014827 2e-06

0.015489 3e-06

0.01474 2e-06

0.014675 2e-06

0.01586 1e-06

0.014815 2e-06

0.014931 2e-06

0.01575 2e-06

0.014021 2e-06

0.013934 2e-06

0.014554 2e-06

0.015711 2e-06

0.015989 2e-06

0.01441 2e-06

0.014557 2e-06

0.013949 3e-06

0.014333 2e-06

0.014837 2e-06

0.014569 1e-06

0.014504 2e-06

0.015013 2e-06

0.015113 2e-06

0.014677 2e-06

0.014704 2e-06

0.014767 2e-06

0.01464 2e-06

0.014636 1e-06

0.015082 2e-06

0.015808 3e-06

0.015021 2e-06

0.014595 4e-06

0.013979 2e-06

0.01488 2e-06

0.013948 2e-06

0.014743 3e-06

0.015147 1e-06

0.014025 2e-06

0.01585 2e-06

0.01461 2e-06

0.015336 2e-06

0.014559 2e-06

0.014906 1e-06

0.014083 2e-06

0.014599 2e-06

0.014937 2e-06

0.01478 2e-06

0.01431 4e-06

0.014975 2e-06

0.015525 2e-06

0.015774 2e-06

0.014016 3e-06

0.015662 2e-06

0.014607 4e-06

0.014617 3e-06

0.014611 2e-06

0.014646 1e-06

0.014621 2e-06

0.014715 2e-06

0.014981 2e-06

0.015505 2e-06

0.015632 2e-06

0.014569 2e-06

0.013934 1e-06

0.014595 2e-06

0.014533 2e-06

0.015056 2e-06

0.014563 2e-06

0.014506 1e-06

0.015782 2e-06

0.014836 3e-06

0.015179 2e-06

0.015931 2e-06

0.015411 2e-06

0.014882 2e-06

0.014516 3e-06

0.014672 3e-06

0.014534 2e-06

0.014675 4e-06

0.015057 4e-06

0.013866 2e-06

0.016755 3e-06

0.015878 2e-06

0.014211 4e-06

0.014744 2e-06

0.014553 2e-06

0.014533 2e-06

0.014995 3e-06

0.018784 3e-06

0.015865 2e-06

0.014829 2e-06

0.015174 2e-06

0.014751 2e-06

0.014702 1e-06

0.014653 2e-06

0.014729 2e-06

0.014789 3e-06

0.015904 3e-06

0.014886 3e-06

0.014715 2e-06

0.015991 4e-06

0.014669 2e-06

0.01462 5e-06

0.015761 3e-06

0.015783 2e-06

0.013844 3e-06

0.014699 2e-06

0.015028 2e-06

0.015069 3e-06

0.014485 3e-06

0.015832 2e-06

0.014619 2e-06

0.015684 3e-06

0.014579 2e-06

0.014639 2e-06

0.014641 1e-06

0.014553 2e-06

0.014757 3e-06

0.013974 2e-06

0.014912 2e-06

0.014583 2e-06

0.014647 2e-06

0.014556 2e-06

0.01456 3e-06

0.01566 2e-06

0.0158 2e-06

0.01531 2e-06

0.014616 3e-06

0.01477 3e-06

0.015817 2e-06

0.014476 1e-06

0.014535 2e-06

0.015823 2e-06

0.015034 3e-06

0.014352 2e-06

0.013959 2e-06

0.015822 2e-06

0.015011 3e-06

0.014665 1e-06

0.014046 2e-06

0.015168 2e-06

0.016516 2e-06

0.015691 2e-06

0.014085 1e-06

0.0148 2e-06

0.014678 1e-06

0.015755 1e-06

0.014599 7e-06

0.016224 4e-06

0.014672 3e-06

0.016693 2e-06

0.015807 1e-06

0.014261 2e-06

0.014675 2e-06

0.014688 1e-06

0.014231 1e-06

0.014231 1e-06

0.01424 2e-06

0.014641 1e-06

0.015491 2e-06

0.014228 2e-06

0.014546 4e-06

0.014447 2e-06

0.01459 2e-06

0.014833 1e-06

0.014596 2e-06

0.014061 2e-06

0.014757 1e-06

0.014631 2e-06

0.013937 3e-06

0.015559 2e-06

0.014493 1e-06

0.014535 1e-06

0.015453 1e-06

0.014856 1e-06

0.014764 3e-06

0.013944 3e-06

0.014284 3e-06

0.013617 2e-06

0.015563 2e-06

0.015459 2e-06

0.01458 2e-06

0.014978 2e-06

0.014015 1e-06

0.014542 1e-06

0.014391 1e-06

0.013752 3e-06

0.013722 1e-06

0.015051 2e-06

0.014295 1.4e-05

0.014482 1e-06

0.013749 2e-06

0.015984 2e-06

0.014358 2e-06

0.015398 1e-06

0.016605 3e-06

0.014821 2e-06

0.013702 2e-06

0.015275 2e-06

0.01498 3e-06

0.01575 4e-06

0.014338 3e-06

0.016855 2e-06

0.015654 2e-06

0.014864 1e-06

0.015566 2e-06

0.015879 3e-06

0.016456 2e-06

0.015589 2e-06

0.014692 2e-06

0.015927 2e-06

0.015506 2e-06

0.015563 1e-06

0.015372 2e-06

0.015147 4e-06

0.015171 2e-06

0.015109 4e-06

0.0146 2e-06

0.014776 2e-06

0.014984 2e-06

0.015811 2e-06

0.016004 4e-06

0.014858 2e-06

0.014663 3e-06

0.015926 3e-06

0.014786 2e-06

0.014775 3e-06

0.014876 2e-06

0.016041 2e-06

0.014732 3e-06

0.016 3e-06

0.014681 3e-06

0.014815 2e-06

0.015893 2e-06

0.014806 2e-06

0.015211 2e-06

0.014699 2e-06

0.014718 2e-06

0.01476 3e-06

0.014723 2e-06

0.01476 2e-06

0.015433 2e-06

0.013909 1e-06

0.014941 1e-06

0.014951 2e-06

0.01467 2e-06

0.015811 2e-06

0.014564 2e-06

0.015718 2e-06

0.014985 2e-06

0.014613 3e-06

0.014575 1e-06

0.014616 2e-06

0.015033 1e-06

0.014034 2e-06

0.014639 1e-06

0.014694 1e-06

0.015093 2e-06

0.015082 1e-06

0.01465 2e-06

0.015914 2e-06

0.014623 3e-06

0.014569 3e-06

0.013956 2e-06

0.016028 2e-06

0.016925 2e-06

0.015436 2e-06

0.016855 3e-06

0.015548 3e-06

0.014685 2e-06

0.014641 2e-06

0.015628 2e-06

0.014929 3e-06

0.014508 1e-06

0.015626 2e-06

0.013941 2e-06

0.014692 2e-06

0.015686 2e-06

0.014631 2e-06

0.014472 3e-06

0.014774 3e-06

0.014124 2e-06

0.015683 2e-06

0.01578 1e-06

0.014815 2e-06

0.015783 2e-06

0.014067 3e-06

0.014733 3e-06

0.015843 1e-06

0.015323 2e-06

0.015017 2e-06

0.015025 2e-06

0.013915 2e-06

0.01488 3e-06

0.014711 2e-06

0.015066 2e-06

0.014524 2e-06

0.015748 1e-06

0.01393 2e-06

0.014005 1.8e-05

0.016081 2e-06

0.014189 2e-06

0.014586 3e-06

0.016017 1e-06

0.014226 2e-06

0.014671 2e-06

0.014072 1e-06

0.014857 2e-06

0.014761 2e-06

0.014094 2e-06

0.014864 2e-06

0.014725 2e-06

0.014114 2e-06

0.014615 2e-06

0.014624 2e-06

0.014911 3e-06

0.013929 2e-06

0.014539 2e-06

0.014576 2e-06

0.014969 3e-06

0.014527 3e-06

0.015712 3e-06

0.015403 2e-06

0.014565 2e-06

0.01467 2e-06

0.01477 2e-06

0.014651 3e-06

0.014587 3e-06

0.015799 1e-06

0.015732 2e-06

0.014601 2e-06

0.014666 3e-06

0.01397 3e-06

0.015777 2e-06

0.014519 2e-06

0.01469 2e-06

0.015819 2e-06

0.014619 3e-06

0.014719 2e-06

0.015803 3e-06

0.014613 1e-06

0.014842 2e-06

0.014761 2e-06

0.016902 3e-06

0.014722 2e-06

0.014014 1e-06

0.014609 3e-06

0.014602 1e-06

0.014649 3e-06

0.014605 2e-06

0.014893 2e-06

0.014552 3e-06

0.014603 2e-06

0.014535 2e-06

0.014581 2e-06

0.013911 2e-06

0.014667 2e-06

0.013946 2e-06

0.015893 2e-06

0.014128 2e-06

0.015851 3e-06

0.014544 2e-06

0.014649 4e-06

0.014067 2e-06

0.014655 2e-06

0.014626 2e-06

0.013985 2e-06

0.01474 2e-06

0.014835 2e-06

0.014645 2e-06

0.014769 2e-06

0.015896 1e-06

0.015206 2e-06

0.014133 1e-06

0.014541 3e-06

0.013843 2e-06

0.01519 2e-06

0.014706 2e-06

0.016049 2e-06

0.014657 3e-06

0.014643 1e-06

0.015126 2e-06

0.016021 2e-06

0.021478 3e-06

0.01569 2e-06

0.014119 2e-06

0.015961 3e-06

0.015921 2e-06

0.015069 2e-06

0.015957 3e-06

0.015128 3e-06

0.014023 1e-06

0.014927 2e-06

0.01587 2e-06

0.015994 2e-06

0.014051 2e-06

0.014742 2e-06

0.014714 2e-06

0.014167 2e-06

0.01472 2e-06

0.01498 2e-06

0.014814 2e-06

0.014173 2e-06

0.018839 3e-06

0.015528 2e-06

0.014416 1e-06

0.014549 1e-06

0.015464 2e-06

0.014419 1e-06

0.015418 2e-06

0.013651 1e-06

0.014541 2e-06

0.014603 1e-06

0.013545 1e-06

0.014558 2e-06

0.014613 1e-06

0.014536 1e-06

0.014394 1e-06

0.014611 2e-06

0.01425 1e-06

0.014395 2e-06

0.014854 2e-06

0.014352 2e-06

0.015105 3e-06

0.015973 2e-06

0.01444 2e-06

0.014329 1e-06

0.014486 2e-06

0.01468 2e-06

0.015416 1e-06

0.014342 2e-06

0.014286 1e-06

0.014313 1e-06

0.01434 1e-06

0.013685 1e-06

0.014344 2e-06

0.015485 2e-06

0.013851 2e-06

0.013645 2e-06

0.01425 2e-06

0.014681 1e-06

0.014658 2e-06

0.014199 2e-06

0.014286 1e-06

0.014303 2e-06

0.014376 2e-06

0.014371 2e-06

0.014272 2e-06

0.013739 1e-06

0.014564 2e-06

0.014744 2e-06

0.014338 2e-06

0.015141 2e-06

0.014747 2e-06

0.01437 2e-06

0.014279 2e-06

0.014724 1e-06

0.015391 2e-06

0.01426 1e-06

0.015385 1e-06

0.014341 2e-06

0.014226 1e-06

0.014444 3e-06

0.014314 2e-06

0.014731 1e-06

0.013697 2e-06

0.014789 1e-06

0.014407 2e-06

0.015449 2e-06

0.01394 2e-06

0.014445 1e-06

0.01414 3e-06

0.015476 1e-06

0.014475 1e-06

0.013586 2e-06

0.015531 1e-06

0.014205 1e-06

0.015268 1e-06

0.013837 2e-06

0.014625 2e-06

0.014351 2e-06

0.01387 2e-06

0.013585 1e-06

0.014658 2e-06

0.014506 1e-06

0.01522 2e-06

0.014262 2e-06

0.015613 1e-06

0.014401 2e-06

0.014392 2e-06

0.014324 1e-06

0.014227 1e-06

0.014236 2e-06

0.014365 1e-06

0.014472 3e-06

0.014568 1e-06

0.014356 2e-06

0.014297 2e-06

0.013801 3e-06

0.01426 2e-06

0.013594 2e-06

0.015324 2e-06

0.013784 1e-06

0.014197 2e-06

0.01364 1e-06

0.014612 2e-06

0.015219 2e-06

0.01559 3e-06

0.015929 1e-06

0.01417 1e-06

0.014807 1e-06

0.015219 2e-06

0.014724 1e-06

0.014402 2e-06

0.015217 3e-06

0.015847 2e-06

0.01496 2e-06

0.015719 3e-06

0.014658 1.6e-05

0.014612 1e-06

0.014885 1e-06

0.014418 1e-06

0.015144 2e-06

0.014187 2e-06

0.014571 2e-06

0.015682 3e-06

0.015123 2e-06

0.014317 2e-06

0.016107 3e-06

0.015507 3e-06

0.01741 2e-06

0.015077 1e-06

0.014607 2e-06

0.014761 3e-06

0.014795 3e-06

0.014946 2e-06

0.016347 2e-06

0.013978 2e-06

0.015097 3e-06

0.016208 2e-06

0.014307 1e-06

0.015962 3e-06

0.015491 2e-06

0.016271 2e-06

0.016242 4e-06

0.01539 5e-06

0.016575 3e-06

0.015888 2e-06

0.01463 2e-06

0.015143 2e-06

0.01458 1e-06

0.015978 2e-06

0.014732 2e-06

0.014717 2e-06

0.015107 2e-06

0.015492 2e-06

0.015584 2e-06

0.013981 2e-06

0.013689 2e-06

0.01549 2e-06

0.014771 1e-06

0.014494 1e-06

0.014674 2e-06

0.013879 2e-06

0.014475 2e-06

0.014497 2e-06

0.014596 2e-06

0.014543 1e-06

0.014364 2e-06

0.014309 2e-06

0.014448 1e-06

0.014243 2e-06

0.014513 2e-06

0.014578 1e-06

0.019209 2e-06

0.014033 1e-06

0.014292 2e-06

0.023649 2e-06

0.015915 2e-06

0.015808 1e-06

0.015162 3e-06

0.016867 2e-06

0.0145 2e-06

0.014478 3e-06

0.014978 2e-06

0.014663 2e-06

0.014518 3e-06

0.014903 3e-06

0.014529 2e-06

0.013935 2e-06

0.015742 3e-06

0.014327 4e-06

0.016123 4e-06

0.015163 2e-06

0.014781 2e-06

0.015023 2e-06

0.01481 2e-06

0.014929 2e-06

0.016021 3e-06

0.01494 6e-06

0.014953 6e-06

0.016623 2e-06

0.016041 2e-06

0.016295 5e-06

0.016886 3e-06

0.016711 1e-06

0.014894 3e-06

0.01465 2e-06

0.015351 2e-06

0.015237 1e-06

0.015186 2e-06

0.014844 2e-06

0.018941 3e-06

0.015778 2e-06

0.014377 3e-06

0.016516 3e-06

0.020042 2e-06

0.016265 2e-06

0.014349 2e-06

0.01788 2e-06

0.01655 2e-06

0.015043 2e-06

0.016327 2e-06

0.014826 3e-06

0.014666 1e-06

0.014526 2e-06

0.013841 2e-06

0.014244 1e-06

0.014249 2e-06

0.01467 1e-06

0.013646 2e-06

0.014261 1e-06

0.014381 2e-06

0.014679 1e-06

0.0142 1e-06

0.013624 2e-06

0.015615 1e-06

0.015476 2e-06

0.014264 1e-06

0.014319 2e-06

0.014334 3e-06

0.014604 2e-06

0.014645 1e-06

0.015561 2e-06

0.015006 2e-06

0.013828 1e-06

0.014922 2e-06

0.014857 3e-06

0.014611 2e-06

0.014462 2e-06

0.014701 2e-06

0.014676 2e-06

0.015104 2e-06

0.014777 2e-06

0.015662 2e-06

0.014323 1e-06

0.014986 2e-06

0.014507 2e-06

0.014563 2e-06

0.015684 2e-06

0.014287 2e-06

0.014562 2e-06

0.014745 3e-06

0.014921 3e-06

0.015404 4e-06

0.014677 1e-06

0.014311 2e-06

0.014834 2e-06

0.015147 2e-06

0.01398 2e-06

0.014646 1e-06

0.013853 2e-06

0.013964 2e-06

0.014589 2e-06

0.013955 2e-06

0.014743 2e-06

0.021222 2e-06

0.014822 2e-06

0.014731 2e-06

0.017554 3e-06

0.014685 3e-06

0.01499 2e-06

0.016556 3e-06

0.015845 3e-06

0.014547 1e-06

0.014441 2e-06

0.022427 5e-06

0.015913 3e-06

0.015645 3e-06

0.014657 1e-06

0.015808 2e-06

0.016574 2e-06

0.014575 2e-06

0.015811 2e-06

0.015512 1e-06

0.01451 2e-06

0.015755 2e-06

0.015573 5e-06

0.017074 1e-06

0.017261 2e-06

0.01724 8e-06

0.014929 2e-06

0.015095 2e-06

0.014563 2e-06

0.015787 2e-06

0.015746 2e-06

0.014596 2e-06

0.014541 2e-06

0.015051 2e-06

0.014342 2e-06

0.013631 2e-06

0.014278 1e-06

0.014838 3e-06

0.015814 3e-06

0.014571 2e-06

0.015019 1e-06

0.015688 2e-06

0.014601 1e-06

0.01581 2e-06

0.014936 2e-06

0.014346 1e-06

0.014313 2e-06

0.01524 3e-06

0.016652 3e-06

0.015552 9e-06

0.01575 3e-06

0.016155 3e-06

0.015646 3e-06

0.015587 2e-06

0.014267 2e-06

0.014687 2e-06

0.014213 1e-06

0.014177 2e-06

0.014299 2e-06

0.014344 2e-06

0.014259 1e-06

0.014532 2e-06

0.01386 2e-06

0.014682 4e-06

0.014506 2e-06

0.017994 3e-06

0.014798 2e-06

0.019338 2e-06

0.017136 1e-06

0.01988 2e-06

0.01756 4e-06

0.015517 2e-06

0.016513 2e-06

0.015493 4e-06

0.016723 3e-06

0.015754 2e-06

0.015643 2e-06

0.014826 1e-06

0.014239 3e-06

0.014683 1e-06

0.013648 1e-06

0.014424 1e-06

0.013898 1e-06

0.01437 1e-06

0.01424 2e-06

0.01434 2e-06

0.01595 2e-06

0.014692 3e-06

0.015436 2e-06

0.015406 2e-06

0.014555 3e-06

0.015661 2e-06

0.014692 3e-06

0.01576 1e-06

0.015743 1e-06

0.014582 2e-06

0.01396 1e-06

0.01495 1e-06

0.014333 1e-06

0.014428 2e-06

0.014455 2e-06

0.014453 2e-06

0.014849 3e-06

0.015772 2e-06

0.014014 3e-06

0.014629 2e-06

0.013946 2e-06

0.014692 2e-06

0.014018 3e-06

0.014708 2e-06

0.013758 2e-06

0.014503 1e-06

0.014532 3e-06

0.014547 2e-06

0.013763 2e-06

0.014199 1e-06

0.013522 1e-06

0.014145 2e-06

0.014183 2e-06

0.014897 1e-06

0.014166 2e-06

0.016078 2e-06

0.015661 2e-06

0.015059 2e-06

0.015163 2e-06

0.014165 1e-06

0.015937 2e-06

0.014672 3e-06

0.014916 2e-06

0.015116 2e-06

0.014975 3e-06

0.014529 2e-06

0.015671 1e-06

0.014999 2e-06

0.014963 1e-06

0.014384 3e-06

0.016089 2e-06

0.015964 2e-06

0.014606 2e-06

0.015969 2e-06

0.014508 2e-06

0.015245 2e-06

0.015223 2e-06

0.015403 4e-06

0.014503 2e-06

0.01488 2e-06

0.015311 2e-06

0.014632 3e-06

0.014538 1e-06

0.014327 1e-06

0.014746 1e-06

0.01358 1e-06

0.014617 2e-06

0.014475 2e-06

0.014474 2e-06

0.015338 1e-06

0.014437 2e-06

0.014303 1e-06

0.014261 2e-06

0.014482 2e-06

0.014832 1e-06

0.014863 2e-06

0.015437 1e-06

0.014362 2e-06

0.015428 2e-06

0.014363 2e-06

0.014306 2e-06

0.015033 2e-06

0.015479 2e-06

0.01632 1e-06

0.014441 2e-06

0.014244 1e-06

0.014224 2e-06

0.014174 1e-06

0.014299 2e-06

0.014286 2e-06

0.013672 2e-06

0.013625 2e-06

0.014184 1e-06

0.014378 2e-06

0.014231 2e-06

0.014298 2e-06

0.014213 2e-06

0.014327 1e-06

0.014634 2e-06

0.014267 2e-06

0.014636 1e-06

0.014318 2e-06

0.014741 2e-06

0.015399 2e-06

0.014557 1e-06

0.014695 2e-06

0.014271 1e-06

0.014561 2e-06

0.014569 1e-06

0.014162 1e-06

0.014285 1e-06

0.01364 2e-06

0.014161 1e-06

0.014211 2e-06

0.014196 3e-06

0.01434 1e-06

0.014369 2e-06

0.014566 2e-06

0.01426 1e-06

0.014273 1e-06

0.014294 2e-06

0.014665 1e-06

0.01542 1e-06

0.016631 1e-06

0.014251 2e-06

0.013689 1e-06

0.015403 1e-06

0.015449 2e-06

0.014786 1e-06

0.014581 2e-06

0.01362 1e-06

0.014273 1e-06

0.01527 1e-06

0.014219 4e-06

0.014143 1e-06

0.014184 1e-06

0.014708 2e-06

0.013631 1e-06

0.013569 3e-06

0.014576 2e-06

0.014211 1e-06

0.013579 1e-06

0.014246 2e-06

0.014213 2e-06

0.015567 1e-06

0.01545 2e-06

0.015417 1e-06

0.014286 1e-06

0.014268 2e-06

0.015375 1e-06

0.01369 2e-06

0.014105 1e-06

0.013612 1e-06

0.014171 1e-06

0.01445 1e-06

0.014185 2e-06

0.01352 2e-06

0.015463 1e-06

0.01429 2e-06

0.014226 1e-06

0.014181 3e-06

0.014281 1e-06

0.015401 1e-06

0.014331 2e-06

0.013588 2e-06

0.014332 2e-06

0.014257 2e-06

0.014321 1e-06

0.014245 1e-06

0.014307 2e-06

0.01534 1e-06

0.01423 1e-06

0.014137 1e-06

0.015335 2e-06

0.015249 1e-06

0.013582 2e-06

0.014172 2e-06

0.013573 1e-06

0.014315 2e-06

0.015346 1e-06

0.014143 2e-06

0.014184 2e-06

0.014572 1e-06

0.014688 1e-06

0.014391 2e-06

0.014227 1e-06

0.014322 1e-06

0.014304 2e-06

0.014209 2e-06

0.015414 2e-06

0.0143 2e-06

0.013694 2e-06

0.015312 2e-06

0.015307 2e-06

0.015283 2e-06

0.014254 2e-06

0.015338 2e-06

0.015295 2e-06

0.015301 2e-06

0.014197 1e-06

0.013537 1e-06

0.01423 1e-06

0.014559 1e-06

0.014604 1e-06

0.014296 1e-06

0.014284 1e-06

0.014176 3e-06

0.014276 1e-06

0.015325 1e-06

0.015471 2e-06

0.014248 1e-06

0.013721 2e-06

0.013565 1e-06

0.015344 1e-06

0.015337 2e-06

0.014303 2e-06

0.014248 1e-06

0.014218 1e-06

0.013573 1e-06

0.014107 2e-06

0.014394 2e-06

0.013573 1e-06

0.014106 2e-06

0.014245 1e-06

0.015305 2e-06

0.0137 1e-06

0.015349 2e-06

0.014181 2e-06

0.014209 2e-06

0.014273 0

0.014269 2e-06

0.015454 3e-06

0.015327 2e-06

0.014329 2e-06

