0.033115 3e-06

0.031085 3e-06

0.030598 2e-06

0.02932 2e-06

0.03287 2e-06

0.034453 2e-06

0.030561 2e-06

0.033076 2e-06

0.032945 1e-06

0.033125 3e-06

0.033031 2e-06

0.032923 2e-06

0.031563 4e-06

0.03284 3e-06

0.030734 2e-06

0.030598 2e-06

0.032967 3e-06

0.033062 2e-06

0.03047 2e-06

0.030535 2e-06

0.03283 2e-06

0.030625 2e-06

0.031415 2e-06

0.030598 2e-06

0.030529 2e-06

0.031838 3e-06

0.030469 2e-06

0.033092 2e-06

0.031294 2e-06

0.032802 2e-06

0.031293 2e-06

0.031681 2e-06

0.033304 2e-06

0.031401 1e-06

0.031868 2e-06

0.032952 3e-06

0.031266 2e-06

0.031317 2e-06

0.032844 2e-06

0.033092 2e-06

0.033017 2e-06

0.032953 2e-06

0.030498 2e-06

0.03062 3e-06

0.031579 2e-06

0.033007 2e-06

0.030685 2e-06

0.032933 2e-06

0.032938 3e-06

0.030633 2e-06

0.030541 2e-06

0.033076 2e-06

0.030691 2e-06

0.033867 4e-06

0.036121 3e-06

0.044342 2e-06

0.033853 3e-06

0.036855 2e-06

0.03089 3e-06

0.0316 3e-06

0.032241 2e-06

0.033288 5e-06

0.032774 2e-06

0.033215 2e-06

0.033257 2e-06

0.035687 4e-06

0.035844 3e-06

0.036018 2e-06

0.029555 2e-06

0.033789 2e-06

0.031659 2e-06

0.03895 4e-06

0.03479 2e-06

0.03344 2e-06

0.031936 4e-06

0.032722 4e-06

0.031213 3e-06

0.032107 3e-06

0.038336 3e-06

0.037526 3e-06

0.043541 4e-06

0.034362 3e-06

0.032064 3e-06

0.035699 2e-06

0.033803 2e-06

0.034452 2e-06

0.033359 2e-06

0.032013 3e-06

0.034595 3e-06

0.032925 3e-06

0.041413 3e-06

0.033408 4e-06

0.034522 3e-06

0.037885 2e-06

0.033785 3e-06

0.031249 2e-06

0.031059 2e-06

0.034181 2e-06

0.032302 2e-06

0.034157 3e-06

0.032135 3e-06

0.032974 3e-06

0.033332 3e-06

0.03359 3e-06

0.034455 3e-06

0.03514 3e-06

0.032093 2e-06

0.033833 2e-06

0.034678 3e-06

0.033337 2e-06

0.035063 2e-06

0.030903 2e-06

0.033234 2e-06

0.030618 2e-06

0.032235 2e-06

0.034644 3e-06

0.033914 2e-06

0.033458 2e-06

0.033759 3e-06

0.033971 5e-06

0.031097 2e-06

0.033463 2e-06

0.033981 2e-06

0.033555 2e-06

0.03086 3e-06

0.035468 2e-06

0.033395 2e-06

0.031224 2e-06

0.033709 2e-06

0.030863 1e-06

0.033693 2e-06

0.031399 3e-06

0.031329 2e-06

0.030687 2e-06

0.030615 3e-06

0.033136 4e-06

0.033777 2e-06

0.033256 2e-06

0.030849 2e-06

0.034359 2e-06

0.033044 3e-06

0.03153 6e-06

0.030785 3e-06

0.032842 3e-06

0.031084 4e-06

0.033591 2e-06

0.031358 2e-06

0.033454 2e-06

0.033383 2e-06

0.033523 1e-06

0.031644 2e-06

0.033074 2e-06

0.031383 2e-06

0.034143 2e-06

0.033138 2e-06

0.030776 2e-06

0.030718 2e-06

0.033108 4e-06

0.033049 2e-06

0.032917 3e-06

0.030572 3e-06

0.033086 2e-06

0.032656 2e-06

0.030676 2e-06

0.030601 4e-06

0.031028 2e-06

0.030604 3e-06

0.032892 2e-06

0.031998 3e-06

0.033063 2e-06

0.033077 2e-06

0.030565 3e-06

0.033335 2e-06

0.033835 2e-06

0.033728 2e-06

0.033982 2e-06

0.034482 3e-06

0.03422 1e-06

0.031666 2e-06

0.034307 3e-06

0.033819 2e-06

0.033781 2e-06

0.031672 3e-06

0.034159 2e-06

0.031799 2e-06

0.033771 2e-06

0.034129 2e-06

0.034933 3e-06

0.034356 2e-06

0.036974 2e-06

0.035273 3e-06

0.034426 3e-06

0.034514 2e-06

0.031938 2e-06

0.034662 3e-06

0.033472 2e-06

0.034578 3e-06

0.034632 2e-06

0.035713 2e-06

0.034796 3e-06

0.034926 2e-06

0.032257 2e-06

0.034871 3e-06

0.033971 3e-06

0.031411 2e-06

0.031406 3e-06

0.035453 2e-06

0.031956 3e-06

0.032005 3e-06

0.031961 3e-06

0.034475 3e-06

0.033737 3e-06

0.035333 2e-06

0.034269 2e-06

0.03733 3e-06

0.031359 2e-06

0.031559 2e-06

0.035454 3e-06

0.032602 2e-06

0.032237 3e-06

0.029812 1e-06

0.03382 2e-06

0.034384 2e-06

0.032737 2e-06

0.033326 3e-06

0.035497 2e-06

0.035987 3e-06

0.035551 2e-06

0.034582 1e-06

0.035433 2e-06

0.033299 2e-06

0.035589 3e-06

0.035567 3e-06

0.036391 4e-06

0.032853 3e-06

0.035108 4e-06

0.035172 3e-06

0.037929 3e-06

0.03439 2e-06

0.035182 3e-06

0.035199 2e-06

0.034987 2e-06

0.033739 2e-06

0.031408 2e-06

0.033166 4e-06

0.033835 3e-06

0.030754 3e-06

0.031509 3e-06

0.031464 2e-06

0.033025 1e-06

0.031634 2e-06

0.031256 2e-06

0.033242 2e-06

0.03367 1e-06

0.033232 2e-06

0.033506 3e-06

0.033114 2e-06

0.030697 2e-06

0.030855 2e-06

0.031231 2e-06

0.032922 1e-06

0.033086 2e-06

0.030716 2e-06

0.033786 2e-06

0.033082 3e-06

0.030704 2e-06

0.033392 1e-06

0.030736 1e-06

0.029527 2e-06

0.033394 2e-06

0.032975 2e-06

0.032943 2e-06

0.030647 4e-06

0.034396 2e-06

0.031546 2e-06

0.03161 2e-06

0.031456 2e-06

0.033108 3e-06

0.0331 4e-06

0.030775 2e-06

0.033312 3e-06

0.033058 2e-06

0.0334 3e-06

0.030837 3e-06

0.032958 3e-06

0.033099 2e-06

0.030521 1.4e-05

0.031334 3e-06

0.03182 3e-06

0.030858 4e-06

0.033124 2e-06

0.030611 2e-06

0.033278 2e-06

0.033241 2e-06

0.033072 2e-06

0.033113 1e-06

0.033111 3e-06

0.033169 2e-06

0.03344 3e-06

0.032977 2e-06

0.03305 2e-06

0.033029 3e-06

0.030828 2e-06

0.03313 2e-06

0.033098 3e-06

0.033082 2e-06

0.033084 3e-06

0.031127 1e-06

0.031348 2e-06

0.03332 2e-06

0.032949 2e-06

0.031227 2e-06

0.03299 3e-06

0.031591 3e-06

0.033128 2e-06

0.031285 2e-06

0.031554 3e-06

0.033369 2e-06

0.03303 3e-06

0.030653 4e-06

0.031377 3e-06

0.031743 2e-06

0.03071 2e-06

0.031548 2e-06

0.03302 2e-06

0.030852 2e-06

0.033358 2e-06

0.035579 3e-06

0.031806 2e-06

0.033558 2e-06

0.033774 3e-06

0.031439 3e-06

0.031387 3e-06

0.03155 2e-06

0.031396 2e-06

0.032964 2e-06

0.032282 2e-06

0.033007 2e-06

0.030757 2e-06

0.031417 2e-06

0.030776 2e-06

0.02946 2e-06

0.033227 2e-06

0.030808 2e-06

0.033075 2e-06

0.030733 1e-06

0.03082 3e-06

0.030294 2e-06

0.031554 3e-06

0.033089 2e-06

0.034595 3e-06

0.031467 3e-06

0.033361 3e-06

0.030841 3e-06

0.031125 3e-06

0.033279 2e-06

0.03321 2e-06

0.033139 2e-06

0.033391 2e-06

0.033761 3e-06

0.030732 3e-06

0.030694 3e-06

0.030843 2e-06

0.032962 3e-06

0.030593 2e-06

0.036061 2e-06

0.03277 2e-06

0.030829 3e-06

0.031438 3e-06

0.034453 1e-06

0.033039 2e-06

0.033019 2e-06

0.031605 3e-06

0.030696 2e-06

0.030789 2e-06

0.031671 3e-06

0.030702 2e-06

0.032911 2e-06

0.033052 2e-06

0.03078 1e-06

0.03313 2e-06

0.030858 1e-06

0.030639 2e-06

0.033279 2e-06

0.031107 3e-06

0.033106 2e-06

0.033187 3e-06

0.031375 2e-06

0.031545 2e-06

0.032927 3e-06

0.033059 3e-06

0.030695 2e-06

0.032981 2e-06

0.031303 3e-06

0.033135 3e-06

0.033073 2e-06

0.030696 2e-06

0.030651 2e-06

0.034599 3e-06

0.030669 3e-06

0.030696 2e-06

0.03329 2e-06

0.031441 2e-06

0.033137 2e-06

0.033051 2e-06

0.033096 2e-06

0.030743 2e-06

0.030891 2e-06

0.031492 3e-06

0.030756 2e-06

0.031568 3e-06

0.031618 2e-06

0.033079 2e-06

0.03354 1e-06

0.033076 2e-06

0.030848 2e-06

0.030616 1e-06

0.031105 2e-06

0.032955 3e-06

0.031399 2e-06

0.03312 2e-06

0.030635 2e-06

0.030805 1e-06

0.030658 2e-06

0.030834 2e-06

0.033534 2e-06

0.031423 2e-06

0.031768 2e-06

0.030624 2e-06

0.033331 2e-06

0.033198 3e-06

0.033051 2e-06

0.03313 3e-06

0.031464 1e-06

0.033155 2e-06

0.030602 2e-06

0.030765 2e-06

0.033077 2e-06

0.033132 2e-06

0.033182 2e-06

0.033031 3e-06

0.033175 2e-06

0.031432 2e-06

0.031472 2e-06

0.030799 3e-06

0.031283 4e-06

0.033245 2e-06

0.03144 2e-06

0.0327 2e-06

0.033071 3e-06

0.033035 2e-06

0.031619 2e-06

0.033325 3e-06

0.033126 3e-06

0.030652 2e-06

0.031546 2e-06

0.033197 1e-06

0.030835 3e-06

0.032996 2e-06

0.031786 2e-06

0.033166 2e-06

0.03331 2e-06

0.033244 2e-06

0.030779 1e-06

0.031407 2e-06

0.033606 2e-06

0.031707 2e-06

0.033034 2e-06

0.03309 2e-06

0.030722 1e-06

0.03061 3e-06

0.030798 2e-06

0.031275 1e-06

0.03296 2e-06

0.031437 2e-06

0.032495 3e-06

0.030914 2e-06

0.030734 2e-06

0.030771 2e-06

0.033041 2e-06

0.030816 3e-06

0.033106 3e-06

0.033294 2e-06

0.031257 2e-06

0.033226 3e-06

0.030916 2e-06

0.030788 3e-06

0.030863 2e-06

0.032991 3e-06

0.030759 1e-06

0.033842 2e-06

0.033098 2e-06

0.033177 2e-06

0.031739 2e-06

0.031166 3e-06

0.033089 1e-06

0.033018 3e-06

0.031526 3e-06

0.03136 2e-06

0.031492 3e-06

0.032952 2e-06

0.033027 2e-06

0.033061 3e-06

0.033099 2e-06

0.030765 3e-06

0.030856 2e-06

0.032243 2e-06

0.031095 3e-06

0.033048 2e-06

0.033203 1e-06

0.033063 2e-06

0.031629 2e-06

0.030708 1e-06

0.033666 4e-06

0.033029 2e-06

0.033168 3e-06

0.031668 1e-06

0.031446 3e-06

0.031654 2e-06

0.031246 2e-06

0.032969 2e-06

0.033228 2e-06

0.032947 3e-06

0.03389 2e-06

0.032939 3e-06

0.030669 2e-06

0.033141 2e-06

0.030806 2e-06

0.033178 3e-06

0.03344 2e-06

0.033117 2e-06

0.033014 2e-06

0.033104 2e-06

0.031716 2e-06

0.033202 2e-06

0.033147 2e-06

0.03299 1e-06

0.031962 3e-06

0.032224 2e-06

0.033259 2e-06

0.03335 2e-06

0.029556 1e-06

0.031261 3e-06

0.032516 3e-06

0.030776 1e-06

0.033166 3e-06

0.033 2e-06

0.033017 2e-06

0.031434 3e-06

0.03307 2e-06

0.03299 2e-06

0.033128 3e-06

0.031676 2e-06

0.031296 2e-06

0.030724 2e-06

0.031544 2e-06

0.030633 3e-06

0.031579 3e-06

0.030744 2e-06

0.03086 2e-06

0.033385 2e-06

0.033678 3e-06

0.032922 1e-06

0.031452 2e-06

0.033022 2e-06

0.033049 2e-06

0.033116 2e-06

0.033574 2e-06

0.033806 2e-06

0.031709 3e-06

0.031455 3e-06

0.034622 2e-06

0.031154 2e-06

0.033836 1.5e-05

0.033839 2e-06

0.033842 1e-06

0.031321 3e-06

0.03365 1e-06

0.031982 2e-06

0.03129 1e-06

0.034363 2e-06

0.031384 4e-06

0.033232 1e-06

0.031902 3e-06

0.033249 3e-06

0.033102 3e-06

0.033777 2e-06

0.033829 2e-06

0.044625 3e-06

0.033853 2e-06

0.037872 3e-06

0.03494 2e-06

0.044376 3e-06

0.03617 4e-06

0.043616 7e-06

0.040823 3e-06

0.032709 3e-06

0.035501 3e-06

0.035312 3e-06

0.03237 2e-06

0.035184 5e-06

0.041796 4e-06

0.036524 3e-06

0.035643 3e-06

0.035699 8e-06

0.035653 3e-06

0.041518 2e-06

0.038095 2e-06

0.031773 3e-06

0.030714 2e-06

0.030642 2e-06

0.031406 2e-06

0.030537 2e-06

0.032844 2e-06

0.033139 2e-06

0.030645 2e-06

0.031586 2e-06

0.033041 2e-06

0.030569 2e-06

0.033014 2e-06

0.031355 2e-06

0.030845 2e-06

0.031506 2e-06

0.032943 3e-06

0.03398 2e-06

0.032935 2e-06

0.030702 2e-06

0.031221 3e-06

0.032954 2e-06

0.030683 2e-06

0.032874 2e-06

0.030581 3e-06

0.031396 2e-06

0.029419 2e-06

0.033041 2e-06

0.031512 1e-06

0.030634 1e-06

0.032969 2e-06

0.032968 2e-06

0.030685 3e-06

0.033133 2e-06

0.031281 2e-06

0.032901 2e-06

0.031648 2e-06

0.030659 1e-06

0.031317 2e-06

0.033014 2e-06

0.032862 2e-06

0.033018 2e-06

0.030586 1e-06

0.033288 2e-06

0.033072 2e-06

0.032975 2e-06

0.033847 2e-06

0.033036 3e-06

0.030805 2e-06

0.030611 3e-06

0.032847 3e-06

0.032983 2e-06

0.032928 2e-06

0.032986 3e-06

0.031188 3e-06

0.032895 2e-06

0.033255 2e-06

0.030519 3e-06

0.030781 3e-06

0.03345 3e-06

0.032989 3e-06

0.031076 4e-06

0.03144 2e-06

0.033306 1e-06

0.033061 2e-06

0.034278 2e-06

0.033964 3e-06

0.033887 2e-06

0.033872 3e-06

0.032294 2e-06

0.032721 1e-06

0.031544 3e-06

0.031268 2e-06

0.033652 1e-06

0.030833 4e-06

0.033284 3e-06

0.029899 1e-06

0.031883 2e-06

0.033288 3e-06

0.031246 2e-06

0.032891 2e-06

0.031372 2e-06

0.030964 2e-06

0.033699 2e-06

0.032122 2e-06

0.030645 2e-06

0.033614 3e-06

0.033698 2e-06

0.032618 2e-06

0.031529 2e-06

0.031435 2e-06

0.031134 3e-06

0.033172 2e-06

0.033377 2e-06

0.032092 2e-06

0.031148 3e-06

0.031717 4e-06

0.030641 5e-06

0.030845 2e-06

0.03296 6e-06

0.032792 3e-06

0.033614 5e-06

0.031443 2e-06

0.035223 4e-06

0.033685 3e-06

0.037777 2e-06

0.033322 2e-06

0.031463 2e-06

0.031897 2e-06

0.031486 1e-06

0.032999 2e-06

0.032076 2e-06

0.03106 2e-06

0.032089 2e-06

0.031676 2e-06

0.030923 3e-06

0.033503 2e-06

0.033124 4e-06

0.029286 3e-06

0.030635 2e-06

0.033022 2e-06

0.032107 2e-06

0.034983 2e-06

0.033394 2e-06

0.031671 3e-06

0.034233 3e-06

0.032272 3e-06

0.032168 2e-06

0.034366 2e-06

0.032213 2e-06

0.032996 2e-06

0.033171 3e-06

0.034242 2e-06

0.030874 2e-06

0.03134 3e-06

0.029728 2e-06

0.033642 2e-06

0.03354 2e-06

0.033673 4e-06

0.033339 2e-06

0.03301 2e-06

0.031356 1e-06

0.031602 2e-06

0.03291 2e-06

0.032938 2e-06

0.032737 3e-06

0.03066 2e-06

0.033025 2e-06

0.033471 2e-06

0.031364 3e-06

0.03393 2e-06

0.050373 2e-06

0.034259 2e-06

0.034068 2e-06

0.033366 2e-06

0.030659 2e-06

0.031249 3e-06

0.031307 2e-06

0.032832 2e-06

0.033651 4e-06

0.031634 2e-06

0.030631 2e-06

0.03309 3e-06

0.03292 4e-06

0.032978 2e-06

0.030563 2e-06

0.03301 2e-06

0.033675 3e-06

0.033195 2e-06

0.034313 1e-06

0.035965 2e-06

0.031702 4e-06

0.036903 3e-06

0.03179 3e-06

0.030695 3e-06

0.033208 3e-06

0.033157 2e-06

0.033502 2e-06

0.034623 1e-06

0.031825 2e-06

0.033678 2e-06

0.033137 2e-06

0.030568 2e-06

0.033562 2e-06

0.034482 3e-06

0.039787 4e-06

0.03383 2e-06

0.031872 2e-06

0.038591 3e-06

0.032442 3e-06

0.03399 2e-06

0.033871 2e-06

0.033503 2e-06

0.033592 2e-06

0.03152 1e-06

0.033655 2e-06

0.03029 3e-06

0.034034 3e-06

0.034018 3e-06

0.05351 2e-06

0.032715 3e-06

0.032739 2e-06

0.033208 4e-06

0.035579 2e-06

0.033806 2e-06

0.031352 3e-06

0.037358 2e-06

0.033704 2e-06

0.031976 1e-06

0.033925 2e-06

0.032011 3e-06

0.031239 2e-06

0.033669 2e-06

0.033726 2e-06

0.0332 2e-06

0.031322 3e-06

0.031677 1e-06

0.034029 2e-06

0.032233 2e-06

0.034575 3e-06

0.031898 2e-06

0.051303 4e-06

0.033494 4e-06

0.03357 3e-06

0.035181 1e-06

0.03368 2e-06

0.0337 2e-06

0.031774 2e-06

0.033779 3e-06

0.031773 2e-06

0.031062 3e-06

0.030291 6e-06

0.039078 2e-06

0.033763 2e-06

0.032304 3e-06

0.032704 2e-06

0.033705 3e-06

0.033687 2e-06

0.033984 2e-06

0.031194 3e-06

0.034736 3e-06

0.032017 2e-06

0.033705 3e-06

0.034941 1e-06

0.03201 2e-06

0.032306 2e-06

0.033785 2e-06

0.033885 3e-06

0.034127 3e-06

0.031885 1e-06

0.032239 2e-06

0.032076 3e-06

0.033749 2e-06

0.03129 3e-06

0.033782 2e-06

0.031392 3e-06

0.034251 2e-06

0.030354 3e-06

0.03344 2e-06

0.032537 2e-06

0.03467 3e-06

0.033345 1e-06

0.033723 2e-06

0.034283 2e-06

0.034829 4e-06

0.033335 3e-06

0.033994 2e-06

0.034401 2e-06

0.033749 1e-06

0.033663 2e-06

0.035654 2e-06

0.037348 2e-06

0.034005 2e-06

0.033097 3e-06

0.033737 2e-06

0.033585 2e-06

0.033443 2e-06

0.032065 2e-06

0.034166 4e-06

0.045867 4e-06

0.034282 3e-06

0.033648 2e-06

0.031293 4e-06

0.035169 2e-06

0.032361 2e-06

0.030023 2e-06

0.052936 4e-06

0.032749 2e-06

0.032882 2e-06

0.03384 3e-06

0.031771 3e-06

0.034081 2e-06

0.035967 2e-06

0.03368 3e-06

0.038487 3e-06

0.031122 2e-06

0.051835 2e-06

0.032501 3e-06

0.031995 2e-06

0.031824 2e-06

0.033162 3e-06

0.031591 2e-06

0.034039 1e-06

0.031949 1e-06

0.032105 2e-06

0.032115 3e-06

0.031171 1e-06

0.032228 3e-06

0.03135 3e-06

0.032092 2e-06

0.03371 2e-06

0.032117 2e-06

0.035302 5e-06

0.035948 2e-06

0.031447 2e-06

0.0314 2e-06

0.033162 3e-06

0.03136 2e-06

0.031974 3e-06

0.03459 2e-06

0.033942 2e-06

0.033566 2e-06

0.033677 1e-06

0.033704 3e-06

0.033697 3e-06

0.031935 2e-06

0.033713 2e-06

0.033862 2e-06

0.031994 3e-06

0.031945 2e-06

0.031202 4e-06

0.033599 2e-06

0.033508 2e-06

0.034981 3e-06

0.033862 4e-06

0.031376 3e-06

0.03424 2e-06

0.032706 2e-06

0.03411 3e-06

0.034371 2e-06

0.031676 2e-06

0.03358 2e-06

0.033762 2e-06

0.035871 3e-06

0.034365 2e-06

0.033849 2e-06

0.031153 2e-06

0.03082 1e-06

0.035251 7e-06

0.034335 2e-06

0.032746 2e-06

0.034594 3e-06

0.034186 2e-06

0.032491 2e-06

0.034458 2e-06

0.033838 2e-06

0.031809 2e-06

0.03418 3e-06

0.031781 2e-06

0.034505 4e-06

0.034417 2e-06

0.034338 2e-06

0.03084 2e-06

0.032205 2e-06

0.034764 3e-06

0.034273 2e-06

0.032714 2e-06

0.033061 3e-06

0.034501 2e-06

0.032815 3e-06

0.035404 2e-06

0.032438 3e-06

0.033954 2e-06

0.034422 2e-06

0.03307 2e-06

0.031394 3e-06

0.03423 2e-06

0.033747 2e-06

0.033838 2e-06

0.031769 2e-06

0.031917 2e-06

0.032721 1e-06

0.034108 3e-06

0.033632 2e-06

0.033584 3e-06

0.03428 3e-06

0.032002 2e-06

0.033851 2e-06

0.033637 2e-06

0.033743 3e-06

0.034238 3e-06

0.031892 3e-06

0.033583 2e-06

