0.037694 0.000307
0.041234 0.000364
0.035442 0.000285
0.037165 0.000474
0.037206 0.000253
0.036643 0.000579
0.036888 0.000267
0.037828 0.000462
0.036773 0.000558
0.039592 0.000462
0.043125 0.000236
0.039691 0.000499
0.049303 0.000463
0.0493 0.000683
0.046092 0.000269
0.039606 0.000504
0.039568 0.000278
0.038077 0.000512
0.037597 0.000494
0.051887 0.000513
0.04034 0.000496
0.040239 0.000507
0.037838 0.000262
0.057044 0.000353
0.039657 0.000407
0.039652 0.000385
0.037946 0.000283
0.049647 0.000455
0.038152 0.00047
0.036313 0.000277
0.04423 0.000365
0.037065 0.000353
0.03962 0.000213
0.03736 0.000559
0.044389 0.000348
0.036989 0.00055
0.039866 0.000527
0.040095 0.000516
0.039991 0.000468
0.038821 0.000524
0.039515 0.000493
0.039774 0.00033
0.051269 0.000194
0.037011 0.000494
0.03745 0.000332
0.036792 0.000257
0.039861 0.000473
0.044164 0.000493
0.039651 0.000414
0.03529 0.000479
0.037024 0.000369
0.035414 0.000505
0.037737 0.000161
0.039747 0.000495
0.038847 0.000484
0.039838 0.000466
0.036886 0.000609
0.04149 0.000279
0.041171 0.000442
0.037418 0.000255
0.038551 0.000375
0.039719 0.000261
0.040242 0.000467
0.035932 0.000217
0.039114 0.000376
0.038145 0.000497
0.040044 0.000171
0.03774 0.000433
0.037678 0.000291
0.035814 0.000175
0.039682 0.000252
0.037019 0.000416
0.03782 0.000405
0.03961 0.000412
0.039561 0.000531
0.04662 0.000271
0.044278 0.000285
0.044387 0.000352
0.04397 0.000479
0.040024 0.000445
0.039688 0.000723
0.04668 0.000142
0.037685 0.000504
0.055625 0.000476
0.051244 0.000665
0.058924 0.000445
0.051356 0.000364
0.053704 0.000705
0.051731 0.000497
0.05351 0.000165
0.054878 0.000358
0.046749 0.000356
0.044762 0.000437
0.03953 0.000508
0.039448 0.000496
0.038748 0.000255
0.039981 0.000314
0.039552 0.000484
0.036922 0.000255
0.03694 0.000461
0.039664 0.000261
0.037241 0.000383
0.039479 0.000486
0.036693 0.000404
0.040078 0.000316
0.037457 0.0004
0.042046 0.000239
0.041011 0.000521
0.036503 0.000283
0.037834 0.00026
0.042127 0.000504
0.04117 0.000263
0.03842 0.000496
0.035542 0.000473
0.050594 0.00048
0.036869 0.00052
0.03762 0.000465
0.052168 0.000221
0.038716 0.000227
0.036896 0.000492
0.03775 0.000205
0.039853 0.000263
0.036821 0.000393
0.035146 0.000506
0.037244 0.000494
0.039629 0.00049
0.037017 0.000415
0.037578 0.000387
0.039587 0.000683
0.040854 0.000516
0.040312 0.00037
0.039252 0.000471
0.037692 0.000477
0.039709 0.000413
0.038035 0.000448
0.036926 0.000271
0.035126 0.00027
0.039741 0.000269
0.040136 0.00041
0.039766 0.000508
0.037722 0.000477
0.04177 0.000392
0.038004 0.000369
0.039688 0.000498
0.037491 0.000268
0.036806 0.000605
0.039631 0.000497
0.03979 0.000447
0.053068 0.000707
0.037089 0.000331
0.037674 0.000438
0.037796 0.000286
0.036832 0.000481
0.03947 0.000419
0.036838 0.000506
0.039454 0.000486
0.039612 0.000498
0.03999 0.000273
0.036865 0.000443
0.034881 0.000502
0.039655 0.00051
0.036803 0.000207
0.039635 0.000321
0.036844 0.000347
0.037962 0.000525
0.040358 0.000481
0.037784 0.000492
0.037684 0.000508
0.036794 0.000211
0.039947 0.000422
0.039705 0.000315
0.036821 0.000443
0.038878 0.000298
0.039977 0.000186
0.039657 0.000437
0.040225 0.000286
0.038568 0.00037
0.039582 0.000283
0.039042 0.000451
0.038105 0.000391
0.035032 0.000467
0.039604 0.000175
0.039729 0.000256
0.036851 0.000394
0.039409 0.000471
0.03633 0.000204
0.03773 0.000294
0.039639 0.000197
0.037536 0.000371
0.03685 0.000497
0.03653 0.000246
0.040781 0.000415
0.036827 0.000301
0.037948 0.000183
0.039487 0.000169
0.037896 0.000336
0.03985 0.00048
0.0396 0.000239
0.037545 0.000253
0.039704 0.000238
0.039569 0.000118
0.036865 0.000351
0.039545 0.000495
0.03932 0.000294
0.037827 0.000321
0.037756 0.000367
0.035541 0.000385
0.037216 0.000256
0.03955 0.000456
0.039643 0.000351
0.039621 0.000395
0.037986 0.000293
0.036866 0.000257
0.039763 0.00014
0.037046 0.000515
0.036952 0.000341
0.039569 0.000408
0.038382 0.000411
0.039556 0.000277
0.038032 0.000256
0.039602 0.000199
0.039586 0.000235
0.03964 0.00025
0.039603 0.000497
0.039074 0.000343
0.037387 0.000372
0.036939 0.000431
0.038699 0.00024
0.039664 0.000254
0.039503 0.000235
0.040122 0.00024
0.036852 0.00047
0.035219 0.00036
0.037744 0.000278
0.039507 0.000409
0.039665 0.000516
0.036691 0.000374
0.037676 0.000279
0.039825 0.000499
0.039725 0.000285
0.037829 0.000291
0.039636 0.000413
0.039521 0.000508
0.036859 0.000313
0.037761 0.000471
0.03853 0.000273
0.039653 0.000293
0.039605 0.000498
0.038763 0.000274
0.036866 0.000325
0.03978 0.00048
0.036993 0.000155
0.040643 0.000488
0.035967 0.000494
0.037736 0.000429
0.036799 0.00049
0.036937 0.000519
0.03968 0.0005
0.039666 0.000739
0.046318 0.000572
0.048701 0.00042
0.046531 0.00035
0.045155 0.000336
0.04997 0.000531
0.048761 0.000483
0.049875 0.000399
0.04873 0.000326
0.04899 0.000536
0.045219 0.000598
0.042727 0.0006
0.046312 0.000631
0.041931 0.000506
0.048721 0.000506
0.042431 0.000444
0.046428 0.000627
0.048714 0.00075
0.048836 0.000465
0.045179 0.000648
0.046144 0.000493
0.046225 0.000302
0.049905 0.000622
0.048731 0.000624
0.049853 0.000501
0.048702 0.000642
0.048873 0.000471
0.048764 0.000424
0.047968 0.000581
0.045208 0.00059
0.043226 0.000644
0.048869 0.00064
0.040934 0.000194
0.04881 0.000573
0.047275 0.000644
0.045413 0.000626
0.04867 0.000488
0.048834 0.000592
0.045284 0.000213
0.046374 0.000393
0.048669 0.000425
0.04986 0.00035
0.045151 0.000263
0.049137 0.000654
0.048727 0.000581
0.048705 0.00026
0.048552 0.000628
0.043746 0.000745
0.045148 0.000366
0.044262 0.000531
0.048823 0.000636
0.042763 0.000574
0.048898 0.000585
0.04875 0.000316
0.046441 0.000373
0.048746 0.000443
0.045788 0.000634
0.046469 0.000442
0.047459 0.000341
0.048796 0.000399
0.046357 0.000466
0.045226 0.000362
0.048893 0.00044
0.048778 0.000292
0.046148 0.000646
0.048781 0.000355
0.043727 0.00061
0.04879 0.000641
0.049596 0.000737
0.054938 0.000621
0.05197 0.00035
0.052455 0.000682
0.051885 0.000295
0.052395 0.000351
0.038416 0.000177
0.04024 0.000254
0.040432 0.00025
0.040595 0.000249
0.040415 0.000413
0.037567 0.000354
0.037803 0.000249
0.04034 0.0005
0.040655 0.000497
0.038289 0.000404
0.043416 0.000829
0.040919 0.000503
0.039252 9.6e-05
0.037523 0.000495
0.040907 0.000336
0.04111 0.000234
0.040139 0.00076
0.041161 0.000504
0.040605 0.000271
0.040442 0.00039
0.037665 0.000514
0.040242 0.000422
0.036706 0.000335
0.040909 0.000275
0.04009 0.000353
0.03897 0.000505
0.03833 0.000356
0.040535 0.000334
0.045219 0.000298
0.040556 0.000484
0.037406 0.000317
0.040157 0.000452
0.037382 0.000485
0.040261 0.0005
0.037201 0.000483
0.034594 0.000314
0.040499 0.000395
0.038664 0.000451
0.038137 0.000352
0.041659 0.000664
0.038965 0.00045
0.040234 0.000273
0.045063 0.000558
0.044228 0.000301
0.038274 0.000495
0.035632 0.000519
0.038118 0.000277
0.037362 0.000294
0.057245 0.000607
0.044211 0.000474
0.042115 0.000308
0.041519 0.000411
0.040577 0.000572
0.040634 0.000494
0.038209 0.000475
0.037579 0.000555
0.040107 0.000431
0.037457 0.000413
0.040248 0.000541
0.040074 0.00025
0.038233 0.000471
0.040652 0.000496
0.038015 0.000394
0.040265 0.000498
0.04011 0.000364
0.037972 0.000521
0.037535 0.000328
0.037392 0.000502
0.038575 0.000525
0.038711 0.000226
0.041955 0.000505
0.044975 0.000575
0.037525 0.000499
0.051448 0.000278
0.037244 0.00053
0.040048 0.000418
0.040199 0.000287
0.039149 0.000184
0.038004 0.000256
0.044788 0.000503
0.038323 0.000345
0.040282 0.000489
0.037559 0.00041
0.043037 0.000293
0.040188 0.000368
0.036266 0.000409
0.037397 0.000438
0.040247 0.000535
0.040268 0.000257
0.038621 0.000458
0.043462 0.000515
0.049847 0.000377
0.049848 0.000353
0.049733 0.000626
0.045753 0.000484
0.049529 0.00024
0.045844 0.000661
0.050441 0.000645
0.045707 0.00046
0.047734 0.000617
0.049331 0.000261
0.049487 0.000571
0.032961 0.000232
0.047069 0.000291
0.046244 0.000432
0.049438 0.000612
0.041319 0.000277
0.045822 0.000522
0.040699 0.000582
0.049443 0.00065
0.048309 0.000266
0.04593 0.000576
0.049408 0.000627
0.049866 0.000536
0.046758 0.000213
0.050545 0.000408
0.049422 0.00042
0.050488 0.000342
0.049414 0.000603
0.050633 0.00064
0.049413 0.000572
0.050415 0.000404
0.049396 0.00038
0.049831 0.000649
0.049415 0.000215
0.049115 0.00064
0.049422 0.00063
0.045766 0.000535
0.049433 0.000277
0.046948 0.000382
0.049403 0.000346
0.048996 0.000443
0.04586 0.000329
0.04394 0.000312
0.049428 0.000543
0.048372 0.000651
0.049514 0.000564
0.048339 0.000696
0.045827 0.000638
0.045708 0.000534
0.047929 0.000625
0.049385 0.000456
0.046825 0.00038
0.046394 0.000637
0.046413 0.000505
0.05043 0.000283
0.045511 0.000625
0.04886 0.000509
0.049856 0.000583
0.046794 0.000345
0.049907 0.000886
0.048885 0.000677
0.048001 0.000441
0.046047 0.000295
0.046029 0.000637
0.048742 0.000563
0.044132 0.000476
0.048819 0.000627
0.043917 0.000529
0.046311 0.000643
0.046338 0.000405
0.036978 0.000372
0.039671 0.000484
0.036991 0.000385
0.037646 0.000265
0.039701 0.000499
0.039138 0.000507
0.039756 0.000248
0.03707 0.000321
0.036967 0.000351
0.037669 0.000308
0.037551 0.000429
0.039675 0.0004
0.037846 0.000491
0.038366 0.000231
0.035418 0.000273
0.037744 0.000379
0.040209 0.000482
0.039728 0.000462
0.040455 0.000372
0.037014 0.000458
0.035483 0.000518
0.039931 0.000499
0.040685 0.000196
0.03733 0.0003
0.036958 0.000252
0.035729 0.000503
0.03724 0.000362
0.040886 0.000508
0.038148 0.000433
0.037894 0.000499
0.038419 0.000392
0.039638 0.000297
0.039575 0.000346
0.039562 0.000514
0.037768 0.000437
0.039625 0.000503
0.039955 0.000222
0.039604 0.000431
0.035823 0.000446
0.039595 0.000202
0.039486 0.000325
0.039756 0.000503
0.039742 0.000457
0.038586 0.000508
0.039621 0.000302
0.036731 0.000504
0.037736 0.000305
0.039841 0.000492
0.039618 0.000498
0.040359 0.00046
0.037775 0.000483
0.038767 0.000445
0.037814 0.000424
0.03768 0.000423
0.03977 0.000289
0.037529 0.00047
0.036027 0.000486
0.039693 0.000511
0.039613 0.000498
0.039601 0.000494
0.039862 0.000387
0.039619 0.000277
0.03786 0.000486
0.037692 0.000494
0.039908 0.000438
0.036916 0.000415
0.037607 0.000495
0.039293 0.000209
0.038753 0.000483
0.040215 0.000534
0.039319 0.000343
0.036908 0.000485
0.037007 0.000332
0.03959 0.000394
0.037888 0.000272
0.039763 0.000474
0.036782 0.000496
0.039818 0.000279
0.036884 0.000245
0.039516 0.000302
0.03988 0.000258
0.038066 0.0005
0.039379 0.000563
0.037662 0.000511
0.039674 0.000391
0.040024 0.000374
0.036978 0.000496
0.038189 0.000351
0.037733 0.000258
0.039955 0.000282
0.039852 0.000295
0.036854 0.000605
0.038083 0.00042
0.039801 0.000307
0.03757 0.000396
0.046379 0.000307
0.038395 0.000628
0.040539 0.00044
0.037137 0.000504
0.038778 0.000465
0.038104 0.000412
0.043507 0.000227
0.035934 0.000396
0.037907 0.000725
0.037683 0.000427
0.037242 0.000407
0.03808 0.000491
0.037845 0.000296
0.039696 0.000763
0.042071 0.000509
0.038977 0.000304
0.044501 0.000502
0.037881 0.000311
0.037097 0.000499
0.037078 0.000508
0.038245 0.000357
0.039743 0.000493
0.036681 0.000121
0.039773 0.000218
0.039695 0.000652
0.040177 0.000192
0.036823 0.000491
0.035356 0.000357
0.037176 0.000265
0.039661 0.000194
0.039806 0.000402
0.039708 0.000296
0.036728 0.000444
0.056302 0.000502
0.039565 0.000485
0.04109 0.000569
0.040079 0.000453
0.040216 0.000417
0.041963 0.000419
0.039633 0.000294
0.040394 0.000381
0.039794 0.000502
0.038424 0.000448
0.037005 0.000362
0.038231 0.000409
0.038082 0.000505
0.037436 0.000594
0.037941 0.000319
0.039624 0.000407
0.035754 0.000172
0.039837 0.000212
0.036809 0.000495
0.039552 0.000339
0.037133 0.000489
0.036952 0.000487
0.038365 0.000295
0.039592 0.000449
0.03781 0.000338
0.039704 0.000496
0.037896 0.000146
0.03658 0.000351
0.03971 0.000345
0.035803 0.000485
0.036713 0.000491
0.036836 0.000496
0.038215 0.000381
0.03828 0.000382
0.048021 0.000531
0.039489 0.000424
0.040026 0.000455
0.036347 0.000343
0.050814 0.000323
0.040038 0.000242
0.04027 0.000512
0.042791 0.000193
0.037006 0.000416
0.036774 0.0005
0.039657 0.000198
0.037016 0.000454
0.039784 0.000554
0.037939 0.000504
0.039628 0.000308
0.036901 0.000275
0.03715 0.000388
0.039491 0.000323
0.038337 0.000276
0.039827 0.000377
0.039892 0.000434
0.039669 0.000547
0.037615 0.000104
0.03943 0.000404
0.03242 0.000412
0.036914 0.0004
0.036861 0.000386
0.039537 0.000495
0.037002 0.000488
0.038304 0.000481
0.036778 0.000503
0.034722 0.000514
0.039719 0.000411
0.03668 0.000286
0.036921 0.000309
0.037601 0.000472
0.037481 0.000559
0.040263 0.000428
0.036803 0.000369
0.037288 0.000382
0.0376 0.000487
0.03772 0.000346
0.040435 0.000303
0.039757 0.000487
0.036683 0.000486
0.03999 0.000307
0.039626 0.000484
0.042776 0.000505
0.03995 0.000313
0.037978 0.000198
0.040062 0.000415
0.03841 0.000367
0.038176 0.000497
0.037487 0.000494
0.03989 0.000251
0.039072 0.000473
0.03971 0.000138
0.040391 0.000821
0.042996 0.000241
0.040166 0.000417
0.036859 0.000291
0.037607 0.000405
0.038325 0.000384
0.040555 0.000491
0.038886 0.0007
0.056204 0.000346
0.039708 0.000687
0.039708 0.000383
0.040038 0.000291
0.037723 0.000488
0.04012 0.000453
0.037507 0.000387
0.03858 0.00051
0.039752 0.000189
0.039951 0.000415
0.039685 0.000262
0.040282 0.000416
0.043885 0.000498
0.038052 0.000428
0.03696 0.000224
0.039457 0.000251
0.03992 0.000513
0.038056 0.000514
0.039471 0.000487
0.03823 0.000416
0.040339 0.000274
0.039567 0.000366
0.038783 0.000248
0.039629 0.000462
0.039587 0.00048
0.039684 0.000284
0.036958 0.000491
0.037842 0.000485
0.039951 0.000197
0.040294 0.000488
0.038394 0.000258
0.037735 0.000386
0.039443 0.000185
0.039751 0.000307
0.037972 0.000498
0.036187 0.000389
0.040473 0.000386
0.037825 0.000493
0.040234 0.000505
0.03962 0.000492
0.037585 0.000206
0.037751 0.000521
0.040192 0.000267
0.034984 0.000441
0.036793 0.000482
0.03961 0.000368
0.037811 0.000299
0.03798 0.000375
0.04019 0.000499
0.040414 0.000139
0.040713 0.00027
0.03907 0.000569
0.040135 0.000496
0.037586 0.000427
0.037471 0.000667
0.039492 0.000489
0.038319 0.000465
0.039765 0.000221
0.040506 0.000503
0.039757 0.000501
0.03766 0.000502
0.038052 0.000413
0.036867 0.000237
0.039363 0.000251
0.037559 0.000369
0.040784 0.000546
0.039259 0.000316
0.03789 0.000273
0.04013 0.000483
0.037629 0.000319
0.040591 8.8e-05
0.036992 0.000284
0.040725 0.000497
0.036916 0.00038
0.038484 0.00032
0.037071 0.000426
0.040205 0.000503
0.037944 0.000364
0.040367 0.000499
0.037351 0.000273
0.040642 0.000461
0.039631 0.000514
0.036472 0.000464
0.039725 0.000208
0.040182 0.00019
0.03815 0.00027
0.037709 0.000302
0.036996 0.000601
0.041 0.000274
0.037982 0.000252
0.035699 0.000404
0.037115 0.000305
0.038093 0.00057
0.037053 0.000472
0.039472 0.000295
0.03569 0.000326
0.037881 0.000499
0.038997 0.000485
0.037154 0.000271
0.040442 0.00047
0.039807 0.000414
0.040089 0.000491
0.03794 0.000482
0.037263 0.000505
0.039984 0.000295
0.037809 0.000431
0.037594 0.000351
0.039609 0.000433
0.037873 0.000371
0.0401 0.000356
0.036718 0.000371
0.035872 0.000404
0.037614 0.000417
0.036949 0.000482
0.039703 0.000479
0.036968 0.000146
0.036336 0.000217
0.040092 0.000274
0.037698 0.000482
0.037367 0.000511
0.039922 0.000255
0.037011 0.000267
0.037214 0.000279
0.039578 0.000357
0.036335 0.000256
0.039715 0.000216
0.037521 0.000411
0.038023 0.000491
0.039488 0.000492
0.040119 0.000556
0.040507 0.000522
0.037508 0.000478
0.038178 0.000594
0.03818 0.00018
0.03961 0.000557
0.039603 0.000486
0.039883 0.000385
0.038819 0.000271
0.039828 0.000405
0.036955 0.000439
0.036888 0.000404
0.039784 0.000143
0.037737 0.000387
0.039824 0.000355
0.039477 0.000196
0.034944 0.000506
0.039791 0.000153
0.037909 0.000156
0.036751 0.000261
0.037654 0.000458
0.039667 0.000266
0.037395 0.000474
0.036705 0.00051
0.037589 0.000361
0.039588 0.00036
0.039819 0.000245
0.039722 0.000482
0.039488 0.000464
0.036388 0.000165
0.038316 0.000152
0.03783 0.000424
0.037077 0.000499
0.037684 0.000349
0.037288 0.000345
0.041354 0.000513
0.039287 0.000341
0.037586 0.000494
0.036851 0.000259
0.04042 0.000282
0.039534 0.000497
0.037817 0.000463
0.039447 0.000186
0.038344 9.8e-05
0.039486 0.000229
0.037219 0.000513
0.037677 0.000503
0.039446 0.000308
0.039857 0.000117
0.037629 0.000433
0.03913 0.00026
0.037346 0.000495
0.039676 0.000351
0.036727 0.000443
0.037536 0.000379
0.039462 0.000259
0.037164 0.000239
0.035654 0.000465
0.038095 0.000312
0.039437 0.000282
0.039481 0.000439
0.039824 0.000514
0.039591 0.000428
0.03666 0.000241
0.039711 0.000453
0.037983 0.000254
0.037176 0.000399
0.036905 0.000243
0.036814 0.00046
0.039578 0.000462
0.037892 0.000466
0.039394 0.000448
0.040071 0.000492
0.037918 0.000499
0.037021 0.000313
0.039471 0.000504
0.039508 0.000305
0.039501 0.000448
0.036949 0.000179
0.038754 0.000367
0.037767 0.000506
0.036697 0.000492
0.038058 0.000375
0.036992 0.000198
0.036919 0.000419
0.039785 0.000508
0.039824 0.000192
0.038627 0.000252
0.048167 0.000778
0.040651 0.000501
0.040208 0.000508
0.039915 0.000345
0.039919 0.00023
0.039455 0.000397
0.034241 0.000357
0.036667 0.000197
0.039626 0.000287
0.039603 0.00049
0.039405 0.000392
0.039709 0.000303
0.03978 0.000273
0.038235 0.0005
0.039553 0.000493
0.039463 0.000403
0.039903 0.000288
0.037613 0.000255
0.037558 0.000489
0.039747 0.000447
0.037714 0.000485
0.037166 0.00047
0.039585 0.000467
0.039167 0.000412
0.039648 0.000493
0.03976 0.000351
0.039046 0.000414
0.0369 0.000495
0.039542 0.000386
0.035636 0.000355
0.043983 0.000258
0.039686 0.000275
0.040098 0.000459
0.037578 0.000509
0.035092 0.000401
0.037647 0.000494
0.039604 0.000488
0.0369 0.000356
0.037618 0.000234
0.039072 0.000501
0.03969 0.000438
0.036646 0.000402
0.036913 0.000257
0.037736 0.000498
0.039504 0.000235
0.036873 0.000414
0.039535 0.000264
0.039014 0.000456
0.039548 0.000332
0.039414 0.000237
0.039581 0.000515
0.037811 0.000507
0.036745 0.000262
0.037103 0.00048
0.039461 0.000328
0.03577 0.000323
0.03991 0.000439
0.037737 0.000244
0.036904 0.000354
0.040301 0.000472
0.036941 0.000502
0.037018 0.000509
0.035354 0.000305
