0.017352 0.0014
0.015782 0.001846
0.017441 0.000464
0.017381 0.001156
0.018752 0.000357
0.018801 0.000584
0.016701 0.001505
0.017572 0.00106
0.018646 0.001739
0.017355 0.0012
0.017921 0.000739
0.024018 0.000724
0.017477 0.002072
0.017481 0.001045
0.018803 0.000735
0.02175 0.000969
0.017883 0.00061
0.017404 0.00137
0.017769 0.000907
0.016624 0.000801
0.018674 0.000984
0.018717 0.001038
0.032111 0.00077
0.03513 0.000518
0.017446 0.001409
0.016762 0.001406
0.016761 0.000996
0.018945 0.001064
0.017369 0.000978
0.018868 0.001399
0.017512 0.001239
0.017245 0.001976
0.019109 0.000576
0.017798 0.001517
0.018939 0.001486
0.018976 0.000832
0.016358 0.000979
0.01948 0.00096
0.016815 0.0018
0.017708 0.00184
0.017563 0.000969
0.018312 0.001642
0.018374 0.000922
0.018097 0.000622
0.017614 0.001193
0.017756 0.001033
0.017915 0.00097
0.017857 0.001758
0.019265 0.001316
0.019826 0.00143
0.017429 0.001407
0.017372 0.001098
0.016755 0.000881
0.017949 0.00155
0.0174 0.001745
0.017677 0.001532
0.019072 0.001399
0.023014 0.001796
0.02035 0.001159
0.019056 0.001058
0.017398 0.001796
0.017426 0.001678
0.016753 0.000993
0.016836 0.00119
0.019217 0.001253
0.018896 0.001716
0.01762 0.000796
0.019266 0.000697
0.017386 0.001544
0.01905 0.001449
0.017341 0.001323
0.018723 0.001532
0.018824 0.000525
0.018204 0.00129
0.016683 0.001086
0.018151 0.001625
0.017333 0.000983
0.018762 0.001776
0.01669 0.001648
0.017339 0.001219
0.01733 0.001261
0.017733 0.000801
0.01671 0.000868
0.017147 0.001157
0.017566 0.001745
0.018001 0.000709
0.017409 0.000568
0.016716 0.001176
0.018793 0.001483
0.018582 0.001892
0.017798 0.000908
0.017868 0.000623
0.01762 0.001246
0.019672 0.001908
0.019489 0.001738
0.017451 0.001982
0.018722 0.001049
0.017392 0.001202
0.01647 0.000787
0.01741 0.00107
0.01745 0.00074
0.017809 0.000983
0.016584 0.000746
0.016736 0.001455
0.017344 0.000757
0.017416 0.001116
0.017181 0.001168
0.016717 0.0012
0.017792 0.000724
0.017438 0.00202
0.018923 0.001207
0.020935 0.001498
0.017946 0.00071
0.020485 0.000613
0.018707 0.00053
0.017813 0.000358
0.017759 0.001603
0.017983 0.000906
0.019122 0.002013
0.017671 0.00193
0.019776 0.001
0.019498 0.00068
0.018812 0.000606
0.017428 0.000955
0.017364 0.000695
0.017444 0.001948
0.017715 0.002101
0.017438 0.001568
0.017709 0.001675
0.017561 0.000801
0.018204 0.001416
0.017708 0.000549
0.017715 0.000496
0.017366 0.001068
0.016827 0.001551
0.017483 0.002829
0.017576 0.000731
0.016664 0.001053
0.017409 0.001725
0.016105 0.000524
0.019375 0.001835
0.017444 0.002059
0.017351 0.000801
0.017711 0.001496
0.01753 0.001436
0.018754 0.001391
0.018703 0.000689
0.017371 0.001711
0.016678 0.001707
0.017316 0.001479
0.016659 0.000959
0.017435 0.000705
0.017903 0.0005
0.0188 0.001092
0.017364 0.001787
0.016631 0.001216
0.018665 0.001724
0.017656 0.00095
0.016651 0.001231
0.017499 0.000889
0.017728 0.001571
0.018002 0.001434
0.018351 0.00073
0.017865 0.001231
0.017314 0.001046
0.017094 0.001027
0.017342 0.000505
0.016611 0.001019
0.017836 0.00081
0.017144 0.000782
0.017432 0.000676
0.017341 0.001083
0.01827 0.001006
0.018781 0.000443
0.016737 0.001645
0.016854 0.001741
0.019785 0.000719
0.017711 0.001296
0.016718 0.001151
0.016758 0.000981
0.017401 0.000683
0.016774 0.001791
0.017366 0.001818
0.018736 0.00081
0.018429 0.001243
0.018724 0.000703
0.017303 0.001297
0.019833 0.001077
0.017782 0.001971
0.017176 0.000693
0.018861 0.001644
0.021347 0.001673
0.017482 0.001185
0.017563 0.000591
0.017583 0.001847
0.017364 0.000937
0.017575 0.00101
0.018771 0.001984
0.017873 0.001571
0.019578 0.001339
0.017923 0.00058
0.021253 0.00098
0.018325 0.001219
0.017215 0.00133
0.016799 0.000676
0.017845 0.00207
0.016987 0.00165
0.018 0.001782
0.018341 0.001538
0.018668 0.000953
0.016683 0.001103
0.01894 0.000873
0.01674 0.00089
0.017814 0.000329
0.018034 0.000672
0.017797 0.001727
0.018801 0.001885
0.01712 0.002047
0.017506 0.000882
0.017489 0.001566
0.018459 0.000661
0.017425 0.000988
0.018435 0.00074
0.01753 0.000987
0.02003 0.001544
0.017447 0.001839
0.017854 0.000751
0.017379 0.000743
0.019018 0.001176
0.017604 0.001748
0.016601 0.001145
0.019017 0.001538
0.017417 0.000921
0.020388 0.002125
0.020467 0.001514
0.0203 0.001329
0.022903 0.001564
0.018104 0.002455
0.022049 0.001301
0.022596 0.001305
0.020213 0.000735
0.020367 0.001064
0.021126 0.001888
0.02118 0.002233
0.021178 0.001196
0.021199 0.001312
0.021247 0.00167
0.017883 0.002869
0.018737 0.001362
0.01734 0.001247
0.017342 0.000613
0.017771 0.00181
0.021627 0.002076
0.017496 0.001411
0.017511 0.001323
0.018774 0.001138
0.019043 0.001107
0.017601 0.000824
0.017391 0.001153
0.017954 0.001845
0.025334 0.001
0.017356 0.00073
0.018183 0.001908
0.017115 0.00089
0.01686 0.000894
0.01677 0.001675
0.016249 0.001614
0.016806 0.001881
0.017885 0.001879
0.017398 0.001283
0.017338 0.001256
0.019308 0.001423
0.01894 0.000957
0.017192 0.00062
0.018018 0.000532
0.01762 0.000607
0.018089 0.000352
0.017096 0.002208
0.016909 0.000337
0.018731 0.000372
0.018184 0.001849
0.018971 0.000728
0.017384 0.001132
0.017567 0.001025
0.020397 0.001352
0.017381 0.000961
0.016602 0.001073
0.016098 0.000717
0.018163 0.00111
0.01818 0.002044
0.017481 0.000776
0.017717 0.001858
0.017337 0.001834
0.018901 0.001184
0.018137 0.001003
0.018948 0.001027
0.019034 0.001682
0.017385 0.001253
0.01672 0.000912
0.017539 0.001857
0.018652 0.000796
0.01737 0.001418
0.016621 0.00138
0.016678 0.000709
0.019207 0.001974
0.019221 0.001465
0.017504 0.000722
0.018193 0.000769
0.018462 0.002586
0.017744 0.000976
0.017571 0.000993
0.018328 0.001101
0.019432 0.000464
0.017492 0.001411
0.017993 0.001333
0.018218 0.001116
0.018227 0.000974
0.017594 0.001529
0.019048 0.001452
0.019219 0.001179
0.017362 0.00106
0.017053 0.001811
0.017894 0.002194
0.01664 0.000545
0.018147 0.001039
0.019012 0.001788
0.017492 0.000989
0.016794 0.001449
0.017092 0.001799
0.017764 0.000879
0.024086 0.001147
0.020161 0.001553
0.018721 0.001194
0.019938 0.000807
0.018258 0.000518
0.017686 0.00104
0.01758 0.000523
0.019126 0.001913
0.017392 0.001856
0.019464 0.000707
0.017564 0.000639
0.016945 0.000886
0.019599 0.000927
0.018123 0.000763
0.018262 0.001847
0.017831 0.00122
0.018575 0.002
0.017558 0.000671
0.019064 0.001059
0.017801 0.002151
0.019927 0.000943
0.018957 0.000919
0.017702 0.002292
0.021217 0.000656
0.018055 0.001699
0.019307 0.001374
0.017499 0.002325
0.018805 0.001094
0.023017 0.00167
0.017646 0.001236
0.018908 0.001295
0.018993 0.000626
0.018107 0.001498
0.0186 0.001794
0.018215 0.001005
0.018752 0.001374
0.018317 0.001197
0.018187 0.001615
0.018366 0.000991
0.017586 0.000532
0.017812 0.0016
0.018534 0.001616
0.017527 0.000818
0.018511 0.001069
0.018166 0.001759
0.01778 0.001513
0.017643 0.000579
0.016825 0.001713
0.0179 0.001139
0.017625 0.001717
0.017704 0.001389
0.01983 0.001141
0.021022 0.000974
0.017545 0.000775
0.01929 0.001141
0.017381 0.001963
0.017492 0.000451
0.018887 0.001183
0.017478 0.001545
0.017381 0.001084
0.018113 0.000825
0.017585 0.000555
0.017509 0.000804
0.016504 0.00176
0.018405 0.001369
0.01674 0.001388
0.017712 0.001744
0.017439 0.000874
0.019226 0.001975
0.016763 0.001108
0.017946 0.000574
0.017367 0.00097
0.023457 0.001181
0.018242 0.000934
0.01673 0.001241
0.017438 0.001165
0.019372 0.000823
0.019145 0.000771
0.017394 0.000943
0.017922 0.001982
0.017531 0.001201
0.017804 0.00068
0.017388 0.001608
0.017379 0.001084
0.016632 0.001167
0.018816 0.001904
0.016627 0.001963
0.018779 0.000501
0.01795 0.002029
0.016188 0.001156
0.018707 0.000638
0.018793 0.00103
0.017479 0.001179
0.017508 0.001631
0.016547 0.000715
0.017355 0.001474
0.017434 0.001653
0.017331 0.001488
0.017284 0.000733
0.018105 0.001395
0.017454 0.001534
0.018951 0.001046
0.017357 0.001264
0.017462 0.000909
0.01805 0.001681
0.016717 0.001804
0.02071 0.001002
0.017423 0.001371
0.018987 0.001461
0.018805 0.001606
0.016633 0.001093
0.017715 0.001139
0.020913 0.002494
0.017408 0.001127
0.017989 0.001416
0.019995 0.000775
0.024779 0.001749
0.025069 0.001028
0.018963 0.00098
0.024048 0.001426
0.017499 0.000804
0.01886 0.000971
0.017444 0.000567
0.019211 0.001049
0.018235 0.001447
0.017194 0.000852
0.021367 0.001546
0.018116 0.002152
0.017662 0.001545
0.016973 0.0011
0.018159 0.001918
0.018802 0.000949
0.017463 0.001502
0.017893 0.000793
0.0189 0.001023
0.018855 0.001239
0.022023 0.001047
0.016899 0.001653
0.017556 0.000979
0.018828 0.000701
0.019632 0.00143
0.017337 0.001152
0.018852 0.001879
0.018204 0.00119
0.020579 0.001615
0.019592 0.002029
0.017428 0.000958
0.01751 0.001114
0.018169 0.000675
0.017401 0.000887
0.018763 0.001054
0.019651 0.0012
0.018941 0.002042
0.017773 0.001034
0.016662 0.001813
0.018911 0.001138
0.017381 0.001705
0.017694 0.001878
0.01739 0.001086
0.016712 0.00123
0.017447 0.001529
0.016983 0.001886
0.017021 0.001301
0.017893 0.001162
0.016082 0.001702
0.016846 0.000948
0.01758 0.000486
0.018073 0.00189
0.017306 0.002083
0.01742 0.001441
0.017606 0.001719
0.017377 0.000818
0.017373 0.001007
0.017499 0.000487
0.018682 0.001121
0.019569 0.002089
0.017439 0.001595
0.016717 0.001562
0.018686 0.001099
0.019003 0.001671
0.019244 0.000968
0.017483 0.000528
0.017382 0.001803
0.017366 0.00103
0.017539 0.001047
0.018938 0.000946
0.017963 0.000692
0.018501 0.001593
0.017381 0.00064
0.017627 0.000838
0.016172 0.000464
0.018075 0.000838
0.021909 0.000748
0.018956 0.000789
0.017347 0.001933
0.019158 0.001534
0.018801 0.000556
0.018734 0.000655
0.017321 0.000722
0.019445 0.001255
0.017343 0.0018
0.017422 0.00123
0.017713 0.000551
0.019681 0.001545
0.017816 0.002012
0.018709 0.000728
0.016794 0.000897
0.016729 0.001554
0.019644 0.001108
0.017421 0.000693
0.016645 0.000941
0.017072 0.000988
0.017445 0.001353
0.016691 0.000907
0.017466 0.000625
0.024623 0.00081
0.018684 0.000839
0.017794 0.001358
0.017325 0.000812
0.019514 0.00188
0.017385 0.001927
0.018728 0.001122
0.017373 0.00141
0.018054 0.001088
0.017417 0.001533
0.01785 0.001855
0.017329 0.001332
0.019748 0.000864
0.017543 0.001582
0.017331 0.002014
0.017305 0.000588
0.016861 0.000956
0.015699 0.00199
0.017378 0.000821
0.017386 0.001037
0.017315 0.001315
0.017515 0.001155
0.01735 0.001619
0.016659 0.000909
0.020215 0.001378
0.01839 0.001767
0.016682 0.000817
0.017838 0.000986
0.01853 0.00047
0.017701 0.001465
0.017899 0.000919
0.017325 0.001697
0.017308 0.001937
0.016813 0.001327
0.020436 0.000807
0.017317 0.001149
0.017392 0.002045
0.017396 0.001136
0.018665 0.000969
0.017414 0.000979
0.017432 0.000767
0.017325 0.000738
0.016621 0.000731
0.016624 0.001289
0.017466 0.000622
0.017528 0.000705
0.017759 0.002054
0.017329 0.001049
0.018714 0.00089
0.01759 0.000553
0.017402 0.000754
0.017329 0.001897
0.021193 0.001242
0.016672 0.001432
0.017673 0.001579
0.016649 0.000465
0.020876 0.001686
0.018682 0.001861
0.017861 0.000577
0.017174 0.002041
0.019152 0.001741
0.017377 0.002015
0.017336 0.001919
0.016583 0.000859
0.019809 0.00073
0.017356 0.002149
0.017393 0.000881
0.017298 0.000671
0.017743 0.002044
0.017399 0.001406
0.017555 0.000787
0.017894 0.001979
0.016731 0.001317
0.019485 0.001689
0.017411 0.001345
0.016718 0.001071
0.018745 0.001308
0.018973 0.002067
0.017545 0.001783
0.017569 0.000662
0.020003 0.000611
0.01839 0.001601
0.017529 0.000847
0.017515 0.000974
0.017876 0.002033
0.018702 0.0009
0.017724 0.001053
0.017427 0.000805
0.018763 0.000764
0.018695 0.001982
0.015587 0.001563
0.017323 0.001037
0.01887 0.001517
0.018722 0.00052
0.018633 0.001081
0.017161 0.001447
0.016831 0.001044
0.018765 0.001963
0.017929 0.001241
0.017393 0.001858
0.017397 0.00054
0.017375 0.001033
0.01789 0.0011
0.017622 0.000779
0.017748 0.001771
0.016721 0.000746
0.017482 0.001094
0.018876 0.001081
0.017583 0.001457
0.016689 0.000674
0.018725 0.000956
0.016026 0.001084
0.018314 0.000546
0.019094 0.00105
0.017805 0.000759
0.017367 0.000962
0.018248 0.001128
0.018822 0.001796
0.017893 0.000868
0.016673 0.001473
0.017383 0.001033
0.01805 0.001055
0.018783 0.000962
0.016881 0.000774
0.01809 0.000555
0.018732 0.000813
0.018705 0.001108
0.017203 0.001938
0.017855 0.000757
0.017901 0.001254
0.017386 0.000986
0.017333 0.001472
0.019807 0.001045
0.016683 0.00224
0.017381 0.000582
0.017349 0.000643
0.018923 0.001438
0.018726 0.000691
0.017457 0.001145
0.017409 0.000834
0.017959 0.001138
0.016732 0.000975
0.018775 0.002046
0.017751 0.000948
0.018257 0.000889
0.017453 0.000964
0.017381 0.001394
0.017702 0.001361
0.017666 0.000899
0.017818 0.000878
0.017427 0.002052
0.016794 0.000607
0.018845 0.001045
0.017429 0.001113
0.016736 0.001885
0.018942 0.001123
0.019455 0.001174
0.017754 0.001789
0.017564 0.001435
0.017865 0.001467
0.016665 0.001078
0.017801 0.000863
0.017441 0.001614
0.016558 0.001403
0.018738 0.000621
0.017447 0.001361
0.017781 0.001117
0.017293 0.001282
0.017403 0.001812
0.016601 0.001435
0.017622 0.001048
0.017425 0.001082
0.017776 0.002057
0.017767 0.001089
0.018697 0.001731
0.017303 0.00175
0.017432 0.000674
0.020787 0.001292
0.018212 0.000732
0.016739 0.001762
0.017606 0.000607
0.016791 0.001438
0.018038 0.001933
0.018017 0.000796
0.01738 0.001424
0.018984 0.002095
0.018025 0.001045
0.018768 0.000676
0.01785 0.001013
0.018946 0.001038
0.015933 0.000401
0.017685 0.001577
0.021384 0.001028
0.017803 0.001131
0.017746 0.001066
0.016535 0.001911
0.018806 0.001285
0.017528 0.001645
0.018855 0.000962
0.017926 0.00144
0.018171 0.001215
0.017592 0.002031
0.017634 0.001153
0.017604 0.00152
0.018777 0.00206
0.017429 0.001312
0.017364 0.000641
0.017381 0.000311
0.0203 0.001649
0.018808 0.001118
0.018045 0.001328
0.017666 0.00078
0.017866 0.00112
0.017823 0.001191
0.017349 0.000638
0.01733 0.000764
0.017447 0.000742
0.017041 0.00061
0.016672 0.001762
0.016662 0.001189
0.020092 0.001033
0.018133 0.001638
0.018816 0.001055
0.017401 0.0015
0.020667 0.000465
0.017358 0.001728
0.016724 0.000982
0.017595 0.001358
0.020544 0.001533
0.018018 0.000713
0.017302 0.001907
0.017741 0.000985
0.019902 0.001354
0.018083 0.000743
0.017418 0.001438
0.017329 0.001006
0.019884 0.000654
0.016776 0.000886
0.017424 0.000731
0.017502 0.000655
0.020407 0.00046
0.017536 0.001612
0.018675 0.001048
0.016808 0.001311
0.017717 0.001502
0.017919 0.000833
0.017808 0.001105
0.017309 0.00135
0.020723 0.001001
0.019015 0.000977
0.017335 0.001695
0.017316 0.00135
0.017826 0.001196
0.01676 0.000561
0.016697 0.001577
0.016682 0.000776
0.017355 0.001327
0.018763 0.000974
0.016938 0.001099
0.017765 0.000912
0.01881 0.00067
0.017422 0.000743
0.0198 0.000956
0.017891 0.001307
0.018708 0.00179
0.017368 0.001215
0.017885 0.001158
0.016557 0.000962
0.021303 0.001106
0.017382 0.000708
0.019008 0.00196
0.017849 0.00123
0.022086 0.000618
0.017313 0.001999
0.017353 0.000984
0.017686 0.00189
0.018362 0.00139
0.0187 0.00053
0.018949 0.001358
0.017452 0.001032
0.020555 0.000944
0.017368 0.001795
0.017351 0.000827
0.017287 0.000637
0.026332 0.000802
0.0182 0.001056
0.017813 0.001049
0.017365 0.001543
0.017897 0.000864
0.015728 0.000721
0.017455 0.001091
0.016702 0.001324
0.020128 0.001001
0.017316 0.001847
0.018689 0.001333
0.01744 0.00176
0.018792 0.001053
0.018709 0.000893
0.016633 0.002024
0.017304 0.000994
0.019416 0.000752
0.017422 0.001011
0.017377 0.001295
0.017336 0.001979
0.017379 0.001485
0.01759 0.001637
0.017398 0.000606
0.017429 0.000933
0.017359 0.000963
0.018712 0.00175
0.016689 0.000948
0.016649 0.000558
0.018771 0.001067
0.017563 0.000924
0.016706 0.001646
0.01732 0.001082
0.022696 0.001586
0.018875 0.000742
0.016665 0.001208
0.017316 0.001425
0.017354 0.000501
0.016958 0.001273
0.017607 0.000759
0.017341 0.001114
0.017357 0.001118
0.017345 0.000599
0.016625 0.001175
0.017392 0.000654
0.017472 0.001473
0.018392 0.000525
0.017534 0.002037
0.018832 0.000899
0.017441 0.000556
0.017484 0.000742
0.024275 0.002605
0.024925 0.002326
0.017944 0.001602
0.017903 0.001672
0.017274 0.000884
0.018833 0.001895
0.015474 0.000353
0.01574 0.00111
0.017378 0.001153
0.01874 0.000481
0.019533 0.000742
0.019526 0.001088
0.017999 0.001001
0.018724 0.00112
0.018737 0.000646
0.01818 0.001066
0.017431 0.001034
0.017927 0.000745
0.017815 0.001051
0.01729 0.001094
0.018783 0.00086
0.017757 0.001908
0.017002 0.001894
0.017771 0.001495
0.018692 0.000378
0.017329 0.000745
0.017091 0.000547
0.016702 0.000691
0.017465 0.001901
0.020154 0.001328
0.017396 0.000435
0.017609 0.00143
0.017597 0.00168
0.018793 0.001927
0.017025 0.001095
0.017545 0.001497
0.017372 0.00217
0.016828 0.002198
0.019384 0.000699
0.017403 0.002053
0.018786 0.001357
0.017681 0.001197
0.018277 0.001145
0.018289 0.001632
0.019068 0.0008
0.019377 0.00077
0.01748 0.000857
0.017437 0.000949
0.018152 0.001598
0.02007 0.001167
0.017416 0.000493
0.016877 0.001141
0.020761 0.000708
0.017386 0.001649
0.017504 0.001866
0.017445 0.002098
0.018742 0.001255
0.017253 0.000918
0.016722 0.00092
0.018914 0.001187
0.017421 0.00108
0.017589 0.001593
0.016676 0.001347
0.016715 0.00123
0.018022 0.001019
0.019573 0.001562
0.017514 0.001179
0.017405 0.001463
0.016759 0.001358
0.017569 0.001025
0.01748 0.000962
0.017397 0.000561
0.018758 0.000825
0.017163 0.001298
0.017443 0.000945
0.017932 0.000675
0.017407 0.001412
0.018663 0.000784
0.018859 0.000694
0.0175 0.000778
0.017716 0.000785
0.016769 0.000521
0.017285 0.000956
0.017419 0.001827
0.016296 0.000738
0.020264 0.001135
0.018789 0.00206
0.018841 0.00103
0.019054 0.001145
0.017879 0.00207
0.017469 0.001049
0.017534 0.000859
0.017702 0.001407
0.017701 0.001528
0.017633 0.000853
0.01736 0.001032
0.017438 0.000955
0.020503 0.001161
0.017412 0.001115
0.016651 0.00063
0.017532 0.000682
0.020302 0.000863
0.01783 0.001147
0.017394 0.000883
0.017838 0.000883
0.019539 0.001031
0.01761 0.001285
0.01888 0.000675
0.016789 0.001061
0.017946 0.00067
0.017844 0.001584
0.016696 0.00193
0.016709 0.000709
0.017392 0.001562
0.01735 0.001122
0.017339 0.000938
0.018827 0.001311
0.016672 0.001062
0.017425 0.001425
0.017495 0.00113
0.017373 0.001095
