0.003615 2e-06

0.00383 3e-06

0.003604 2e-06

0.003719 3e-06

0.003744 2e-06

0.003617 2e-06

0.003589 2e-06

0.003599 3e-06

0.003615 2e-06

0.003849 3e-06

0.003631 3e-06

0.003876 4e-06

0.004776 1.1e-05

0.00484 4e-06

0.003808 4e-06

0.003869 4e-06

0.003835 3e-06

0.003757 4e-06

0.003615 4e-06

0.003656 2e-06

0.003662 2e-06

0.003609 2e-06

0.003616 3e-06

0.003759 3e-06

0.003605 4e-06

0.003797 3e-06

0.00363 2e-06

0.003621 4e-06

0.003758 3e-06

0.003634 3e-06

0.003602 4e-06

0.003644 3e-06

0.003597 4e-06

0.004542 7e-06

0.004845 5e-06

0.005241 5e-06

0.005093 5e-06

0.004578 4e-06

0.003824 5e-06

0.003624 3e-06

0.003599 3e-06

0.00385 2e-06

0.003762 3e-06

0.003836 3e-06

0.003689 3e-06

0.00361 2e-06

0.003601 3e-06

0.003568 3e-06

0.003594 2e-06

0.003702 2e-06

0.003611 3e-06

0.003601 3e-06

0.003762 2e-06

0.003616 1e-06

0.003713 1e-06

0.003583 1e-06

0.003734 2e-06

0.003875 2e-06

0.00363 3e-06

0.003615 4e-06

0.003657 3e-06

0.003624 2e-06

0.003714 3e-06

0.003565 2e-06

0.003754 2e-06

0.003615 2e-06

0.003628 4e-06

0.003571 1e-06

0.003687 3e-06

0.003841 2e-06

0.003668 3e-06

0.003543 2e-06

0.003533 2e-06

0.003648 3e-06

0.003544 3e-06

0.003528 2e-06

0.003523 2e-06

0.003627 2e-06

0.003529 2e-06

0.003504 1e-06

0.00365 2e-06

0.003617 2e-06

0.003603 2e-06

0.003502 2e-06

0.00352 2e-06

0.003753 2e-06

0.003605 3e-06

0.003529 2e-06

0.003524 3e-06

0.003907 3e-06

0.00356 3e-06

0.003847 2e-06

0.003705 1e-06

0.003577 2e-06

0.003532 1e-06

0.003502 2e-06

0.003702 3e-06

0.003644 2e-06

0.004023 2e-06

0.003535 2e-06

0.003682 1e-06

0.003597 1e-06

0.003574 3e-06

0.0035 2e-06

0.003742 1e-06

0.003608 2e-06

0.003508 4e-06

0.003696 3e-06

0.003675 1e-06

0.003587 2e-06

0.003532 2e-06

0.003509 1e-06

0.003713 1e-06

0.003752 1e-06

0.003654 1e-06

0.003649 2e-06

0.003698 2e-06

0.004032 2e-06

0.003557 3e-06

0.003531 2e-06

0.003678 2e-06

0.003733 2e-06

0.003673 2e-06

0.00365 2e-06

0.003705 2e-06

0.003722 1e-06

0.003535 2e-06

0.003569 1e-06

0.003531 2e-06

0.003585 2e-06

0.003595 2e-06

0.003573 3e-06

0.003682 3e-06

0.003683 2e-06

0.003506 3e-06

0.003662 2e-06

0.003553 3e-06

0.003761 2e-06

0.003504 2e-06

0.003502 2e-06

0.003723 2e-06

0.0037 2e-06

0.003522 1e-06

0.003642 3e-06

0.00357 2e-06

0.003733 2e-06

0.003558 2e-06

0.003509 3e-06

0.003676 2e-06

0.003708 2e-06

0.003534 1e-06

0.003653 1e-06

0.00353 2e-06

0.003595 2e-06

0.003498 2e-06

0.003507 2e-06

0.003547 2e-06

0.003683 2e-06

0.003531 2e-06

0.003508 2e-06

0.003573 1e-06

0.003497 2e-06

0.003681 2e-06

0.003502 3e-06

0.003506 2e-06

0.003498 2e-06

0.003577 2e-06

0.003637 1e-06

0.003724 1e-06

0.003754 2e-06

0.003707 2e-06

0.00385 2e-06

0.00364 3e-06

0.003591 1e-06

0.003618 4e-06

0.003698 2e-06

0.00381 1e-06

0.003806 2e-06

0.004006 2e-06

0.003527 2e-06

0.00353 2e-06

0.003734 1e-06

0.003955 2e-06

0.003507 2e-06

0.003729 1e-06

0.003581 3e-06

0.003554 2e-06

0.003496 1e-06

0.003674 3e-06

0.003631 2e-06

0.003527 3e-06

0.003683 1e-06

0.003525 2e-06

0.003549 2e-06

0.003557 2e-06

0.003502 1e-06

0.003733 2e-06

0.003583 3e-06

0.003679 1e-06

0.003555 2e-06

0.003678 2e-06

0.003506 2e-06

0.003509 2e-06

0.00369 2e-06

0.003528 2e-06

0.003765 3e-06

0.003637 3e-06

0.003693 2e-06

0.003737 2e-06

0.003779 2e-06

0.0036 2e-06

0.003593 3e-06

0.003773 3e-06

0.003686 2e-06

0.003561 2e-06

0.0036 2e-06

0.004004 2e-06

0.003784 2e-06

0.003695 3e-06

0.003615 3e-06

0.00379 2e-06

0.003745 2e-06

0.003633 3e-06

0.003779 2e-06

0.003766 3e-06

0.003596 1e-06

0.003584 2e-06

0.003774 1e-06

0.004041 3e-06

0.003597 3e-06

0.003598 2e-06

0.003577 2e-06

0.003825 1e-06

0.00353 3e-06

0.003658 3e-06

0.003587 1e-06

0.003709 2e-06

0.003813 1e-06

0.003573 1e-06

0.003701 3e-06

0.00356 1e-06

0.003527 3e-06

0.003677 2e-06

0.003546 1e-06

0.003524 1e-06

0.003499 3e-06

0.003548 1e-06

0.003559 2e-06

0.003499 1e-06

0.003531 2e-06

0.003603 2e-06

0.00354 2e-06

0.00365 3e-06

0.003536 3e-06

0.003541 3e-06

0.00365 2e-06

0.003497 1e-06

0.003534 2e-06

0.003489 2e-06

0.003543 2e-06

0.003538 2e-06

0.003499 2e-06

0.003527 3e-06

0.003548 1e-06

0.003591 2e-06

0.003646 3e-06

0.00364 2e-06

0.003704 2e-06

0.003682 2e-06

0.003582 2e-06

0.003494 1e-06

0.003515 2e-06

0.003503 2e-06

0.003532 3e-06

0.00349 2e-06

0.003804 1e-06

0.003719 2e-06

0.003714 2e-06

0.003488 2e-06

0.003664 1e-06

0.003655 1e-06

0.003522 1e-06

0.003951 2e-06

0.003513 2e-06

0.003498 2e-06

0.003496 1e-06

0.003686 2e-06

0.003487 2e-06

0.003542 2e-06

0.003564 2e-06

0.003653 2e-06

0.003576 3e-06

0.003521 2e-06

0.003538 1e-06

0.003687 3e-06

0.00356 2e-06

0.00356 3e-06

0.003712 2e-06

0.003502 2e-06

0.00353 2e-06

0.003505 2e-06

0.003677 2e-06

0.003498 2e-06

0.003501 2e-06

0.003558 2e-06

0.003548 2e-06

0.003695 2e-06

0.003499 2e-06

0.003522 2e-06

0.003558 2e-06

0.003538 2e-06

0.00365 2e-06

0.003663 2e-06

0.003565 2e-06

0.003659 2e-06

0.003561 1e-06

0.003668 1e-06

0.003634 2e-06

0.003625 3e-06

0.003534 1e-06

0.003528 2e-06

0.003718 2e-06

0.00354 2e-06

0.003555 2e-06

0.003657 1e-06

0.003588 2e-06

0.003654 2e-06

0.003658 2e-06

0.003654 2e-06

0.003567 2e-06

0.003714 2e-06

0.003533 3e-06

0.003493 2e-06

0.003584 2e-06

0.003721 1e-06

0.004041 2e-06

0.003564 1e-06

0.003583 1e-06

0.00369 1e-06

0.003698 3e-06

0.003534 2e-06

0.003708 1e-06

0.003546 2e-06

0.003516 2e-06

0.003708 2e-06

0.003719 1e-06

0.003623 3e-06

0.00353 2e-06

0.003544 2e-06

0.003527 3e-06

0.003699 2e-06

0.003662 1e-06

0.003526 2e-06

0.003547 1e-06

0.003833 3e-06

0.003561 2e-06

0.003842 3e-06

0.003754 2e-06

0.003545 1e-06

0.003649 1e-06

0.003696 3e-06

0.003589 2e-06

0.003535 2e-06

0.00353 2e-06

0.003586 2e-06

0.003562 3e-06

0.003726 2e-06

0.003541 2e-06

0.003563 2e-06

0.003537 2e-06

0.00357 2e-06

0.00374 3e-06

0.003526 2e-06

0.003688 2e-06

0.003542 1e-06

0.003551 2e-06

0.003794 2e-06

0.003565 3e-06

0.003726 1e-06

0.003639 2e-06

0.003531 2e-06

0.003526 2e-06

0.003838 2e-06

0.003757 3e-06

0.003763 2e-06

0.003572 1e-06

0.003771 2e-06

0.003546 1e-06

0.0035 2e-06

0.003771 2e-06

0.003557 1e-06

0.003496 2e-06

0.003524 1e-06

0.003828 1e-06

0.003695 2e-06

0.003576 1e-06

0.003585 2e-06

0.003618 2e-06

0.003578 1e-06

0.003784 2e-06

0.003679 1e-06

0.003587 1e-06

0.00355 1e-06

0.003646 2e-06

0.003593 2e-06

0.003706 2e-06

0.003632 2e-06

0.003534 2e-06

0.003498 2e-06

0.003744 2e-06

0.003602 2e-06

0.003603 2e-06

0.0035 3e-06

0.003564 2e-06

0.003671 1e-06

0.003596 3e-06

0.003588 2e-06

0.003747 2e-06

0.003558 2e-06

0.003548 2e-06

0.003617 2e-06

0.003648 3e-06

0.00368 2e-06

0.003705 3e-06

0.003685 3e-06

0.003898 2e-06

0.00359 1e-06

0.003687 2e-06

0.003554 2e-06

0.003741 2e-06

0.003542 2e-06

0.003667 2e-06

0.003483 2e-06

0.00359 2e-06

0.003555 2e-06

0.003584 2e-06

0.003527 3e-06

0.003728 4e-06

0.003594 3e-06

0.003611 3e-06

0.003686 2e-06

0.004067 3e-06

0.00352 2e-06

0.003674 1e-06

0.003655 2e-06

0.003594 1e-06

0.003653 3e-06

0.003607 3e-06

0.003616 2e-06

0.003566 2e-06

0.003767 3e-06

0.003606 2e-06

0.003603 2e-06

0.003594 2e-06

0.003566 2e-06

0.003641 3e-06

0.003687 2e-06

0.003599 2e-06

0.003553 2e-06

0.003574 3e-06

0.003654 3e-06

0.004003 2e-06

0.003815 2e-06

0.003595 3e-06

0.003751 2e-06

0.003675 1e-06

0.003714 2e-06

0.003856 2e-06

0.003838 2e-06

0.003754 2e-06

0.003634 1e-06

0.003585 2e-06

0.003723 1e-06

0.003583 3e-06

0.003624 2e-06

0.003593 2e-06

0.003521 2e-06

0.003575 2e-06

0.003491 2e-06

0.003534 2e-06

0.003602 2e-06

0.003545 2e-06

0.003733 3e-06

0.003543 2e-06

0.003515 2e-06

0.003516 2e-06

0.003673 2e-06

0.003976 1e-06

0.003654 2e-06

0.003687 2e-06

0.003521 2e-06

0.003717 2e-06

0.003497 2e-06

0.003603 2e-06

0.003696 1e-06

0.003758 2e-06

0.003578 3e-06

0.003513 1e-06

0.003552 3e-06

0.003555 1e-06

0.003648 1e-06

0.003515 2e-06

0.003502 1e-06

0.003652 1e-06

0.00372 2e-06

0.003545 2e-06

0.003673 2e-06

0.003537 1e-06

0.003695 2e-06

0.003583 2e-06

0.003666 2e-06

0.003652 1e-06

0.003566 2e-06

0.003683 2e-06

0.003663 1e-06

0.003685 2e-06

0.003706 2e-06

0.003572 2e-06

0.003504 1e-06

0.003641 2e-06

0.003499 3e-06

0.003956 1e-06

0.00353 2e-06

0.003501 1e-06

0.003675 2e-06

0.003659 3e-06

0.003524 2e-06

0.003647 2e-06

0.00365 2e-06

0.003702 2e-06

0.003494 2e-06

0.003677 2e-06

0.003498 2e-06

0.003968 2e-06

0.00349 2e-06

0.004045 2e-06

0.003533 3e-06

0.003702 2e-06

0.003703 1e-06

0.00365 2e-06

0.003498 2e-06

0.003509 2e-06

0.00368 2e-06

0.003646 1e-06

0.003671 1e-06

0.003506 1e-06

0.0035 3e-06

0.003528 2e-06

0.003572 2e-06

0.0037 3e-06

0.003632 2e-06

0.003502 2e-06

0.003594 3e-06

0.003588 2e-06

0.003762 3e-06

0.003599 2e-06

0.003533 2e-06

0.003618 3e-06

0.003521 2e-06

0.003597 1e-06

0.003679 2e-06

0.00375 3e-06

0.003632 3e-06

0.003561 2e-06

0.003681 2e-06

0.003505 2e-06

0.003605 3e-06

0.003718 2e-06

0.003711 2e-06

0.003627 2e-06

0.003573 2e-06

0.003749 2e-06

0.003876 2e-06

0.003646 2e-06

0.003835 2e-06

0.003618 2e-06

0.003582 2e-06

0.003584 2e-06

0.003627 1e-06

0.003572 2e-06

0.003734 3e-06

0.003606 2e-06

0.00357 2e-06

0.003753 3e-06

0.003571 3e-06

0.003745 2e-06

0.003775 3e-06

0.004018 2e-06

0.003579 2e-06

0.003557 3e-06

0.003675 1e-06

0.003558 1e-06

0.003579 2e-06

0.003678 3e-06

0.00375 2e-06

0.003704 1e-06

0.003544 2e-06

0.00367 2e-06

0.003703 1e-06

0.003576 2e-06

0.003601 2e-06

0.003557 3e-06

0.003611 2e-06

0.003669 2e-06

0.003552 2e-06

0.003527 2e-06

0.003542 2e-06

0.003577 2e-06

0.003658 2e-06

0.003594 4e-06

0.0039 1e-06

0.003618 4e-06

0.003646 3e-06

0.003503 1e-06

0.003599 4e-06

0.003564 2e-06

0.003628 2e-06

0.003501 2e-06

0.003525 2e-06

0.003719 2e-06

0.003558 2e-06

0.003754 2e-06

0.003528 2e-06

0.003571 2e-06

0.003774 2e-06

0.003545 1e-06

0.003563 2e-06

0.003522 3e-06

0.003701 2e-06

0.003519 1e-06

0.003503 2e-06

0.00352 1e-06

0.003589 2e-06

0.003496 2e-06

0.0035 2e-06

0.0036 1e-06

0.003588 2e-06

0.003572 3e-06

0.003527 1e-06

0.003752 2e-06

0.003669 1e-06

0.003585 2e-06

0.003568 1e-06

0.003807 2e-06

0.003757 2e-06

0.003613 3e-06

0.003737 2e-06

0.003641 2e-06

0.003903 2e-06

0.003744 4e-06

0.003735 2e-06

0.003592 3e-06

0.003591 3e-06

0.003795 2e-06

0.003552 2e-06

0.003783 2e-06

0.003721 2e-06

0.003568 2e-06

0.003564 3e-06

0.00354 2e-06

0.003605 3e-06

0.003559 1e-06

0.003549 3e-06

0.003746 1e-06

0.003761 1e-06

0.00358 2e-06

0.003571 2e-06

0.003719 2e-06

0.003594 3e-06

0.003557 2e-06

0.003578 2e-06

0.003577 3e-06

0.003836 3e-06

0.003599 2e-06

0.003622 2e-06

0.003583 1e-06

0.003712 2e-06

0.00353 3e-06

0.003525 2e-06

0.003509 2e-06

0.003588 5e-06

0.003594 3e-06

0.003583 3e-06

0.003569 2e-06

0.003532 3e-06

0.003765 3e-06

0.003507 2e-06

0.003543 3e-06

0.003554 3e-06

0.00362 2e-06

0.003718 1e-06

0.003652 2e-06

0.003554 1e-06

0.003695 2e-06

0.003736 3e-06

0.003688 2e-06

0.003731 2e-06

0.003611 2e-06

0.003596 1e-06

0.003509 2e-06

0.003703 2e-06

0.003734 1e-06

0.003774 3e-06

0.003548 2e-06

0.003506 2e-06

0.003986 1e-06

0.003548 2e-06

0.003505 2e-06

0.003709 1e-06

0.003672 2e-06

0.003537 2e-06

0.003526 1e-06

0.003497 1e-06

0.003718 2e-06

0.003566 2e-06

0.003696 2e-06

0.003493 1e-06

0.003514 2e-06

0.003504 1e-06

0.003531 1e-06

0.003654 2e-06

0.00358 2e-06

0.003499 2e-06

0.003562 2e-06

0.003596 2e-06

0.003695 1e-06

0.003643 3e-06

0.004041 3e-06

0.003599 3e-06

0.003715 3e-06

0.003742 4e-06

0.003628 2e-06

0.003638 3e-06

0.003818 4e-06

0.003812 4e-06

0.003808 3e-06

0.00397 4e-06

0.003766 2e-06

0.003739 2e-06

0.003613 3e-06

0.003505 2e-06

0.003629 2e-06

0.003641 1e-06

0.003757 1e-06

0.003543 2e-06

0.003591 2e-06

0.003501 2e-06

0.003785 2e-06

0.003689 2e-06

0.003533 2e-06

0.003955 2e-06

0.003674 2e-06

0.003527 2e-06

0.003642 3e-06

0.003686 2e-06

0.003707 2e-06

0.003827 2e-06

0.003667 2e-06

0.003496 2e-06

0.00353 2e-06

0.003532 1e-06

0.003712 2e-06

0.003531 2e-06

0.003565 1e-06

0.003788 3e-06

0.00374 3e-06

0.00377 2e-06

0.003602 3e-06

0.003599 4e-06

0.003614 3e-06

0.00356 3e-06

0.003721 2e-06

0.00383 2e-06

0.004113 3e-06

0.003573 2e-06

0.003604 2e-06

0.003693 3e-06

0.00359 2e-06

0.003567 2e-06

0.003589 2e-06

0.003557 2e-06

0.00353 2e-06

0.003708 1e-06

0.003719 2e-06

0.003566 2e-06

0.003662 1e-06

0.003707 2e-06

0.003561 2e-06

0.003498 2e-06

0.003508 1e-06

0.003495 2e-06

0.003571 2e-06

0.00357 2e-06

0.003638 2e-06

0.003505 1e-06

0.003543 2e-06

0.003635 1e-06

0.003496 2e-06

0.003654 2e-06

0.003609 2e-06

0.003527 2e-06

0.00372 2e-06

0.003594 1e-06

0.003631 3e-06

0.003813 2e-06

0.003719 2e-06

0.003562 2e-06

0.003761 2e-06

0.00356 2e-06

0.003588 1e-06

0.003555 2e-06

0.003568 2e-06

0.003803 4e-06

0.003534 2e-06

0.003771 2e-06

0.003727 2e-06

0.00355 2e-06

0.003562 1e-06

0.003592 2e-06

0.003812 2e-06

0.003582 2e-06

0.003884 2e-06

0.003593 2e-06

0.0036 2e-06

0.003894 2e-06

0.00373 2e-06

0.003826 2e-06

0.003615 2e-06

0.003662 2e-06

0.003687 2e-06

0.003527 2e-06

0.003661 1e-06

0.00373 2e-06

0.003489 1e-06

0.003507 2e-06

0.003682 2e-06

0.003665 2e-06

0.003674 2e-06

0.003675 2e-06

0.003659 2e-06

0.003566 3e-06

0.003494 3e-06

0.003492 2e-06

0.003496 2e-06

0.003684 2e-06

0.003599 1e-06

0.003526 2e-06

0.003505 1e-06

0.003571 2e-06

0.003528 2e-06

0.003644 2e-06

0.003646 2e-06

0.003546 4e-06

0.003582 3e-06

0.003737 1e-06

0.003536 2e-06

0.003579 2e-06

0.0035 2e-06

0.003556 3e-06

0.003508 2e-06

0.00351 2e-06

0.003496 2e-06

0.003697 1e-06

0.003502 2e-06

0.003577 2e-06

0.00366 1e-06

0.00355 1e-06

0.003566 2e-06

0.00354 2e-06

0.003499 2e-06

0.003685 2e-06

0.003571 2e-06

0.003752 2e-06

0.003673 2e-06

0.003685 2e-06

0.003518 1e-06

0.0037 2e-06

0.003536 1e-06

0.003675 2e-06

0.003688 2e-06

0.003591 1e-06

0.003646 2e-06

0.00349 2e-06

0.003683 1e-06

0.003588 2e-06

0.003522 2e-06

0.003556 2e-06

0.003748 2e-06

0.003543 3e-06

0.003703 1e-06

0.003493 2e-06

0.0036 4e-06

0.003616 2e-06

0.003731 3e-06

0.003668 2e-06

0.003738 3e-06

0.003534 1e-06

0.003645 2e-06

0.003524 2e-06

0.003586 2e-06

0.003668 2e-06

0.003538 2e-06

0.00399 3e-06

0.003557 1e-06

0.003773 2e-06

0.003509 1e-06

0.003685 2e-06

0.003586 2e-06

0.003535 2e-06

0.003649 2e-06

0.003527 2e-06

0.003638 2e-06

0.003687 1e-06

0.003507 2e-06

0.003546 2e-06

0.003774 2e-06

0.00349 2e-06

0.003538 2e-06

0.003648 2e-06

0.003693 1e-06

0.003531 2e-06

0.003516 2e-06

0.003529 2e-06

0.003567 2e-06

0.003722 2e-06

0.003686 2e-06

0.003679 2e-06

0.003685 2e-06

0.003706 2e-06

0.003558 2e-06

0.003499 2e-06

0.00358 2e-06

0.003709 2e-06

0.003867 2e-06

0.003527 3e-06

0.003534 2e-06

0.003503 2e-06

0.003673 2e-06

0.003528 2e-06

0.003721 1e-06

0.003661 1e-06

0.003506 2e-06

0.003554 2e-06

0.003522 2e-06

0.003682 1e-06

0.003647 2e-06

0.003657 2e-06

0.003581 2e-06

0.003532 1e-06

0.003657 1e-06

0.003651 3e-06

0.003717 1e-06

0.00356 2e-06

0.003669 2e-06

0.003493 2e-06

0.003581 3e-06

0.003546 1e-06

0.003504 2e-06

0.003523 2e-06

0.00355 2e-06

0.003589 2e-06

0.003701 2e-06

0.003563 2e-06

0.003595 2e-06

0.003542 3e-06

0.003507 2e-06

0.003588 2e-06

0.003667 2e-06

0.003731 2e-06

0.003655 1e-06

0.00352 2e-06

0.003651 3e-06

0.00354 1e-06

0.003522 2e-06

0.003528 1e-06

0.00367 2e-06

0.003518 1e-06

0.003521 1e-06

0.003679 2e-06

0.003664 2e-06

0.003641 1e-06

0.003645 1e-06

0.003703 2e-06

0.003505 1e-06

0.003503 1e-06

0.003755 2e-06

0.003534 2e-06

0.003523 1e-06

0.003651 1e-06

0.00366 2e-06

0.003541 3e-06

0.0035 2e-06

0.003511 2e-06

0.003528 2e-06

0.003659 2e-06

0.00356 1e-06

0.003964 2e-06

0.003525 2e-06

0.003509 1e-06

0.00357 3e-06

