0.001167 2e-06

0.001045 2e-06

0.001045 2e-06

0.001039 0

0.001036 1e-06

0.001339 1e-06

0.001036 1e-06

0.001037 0

0.001046 1e-06

0.001035 1e-06

0.001041 1e-06

0.001045 0

0.001042 1e-06

0.001246 2e-06

0.001034 1e-06

0.001089 1e-06

0.001039 1e-06

0.001048 0

0.001207 1e-06

0.001177 1e-06

0.001097 1.5e-05

0.001068 1e-06

0.001034 0

0.001043 0

0.001011 1e-06

0.001042 1e-06

0.001074 1e-06

0.001229 1e-06

0.001039 1e-06

0.00109 0

0.00105 1e-06

0.001035 1e-06

0.001035 1e-06

0.001037 1e-06

0.001053 1e-06

0.001093 1e-06

0.00105 1e-06

0.001041 1e-06

0.001015 1e-06

0.001015 1e-06

0.001046 1e-06

0.00101 0

0.001024 1e-06

0.00106 0

0.001038 1e-06

0.001012 1e-06

0.001044 0

0.001087 0

0.001097 1e-06

0.001016 0

0.001043 0

0.001061 0

0.00105 0

0.001088 1e-06

0.001013 0

0.001043 1e-06

0.001119 1e-06

0.001188 1e-06

0.001035 1e-06

0.001038 1e-06

0.001097 1e-06

0.001082 1e-06

0.001013 0

0.001017 0

0.001017 1e-06

0.001088 1e-06

0.001024 1e-06

0.001074 1e-06

0.001013 1e-06

0.001012 1e-06

0.001031 0

0.001078 0

0.00106 2e-06

0.00124 1e-06

0.001098 1e-06

0.001091 2e-06

0.001118 1e-06

0.001155 2e-06

0.001374 1e-06

0.001454 2e-06

0.001358 3e-06

0.001253 2e-06

0.001048 3e-06

0.001141 2e-06

0.001327 2e-06

0.001429 4e-06

0.00135 3e-06

0.001269 3e-06

0.001276 2e-06

0.001327 1e-06

0.001064 1e-06

0.001054 2e-06

0.00124 2e-06

0.001355 2e-06

0.001157 2e-06

0.001246 2e-06

0.001168 2e-06

0.001315 1e-06

0.001157 2e-06

0.001063 3e-06

0.001063 2e-06

0.001054 1e-06

0.001049 1e-06

0.001043 1e-06

0.001097 1e-06

0.001107 3e-06

0.001057 2e-06

0.001056 3e-06

0.001305 1e-06

0.001312 1e-06

0.001074 1e-06

0.001144 2e-06

0.00111 3e-06

0.001336 1e-06

0.00143 2e-06

0.001446 2e-06

0.001415 3e-06

0.001407 1e-06

0.001441 2e-06

0.001423 2e-06

0.001416 1e-06

0.001373 2e-06

0.001124 1e-06

0.00105 2e-06

0.00105 1e-06

0.001069 1e-06

0.001048 1e-06

0.001049 1e-06

0.001039 1e-06

0.001058 2e-06

0.001087 1e-06

0.001051 1e-06

0.0011 1e-06

0.001095 1e-06

0.0011 1e-06

0.001067 2e-06

0.001095 1e-06

0.00106 2e-06

0.001037 1e-06

0.00104 1e-06

0.00104 1e-06

0.001399 1e-06

0.001377 1e-06

0.001044 3e-06

0.001358 3e-06

0.001487 3e-06

0.001459 3e-06

0.001341 3e-06

0.001406 2e-06

0.001157 1e-06

0.001127 1e-06

0.001133 1e-06

0.001155 1e-06

0.00115 1e-06

0.001034 1e-06

0.001434 2e-06

0.001384 3e-06

0.001401 3e-06

0.001384 3e-06

0.001493 2e-06

0.00143 2e-06

0.001417 3e-06

0.001414 2e-06

0.001369 2e-06

0.001121 1e-06

0.001115 1e-06

0.001114 2e-06

0.001153 1e-06

0.001076 2e-06

0.001079 1e-06

0.001053 1e-06

0.001096 1e-06

0.001092 1e-06

0.001043 1e-06

0.001035 1e-06

0.001059 1e-06

0.001035 1e-06

0.001082 1e-06

0.00104 1e-06

0.001198 1e-06

0.001052 1e-06

0.001025 1e-06

0.001065 1e-06

0.001014 0

0.001058 1e-06

0.001054 1e-06

0.001097 1e-06

0.001104 1e-06

0.001065 1e-06

0.001111 1e-06

0.001015 1e-06

0.001045 1e-06

0.001052 1e-06

0.001043 1e-06

0.001021 1e-06

0.0011 1e-06

0.001046 0

0.001046 0

0.001097 1e-06

0.001072 0

0.001014 0

0.00102 0

0.001014 1e-06

0.001014 1e-06

0.001026 0

0.001018 0

0.001058 1e-06

0.00103 1e-06

0.001039 0

0.001088 0

0.001041 2e-06

0.001076 0

0.001137 0

0.001096 0

0.001138 1e-06

0.001015 1e-06

0.00104 1e-06

0.001012 0

0.001014 1e-06

0.001044 1e-06

0.001009 0

0.001046 1e-06

0.001051 0

0.001045 1e-06

0.001069 0

0.001055 1e-06

0.001037 1e-06

0.001118 1e-06

0.001044 1e-06

0.001077 1e-06

0.001012 1e-06

0.00107 1e-06

0.00101 0

0.001016 2e-06

0.001413 1e-06

0.001226 1e-06

0.001104 2e-06

0.001169 1e-06

0.001045 1e-06

0.001081 2e-06

0.001066 2e-06

0.001044 1e-06

0.001108 1e-06

0.00104 1e-06

0.001037 1e-06

0.001035 1e-06

0.001017 0

0.001039 1e-06

0.001041 1e-06

0.00104 1e-06

0.001018 1e-06

0.001071 1e-06

0.0011 0

0.001055 0

0.00108 0

0.001016 1e-06

0.001064 1e-06

0.00105 1e-06

0.00104 1e-06

0.001102 1e-06

0.001052 1e-06

0.00104 1e-06

0.001222 2e-06

0.001121 1e-06

0.001034 1e-06

0.001043 2e-06

0.00104 0

0.001087 1e-06

0.001046 1e-06

0.001058 1e-06

0.001042 1e-06

0.00103 0

0.001016 1e-06

0.001049 1e-06

0.001095 1e-06

0.001043 1e-06

0.001153 2e-06

0.00104 0

0.001092 1e-06

0.001044 1e-06

0.001047 1e-06

0.001056 1e-06

0.001045 1e-06

0.001018 1e-06

0.001064 1e-06

0.001021 1e-06

0.001014 1e-06

0.001151 1e-06

0.001119 1e-06

0.001088 1e-06

0.001059 1e-06

0.001012 1e-06

0.001015 1e-06

0.001046 0

0.001018 0

0.001128 1e-06

0.001079 1e-06

0.001018 0

0.001012 1e-06

0.001063 1e-06

0.00101 1e-06

0.001014 1e-06

0.001062 1e-06

0.001078 1e-06

0.001058 0

0.001034 1e-06

0.001012 1e-06

0.00106 1e-06

0.001015 1e-06

0.001066 0

0.001069 1e-06

0.001019 1e-06

0.001015 1e-06

0.001065 1e-06

0.001014 1e-06

0.001014 1e-06

0.001054 2e-06

0.001023 1e-06

0.001014 1e-06

0.001122 1e-06

0.001047 1e-06

0.001052 0

0.00105 0

0.001089 1e-06

0.001046 1e-06

0.001015 1e-06

0.001009 1e-06

0.001017 1e-06

0.001014 0

0.001047 0

0.001013 1e-06

0.001099 1e-06

0.001064 1e-06

0.001051 1e-06

0.001012 0

0.001019 1e-06

0.001039 1e-06

0.001017 0

0.001012 1e-06

0.001015 0

0.001013 0

0.001047 1e-06

0.001012 1e-06

0.001074 1e-06

0.001059 1e-06

0.001052 1e-06

0.001009 0

0.001017 1e-06

0.001104 1e-06

0.001016 1e-06

0.001013 1e-06

0.001014 0

0.001055 1e-06

0.00102 1e-06

0.001017 1e-06

0.001046 1e-06

0.001039 1e-06

0.00111 1e-06

0.001114 1e-06

0.001096 1e-06

0.001012 1e-06

0.001017 1e-06

0.001065 0

0.001015 1e-06

0.001028 1e-06

0.001017 1e-06

0.001019 0

0.001033 0

0.001052 1e-06

0.00109 1e-06

0.001084 0

0.001022 1e-06

0.001063 0

0.001033 1e-06

0.001085 1e-06

0.001021 2e-06

0.001027 1e-06

0.001173 1e-06

0.001011 1e-06

0.001099 0

0.001025 1e-06

0.001046 1e-06

0.001095 0

0.001017 1e-06

0.001015 1e-06

0.001019 1e-06

0.001011 1e-06

0.001019 1e-06

0.001012 1e-06

0.001043 1e-06

0.001208 1e-06

0.001086 0

0.001096 1e-06

0.001043 1e-06

0.001078 1e-06

0.00105 1e-06

0.00108 0

0.001052 1e-06

0.001013 1e-06

0.001019 1e-06

0.001092 0

0.001018 1e-06

0.001057 0

0.001013 1e-06

0.001053 1e-06

0.001064 1e-06

0.001042 0

0.001045 0

0.001016 0

0.001033 1e-06

0.001016 0

0.001043 1e-06

0.00111 1e-06

0.00102 1e-06

0.001016 1e-06

0.00105 1e-06

0.001015 1e-06

0.001057 1e-06

0.001054 1e-06

0.001063 1e-06

0.001016 1e-06

0.001054 1e-06

0.00101 1e-06

0.001021 1e-06

0.001012 0

0.001039 0

0.001017 1e-06

0.001018 1e-06

0.001041 1e-06

0.001018 0

0.001017 0

0.001049 1e-06

0.001015 0

0.001045 0

0.001032 1e-06

0.001046 0

0.001011 1e-06

0.001101 1e-06

0.001015 1e-06

0.001058 1e-06

0.001015 1e-06

0.001096 0

0.001017 0

0.001047 1e-06

0.001086 1e-06

0.001183 1e-06

0.001049 1e-06

0.001047 1e-06

0.00104 1e-06

0.001037 0

0.001047 1e-06

0.001037 0

0.001038 1e-06

0.001018 1e-06

0.001065 1e-06

0.001017 1e-06

0.001046 1e-06

0.001055 1e-06

0.00104 1e-06

0.001059 1e-06

0.001014 1e-06

0.001018 1e-06

0.001059 0

0.001044 1e-06

0.001015 1e-06

0.00102 0

0.001093 1e-06

0.001018 1e-06

0.001081 1e-06

0.00102 0

0.001041 0

0.001019 1e-06

0.00121 2e-06

0.00107 1e-06

0.00108 1e-06

0.001015 1e-06

0.001012 1e-06

0.001064 0

0.001018 1e-06

0.001026 1e-06

0.001043 1e-06

0.001014 1e-06

0.00101 1e-06

0.001018 1e-06

0.00104 1e-06

0.001077 1e-06

0.001104 1e-06

0.001016 1e-06

0.00101 1e-06

0.001043 1e-06

0.001063 1e-06

0.001017 1e-06

0.001091 1e-06

0.00109 1e-06

0.00101 1e-06

0.001122 1e-06

0.001019 1e-06

0.001019 1e-06

0.00101 1e-06

0.001043 1e-06

0.001013 1e-06

0.001012 1e-06

0.001012 1e-06

0.001064 1e-06

0.001025 0

0.001018 1e-06

0.001014 1e-06

0.001063 1e-06

0.00102 0

0.001018 0

0.001067 0

0.001254 1e-06

0.001056 1e-06

0.001079 1e-06

0.00101 1e-06

0.001017 1e-06

0.001019 1e-06

0.001049 2e-06

0.001041 0

0.001052 0

0.001048 1e-06

0.001019 1e-06

0.001071 1e-06

0.001015 1e-06

0.001038 1e-06

0.001048 1e-06

0.001016 0

0.001082 1e-06

0.001017 1e-06

0.001016 1e-06

0.001012 0

0.001053 1e-06

0.001042 1e-06

0.001052 1e-06

0.001065 1e-06

0.001066 1e-06

0.001027 1e-06

0.001044 1e-06

0.00101 1e-06

0.001014 1e-06

0.001012 1e-06

0.001013 0

0.001062 1e-06

0.001021 1e-06

0.001063 1e-06

0.001059 1e-06

0.001111 1e-06

0.001046 1e-06

0.001052 1e-06

0.001036 0

0.001009 1e-06

0.001013 1e-06

0.001016 0

0.001058 0

0.001029 1e-06

0.001085 0

0.001018 0

0.001021 1e-06

0.001017 0

0.001019 0

0.001052 1e-06

0.001027 1e-06

0.00103 1e-06

0.001017 1e-06

0.001012 1e-06

0.00106 0

0.001041 1e-06

0.001044 1e-06

0.001085 0

0.001018 1e-06

0.001012 1e-06

0.001017 1e-06

0.001012 1e-06

0.001017 0

0.001015 0

0.00102 0

0.00101 1e-06

0.001075 1e-06

0.001014 1e-06

0.001045 1e-06

0.00112 1e-06

0.001016 1e-06

0.001016 1e-06

0.001023 1e-06

0.001011 1e-06

0.001014 1e-06

0.001069 0

0.001014 1e-06

0.001011 1e-06

0.001056 1e-06

0.001071 1e-06

0.001048 1e-06

0.001012 1e-06

0.00109 0

0.001045 0

0.001018 0

0.001011 1e-06

0.00102 1e-06

0.001012 1e-06

0.001043 1e-06

0.001015 1e-06

0.001047 1e-06

0.001093 1e-06

0.001148 1e-06

0.00112 1e-06

0.001016 1e-06

0.001058 0

0.001017 0

0.001015 1e-06

0.001094 2e-06

0.001015 1e-06

0.001017 0

0.001042 1e-06

0.001061 0

0.001043 1e-06

0.001097 1e-06

0.001047 1e-06

0.001017 1e-06

0.001023 0

0.00109 1e-06

0.001013 1e-06

0.001064 0

0.001018 1e-06

0.001018 0

0.00102 1e-06

0.001016 1e-06

0.001044 1e-06

0.001034 1e-06

0.001067 1e-06

0.001018 1e-06

0.001041 0

0.001016 1e-06

0.001059 0

0.001012 0

0.001042 0

0.001016 0

0.001029 1e-06

0.001016 0

0.00104 1e-06

0.001019 0

0.001013 1e-06

0.001011 1e-06

0.001009 1e-06

0.001047 1e-06

0.001081 1e-06

0.001019 1e-06

0.001063 0

0.00102 0

0.001061 1e-06

0.001044 1e-06

0.001292 2e-06

0.001043 1e-06

0.001088 1e-06

0.001047 0

0.001053 0

0.001097 0

0.001011 0

0.001045 1e-06

0.001042 1e-06

0.001016 1e-06

0.001042 1e-06

0.001018 1e-06

0.00101 0

0.001028 1e-06

0.001015 1e-06

0.001049 0

0.001095 0

0.001048 0

0.001062 1e-06

0.001062 1e-06

0.001046 1e-06

0.00108 1e-06

0.001101 1e-06

0.001045 1e-06

0.001012 1e-06

0.001064 1e-06

0.001063 1e-06

0.001014 0

0.001078 1e-06

0.001051 1e-06

0.001039 1e-06

0.00108 1e-06

0.00103 1e-06

0.001062 1e-06

0.001045 0

0.001017 1e-06

0.001041 0

0.001016 0

0.001057 0

0.001074 1e-06

0.001076 1e-06

0.001051 1e-06

0.001046 1e-06

0.001016 0

0.00101 1e-06

0.001047 1e-06

0.001012 1e-06

0.001047 1e-06

0.001032 1e-06

0.001062 1e-06

0.00101 1e-06

0.001014 1e-06

0.001043 1e-06

0.001047 1e-06

0.001094 1e-06

0.001051 1e-06

0.001012 1e-06

0.001039 1e-06

0.001039 1e-06

0.001019 0

0.001015 1e-06

0.001023 1e-06

0.001087 1e-06

0.00103 1e-06

0.001119 0

0.001021 1e-06

0.001036 1e-06

0.001093 0

0.001016 1e-06

0.001018 1e-06

0.001011 1e-06

0.001071 1e-06

0.001026 1e-06

0.001089 1e-06

0.001015 1e-06

0.001019 0

0.00115 1e-06

0.001095 1e-06

0.001015 1e-06

0.001047 0

0.001039 1e-06

0.00108 1e-06

0.001191 2e-06

0.00105 1e-06

0.001039 0

0.001039 1e-06

0.001012 1e-06

0.001061 1e-06

0.001017 1e-06

0.001125 1e-06

0.001114 1e-06

0.001044 1e-06

0.001047 1e-06

0.001082 1e-06

0.001048 1e-06

0.00102 1e-06

0.001014 1e-06

0.001022 0

0.001013 0

0.001032 0

0.001125 1e-06

0.001061 1e-06

0.00103 1e-06

0.001021 1e-06

0.00101 1e-06

0.00102 0

0.001075 0

0.001021 0

0.001024 1e-06

0.00102 1e-06

0.001011 0

0.001064 1e-06

0.001015 1e-06

0.001081 1e-06

0.001013 1e-06

0.001071 0

0.001076 1e-06

0.001053 1e-06

0.001008 1e-06

0.001014 1e-06

0.001013 1e-06

0.001016 1e-06

0.001043 1e-06

0.00102 1e-06

0.00101 1e-06

0.001015 1e-06

0.001047 1e-06

0.001016 0

0.001041 0

0.001052 0

0.001116 0

0.001034 0

0.001012 1e-06

0.001012 1e-06

0.001041 1e-06

0.001089 1e-06

0.001012 2e-06

0.001031 1e-06

0.001056 1e-06

0.001046 1e-06

0.001117 1e-06

0.001048 1e-06

0.00101 1e-06

0.001017 0

0.001052 1e-06

0.001018 1e-06

0.001011 1e-06

0.001018 1e-06

0.001008 1e-06

0.001087 1e-06

0.001077 1e-06

0.001055 1e-06

0.001096 1e-06

0.001012 1e-06

0.001015 1e-06

0.001015 1e-06

0.001091 1e-06

0.001036 1e-06

0.001053 1e-06

0.001099 1e-06

0.001034 0

0.001042 2e-06

0.001039 1e-06

0.001044 1e-06

0.001042 0

0.001043 1e-06

0.001049 1e-06

0.001061 0

0.00104 0

0.001042 1e-06

0.001036 1e-06

0.001069 1e-06

0.00103 1e-06

0.001032 1e-06

0.001013 1e-06

0.001043 0

0.001096 1e-06

0.001048 1e-06

0.001089 0

0.001029 1e-06

0.001016 1e-06

0.001066 1e-06

0.001009 0

0.001021 1e-06

0.001014 1e-06

0.001045 1e-06

0.001013 1e-06

0.001018 1e-06

0.001015 1e-06

0.00102 1e-06

0.001027 0

0.001019 0

0.001009 1e-06

0.001015 1e-06

0.00104 1e-06

0.001069 1e-06

0.001012 1e-06

0.001023 0

0.001073 1e-06

0.001024 1e-06

0.001014 1e-06

0.001015 1e-06

0.001057 0

0.001043 1e-06

0.001068 1e-06

0.001016 1e-06

0.001013 1e-06

0.001018 1e-06

0.001011 1e-06

0.001021 1e-06

0.001016 1e-06

0.001099 1e-06

0.001046 0

0.001031 0

0.001064 1e-06

0.00102 1e-06

0.001051 1e-06

0.001059 1e-06

0.001044 1e-06

0.001046 2e-06

0.001043 1e-06

0.001097 1e-06

0.001011 1e-06

0.001089 0

0.001017 1e-06

0.001075 1e-06

0.001076 1e-06

0.001065 1e-06

0.001016 1e-06

0.001032 1e-06

0.001059 1e-06

0.001018 0

0.001067 1e-06

0.001015 1e-06

0.001041 1e-06

0.001018 1e-06

0.001057 1e-06

0.001042 1e-06

0.001055 1e-06

0.001018 0

0.001012 1e-06

0.001041 1e-06

0.001091 1e-06

0.001018 1e-06

0.001037 1e-06

0.001033 1e-06

0.001008 1e-06

0.001093 0

0.001068 0

0.001016 0

0.001065 0

0.001052 1e-06

0.001009 1e-06

0.001107 1e-06

0.001027 1e-06

0.00105 1e-06

0.00104 1e-06

0.001018 1e-06

0.001009 1e-06

0.001041 1e-06

0.001014 1e-06

0.001017 0

0.001059 1e-06

0.001016 1e-06

0.001087 0

0.001022 1e-06

0.001092 1e-06

0.001046 1e-06

0.001019 1e-06

0.001034 1e-06

0.001011 0

0.001053 0

0.001012 0

0.001017 1e-06

0.00106 1e-06

0.00102 1e-06

0.001014 1e-06

0.001055 0

0.001044 1e-06

0.001085 1e-06

0.001015 1e-06

0.00111 1e-06

0.001035 1e-06

0.001082 0

0.001042 1e-06

0.001092 1e-06

0.001028 1e-06

0.001016 1e-06

0.001086 1e-06

0.001146 1e-06

0.001047 1e-06

0.001043 1e-06

0.001061 1e-06

0.00102 1e-06

0.001012 1e-06

0.001031 1.5e-05

0.001012 1e-06

0.001021 1e-06

0.001012 1e-06

0.001016 1e-06

0.001044 1e-06

0.001071 1e-06

0.001013 1e-06

0.001015 1e-06

0.001019 0

0.001016 0

0.001015 1e-06

0.001102 0

0.001044 0

0.00112 1e-06

0.001045 1e-06

0.001043 0

0.001042 1e-06

0.001019 1e-06

0.001042 0

0.001069 1e-06

0.001054 0

0.001016 1e-06

0.001031 1e-06

0.001019 1e-06

0.001011 1e-06

0.001025 1e-06

0.001075 1e-06

0.001047 1e-06

0.001016 0

0.00102 1e-06

0.001016 1e-06

0.001048 1e-06

0.001058 1e-06

0.001015 1e-06

0.001062 1e-06

0.001018 0

0.001015 1e-06

0.00105 1e-06

0.001049 0

0.001056 1e-06

0.001099 0

0.001017 0

0.001009 1e-06

0.001018 0

0.001043 1e-06

0.001016 1e-06

0.001018 0

0.001016 1e-06

0.00104 1e-06

0.001044 1e-06

0.001042 1e-06

0.001048 1e-06

0.001024 1e-06

0.001017 1e-06

