0.001542 3e-06
0.001471 3e-06
0.001484 2e-06
0.001467 2e-06
0.0015 2e-06
0.001475 2e-06
0.001481 2e-06
0.001483 2e-06
0.0015 2e-06
0.001496 2e-06
0.00149 1e-06
0.001488 1e-06
0.001493 2e-06
0.00147 3e-06
0.001486 2e-06
0.00148 2e-06
0.001487 1e-06
0.001541 1e-06
0.001486 2e-06
0.001483 2e-06
0.001491 2e-06
0.001534 2e-06
0.001501 2e-06
0.001491 2e-06
0.001482 2e-06
0.001476 2e-06
0.001498 3e-06
0.001482 2e-06
0.001487 1e-06
0.001486 2e-06
0.001496 2e-06
0.001479 1e-06
0.00148 1e-06
0.001469 2e-06
0.00149 2e-06
0.001483 2e-06
0.001487 2e-06
0.001485 1e-06
0.001487 1e-06
0.001474 2e-06
0.001496 2e-06
0.001475 1e-06
0.001244 2e-06
0.001243 2e-06
0.00125 2e-06
0.001445 3e-06
0.001482 2e-06
0.001526 2e-06
0.001486 3e-06
0.001544 2e-06
0.001493 3e-06
0.001479 2e-06
0.001488 2e-06
0.001477 3e-06
0.001482 2e-06
0.001476 2e-06
0.001547 2e-06
0.00154 2e-06
0.001519 2e-06
0.001689 3e-06
0.001481 2e-06
0.001475 2e-06
0.001555 2e-06
0.001487 2e-06
0.001496 2e-06
0.001542 2e-06
0.001496 1e-06
0.001484 2e-06
0.00149 2e-06
0.00147 2e-06
0.00155 2e-06
0.001475 1e-06
0.001498 2e-06
0.001486 2e-06
0.001528 1e-06
0.00148 2e-06
0.00154 2e-06
0.00149 2e-06
0.001482 2e-06
0.001471 2e-06
0.001556 2e-06
0.001479 2e-06
0.001492 2e-06
0.001529 2e-06
0.001497 2e-06
0.001486 2e-06
0.001496 2e-06
0.001536 1e-06
0.001499 2e-06
0.001477 3e-06
0.00148 2e-06
0.001475 2e-06
0.001498 2e-06
0.001548 2e-06
0.001495 2e-06
0.001476 1e-06
0.001487 2e-06
0.001468 2e-06
0.001483 2e-06
0.001484 2e-06
0.001488 2e-06
0.001546 1e-06
0.001488 2e-06
0.001477 2e-06
0.00129 2e-06
0.001186 2e-06
0.001173 0
0.001083 3e-06
0.001497 2e-06
0.001471 2e-06
0.001544 2e-06
0.001493 2e-06
0.001487 2e-06
0.001483 2e-06
0.001494 2e-06
0.001491 2e-06
0.001557 2e-06
0.001535 2e-06
0.001496 1e-06
0.001552 2e-06
0.001575 2e-06
0.001695 3e-06
0.001503 2e-06
0.001476 2e-06
0.001484 2e-06
0.001548 2e-06
0.00149 2e-06
0.001496 2e-06
0.001481 2e-06
0.001481 2e-06
0.001501 2e-06
0.001474 2e-06
0.001493 2e-06
0.00148 1e-06
0.001486 2e-06
0.00148 1e-06
0.001484 2e-06
0.001548 2e-06
0.001484 2e-06
0.001486 1e-06
0.001483 3e-06
0.001484 2e-06
0.00155 2e-06
0.001474 1e-06
0.001485 1e-06
0.001478 2e-06
0.001483 2e-06
0.001477 3e-06
0.001551 2e-06
0.001486 2e-06
0.001494 2e-06
0.001474 2e-06
0.001483 1e-06
0.001474 2e-06
0.001493 2e-06
0.001471 2e-06
0.001554 2e-06
0.001483 2e-06
0.001488 2e-06
0.001479 1e-06
0.001546 1e-06
0.001488 2e-06
0.001491 3e-06
0.00148 2e-06
0.001492 2e-06
0.001484 2e-06
0.001482 2e-06
0.001242 2e-06
0.001173 1e-06
0.001286 2e-06
0.001487 2e-06
0.001487 2e-06
0.001487 2e-06
0.001479 1e-06
0.001501 2e-06
0.001546 2e-06
0.001485 2e-06
0.001562 2e-06
0.001496 1e-06
0.001481 2e-06
0.001493 2e-06
0.001542 1.5e-05
0.001489 2e-06
0.001526 4e-06
0.001566 2e-06
0.001481 2e-06
0.001483 1e-06
0.001475 2e-06
0.001496 2e-06
0.001484 2e-06
0.001481 3e-06
0.001486 2e-06
0.001499 2e-06
0.001488 1e-06
0.001487 2e-06
0.001482 2e-06
0.001548 1e-06
0.001471 2e-06
0.001498 2e-06
0.001486 2e-06
0.001486 2e-06
0.00153 2e-06
0.001489 1e-06
0.001484 2e-06
0.001498 1e-06
0.001494 2e-06
0.001565 2e-06
0.001481 2e-06
0.001484 2e-06
0.001482 2e-06
0.001555 2e-06
0.001479 2e-06
0.001484 1e-06
0.001489 1e-06
0.001491 2e-06
0.001484 2e-06
0.001485 3e-06
0.001492 2e-06
0.001488 2e-06
0.00148 2e-06
0.001482 2e-06
0.001488 1e-06
0.001484 2e-06
0.00147 3e-06
0.001493 1e-06
0.001544 2e-06
0.001553 2e-06
0.001474 2e-06
0.001486 2e-06
0.001239 1e-06
0.001244 2e-06
0.001292 2e-06
0.001492 1e-06
0.001481 2e-06
0.00149 3e-06
0.001488 3e-06
0.001545 2e-06
0.001482 2e-06
0.001485 2e-06
0.001483 1e-06
0.001548 2e-06
0.001476 2e-06
0.001492 2e-06
0.001565 2e-06
0.001483 2e-06
0.001507 3e-06
0.001931 2e-06
0.001486 1e-06
0.001492 2e-06
0.001489 2e-06
0.001486 2e-06
0.001476 3e-06
0.001496 2e-06
0.001486 2e-06
0.001492 2e-06
0.001485 2e-06
0.001483 3e-06
0.001545 2e-06
0.001506 2e-06
0.001476 1e-06
0.001492 3e-06
0.001482 3e-06
0.001496 2e-06
0.001487 2e-06
0.001486 2e-06
0.001485 3e-06
0.001557 2e-06
0.001477 2e-06
0.001491 2e-06
0.001552 2e-06
0.00149 1e-06
0.001543 2e-06
0.001549 2e-06
0.00155 2e-06
0.001554 2e-06
0.001489 2e-06
0.001499 2e-06
0.001487 1e-06
0.001503 2e-06
0.001472 3e-06
0.0015 1e-06
0.001541 1e-06
0.001543 2e-06
0.001489 1e-06
0.001494 1e-06
0.00149 1e-06
0.001503 3e-06
0.001485 2e-06
0.001497 2e-06
0.001549 2e-06
0.001495 2e-06
0.001241 2e-06
0.001239 2e-06
0.00124 2e-06
0.001494 2e-06
0.001489 2e-06
0.001488 2e-06
0.001478 2e-06
0.001494 2e-06
0.001487 2e-06
0.001492 1e-06
0.001506 2e-06
0.001493 2e-06
0.001473 1e-06
0.001486 2e-06
0.001477 2e-06
0.001487 1e-06
0.001535 3e-06
0.001494 2e-06
0.001488 2e-06
0.001481 2e-06
0.001474 2e-06
0.00149 2e-06
0.001482 1e-06
0.001498 2e-06
0.001483 2e-06
0.001548 2e-06
0.001492 3e-06
0.001489 2e-06
0.001483 2e-06
0.001491 2e-06
0.001486 2e-06
0.001498 2e-06
0.001486 1e-06
0.001494 2e-06
0.001472 2e-06
0.00155 2e-06
0.001489 2e-06
0.001495 1e-06
0.001472 2e-06
0.001482 2e-06
0.001483 1e-06
0.001483 1e-06
0.001472 1e-06
0.001486 1e-06
0.00149 4e-06
0.001495 3e-06
0.001484 2e-06
0.001494 3e-06
0.001481 2e-06
0.001498 3e-06
0.001478 2e-06
0.0015 2e-06
0.001487 3e-06
0.001493 1e-06
0.001486 2e-06
0.001494 2e-06
0.001531 2e-06
0.001548 3e-06
0.001537 1e-06
0.001539 1e-06
0.001478 2e-06
0.001493 1e-06
0.001137 1e-06
0.001083 1e-06
0.001032 1e-06
0.001395 2e-06
0.001487 2e-06
0.001556 2e-06
0.001536 2e-06
0.001494 2e-06
0.001471 2e-06
0.00149 1e-06
0.001471 2e-06
0.001546 2e-06
0.001485 3e-06
0.001495 2e-06
0.001544 2e-06
0.001558 3e-06
0.001513 1e-06
0.001487 3e-06
0.001547 2e-06
0.001496 1e-06
0.001486 2e-06
0.001485 2e-06
0.001487 2e-06
0.001485 1e-06
0.001481 1e-06
0.001496 1e-06
0.00149 3e-06
0.00149 1e-06
0.001547 2e-06
0.00149 2e-06
0.001481 1e-06
0.001483 2e-06
0.001469 3e-06
0.001552 1e-06
0.001487 1e-06
0.001481 2e-06
0.001486 2e-06
0.001486 2e-06
0.001484 3e-06
0.001492 1e-06
0.001493 2e-06
0.001482 2e-06
0.001474 3e-06
0.001492 2e-06
0.001486 2e-06
0.001486 2e-06
0.001482 2e-06
0.001486 2e-06
0.00149 2e-06
0.001558 2e-06
0.001488 2e-06
0.001495 3e-06
0.001485 2e-06
0.001548 1e-06
0.001488 2e-06
0.001484 2e-06
0.001504 2e-06
0.001493 1e-06
0.001477 2e-06
0.001489 2e-06
0.001475 2e-06
0.001499 3e-06
0.001309 1e-06
0.001242 1.8e-05
0.001285 1e-06
0.001247 3e-06
0.00149 2e-06
0.001517 2e-06
0.001473 2e-06
0.001501 2e-06
0.001545 1e-06
0.001495 1e-06
0.001475 1e-06
0.001495 2e-06
0.001485 2e-06
0.001496 2e-06
0.001472 2e-06
0.00158 2e-06
0.001486 2e-06
0.001555 2e-06
0.001488 2e-06
0.001497 2e-06
0.001482 2e-06
0.001491 2e-06
0.001477 1e-06
0.001486 2e-06
0.001483 2e-06
0.001498 2e-06
0.001473 2e-06
0.00148 2e-06
0.001533 2e-06
0.001494 2e-06
0.001485 2e-06
0.001495 1e-06
0.001475 1e-06
0.001497 1e-06
0.001475 2e-06
0.001487 3e-06
0.001487 1e-06
0.001496 2e-06
0.001535 2e-06
0.001549 3e-06
0.001484 3e-06
0.001504 2e-06
0.001489 1e-06
0.001495 3e-06
0.001475 2e-06
0.001482 3e-06
0.001487 2e-06
0.00149 2e-06
0.001492 2e-06
0.001498 2e-06
0.001469 2e-06
0.001496 2e-06
0.001483 3e-06
0.001491 2e-06
0.001483 1e-06
0.001493 2e-06
0.001492 3e-06
0.00155 2e-06
0.001473 1e-06
0.001493 2e-06
0.001485 2e-06
0.00148 3e-06
0.001402 2e-06
0.00116 2e-06
0.001038 2e-06
0.001144 2e-06
0.001484 2e-06
0.001514 2e-06
0.001545 2e-06
0.001477 2e-06
0.001475 1e-06
0.001488 2e-06
0.001472 2e-06
0.00148 1e-06
0.001493 2e-06
0.001502 3e-06
0.001473 1e-06
0.001541 1e-06
0.001597 2e-06
0.001601 2e-06
0.00154 2e-06
0.001485 3e-06
0.001479 2e-06
0.001559 2e-06
0.001485 1e-06
0.001494 2e-06
0.001475 2e-06
0.001495 2e-06
0.00148 2e-06
0.001497 2e-06
0.001484 1e-06
0.001494 1e-06
0.001474 2e-06
0.001498 2e-06
0.001547 2e-06
0.001496 2e-06
0.001479 2e-06
0.001479 2e-06
0.001481 2e-06
0.001493 3e-06
0.001478 1e-06
0.00154 1e-06
0.001475 3e-06
0.001498 1e-06
0.001484 2e-06
0.001551 1e-06
0.001486 2e-06
0.001488 1e-06
0.001487 2e-06
0.001483 3e-06
0.001484 3e-06
0.001492 2e-06
0.001475 2e-06
0.001558 2e-06
0.001473 2e-06
0.001485 2e-06
0.001477 3e-06
0.001563 2e-06
0.00154 3e-06
0.001494 2e-06
0.001474 2e-06
0.001497 2e-06
0.001492 2e-06
0.001484 2e-06
0.001534 2e-06
0.001313 1e-06
0.001237 2e-06
0.001239 2e-06
0.001478 3e-06
0.001487 2e-06
0.001485 1e-06
0.001492 1e-06
0.001551 2e-06
0.001543 1e-06
0.00147 2e-06
0.001489 2e-06
0.001487 2e-06
0.001494 2e-06
0.001486 2e-06
0.001505 2e-06
0.001565 2e-06
0.001604 2e-06
0.001486 2e-06
0.001491 1e-06
0.001473 1e-06
0.001489 2e-06
0.001473 2e-06
0.001486 1e-06
0.00153 2e-06
0.001484 1e-06
0.001479 2e-06
0.001487 1e-06
0.001474 1e-06
0.001484 3e-06
0.001488 1e-06
0.001493 2e-06
0.001485 2e-06
0.001497 1e-06
0.001542 3e-06
0.001546 2e-06
0.001474 2e-06
0.001485 3e-06
0.001491 2e-06
0.001485 2e-06
0.001478 3e-06
0.001479 2e-06
0.001482 1e-06
0.001486 2e-06
0.00148 2e-06
0.001502 2e-06
0.001522 3e-06
0.001481 2e-06
0.00147 2e-06
0.001488 2e-06
0.001493 1e-06
0.001486 2e-06
0.001545 2e-06
0.001487 1e-06
0.001487 2e-06
0.001494 4e-06
0.001496 1.8e-05
0.001231 1e-06
0.001049 2e-06
0.001039 1e-06
0.001821 3e-06
0.001493 2e-06
0.001524 2e-06
0.001493 2e-06
0.001494 2e-06
0.001485 2e-06
0.00149 2e-06
0.001542 2e-06
0.00149 2e-06
0.001546 3e-06
0.001485 2e-06
0.001489 3e-06
0.001474 2e-06
0.001492 2e-06
0.00147 2e-06
0.00148 2e-06
0.001543 2e-06
0.001488 1e-06
0.001488 2e-06
0.001495 3e-06
0.001478 2e-06
0.001482 2e-06
0.001488 2e-06
0.00167 2e-06
0.001477 2e-06
0.001493 2e-06
0.001479 3e-06
0.001499 3e-06
0.001478 2e-06
0.001553 2e-06
0.001476 1e-06
0.00149 3e-06
0.001489 2e-06
0.001489 1e-06
0.001481 2e-06
0.001494 2e-06
0.001472 2e-06
0.001487 2e-06
0.001543 2e-06
0.001484 2e-06
0.001166 1e-06
0.001128 1e-06
0.001033 1e-06
0.001077 1e-06
0.001067 1e-06
0.000992 1e-06
0.000991 1e-06
0.000994 2e-06
0.000995 2e-06
0.001131 1e-06
0.001239 2e-06
0.00125 2e-06
0.001152 1e-06
0.001161 2e-06
0.001029 2e-06
0.001035 1e-06
0.001247 2e-06
0.00149 3e-06
0.001477 2e-06
0.001496 2e-06
0.001476 2e-06
0.001491 2e-06
0.00148 2e-06
0.001556 2e-06
0.001487 1e-06
0.001491 2e-06
0.001535 2e-06
0.001491 2e-06
0.001536 2e-06
0.001494 2e-06
0.001482 1e-06
0.001485 2e-06
0.001487 2e-06
0.001482 1e-06
0.001474 2e-06
0.001487 2e-06
0.001477 2e-06
0.001559 1e-06
0.001488 2e-06
0.001486 1e-06
0.001543 2e-06
0.001496 2e-06
0.001487 2e-06
0.001481 2e-06
0.001544 3e-06
0.001497 2e-06
0.001495 1e-06
0.001483 3e-06
0.001483 1e-06
0.001591 2e-06
0.001487 2e-06
0.001485 2e-06
0.001477 2e-06
0.001486 2e-06
0.001468 2e-06
0.001494 2e-06
0.001244 2e-06
0.001245 2e-06
0.001243 3e-06
0.001494 2e-06
0.001478 1e-06
0.001486 1e-06
0.001472 2e-06
0.001494 1e-06
0.001536 2e-06
0.001481 2e-06
0.001484 2e-06
0.001544 2e-06
0.001475 2e-06
0.001491 2e-06
0.00148 3e-06
0.001559 2e-06
0.00161 1.6e-05
0.001493 2e-06
0.001548 1e-06
0.001547 1e-06
0.001472 2e-06
0.001493 2e-06
0.001588 3e-06
0.001552 1e-06
0.00154 2e-06
0.001552 2e-06
0.001475 2e-06
0.001492 2e-06
0.001487 2e-06
0.001501 2e-06
0.001483 1e-06
0.001487 2e-06
0.001485 2e-06
0.001486 2e-06
0.001476 2e-06
0.001488 2e-06
0.00155 3e-06
0.001492 2e-06
0.001526 1e-06
0.001491 2e-06
0.001544 2e-06
0.001486 1e-06
0.001471 1e-06
0.001483 2e-06
0.001495 2e-06
0.001495 2e-06
0.001489 2e-06
0.001495 2e-06
0.001533 2e-06
0.001491 2e-06
0.001481 1e-06
0.001493 2e-06
0.001473 1e-06
0.001494 1e-06
0.001485 2e-06
0.001492 2e-06
0.001487 3e-06
0.001484 1e-06
0.001487 2e-06
0.001479 2e-06
0.001481 3e-06
0.001498 2e-06
0.001034 1e-06
0.001032 2e-06
0.001158 1e-06
0.001488 3e-06
0.001476 1e-06
0.001562 1e-06
0.001549 1e-06
0.001493 2e-06
0.001537 2e-06
0.001499 2e-06
0.001479 1e-06
0.00149 2e-06
0.001473 2e-06
0.001563 2e-06
0.001532 2e-06
0.001553 1e-06
0.00149 3e-06
0.001504 3e-06
0.001473 2e-06
0.001484 2e-06
0.001482 1e-06
0.001495 2e-06
0.001474 2e-06
0.001496 3e-06
0.001531 1e-06
0.001555 2e-06
0.001491 2e-06
0.0015 2e-06
0.001483 1e-06
0.001485 3e-06
0.001488 2e-06
0.001483 2e-06
0.001488 2e-06
0.001546 2e-06
0.001481 2e-06
0.00148 2e-06
0.001477 2e-06
0.001482 1e-06
0.001482 2e-06
0.001494 1e-06
0.001484 2e-06
0.001487 2e-06
0.001484 2e-06
0.001482 2e-06
0.001474 2e-06
0.001493 2e-06
0.001483 2e-06
0.00155 2e-06
0.001479 2e-06
0.0015 2e-06
0.001489 2e-06
0.00149 2e-06
0.001476 2e-06
0.001498 3e-06
0.001473 1e-06
0.001487 2e-06
0.001482 1e-06
0.001489 2e-06
0.001484 2e-06
0.001487 3e-06
0.001512 2e-06
0.001488 1e-06
0.001235 2e-06
0.001242 1e-06
0.001241 2e-06
0.001556 2e-06
0.001477 2e-06
0.001554 2e-06
0.001474 1e-06
0.001555 2e-06
0.001498 2e-06
0.001488 2e-06
0.001503 2e-06
0.001486 1e-06
0.001475 2e-06
0.001497 2e-06
0.001626 2e-06
0.001488 2e-06
0.00149 1e-06
0.001792 1e-06
0.001478 1e-06
0.001489 3e-06
0.001469 1e-06
0.001496 2e-06
0.001475 2e-06
0.001498 2e-06
0.00148 1e-06
0.001488 2e-06
0.001489 1e-06
0.001494 2e-06
0.001553 2e-06
0.001496 1e-06
0.001492 1e-06
0.001492 2e-06
0.001237 2e-06
0.001251 4e-06
0.001302 2e-06
0.001247 1e-06
0.001243 2e-06
0.002257 3e-06
0.001797 1e-06
0.001918 2e-06
0.001778 4e-06
0.001833 3e-06
0.00187 3e-06
0.001865 2e-06
0.001954 1e-06
0.001484 1e-06
0.001428 1e-06
0.001239 2e-06
0.001586 2e-06
0.001321 2e-06
0.001466 2e-06
0.001596 2e-06
0.001242 2e-06
0.001497 1e-06
0.00125 2e-06
0.001251 2e-06
0.001242 1e-06
0.001253 2e-06
0.00124 1e-06
0.001242 2e-06
0.001245 2e-06
0.001242 1e-06
0.001151 2e-06
0.001127 1e-06
0.001026 1e-06
0.001222 2e-06
0.001247 2e-06
0.001248 2e-06
0.001252 2e-06
0.001246 2e-06
0.001236 2e-06
0.001244 2e-06
0.00124 1e-06
0.001247 2e-06
0.001286 2e-06
0.001595 3e-06
0.001405 3e-06
0.001597 2e-06
0.001249 1e-06
0.001246 2e-06
0.001242 3e-06
0.001245 6e-06
0.001237 2e-06
0.001255 3e-06
0.001251 2e-06
0.001252 2e-06
0.001242 3e-06
0.001251 3e-06
0.00126 2e-06
0.00132 3e-06
0.00124 3e-06
0.001247 3e-06
0.001244 3e-06
0.001241 2e-06
0.00124 2e-06
0.001244 2e-06
0.001243 3e-06
0.001246 3e-06
0.001245 3e-06
0.001237 3e-06
0.001244 2e-06
0.001246 2e-06
0.001238 2e-06
0.001293 2e-06
0.001288 2e-06
0.001243 2e-06
0.001291 3e-06
0.001239 2e-06
0.001242 2e-06
0.001249 2e-06
0.001244 3e-06
0.001251 2e-06
0.001262 2e-06
0.001263 3e-06
0.001253 2e-06
0.001296 2e-06
0.001245 2e-06
0.001313 2e-06
0.001296 2e-06
0.001242 2e-06
0.00124 3e-06
0.001246 2e-06
0.001242 2e-06
0.001246 3e-06
0.001245 3e-06
0.00124 3e-06
0.001304 3e-06
0.001245 3e-06
0.001241 1e-06
0.001245 2e-06
0.001243 1e-06
0.001243 2e-06
0.001246 3e-06
0.001249 2e-06
0.001298 1e-06
0.001257 3e-06
0.001347 2e-06
0.001244 2e-06
0.001162 2e-06
0.001241 3e-06
0.001241 2e-06
0.001243 1e-06
0.001242 2e-06
0.001269 3e-06
0.001395 2e-06
0.001246 2e-06
0.001243 1e-06
0.001261 3e-06
0.001244 2e-06
0.001253 2e-06
0.00129 2e-06
0.001267 1e-06
0.001247 2e-06
0.001253 1e-06
0.001292 1e-06
0.00125 2e-06
0.001247 2e-06
0.001243 1e-06
0.001247 2e-06
0.001241 2e-06
0.001244 2e-06
0.00124 1e-06
0.001243 1e-06
0.001246 1e-06
0.001243 1e-06
0.001249 2e-06
0.00124 2e-06
0.001243 2e-06
0.001241 1e-06
0.001245 2e-06
0.001298 1e-06
0.001239 2e-06
0.001237 1e-06
0.001262 2e-06
0.001295 2e-06
0.001248 2e-06
0.001259 2e-06
0.001299 2e-06
0.001256 2e-06
0.001257 1e-06
0.001254 2e-06
