0.001078 2e-06

0.001013 2e-06

0.001027 3e-06

0.001017 3e-06

0.001013 3e-06

0.001164 2e-06

0.001038 2e-06

0.001087 2e-06

0.001016 2e-06

0.001049 3e-06

0.001044 3e-06

0.001058 3e-06

0.001015 3e-06

0.00101 3e-06

0.001018 1e-06

0.00101 1e-06

0.001064 3e-06

0.001016 3e-06

0.001023 3e-06

0.001031 3e-06

0.001018 2e-06

0.00105 2e-06

0.001073 2e-06

0.00102 3e-06

0.001014 2e-06

0.001014 2e-06

0.001054 3e-06

0.001041 2e-06

0.001041 5e-06

0.001044 4e-06

0.001054 3e-06

0.001143 5e-06

0.001059 3e-06

0.001039 1.6e-05

0.00104 5e-06

0.001047 3e-06

0.001019 2e-06

0.001012 3e-06

0.001019 3e-06

0.001042 3e-06

0.001015 3e-06

0.001018 4e-06

0.001088 3e-06

0.001019 3e-06

0.001008 3e-06

0.00105 3e-06

0.001114 4e-06

0.001019 3e-06

0.00104 3e-06

0.001067 4e-06

0.00102 4e-06

0.001091 3e-06

0.001019 4e-06

0.001016 2e-06

0.001015 3e-06

0.001048 3e-06

0.001107 5e-06

0.001038 4e-06

0.001012 2e-06

0.001062 4e-06

0.001017 2e-06

0.001014 3e-06

0.001014 4e-06

0.001047 3e-06

0.00109 3e-06

0.001031 3e-06

0.001111 4e-06

0.001034 3e-06

0.001013 3e-06

0.001015 3e-06

0.00101 3e-06

0.001071 2e-06

0.001029 3e-06

0.001045 4e-06

0.001124 3e-06

0.001016 3e-06

0.001017 3e-06

0.001066 3e-06

0.001039 1e-06

0.001063 3e-06

0.001013 2e-06

0.001019 3e-06

0.0011 3e-06

0.001043 2e-06

0.001011 2e-06

0.001013 3e-06

0.001046 3e-06

0.001017 4e-06

0.001056 3e-06

0.001019 3e-06

0.001013 3e-06

0.001093 3e-06

0.001086 2e-06

0.001118 8e-06

0.001402 5e-06

0.001408 2e-06

0.001387 2e-06

0.00104 4e-06

0.001037 2e-06

0.001043 3e-06

0.001033 4e-06

0.001019 3e-06

0.001043 5e-06

0.001017 2e-06

0.001012 2e-06

0.001066 3e-06

0.001044 1e-06

0.001019 2e-06

0.001059 3e-06

0.001013 3e-06

0.001071 3e-06

0.001106 4e-06

0.001014 3e-06

0.001018 3e-06

0.00106 2e-06

0.001089 3e-06

0.001039 3e-06

0.001056 3e-06

0.001043 3e-06

0.001106 2e-06

0.001048 2e-06

0.001064 3e-06

0.001014 2e-06

0.001013 3e-06

0.001015 4e-06

0.001033 2e-06

0.001063 4e-06

0.001057 3e-06

0.001013 4e-06

0.001049 3e-06

0.001016 2e-06

0.001018 3e-06

0.001011 2e-06

0.001087 3e-06

0.001105 2e-06

0.001015 4e-06

0.001038 3e-06

0.001044 3e-06

0.001025 3e-06

0.001012 2e-06

0.001047 2e-06

0.001068 3e-06

0.001018 2e-06

0.001016 2e-06

0.001042 3e-06

0.001019 4e-06

0.001013 2e-06

0.001038 4e-06

0.001063 2e-06

0.001017 2e-06

0.001014 2e-06

0.001013 3e-06

0.001008 3e-06

0.001021 3e-06

0.001066 2e-06

0.001013 3e-06

0.00104 2e-06

0.001059 3e-06

0.001073 1e-06

0.00101 2e-06

0.001038 3e-06

0.001033 2e-06

0.001013 3e-06

0.001041 4e-06

0.001044 3e-06

0.001016 2e-06

0.001011 2e-06

0.001047 2e-06

0.001013 3e-06

0.001015 2e-06

0.001013 3e-06

0.001014 2e-06

0.001018 3e-06

0.001043 2e-06

0.001012 3e-06

0.001014 2e-06

0.001029 2e-06

0.00102 3e-06

0.00108 3e-06

0.00104 2e-06

0.001058 4e-06

0.001019 5e-06

0.001099 3e-06

0.001132 1e-06

0.001049 3e-06

0.001051 4e-06

0.001011 3e-06

0.001041 2e-06

0.001014 3e-06

0.001014 3e-06

0.001064 3e-06

0.001083 3e-06

0.001017 3e-06

0.00102 3e-06

0.001063 3e-06

0.001013 3e-06

0.001016 2e-06

0.001013 3e-06

0.00102 2e-06

0.001044 3e-06

0.001011 3e-06

0.001058 3e-06

0.001073 2e-06

0.001018 3e-06

0.001064 3e-06

0.001013 2e-06

0.001012 4e-06

0.001014 3e-06

0.001017 2e-06

0.001016 3e-06

0.001028 2e-06

0.001017 3e-06

0.001093 2e-06

0.001017 3e-06

0.001012 3e-06

0.001017 1e-06

0.001012 3e-06

0.001016 2e-06

0.001014 3e-06

0.001011 1.4e-05

0.001064 4e-06

0.001017 3e-06

0.001011 1e-06

0.001013 3e-06

0.001089 4e-06

0.001047 3e-06

0.001048 4e-06

0.001017 4e-06

0.001049 4e-06

0.00109 3e-06

0.001011 3e-06

0.00103 1e-06

0.001011 3e-06

0.00103 3e-06

0.001016 3e-06

0.001101 3e-06

0.001017 3e-06

0.001014 2e-06

0.001013 3e-06

0.001018 3e-06

0.001014 3e-06

0.001016 3e-06

0.001017 3e-06

0.001018 2e-06

0.00109 3e-06

0.00102 2e-06

0.001021 3e-06

0.001062 4e-06

0.001094 3e-06

0.00101 2e-06

0.001057 2e-06

0.001016 3e-06

0.001017 3e-06

0.001016 4e-06

0.00101 3e-06

0.001012 3e-06

0.001016 2e-06

0.001016 4e-06

0.001012 2e-06

0.00101 2e-06

0.001014 1e-06

0.001046 3e-06

0.001063 2e-06

0.001017 3e-06

0.00106 4e-06

0.001066 2e-06

0.001016 4e-06

0.001015 3e-06

0.001011 2e-06

0.001014 3e-06

0.001128 3e-06

0.001092 1e-06

0.00109 3e-06

0.00101 2e-06

0.001011 3e-06

0.001017 4e-06

0.001012 3e-06

0.001013 4e-06

0.001014 3e-06

0.001183 2e-06

0.001058 3e-06

0.001012 3e-06

0.001012 2e-06

0.001039 2e-06

0.001008 3e-06

0.001032 2e-06

0.001152 1.6e-05

0.001014 2e-06

0.001012 3e-06

0.001015 3e-06

0.001046 4e-06

0.001016 3e-06

0.00103 3e-06

0.001152 4e-06

0.001059 2e-06

0.001016 2e-06

0.001014 2e-06

0.001014 3e-06

0.001028 2e-06

0.001014 3e-06

0.001041 4e-06

0.001068 2e-06

0.001012 3e-06

0.001018 4e-06

0.001012 3e-06

0.001039 3e-06

0.001018 2e-06

0.001021 2e-06

0.001018 2e-06

0.001015 4e-06

0.001012 2e-06

0.001014 3e-06

0.001035 2e-06

0.00105 4e-06

0.001018 2e-06

0.00105 1e-06

0.001062 2e-06

0.001059 3e-06

0.001014 2e-06

0.001012 3e-06

0.00104 2e-06

0.001016 3e-06

0.001013 3e-06

0.001018 2e-06

0.00102 3e-06

0.001032 4e-06

0.001044 2e-06

0.001097 4e-06

0.001007 3e-06

0.001068 3e-06

0.001056 2e-06

0.001016 3e-06

0.001018 3e-06

0.001016 2e-06

0.001015 3e-06

0.001044 1e-06

0.001019 1e-06

0.001014 3e-06

0.001018 2e-06

0.001047 3e-06

0.001018 3e-06

0.00102 4e-06

0.001007 3e-06

0.001015 3e-06

0.001022 2e-06

0.001019 3e-06

0.00104 3e-06

0.001098 3e-06

0.001022 3e-06

0.001012 3e-06

0.001063 3e-06

0.001019 3e-06

0.001015 3e-06

0.001045 3e-06

0.001013 3e-06

0.001045 2e-06

0.001041 3e-06

0.001065 3e-06

0.001011 2e-06

0.001031 3e-06

0.001016 3e-06

0.001017 2e-06

0.001156 2e-06

0.001078 3e-06

0.001013 3e-06

0.001014 3e-06

0.001017 3e-06

0.001049 3e-06

0.001117 3e-06

0.001014 2e-06

0.001039 3e-06

0.001014 2e-06

0.001016 2e-06

0.001019 3e-06

0.001017 3e-06

0.001016 2e-06

0.001011 3e-06

0.00102 4e-06

0.001016 3e-06

0.001042 3e-06

0.001014 3e-06

0.001073 3e-06

0.001044 3e-06

0.001016 3e-06

0.001015 2e-06

0.001092 2e-06

0.001022 3e-06

0.001012 2e-06

0.00104 3e-06

0.00104 3e-06

0.001088 3e-06

0.001012 3e-06

0.001019 4e-06

0.001011 2e-06

0.00101 3e-06

0.001013 3e-06

0.001012 2e-06

0.001068 4e-06

0.00101 2e-06

0.001012 2e-06

0.001017 2e-06

0.00102 3e-06

0.001015 4e-06

0.001017 3e-06

0.001089 3e-06

0.001012 3e-06

0.00102 3e-06

0.001017 3e-06

0.001027 2e-06

0.001124 3e-06

0.001131 4e-06

0.001015 4e-06

0.001013 3e-06

0.001013 2e-06

0.001013 2e-06

0.001014 2e-06

0.001097 3e-06

0.001016 2e-06

0.001017 3e-06

0.001068 2e-06

0.00105 2e-06

0.00102 4e-06

0.001014 3e-06

0.001084 3e-06

0.001013 2e-06

0.001012 2e-06

0.001014 2e-06

0.001065 2e-06

0.001031 3e-06

0.001014 2e-06

0.001014 3e-06

0.001066 3e-06

0.001073 4e-06

0.001014 2e-06

0.001045 1e-06

0.001016 1e-06

0.001032 3e-06

0.001061 2e-06

0.001023 3e-06

0.00102 3e-06

0.001013 4e-06

0.001015 3e-06

0.001041 3e-06

0.001029 3e-06

0.001072 3e-06

0.001017 3e-06

0.001014 3e-06

0.001024 3e-06

0.001017 3e-06

0.001042 2e-06

0.00101 3e-06

0.001014 3e-06

0.001016 3e-06

0.001018 2e-06

0.001066 3e-06

0.001049 2e-06

0.001044 4e-06

0.001013 4e-06

0.001014 2e-06

0.001043 2e-06

0.00104 2e-06

0.001017 3e-06

0.001013 2e-06

0.001017 3e-06

0.001011 4e-06

0.001017 3e-06

0.001059 2e-06

0.001112 3e-06

0.001046 4e-06

0.001015 4e-06

0.001009 2e-06

0.001039 2e-06

0.001066 3e-06

0.001015 3e-06

0.001014 3e-06

0.001019 2e-06

0.001017 2e-06

0.001113 2e-06

0.001042 2e-06

0.001042 3e-06

0.001054 4e-06

0.001086 4e-06

0.001032 3e-06

0.001042 2e-06

0.001041 4e-06

0.001057 3e-06

0.00104 2e-06

0.001022 1e-06

0.001019 3e-06

0.001097 3e-06

0.001015 2e-06

0.001017 3e-06

0.001015 2e-06

0.001064 3e-06

0.001015 2e-06

0.001016 3e-06

0.001014 3e-06

0.001017 3e-06

0.001017 2e-06

0.001046 3e-06

0.00101 3e-06

0.001015 2e-06

0.001012 3e-06

0.001014 3e-06

0.001053 3e-06

0.001017 3e-06

0.001015 3e-06

0.001035 2e-06

0.001054 3e-06

0.001021 2e-06

0.001012 2e-06

0.001013 3e-06

0.001081 3e-06

0.001012 4e-06

0.001083 3e-06

0.001039 2e-06

0.001014 2e-06

0.001017 2e-06

0.001011 4e-06

0.001086 2e-06

0.001012 3e-06

0.001018 1e-06

0.001014 3e-06

0.001129 3e-06

0.001074 3e-06

0.001023 2e-06

0.001049 2e-06

0.001083 3e-06

0.001011 2e-06

0.001017 3e-06

0.001014 3e-06

0.001015 3e-06

0.001207 6e-06

0.00105 4e-06

0.001067 3e-06

0.001023 2e-06

0.001011 3e-06

0.001012 4e-06

0.00101 4e-06

0.001015 4e-06

0.001012 2e-06

0.00111 2e-06

0.001045 1.8e-05

0.001097 4e-06

0.001018 2e-06

0.001018 3e-06

0.001025 2e-06

0.001042 2e-06

0.001013 2e-06

0.001049 3e-06

0.001164 4e-06

0.001046 2e-06

0.001044 3e-06

0.001042 3e-06

0.001084 4e-06

0.001086 3e-06

0.001044 2e-06

0.001066 2e-06

0.001036 4e-06

0.001064 3e-06

0.001012 3e-06

0.001016 4e-06

0.001019 2e-06

0.00108 2e-06

0.001017 4e-06

0.001019 3e-06

0.001013 4e-06

0.001058 2e-06

0.001012 2e-06

0.001024 3e-06

0.001015 2e-06

0.001017 3e-06

0.001016 3e-06

0.001031 2e-06

0.001068 5e-06

0.001037 3e-06

0.00102 2e-06

0.001015 5e-06

0.001015 4e-06

0.001012 3e-06

0.001062 3e-06

0.001039 4e-06

0.001041 2e-06

0.001061 3e-06

0.001043 3e-06

0.001101 2e-06

0.001016 2e-06

0.001016 4e-06

0.001183 3e-06

0.001063 3e-06

0.001015 3e-06

0.001073 3e-06

0.001036 2e-06

0.001049 3e-06

0.001043 2e-06

0.001095 3e-06

0.001041 3e-06

0.001015 2e-06

0.001008 3e-06

0.001014 2e-06

0.001015 3e-06

0.001018 3e-06

0.001015 3e-06

0.001048 2e-06

0.001019 3e-06

0.001074 3e-06

0.001014 2e-06

0.001083 1e-06

0.001017 3e-06

0.001012 3e-06

0.001016 1e-06

0.001102 3e-06

0.00101 3e-06

0.001013 3e-06

0.001047 3e-06

0.001016 3e-06

0.001083 3e-06

0.001042 4e-06

0.001065 3e-06

0.001018 3e-06

0.001029 2e-06

0.001018 4e-06

0.001041 2e-06

0.001062 3e-06

0.001017 1e-06

0.001014 3e-06

0.001091 3e-06

0.00105 3e-06

0.001012 2e-06

0.001016 3e-06

0.001075 3e-06

0.001017 3e-06

0.001018 3e-06

0.001043 1e-06

0.001016 3e-06

0.001068 3e-06

0.001093 4e-06

0.001045 3e-06

0.001056 3e-06

0.001189 4e-06

0.00104 4e-06

0.0011 4e-06

0.001034 4e-06

0.001042 5e-06

0.00105 4e-06

0.001078 3e-06

0.001034 3e-06

0.001018 2e-06

0.001059 3e-06

0.001096 2e-06

0.001013 3e-06

0.001061 2e-06

0.001011 3e-06

0.00105 2e-06

0.001039 3e-06

0.001094 3e-06

0.001041 3e-06

0.001014 3e-06

0.001014 3e-06

0.001046 4e-06

0.00105 3e-06

0.001036 3e-06

0.001043 2e-06

0.001014 4e-06

0.00102 2e-06

0.001016 3e-06

0.001053 2e-06

0.001045 2e-06

0.001039 3e-06

0.001047 3e-06

0.001014 3e-06

0.001015 3e-06

0.00106 4e-06

0.001033 2e-06

0.001017 3e-06

0.001015 3e-06

0.001107 3e-06

0.001048 3e-06

0.001087 3e-06

0.001046 3e-06

0.001013 3e-06

0.001014 2e-06

0.001013 2e-06

0.001082 3e-06

0.001013 3e-06

0.001019 2e-06

0.001015 4e-06

0.001029 2e-06

0.001051 3e-06

0.001018 2e-06

0.001021 4e-06

0.001045 3e-06

0.001076 3e-06

0.001011 3e-06

0.001017 5e-06

0.001041 2e-06

0.001032 3e-06

0.001013 2e-06

0.001008 3e-06

0.00105 2e-06

0.001014 4e-06

0.001019 2e-06

0.001045 2e-06

0.001017 2e-06

0.001046 3e-06

0.001019 4e-06

0.001022 2e-06

0.001074 2e-06

0.001045 2e-06

0.001011 3e-06

0.001015 3e-06

0.00104 2e-06

0.001016 4e-06

0.00108 6e-06

0.00105 4e-06

0.00105 3e-06

0.00104 3e-06

0.001012 3e-06

0.001097 4e-06

0.001013 3e-06

0.001013 4e-06

0.001109 4e-06

0.001018 3e-06

0.001062 3e-06

0.001013 2e-06

0.001029 3e-06

0.001013 3e-06

0.001015 2e-06

0.001013 3e-06

0.001066 4e-06

0.001043 3e-06

0.001064 3e-06

0.00112 3e-06

0.001015 3e-06

0.001013 4e-06

0.001043 3e-06

0.001048 2e-06

0.001043 4e-06

0.001013 3e-06

0.001014 2e-06

0.001057 4e-06

0.001067 4e-06

0.001081 5e-06

0.001068 4e-06

0.001104 3e-06

0.001042 3e-06

0.001039 2e-06

0.001043 2e-06

0.001016 1e-06

0.001069 2e-06

0.001013 2e-06

0.001045 3e-06

0.001048 1e-06

0.001047 3e-06

0.001047 4e-06

0.001043 3e-06

0.001032 4e-06

0.001043 3e-06

0.001031 3e-06

0.001045 4e-06

0.001012 2e-06

0.001014 2e-06

0.00101 3e-06

0.001092 2e-06

0.001061 2e-06

0.001032 3e-06

0.001015 3e-06

0.001013 2e-06

0.001008 2e-06

0.001149 3e-06

0.001012 3e-06

0.001123 4e-06

0.001089 2e-06

0.001044 2e-06

0.001019 1e-06

0.001097 1e-06

0.001043 3e-06

0.001019 4e-06

0.001011 2e-06

0.00101 3e-06

0.001045 3e-06

0.001015 4e-06

0.001015 3e-06

0.001019 3e-06

0.001013 3e-06

0.001098 3e-06

0.001059 3e-06

0.001041 3e-06

0.00101 3e-06

0.001016 3e-06

0.001016 4e-06

0.001062 3e-06

0.001009 3e-06

0.001011 4e-06

0.001042 2e-06

0.001041 2e-06

0.001018 2e-06

0.001047 3e-06

0.001017 3e-06

0.001015 3e-06

0.001015 3e-06

0.001043 3e-06

0.001039 1e-06

0.001011 2e-06

0.001014 2e-06

0.001102 3e-06

0.00102 2e-06

0.001062 2e-06

0.001012 3e-06

0.001073 4e-06

0.001011 3e-06

0.001018 2e-06

0.001017 3e-06

0.001042 3e-06

0.001017 2e-06

0.00102 3e-06

0.001016 3e-06

0.001048 1e-06

0.001043 3e-06

0.001048 4e-06

0.001012 2e-06

0.001018 2e-06

0.001059 3e-06

0.001052 2e-06

0.001014 4e-06

0.001015 3e-06

0.001042 3e-06

0.001067 2e-06

0.001029 3e-06

0.001086 2e-06

0.001038 3e-06

0.001014 2e-06

0.001045 3e-06

0.001028 3e-06

0.00101 4e-06

0.001012 2e-06

0.001014 3e-06

0.001016 2e-06

0.001065 3e-06

0.001046 2e-06

0.001047 3e-06

0.001021 2e-06

0.001094 2e-06

0.00105 2e-06

0.001058 2e-06

0.001013 3e-06

0.001011 3e-06

0.001013 3e-06

0.001017 1e-06

0.001066 2e-06

0.001053 2e-06

0.001032 3e-06

0.001045 3e-06

0.001048 3e-06

0.001043 1e-06

0.001023 3e-06

0.001091 2e-06

0.001018 3e-06

0.001035 3e-06

0.00104 2e-06

0.001019 2e-06

0.001011 2e-06

0.001013 2e-06

0.001016 3e-06

0.0011 3e-06

0.001048 3e-06

0.001012 2e-06

0.001017 3e-06

0.001188 2e-06

0.001018 3e-06

0.001027 3e-06

0.001044 3e-06

0.001012 4e-06

0.001088 2e-06

0.001056 4e-06

0.001046 4e-06

0.001014 3e-06

0.001014 3e-06

0.001041 3e-06

0.001015 2e-06

0.001015 2e-06

0.001014 3e-06

0.001014 3e-06

0.001125 3e-06

0.00101 2e-06

0.001027 3e-06

0.001011 3e-06

0.001015 2e-06

0.001046 3e-06

0.001046 2e-06

0.001013 2e-06

0.001018 3e-06

0.001062 3e-06

0.001017 3e-06

0.001042 2e-06

0.001015 3e-06

0.001016 3e-06

0.001039 3e-06

0.001014 3e-06

0.001016 3e-06

0.001103 4e-06

0.001076 2e-06

0.001017 2e-06

0.001062 2e-06

0.001026 2e-06

0.001044 3e-06

0.001018 1e-06

0.001013 3e-06

0.001016 2e-06

0.001016 2e-06

0.001084 3e-06

0.00104 3e-06

0.001089 3e-06

0.001044 3e-06

0.001039 3e-06

0.001043 4e-06

0.001039 3e-06

0.001065 2e-06

0.001044 3e-06

0.001017 3e-06

0.001045 2e-06

0.001057 4e-06

0.001046 3e-06

0.001088 3e-06

0.00104 4e-06

0.00101 2e-06

0.00101 2e-06

0.001048 3e-06

0.001061 5e-06

0.001043 4e-06

0.001088 5e-06

0.001073 4e-06

0.001507 9e-06

0.001055 4e-06

0.001137 5e-06

0.001076 5e-06

0.001162 6e-06

0.001044 3e-06

0.001137 6e-06

0.001116 5e-06

0.001044 4e-06

0.001359 5e-06

0.001051 3e-06

0.001042 2e-06

0.001035 4e-06

0.00104 3e-06

0.001038 2e-06

0.001049 3e-06

0.001089 3e-06

0.001013 3e-06

0.001013 4e-06

0.001047 3e-06

0.001012 3e-06

0.00102 3e-06

0.001043 3e-06

0.00105 3e-06

0.001028 2e-06

0.001011 2e-06

0.001011 3e-06

0.001036 4e-06

0.001036 3e-06

0.001041 3e-06

0.001083 2e-06

0.001032 2e-06

0.001043 2e-06

0.001013 4e-06

0.001045 1e-06

0.001058 2e-06

0.001015 1e-06

0.001065 2e-06

0.001013 2e-06

0.001057 2e-06

0.001013 2e-06

0.001039 3e-06

0.001012 6e-06

0.001018 4e-06

0.001042 3e-06

0.001108 2e-06

0.001047 3e-06

0.001093 3e-06

0.001031 3e-06

0.001038 4e-06

0.001032 3e-06

0.001049 2e-06

0.001016 3e-06

0.001017 2e-06

0.001048 3e-06

0.001051 3e-06

0.001046 3e-06

0.001047 2e-06

0.001029 3e-06

0.001047 2e-06

0.001014 3e-06

0.00114 7e-06

0.001068 5e-06

0.001134 3e-06

0.001093 4e-06

0.001081 4e-06

0.001131 2e-06

0.001062 3e-06

