0.010082 8e-06

0.009976 8e-06

0.009832 7e-06

0.009848 7e-06

0.00962 5e-06

0.009712 5e-06

0.009493 9e-06

0.00983 9e-06

0.009795 6e-06

0.009518 5e-06

0.009636 6e-06

0.009658 9e-06

0.010483 1e-05

0.009709 6e-06

0.009591 5e-06

0.009528 9e-06

0.010333 7e-06

0.009765 6e-06

0.009604 7e-06

0.009676 7e-06

0.00954 4e-06

0.0097 5e-06

0.009767 7e-06

0.009573 6e-06

0.009644 8e-06

0.009679 4e-06

0.009725 7e-06

0.009575 6e-06

0.009911 9e-06

0.009952 8e-06

0.009628 5e-06

0.009668 6e-06

0.009643 6e-06

0.009543 7e-06

0.009694 6e-06

0.009795 5e-06

0.009617 6e-06

0.009726 5e-06

0.009576 4e-06

0.009624 5e-06

0.009623 5e-06

0.009741 6e-06

0.009936 8e-06

0.009767 6e-06

0.009792 7e-06

0.009803 7e-06

0.00975 9e-06

0.009628 5e-06

0.009738 8e-06

0.009677 6e-06

0.009638 6e-06

0.009654 6e-06

0.01051 7e-06

0.00966 4e-06

0.009669 7e-06

0.009799 7e-06

0.009635 4e-06

0.009688 5e-06

0.009594 6e-06

0.009803 7e-06

0.009703 6e-06

0.009722 6e-06

0.009729 4e-06

0.009666 5e-06

0.009597 6e-06

0.009678 6e-06

0.009629 5e-06

0.009662 4e-06

0.009542 4e-06

0.009525 3e-06

0.009704 5e-06

0.009741 5e-06

0.009606 3e-06

0.009557 6e-06

0.009606 4e-06

0.009513 4e-06

0.009613 5e-06

0.009548 8e-06

0.009737 5e-06

0.009751 5e-06

0.009614 5e-06

0.009701 4e-06

0.009586 4e-06

0.00964 7e-06

0.009536 6e-06

0.009706 6e-06

0.009828 6e-06

0.009783 7e-06

0.009823 8e-06

0.009894 7e-06

0.009991 7e-06

0.009788 8e-06

0.009795 8e-06

0.009873 7e-06

0.009701 8e-06

0.009751 8e-06

0.009831 7e-06

0.009689 6e-06

0.009697 5e-06

0.009595 1.4e-05

0.00979 9e-06

0.00978 8e-06

0.009769 8e-06

0.009588 4e-06

0.009677 5e-06

0.009705 6e-06

0.009845 8e-06

0.009709 4e-06

0.009691 4e-06

0.009766 8e-06

0.009708 7e-06

0.009655 6e-06

0.010477 6e-06

0.009774 4e-06

0.00962 6e-06

0.009677 9e-06

0.00987 7e-06

0.009679 4e-06

0.009602 5e-06

0.009788 7e-06

0.009593 8e-06

0.009557 4e-06

0.009532 4e-06

0.009518 4e-06

0.009542 7e-06

0.009688 5e-06

0.009679 5e-06

0.009538 6e-06

0.0097 5e-06

0.009553 3e-06

0.009627 5e-06

0.00963 8e-06

0.009616 4e-06

0.009561 5e-06

0.009569 5e-06

0.009659 8e-06

0.009609 5e-06

0.009772 6e-06

0.009659 6e-06

0.009542 5e-06

0.009629 6e-06

0.009674 4e-06

0.009665 6e-06

0.009542 4e-06

0.00965 6e-06

0.009568 4e-06

0.009569 5e-06

0.009659 4e-06

0.00953 4e-06

0.009609 4e-06

0.009674 5e-06

0.009586 5e-06

0.00965 7e-06

0.009576 1.7e-05

0.009654 4e-06

0.009573 6e-06

0.009574 4e-06

0.009573 6e-06

0.009675 6e-06

0.009491 6e-06

0.009586 5e-06

0.009569 8e-06

0.009656 5e-06

0.009695 4e-06

0.009549 6e-06

0.009695 7e-06

0.00979 7e-06

0.009903 6e-06

0.00987 5e-06

0.00965 6e-06

0.009647 6e-06

0.009835 6e-06

0.009625 7e-06

0.009574 7e-06

0.009967 8e-06

0.009716 7e-06

0.009529 6e-06

0.009738 7e-06

0.009876 6e-06

0.009809 6e-06

0.009874 7e-06

0.009944 6e-06

0.009705 7e-06

0.009714 5e-06

0.00965 5e-06

0.009569 5e-06

0.009517 6e-06

0.009685 5e-06

0.009536 5e-06

0.009573 5e-06

0.009652 4e-06

0.009608 4e-06

0.009613 7e-06

0.009806 8e-06

0.009719 8e-06

0.00986 6e-06

0.00981 7e-06

0.009789 8e-06

0.009795 8e-06

0.009715 5e-06

0.00982 9e-06

0.009826 7e-06

0.009848 6e-06

0.009775 6e-06

0.009924 6e-06

0.009642 6e-06

0.009674 5e-06

0.009625 4e-06

0.009686 5e-06

0.009612 4e-06

0.009529 6e-06

0.009646 5e-06

0.009694 6e-06

0.009667 4e-06

0.009606 4e-06

0.009536 4e-06

0.009639 5e-06

0.009612 7e-06

0.009707 8e-06

0.009876 8e-06

0.009605 5e-06

0.00955 5e-06

0.009564 7e-06

0.009693 9e-06

0.009627 6e-06

0.009847 7e-06

0.009708 4e-06

0.009636 7e-06

0.009761 7e-06

0.009753 6e-06

0.00955 4e-06

0.009728 5e-06

0.009637 4e-06

0.009704 5e-06

0.010246 7e-06

0.009688 5e-06

0.009597 4e-06

0.009653 7e-06

0.009658 5e-06

0.009537 6e-06

0.009643 6e-06

0.009604 4e-06

0.009598 5e-06

0.009538 4e-06

0.009679 6e-06

0.009694 4e-06

0.009696 3e-06

0.009842 5e-06

0.009602 5e-06

0.009799 5e-06

0.009602 5e-06

0.009653 4e-06

0.009581 8e-06

0.009548 4e-06

0.009572 5e-06

0.009706 4e-06

0.009632 5e-06

0.009567 3e-06

0.009615 5e-06

0.009645 4e-06

0.009578 4e-06

0.009591 7e-06

0.009613 4e-06

0.009667 5e-06

0.009674 5e-06

0.009657 5e-06

0.009649 6e-06

0.009529 5e-06

0.009678 4e-06

0.009651 6e-06

0.0097 7e-06

0.010247 2e-05

0.009538 4e-06

0.009519 5e-06

0.009641 4e-06

0.009594 4e-06

0.009527 5e-06

0.009613 5e-06

0.00967 4e-06

0.009626 5e-06

0.009726 7e-06

0.009618 4e-06

0.009689 6e-06

0.009674 8e-06

0.009787 8e-06

0.009707 7e-06

0.009747 7e-06

0.009688 7e-06

0.009835 7e-06

0.009716 8e-06

0.009645 7e-06

0.009799 7e-06

0.009778 8e-06

0.009725 7e-06

0.009801 7e-06

0.009861 6e-06

0.009779 8e-06

0.009632 5e-06

0.009657 5e-06

0.009847 8e-06

0.009848 6e-06

0.009871 7e-06

0.009827 7e-06

0.009714 6e-06

0.009818 2.2e-05

0.009663 5e-06

0.009752 7e-06

0.01008 8e-06

0.009706 5e-06

0.011569 7e-06

0.009917 8e-06

0.009915 8e-06

0.009805 1e-05

0.009725 9e-06

0.009805 8e-06

0.009785 8e-06

0.009815 7e-06

0.009826 6e-06

0.009707 6e-06

0.009529 1.8e-05

0.009663 5e-06

0.009553 5e-06

0.00958 4e-06

0.009588 5e-06

0.009625 6e-06

0.009553 5e-06

0.009657 5e-06

0.009703 5e-06

0.00959 6e-06

0.0099 4e-06

0.009742 5e-06

0.009686 4e-06

0.009587 4e-06

0.009609 7e-06

0.009846 8e-06

0.009741 6e-06

0.009723 8e-06

0.009582 5e-06

0.009647 5e-06

0.009534 5e-06

0.00966 6e-06

0.009569 7e-06

0.009718 8e-06

0.009681 9e-06

0.009695 6e-06

0.009632 5e-06

0.009623 8e-06

0.009681 7e-06

0.009747 5e-06

0.009682 5e-06

0.009726 8e-06

0.009668 6e-06

0.009626 6e-06

0.009617 5e-06

0.009783 6e-06

0.009654 5e-06

0.009649 5e-06

0.009743 8e-06

0.009605 4e-06

0.009646 4e-06

0.009596 6e-06

0.009579 4e-06

0.009698 5e-06

0.00962 4e-06

0.009677 5e-06

0.009635 8e-06

0.009871 7e-06

0.009644 5e-06

0.009713 8e-06

0.009708 7e-06

0.009834 6e-06

0.009646 8e-06

0.009872 7e-06

0.00987 7e-06

0.009761 7e-06

0.009629 5e-06

0.009616 4e-06

0.009544 4e-06

0.009595 5e-06

0.009555 4e-06

0.010084 8e-06

0.009806 5e-06

0.009702 5e-06

0.009675 6e-06

0.009645 5e-06

0.009471 6e-06

0.009603 7e-06

0.009586 4e-06

0.00949 6e-06

0.009629 4e-06

0.009714 7e-06

0.009755 1.7e-05

0.009759 6e-06

0.009809 6e-06

0.009663 5e-06

0.009692 7e-06

0.009635 5e-06

0.009669 6e-06

0.009872 1.3e-05

0.009732 7e-06

0.009752 6e-06

0.009776 6e-06

0.009474 5e-06

0.00959 4e-06

0.009723 5e-06

0.009575 4e-06

0.009747 6e-06

0.009734 6e-06

0.00963 5e-06

0.009622 6e-06

0.009498 5e-06

0.009618 6e-06

0.009661 5e-06

0.009769 5e-06

0.009553 5e-06

0.009663 5e-06

0.009698 8e-06

0.009819 1e-05

0.009787 5e-06

0.00953 5e-06

0.009526 6e-06

0.009576 4e-06

0.009578 4e-06

0.009632 4e-06

0.009581 6e-06

0.009618 5e-06

0.00967 5e-06

0.00964 3e-06

0.009611 6e-06

0.009607 4e-06

0.009495 6e-06

0.00953 5e-06

0.009632 5e-06

0.00959 4e-06

0.009515 4e-06

0.009517 5e-06

0.009588 4e-06

0.009653 5e-06

0.00956 5e-06

0.009879 6e-06

0.009565 4e-06

0.009569 4e-06

0.009728 5e-06

0.009552 4e-06

0.009635 6e-06

0.009728 1e-05

0.009789 7e-06

0.009778 8e-06

0.009843 1e-05

0.00999 7e-06

0.009675 5e-06

0.009561 4e-06

0.009744 6e-06

0.00969 8e-06

0.009693 5e-06

0.00963 7e-06

0.009586 7e-06

0.009831 6e-06

0.009738 4e-06

0.009624 5e-06

0.009561 5e-06

0.009647 6e-06

0.009665 8e-06

0.009744 4e-06

0.009627 6e-06

0.009528 4e-06

0.009687 5e-06

0.00967 4e-06

0.009487 4e-06

0.009584 5e-06

0.009844 9e-06

0.009821 9e-06

0.009601 7e-06

0.009711 6e-06

0.009672 7e-06

0.009566 4e-06

0.009631 6e-06

0.009776 4e-06

0.00964 5e-06

0.009597 5e-06

0.009522 5e-06

0.009742 6e-06

0.00967 5e-06

0.009655 4e-06

0.009674 7e-06

0.009724 6e-06

0.009847 8e-06

0.009711 6e-06

0.009687 5e-06

0.009535 7e-06

0.00987 8e-06

0.009724 5e-06

0.009613 7e-06

0.009926 9e-06

0.009755 9e-06

0.009866 8e-06

0.009864 6e-06

0.009662 6e-06

0.009885 7e-06

0.009768 8e-06

0.009652 4e-06

0.009683 5e-06

0.009631 5e-06

0.00959 5e-06

0.009537 5e-06

0.009695 4e-06

0.009518 5e-06

0.009827 7e-06

0.009921 7e-06

0.009772 6e-06

0.009862 9e-06

0.009581 5e-06

0.00972 6e-06

0.009563 5e-06

0.009652 6e-06

0.009796 7e-06

0.009863 9e-06

0.009731 6e-06

0.009821 7e-06

0.009822 6e-06

0.009889 1e-05

0.009785 7e-06

0.00963 4e-06

0.009609 6e-06

0.009562 5e-06

0.009704 5e-06

0.010276 8e-06

0.00971 5e-06

0.009605 6e-06

0.009644 7e-06

0.009644 5e-06

0.009615 4e-06

0.009647 5e-06

0.009537 5e-06

0.009577 7e-06

0.009751 5e-06

0.009682 5e-06

0.009611 5e-06

0.009677 4e-06

0.009608 5e-06

0.009687 6e-06

0.009619 4e-06

0.009652 7e-06

0.009709 5e-06

0.009721 7e-06

0.009687 7e-06

0.009697 5e-06

0.009666 8e-06

0.009666 6e-06

0.009826 2.1e-05

0.009856 8e-06

0.009783 7e-06

0.009914 8e-06

0.009824 7e-06

0.009754 6e-06

0.009765 8e-06

0.009605 6e-06

0.009787 6e-06

0.009654 5e-06

0.009596 4e-06

0.009651 6e-06

0.009615 5e-06

0.009547 8e-06

0.009611 7e-06

0.009792 1e-05

0.009676 7e-06

0.009834 7e-06

0.009834 9e-06

0.009883 9e-06

0.00985 7e-06

0.00975 7e-06

0.00979 7e-06

0.009761 8e-06

0.009743 8e-06

0.009816 7e-06

0.009849 8e-06

0.009822 9e-06

0.009797 6e-06

0.009697 6e-06

0.009732 6e-06

0.009816 6e-06

0.009662 6e-06

0.009692 5e-06

0.00969 9e-06

0.009812 7e-06

0.010028 9e-06

0.009743 6e-06

0.009557 5e-06

0.009615 4e-06

0.009569 4e-06

0.009692 6e-06

0.009684 6e-06

0.009638 5e-06

0.009536 5e-06

0.009686 5e-06

0.009695 5e-06

0.009635 5e-06

0.009562 6e-06

0.009657 5e-06

0.01016 7e-06

0.009698 6e-06

0.009718 5e-06

0.009736 7e-06

0.009713 6e-06

0.009544 6e-06

0.009753 7e-06

0.009614 7e-06

0.009677 7e-06

0.009746 7e-06

0.00996 8e-06

0.009824 6e-06

0.009592 6e-06

0.009818 9e-06

0.009929 8e-06

0.009808 8e-06

0.009758 6e-06

0.009913 8e-06

0.009954 9e-06

0.009806 8e-06

0.009774 6e-06

0.009971 9e-06

0.00981 6e-06

0.009573 7e-06

0.009714 5e-06

0.009772 8e-06

0.009628 7e-06

0.00984 8e-06

0.009732 6e-06

0.009786 8e-06

0.009846 7e-06

0.009869 8e-06

0.009875 6e-06

0.009772 8e-06

0.009788 7e-06

0.009723 8e-06

0.009728 8e-06

0.009795 8e-06

0.009755 8e-06

0.00979 9e-06

0.009824 2.1e-05

0.009753 7e-06

0.009863 6e-06

0.009907 9e-06

0.012673 1e-05

0.009766 8e-06

0.009911 9e-06

0.009766 8e-06

0.00972 7e-06

0.00978 7e-06

0.009645 6e-06

0.009635 6e-06

0.009608 5e-06

0.009761 8e-06

0.009851 1.1e-05

0.014395 1e-05

0.011492 1e-05

0.01086 9e-06

0.009856 1.1e-05

0.010044 1e-05

0.011289 1.1e-05

0.009765 8e-06

0.009889 1.6e-05

0.010113 9e-06

0.009809 8e-06

0.009645 1.1e-05

0.014496 1.2e-05

0.014255 1.2e-05

0.014532 1.6e-05

0.013809 1.5e-05

0.01413 1.2e-05

0.0143 1.4e-05

0.014615 1.5e-05

0.009897 1.8e-05

0.00993 9e-06

0.01006 1.1e-05

0.011246 1.1e-05

0.009967 1.8e-05

0.009963 1.1e-05

0.009866 1.1e-05

0.009934 1.7e-05

0.01229 9e-06

0.01006 1.1e-05

0.010011 1.5e-05

0.010786 1.8e-05

0.010328 2.3e-05

0.011847 1.4e-05

0.012571 1.4e-05

0.014815 1.6e-05

0.014991 1.3e-05

0.011985 2e-05

0.016082 1.9e-05

0.013759 1.5e-05

0.013843 1.6e-05

0.013649 1e-05

0.010333 1.2e-05

0.011733 1e-05

0.010118 1.1e-05

0.009971 8e-06

0.010208 1.4e-05

0.009901 1e-05

0.009944 1e-05

0.011196 1.1e-05

0.009947 1.2e-05

0.009991 1.3e-05

0.014736 1.2e-05

0.013369 9e-06

0.012811 1.5e-05

0.011575 1.8e-05

0.010855 1.1e-05

0.013018 1.2e-05

0.010581 1.2e-05

0.014142 2.1e-05

0.011428 1.5e-05

0.011749 1.2e-05

0.01442 1.3e-05

0.013225 1.3e-05

0.013462 1.7e-05

0.014227 1.1e-05

0.013334 1.7e-05

0.013309 1.4e-05

0.014188 1.3e-05

0.013311 1.4e-05

0.013753 1.4e-05

0.013447 1.2e-05

0.009807 9e-06

0.009777 9e-06

0.009779 8e-06

0.009816 1e-05

0.009813 1e-05

0.009759 8e-06

0.009651 6e-06

0.009614 8e-06

0.009738 6e-06

0.009582 6e-06

0.009723 6e-06

0.009534 1e-05

0.009705 9e-06

0.009879 9e-06

0.009713 9e-06

0.009701 7e-06

0.00984 6e-06

0.009863 9e-06

0.009827 9e-06

0.010582 8e-06

0.00982 9e-06

0.009787 8e-06

0.009992 9e-06

0.009782 9e-06

0.009865 7e-06

0.009647 5e-06

0.009635 8e-06

0.009852 7e-06

0.009766 6e-06

0.009805 8e-06

0.011297 9e-06

0.01202 9e-06

0.01331 1.1e-05

0.010389 1e-05

0.010284 1.1e-05

0.0101 9e-06

0.010198 1e-05

0.00992 8e-06

0.010472 1e-05

0.010262 9e-06

0.009831 1e-05

0.015725 1.1e-05

0.010164 1e-05

0.010763 8e-06

0.010172 9e-06

0.009814 1.4e-05

0.00989 8e-06

0.009904 9e-06

0.010144 8e-06

0.009843 9e-06

0.009796 7e-06

0.009857 5e-06

0.009967 9e-06

0.009849 8e-06

0.009768 9e-06

0.009833 8e-06

0.009796 7e-06

0.009873 8e-06

0.009694 7e-06

0.009799 9e-06

0.01022 8e-06

0.009895 1e-05

0.010504 9e-06

0.009735 7e-06

0.009916 7e-06

0.009733 7e-06

0.009755 5e-06

0.009653 6e-06

0.009594 5e-06

0.009671 4e-06

0.009681 8e-06

0.010148 8e-06

0.009585 4e-06

0.009604 6e-06

0.010215 7e-06

0.009746 5e-06

0.009633 5e-06

0.009648 5e-06

0.009625 6e-06

0.009617 6e-06

0.009681 7e-06

0.009939 8e-06

0.009795 8e-06

0.009884 7e-06

0.009936 8e-06

0.009559 4e-06

0.009656 6e-06

0.009598 4e-06

0.009632 5e-06

0.009527 5e-06

0.009659 5e-06

0.009693 6e-06

0.009668 5e-06

0.009652 8e-06

0.009827 5e-06

0.009713 1e-05

0.010592 7e-06

0.009713 6e-06

0.009639 5e-06

0.009635 5e-06

0.009556 4e-06

0.009675 6e-06

0.009683 6e-06

0.009634 4e-06

0.009545 7e-06

0.009556 4e-06

0.009789 7e-06

0.009974 8e-06

0.009813 7e-06

0.009804 8e-06

0.009791 9e-06

0.009859 6e-06

0.009731 4e-06

0.009537 5e-06

0.010572 7e-06

0.009981 5e-06

0.009751 6e-06

0.00962 6e-06

0.009673 4e-06

0.009679 8e-06

0.009704 5e-06

0.009954 8e-06

0.009768 8e-06

0.00983 6e-06

0.009823 8e-06

0.009779 6e-06

0.009871 8e-06

0.009795 7e-06

0.009673 7e-06

0.009832 1e-05

0.009733 7e-06

0.009693 7e-06

0.01046 8e-06

0.009833 6e-06

0.009826 6e-06

0.009638 6e-06

0.009622 6e-06

0.009814 7e-06

0.009711 7e-06

0.009655 5e-06

0.009776 6e-06

0.009688 4e-06

0.00954 4e-06

0.009729 7e-06

0.009834 8e-06

0.009612 6e-06

0.009923 8e-06

0.009716 7e-06

0.009705 6e-06

0.009531 5e-06

0.009572 7e-06

0.009722 8e-06

0.009576 5e-06

0.009647 5e-06

0.009621 6e-06

0.009496 6e-06

0.009609 5e-06

0.009733 4e-06

0.009558 4e-06

0.009583 4e-06

0.009646 4e-06

0.009461 7e-06

0.009613 7e-06

0.009649 4e-06

0.009611 4e-06

0.009674 5e-06

0.00958 5e-06

0.009665 4e-06

0.009578 6e-06

0.009629 4e-06

0.009789 5e-06

0.009583 3e-06

0.009576 4e-06

0.01015 6e-06

0.009664 7e-06

0.00996 1e-05

0.009876 8e-06

0.009865 8e-06

0.009656 8e-06

0.009758 6e-06

0.009789 9e-06

0.0096 5e-06

0.009651 4e-06

0.010023 8e-06

0.009674 6e-06

0.009626 5e-06

0.009602 5e-06

0.009599 8e-06

0.009635 6e-06

0.009651 5e-06

0.009787 9e-06

0.00987 9e-06

0.009579 6e-06

0.009713 8e-06

0.009899 9e-06

0.009666 6e-06

0.009774 4e-06

0.009665 5e-06

0.009655 5e-06

0.00975 6e-06

0.009639 4e-06

0.009943 7e-06

0.009496 5e-06

0.009649 5e-06

0.00954 5e-06

0.009628 6e-06

0.009563 5e-06

0.010362 7e-06

0.009799 5e-06

0.009607 8e-06

0.009781 6e-06

0.00986 5e-06

0.009798 6e-06

0.009589 4e-06

0.009566 5e-06

0.009552 4e-06

0.009681 4e-06

0.009479 4e-06

0.009573 5e-06

0.009605 9e-06

0.009765 8e-06

0.009629 6e-06

0.009684 4e-06

0.009788 5e-06

0.009584 4e-06

0.009607 6e-06

0.009621 5e-06

0.009628 6e-06

0.009598 5e-06

0.009667 5e-06

0.009667 5e-06

0.009677 4e-06

0.00967 5e-06

0.009673 4e-06

0.009701 4e-06

0.009562 6e-06

0.009603 5e-06

0.00955 5e-06

0.009479 6e-06

0.009719 5e-06

0.009693 4e-06

0.009718 6e-06

0.009674 4e-06

0.009646 4e-06

0.009495 4e-06

0.009653 4e-06

0.009491 4e-06

0.009641 7e-06

0.009801 6e-06

0.009658 5e-06

0.009627 5e-06

0.009654 5e-06

0.00952 4e-06

0.009775 5e-06

0.00971 5e-06

0.009674 5e-06

0.009707 1e-05

0.009608 5e-06

0.009753 5e-06

0.009543 3e-06

0.009626 4e-06

0.009733 7e-06

0.009809 7e-06

0.009708 4e-06

0.009575 4e-06

0.009574 8e-06

0.009798 6e-06

0.009724 5e-06

0.009607 7e-06

0.009667 5e-06

0.009692 5e-06

0.009459 3e-06

0.009642 5e-06

0.009656 4e-06

0.009552 5e-06

0.009611 4e-06

