0.010857 7e-06
0.010893 1e-05
0.010713 1.8e-05
0.010558 9e-06
0.01107 1e-05
0.010672 1.3e-05
0.010675 1.3e-05
0.010599 7e-06
0.010566 1e-05
0.010584 1e-05
0.014871 1.1e-05
0.015877 7e-06
0.010586 8e-06
0.010553 8e-06
0.010508 9e-06
0.010507 9e-06
0.01283 1.3e-05
0.013466 1.3e-05
0.010567 1e-05
0.010562 7e-06
0.010607 7e-06
0.010509 8e-06
0.010495 7e-06
0.010548 7e-06
0.011026 1.3e-05
0.010592 1.5e-05
0.012269 1.4e-05
0.010567 9e-06
0.010571 9e-06
0.010554 7e-06
0.010544 1.6e-05
0.014031 1.4e-05
0.021682 1.5e-05
0.012211 1.2e-05
0.011595 4.7e-05
0.010811 1e-05
0.010565 1.3e-05
0.012352 9e-06
0.010871 1.1e-05
0.010875 8e-06
0.01052 7e-06
0.01054 7e-06
0.010463 1e-05
0.010549 1.1e-05
0.010842 1.5e-05
0.011168 1.3e-05
0.011559 8e-06
0.010571 6e-06
0.010539 7e-06
0.010578 1e-05
0.011002 1.1e-05
0.010627 9e-06
0.010721 1.2e-05
0.010639 1.1e-05
0.010534 1e-05
0.010787 1e-05
0.010513 8e-06
0.010527 1e-05
0.010902 9e-06
0.010741 1e-05
0.01195 8e-06
0.010642 8e-06
0.010566 8e-06
0.010547 8e-06
0.010494 1.2e-05
0.013482 1.6e-05
0.010819 1.1e-05
0.010897 8e-06
0.010524 8e-06
0.01052 7e-06
0.010519 7e-06
0.010649 8e-06
0.010955 1.1e-05
0.010827 1.7e-05
0.012838 4.1e-05
0.010585 1.1e-05
0.010621 8e-06
0.010489 9e-06
0.011032 8e-06
0.01105 9e-06
0.010646 9e-06
0.010662 9e-06
0.010169 1e-05
0.010565 1.1e-05
0.010654 1.3e-05
0.010821 1.1e-05
0.010763 1.1e-05
0.010695 9e-06
0.010836 8e-06
0.010519 1e-05
0.010579 7e-06
0.010476 6e-06
0.010497 1.3e-05
0.010741 1.2e-05
0.010945 1.7e-05
0.010644 1.1e-05
0.010664 8e-06
0.010534 8e-06
0.010603 6e-06
0.010524 1.4e-05
0.010585 1.3e-05
0.010536 1.1e-05
0.011618 1e-05
0.010893 1.3e-05
0.010526 1.4e-05
0.010853 1.1e-05
0.010556 1.1e-05
0.012625 1.2e-05
0.010608 9e-06
0.010615 8e-06
0.010471 7e-06
0.010604 8e-06
0.010539 8e-06
0.010451 1.1e-05
0.010543 2e-05
0.011648 1.5e-05
0.010726 1.4e-05
0.010595 1e-05
0.01057 8e-06
0.01059 8e-06
0.01179 1.1e-05
0.010652 9e-06
0.0105 1.5e-05
0.01093 1.3e-05
0.010543 1.3e-05
0.010571 8e-06
0.010498 7e-06
0.010535 1.3e-05
0.011839 1.2e-05
0.010571 1.1e-05
0.010935 9e-06
0.010577 6e-06
0.0091 1.2e-05
0.010532 1e-05
0.011272 1.6e-05
0.01066 1.1e-05
0.010876 8e-06
0.010831 8e-06
0.010509 8e-06
0.010561 6e-06
0.010582 7e-06
0.010538 9e-06
0.01092 1.3e-05
0.010931 1e-05
0.010904 1.5e-05
0.010552 1e-05
0.010562 8e-06
0.010546 7e-06
0.010621 8e-06
0.011067 1.2e-05
0.010551 9e-06
0.010678 1e-05
0.010244 9e-06
0.010549 9e-06
0.010528 1.6e-05
0.010812 1.2e-05
0.011227 1.2e-05
0.010598 1.1e-05
0.010836 9e-06
0.010542 6e-06
0.01056 8e-06
0.010585 7e-06
0.010445 1.3e-05
0.011952 1.1e-05
0.011574 1.4e-05
0.010651 1.5e-05
0.010578 9e-06
0.011543 1e-05
0.010532 7e-06
0.010566 1.1e-05
0.01095 1.1e-05
0.010564 1.5e-05
0.009731 1.1e-05
0.010607 8e-06
0.010574 1.3e-05
0.010614 9e-06
0.010555 1.1e-05
0.010746 9e-06
0.010603 7e-06
0.010532 9e-06
0.010537 5e-06
0.010449 8e-06
0.009987 1.5e-05
0.010626 1.6e-05
0.010747 1.2e-05
0.01091 1e-05
0.011001 1e-05
0.010583 7e-06
0.010515 6e-06
0.010582 8e-06
0.010511 8e-06
0.012693 1.2e-05
0.010392 1.3e-05
0.012212 1.1e-05
0.010576 1.4e-05
0.010548 1.1e-05
0.010605 5e-06
0.010525 8e-06
0.012205 1.2e-05
0.010877 1.2e-05
0.010641 8e-06
0.010671 1e-05
0.009534 1.3e-05
0.010978 9e-06
0.010672 1.5e-05
0.014565 1.6e-05
0.010877 9e-06
0.01054 9e-06
0.0106 9e-06
0.010544 6e-06
0.010545 7e-06
0.010579 2.7e-05
0.010855 1.2e-05
0.010725 1.4e-05
0.010655 1.4e-05
0.010647 1.1e-05
0.010685 5e-06
0.011313 8e-06
0.010569 9e-06
0.011395 1.2e-05
0.010509 1e-05
0.010512 9e-06
0.009066 8e-06
0.010641 8e-06
0.010722 1.1e-05
0.010568 1e-05
0.010519 9e-06
0.011102 1.6e-05
0.010628 1e-05
0.010604 9e-06
0.010504 9e-06
0.01052 7e-06
0.009737 1.3e-05
0.012039 1.1e-05
0.010648 1.3e-05
0.011089 1.1e-05
0.010599 9e-06
0.010564 1e-05
0.010632 7e-06
0.010614 1.1e-05
0.011081 1.5e-05
0.010612 1e-05
0.010227 1.3e-05
0.010598 1.1e-05
0.010577 1.5e-05
0.010694 8e-06
0.010543 1.1e-05
0.010576 9e-06
0.01064 1.4e-05
0.01104 1.3e-05
0.01058 8e-06
0.010603 9e-06
0.010142 1.1e-05
0.010603 1.3e-05
0.012052 1.7e-05
0.013259 1.2e-05
0.010575 9e-06
0.010553 7e-06
0.010527 6e-06
0.010611 8e-06
0.010802 1e-05
0.01054 8e-06
0.010197 1.7e-05
0.011216 9e-06
0.010604 1.2e-05
0.010562 1.2e-05
0.010528 9e-06
0.010579 1.2e-05
0.01058 9e-06
0.010669 7e-06
0.010602 8e-06
0.010536 6e-06
0.009194 1.1e-05
0.010548 7e-06
0.010571 1.4e-05
0.015949 1.1e-05
0.01129 1.1e-05
0.010614 8e-06
0.010634 9e-06
0.010526 8e-06
0.010549 8e-06
0.010856 1.5e-05
0.010968 1.2e-05
0.011016 1.3e-05
0.010683 1.4e-05
0.010583 9e-06
0.010558 9e-06
0.01057 6e-06
0.010587 8e-06
0.011044 8e-06
0.011564 9e-06
0.012108 1.2e-05
0.01058 8e-06
0.01053 1.4e-05
0.010602 1e-05
0.010522 1e-05
0.010926 9e-06
0.010978 1e-05
0.011001 1.3e-05
0.010681 9e-06
0.010616 1.1e-05
0.010501 5e-06
0.010547 1.3e-05
0.010738 1.5e-05
0.010901 1.5e-05
0.011039 1.2e-05
0.010571 8e-06
0.010521 1.1e-05
0.010505 1.1e-05
0.010494 1.1e-05
0.014998 1.1e-05
0.015537 1.8e-05
0.010612 1.1e-05
0.010562 1.4e-05
0.010605 1.3e-05
0.010573 1.2e-05
0.010673 1.3e-05
0.010597 1.2e-05
0.010608 1.1e-05
0.010503 1e-05
0.010478 9e-06
0.010427 1.2e-05
0.010555 1.2e-05
0.010586 1.6e-05
0.010844 1.2e-05
0.010664 1.1e-05
0.010546 1e-05
0.010578 8e-06
0.010563 1.1e-05
0.010541 1e-05
0.010564 9e-06
0.010585 1.4e-05
0.010906 1.5e-05
0.01061 1.8e-05
0.010679 1.5e-05
0.01061 8e-06
0.010573 1e-05
0.010849 1e-05
0.010757 1.1e-05
0.010977 1.1e-05
0.010566 1e-05
0.010579 9e-06
0.01052 1e-05
0.010606 1.5e-05
0.011133 1.4e-05
0.010882 1.2e-05
0.011022 1e-05
0.010627 1.1e-05
0.010534 1.2e-05
0.010596 1.3e-05
0.010585 1.1e-05
0.010869 1.2e-05
0.010549 1.2e-05
0.011036 1e-05
0.010746 1.3e-05
0.010573 6e-06
0.010493 9e-06
0.010541 1.3e-05
0.012266 9e-06
0.010604 8e-06
0.010571 1.1e-05
0.010604 8e-06
0.010608 1e-05
0.01058 1.1e-05
0.010669 1.5e-05
0.010989 1.2e-05
0.011396 1.4e-05
0.011085 1.2e-05
0.011355 9e-06
0.010574 8e-06
0.01053 7e-06
0.010966 1.3e-05
0.010817 1.3e-05
0.010614 1.5e-05
0.010656 1.4e-05
0.01063 9e-06
0.010589 8e-06
0.010566 1.1e-05
0.010565 1.1e-05
0.01059 1.4e-05
0.010614 9e-06
0.010562 1.4e-05
0.010569 1.2e-05
0.010571 1.3e-05
0.010709 1.5e-05
0.010597 1.6e-05
0.01067 1.1e-05
0.010585 1.2e-05
0.010659 1.2e-05
0.010601 8e-06
0.010557 1.2e-05
0.010484 9e-06
0.010578 1.6e-05
0.013104 1.4e-05
0.010834 1.2e-05
0.010593 1e-05
0.010545 8e-06
0.0105 9e-06
0.010538 1.1e-05
0.010634 1.3e-05
0.010552 1.1e-05
0.0106 1.4e-05
0.011369 1.3e-05
0.010672 1.9e-05
0.010891 1.4e-05
0.010734 1.4e-05
0.010502 1.1e-05
0.010661 1.2e-05
0.010572 8e-06
0.010917 9e-06
0.010554 8e-06
0.010604 7e-06
0.010576 1.1e-05
0.010614 1.1e-05
0.010724 1.2e-05
0.01158 1.1e-05
0.013388 1e-05
0.010534 8e-06
0.010573 7e-06
0.01062 9e-06
0.013773 9e-06
0.012881 1.4e-05
0.013993 1e-05
0.010769 1.2e-05
0.010606 1e-05
0.010532 1e-05
0.010539 5e-06
0.011861 1e-05
0.010621 1e-05
0.010582 8e-06
0.010542 6e-06
0.00902 1.2e-05
0.010686 9e-06
0.010568 1.2e-05
0.010602 1.4e-05
0.01061 1.3e-05
0.011287 1e-05
0.010733 9e-06
0.010565 9e-06
0.010494 8e-06
0.010513 1.3e-05
0.010745 1.6e-05
0.011103 1.4e-05
0.010887 1.6e-05
0.010807 1.4e-05
0.010486 9e-06
0.010583 8e-06
0.010442 1.1e-05
0.010652 1.8e-05
0.010563 1.2e-05
0.0124 7e-06
0.010099 1e-05
0.010595 8e-06
0.010711 1.6e-05
0.011204 1.3e-05
0.010533 1e-05
0.010632 1.1e-05
0.010908 1.1e-05
0.01051 1.1e-05
0.010547 9e-06
0.010541 1.1e-05
0.009932 1.3e-05
0.011005 1.2e-05
0.011014 1.4e-05
0.010843 1.2e-05
0.011188 1.1e-05
0.010563 1.1e-05
0.010651 1e-05
0.010559 9e-06
0.011304 1.4e-05
0.010725 3e-05
0.010588 1.7e-05
0.010589 1.1e-05
0.010639 1.4e-05
0.010639 8e-06
0.010541 9e-06
0.010586 6e-06
0.010517 7e-06
0.010656 1e-05
0.010487 8e-06
0.010576 8e-06
0.009609 1.5e-05
0.010634 1.4e-05
0.010768 1.4e-05
0.011954 1e-05
0.010667 8e-06
0.010597 7e-06
0.010661 1.3e-05
0.010635 1.3e-05
0.0108 1.3e-05
0.010515 3e-05
0.010181 1.2e-05
0.01199 9e-06
0.010664 1.2e-05
0.010598 8e-06
0.010564 7e-06
0.010618 1.3e-05
0.012632 9e-06
0.010611 1.1e-05
0.010634 1e-05
0.010737 7e-06
0.010599 8e-06
0.010567 1.1e-05
0.010542 1.3e-05
0.010598 1.4e-05
0.012179 9e-06
0.015158 8e-06
0.010691 8e-06
0.010506 7e-06
0.010769 1e-05
0.011482 1e-05
0.010547 1.5e-05
0.010597 1.1e-05
0.010767 1.1e-05
0.010633 1.2e-05
0.010673 1.1e-05
0.010614 1e-05
0.010531 9e-06
0.010825 8e-06
0.01098 1.1e-05
0.010677 7e-06
0.010401 1.1e-05
0.010574 1.4e-05
0.010535 1.4e-05
0.010629 1.2e-05
0.010598 1.1e-05
0.01059 8e-06
0.0106 1.1e-05
0.010548 6e-06
0.010488 9e-06
0.01056 6e-06
0.009597 1.2e-05
0.010771 1.3e-05
0.010776 1.5e-05
0.010931 1.3e-05
0.010572 9e-06
0.010527 7e-06
0.010531 7e-06
0.010536 1e-05
0.01058 1e-05
0.010615 2.6e-05
0.010438 1.3e-05
0.010662 8e-06
0.010531 1.1e-05
0.010637 8e-06
0.010635 1e-05
0.010727 9e-06
0.011319 8e-06
0.011281 1.2e-05
0.010573 1e-05
0.010544 8e-06
0.009394 1e-05
0.010691 9e-06
0.011342 2.1e-05
0.01437 1e-05
0.010595 8e-06
0.010516 9e-06
0.010577 6e-06
0.010578 6e-06
0.013621 1.1e-05
0.0124 2e-05
0.013501 1.1e-05
0.010613 1.3e-05
0.010621 9e-06
0.010705 1.2e-05
0.010598 1.3e-05
0.01062 9e-06
0.010629 8e-06
0.012464 1e-05
0.010659 7e-06
0.009691 8e-06
0.010567 9e-06
0.010636 1.1e-05
0.013208 1.2e-05
0.016429 9e-06
0.010508 8e-06
0.010485 7e-06
0.010479 7e-06
0.010526 8e-06
0.013151 1.3e-05
0.010563 1.2e-05
0.015058 1.6e-05
0.010591 1.2e-05
0.010559 9e-06
0.010588 1e-05
0.01344 1.2e-05
0.010702 1.2e-05
0.01406 9e-06
0.010448 1e-05
0.01049 1e-05
0.010485 1.1e-05
0.014455 1.4e-05
0.014764 1e-05
0.015814 1.1e-05
0.010553 1e-05
0.01061 1.4e-05
0.010602 1e-05
0.010603 1.1e-05
0.01638 2.2e-05
0.015283 1.5e-05
0.011443 1.1e-05
0.010618 6e-06
0.010569 8e-06
0.010547 9e-06
0.010564 7e-06
0.0131 1.3e-05
0.010554 6e-06
0.010788 1.3e-05
0.010639 8e-06
0.010575 1.1e-05
0.010537 1.3e-05
0.011967 1.5e-05
0.0106 1.2e-05
0.010581 1.3e-05
0.010619 1.1e-05
0.010591 9e-06
0.010692 8e-06
0.009669 1.4e-05
0.010488 1.1e-05
0.010683 1.5e-05
0.010773 1.1e-05
0.010559 1.1e-05
0.010647 9e-06
0.010452 1e-05
0.010554 1.2e-05
0.010574 1.3e-05
0.010617 1e-05
0.0106 1.3e-05
0.010674 1.1e-05
0.010903 1.2e-05
0.010549 1e-05
0.010659 1e-05
0.010552 1.1e-05
0.010799 1e-05
0.010594 1e-05
0.010545 8e-06
0.010646 1e-05
0.008953 1.1e-05
0.010698 1.1e-05
0.010554 1.3e-05
0.010578 1.2e-05
0.010673 1.1e-05
0.010618 1e-05
0.010589 8e-06
0.01059 1.3e-05
0.010518 1.1e-05
0.010547 8e-06
0.010721 1e-05
0.010609 1e-05
0.010622 2.2e-05
0.010751 9e-06
0.010653 9e-06
0.010591 6e-06
0.010491 8e-06
0.010682 8e-06
0.010529 9e-06
0.010658 9e-06
0.010615 2.1e-05
0.010623 8e-06
0.010519 9e-06
0.010674 1.2e-05
0.010902 1.2e-05
0.011589 1.1e-05
0.011893 1.2e-05
0.010645 7e-06
0.010473 7e-06
0.010571 8e-06
0.01104 1.2e-05
0.012682 1.1e-05
0.010689 4.4e-05
0.011124 1.4e-05
0.010587 7e-06
0.0106 8e-06
0.010647 8e-06
0.011187 1e-05
0.011879 7e-06
0.0126 1.5e-05
0.01001 1.3e-05
0.010628 1.2e-05
0.010571 1.3e-05
0.010539 1.2e-05
0.011555 1e-05
0.014341 1.3e-05
0.013119 1.1e-05
0.010628 6e-06
0.010627 7e-06
0.010772 1.3e-05
0.010623 1.3e-05
0.012107 1.2e-05
0.010571 1.2e-05
0.01064 1.2e-05
0.01075 9e-06
0.010561 6e-06
0.010506 8e-06
0.010716 1e-05
0.010625 9e-06
0.010541 1e-05
0.010669 1.3e-05
0.01068 1e-05
0.010583 1.2e-05
0.010639 7e-06
0.010662 9e-06
0.010604 8e-06
0.010612 1e-05
0.010623 1.1e-05
0.010626 8e-06
0.010573 2.5e-05
0.009928 1.2e-05
0.010513 9e-06
0.01072 1.5e-05
0.010668 9e-06
0.011078 1.5e-05
0.010611 9e-06
0.010694 1.1e-05
0.010529 8e-06
0.010615 2.3e-05
0.010051 1.1e-05
0.010649 1.3e-05
0.010663 9e-06
0.010588 7e-06
0.01063 7e-06
0.010529 8e-06
0.010564 7e-06
0.010536 1e-05
0.010491 1.1e-05
0.00999 8e-06
0.009564 1e-05
0.010535 8e-06
0.010747 1e-05
0.010582 1.2e-05
0.011244 1e-05
0.011264 8e-06
0.010615 8e-06
0.010442 8e-06
0.010565 1.1e-05
0.010809 1.1e-05
0.010668 9e-06
0.010843 1e-05
0.010954 9e-06
0.010596 1.4e-05
0.010561 7e-06
0.010593 6e-06
0.010651 9e-06
0.009913 1.1e-05
0.010652 1.1e-05
0.011627 1.3e-05
0.010659 1e-05
0.010592 8e-06
0.010534 8e-06
0.010552 8e-06
0.010575 1.7e-05
0.014042 1.9e-05
0.012742 1.2e-05
0.010617 1.3e-05
0.010658 1.5e-05
0.010616 9e-06
0.01062 1.8e-05
0.012713 9e-06
0.010748 8e-06
0.012515 9e-06
0.010619 1e-05
0.010537 8e-06
0.009511 1.2e-05
0.01245 1.6e-05
0.010868 1.5e-05
0.010691 1e-05
0.010625 7e-06
0.010801 1.1e-05
0.010641 8e-06
0.010508 6e-06
0.013638 1e-05
0.012859 2.1e-05
0.012729 1.3e-05
0.010697 1.2e-05
0.010647 8e-06
0.010547 9e-06
0.010654 1.1e-05
0.014818 1e-05
0.010635 9e-06
0.01072 8e-06
0.010829 9e-06
0.010179 1e-05
0.01053 9e-06
0.010602 1.4e-05
0.010529 8e-06
0.013499 1.3e-05
0.011775 1.1e-05
0.010586 1e-05
0.010578 9e-06
0.010586 1.1e-05
0.010639 6e-06
0.010619 1.6e-05
0.010631 1.3e-05
0.01112 1.8e-05
0.012394 1.4e-05
0.010608 8e-06
0.010597 8e-06
0.01047 7e-06
0.010581 1.3e-05
0.011489 1.2e-05
0.010565 1e-05
0.010602 1.3e-05
0.010657 9e-06
0.010658 1.2e-05
0.010573 9e-06
0.010586 1e-05
0.010571 1e-05
0.010616 1.2e-05
0.010508 1.2e-05
0.010612 1.2e-05
0.010477 8e-06
0.009946 1.5e-05
0.010649 1.1e-05
0.011542 1.7e-05
0.010825 1.5e-05
0.010634 1.2e-05
0.010596 9e-06
0.010527 9e-06
0.010493 8e-06
0.01056 9e-06
0.010903 1e-05
0.010517 1.5e-05
0.01062 8e-06
0.010635 1.4e-05
0.010567 1.1e-05
0.010575 8e-06
0.010525 1.1e-05
0.012615 1.2e-05
0.01051 1e-05
0.010581 7e-06
0.010539 8e-06
0.0093 1.2e-05
0.010598 9e-06
0.010568 1e-05
0.010604 1.5e-05
0.010519 1.6e-05
0.01062 1.1e-05
0.010501 9e-06
0.010463 1.1e-05
0.010518 9e-06
0.010608 1.5e-05
0.010502 1.4e-05
0.010577 1.2e-05
0.010748 1.5e-05
0.010575 1.3e-05
0.010527 1e-05
0.010556 6e-06
0.010476 1.5e-05
0.011093 1.1e-05
0.012553 1.5e-05
0.014014 1e-05
0.009744 1e-05
0.010607 8e-06
0.010632 1.6e-05
0.010693 1.3e-05
0.015983 1e-05
0.0106 9e-06
0.010579 7e-06
0.010485 7e-06
0.010515 9e-06
0.01054 1.3e-05
0.010658 1.4e-05
0.010621 1.5e-05
0.010993 1.1e-05
0.010862 1.1e-05
0.010605 7e-06
0.010624 9e-06
0.010539 1.1e-05
0.012262 1.4e-05
0.010741 9e-06
0.01072 1e-05
0.010558 1e-05
0.01064 1.3e-05
0.010773 1e-05
0.010613 1.3e-05
0.010613 9e-06
0.012702 1.5e-05
0.012287 1.1e-05
0.010636 8e-06
0.010521 7e-06
0.009359 1.2e-05
0.01203 1.6e-05
0.010717 1.3e-05
0.015866 1.1e-05
0.010577 9e-06
0.010567 8e-06
0.010587 6e-06
0.014174 1.1e-05
0.010634 8e-06
0.01233 1.1e-05
0.010649 9e-06
0.010612 1.4e-05
0.010547 1e-05
0.010527 8e-06
0.01142 1.1e-05
0.010582 9e-06
0.010547 1.1e-05
0.010572 9e-06
0.010531 9e-06
0.010375 1.2e-05
0.010643 8e-06
0.01061 1e-05
0.010974 1.3e-05
0.010613 9e-06
0.010625 1.1e-05
0.010597 1e-05
0.010462 7e-06
0.010522 1e-05
0.010563 9e-06
0.011169 1.2e-05
0.010837 1.2e-05
0.01112 1.6e-05
0.010718 1.1e-05
0.010587 8e-06
0.010569 7e-06
0.010586 1.1e-05
0.011022 1.1e-05
0.010716 1e-05
0.01104 1e-05
0.010583 1e-05
0.010558 8e-06
0.01073 1.1e-05
0.010649 1.3e-05
0.010952 1.4e-05
0.010779 9e-06
0.010934 1e-05
0.010802 1e-05
0.010574 8e-06
0.010606 8e-06
0.010546 8e-06
0.012163 1.2e-05
0.010605 1.2e-05
0.010762 1.5e-05
0.010645 1e-05
0.010553 7e-06
0.010516 7e-06
0.010578 8e-06
0.012667 1.2e-05
0.012099 1e-05
0.010645 1.1e-05
0.010515 9e-06
0.01056 1.4e-05
0.010934 1.3e-05
0.010535 1.1e-05
0.010669 9e-06
0.010622 8e-06
0.010906 9e-06
0.010551 9e-06
0.010549 7e-06
0.010555 8e-06
0.010592 1e-05
0.010582 1e-05
0.010894 1.2e-05
0.010636 1e-05
0.010633 9e-06
0.010777 9e-06
0.010564 9e-06
0.010561 1.3e-05
0.01302 1.3e-05
0.012911 1.3e-05
0.010677 1.7e-05
0.010615 1.3e-05
0.010936 1.1e-05
0.010521 8e-06
0.010552 1.2e-05
0.012251 1.1e-05
0.0106 9e-06
0.010634 1e-05
0.010506 8e-06
0.010419 9e-06
0.010633 1.2e-05
0.010677 1.4e-05
0.010959 1.2e-05
0.010778 1.2e-05
0.012816 1e-05
0.010529 1e-05
0.01066 1e-05
0.010677 8e-06
0.010674 9e-06
0.010697 9e-06
0.010827 1.4e-05
0.010975 1.4e-05
0.0109 1.2e-05
0.010701 1.4e-05
0.010685 1.6e-05
0.010649 1.5e-05
0.010719 1.3e-05
0.013663 1.2e-05
0.012021 1.2e-05
0.009651 9e-06
0.010613 1.3e-05
0.011741 1.7e-05
0.014713 1.4e-05
0.010706 1.4e-05
0.010537 1.1e-05
0.010622 1e-05
0.010597 9e-06
0.010539 1.4e-05
0.0105 1.5e-05
0.010621 1.4e-05
