0.037778 0.003112

0.037949 0.002062

0.037664 0.002432

0.038512 0.002508

0.037677 0.001995

0.037592 0.001804

0.037281 0.001292

0.047335 0.001761

0.041442 0.002651

0.039527 0.003912

0.042756 0.001977

0.041058 0.00144

0.040286 0.001909

0.038697 0.001818

0.046575 0.001838

0.037879 0.001378

0.037698 0.001218

0.038433 0.001366

0.03708 0.003512

0.037164 0.001912

0.038376 0.001544

0.037404 0.001757

0.0379 0.003346

0.038678 0.002312

0.037297 0.003559

0.037032 0.002686

0.037486 0.001999

0.038456 0.001056

0.041308 0.00177

0.038089 0.001879

0.037151 0.001402

0.038006 0.002526

0.037879 0.002602

0.039048 0.003671

0.039577 0.00159

0.036898 0.001553

0.036822 0.001315

0.037078 0.001549

0.037523 0.003189

0.03795 0.002136

0.037993 0.002858

0.039253 0.00143

0.037889 0.002646

0.038825 0.001285

0.036904 0.00111

0.038686 0.000645

0.038833 0.001468

0.038733 0.003388

0.03779 0.002477

0.037326 0.001232

0.037377 0.001211

0.036933 0.002197

0.036906 0.001535

0.038317 0.003041

0.03793 0.002832

0.0372 0.001536

0.03681 0.0025

0.03722 0.001901

0.037488 0.002251

0.037849 0.002358

0.037552 0.002017

0.037131 0.002064

0.038593 0.002128

0.036851 0.001665

0.036977 0.00242

0.036675 0.001882

0.037099 0.001129

0.037091 0.001493

0.036718 0.001758

0.037114 0.001854

0.037026 0.001287

0.037073 0.002665

0.037661 0.001234

0.037817 0.001329

0.038295 0.001315

0.054572 0.002341

0.044911 0.003494

0.037464 0.003121

0.03753 0.002735

0.049265 0.003748

0.043856 0.001188

0.037165 0.001486

0.036793 0.002229

0.038365 0.002312

0.036943 0.002905

0.03768 0.003067

0.037832 0.002346

0.037061 0.002827

0.036802 0.001456

0.038696 0.003515

0.037879 0.002675

0.038239 0.001922

0.038146 0.001451

0.038217 0.003328

0.03776 0.000894

0.036986 0.003293

0.038723 0.003154

0.039893 0.002218

0.037939 0.001876

0.036994 0.003164

0.037522 0.002402

0.037 0.001209

0.036727 0.00301

0.03779 0.001771

0.037159 0.00205

0.037061 0.002086

0.083493 0.001972

0.063532 0.000997

0.041574 0.002469

0.038352 0.002221

0.03812 0.003857

0.038622 0.002304

0.039201 0.003109

0.044462 0.003406

0.036079 0.001183

0.04126 0.002609

0.048764 0.001863

0.03866 0.002983

0.042035 0.001135

0.038081 0.00164

0.037754 0.001152

0.037999 0.002603

0.037005 0.00267

0.042894 0.000872

0.039985 0.003251

0.047118 0.001227

0.042249 0.002476

0.037291 0.0025

0.037988 0.001369

0.037273 0.003307

0.037193 0.001923

0.038082 0.002343

0.037474 0.003563

0.037395 0.001642

0.036112 0.001612

0.04168 0.002077

0.037785 0.002048

0.039589 0.001409

0.036897 0.003394

0.039152 0.002725

0.0388 0.001234

0.040168 0.0013

0.039587 0.00118

0.039095 0.003739

0.03936 0.002512

0.04049 0.001439

0.038477 0.001838

0.042775 0.003781

0.04003 0.001378

0.043784 0.001937

0.039744 0.001479

0.039663 0.002327

0.038412 0.001945

0.03593 0.003146

0.037204 0.003447

0.038601 0.001206

0.036772 0.00351

0.039377 0.003419

0.037762 0.001314

0.037503 0.002471

0.03721 0.002734

0.037967 0.002327

0.036939 0.001305

0.036019 0.001401

0.036687 0.003571

0.036052 0.003352

0.038825 0.001475

0.036676 0.001213

0.036317 0.002265

0.046499 0.000727

0.036306 0.001643

0.037748 0.002214

0.03736 0.001336

0.037884 0.003208

0.037626 0.001245

0.041148 0.002317

0.038061 0.002895

0.038403 0.001152

0.03724 0.002748

0.036148 0.003091

0.036751 0.001058

0.039042 0.001064

0.038936 0.002214

0.038928 0.003339

0.039357 0.00329

0.039803 0.002932

0.038051 0.001343

0.036369 0.001805

0.038667 0.001986

0.045866 0.001466

0.03906 0.003138

0.040763 0.00194

0.039514 0.001657

0.041751 0.002744

0.040179 0.00258

0.037264 0.002513

0.036246 0.002974

0.036183 0.001907

0.03652 0.001552

0.042186 0.002608

0.036299 0.001209

0.036676 0.001634

0.036242 0.001315

0.038858 0.002146

0.048779 0.002954

0.038697 0.001184

0.038743 0.003363

0.037545 0.001006

0.037785 0.001393

0.037992 0.001449

0.045028 0.001128

0.047451 0.001815

0.048963 0.001118

0.04001 0.002425

0.043382 0.001324

0.038486 0.003365

0.038086 0.001316

0.039033 0.00269

0.03855 0.004237

0.042828 0.00242

0.040325 0.002714

0.039755 0.002642

0.037574 0.001087

0.037821 0.002142

0.036973 0.001422

0.036201 0.00115

0.036217 0.001762

0.037375 0.003092

0.036486 0.001699

0.037721 0.001033

0.036614 0.002484

0.039131 0.00281

0.039053 0.002888

0.040858 0.000904

0.037128 0.001725

0.03835 0.001664

0.03715 0.001472

0.037492 0.001306

0.037614 0.001616

0.038028 0.001551

0.037223 0.001663

0.03924 0.002002

0.039268 0.000903

0.046014 0.002502

0.038483 0.003568

0.039465 0.003952

0.039603 0.00151

0.038071 0.001464

0.039166 0.001584

0.040594 0.002662

0.040556 0.001838

0.037814 0.001825

0.037887 0.001068

0.039248 0.001198

0.04018 0.001618

0.037754 0.002557

0.035955 0.001038

0.039722 0.003614

0.038558 0.002114

0.040054 0.001598

0.038548 0.001586

0.039114 0.002707

0.040303 0.00197

0.039086 0.001201

0.037255 0.001571

0.037932 0.002587

0.037707 0.002356

0.037786 0.002246

0.036627 0.001569

0.040829 0.001381

0.039586 0.002345

0.0394 0.001694

0.03586 0.003273

0.037457 0.002587

0.03606 0.001523

0.036412 0.002686

0.037367 0.001301

0.04046 0.00217

0.040624 0.001745

0.041877 0.00164

0.044537 0.001741

0.042578 0.002696

0.036624 0.001021

0.037244 0.002871

0.037379 0.001103

0.037636 0.002248

0.038723 0.002999

0.036264 0.002383

0.037173 0.001629

0.038475 0.001036

0.036446 0.001433

0.037265 0.002331

0.036234 0.003388

0.036335 0.001947

0.036348 0.001316

0.036592 0.001144

0.037933 0.000926

0.04476 0.001274

0.037643 0.001474

0.044108 0.001897

0.037818 0.00107

0.036257 0.00219

0.036976 0.002995

0.038269 0.00195

0.036607 0.003476

0.040582 0.003037

0.047036 0.002913

0.037701 0.002588

0.040936 0.003808

0.038297 0.001669

0.037638 0.001687

0.03925 0.002632

0.047932 0.001447

0.043411 0.002732

0.041515 0.003237

0.038397 0.002264

0.03821 0.001172

0.040107 0.002267

0.038281 0.002885

0.041084 0.000751

0.037064 0.003081

0.037653 0.001857

0.035895 0.002215

0.036902 0.003115

0.045238 0.00165

0.045372 0.001823

0.040578 0.002056

0.039302 0.003207

0.044233 0.002028

0.041932 0.0014

0.041574 0.003724

0.055138 0.001635

0.045498 0.001396

0.041912 0.002241

0.042245 0.002648

0.039271 0.003763

0.039616 0.001884

0.042097 0.001526

0.044195 0.003144

0.037585 0.001578

0.040821 0.002023

0.043521 0.001716

0.040564 0.001769

0.039335 0.003357

0.041139 0.001333

0.038471 0.002146

0.039561 0.002058

0.044902 0.002246

0.037983 0.002697

0.039673 0.00265

0.045732 0.002107

0.041213 0.002268

0.038638 0.003201

0.041931 0.001809

0.043321 0.00213

0.037418 0.003301

0.03868 0.00122

0.041459 0.001904

0.037293 0.001105

0.038891 0.001225

0.037849 0.001794

0.039015 0.001677

0.042076 0.001708

0.044168 0.002785

0.038144 0.001491

0.038094 0.001593

0.037949 0.002959

0.038535 0.002711

0.03788 0.001714

0.039237 0.001559

0.038153 0.003112

0.037675 0.002696

0.037994 0.001613

0.038192 0.001943

0.038949 0.002671

0.040754 0.00298

0.03817 0.001906

0.038764 0.00199

0.039611 0.002558

0.037904 0.002684

0.038217 0.002418

0.039443 0.000693

0.037513 0.001927

0.039677 0.001431

0.038563 0.002301

0.037894 0.001405

0.037962 0.003626

0.03834 0.002088

0.037801 0.002392

0.039881 0.001521

0.038203 0.003215

0.03821 0.001723

0.043348 0.003149

0.039711 0.002093

0.038673 0.002352

0.042478 0.003711

0.037454 0.001131

0.038466 0.00222

0.038966 0.001743

0.037473 0.00315

0.037702 0.002272

0.039293 0.002273

0.036894 0.001348

0.037611 0.003485

0.037593 0.001921

0.040388 0.001671

0.039515 0.001676

0.038174 0.003051

0.038268 0.002348

0.038781 0.002332

0.039205 0.002585

0.038315 0.002533

0.037395 0.001493

0.037596 0.001564

0.038396 0.001334

0.039488 0.003172

0.041588 0.002781

0.039877 0.003575

0.040158 0.002335

0.038231 0.003433

0.039623 0.002048

0.040084 0.003445

0.040006 0.003098

0.03852 0.00265

0.040259 0.003514

0.038487 0.002034

0.040224 0.001374

0.038866 0.002433

0.037413 0.002144

0.037935 0.00287

0.03811 0.003212

0.037814 0.002267

0.039425 0.002556

0.041066 0.00215

0.038883 0.000991

0.038737 0.002612

0.037887 0.002652

0.03746 0.002679

0.037135 0.001763

0.037504 0.001147

0.037717 0.002553

0.037495 0.001629

0.038402 0.000806

0.037422 0.002247

0.037433 0.001404

0.039061 0.003449

0.038704 0.001072

0.038885 0.001978

0.040506 0.003118

0.040296 0.00199

0.039539 0.001222

0.037479 0.002479

0.038332 0.002288

0.040152 0.002324

0.039197 0.001261

0.040373 0.001981

0.03817 0.001138

0.039115 0.000775

0.040811 0.00143

0.041491 0.001033

0.041265 0.003079

0.038179 0.002896

0.038352 0.001053

0.038372 0.002006

0.037741 0.002898

0.039315 0.001047

0.03817 0.002922

0.037998 0.00169

0.039127 0.002507

0.037433 0.00266

0.037776 0.002199

0.038636 0.00294

0.037281 0.002508

0.037662 0.001561

0.040861 0.001439

0.038998 0.001609

0.037882 0.002686

0.037831 0.003039

0.038888 0.002235

0.038556 0.003524

0.047418 0.001383

0.039292 0.001417

0.038509 0.001449

0.038408 0.002838

0.037533 0.003371

0.042534 0.00325

0.037098 0.001993

0.037522 0.001899

0.039288 0.001846

0.042517 0.001131

0.039371 0.002926

0.038939 0.002233

0.040138 0.002673

0.039893 0.0019

0.037906 0.000582

0.043664 0.001715

0.042768 0.001259

0.042283 0.002136

0.038115 0.001308

0.041148 0.002322

0.038272 0.002147

0.038472 0.003527

0.038116 0.003176

0.039032 0.001131

0.038065 0.001158

0.039339 0.002034

0.041657 0.002951

0.037589 0.001544

0.041169 0.002101

0.039122 0.003332

0.037455 0.003366

0.037759 0.002349

0.037254 0.003059

0.03832 0.00286

0.037952 0.00208

0.040341 0.002661

0.04251 0.001045

0.037935 0.00245

0.038437 0.001096

0.038317 0.002667

0.037353 0.001337

0.040529 0.002208

0.041821 0.001771

0.038939 0.002476

0.037813 0.002319

0.038507 0.001824

0.041663 0.001304

0.039237 0.001897

0.038608 0.000739

0.038159 0.003326

0.040743 0.002353

0.038831 0.001656

0.03881 0.001544

0.038229 0.002917

0.038746 0.002882

0.038887 0.002404

0.037779 0.002918

0.039016 0.003222

0.037394 0.001913

0.038289 0.002137

0.042474 0.002813

0.040935 0.001731

0.04122 0.002662

0.042504 0.001381

0.038777 0.000723

0.038359 0.002349

0.039966 0.003357

0.042996 0.001971

0.037286 0.002215

0.039369 0.0013

0.03861 0.000903

0.039229 0.002667

0.038843 0.002284

0.037297 0.003264

0.038123 0.001933

0.038012 0.001244

0.041172 0.003295

0.038167 0.003397

0.037655 0.001325

0.039131 0.001096

0.037635 0.001667

0.038917 0.003484

0.037752 0.002213

0.039462 0.001227

0.036877 0.00272

0.038728 0.003205

0.045793 0.001144

0.039085 0.003148

0.039064 0.002341

0.036976 0.002341

0.039184 0.001309

0.038565 0.002531

0.039982 0.002103

0.040273 0.003005

0.040377 0.000918

0.037686 0.001204

0.038934 0.003453

0.039587 0.002912

0.038028 0.000715

0.037743 0.001474

0.037524 0.001343

0.037652 0.001227

0.038063 0.002763

0.037576 0.002434

0.038177 0.003543

0.038444 0.002859

0.037506 0.001263

0.039189 0.00354

0.038287 0.001135

0.037252 0.003691

0.038423 0.003008

0.038704 0.001518

0.038414 0.001286

0.037753 0.003004

0.037604 0.001815

0.037368 0.001685

0.038818 0.002579

0.037468 0.001689

0.037174 0.001326

0.037623 0.001155

0.037128 0.001388

0.037517 0.002826

0.037096 0.002179

0.038112 0.003461

0.038332 0.003531

0.037383 0.003451

0.038345 0.003398

0.038193 0.003434

0.038253 0.002247

0.038604 0.003457

0.041018 0.002235

0.03923 0.002525

0.039278 0.001277

0.038724 0.00175

0.039492 0.001695

0.038496 0.002232

0.041269 0.002537

0.03878 0.000791

0.041854 0.000728

0.039097 0.002302

0.037446 0.000975

0.038885 0.002022

0.039514 0.002233

0.039193 0.001979

0.038082 0.003241

0.039262 0.003707

0.043149 0.002544

0.039371 0.002668

0.03819 0.001211

0.039275 0.001559

0.037905 0.001022

0.039107 0.001493

0.04032 0.00148

0.037847 0.002918

0.038136 0.001242

0.038063 0.00103

0.038555 0.001793

0.038746 0.001937

0.051774 0.002011

0.045407 0.00146

0.047818 0.001803

0.040717 0.00183

0.040305 0.001263

0.040708 0.003422

0.038637 0.001096

0.040249 0.002145

0.043696 0.001604

0.037926 0.001539

0.036781 0.001848

0.041075 0.003407

0.041554 0.003265

0.04099 0.000938

0.039549 0.002976

0.043367 0.001716

0.039472 0.001378

0.037809 0.001964

0.037713 0.001797

0.037648 0.002592

0.03882 0.001071

0.037617 0.00083

0.038332 0.001777

0.038381 0.00191

0.040373 0.002328

0.039169 0.001211

0.038691 0.002368

0.038041 0.001745

0.037946 0.002736

0.052067 0.002646

0.04404 0.00224

0.039123 0.002252

0.037697 0.003291

0.039008 0.00275

0.03797 0.001673

0.037469 0.001333

0.037105 0.002485

0.058021 0.001984

0.056294 0.001682

0.044484 0.000905

0.037722 0.002512

0.039577 0.002916

0.037816 0.00223

0.05527 0.003403

0.048861 0.002899

0.037823 0.00213

0.03775 0.00239

0.044748 0.002413

0.048717 0.002889

0.040683 0.001876

0.038809 0.002527

0.038163 0.003024

0.040186 0.002287

0.038098 0.00085

0.038084 0.001064

0.03875 0.003597

0.039919 0.00163

0.040449 0.00073

0.041636 0.001448

0.038605 0.002683

0.038175 0.002213

0.038958 0.001808

0.037452 0.001459

0.038789 0.001236

0.037956 0.002351

0.049305 0.002197

0.041945 0.001849

0.04808 0.001661

0.038156 0.001767

0.038527 0.003069

0.039574 0.001699

0.038119 0.002867

0.039015 0.001789

0.039813 0.001093

0.038983 0.001384

0.038237 0.002637

0.037375 0.001107

0.037978 0.002177

0.039929 0.002649

0.038025 0.001551

0.039253 0.002198

0.0387 0.002136

0.038131 0.002246

0.038211 0.001505

0.03775 0.003329

0.039037 0.003075

0.03745 0.002277

0.037923 0.001215

0.037983 0.000775

0.03779 0.003322

0.037768 0.003462

0.038612 0.002526

0.03765 0.002316

0.038227 0.001176

0.037773 0.002162

0.037496 0.002428

0.03761 0.00307

0.038887 0.003481

0.038255 0.001376

0.038636 0.001789

0.037817 0.002869

0.037727 0.001685

0.041699 0.003329

0.039977 0.001881

0.039464 0.001613

0.039377 0.003679

0.038621 0.002956

0.038285 0.002704

0.038159 0.001581

0.03772 0.001482

0.038393 0.002703

0.038086 0.003631

0.037623 0.00192

0.03828 0.002307

0.038088 0.001942

0.037729 0.001976

0.038989 0.003157

0.038855 0.002226

0.040391 0.001716

0.037132 0.001335

0.042311 0.003202

0.054437 0.004375

0.047066 0.001166

0.039174 0.002429

0.039767 0.000929

0.03888 0.003187

0.04848 0.001073

0.0413 0.003584

0.039232 0.004797

0.040366 0.002365

0.038518 0.001812

0.048787 0.003072

0.046328 0.002587

0.039288 0.002604

0.038933 0.002176

0.039306 0.002056

0.037795 0.001997

0.039177 0.001655

0.038184 0.002995

0.038351 0.002533

0.038056 0.002106

0.040128 0.001148

0.04075 0.001246

0.039083 0.000995

0.038108 0.001838

0.038457 0.003417

0.038845 0.001672

0.037915 0.002739

0.038448 0.002073

0.038334 0.001423

0.037756 0.002784

0.046952 0.002051

0.045723 0.002251

0.038297 0.002119

0.038285 0.002953

0.039501 0.001048

0.038652 0.001657

0.039528 0.001885

0.038265 0.003103

0.038069 0.001819

0.038833 0.002813

0.038708 0.0016

0.038007 0.001067

0.038207 0.002879

0.03799 0.001192

0.040234 0.003032

0.037961 0.001578

0.038581 0.001117

0.038536 0.002851

0.040615 0.001666

0.039016 0.000879

0.04015 0.001665

0.03849 0.002688

0.037734 0.002196

0.037714 0.001707

0.039147 0.002483

0.037303 0.000902

0.038808 0.002588

0.039019 0.002236

0.038174 0.001993

0.037702 0.003208

0.03739 0.003458

0.037938 0.002425

0.038822 0.00149

0.038001 0.002192

0.04066 0.002921

0.054317 0.002392

0.04093 0.001375

0.04915 0.002703

0.049443 0.001702

0.039466 0.001834

0.038001 0.002593

0.037348 0.0013

0.04008 0.003031

0.038014 0.00208

0.03927 0.002747

0.037521 0.002649

0.039167 0.00304

0.040373 0.001753

0.041048 0.002129

0.041151 0.003547

0.039696 0.001935

0.03737 0.0016

0.039729 0.0022

0.038309 0.000936

0.040802 0.002004

0.042283 0.002464

0.041198 0.001669

0.039168 0.002219

0.038438 0.002533

0.039949 0.002305

0.038773 0.002055

0.039784 0.002497

0.038723 0.001523

0.038196 0.001204

0.039823 0.002197

0.039788 0.002188

0.038329 0.002136

0.050925 0.001791

0.068779 0.001912

0.044661 0.003538

0.040613 0.002538

0.04314 0.001964

0.042227 0.002142

0.040054 0.001843

0.042146 0.00256

0.038097 0.003204

0.037537 0.000994

0.038368 0.000876

0.042315 0.002884

0.0387 0.002543

0.039109 0.004363

0.039906 0.00341

0.051239 0.001872

0.042218 0.002532

0.039127 0.003239

0.039138 0.002457

0.045743 0.000847

0.042204 0.001891

0.039211 0.002164

0.038411 0.002503

0.041108 0.00257

0.03852 0.001096

0.038942 0.002603

0.039083 0.001427

0.042197 0.001225

0.038486 0.001402

0.04016 0.001861

0.038783 0.002894

0.04084 0.002636

0.038534 0.002862

0.039613 0.002397

0.054785 0.001386

0.040969 0.001772

0.043465 0.003092

0.05406 0.002059

0.041154 0.002578

0.042067 0.002574

0.039188 0.000974

0.039595 0.001958

0.040011 0.001803

0.04243 0.001866

0.038707 0.002507

0.039019 0.001693

0.039001 0.000923

0.040274 0.002771

0.038656 0.003699

0.042722 0.001496

0.041386 0.003474

0.039259 0.001606

0.039802 0.002657

0.039392 0.001107

0.040623 0.002656

0.040596 0.001416

0.051111 0.00139

0.05574 0.001019

0.044091 0.001755

0.040514 0.001505

0.039229 0.002574

0.042358 0.001958

0.040065 0.002767

0.040528 0.001735

0.040329 0.002213

0.0396 0.002203

0.038618 0.002637

0.03918 0.00218

0.038527 0.001197

0.039091 0.001682

0.039052 0.001554

0.039855 0.001318

0.045356 0.002493

0.038606 0.002128

0.038938 0.001363

0.038573 0.001519

0.038406 0.002294

0.038571 0.002813

0.03825 0.002362

0.038096 0.001878

0.039497 0.002641

0.03809 0.001691

0.038444 0.00217

0.039335 0.002321

0.038113 0.001672

0.038356 0.000999

0.038098 0.001174

0.038351 0.001677

0.039704 0.002311

0.039962 0.002333

0.039898 0.002972

0.039683 0.001149

0.03976 0.00162

0.040785 0.002715

0.040364 0.000806

0.041348 0.001729

0.039074 0.003062

0.040493 0.00272

0.039144 0.002882

0.039313 0.00237

0.039257 0.002077

0.04002 0.003298

0.03802 0.002509

0.038368 0.003875

0.039188 0.002323

0.038861 0.001798

0.039648 0.001551

0.038928 0.001441

0.03862 0.001663

0.041423 0.003197

0.041585 0.001979

0.039734 0.001632

0.039 0.001338

0.039349 0.000871

0.042215 0.002277

0.038741 0.002497

0.038878 0.001687

0.038741 0.001076

0.038035 0.003256

0.038705 0.002955

0.04003 0.002419

0.043753 0.002138

0.042203 0.001866

0.040996 0.002941

0.038688 0.001398

0.058806 0.003643

0.049787 0.002568

0.038587 0.003428

0.045478 0.001172

0.052922 0.002413

0.038866 0.001443

0.0402 0.001783

0.040097 0.00104

0.038686 0.002625

0.038585 0.001617

0.03967 0.002269

0.037961 0.003592

0.039079 0.001403

0.038403 0.003908

0.040746 0.001894

0.038557 0.002581

0.038833 0.002518

0.039145 0.001568

0.03889 0.003031

