0.00132 4.1e-05

0.001268 0.000118

0.001267 0.000158

0.001271 9.1e-05

0.001258 0.00012

0.00128 5e-05

0.001255 0.000153

0.001258 0.000119

0.001263 0.000126

0.00127 0.000141

0.00127 7.8e-05

0.001265 4.1e-05

0.001257 8e-05

0.001282 7.3e-05

0.001227 8.4e-05

0.001222 0.000147

0.001324 0.000151

0.001323 0.000112

0.00127 4.2e-05

0.001245 3.4e-05

0.001262 4.8e-05

0.001267 0.000103

0.001285 3.2e-05

0.001242 8.5e-05

0.001262 8.2e-05

0.001212 6.6e-05

0.001212 3.2e-05

0.001211 8.6e-05

0.001212 0.000136

0.00123 4.5e-05

0.001239 9.4e-05

0.001275 6.2e-05

0.001253 6.9e-05

0.001234 0.000107

0.001263 0.000115

0.001241 9.2e-05

0.001777 0.000138

0.001813 0.000186

0.001801 0.000165

0.001775 0.000183

0.00171 8.3e-05

0.001806 8.5e-05

0.001693 0.000137

0.001806 0.000108

0.001873 0.000177

0.001431 6.4e-05

0.001459 0.000139

0.001283 0.00011

0.001307 0.000175

0.001303 5.9e-05

0.001306 0.000179

0.001744 8.3e-05

0.001894 0.000105

0.001844 0.000134

0.001559 0.000122

0.001267 7.1e-05

0.001247 8.1e-05

0.001252 5.4e-05

0.001259 0.000143

0.001326 0.000104

0.001262 0.000104

0.001254 7.7e-05

0.001237 9e-05

0.001285 7.6e-05

0.001259 0.000146

0.001258 9.3e-05

0.001322 9.3e-05

0.00127 9.4e-05

0.001251 0.000128

0.001239 0.000136

0.001246 8.8e-05

0.00135 6.7e-05

0.001268 6.3e-05

0.001259 8.9e-05

0.001286 0.000118

0.001356 5e-05

0.001276 6.3e-05

0.001247 9.3e-05

0.001332 0.00015

0.001261 0.00011

0.001259 9.1e-05

0.001301 7.2e-05

0.001251 7.8e-05

0.00122 7.4e-05

0.001218 0.000109

0.001242 6.2e-05

0.001237 9.4e-05

0.001231 7.6e-05

0.001314 0.000133

0.001251 4.9e-05

0.001286 8.1e-05

0.001251 3.4e-05

0.001261 4.8e-05

0.001305 8.2e-05

0.001248 0.00014

0.001241 0.000149

0.001258 8.8e-05

0.001258 7.5e-05

0.001223 7.8e-05

0.001211 7.8e-05

0.001244 0.000112

0.001235 4.9e-05

0.001215 4.2e-05

0.001203 9.7e-05

0.001241 7.6e-05

0.001237 4.6e-05

0.00124 7.1e-05

0.001242 7.5e-05

0.00121 0.00013

0.001217 3.2e-05

0.001246 0.00016

0.001241 0.000158

0.001212 0.000154

0.001203 8.4e-05

0.001326 5.9e-05

0.001227 9.5e-05

0.00122 6.9e-05

0.001274 0.000139

0.001286 7e-05

0.001246 6e-05

0.001248 8.3e-05

0.001235 0.000139

0.001253 6.4e-05

0.001255 0.000135

0.001256 0.000141

0.001251 2.9e-05

0.001248 0.000136

0.001279 6.2e-05

0.001254 0.00013

0.001214 5.2e-05

0.001212 7e-05

0.00123 7.3e-05

0.001278 3.4e-05

0.001253 0.000126

0.001253 5.5e-05

0.001267 6.9e-05

0.001322 9.9e-05

0.001248 0.000146

0.001212 5.4e-05

0.001243 8.9e-05

0.001263 5.5e-05

0.001203 8.2e-05

0.001216 9.4e-05

0.001229 8.3e-05

0.001221 7.4e-05

0.001221 6.1e-05

0.001229 5.2e-05

0.001339 0.000159

0.00125 7.7e-05

0.001224 7.1e-05

0.001278 7.3e-05

0.001262 7.2e-05

0.001438 0.000142

0.001792 0.000123

0.001603 0.000234

0.001429 0.000127

0.001858 0.000139

0.001945 0.000147

0.001924 0.00013

0.001526 0.000177

0.00185 7.5e-05

0.001851 0.000129

0.001797 0.00012

0.001356 0.000153

0.001274 0.000128

0.001327 7.6e-05

0.001299 0.000203

0.001277 7.1e-05

0.001277 5.6e-05

0.001325 7.6e-05

0.001397 5.8e-05

0.001263 0.000143

0.001246 9.2e-05

0.001264 0.000104

0.001302 0.000103

0.001268 0.000131

0.001259 9.6e-05

0.001263 6.1e-05

0.001271 6.2e-05

0.00126 5.6e-05

0.001264 7.7e-05

0.001284 8.9e-05

0.001276 7.6e-05

0.001268 0.000103

0.001254 9.2e-05

0.001259 5e-05

0.001323 6.2e-05

0.001251 0.000116

0.001258 5.3e-05

0.001205 7.5e-05

0.001214 0.00015

0.001216 0.000107

0.001221 7.1e-05

0.001252 8.3e-05

0.001264 0.00011

0.001589 4.9e-05

0.001276 8.1e-05

0.00121 8.5e-05

0.00121 6.7e-05

0.001362 0.000145

0.001261 0.000139

0.001304 0.000158

0.001223 0.000122

0.001309 5.7e-05

0.001244 0.000155

0.001233 4.6e-05

0.001216 4.7e-05

0.001206 0.000117

0.001219 7.4e-05

0.00122 0.000142

0.001219 8.6e-05

0.001212 5.9e-05

0.001217 9.1e-05

0.00124 6.4e-05

0.001242 7.1e-05

0.001216 8.5e-05

0.00124 8e-05

0.001249 7.6e-05

0.001269 8.5e-05

0.001249 0.000127

0.001278 8.1e-05

0.001263 0.000154

0.001257 0.000104

0.001254 0.000128

0.001265 9.1e-05

0.001276 0.000122

0.001254 2.9e-05

0.001287 8.2e-05

0.001281 0.000156

0.001281 0.000127

0.001213 9.1e-05

0.001207 0.000104

0.001227 7.3e-05

0.001229 3.8e-05

0.00129 0.000115

0.001261 8e-05

0.001259 0.000139

0.001227 0.000114

0.001303 8.6e-05

0.001265 8.9e-05

0.00126 4.1e-05

0.001243 7.2e-05

0.001249 0.000124

0.001221 5.4e-05

0.001226 9.8e-05

0.00121 0.000112

0.001355 0.000145

0.001252 9.3e-05

0.001266 9.6e-05

0.001208 5e-05

0.001241 0.000137

0.001223 5.8e-05

0.001218 7.5e-05

0.001212 0.00013

0.001256 5.6e-05

0.001236 0.000139

0.001215 8.6e-05

0.001235 0.000114

0.001235 0.00016

0.001279 8.6e-05

0.001273 0.000149

0.001252 9.4e-05

0.001237 0.000148

0.001316 4.4e-05

0.001269 4.9e-05

0.001253 8.1e-05

0.001254 6.2e-05

0.001268 6.8e-05

0.00125 9.6e-05

0.001268 7.3e-05

0.001263 8.1e-05

0.001278 9e-05

0.001258 5.2e-05

0.001288 7.1e-05

0.001226 5.8e-05

0.001239 0.00012

0.001211 0.000123

0.001218 3.9e-05

0.001274 8.4e-05

0.001218 7e-05

0.001299 5.8e-05

0.001221 0.000144

0.001218 0.00012

0.001207 0.000124

0.001215 3.4e-05

0.001264 8.4e-05

0.00128 9.8e-05

0.001216 7e-05

0.001214 3.5e-05

0.001232 0.000141

0.001289 0.000145

0.001253 0.000142

0.001241 0.000102

0.001302 6.8e-05

0.001286 0.000121

0.00125 0.000109

0.001243 3.8e-05

0.001258 9.3e-05

0.001302 0.000146

0.001248 6.8e-05

0.001269 9.6e-05

0.001211 5.8e-05

0.001244 4.9e-05

0.001207 9.1e-05

0.001257 7.9e-05

0.001199 8e-05

0.001238 0.000151

0.001316 9.5e-05

0.001225 0.00012

0.001204 0.000144

0.001218 4.9e-05

0.001239 0.00021

0.001722 0.000171

0.001583 0.000141

0.001881 0.000119

0.001914 0.000174

0.001898 0.00019

0.001914 9.6e-05

0.001763 0.000134

0.001287 7.5e-05

0.001669 0.000191

0.001355 5e-05

0.001303 5.2e-05

0.00126 0.000153

0.001321 8.2e-05

0.001277 8.5e-05

0.001271 4.1e-05

0.001261 8.9e-05

0.001249 4.7e-05

0.001255 0.000135

0.001258 0.000123

0.001255 7.3e-05

0.001251 9.7e-05

0.00125 0.000155

0.001285 0.000119

0.001247 0.000133

0.001258 9.5e-05

0.00134 4.9e-05

0.001267 9.8e-05

0.001256 0.00015

0.001248 0.000111

0.001302 8.4e-05

0.001256 0.000104

0.001252 0.000136

0.001408 7.4e-05

0.001308 4.5e-05

0.001263 6.3e-05

0.001391 9.2e-05

0.001266 9.8e-05

0.001284 9.5e-05

0.001267 0.000118

0.001261 5e-05

0.001263 9.1e-05

0.001253 5.6e-05

0.001277 9.5e-05

0.001261 0.000175

0.001276 6.1e-05

0.001294 0.000101

0.001271 0.000124

0.001263 6.3e-05

0.001305 0.000116

0.001264 7.7e-05

0.001281 0.000104

0.001328 8.4e-05

0.00127 8.2e-05

0.001263 0.000118

0.001258 9.2e-05

0.00124 6.7e-05

0.001217 8.4e-05

0.001233 0.000104

0.001238 7.2e-05

0.001209 0.000139

0.001215 0.000152

0.001256 0.000131

0.001217 5.6e-05

0.001232 0.000109

0.001217 0.000134

0.001216 7.8e-05

0.001429 0.000116

0.001367 0.000175

0.001278 3.8e-05

0.001244 6.4e-05

0.001263 0.000138

0.001249 9.2e-05

0.001266 9.8e-05

0.001257 7.5e-05

0.00126 0.000116

0.001249 9.2e-05

0.001254 5.2e-05

0.001219 0.000113

0.001222 3e-05

0.001208 0.000113

0.00134 5.9e-05

0.001245 3.1e-05

0.001253 7.2e-05

0.001248 4.7e-05

0.001376 0.0001

0.002042 0.000194

0.001947 9.5e-05

0.001945 0.000147

0.001869 9.7e-05

0.001726 0.000113

0.001524 0.000128

0.001849 0.000163

0.001881 0.000156

0.001832 0.000159

0.001479 9.2e-05

0.001276 0.000136

0.001283 7.5e-05

0.001557 0.000163

0.001333 6.2e-05

0.001352 8.2e-05

0.001268 7.3e-05

0.001321 0.000153

0.001278 0.000131

0.001263 4.9e-05

0.00126 7.6e-05

0.001263 5.4e-05

0.001269 4.7e-05

0.001263 4.2e-05

0.001264 8e-05

0.001261 0.000132

0.001258 6.9e-05

0.001252 0.000109

0.001263 7.8e-05

0.001264 0.00014

0.001244 0.000123

0.001253 0.000121

0.001247 6.1e-05

0.001205 8.2e-05

0.001287 7e-05

0.001238 5.3e-05

0.001223 6.8e-05

0.001238 0.000116

0.00124 7.3e-05

0.001214 0.000151

0.001224 8.9e-05

0.001211 9.8e-05

0.001221 0.000138

0.001209 8.4e-05

0.001227 0.000132

0.001199 8.3e-05

0.00122 4.5e-05

0.001229 0.000138

0.001309 5e-05

0.001267 0.000112

0.001269 0.000112

0.001253 9.3e-05

0.001248 4.2e-05

0.001336 9.3e-05

0.001277 0.000103

0.001253 0.000106

0.001256 7.5e-05

0.001255 4e-05

0.001245 6.4e-05

0.001212 5.7e-05

0.001236 6.2e-05

0.001279 7.5e-05

0.001242 0.000115

0.001247 8.7e-05

0.001221 0.000115

0.001257 0.000153

0.001249 8.7e-05

0.001236 0.000126

0.001246 7.1e-05

0.001208 0.000123

0.00124 7.4e-05

0.001242 0.000134

0.001227 9.1e-05

0.001332 4.6e-05

0.001268 0.000126

0.001219 8.2e-05

0.001242 9e-05

0.00121 0.000101

0.001269 0.000121

0.001249 7e-05

0.001235 5.8e-05

0.001239 0.000135

0.001259 0.000145

0.001229 5.6e-05

0.001275 6.1e-05

0.001245 0.00013

0.001365 0.000125

0.001268 9.7e-05

0.001245 3.7e-05

0.001207 9.6e-05

0.001255 0.000147

0.001913 0.000174

0.00189 0.000151

0.001323 6.4e-05

0.0015 0.000134

0.00174 0.000191

0.001806 0.000182

0.001758 0.000167

0.001331 0.000167

0.001276 0.000135

0.001326 0.000127

0.001271 9.7e-05

0.001255 4.6e-05

0.001269 6.6e-05

0.001304 6.9e-05

0.001291 0.000128

0.001284 5.5e-05

0.001288 0.000101

0.001338 0.000145

0.001372 9.3e-05

0.001267 0.000145

0.001249 8.7e-05

0.001542 0.000104

0.001271 0.000165

0.001256 8e-05

0.001261 0.00015

0.001253 6.7e-05

0.001263 8.3e-05

0.001254 5.2e-05

0.001264 5.7e-05

0.00125 6.2e-05

0.001329 0.000127

0.001328 0.000129

0.001242 7.4e-05

0.001233 5.4e-05

0.001234 0.000141

0.001231 8.5e-05

0.001244 7e-05

0.001229 8.6e-05

0.001244 0.000138

0.001213 0.000124

0.00124 6.4e-05

0.001287 0.000115

0.001243 0.00015

0.00126 7.4e-05

0.001311 0.000144

0.00126 0.000158

0.001251 0.000115

0.001281 0.00011

0.001329 0.000142

0.001259 6.3e-05

0.001243 8.5e-05

0.001322 0.000128

0.00126 4.5e-05

0.001224 0.000118

0.001238 0.000138

0.001223 3.5e-05

0.001218 7.7e-05

0.001288 5.9e-05

0.001267 6.3e-05

0.00122 7.6e-05

0.001221 8.3e-05

0.001253 0.000117

0.001207 7.2e-05

0.001215 7.5e-05

0.001244 0.000114

0.001226 5.1e-05

0.001217 5.1e-05

0.001468 0.000155

0.00124 0.000105

0.001258 8e-05

0.001221 0.000129

0.001227 7.3e-05

0.001217 9.9e-05

0.001219 4.2e-05

0.001251 0.00013

0.001245 5.1e-05

0.001226 8.6e-05

0.001334 0.000131

0.00127 6.6e-05

0.00125 9.2e-05

0.001263 4.5e-05

0.001225 5.5e-05

0.001239 0.000137

0.001299 7.9e-05

0.00126 5.8e-05

0.00124 7.7e-05

0.001226 7.5e-05

0.001256 6.9e-05

0.001208 2.8e-05

0.001223 0.000117

0.001341 9.6e-05

0.00124 7.6e-05

0.00121 8.6e-05

0.001226 0.000132

0.001216 4.3e-05

0.001789 0.000207

0.001867 0.000154

0.001697 0.000232

0.001865 0.000263

0.001911 0.000119

0.001956 0.00012

0.001836 0.000105

0.0018 0.000112

0.001917 8.5e-05

0.001322 9.2e-05

0.001359 6.1e-05

0.001282 3.4e-05

0.001304 9e-05

0.001255 0.000133

0.001273 7.5e-05

0.001249 7e-05

0.001258 9.5e-05

0.001257 2.8e-05

0.001255 0.000129

0.00122 5.2e-05

0.001216 8.9e-05

0.001236 4.7e-05

0.001219 0.000129

0.001239 9.7e-05

0.001219 9e-05

0.001208 7.5e-05

0.001391 3.2e-05

0.001213 7.4e-05

0.00122 0.000149

0.00122 0.000144

0.001222 9.3e-05

0.001214 9.7e-05

0.001225 0.000143

0.001226 7.1e-05

0.00126 0.000114

0.00121 9.7e-05

0.001221 0.000108

0.001242 0.000154

0.001265 0.000146

0.0012 0.00014

0.001223 7.1e-05

0.001215 2.9e-05

0.001254 9.4e-05

0.001211 4.2e-05

0.001216 4.5e-05

0.00122 0.000139

0.00126 0.000116

0.001224 0.000102

0.001222 6.3e-05

0.001223 7.4e-05

0.001229 6.4e-05

0.001244 7.2e-05

0.001219 7.8e-05

0.001223 6.8e-05

0.001215 5.9e-05

0.001253 4.9e-05

0.001226 6.8e-05

0.001232 7.5e-05

0.001223 8.1e-05

0.001241 3.3e-05

0.001323 0.000152

0.001213 5.1e-05

0.001214 7.2e-05

0.001241 4.9e-05

0.001222 0.000141

0.001224 4.3e-05

0.001255 0.000118

0.001248 6.2e-05

0.001249 0.000135

0.001251 5.5e-05

0.001255 6.5e-05

0.001209 9.4e-05

0.001211 7.7e-05

0.001265 7e-05

0.001219 9e-05

0.001208 8.7e-05

0.001233 8.6e-05

0.001212 0.000147

0.001219 7.3e-05

0.001202 0.000102

0.001252 9.4e-05

0.001253 6e-05

0.001255 7.3e-05

0.001239 8.9e-05

0.001242 6.5e-05

0.001246 8.5e-05

0.001271 0.00014

0.001239 0.000101

0.001284 9.7e-05

0.001249 6.4e-05

0.001267 4e-05

0.001258 0.000156

0.001248 2.7e-05

0.001273 7.5e-05

0.001293 0.000157

0.00132 8.6e-05

0.00128 8.6e-05

0.001266 9.1e-05

0.001261 5e-05

0.0013 0.000103

0.001257 0.000129

0.001248 5.1e-05

0.001259 7e-05

0.001332 0.000139

0.001295 5.6e-05

0.001254 7.9e-05

0.001219 5.8e-05

0.001213 3.9e-05

0.001254 6.2e-05

0.001243 8.3e-05

0.001225 0.000107

0.001225 5.6e-05

0.001228 7.4e-05

0.001339 6.3e-05

0.001219 0.000146

0.001244 0.000125

0.001306 0.000122

0.001224 0.000103

0.001337 6.6e-05

0.001222 0.000131

0.001296 7.6e-05

0.001217 0.000146

0.00123 0.000129

0.00127 7.7e-05

0.001216 8.2e-05

0.001225 8.4e-05

0.001256 7.4e-05

0.00124 0.000101

0.001241 6.8e-05

0.001225 4.8e-05

0.001249 0.000118

0.001274 6.9e-05

0.001261 0.000117

0.001252 4.2e-05

0.001286 6.7e-05

0.001247 6.9e-05

0.001247 0.000131

0.001251 0.000148

0.001254 9.1e-05

0.001234 5.5e-05

0.001255 0.000106

0.001263 0.000118

0.001222 4.6e-05

0.001211 6e-05

0.001232 7.3e-05

0.001211 7e-05

0.001274 0.000133

0.001346 3.9e-05

0.001222 0.00014

0.00124 4.6e-05

0.001229 9.7e-05

0.001224 9.7e-05

0.001253 6.4e-05

0.001213 6e-05

0.001232 4.7e-05

0.001221 4.5e-05

0.001245 0.000117

0.00124 5e-05

0.001251 6.2e-05

0.001293 3.8e-05

0.001262 7.5e-05

0.001252 0.000115

0.001253 0.000129

0.001241 6.9e-05

0.001211 0.000127

0.001275 0.000125

0.001249 6.9e-05

0.001242 0.000149

0.001227 0.00013

0.001224 3.1e-05

0.001222 4.2e-05

0.001213 8.9e-05

0.001572 0.000162

0.001701 0.000253

0.001849 0.000141

0.001779 0.000189

0.001707 0.00013

0.001754 0.000116

0.001755 0.000143

0.001695 8.9e-05

0.001551 0.000113

0.001265 0.000149

0.001681 7.4e-05

0.001259 9.6e-05

0.001257 7.3e-05

0.001242 5e-05

0.001315 0.000157

0.001257 0.000126

0.001237 7.2e-05

0.001238 6.6e-05

0.001248 8.5e-05

0.00133 0.0001

0.001292 0.000159

0.001251 0.00014

0.001249 3.6e-05

0.001258 0.000109

0.001321 0.000184

0.001249 6.7e-05

0.001217 0.000111

0.00121 0.000151

0.001222 7e-05

0.001229 7.1e-05

0.001286 0.000127

0.001336 6.9e-05

0.001245 0.000112

0.001243 0.000122

0.001686 0.000161

0.001298 8e-05

0.001241 9e-05

0.001474 7.3e-05

0.001217 5.6e-05

0.001237 9.2e-05

0.001261 5.7e-05

0.001298 0.000114

0.001271 9.6e-05

0.001251 0.000144

0.001312 0.000121

0.001211 3.6e-05

0.001225 0.000112

0.001215 0.000139

0.001237 0.000119

0.001205 5.4e-05

0.001246 5.4e-05

0.001221 5.2e-05

0.001226 5.8e-05

0.001244 3.6e-05

0.001259 8.4e-05

0.001251 0.000106

0.001322 0.000141

0.001315 5e-05

0.001261 8.3e-05

0.001285 6.5e-05

0.001221 5.7e-05

0.001207 8.5e-05

0.001232 3.9e-05

0.001211 0.00011

0.001473 0.000201

0.001659 0.000127

0.001343 7.1e-05

0.00146 0.000145

0.001288 0.0001

0.001337 6e-05

0.001287 4.9e-05

0.001287 0.000102

0.001268 9e-05

0.001255 4.8e-05

0.001257 9.6e-05

0.001266 9.1e-05

0.001263 8.4e-05

0.001427 0.000101

0.001257 6.2e-05

0.001255 8.6e-05

0.001245 9.5e-05

0.001235 0.000105

0.001496 0.000217

0.001921 0.000145

0.001809 0.000142

0.001827 0.000147

0.001796 4.7e-05

0.001561 0.000195

0.001789 0.000116

0.001565 4.8e-05

0.001288 0.00014

0.001321 0.000116

0.001322 0.000112

0.001276 4e-05

0.001295 4.1e-05

0.001314 0.00015

0.001418 0.000132

0.001268 6.5e-05

0.001311 4.8e-05

0.001258 4e-05

0.001401 6.4e-05

0.001325 9.1e-05

0.001267 0.000166

0.001247 0.000145

0.001258 0.000128

0.001239 0.00012

0.001249 0.000108

0.001259 0.00011

0.001269 0.000118

0.00127 8.6e-05

0.00125 9.1e-05

0.001245 7.3e-05

0.00129 0.000181

0.001261 6.8e-05

0.001314 7.7e-05

0.001252 9.9e-05

0.00126 7e-05

0.00131 9.1e-05

0.001261 9.7e-05

0.001238 8.9e-05

0.001255 0.000124

0.001251 0.000129

0.001262 0.000129

0.001247 0.000132

0.001273 7.4e-05

0.001289 0.000102

0.001268 9.1e-05

0.001266 7.7e-05

0.001269 9.5e-05

0.001383 0.00012

0.001253 7.5e-05

0.001247 7.4e-05

0.001306 7.5e-05

0.001301 7.3e-05

0.001297 7.4e-05

0.001247 6.9e-05

0.001239 0.000148

0.001243 8.2e-05

0.001236 4.3e-05

0.001211 8.5e-05

0.001227 9.6e-05

0.001233 7.7e-05

0.001224 4.2e-05

0.00122 7.2e-05

0.001211 6e-05

0.001209 0.00013

0.001257 9.3e-05

0.001207 5.6e-05

0.001207 9e-05

0.001209 5.1e-05

0.001218 0.000134

0.001205 8.7e-05

0.001219 0.000128

0.001241 9.3e-05

0.00123 0.000118

0.001209 3.4e-05

0.001221 7.4e-05

0.001246 0.000119

0.001254 0.000148

0.001268 6.9e-05

0.001262 9e-05

0.001259 0.000102

0.001256 0.000117

0.001257 8.4e-05

0.001264 8.7e-05

0.001239 8.9e-05

0.001243 4.9e-05

0.001238 8e-05

0.001249 8.2e-05

0.00127 0.000125

0.001243 8.2e-05

0.001238 7.6e-05

0.001239 0.000127

0.001302 8.6e-05

0.001226 0.000118

0.001221 8.6e-05

0.001219 7.1e-05

0.001215 8.7e-05

0.001239 8.6e-05

0.001218 0.00015

0.001263 0.0001

0.001204 4.6e-05

0.001243 6.3e-05

0.001215 7.3e-05

0.001255 4.4e-05

0.001264 0.000125

0.00125 0.0001

0.00124 7.3e-05

0.001238 7.9e-05

0.001244 0.000117

0.001264 3.9e-05

0.001216 0.000137

0.001215 0.000104

0.001213 0.000104

0.001215 0.000135

0.001248 9.4e-05

0.001337 7.9e-05

0.001249 6.8e-05

0.001251 0.000113

0.001214 4.1e-05

0.001226 3.6e-05

0.001214 3.9e-05

0.001218 0.000114

0.001242 0.000115

0.001227 0.000102

0.001217 0.000121

0.00126 0.000103

0.00124 9.5e-05

0.001234 0.000148

0.001216 4.7e-05

0.001218 7.7e-05

0.001218 4.4e-05

0.001244 8.5e-05

0.001244 6e-05

0.00123 8.5e-05

0.001245 6.9e-05

0.001252 8.2e-05

0.001208 0.00011

0.001247 7.3e-05

0.001258 6.3e-05

0.00122 6.9e-05

0.001207 7.8e-05

0.001225 0.000121

0.00121 0.00012

0.00126 0.000128

0.001212 7.7e-05

0.001206 7.8e-05

0.00126 5.6e-05

0.001257 0.00011

0.001218 4.6e-05

0.001221 0.000102

0.001226 5.9e-05

0.001213 0.000121

0.001261 0.000149

0.00122 0.000154

0.001215 5.7e-05

0.001231 6.8e-05

0.001222 7.1e-05

0.001224 0.000137

0.001213 0.000132

0.001254 5.3e-05

0.001243 6.7e-05

0.00129 0.000117

0.001212 9.7e-05

0.001252 0.000102

0.001276 6.7e-05

