0.004347 1.6e-05

0.004316 1e-05

0.004477 1.4e-05

0.004392 1e-05

0.005246 2.3e-05

0.004585 1.8e-05

0.004446 1.9e-05

0.004508 2.1e-05

0.004493 2.9e-05

0.006608 2.9e-05

0.006084 1.8e-05

0.004919 2.3e-05

0.004608 1.7e-05

0.004674 2.1e-05

0.004503 1.6e-05

0.004535 1.7e-05

0.004354 2e-05

0.004448 2.3e-05

0.00437 1.7e-05

0.004475 1.9e-05

0.004451 1.6e-05

0.004353 1.2e-05

0.004254 1.7e-05

0.004344 1.1e-05

0.004297 1.3e-05

0.004376 1.2e-05

0.004235 1.2e-05

0.004278 1.1e-05

0.004387 1.2e-05

0.004281 1.3e-05

0.00437 1.2e-05

0.004377 1e-05

0.004279 1.6e-05

0.004399 1.7e-05

0.004385 1.9e-05

0.00448 2e-05

0.004305 1.2e-05

0.004353 1.1e-05

0.00431 1.3e-05

0.004255 1.2e-05

0.004299 1.2e-05

0.004314 1.1e-05

0.004309 1.4e-05

0.004308 1.2e-05

0.004276 9e-06

0.004327 1e-05

0.004278 1.1e-05

0.004313 1.1e-05

0.004245 3.1e-05

0.004557 1.9e-05

0.004319 1.7e-05

0.004389 1.3e-05

0.004389 9e-06

0.004288 1.5e-05

0.004283 1.2e-05

0.004265 1.1e-05

0.004457 1.1e-05

0.004238 1e-05

0.004246 1.3e-05

0.004297 1.1e-05

0.004301 8e-06

0.004297 6e-06

0.004255 1.2e-05

0.004322 1.1e-05

0.004314 1.1e-05

0.004338 1.2e-05

0.004211 1.1e-05

0.004269 1e-05

0.004224 1.2e-05

0.004377 8e-06

0.004372 1.7e-05

0.004449 1.3e-05

0.004276 1.3e-05

0.004321 1.1e-05

0.004265 1.2e-05

0.004285 1.3e-05

0.004647 1.2e-05

0.004371 1.1e-05

0.004241 1.2e-05

0.004459 9e-06

0.004315 9e-06

0.004286 1.4e-05

0.004212 8e-06

0.004362 1.5e-05

0.004289 1.3e-05

0.00434 1.5e-05

0.004345 1.4e-05

0.004304 1.1e-05

0.004294 1e-05

0.004269 1.2e-05

0.004219 2.9e-05

0.004503 1.4e-05

0.004305 9e-06

0.004305 1.2e-05

0.004301 1.4e-05

0.005172 1.9e-05

0.004398 1.1e-05

0.004324 1.2e-05

0.004316 1.5e-05

0.004461 1.1e-05

0.004332 1.4e-05

0.004348 9e-06

0.004242 9e-06

0.004302 1.1e-05

0.004252 8e-06

0.004265 1.3e-05

0.005093 1.6e-05

0.004305 9e-06

0.004364 1.2e-05

0.004278 1.3e-05

0.004323 1.5e-05

0.004273 1.2e-05

0.004238 8e-06

0.00426 1.2e-05

0.004383 1.3e-05

0.004308 1.4e-05

0.004326 1.2e-05

0.004248 1.2e-05

0.004351 1.2e-05

0.004251 1.2e-05

0.004208 1.2e-05

0.004252 1.2e-05

0.004352 8e-06

0.004488 1.6e-05

0.004301 1.5e-05

0.004278 1.1e-05

0.004321 1e-05

0.004368 1.1e-05

0.004262 7e-06

0.004474 1.4e-05

0.004357 1.5e-05

0.004426 1.2e-05

0.004266 1.1e-05

0.004305 1.4e-05

0.004401 1.3e-05

0.004386 1.7e-05

0.004279 1.1e-05

0.004281 1.3e-05

0.004276 1e-05

0.004456 9e-06

0.004286 1.3e-05

0.004297 1.5e-05

0.00427 1.1e-05

0.004386 7e-06

0.004278 1.2e-05

0.004244 1.3e-05

0.004326 1.1e-05

0.00434 1.1e-05

0.004296 1.3e-05

0.004325 8e-06

0.004309 1.2e-05

0.004369 7e-06

0.004308 1e-05

0.004306 1e-05

0.00435 1.2e-05

0.004302 1.1e-05

0.004248 1.1e-05

0.004245 1.3e-05

0.004268 1e-05

0.004289 7e-06

0.004246 1.3e-05

0.004294 1.2e-05

0.004297 1.1e-05

0.004258 1.2e-05

0.004277 1.2e-05

0.004292 8e-06

0.004288 1.2e-05

0.004225 1.1e-05

0.00424 9e-06

0.004333 1.2e-05

0.004262 1.1e-05

0.004342 1.4e-05

0.004248 1.1e-05

0.004247 1.2e-05

0.004327 1.2e-05

0.004297 1.3e-05

0.004246 9e-06

0.004259 8e-06

0.004251 1.1e-05

0.004275 1.3e-05

0.004308 1.2e-05

0.004367 8e-06

0.004284 1.2e-05

0.004231 1.1e-05

0.00427 1.1e-05

0.004278 1.1e-05

0.004274 1.2e-05

0.00434 1e-05

0.004237 9e-06

0.004317 1.2e-05

0.004276 1.2e-05

0.004352 1.2e-05

0.004265 1.1e-05

0.004305 1.2e-05

0.004222 1.1e-05

0.004243 1e-05

0.004344 1.1e-05

0.004263 1.3e-05

0.004299 8e-06

0.004311 1e-05

0.004373 1.1e-05

0.004245 1e-05

0.004226 1.1e-05

0.004257 1.2e-05

0.004368 1.1e-05

0.004273 9e-06

0.004223 8e-06

0.00424 1.1e-05

0.004371 7e-06

0.004257 1.2e-05

0.004789 1.6e-05

0.004282 8e-06

0.004341 8e-06

0.004332 1.1e-05

0.004232 1.2e-05

0.004226 1.2e-05

0.004395 1.2e-05

0.004274 1.3e-05

0.004253 8e-06

0.004273 1.2e-05

0.004323 1e-05

0.004266 1.1e-05

0.004295 1.3e-05

0.00434 1.1e-05

0.0043 1.1e-05

0.004277 1.2e-05

0.004284 1.2e-05

0.004267 1.1e-05

0.004259 1.2e-05

0.004297 1.3e-05

0.004314 1.2e-05

0.004311 1.1e-05

0.004267 1.3e-05

0.004302 1e-05

0.004236 1.3e-05

0.004371 1.1e-05

0.004374 1.2e-05

0.004296 9e-06

0.004237 1e-05

0.004271 1.2e-05

0.004238 1.1e-05

0.004236 8e-06

0.00424 8e-06

0.004343 1e-05

0.00433 1.1e-05

0.004257 2.2e-05

0.004265 9e-06

0.004253 9e-06

0.004285 1e-05

0.004221 1.1e-05

0.004294 1.1e-05

0.0043 1.2e-05

0.004282 8e-06

0.004269 1e-05

0.004289 8e-06

0.004286 1e-05

0.004254 9e-06

0.004249 1.1e-05

0.004358 1.3e-05

0.004228 8e-06

0.004257 6e-06

0.004219 1e-05

0.00433 1.2e-05

0.004412 1.1e-05

0.004327 1.3e-05

0.004344 1e-05

0.004262 1.1e-05

0.004255 1.1e-05

0.004298 1.1e-05

0.004263 1.1e-05

0.004316 9e-06

0.004261 1.2e-05

0.004308 9e-06

0.004269 8e-06

0.004283 1e-05

0.004198 1e-05

0.004252 7e-06

0.004344 1e-05

0.004389 1e-05

0.004266 1.3e-05

0.004294 1.1e-05

0.004539 1.3e-05

0.004302 7e-06

0.004313 1e-05

0.004212 9e-06

0.004344 1e-05

0.004279 1.3e-05

0.004269 9e-06

0.004238 1.3e-05

0.004395 1.1e-05

0.004297 8e-06

0.00472 1.6e-05

0.00441 1e-05

0.004393 9e-06

0.004271 1.2e-05

0.004327 1.1e-05

0.004228 1.1e-05

0.004357 1.1e-05

0.004258 1.2e-05

0.004304 1.2e-05

0.004249 1e-05

0.004299 1.2e-05

0.004308 1.3e-05

0.00423 8e-06

0.004259 8e-06

0.004256 1.2e-05

0.004221 1.3e-05

0.004333 8e-06

0.004307 1.1e-05

0.004278 8e-06

0.004275 9e-06

0.004329 1.2e-05

0.004349 1.3e-05

0.004269 1.4e-05

0.004246 9e-06

0.004234 9e-06

0.004281 1e-05

0.004308 8e-06

0.004267 9e-06

0.004296 1.1e-05

0.004419 1.3e-05

0.004279 1.1e-05

0.004249 1.1e-05

0.004238 1.5e-05

0.004251 1.2e-05

0.004283 1.3e-05

0.004282 1.2e-05

0.004256 1.1e-05

0.00431 1.2e-05

0.004283 1.2e-05

0.004322 1.2e-05

0.004306 1.1e-05

0.004314 1.2e-05

0.004286 8e-06

0.004274 1.3e-05

0.004225 1.1e-05

0.004379 1.2e-05

0.004293 1.1e-05

0.004367 1e-05

0.004383 6e-06

0.004236 1.2e-05

0.00429 1.1e-05

0.004292 9e-06

0.004302 1.1e-05

0.004328 1.1e-05

0.00426 1.1e-05

0.004258 1e-05

0.004336 8e-06

0.004271 1.1e-05

0.004232 1.1e-05

0.004311 1.1e-05

0.004377 1e-05

0.004279 1.2e-05

0.004316 1.2e-05

0.004354 8e-06

0.004286 1.3e-05

0.004259 1e-05

0.004245 2.3e-05

0.00438 1.2e-05

0.004347 1e-05

0.004257 1.2e-05

0.004288 1.6e-05

0.004366 7e-06

0.004253 1.3e-05

0.0043 1.2e-05

0.004261 9e-06

0.00435 1.2e-05

0.004339 1.3e-05

0.004335 1.2e-05

0.004296 1.1e-05

0.004353 1.2e-05

0.004261 3.4e-05

0.0044 1.2e-05

0.004276 1.1e-05

0.004394 9e-06

0.004251 1.2e-05

0.004269 1.3e-05

0.004264 1.1e-05

0.004381 1.2e-05

0.004211 1.1e-05

0.004249 9e-06

0.004281 1.1e-05

0.004363 1.1e-05

0.00425 9e-06

0.004226 8e-06

0.004303 1.1e-05

0.004348 1.1e-05

0.004245 1.1e-05

0.004253 8e-06

0.0042 1e-05

0.004353 1.4e-05

0.004292 1e-05

0.004291 1.2e-05

0.004269 1.7e-05

0.004365 9e-06

0.004258 8e-06

0.004241 1.2e-05

0.004231 1.1e-05

0.004308 1.2e-05

0.0043 1e-05

0.004281 1.1e-05

0.004486 1.6e-05

0.004267 1.2e-05

0.004319 1.3e-05

0.004236 1.2e-05

0.004267 1.2e-05

0.004287 1e-05

0.004255 1.2e-05

0.004414 1.1e-05

0.004302 1.1e-05

0.004248 1.1e-05

0.004263 1.1e-05

0.004326 1e-05

0.004271 1.1e-05

0.004312 1.1e-05

0.004228 1.1e-05

0.004246 7e-06

0.004261 1.1e-05

0.004218 1.1e-05

0.004299 9e-06

0.004336 8e-06

0.004252 1.2e-05

0.004245 2.5e-05

0.004239 1.1e-05

0.004326 8e-06

0.004313 1.2e-05

0.004246 9e-06

0.004338 1.2e-05

0.004318 7e-06

0.004289 1.1e-05

0.004345 9e-06

0.004326 1.3e-05

0.004349 1.1e-05

0.004353 1.3e-05

0.004347 1.3e-05

0.00435 1.3e-05

0.004264 1.1e-05

0.004298 6e-06

0.004269 8e-06

0.004267 9e-06

0.004234 1.3e-05

0.004252 1.2e-05

0.00424 9e-06

0.004322 1.1e-05

0.004281 1.1e-05

0.004291 7e-06

0.004266 1.2e-05

0.004363 1.2e-05

0.004279 1.3e-05

0.004308 7e-06

0.004333 1.1e-05

0.004279 1.1e-05

0.004253 2.1e-05

0.004317 1.5e-05

0.004252 7e-06

0.004363 1.3e-05

0.00432 1.1e-05

0.004253 1e-05

0.004374 1.5e-05

0.004315 1.1e-05

0.004287 1.1e-05

0.004216 1.4e-05

0.004329 1e-05

0.004357 9e-06

0.004299 1.2e-05

0.00426 8e-06

0.004227 1e-05

0.004438 1.2e-05

0.004334 1.2e-05

0.004298 1.1e-05

0.00427 1.1e-05

0.004307 1.1e-05

0.004292 1.8e-05

0.004311 9e-06

0.004295 1.3e-05

0.004304 1.2e-05

0.004322 1e-05

0.004243 1.2e-05

0.004285 9e-06

0.004278 5e-06

0.004303 9e-06

0.004301 1.2e-05

0.004382 1.4e-05

0.004326 8e-06

0.004301 1.3e-05

0.00431 1.5e-05

0.004269 1e-05

0.004324 1.2e-05

0.004321 1.1e-05

0.004273 1.2e-05

0.00425 8e-06

0.004226 1.1e-05

0.004369 1.1e-05

0.004274 1.2e-05

0.004343 9e-06

0.004331 1.1e-05

0.004269 1e-05

0.00428 9e-06

0.004335 8e-06

0.004235 9e-06

0.004299 8e-06

0.004289 9e-06

0.004331 1.1e-05

0.004242 1.3e-05

0.004334 9e-06

0.004262 9e-06

0.004342 5e-06

0.004243 1.1e-05

0.004328 1e-05

0.004262 9e-06

0.004348 1.2e-05

0.004303 1.1e-05

0.004311 1.4e-05

0.004309 9e-06

0.004333 1.1e-05

0.004522 1.7e-05

0.004446 1.4e-05

0.004288 2.8e-05

0.004409 1.4e-05

0.004293 8e-06

0.00438 1.5e-05

0.004333 1.5e-05

0.004396 1.4e-05

0.004385 1.7e-05

0.004414 1.1e-05

0.004353 1.3e-05

0.004383 8e-06

0.004302 2.2e-05

0.004459 1e-05

0.00443 1.3e-05

0.004307 1e-05

0.004419 1.3e-05

0.004354 1.4e-05

0.004773 1.7e-05

0.005413 2.7e-05

0.004451 1.5e-05

0.004302 1.2e-05

0.00437 1.3e-05

0.004374 1.2e-05

0.004356 1.4e-05

0.004336 1.7e-05

0.004371 1.1e-05

0.004327 1.3e-05

0.004335 1.3e-05

0.004399 1.6e-05

0.004306 9e-06

0.004368 1.2e-05

0.004362 1.3e-05

0.004352 1.3e-05

0.004367 1.3e-05

0.004348 1.3e-05

0.004354 1.3e-05

0.004365 1.4e-05

0.004354 1.6e-05

0.004357 8e-06

0.004342 1.2e-05

0.004254 1.3e-05

0.004424 1.3e-05

0.004279 1.1e-05

0.005062 1.5e-05

0.004608 1.7e-05

0.004251 9e-06

0.004386 1.3e-05

0.004282 1.4e-05

0.004382 9e-06

0.00426 1.2e-05

0.00423 8e-06

0.004385 1.4e-05

0.004246 1.2e-05

0.004233 1e-05

0.004366 1e-05

0.004301 1.4e-05

0.004401 1.1e-05

0.004296 1.3e-05

0.004253 1.2e-05

0.004279 1.1e-05

0.004244 1.2e-05

0.004284 1.2e-05

0.004285 9e-06

0.004316 1.2e-05

0.004281 1e-05

0.004334 1.2e-05

0.00437 1.1e-05

0.004267 1.3e-05

0.004249 1.2e-05

0.004349 1.3e-05

0.004342 1.4e-05

0.004385 7e-06

0.004354 9e-06

0.004222 1e-05

0.004285 9e-06

0.004322 1.2e-05

0.00439 1.5e-05

0.004349 1.2e-05

0.004416 1.4e-05

0.004347 1e-05

0.004386 1.4e-05

0.004358 1.5e-05

0.004353 1e-05

0.004287 1.2e-05

0.004282 1.2e-05

0.004271 9e-06

0.004247 1e-05

0.00441 2e-05

0.004362 2.2e-05

0.004423 3.6e-05

0.004591 2e-05

0.004543 2.1e-05

0.004656 2.4e-05

0.005397 2.3e-05

0.005793 1.6e-05

0.004742 1.8e-05

0.005046 1.7e-05

0.004428 1.9e-05

0.004521 1.6e-05

0.004379 1.7e-05

0.004404 1.9e-05

0.004365 1.5e-05

0.004395 2.5e-05

0.004419 1.9e-05

0.004426 1.6e-05

0.00438 1.8e-05

0.004501 1.8e-05

0.004418 2.2e-05

0.004477 1.4e-05

0.004366 2e-05

0.005972 2e-05

0.004624 2.4e-05

0.005914 2.2e-05

0.006235 2.1e-05

0.006662 1.5e-05

0.004984 1.9e-05

0.004454 2e-05

0.00448 2.4e-05

0.004384 2.2e-05

0.004442 1.7e-05

0.004438 1.9e-05

0.004442 2e-05

0.004467 1.8e-05

0.00497 1.9e-05

0.004476 1.7e-05

0.004468 1.3e-05

0.004376 1.4e-05

0.004366 1.2e-05

0.004486 1.9e-05

0.004647 1.5e-05

0.004386 1.9e-05

0.00441 1.4e-05

0.004425 2.4e-05

0.004634 1.4e-05

0.004419 1.7e-05

0.004323 1.3e-05

0.00441 1.3e-05

0.004281 8e-06

0.004296 1.2e-05

0.004359 1.3e-05

0.004332 1.4e-05

0.004407 3.6e-05

0.006606 1.9e-05

0.006514 3.8e-05

0.006278 2.5e-05

0.005776 1.7e-05

0.006149 2.7e-05

0.005457 2.1e-05

0.005691 2.3e-05

0.005224 2.1e-05

0.004648 1.4e-05

0.005409 2.2e-05

0.004637 1.5e-05

0.005451 1.9e-05

0.005688 1.7e-05

0.005338 2.4e-05

0.005868 1.7e-05

0.00476 1.9e-05

0.00483 2.7e-05

0.006467 2.2e-05

0.005467 1.8e-05

0.005277 1.5e-05

0.005223 1.3e-05

0.005097 2.1e-05

0.004528 2.9e-05

0.004943 2.5e-05

0.00518 1.9e-05

0.004559 1.9e-05

0.005453 2.7e-05

0.005134 2.2e-05

0.005216 2.2e-05

0.005126 2.3e-05

0.004542 1.9e-05

0.004543 2.8e-05

0.005329 1.9e-05

0.00564 3.1e-05

0.00462 2.1e-05

0.004547 2.6e-05

0.005086 3.3e-05

0.005451 2.6e-05

0.005597 2.3e-05

0.005066 1.9e-05

0.005372 2.7e-05

0.005016 2.7e-05

0.005102 2.7e-05

0.00592 2.8e-05

0.004763 2.3e-05

0.004768 2.4e-05

0.00509 2.2e-05

0.004627 2.8e-05

0.00687 5e-05

0.006233 2.4e-05

0.005905 2.4e-05

0.00526 2.4e-05

0.005226 2.4e-05

0.004658 2.4e-05

0.005439 2.2e-05

0.005139 1.9e-05

0.004864 2.1e-05

0.00462 3.1e-05

0.004436 1.8e-05

0.004391 2.2e-05

0.004447 1.5e-05

0.004662 1.8e-05

0.004494 2.1e-05

0.004395 1.7e-05

0.004473 1.6e-05

0.004426 1.8e-05

0.004458 2.8e-05

0.00451 1.9e-05

0.004481 2e-05

0.004436 1.9e-05

0.004463 2.1e-05

0.004425 2e-05

0.004502 2.1e-05

0.004499 2e-05

0.004518 1.5e-05

0.004494 1.8e-05

0.004426 1.2e-05

0.004434 2e-05

0.004443 2e-05

0.004471 2.2e-05

0.004494 3.6e-05

0.004439 1.9e-05

0.004448 2.2e-05

0.004461 1.7e-05

0.004522 1.8e-05

0.004464 2.1e-05

0.004405 2.1e-05

0.004407 1.4e-05

0.004412 2.5e-05

0.004595 1.9e-05

0.004461 1.8e-05

0.004456 1.6e-05

0.00443 2e-05

0.004478 2.1e-05

0.004485 2e-05

0.004368 2e-05

0.004633 2.4e-05

0.00454 1.8e-05

0.004386 1.9e-05

0.004405 1.9e-05

0.004449 2.1e-05

0.004397 1.8e-05

0.004452 1.9e-05

0.004684 1.7e-05

0.004458 1.7e-05

0.004408 2.4e-05

0.004518 2.2e-05

0.004462 2e-05

0.004457 1.8e-05

0.004379 2e-05

0.0045 1.6e-05

0.004662 1.9e-05

0.004393 2.1e-05

0.004385 2.2e-05

0.00448 2.1e-05

0.004415 2e-05

0.004485 2.2e-05

0.004479 1.8e-05

0.004693 2e-05

0.00444 1.7e-05

0.004427 1.9e-05

0.004548 1.7e-05

0.004435 2e-05

0.004428 2e-05

0.004488 2e-05

0.004465 2.2e-05

0.004394 3.2e-05

0.004452 1.8e-05

0.004438 1.6e-05

0.004411 1.9e-05

0.00445 1.8e-05

0.004394 1.3e-05

0.004572 1.8e-05

0.004433 1.9e-05

0.004371 2e-05

0.004415 1.7e-05

0.004507 2e-05

0.004423 1.9e-05

0.004425 1.4e-05

0.004461 2e-05

0.004736 1.9e-05

0.004494 1.6e-05

0.004605 1.9e-05

0.004556 2.4e-05

0.004475 2e-05

0.004426 2.1e-05

0.004497 1.6e-05

0.004448 1.4e-05

0.004408 1e-05

0.004342 1.2e-05

0.004396 1.3e-05

0.004433 1.5e-05

0.004358 1.2e-05

0.004282 1.8e-05

0.004467 1.8e-05

0.004507 1.7e-05

0.004406 1.5e-05

0.004387 1.3e-05

0.004352 9e-06

0.004385 8e-06

0.004258 1.5e-05

0.004416 1.6e-05

0.004438 9e-06

0.004386 1.2e-05

0.004352 1.6e-05

0.004382 2.4e-05

0.004862 2e-05

0.004498 2.5e-05

0.004719 1.8e-05

0.004473 2e-05

0.004419 1.9e-05

0.00437 1.2e-05

0.004462 1.8e-05

0.004409 1.5e-05

0.004382 1.4e-05

0.004843 1.9e-05

0.004491 1.8e-05

0.00442 1.9e-05

0.004429 2.1e-05

0.00439 1.5e-05

0.004459 1.6e-05

0.004407 2e-05

0.004496 2.2e-05

0.004488 2.9e-05

0.004388 1.7e-05

0.004454 1.9e-05

0.004448 1.9e-05

0.004465 1.5e-05

0.004412 2e-05

0.004413 1.8e-05

0.004494 1.6e-05

0.004465 1.9e-05

0.004437 1.5e-05

0.004376 1.6e-05

0.004682 3.1e-05

0.004707 1.9e-05

0.004385 2e-05

0.006167 2.1e-05

0.004441 2e-05

0.004393 1.6e-05

0.006451 2.1e-05

0.004432 1.3e-05

0.004412 2.1e-05

0.004362 2.1e-05

0.004762 2e-05

0.004529 2.6e-05

0.004612 2.3e-05

0.004473 1.7e-05

0.004445 4.9e-05

0.006812 3.9e-05

0.006424 2.4e-05

0.004421 1.9e-05

0.00443 2e-05

0.004468 1.9e-05

0.004487 2.2e-05

0.004427 2e-05

0.004436 2e-05

0.004424 2e-05

0.004489 1.6e-05

0.004391 1.9e-05

0.004441 2.1e-05

0.004568 3.8e-05

0.006048 2.2e-05

0.004419 2.1e-05

0.004544 2.1e-05

0.004603 2e-05

0.004427 2.3e-05

0.004436 1.4e-05

0.004397 1.8e-05

0.004492 2.2e-05

0.004442 2.2e-05

0.00442 1.7e-05

0.004397 1.9e-05

0.004467 1.9e-05

0.004479 1.5e-05

0.005118 2.1e-05

0.004433 2e-05

0.004357 1.8e-05

0.004474 2e-05

0.004407 2e-05

0.004407 1.9e-05

0.005321 2.2e-05

0.004426 2.3e-05

0.004513 2e-05

0.004421 2.2e-05

0.004429 1.5e-05

0.004407 1.6e-05

0.00448 1.3e-05

0.004497 1.9e-05

0.00443 2.2e-05

0.0048 1.6e-05

0.004447 1.7e-05

0.004433 2e-05

0.004529 1.9e-05

0.004544 2.6e-05

0.004528 2e-05

0.004421 2e-05

0.004532 4.2e-05

0.006208 2.4e-05

0.006198 2e-05

0.004397 1.7e-05

0.004475 2.3e-05

0.004524 1.6e-05

0.004371 1.6e-05

0.00455 2e-05

0.00455 1.5e-05

0.004414 2.7e-05

0.006368 2e-05

0.004703 3.9e-05

0.00452 3.1e-05

0.006769 2e-05

0.006021 2.4e-05

0.004508 2.1e-05

0.004401 2e-05

0.004421 2.3e-05

0.004483 3.3e-05

0.004468 1.6e-05

0.004489 2.1e-05

0.004461 2.5e-05

0.005744 2.2e-05

0.004469 2e-05

0.004494 2.1e-05

0.004468 2.2e-05

0.004434 1.4e-05

0.004416 2.1e-05

0.00451 1.8e-05

0.004671 3e-05

0.005876 2.3e-05

0.005906 2e-05

0.004745 3.1e-05

0.004719 3e-05

0.004397 2e-05

0.004539 2.5e-05

0.004422 2.3e-05

0.004508 3e-05

0.005788 2.8e-05

0.00449 2.5e-05

0.004461 2.2e-05

0.004582 2.3e-05

0.004541 1.9e-05

0.004568 2.8e-05

0.004494 2.4e-05

0.004447 2e-05

0.004419 2e-05

0.004435 2.2e-05

0.004866 2.1e-05

0.004492 2.1e-05

0.00437 2e-05

0.004497 2.1e-05

0.004445 1.8e-05

0.00442 2.1e-05

0.004428 2.1e-05

0.00446 1.9e-05

0.004457 1.4e-05

0.004421 2.7e-05

0.004466 1.9e-05

0.00447 2.2e-05

0.004535 2.1e-05

0.004423 2.3e-05

0.004456 2e-05

0.004407 1.9e-05

0.004441 1.9e-05

0.004456 2e-05

0.004454 2.7e-05

0.005204 1.9e-05

0.004589 1.6e-05

0.00447 1.5e-05

0.00451 2.4e-05

0.004789 2e-05

0.004463 2.7e-05

0.005146 2.1e-05

0.004457 1.8e-05

0.004513 1.6e-05

0.004385 2e-05

0.004508 2e-05

0.004369 1.8e-05

0.004482 1.7e-05

0.004459 2e-05

0.004393 1.8e-05

0.004485 2.1e-05

0.004398 1.4e-05

0.004351 1.5e-05

