0.010194 0.000144
0.011074 9.2e-05
0.014149 7.4e-05
0.012181 0.000148
0.010976 0.000139
0.010953 0.000141
0.011069 0.000137
0.01221 6.2e-05
0.011037 9.1e-05
0.0106 0.000123
0.011677 0.000112
0.010974 0.000146
0.010923 0.000137
0.010991 0.000135
0.012663 6.5e-05
0.011538 9.1e-05
0.011914 0.000131
0.010942 0.000171
0.013445 7.2e-05
0.010972 0.000111
0.010949 0.000194
0.012287 8e-05
0.011407 8.4e-05
0.011071 7.1e-05
0.010903 0.000129
0.010918 0.000102
0.011112 0.000145
0.010958 0.000143
0.010925 0.000115
0.012795 7.5e-05
0.01111 0.000125
0.010939 9.7e-05
0.011176 0.000137
0.011049 7.3e-05
0.014754 6.4e-05
0.014724 0.000131
0.011088 0.000103
0.00979 7.8e-05
0.011258 8.2e-05
0.012227 8.9e-05
0.010897 8.7e-05
0.010885 0.000141
0.011266 6.5e-05
0.011056 7.3e-05
0.011072 0.000112
0.010996 0.000105
0.010966 6.2e-05
0.010421 4.7e-05
0.011649 0.000151
0.011083 0.000187
0.013902 0.000126
0.011044 0.000138
0.010947 0.000135
0.011008 0.000122
0.010879 0.000181
0.013901 7.3e-05
0.011782 8.5e-05
0.011048 9.5e-05
0.011634 0.000161
0.011269 0.000135
0.010994 5.8e-05
0.010972 0.000108
0.012688 0.00015
0.011898 0.000177
0.011088 5.2e-05
0.011014 0.000135
0.010926 0.000133
0.010962 0.000142
0.011139 0.000129
0.012888 0.000134
0.01103 9.6e-05
0.013861 8.5e-05
0.010946 0.000141
0.011038 6.2e-05
0.011575 5.4e-05
0.009534 5.1e-05
0.010915 9.9e-05
0.010996 8.9e-05
0.011086 0.00015
0.010869 0.000124
0.010856 6e-05
0.011189 0.000141
0.010947 0.000105
0.010912 9.5e-05
0.010943 0.000144
0.01095 0.000115
0.010998 8.7e-05
0.011306 8.7e-05
0.011716 0.000153
0.010962 0.000132
0.01096 0.000144
0.011032 0.000144
0.010937 0.000112
0.010954 0.00014
0.010696 8.4e-05
0.010988 0.000133
0.010956 0.000137
0.010972 8.3e-05
0.010959 0.00015
0.01101 0.000102
0.010968 0.000136
0.010958 0.000115
0.010908 0.000138
0.011015 7.1e-05
0.010333 9.5e-05
0.010967 0.000137
0.011139 9.9e-05
0.011036 0.000129
0.010916 0.000115
0.011011 8.7e-05
0.010927 7.4e-05
0.01097 0.000134
0.010946 8.5e-05
0.010985 9.6e-05
0.010833 0.000123
0.010944 6.7e-05
0.011044 9.9e-05
0.010943 7.8e-05
0.010893 8.1e-05
0.010955 0.000114
0.011101 0.000197
0.011004 6.9e-05
0.011025 0.000122
0.010936 6.2e-05
0.009947 0.000134
0.010891 0.000113
0.011496 0.00014
0.01101 8.7e-05
0.011008 0.000105
0.011007 6.6e-05
0.010952 0.000127
0.010931 0.000112
0.011001 0.000131
0.01316 5.9e-05
0.011472 9.1e-05
0.011083 0.000149
0.011225 0.000114
0.011018 9e-05
0.01106 0.000132
0.013473 8e-05
0.012375 5.7e-05
0.010954 0.000142
0.010884 7.3e-05
0.009731 9.6e-05
0.011252 0.000195
0.011001 0.000147
0.011318 0.000134
0.011183 0.000175
0.011073 8.7e-05
0.01104 0.000106
0.01099 0.000133
0.011011 0.000138
0.011382 0.000147
0.011266 0.000126
0.010957 0.000136
0.01119 0.000142
0.010994 7.9e-05
0.011195 0.000135
0.010951 0.000125
0.011131 0.000129
0.011822 0.00011
0.010959 9.1e-05
0.012016 0.000146
0.011156 0.000107
0.010927 9.6e-05
0.010993 8.2e-05
0.010985 7.8e-05
0.012452 9.4e-05
0.011227 0.000115
0.011113 0.000122
0.01095 0.000139
0.010972 4.1e-05
0.009403 8.2e-05
0.010955 8e-05
0.011093 0.0002
0.01322 0.000211
0.013038 0.000128
0.01105 7.4e-05
0.011019 9.6e-05
0.011006 0.000126
0.011044 0.000188
0.011904 0.000142
0.019234 0.000144
0.011204 7.5e-05
0.011 6.6e-05
0.010952 6.6e-05
0.011016 0.000145
0.014694 0.00011
0.011274 0.00014
0.010973 3.3e-05
0.011166 7.2e-05
0.011081 0.000123
0.011147 0.0002
0.011897 0.000143
0.015119 0.000107
0.011033 0.000141
0.010938 0.000114
0.011021 9.9e-05
0.011008 0.000139
0.010644 7.4e-05
0.011094 0.000144
0.011066 0.000104
0.010918 0.000105
0.010978 7.7e-05
0.010937 9.9e-05
0.010955 7.7e-05
0.011014 9.3e-05
0.010898 8e-05
0.010927 8.6e-05
0.010475 0.000105
0.010946 7.5e-05
0.010922 0.000123
0.010992 0.000138
0.01209 8.6e-05
0.013918 8.9e-05
0.010975 8.5e-05
0.011206 8.9e-05
0.010892 0.000127
0.010406 7e-05
0.010978 6.2e-05
0.011083 0.000115
0.011477 0.000111
0.011876 4.9e-05
0.016273 7.7e-05
0.010981 0.000146
0.010915 0.000129
0.017685 0.000167
0.01988 8.3e-05
0.012009 0.00011
0.012126 6.7e-05
0.011733 0.000257
0.018196 0.000109
0.011865 0.000153
0.011004 0.000196
0.016575 0.000125
0.016817 0.000146
0.011099 0.000108
0.01142 7.8e-05
0.011342 8.8e-05
0.011319 0.000149
0.011471 0.000157
0.013753 0.000102
0.016543 0.000136
0.016667 0.000181
0.016599 0.000114
0.01595 0.000197
0.016531 0.000151
0.016321 0.000175
0.016448 0.000103
0.016291 0.000116
0.011021 0.00013
0.011331 6.7e-05
0.011161 0.000147
0.01101 0.00013
0.015698 0.000179
0.01617 0.000187
0.016322 7e-05
0.015893 0.000162
0.010848 9e-05
0.0111 0.000122
0.011348 7.9e-05
0.011141 0.000181
0.016345 0.000193
0.014752 0.000132
0.010988 0.000134
0.010975 0.000138
0.011182 0.000128
0.010983 0.000142
0.011816 0.000145
0.011006 0.00014
0.014262 0.000123
0.016223 0.000143
0.013653 4.5e-05
0.01104 0.000153
0.011028 0.000137
0.010802 0.000127
0.010995 0.000102
0.011029 7.5e-05
0.01127 0.000151
0.011497 8.9e-05
0.016343 0.000185
0.01157 0.000146
0.010896 0.000116
0.011008 0.000146
0.014066 0.000143
0.011363 7.4e-05
0.011105 0.000362
0.01115 0.000134
0.011009 0.000119
0.013983 0.000139
0.010945 0.000172
0.011671 8.8e-05
0.010887 0.000108
0.010951 0.000132
0.009972 0.000132
0.01093 9.1e-05
0.014523 0.000136
0.014472 6.9e-05
0.013386 0.000116
0.011149 0.000129
0.010827 0.000134
0.010972 0.000126
0.011002 8.4e-05
0.013547 0.000131
0.011151 0.00013
0.01095 9.4e-05
0.011042 0.000116
0.01101 0.000135
0.011014 7.8e-05
0.010946 8.4e-05
0.010904 0.000132
0.010939 8.2e-05
0.010891 7.7e-05
0.01091 0.00012
0.010876 0.000128
0.010912 0.000148
0.011009 7.1e-05
0.011067 0.000144
0.011833 9e-05
0.011227 0.000104
0.011351 0.000126
0.010978 0.000137
0.01104 0.000143
0.011046 7.6e-05
0.011564 0.000128
0.011095 0.000101
0.012484 8.7e-05
0.011009 0.000138
0.01097 0.000166
0.015288 0.000105
0.015058 0.000108
0.015865 0.000154
0.01337 9.3e-05
0.011735 8e-05
0.013502 8.5e-05
0.011155 0.00016
0.011523 4e-05
0.011506 0.000145
0.010965 0.000117
0.010991 9.5e-05
0.011739 9.2e-05
0.011543 0.000156
0.01253 0.000112
0.012973 5e-05
0.011018 0.00015
0.010868 0.000145
0.012957 0.000128
0.011293 0.000149
0.015105 0.00014
0.011002 0.000157
0.01268 0.000129
0.011057 0.000119
0.013417 0.000151
0.010867 0.000117
0.011943 0.000117
0.010959 8.2e-05
0.010938 0.000146
0.011012 6.7e-05
0.011028 0.000137
0.010965 2.4e-05
0.011052 0.00015
0.011085 0.000167
0.011973 0.000157
0.012471 0.000152
0.011094 0.000157
0.012266 0.000153
0.011026 0.000135
0.01124 0.000135
0.010965 0.000133
0.011501 0.000153
0.011028 9.4e-05
0.011615 0.000141
0.011012 0.000116
0.011007 0.000124
0.011159 0.000125
0.010866 7e-05
0.01134 0.00014
0.012014 0.000144
0.011646 0.000156
0.013275 9.1e-05
0.011174 8.6e-05
0.011056 0.000115
0.011009 0.000139
0.011169 0.000104
0.011173 0.000112
0.013309 8.4e-05
0.01097 8.4e-05
0.010981 0.000165
0.011033 0.000152
0.012023 5.6e-05
0.011062 0.000147
0.011086 0.000144
0.011538 9.3e-05
0.010992 5e-05
0.011059 0.000189
0.015356 0.000165
0.013441 0.000113
0.011692 0.000152
0.011028 6.5e-05
0.01161 0.000116
0.011077 0.00012
0.011531 0.00016
0.011151 0.000122
0.017882 0.000143
0.011699 0.000103
0.01113 6.4e-05
0.011558 9.2e-05
0.011269 0.00011
0.011331 0.000117
0.011211 8.8e-05
0.011927 0.000135
0.011014 0.00015
0.010976 0.000109
0.010913 0.000113
0.010999 7.5e-05
0.010942 0.000158
0.012848 0.000131
0.012153 6.2e-05
0.014269 0.000106
0.015525 0.000133
0.011722 9.8e-05
0.011235 0.000159
0.011675 0.000145
0.011066 8.8e-05
0.010686 0.000167
0.014739 0.000183
0.015106 0.000155
0.015687 9.2e-05
0.013885 0.000167
0.013886 6.4e-05
0.013991 0.000163
0.013801 0.000171
0.013837 0.000113
0.01434 0.00015
0.014013 5.3e-05
0.013678 4.8e-05
0.013784 9.9e-05
0.013804 5.9e-05
0.013765 0.000161
0.012915 0.000107
0.013771 0.000178
0.014087 9.1e-05
0.013598 0.000172
0.013654 0.000162
0.013516 5.5e-05
0.0137 0.000165
0.013557 0.000167
0.013636 8e-05
0.014157 0.00012
0.013872 0.000162
0.013674 0.000176
0.013517 0.000132
0.013688 0.00011
0.01363 0.000138
0.01355 9.8e-05
0.013588 0.000115
0.013711 0.000144
0.013881 0.000164
0.013624 0.000156
0.013398 0.000148
0.013743 0.000151
0.013763 0.000178
0.013634 0.000171
0.014097 0.000159
0.013668 0.000113
0.013562 0.000171
0.01361 0.000103
0.013763 0.000105
0.013572 7.1e-05
0.013716 0.000155
0.013798 8.4e-05
0.013573 0.000129
0.011818 0.000149
0.013878 0.000144
0.013573 8.7e-05
0.013654 9.9e-05
0.01384 0.000147
0.013436 8.5e-05
0.013589 0.000166
0.01371 8.4e-05
0.012334 0.00014
0.013594 0.000142
0.013885 0.000157
0.013643 0.000146
0.013569 4.3e-05
0.013377 7.4e-05
0.013569 0.000124
0.01351 0.000128
0.008931 0.000164
0.013718 0.000203
0.014564 0.000139
0.013493 0.000164
0.013664 0.000137
0.013684 9.8e-05
0.013614 7.8e-05
0.013515 9.5e-05
0.010689 0.000139
0.013693 0.000162
0.014079 0.00016
0.013636 0.000165
0.013581 9.1e-05
0.013477 0.000141
0.013684 0.000132
0.013513 9.8e-05
0.01284 0.000131
0.013822 5.2e-05
0.01399 7.2e-05
0.013571 0.000149
0.013966 0.000156
0.013521 0.000102
0.013963 9.6e-05
0.013471 0.000162
0.013529 0.000174
0.013659 0.00016
0.013768 0.000134
0.014096 0.000115
0.013536 0.000102
0.01371 8.5e-05
0.013549 0.000149
0.013613 0.000128
0.013607 0.000288
0.013745 0.000165
0.013588 0.000167
0.013741 9.4e-05
0.013691 0.000114
0.013682 0.000122
0.013609 0.000164
0.013571 0.000166
0.01366 0.000167
0.013798 0.000138
0.013741 0.000106
0.013655 0.000139
0.013605 0.000129
0.013495 0.000111
0.013673 0.000111
0.013772 0.000134
0.013587 6.5e-05
0.013538 0.000103
0.013633 8.9e-05
0.013686 5.5e-05
0.013568 0.000154
0.013621 8.7e-05
0.013708 6.4e-05
0.013551 5.8e-05
0.013547 9.1e-05
0.011339 8.3e-05
0.013691 0.000162
0.014012 6.9e-05
0.013845 0.000172
0.013578 0.000122
0.013544 0.000153
0.013616 0.00013
0.01401 0.000166
0.009629 0.000147
0.013629 0.000113
0.014751 0.000105
0.013576 0.000121
0.013567 0.000112
0.013679 0.00015
0.013967 0.000109
0.01366 0.000126
0.011282 0.000116
0.013722 0.000104
0.014032 0.000157
0.013633 0.000136
0.014014 0.000146
0.013509 7.3e-05
0.010583 6.2e-05
0.010559 0.000128
0.010593 6.9e-05
0.010221 0.000124
0.010676 0.0001
0.010658 8.1e-05
0.010637 0.000128
0.01059 0.000131
0.010599 0.000101
0.010841 0.00014
0.010696 0.000105
0.010908 0.000143
0.011613 7.7e-05
0.010566 9.5e-05
0.01078 6.4e-05
0.010546 9.6e-05
0.010512 0.000116
0.011193 0.000137
0.010636 5e-05
0.01101 0.000123
0.008861 0.000105
0.008805 0.0001
0.010323 0.000136
0.01062 4e-05
0.010875 9.2e-05
0.010983 0.000106
0.010949 7.3e-05
0.010534 9e-05
0.010682 0.000134
0.010612 0.000126
0.010643 0.00015
0.011217 0.000145
0.010667 0.000137
0.011301 0.000133
0.010661 0.000126
0.010597 7.4e-05
0.010594 0.000102
0.010578 8.2e-05
0.011009 0.00014
0.010623 9.5e-05
0.011179 0.00014
0.010948 0.000128
0.010613 0.000125
0.010616 0.000136
0.010579 0.0001
0.011075 0.000145
0.010583 0.000114
0.011022 8.1e-05
0.010634 0.000142
0.010565 0.000142
0.010676 0.000147
0.010714 8.3e-05
0.010888 8.1e-05
0.010822 0.000117
0.010983 0.000143
0.01068 0.000111
0.010641 0.000115
0.010506 0.000134
0.010494 0.000134
0.010896 0.00015
0.010682 0.000195
0.010976 0.000174
0.010647 8.6e-05
0.010821 0.000132
0.014395 0.000117
0.010699 5.8e-05
0.01176 0.000142
0.010614 0.000135
0.010874 0.000136
0.010829 4.9e-05
0.010625 0.000156
0.010647 0.0001
0.01064 0.000145
0.011047 6.4e-05
0.010752 0.000152
0.010604 0.000159
0.010948 0.000144
0.010806 0.000125
0.009499 0.000134
0.010718 9e-05
0.010579 0.000152
0.010684 0.000149
0.010647 0.000142
0.010666 9e-05
0.010606 0.0001
0.010658 0.000131
0.010567 6.8e-05
0.010937 0.000119
0.010153 0.000147
0.010889 0.000104
0.010659 6.4e-05
0.010633 7.2e-05
0.011086 6.4e-05
0.010674 0.000131
0.010668 8.5e-05
0.010727 0.000121
0.010858 8.2e-05
0.010587 0.000112
0.009936 0.000119
0.010659 6.4e-05
0.010741 8.6e-05
0.013168 0.000118
0.01067 0.000141
0.011762 6.1e-05
0.010648 0.000119
0.010716 8.1e-05
0.01066 0.000135
0.010642 0.00013
0.010611 0.000131
0.010826 0.000112
0.010891 0.00012
0.010638 0.000111
0.01066 7.6e-05
0.010651 0.000131
0.01058 0.000136
0.01055 0.000137
0.010669 0.000141
0.010646 0.000121
0.01062 0.000145
0.010619 8.4e-05
0.010822 0.000158
0.010634 9.8e-05
0.010741 0.000118
0.010683 0.000124
0.010636 7.3e-05
0.010604 9.6e-05
0.010676 0.000151
0.010705 0.000115
0.010029 0.000149
0.012606 0.00015
0.010967 0.000116
0.010576 0.000126
0.010609 0.000128
0.010644 0.000107
0.010863 8.8e-05
0.01063 9.5e-05
0.011055 2.8e-05
0.01096 0.000108
0.010669 8e-05
0.010703 0.00014
0.010854 0.000127
0.010621 0.000115
0.010872 6.4e-05
0.011837 0.000123
0.011585 0.000135
0.011014 0.000139
0.010921 5.1e-05
0.01015 0.000135
0.01066 8.5e-05
0.010603 9.1e-05
0.010634 0.000129
0.010958 0.000104
0.010591 0.00013
0.010615 0.000124
0.010667 6e-05
0.010691 0.000101
0.010687 8.2e-05
0.011685 0.000143
0.010693 8.5e-05
0.010747 0.00014
0.010745 0.000142
0.010672 0.000136
0.010654 0.000133
0.010689 0.000128
0.010619 0.000127
0.010602 0.000106
0.010575 8.4e-05
0.010077 5.3e-05
0.012748 0.000112
0.010696 0.000132
0.010611 5e-05
0.010918 6.6e-05
0.010703 7.2e-05
0.010637 0.00014
0.010625 0.00011
0.010864 0.000102
0.010782 0.000131
0.010811 0.00015
0.010674 9.4e-05
0.011193 0.000159
0.010717 0.000122
0.01064 8.2e-05
0.010587 0.000103
0.010619 0.000133
0.012639 8.4e-05
0.010963 0.000165
0.011852 0.000124
0.010641 0.000111
0.010591 9.6e-05
0.010789 8.1e-05
0.01074 0.000135
0.010574 6.6e-05
0.01075 0.000129
0.010609 4.1e-05
0.010519 8.9e-05
0.010552 0.000111
0.010553 5.5e-05
0.010631 7.7e-05
0.01059 0.000108
0.011098 7.9e-05
0.010569 0.000141
0.010615 0.000113
0.010958 8.1e-05
0.010655 0.000125
0.010543 0.000131
0.010604 9.8e-05
0.014066 0.0001
0.010768 7.2e-05
0.010769 0.000115
0.011091 7.7e-05
0.010657 0.000122
0.010609 0.00011
0.010609 6.4e-05
0.011044 0.000135
0.010725 0.000129
0.010581 9.3e-05
0.010605 0.000114
0.01058 0.000149
0.010659 0.000105
0.0109 0.000118
0.010613 0.000107
0.010945 0.000136
0.010599 0.000131
0.010566 6.1e-05
0.01067 5.1e-05
0.010716 0.000118
0.010683 0.00013
0.010644 9.2e-05
0.010644 0.000104
0.010745 0.00014
0.010654 5.5e-05
0.010657 0.000117
0.010946 0.00012
0.010619 0.000139
0.010732 0.000132
0.010834 9.2e-05
0.011131 5.1e-05
0.010689 0.000136
0.010625 7e-05
0.010857 8.1e-05
0.010669 0.000132
0.013069 0.000152
0.011034 4.6e-05
0.010919 0.000125
0.010929 0.000138
0.01057 5e-05
0.009841 9.6e-05
0.010815 0.000159
0.012407 8.8e-05
0.012528 0.000135
0.010916 0.00014
0.010698 0.000142
0.010685 0.000109
0.010663 0.000113
0.010859 0.000146
0.010771 0.000154
0.011056 9.8e-05
0.011822 0.000138
0.010735 0.000144
0.010575 0.000102
0.010628 6.3e-05
0.011707 0.000113
0.011427 4.8e-05
0.010786 0.000139
0.010594 0.000102
0.010571 0.000142
0.010674 9.8e-05
0.010588 0.000139
0.011071 0.000155
0.011632 0.000124
0.010669 0.00013
0.010708 0.000135
0.010641 5e-05
0.010707 0.000133
0.010765 0.000143
0.01101 0.000148
0.010744 0.000143
0.010684 0.000146
0.011313 0.000149
0.010737 8.2e-05
0.010654 8.3e-05
0.010616 8.6e-05
0.010552 0.00014
0.012142 0.000141
0.010656 0.000133
0.010554 0.000137
0.010885 5.6e-05
0.01058 4.9e-05
0.010941 0.000145
0.010775 0.000133
0.010689 0.000139
0.010754 0.000139
0.010978 0.000138
0.010784 0.00014
0.010653 0.000137
0.010796 7.8e-05
0.010702 0.000138
0.011664 8.8e-05
0.010944 7e-05
0.010948 0.000122
0.010692 8.3e-05
0.010626 0.0001
0.010644 0.000134
0.010597 0.000132
0.010963 6e-05
0.010077 0.000143
0.012017 0.000108
0.010762 0.000112
0.01068 8.9e-05
0.010717 0.000151
0.010687 0.000127
0.010905 0.000126
0.010656 0.000133
0.012225 8.5e-05
0.010702 0.000128
0.009631 0.00014
0.010674 8.6e-05
0.010875 0.000149
0.010961 0.000106
0.01106 9.9e-05
0.011415 8e-05
0.010554 0.000111
0.010587 6.5e-05
0.010852 0.000131
0.011484 0.000127
0.012139 0.000144
0.012082 0.000112
0.011037 9.6e-05
0.0107 9.4e-05
0.010872 0.000134
0.010594 9.3e-05
0.010869 0.00015
0.0108 8.8e-05
0.011209 6.5e-05
0.01048 8.9e-05
0.010585 0.000116
0.010659 0.000111
0.010806 0.00012
0.010625 0.000106
0.010607 5.3e-05
0.010748 6.8e-05
0.010978 9.6e-05
0.010669 0.000138
0.010659 0.000137
0.010703 5e-05
0.010687 9.8e-05
0.014792 6.2e-05
0.014732 8.8e-05
0.010747 9e-05
0.010644 7.2e-05
0.010691 7.9e-05
0.010632 0.000132
0.012424 0.000134
0.013102 8.8e-05
0.013511 8.4e-05
0.010719 0.000157
0.010941 9.2e-05
0.010683 0.000141
0.013506 5.7e-05
0.01248 0.000168
0.012228 0.000143
0.010572 8.7e-05
0.010596 4.2e-05
0.010561 9e-05
0.011432 0.000132
0.011256 0.000114
0.013221 0.000152
0.010591 6.7e-05
0.01056 5.5e-05
0.010538 0.000118
0.012535 8.3e-05
0.011744 0.000135
0.010667 7.6e-05
0.010673 7.8e-05
0.010769 0.000101
0.010634 0.000135
0.010711 9.5e-05
0.010844 0.000101
0.011864 7.4e-05
0.012293 8.4e-05
0.01071 0.000125
0.010677 0.000134
0.009138 4.9e-05
0.010653 8.9e-05
0.011163 0.000157
0.012152 0.000126
0.011447 6e-05
0.010661 4e-05
0.010578 0.000133
0.01067 0.00011
0.010661 6.6e-05
0.011991 0.00015
0.010925 0.000108
0.012378 8.1e-05
0.010646 8.3e-05
0.010633 0.000135
0.010634 7.4e-05
0.010621 9.7e-05
0.010729 0.000121
0.010869 0.000198
0.013096 0.0001
0.010291 0.000142
0.010608 9.2e-05
0.010882 7.3e-05
0.010685 0.000102
0.011589 0.000133
0.010697 0.000128
0.012978 7.7e-05
0.01063 9.1e-05
0.010639 0.000106
0.010646 0.00014
0.01183 0.000116
0.010982 0.000134
0.012039 0.000117
0.010782 0.0001
0.0108 0.000143
0.010651 0.000124
0.010681 0.000137
0.020439 9.9e-05
0.011676 0.000151
0.0117 9.2e-05
0.012607 8.2e-05
0.010645 7.9e-05
0.010585 0.000129
0.010789 9.9e-05
0.010627 0.000101
0.011127 9.4e-05
0.010631 0.000131
0.010638 0.000119
0.009651 0.000118
0.010904 7.7e-05
0.010644 0.000127
0.010695 0.000175
