0.001854 1.3e-05
0.001724 6e-06
0.001726 7e-06
0.00169 6e-06
0.001677 5e-06
0.001685 6e-06
0.001702 5e-06
0.001679 4e-06
0.001685 4e-06
0.001666 5e-06
0.001688 4e-06
0.001684 5e-06
0.001717 5e-06
0.001672 6e-06
0.001687 4e-06
0.001682 5e-06
0.00168 4e-06
0.001665 4e-06
0.001674 5e-06
0.001662 5e-06
0.001696 5e-06
0.001665 5e-06
0.001684 5e-06
0.001661 4e-06
0.001684 4e-06
0.001681 5e-06
0.001688 6e-06
0.001658 5e-06
0.001676 4e-06
0.001685 5e-06
0.001653 5e-06
0.001669 5e-06
0.001685 4e-06
0.001676 5e-06
0.001666 5e-06
0.001685 4e-06
0.001692 4e-06
0.001674 5e-06
0.001688 5e-06
0.001666 5e-06
0.001678 5e-06
0.001657 5e-06
0.001568 4e-06
0.001339 5e-06
0.001355 4e-06
0.001321 4e-06
0.001685 4e-06
0.00168 5e-06
0.001697 6e-06
0.001692 7e-06
0.001683 5e-06
0.001661 6e-06
0.001675 5e-06
0.001667 4e-06
0.001688 5e-06
0.00166 5e-06
0.001666 6e-06
0.001796 4e-06
0.001789 6e-06
0.001796 6e-06
0.001691 5e-06
0.001667 5e-06
0.001671 5e-06
0.001664 6e-06
0.001688 4e-06
0.001722 4e-06
0.001683 4e-06
0.001684 5e-06
0.001679 4e-06
0.001674 3e-06
0.001686 5e-06
0.001654 5e-06
0.001681 5e-06
0.001687 6e-06
0.001675 4e-06
0.001675 4e-06
0.001674 4e-06
0.00169 5e-06
0.001677 4e-06
0.001668 4e-06
0.001681 4e-06
0.001676 6e-06
0.001675 5e-06
0.001675 5e-06
0.001692 4e-06
0.001681 6e-06
0.001675 5e-06
0.00167 5e-06
0.001681 4e-06
0.001668 5e-06
0.001702 4e-06
0.001659 4e-06
0.001674 4e-06
0.001658 5e-06
0.001674 5e-06
0.001658 4e-06
0.001677 4e-06
0.001681 4e-06
0.001682 5e-06
0.001678 4e-06
0.001675 4e-06
0.001682 5e-06
0.001688 4e-06
0.00168 5e-06
0.001678 4e-06
0.001223 4e-06
0.00123 3e-06
0.001126 6e-06
0.00168 5e-06
0.00167 4e-06
0.001675 5e-06
0.001653 4e-06
0.00167 6e-06
0.001674 4e-06
0.001678 4e-06
0.001706 5e-06
0.001677 5e-06
0.001679 4e-06
0.001679 5e-06
0.001707 5e-06
0.001675 5e-06
0.001725 7e-06
0.00179 5e-06
0.00168 5e-06
0.001667 5e-06
0.001688 5e-06
0.001687 5e-06
0.001675 4e-06
0.00168 4e-06
0.001684 5e-06
0.001674 4e-06
0.001683 6e-06
0.001674 5e-06
0.001693 5e-06
0.001665 4e-06
0.001672 5e-06
0.001682 4e-06
0.001693 5e-06
0.001698 5e-06
0.001672 4e-06
0.001662 5e-06
0.001673 4e-06
0.001692 4e-06
0.001684 4e-06
0.00168 5e-06
0.001668 4e-06
0.001688 5e-06
0.001666 4e-06
0.001682 5e-06
0.001649 5e-06
0.001684 4e-06
0.001665 4e-06
0.001668 4e-06
0.001674 5e-06
0.001675 4e-06
0.001667 4e-06
0.001677 4e-06
0.001686 4e-06
0.001689 4e-06
0.001655 4e-06
0.001692 4e-06
0.001684 4e-06
0.001672 5e-06
0.001678 4e-06
0.001679 4e-06
0.001671 5e-06
0.00168 5e-06
0.001355 3e-06
0.001302 5e-06
0.001339 3e-06
0.001623 4e-06
0.001668 4e-06
0.001713 4e-06
0.001669 4e-06
0.001751 6e-06
0.001673 4e-06
0.001699 4e-06
0.00167 5e-06
0.001683 5e-06
0.001675 4e-06
0.001673 4e-06
0.001668 2.7e-05
0.001699 5e-06
0.001726 6e-06
0.00205 6e-06
0.001657 6e-06
0.001684 4e-06
0.001661 4e-06
0.00168 4e-06
0.001695 6e-06
0.00169 5e-06
0.001679 4e-06
0.001681 4e-06
0.001671 5e-06
0.0017 5e-06
0.001672 6e-06
0.001678 5e-06
0.001679 4e-06
0.001677 5e-06
0.001676 5e-06
0.001703 5e-06
0.001658 4e-06
0.001679 5e-06
0.001663 5e-06
0.001687 4e-06
0.001666 5e-06
0.001701 5e-06
0.001672 4e-06
0.001697 5e-06
0.001651 5e-06
0.00167 5e-06
0.001681 5e-06
0.001697 5e-06
0.001672 5e-06
0.001677 5e-06
0.001688 5e-06
0.001682 5e-06
0.001671 4e-06
0.001671 5e-06
0.001684 4e-06
0.001676 3e-06
0.001683 5e-06
0.001698 5e-06
0.00166 5e-06
0.001684 5e-06
0.001679 5e-06
0.001669 4e-06
0.001672 4e-06
0.001673 4e-06
0.001352 3e-06
0.001339 3e-06
0.00135 4e-06
0.001537 5e-06
0.001666 5e-06
0.00173 6e-06
0.001665 5e-06
0.001682 6e-06
0.001677 5e-06
0.00169 4e-06
0.001668 4e-06
0.001682 4e-06
0.001668 4e-06
0.001684 5e-06
0.001667 4e-06
0.001729 5e-06
0.001666 5e-06
0.0017 7e-06
0.001674 5e-06
0.001682 4e-06
0.00167 4e-06
0.001677 5e-06
0.001677 5e-06
0.001703 5e-06
0.00169 5e-06
0.001694 6e-06
0.001691 5e-06
0.001682 4e-06
0.001668 4e-06
0.001701 5e-06
0.001666 5e-06
0.00169 5e-06
0.001668 5e-06
0.001683 5e-06
0.001681 5e-06
0.001671 4e-06
0.00166 5e-06
0.001693 4e-06
0.001688 4e-06
0.00169 6e-06
0.001668 4e-06
0.001676 4e-06
0.001669 4e-06
0.001683 5e-06
0.001672 5e-06
0.00168 5e-06
0.001694 4e-06
0.001656 4e-06
0.001667 4e-06
0.001706 4e-06
0.001649 4e-06
0.001663 5e-06
0.001683 3e-06
0.00168 5e-06
0.00168 4e-06
0.001686 4e-06
0.00168 4e-06
0.001685 5e-06
0.001666 5e-06
0.00168 4e-06
0.001685 5e-06
0.001695 5e-06
0.001479 5e-06
0.001343 5e-06
0.001342 5e-06
0.00171 6e-06
0.001688 5e-06
0.001686 6e-06
0.001673 4e-06
0.001768 5e-06
0.001676 4e-06
0.001673 5e-06
0.001658 5e-06
0.001691 5e-06
0.001692 5e-06
0.00166 4e-06
0.001778 5e-06
0.001686 6e-06
0.001719 5e-06
0.002121 5e-06
0.001682 5e-06
0.001668 5e-06
0.001687 6e-06
0.001684 5e-06
0.001681 5e-06
0.001677 5e-06
0.001674 5e-06
0.00168 6e-06
0.001677 5e-06
0.001671 4e-06
0.001684 5e-06
0.001674 5e-06
0.001668 4e-06
0.001674 5e-06
0.001678 5e-06
0.001702 5e-06
0.001668 5e-06
0.00167 4e-06
0.001692 5e-06
0.001699 4e-06
0.001664 5e-06
0.001693 4e-06
0.001692 5e-06
0.001681 4e-06
0.001682 5e-06
0.001685 4e-06
0.001672 8e-06
0.001707 5e-06
0.0017 4e-06
0.00168 7e-06
0.00166 5e-06
0.001672 5e-06
0.001692 5e-06
0.001684 5e-06
0.001668 4e-06
0.001679 5e-06
0.001664 6e-06
0.001698 4e-06
0.001704 6e-06
0.001674 5e-06
0.001671 4e-06
0.001683 5e-06
0.001667 4e-06
0.001681 2e-05
0.001206 4e-06
0.001133 3e-06
0.001125 3e-06
0.001079 5e-06
0.00167 5e-06
0.001681 5e-06
0.001684 4e-06
0.001671 5e-06
0.001682 5e-06
0.001675 4e-06
0.001666 6e-06
0.001681 6e-06
0.00168 5e-06
0.001676 4e-06
0.001661 5e-06
0.001781 5e-06
0.001764 5e-06
0.00183 9e-06
0.001678 5e-06
0.001692 5e-06
0.001668 5e-06
0.001675 6e-06
0.001673 6e-06
0.001744 5e-06
0.001686 4e-06
0.001687 5e-06
0.001696 5e-06
0.001688 4e-06
0.001669 5e-06
0.001695 5e-06
0.001649 4e-06
0.00169 4e-06
0.00167 5e-06
0.001694 4e-06
0.00168 5e-06
0.001682 5e-06
0.001676 4e-06
0.001679 4e-06
0.001675 6e-06
0.001698 4e-06
0.001686 5e-06
0.001681 5e-06
0.001668 6e-06
0.001666 4e-06
0.001688 5e-06
0.001703 6e-06
0.001685 4e-06
0.001689 4e-06
0.001665 5e-06
0.001681 4e-06
0.001689 5e-06
0.00169 6e-06
0.001654 4e-06
0.001719 5e-06
0.001666 4e-06
0.001707 5e-06
0.001678 5e-06
0.001683 4e-06
0.001662 5e-06
0.001692 5e-06
0.001683 4e-06
0.001681 5e-06
0.001689 5e-06
0.001343 4e-06
0.001376 4e-06
0.001358 5e-06
0.001666 5e-06
0.001683 6e-06
0.001692 5e-06
0.001671 5e-06
0.00169 5e-06
0.00169 5e-06
0.00167 4e-06
0.001663 5e-06
0.00166 4e-06
0.001705 4e-06
0.001674 6e-06
0.001671 5e-06
0.001787 5e-06
0.00184 6e-06
0.001688 4e-06
0.00167 4e-06
0.001666 4e-06
0.00168 5e-06
0.001679 5e-06
0.001747 4e-06
0.001643 5e-06
0.001676 4e-06
0.001673 4e-06
0.001685 5e-06
0.00168 4e-06
0.001671 5e-06
0.001678 4e-06
0.001698 4e-06
0.001667 3e-06
0.001671 5e-06
0.001675 5e-06
0.001712 5e-06
0.001676 4e-06
0.001686 4e-06
0.001677 4e-06
0.001694 5e-06
0.001677 5e-06
0.001682 5e-06
0.001682 4e-06
0.001673 5e-06
0.001676 5e-06
0.001679 5e-06
0.001676 4e-06
0.001689 4e-06
0.001672 4e-06
0.001717 5e-06
0.001676 4e-06
0.001672 5e-06
0.001662 5e-06
0.001678 5e-06
0.001672 5e-06
0.001691 5e-06
0.001679 4e-06
0.001697 4e-06
0.001676 5e-06
0.001678 5e-06
0.001672 4e-06
0.001676 5e-06
0.001657 4e-06
0.001232 2e-05
0.001125 2e-05
0.001153 6e-06
0.001687 6e-06
0.001691 5e-06
0.001675 5e-06
0.001685 5e-06
0.001765 4e-06
0.001689 5e-06
0.001669 4e-06
0.001683 4e-06
0.001675 5e-06
0.001676 5e-06
0.001674 5e-06
0.001821 5e-06
0.001669 5e-06
0.001687 6e-06
0.002095 5e-06
0.001689 5e-06
0.001676 5e-06
0.001667 4e-06
0.001662 5e-06
0.001684 5e-06
0.001675 5e-06
0.001682 5e-06
0.001669 6e-06
0.001673 5e-06
0.001693 5e-06
0.001669 5e-06
0.00167 5e-06
0.001679 4e-06
0.001683 5e-06
0.001655 5e-06
0.001674 5e-06
0.001672 5e-06
0.001663 4e-06
0.001677 4e-06
0.001673 5e-06
0.001676 5e-06
0.001673 4e-06
0.001679 5e-06
0.001676 4e-06
0.001691 5e-06
0.001662 5e-06
0.001671 4e-06
0.001664 5e-06
0.001694 5e-06
0.001671 4e-06
0.001686 5e-06
0.001652 5e-06
0.001679 4e-06
0.00168 4e-06
0.001681 5e-06
0.001682 5e-06
0.001672 5e-06
0.001688 5e-06
0.001679 4e-06
0.001674 5e-06
0.001705 5e-06
0.001671 5e-06
0.001669 4e-06
0.001682 5e-06
0.001418 5e-06
0.001357 5e-06
0.001344 6e-06
0.001675 4e-06
0.001674 5e-06
0.001687 5e-06
0.001667 4e-06
0.00168 5e-06
0.001685 4e-06
0.00169 4e-06
0.001721 5e-06
0.00168 4e-06
0.001683 5e-06
0.001671 5e-06
0.001718 5e-06
0.001648 5e-06
0.00169 6e-06
0.001668 6e-06
0.001681 4e-06
0.001681 4e-06
0.001675 4e-06
0.001667 6e-06
0.00168 4e-06
0.00169 5e-06
0.001675 5e-06
0.001675 6e-06
0.001692 5e-06
0.001656 6e-06
0.001682 6e-06
0.001674 5e-06
0.001668 5e-06
0.001674 4e-06
0.001693 5e-06
0.001682 5e-06
0.001696 4e-06
0.001675 5e-06
0.001698 5e-06
0.001662 5e-06
0.001679 4e-06
0.001679 5e-06
0.001674 5e-06
0.001684 5e-06
0.001687 4e-06
0.001668 4e-06
0.001693 4e-06
0.001661 5e-06
0.00167 4e-06
0.001681 6e-06
0.001678 4e-06
0.001678 5e-06
0.001696 5e-06
0.001672 5e-06
0.001683 5e-06
0.00169 6e-06
0.001693 9e-06
0.001676 6e-06
0.001279 4e-06
0.001238 4e-06
0.00118 4e-06
0.001493 7e-06
0.001691 5e-06
0.001681 5e-06
0.001687 5e-06
0.001665 4e-06
0.001686 5e-06
0.001673 4e-06
0.001702 5e-06
0.001663 5e-06
0.00168 4e-06
0.001696 5e-06
0.001687 4e-06
0.001667 4e-06
0.00168 4e-06
0.001676 5e-06
0.001691 6e-06
0.001666 4e-06
0.001692 4e-06
0.00165 4e-06
0.001675 4e-06
0.001672 4e-06
0.001693 5e-06
0.001656 4e-06
0.001679 5e-06
0.001686 4e-06
0.001696 5e-06
0.001684 5e-06
0.001684 4e-06
0.001662 5e-06
0.001683 4e-06
0.00168 4e-06
0.001687 5e-06
0.001681 5e-06
0.001666 5e-06
0.001681 5e-06
0.001661 5e-06
0.001662 5e-06
0.001679 4e-06
0.001682 5e-06
0.001684 3e-06
0.001329 4e-06
0.001369 3e-06
0.001167 3e-06
0.001176 4e-06
0.001126 3e-06
0.001077 3e-06
0.00107 3e-06
0.001084 4e-06
0.001117 3e-06
0.001199 4e-06
0.00146 4e-06
0.001367 5e-06
0.001351 4e-06
0.001274 4e-06
0.001233 3e-06
0.00136 4e-06
0.00134 4e-06
0.00168 5e-06
0.001673 6e-06
0.00168 4e-06
0.001682 4e-06
0.001686 5e-06
0.001675 4e-06
0.001686 4e-06
0.001655 5e-06
0.001676 5e-06
0.001656 4e-06
0.00167 5e-06
0.001685 5e-06
0.001695 5e-06
0.00167 5e-06
0.001688 4e-06
0.001684 5e-06
0.001672 4e-06
0.001657 4e-06
0.001684 5e-06
0.001669 4e-06
0.001667 5e-06
0.001664 5e-06
0.001696 5e-06
0.001664 5e-06
0.001683 5e-06
0.001678 5e-06
0.001673 5e-06
0.001672 4e-06
0.001676 5e-06
0.001675 5e-06
0.001692 6e-06
0.001661 4e-06
0.001668 4e-06
0.001667 5e-06
0.001698 6e-06
0.001687 4e-06
0.001676 4e-06
0.001676 5e-06
0.001682 4e-06
0.001334 3e-06
0.001348 4e-06
0.001354 5e-06
0.001698 6e-06
0.001673 5e-06
0.001681 5e-06
0.001673 5e-06
0.001698 5e-06
0.001677 4e-06
0.001688 4e-06
0.001691 4e-06
0.001683 4e-06
0.001669 4e-06
0.001715 4e-06
0.001718 5e-06
0.001689 6e-06
0.001718 4e-05
0.001695 6e-06
0.00168 4e-06
0.001689 5e-06
0.00166 5e-06
0.001674 5e-06
0.001669 5e-06
0.001697 4e-06
0.001681 5e-06
0.001693 4e-06
0.001668 5e-06
0.001674 5e-06
0.001677 5e-06
0.001689 5e-06
0.001659 5e-06
0.001685 6e-06
0.001643 5e-06
0.001678 4e-06
0.001673 4e-06
0.001678 4e-06
0.001669 5e-06
0.001679 5e-06
0.001674 5e-06
0.001657 5e-06
0.001676 5e-06
0.001674 5e-06
0.001677 5e-06
0.001684 5e-06
0.001669 4e-06
0.001671 5e-06
0.001679 5e-06
0.001677 4e-06
0.001681 4e-06
0.001681 5e-06
0.001694 5e-06
0.001689 4e-06
0.001685 5e-06
0.001682 4e-06
0.001671 4e-06
0.001695 4e-06
0.001655 4e-06
0.001683 5e-06
0.001666 4e-06
0.001673 4e-06
0.001684 5e-06
0.001694 3e-06
0.001214 4e-06
0.00112 4e-06
0.001181 3e-06
0.001547 5e-06
0.001682 5e-06
0.001725 5e-06
0.001683 5e-06
0.001695 4e-06
0.001689 5e-06
0.001681 4e-06
0.001681 5e-06
0.001669 4e-06
0.001672 4e-06
0.001667 5e-06
0.00168 5e-06
0.001678 5e-06
0.001734 5e-06
0.002105 6e-06
0.001688 5e-06
0.001672 6e-06
0.001669 4e-06
0.001695 5e-06
0.001673 5e-06
0.001676 6e-06
0.001679 5e-06
0.001674 4e-06
0.001663 4e-06
0.001679 4e-06
0.001676 4e-06
0.001676 6e-06
0.001658 5e-06
0.001683 4e-06
0.001668 5e-06
0.001706 5e-06
0.00169 4e-06
0.001684 4e-06
0.001672 4e-06
0.00169 5e-06
0.001658 4e-06
0.001688 4e-06
0.001694 4e-06
0.001685 5e-06
0.001669 4e-06
0.001687 5e-06
0.001658 4e-06
0.001673 5e-06
0.001684 4e-06
0.001691 5e-06
0.001669 5e-06
0.001688 5e-06
0.001668 4e-06
0.001672 5e-06
0.00166 5e-06
0.001676 4e-06
0.001679 5e-06
0.001691 4e-06
0.001676 5e-06
0.001702 4e-06
0.001683 5e-06
0.001674 5e-06
0.001692 4e-06
0.001678 5e-06
0.001536 3e-06
0.001411 4e-06
0.00135 4e-06
0.001608 6e-06
0.00167 4e-06
0.001723 5e-06
0.001682 9e-06
0.00169 5e-06
0.001687 6e-06
0.001677 4e-06
0.001679 5e-06
0.001687 4e-06
0.001672 5e-06
0.001694 4e-06
0.001687 6e-06
0.001691 4e-06
0.001727 5e-06
0.001688 5e-06
0.001657 4e-06
0.001692 5e-06
0.001663 4e-06
0.001671 4e-06
0.001686 5e-06
0.001671 4e-06
0.00166 5e-06
0.00168 4e-06
0.001661 5e-06
0.001677 5e-06
0.001673 5e-06
0.001678 5e-06
0.001665 4e-06
0.001684 5e-06
0.001461 4e-06
0.001343 9e-06
0.001641 5e-06
0.001357 5e-06
0.001342 5e-06
0.001352 8e-06
0.002484 5e-06
0.002422 5e-06
0.002067 8e-06
0.002722 7e-06
0.002172 9e-06
0.002823 6e-06
0.002316 5e-06
0.001372 5e-06
0.001688 4e-06
0.001349 5e-06
0.001838 5e-06
0.001361 6e-06
0.001724 6e-06
0.001588 6e-06
0.001607 5e-06
0.001579 5e-06
0.001527 5e-06
0.001354 4e-06
0.001337 4e-06
0.001348 4e-06
0.001347 4e-06
0.001347 4e-06
0.001353 3e-06
0.001359 4e-06
0.001332 3e-06
0.001286 4e-06
0.001243 4e-06
0.001122 5e-06
0.001337 5e-06
0.001347 5e-06
0.00135 6e-06
0.001351 5e-06
0.001356 4e-06
0.001356 5e-06
0.001351 5e-06
0.001351 4e-06
0.001632 7e-06
0.001843 7e-06
0.001731 6e-06
0.001873 7e-06
0.001352 5e-06
0.001355 6e-06
0.001349 6e-06
0.001366 1.5e-05
0.001349 5e-06
0.00137 5e-06
0.00135 5e-06
0.001353 4e-06
0.001355 4e-06
0.001347 5e-06
0.001339 6e-06
0.001441 6e-06
0.001364 5e-06
0.001354 6e-06
0.00135 6e-06
0.001351 4e-06
0.001355 5e-06
0.00136 5e-06
0.001351 5e-06
0.001343 4e-06
0.001345 5e-06
0.001341 5e-06
0.001351 4e-06
0.001344 5e-06
0.001353 5e-06
0.001343 4e-06
0.00135 5e-06
0.00134 4e-06
0.001346 5e-06
0.001347 5e-06
0.001345 5e-06
0.00142 5e-06
0.001331 5e-06
0.001353 7e-06
0.001345 6e-06
0.001367 5e-06
0.001351 5e-06
0.001346 5e-06
0.001354 5e-06
0.00135 5e-06
0.001365 5e-06
0.001354 5e-06
0.001352 6e-06
0.001345 5e-06
0.001364 4e-06
0.001361 5e-06
0.001356 5e-06
0.001345 6e-06
0.001354 5e-06
0.001353 5e-06
0.001358 4e-06
0.001347 5e-06
0.001354 5e-06
0.001338 4e-06
0.001347 5e-06
0.001342 5e-06
0.001354 5e-06
0.001357 7e-06
0.001362 5e-06
0.001346 5e-06
0.001337 5e-06
0.001361 7e-06
0.00136 4e-06
0.00135 5e-06
0.001334 5e-06
0.001352 6e-06
0.001421 6e-06
0.001377 5e-06
0.001355 5e-06
0.001347 6e-06
0.001528 5e-06
0.001349 5e-06
0.001356 6e-06
0.001348 5e-06
0.001383 4e-06
0.001354 4e-06
0.001344 4e-06
0.001361 4e-06
0.001362 4e-06
0.001343 5e-06
0.001343 4e-06
0.001352 4e-06
0.001344 5e-06
0.001356 4e-06
0.001349 4e-06
0.001342 5e-06
0.001353 4e-06
0.001347 4e-06
0.001344 3e-06
0.001354 4e-06
0.001354 4e-06
0.00134 4e-06
0.001344 4e-06
0.001343 4e-06
0.001341 4e-06
0.001353 4e-06
0.001343 5e-06
0.001348 4e-06
0.00156 6e-06
0.001347 4e-06
0.001346 4e-06
0.00135 6e-06
0.001348 6e-06
