0.010757 0.001509
0.01466 0.003129
0.012357 0.002446
0.010853 0.002012
0.010796 0.003332
0.010764 0.003581
0.010745 0.00322
0.010781 0.002032
0.010785 0.002579
0.010839 0.002508
0.010863 0.002945
0.010856 0.002418
0.010844 0.002667
0.010895 0.00352
0.010871 0.002074
0.0108 0.003145
0.010691 0.002524
0.010718 0.003717
0.010737 0.002766
0.01083 0.002591
0.010782 0.002191
0.010778 0.003234
0.010771 0.003203
0.010759 0.002926
0.010895 0.001716
0.010421 0.001885
0.011093 0.003079
0.013729 0.004388
0.010832 0.003063
0.010709 0.002836
0.010794 0.002436
0.010782 0.002446
0.010873 0.002955
0.010628 0.001745
0.013019 0.002971
0.010876 0.002075
0.010817 0.002208
0.010836 0.002176
0.010776 0.003506
0.011162 0.00148
0.010978 0.003425
0.010049 0.003165
0.010855 0.003839
0.010791 0.002654
0.010926 0.003159
0.010756 0.002043
0.010819 0.002594
0.011779 0.003326
0.010817 0.003434
0.010929 0.002642
0.011087 0.002813
0.010746 0.002265
0.010769 0.003012
0.010714 0.002129
0.010744 0.003983
0.010757 0.002704
0.013114 0.00433
0.010973 0.002022
0.010877 0.003397
0.010731 0.001955
0.01082 0.003093
0.010741 0.003387
0.014277 0.003111
0.010864 0.002271
0.010875 0.001844
0.010733 0.002123
0.010929 0.002912
0.010829 0.0028
0.010721 0.002978
0.010952 0.001427
0.010758 0.003276
0.013279 0.003041
0.013914 0.003951
0.010767 0.003405
0.010824 0.003274
0.010799 0.002453
0.010818 0.002391
0.010767 0.001863
0.010762 0.003188
0.01054 0.002765
0.010855 0.002012
0.010847 0.001797
0.010856 0.002381
0.010798 0.002442
0.010802 0.003438
0.010839 0.003563
0.010759 0.002853
0.010524 0.002897
0.010892 0.002499
0.010956 0.002345
0.0108 0.003641
0.010769 0.002816
0.010731 0.0023
0.010698 0.003013
0.011572 0.002061
0.012566 0.003109
0.010866 0.002722
0.010921 0.003698
0.010773 0.002188
0.010716 0.00374
0.010856 0.002494
0.010929 0.002497
0.010998 0.002344
0.010954 0.002384
0.010905 0.002871
0.011022 0.003332
0.010814 0.00263
0.010822 0.002737
0.010757 0.002929
0.010865 0.002771
0.010936 0.001601
0.010797 0.002892
0.010743 0.002741
0.010704 0.001948
0.010844 0.002596
0.011672 0.00398
0.010797 0.003342
0.01088 0.00137
0.010662 0.002717
0.010802 0.001923
0.01078 0.002801
0.013208 0.002779
0.012466 0.003458
0.010833 0.003282
0.010786 0.001702
0.010775 0.002968
0.010641 0.002306
0.011521 0.002637
0.011115 0.003379
0.011093 0.003163
0.010766 0.002782
0.01064 0.001943
0.010967 0.002251
0.010725 0.002691
0.009932 0.003047
0.010727 0.001955
0.011013 0.002108
0.010967 0.001592
0.010808 0.002549
0.010703 0.003721
0.010961 0.003389
0.010831 0.003767
0.009736 0.002582
0.010947 0.002284
0.010869 0.001639
0.010713 0.002221
0.010709 0.002434
0.012043 0.00273
0.010731 0.003389
0.011023 0.004596
0.013461 0.003322
0.011704 0.003371
0.010755 0.002186
0.010858 0.002698
0.010824 0.003351
0.010859 0.002296
0.011168 0.001905
0.010778 0.002363
0.010738 0.002293
0.010813 0.002137
0.010765 0.003284
0.010977 0.002806
0.010824 0.003039
0.01109 0.001374
0.010783 0.00249
0.010736 0.003309
0.010834 0.001669
0.013067 0.004302
0.012308 0.001997
0.010788 0.002215
0.010971 0.002731
0.010712 0.00512
0.010766 0.002824
0.01042 0.0031
0.010789 0.00287
0.010883 0.003127
0.010779 0.002341
0.010738 0.002237
0.010772 0.002656
0.010637 0.003621
0.010685 0.002363
0.010256 0.002801
0.0108 0.003092
0.01116 0.002917
0.01079 0.002601
0.011024 0.002097
0.010759 0.003875
0.010808 0.003568
0.010752 0.00281
0.009451 0.003387
0.010794 0.001749
0.010889 0.003495
0.010883 0.002882
0.010926 0.002893
0.010773 0.003698
0.010967 0.00276
0.010791 0.002509
0.010711 0.002676
0.011243 0.004337
0.010764 0.002535
0.011054 0.002876
0.010817 0.002875
0.010801 0.00287
0.010869 0.002266
0.010763 0.001559
0.010793 0.00288
0.010825 0.00288
0.010697 0.002702
0.010836 0.002253
0.010777 0.003867
0.010781 0.003298
0.01107 0.00344
0.010826 0.002204
0.01074 0.00185
0.010887 0.001358
0.010721 0.003603
0.011084 0.002938
0.010823 0.002909
0.011012 0.003968
0.010879 0.001681
0.011299 0.002546
0.012666 0.002064
0.011008 0.003179
0.010721 0.002662
0.010801 0.003551
0.010955 0.003758
0.015172 0.004621
0.010196 0.002764
0.010844 0.002113
0.010869 0.002757
0.01082 0.002478
0.012478 0.002664
0.011034 0.002343
0.011043 0.003618
0.010947 0.003137
0.010018 0.001658
0.01084 0.002574
0.010841 0.002874
0.011079 0.003242
0.010745 0.004565
0.011448 0.003546
0.016248 0.002705
0.015962 0.003617
0.0163 0.00403
0.016014 0.003511
0.016056 0.003169
0.010852 0.00309
0.011128 0.002392
0.010805 0.003651
0.011074 0.002856
0.010831 0.003027
0.010821 0.002413
0.010735 0.002418
0.01076 0.00276
0.010813 0.00128
0.010958 0.003962
0.010534 0.002667
0.010803 0.002691
0.010911 0.001867
0.010857 0.002379
0.01084 0.003623
0.010759 0.001655
0.010844 0.002205
0.010877 0.002533
0.009738 0.002291
0.011139 0.003383
0.012133 0.002318
0.013737 0.003023
0.013779 0.00175
0.013779 0.003055
0.014244 0.004432
0.011699 0.004352
0.013882 0.003164
0.013845 0.003175
0.013832 0.002999
0.013705 0.003869
0.013679 0.002208
0.013184 0.004106
0.014312 0.003309
0.014217 0.002973
0.014287 0.003413
0.014145 0.002528
0.014236 0.00382
0.014016 0.00245
0.013932 0.002993
0.014097 0.00261
0.013871 0.004164
0.013574 0.002734
0.013802 0.00405
0.013875 0.002176
0.012079 0.002754
0.013884 0.004377
0.014205 0.003661
0.013724 0.00171
0.013759 0.003098
0.013857 0.002738
0.013898 0.002387
0.013903 0.003311
0.014138 0.003774
0.013893 0.004076
0.013967 0.002816
0.013876 0.003468
0.013764 0.004301
0.012075 0.002326
0.01387 0.0026
0.013819 0.00352
0.014043 0.001505
0.013716 0.003385
0.013947 0.002865
0.013864 0.002109
0.014119 0.002795
0.01484 0.003052
0.014122 0.002223
0.013873 0.00298
0.013777 0.002313
0.013833 0.002857
0.011223 0.003663
0.013881 0.003747
0.013731 0.003552
0.013839 0.00437
0.012256 0.002093
0.010874 0.003119
0.012183 0.002501
0.011544 0.003081
0.010888 0.003787
0.010974 0.002355
0.011974 0.004133
0.010931 0.003811
0.013299 0.002829
0.010802 0.003129
0.010172 0.004087
0.011148 0.002916
0.010905 0.003322
0.013658 0.003818
0.016096 0.002761
0.011262 0.001779
0.010571 0.00181
0.010939 0.001998
0.010785 0.001785
0.010829 0.002015
0.010714 0.003168
0.010766 0.002339
0.01095 0.002916
0.009532 0.001409
0.00886 0.002469
0.010778 0.002797
0.016351 0.004608
0.014401 0.002555
0.01083 0.002102
0.010328 0.00335
0.010734 0.003231
0.010868 0.003311
0.010735 0.002748
0.010943 0.003268
0.01079 0.001807
0.010775 0.002983
0.010847 0.002852
0.011033 0.002632
0.010965 0.002787
0.010707 0.002309
0.011009 0.002514
0.010961 0.002431
0.010841 0.003127
0.010821 0.002393
0.012078 0.003894
0.011159 0.004013
0.010846 0.002195
0.010877 0.002992
0.010783 0.003415
0.011123 0.003104
0.011936 0.003539
0.010837 0.003805
0.009848 0.002729
0.010909 0.002776
0.011017 0.001995
0.010862 0.001901
0.0108 0.002504
0.010855 0.003651
0.010831 0.002428
0.011378 0.001959
0.010251 0.002204
0.01115 0.002872
0.010796 0.003319
0.015101 0.001726
0.012019 0.003525
0.011322 0.003881
0.016158 0.00314
0.009262 0.001787
0.010957 0.002534
0.011113 0.003931
0.011006 0.003797
0.012075 0.002466
0.011011 0.002309
0.010824 0.003449
0.010769 0.001902
0.010825 0.003223
0.010809 0.003091
0.01075 0.002464
0.010853 0.002713
0.010776 0.00381
0.010885 0.002966
0.010699 0.003415
0.011031 0.002782
0.011025 0.001685
0.010756 0.003376
0.010818 0.002778
0.010911 0.002126
0.010923 0.002977
0.010819 0.00231
0.010718 0.002633
0.010887 0.002121
0.010756 0.002655
0.010922 0.002793
0.010764 0.002488
0.012552 0.002761
0.010757 0.003507
0.010723 0.002916
0.010735 0.003761
0.010175 0.003954
0.010875 0.002671
0.012946 0.002887
0.010893 0.002123
0.011187 0.002013
0.010767 0.002523
0.011084 0.003918
0.010669 0.003416
0.010022 0.002972
0.011056 0.003759
0.012905 0.004239
0.010784 0.003115
0.010841 0.00264
0.010801 0.002398
0.010796 0.003895
0.010876 0.003803
0.010783 0.002413
0.0163 0.003311
0.011017 0.002909
0.010814 0.003066
0.010761 0.00278
0.010802 0.003694
0.010653 0.002765
0.010779 0.003649
0.010889 0.002657
0.010878 0.002882
0.010803 0.001579
0.010834 0.003007
0.010686 0.00221
0.010718 0.002678
0.011452 0.002608
0.011945 0.003235
0.010974 0.002975
0.010784 0.003327
0.010866 0.001965
0.010733 0.003069
0.010731 0.002348
0.010746 0.001806
0.009457 0.002343
0.010758 0.002304
0.010853 0.00372
0.013161 0.00232
0.012516 0.002967
0.010721 0.001874
0.011007 0.002661
0.010986 0.002566
0.010306 0.003481
0.010738 0.002131
0.011379 0.003999
0.012266 0.005049
0.011114 0.002102
0.011137 0.00336
0.011172 0.004654
0.009477 0.002334
0.010738 0.001629
0.010896 0.002068
0.010973 0.002465
0.010743 0.003155
0.014303 0.00561
0.012068 0.00332
0.013879 0.002575
0.010991 0.003389
0.01147 0.002994
0.011018 0.002794
0.011162 0.002617
0.010769 0.001945
0.011321 0.00283
0.010932 0.001751
0.010843 0.002273
0.014951 0.004677
0.016328 0.003927
0.012951 0.003049
0.016109 0.00412
0.015778 0.004472
0.013223 0.003214
0.014349 0.003385
0.012523 0.002784
0.013997 0.003826
0.016351 0.004429
0.016463 0.002362
0.010877 0.002252
0.010839 0.004083
0.010813 0.00287
0.010872 0.002176
0.01081 0.002777
0.010873 0.003414
0.010853 0.002611
0.010511 0.002317
0.010932 0.002872
0.010822 0.002819
0.01088 0.002714
0.010941 0.002702
0.010868 0.002777
0.010962 0.002274
0.010822 0.00319
0.010884 0.001948
0.010803 0.002096
0.010762 0.002288
0.010841 0.002159
0.010944 0.002622
0.01085 0.002764
0.010795 0.002229
0.011049 0.002717
0.010047 0.002706
0.010923 0.002616
0.010792 0.003013
0.010814 0.002595
0.010791 0.002725
0.010824 0.003896
0.010689 0.002608
0.010743 0.002873
0.010146 0.004489
0.010794 0.003786
0.012341 0.003697
0.010779 0.002598
0.010763 0.002513
0.010746 0.002296
0.010828 0.002899
0.010794 0.003975
0.010782 0.002661
0.013307 0.003007
0.010868 0.003159
0.010759 0.003479
0.011658 0.002803
0.010807 0.001725
0.010682 0.00242
0.009108 0.002063
0.010762 0.002421
0.010881 0.002991
0.010794 0.001766
0.01079 0.002382
0.010955 0.001865
0.010777 0.001782
0.01074 0.001922
0.010767 0.003143
0.010793 0.002555
0.010859 0.002677
0.010857 0.002343
0.010885 0.001893
0.014757 0.003612
0.014314 0.001373
0.011016 0.002886
0.009696 0.002989
0.010861 0.002653
0.011179 0.004165
0.010729 0.001885
0.015988 0.002867
0.010781 0.002111
0.010851 0.003347
0.010776 0.003963
0.010911 0.003422
0.015201 0.003667
0.011181 0.0027
0.010915 0.002706
0.010797 0.002731
0.010738 0.003819
0.01113 0.003454
0.010837 0.00431
0.018942 0.00355
0.010834 0.003468
0.010814 0.002081
0.01089 0.003271
0.010718 0.001864
0.010766 0.003544
0.009879 0.002753
0.011025 0.002636
0.01094 0.002644
0.01097 0.002086
0.01094 0.003946
0.010776 0.003075
0.010687 0.001732
0.010766 0.001739
0.009732 0.003331
0.010836 0.002564
0.010872 0.002377
0.010702 0.002951
0.011128 0.003329
0.010784 0.001687
0.010783 0.00244
0.010771 0.002046
0.009989 0.002924
0.010754 0.002556
0.010941 0.002347
0.011081 0.002253
0.010762 0.002827
0.010812 0.002389
0.010841 0.002259
0.010728 0.001635
0.010802 0.002888
0.010763 0.00293
0.011406 0.002676
0.010839 0.00305
0.01102 0.001637
0.010744 0.003047
0.010844 0.002942
0.010785 0.002396
0.009997 0.003656
0.010778 0.0026
0.010987 0.003535
0.010762 0.001262
0.010829 0.003021
0.010906 0.004668
0.010821 0.00352
0.010873 0.002611
0.01077 0.003658
0.010884 0.002523
0.010793 0.001631
0.010821 0.001517
0.01109 0.003322
0.010801 0.003162
0.010825 0.003954
0.013083 0.004421
0.010814 0.00302
0.010877 0.002076
0.010847 0.001437
0.010775 0.002375
0.010656 0.002572
0.0108 0.003301
0.010832 0.002557
0.009452 0.002863
0.01115 0.002501
0.018974 0.002646
0.012365 0.002972
0.010789 0.00297
0.010744 0.003004
0.010784 0.001425
0.010801 0.003723
0.010829 0.003447
0.010907 0.002893
0.011697 0.003553
0.010802 0.002473
0.010811 0.003772
0.010845 0.003166
0.012002 0.003404
0.011121 0.002554
0.010861 0.003126
0.010904 0.003854
0.010805 0.002275
0.01346 0.003956
0.010761 0.001887
0.010715 0.001706
0.010782 0.003962
0.011108 0.003626
0.010988 0.003374
0.010775 0.003119
0.010727 0.003546
0.01116 0.001284
0.010785 0.003549
0.010847 0.002565
0.009891 0.002331
0.010887 0.00377
0.010835 0.003097
0.010756 0.00327
0.010765 0.003881
0.010813 0.002756
0.010891 0.003504
0.01122 0.004004
0.0108 0.002582
0.010978 0.003192
0.010973 0.003587
0.010911 0.0035
0.010853 0.003069
0.010836 0.001714
0.010979 0.002038
0.010062 0.002242
0.010798 0.001703
0.011067 0.00206
0.010921 0.003339
0.011008 0.002599
0.010939 0.002813
0.012204 0.001319
0.010944 0.002113
0.01015 0.003578
0.010729 0.003546
0.011002 0.002965
0.010731 0.003001
0.010846 0.001933
0.010796 0.002744
0.01071 0.003964
0.010751 0.002845
0.010578 0.003344
0.010881 0.001166
0.011219 0.002368
0.010792 0.002299
0.01078 0.001791
0.010933 0.001782
0.010845 0.00347
0.010834 0.002342
0.009744 0.002466
0.010774 0.003
0.010972 0.001758
0.011083 0.002488
0.010962 0.00183
0.010879 0.002307
0.010852 0.002878
0.010703 0.003729
0.009506 0.002798
0.012006 0.002483
0.011273 0.001768
0.010915 0.002747
0.010839 0.00281
0.010743 0.002487
0.010919 0.002665
0.010787 0.00333
0.010113 0.003367
0.012079 0.002649
0.010716 0.002205
0.010978 0.002439
0.010707 0.002766
0.010809 0.002521
0.01074 0.00178
0.011033 0.001924
0.009836 0.003853
0.010644 0.002382
0.010994 0.003843
0.011011 0.003228
0.010799 0.003622
0.010757 0.002594
0.010781 0.002919
0.010712 0.003022
0.01088 0.003501
0.0108 0.002371
0.010848 0.00199
0.010747 0.003117
0.010947 0.002872
0.010815 0.003613
0.01117 0.002696
0.010675 0.002056
0.010806 0.002568
0.010789 0.00226
0.010925 0.002513
0.010877 0.002457
0.010734 0.001548
0.011113 0.003015
0.010754 0.003122
0.010961 0.002804
0.010813 0.00345
0.011406 0.003155
0.011662 0.002639
0.011617 0.00327
0.011665 0.0018
0.010963 0.002639
0.010794 0.003582
0.009985 0.004242
0.01268 0.002308
0.010712 0.001223
0.010909 0.003229
0.010715 0.0027
0.010773 0.002188
0.012918 0.00229
0.011254 0.001481
0.010353 0.003674
0.011044 0.003643
0.010736 0.002824
0.011942 0.001798
0.010721 0.003774
0.010846 0.003211
0.010906 0.001907
0.010756 0.00193
0.012191 0.003165
0.013257 0.003389
0.010809 0.002381
0.010812 0.002179
0.010817 0.001869
0.011171 0.005058
0.010806 0.002612
0.010422 0.002808
0.010768 0.001848
0.011038 0.003702
0.010694 0.002686
0.011437 0.002878
0.012667 0.001855
0.010811 0.003363
0.010864 0.00216
0.009433 0.00246
0.011052 0.003525
0.01282 0.001499
0.010823 0.003577
0.010793 0.002776
0.010919 0.001563
0.010798 0.004442
0.010828 0.001955
0.011338 0.002057
0.010715 0.003024
0.011587 0.002942
0.012373 0.003767
0.012542 0.003407
0.010823 0.00251
0.0107 0.00262
0.010386 0.003488
0.010952 0.002696
0.011451 0.002877
0.011076 0.002669
0.010811 0.002769
0.010732 0.003128
0.011085 0.003579
0.010756 0.003472
0.010822 0.004009
0.010841 0.002482
0.010785 0.001872
0.010726 0.00243
0.010748 0.003013
0.011139 0.002663
0.01074 0.003719
0.01078 0.002312
0.010877 0.003298
0.010869 0.002455
0.011633 0.002153
0.010795 0.003044
0.010757 0.0023
0.010846 0.001364
0.010794 0.001778
0.013996 0.004422
0.012786 0.002865
0.010831 0.002975
0.011234 0.003271
0.010727 0.002254
0.011059 0.002485
0.010637 0.003201
0.010788 0.003044
0.010242 0.004062
0.010776 0.001924
0.010943 0.002549
0.010893 0.001911
0.010792 0.002826
0.010681 0.00234
0.010844 0.003065
0.011084 0.002235
0.010982 0.002662
0.010898 0.00281
0.01101 0.002357
0.010863 0.003115
0.010768 0.002463
0.010727 0.002436
0.010739 0.002944
0.010817 0.003322
0.01012 0.004064
0.010807 0.003098
0.010806 0.003224
0.010789 0.002553
0.01083 0.002775
0.011203 0.001797
0.010738 0.003101
0.01083 0.002926
0.010832 0.002935
0.010816 0.004076
0.010764 0.001469
0.010934 0.001879
0.01094 0.00266
0.010784 0.002523
0.010711 0.001565
0.010977 0.001375
0.010141 0.003887
0.011034 0.002901
0.012739 0.003933
0.010809 0.002193
0.010856 0.002483
0.010793 0.002505
0.010832 0.002709
0.010911 0.002238
0.010818 0.003432
0.010938 0.002067
0.010835 0.002862
0.0108 0.003021
0.010885 0.002077
0.010735 0.003074
0.010791 0.002417
0.011025 0.002226
0.01076 0.00217
0.01222 0.003131
0.011091 0.002792
0.010731 0.002075
0.011073 0.001262
0.010791 0.003669
0.01107 0.003567
0.01106 0.002615
0.01078 0.002852
0.01101 0.001677
0.010779 0.002756
0.010756 0.003136
0.01078 0.002216
0.011133 0.003473
0.010767 0.001816
0.010821 0.002795
0.011151 0.00381
0.010822 0.002901
0.011019 0.003816
0.010857 0.002852
0.010747 0.003953
0.010729 0.002038
0.010831 0.002647
0.009494 0.003857
0.010944 0.003694
0.011196 0.002085
0.01092 0.003611
0.010724 0.002937
0.010716 0.002406
0.010745 0.003834
0.01081 0.001927
0.010642 0.00213
0.010795 0.002495
0.010947 0.003132
0.011159 0.003811
0.010736 0.003649
0.010996 0.003077
0.010903 0.002257
0.010969 0.002996
0.010799 0.003874
0.0109 0.002531
0.010889 0.003381
0.010757 0.002207
0.010774 0.003699
0.010689 0.003096
0.010816 0.002711
0.010471 0.002294
0.010721 0.002652
0.010818 0.002627
0.010772 0.002751
0.011351 0.002624
0.010954 0.002644
0.010724 0.002882
0.010999 0.002477
0.008994 0.002409
0.01076 0.002373
0.010904 0.002029
0.010791 0.003248
0.010779 0.003408
0.010743 0.003825
0.010822 0.003623
0.010824 0.003259
0.010826 0.003396
0.010953 0.002737
0.010799 0.002248
0.010768 0.003778
0.010731 0.002567
0.010786 0.003276
0.010865 0.002557
0.010771 0.002394
0.010749 0.002342
0.0109 0.002907
0.010773 0.003476
0.010803 0.002798
0.010885 0.003749
0.01073 0.002826
0.0107 0.001969
0.011273 0.002906
0.010847 0.003283
0.01075 0.00315
0.010861 0.003003
0.010725 0.003848
0.010765 0.00232
0.010747 0.002646
0.010823 0.00266
0.010357 0.002474
0.010746 0.003427
0.01077 0.002608
0.010759 0.003115
0.010678 0.002385
0.011157 0.003431
0.010699 0.002353
0.010877 0.002614
0.010305 0.002462
0.010772 0.00251
0.012123 0.003101
0.010918 0.004091
0.010772 0.003117
0.010791 0.003584
0.010778 0.003738
0.010777 0.002436
0.010572 0.003328
0.010835 0.002432
0.011775 0.002275
0.010873 0.002052
0.010813 0.001843
0.013427 0.003236
0.010823 0.002018
0.010825 0.00228
0.010761 0.002362
0.010835 0.003659
0.010775 0.00227
0.011175 0.003793
0.011038 0.002628
