0.040559 0.007152
0.044062 0.006545
0.041968 0.010139
0.040507 0.011031
0.041886 0.010772
0.041159 0.010211
0.040957 0.010967
0.041225 0.007851
0.042917 0.013588
0.041186 0.014165
0.041413 0.006834
0.040718 0.0145
0.041348 0.009829
0.041089 0.011175
0.042465 0.008421
0.040505 0.011802
0.050669 0.00955
0.040727 0.010336
0.061429 0.008328
0.040424 0.013802
0.041194 0.011688
0.050771 0.006435
0.041224 0.013277
0.051531 0.010154
0.041414 0.013905
0.039452 0.012035
0.041691 0.008844
0.038666 0.007852
0.041607 0.00932
0.041412 0.00967
0.041785 0.009805
0.040781 0.009383
0.040521 0.007487
0.041617 0.006945
0.040653 0.00791
0.040598 0.011758
0.042 0.008976
0.040397 0.008085
0.039758 0.014737
0.04133 0.007636
0.040052 0.010799
0.040545 0.009031
0.039958 0.010709
0.040498 0.011031
0.039624 0.01261
0.040534 0.009346
0.041891 0.00928
0.042029 0.014198
0.04066 0.011371
0.04061 0.021205
0.041242 0.010206
0.040791 0.007684
0.041448 0.010948
0.041369 0.010104
0.04014 0.008993
0.041359 0.014314
0.041136 0.011064
0.041672 0.011452
0.053775 0.012837
0.042149 0.010369
0.05432 0.015505
0.04787 0.014007
0.044145 0.010954
0.041941 0.014463
0.052857 0.016313
0.048946 0.007766
0.041596 0.010273
0.042027 0.009648
0.042033 0.009684
0.040498 0.008642
0.041946 0.011151
0.042027 0.014267
0.041786 0.01022
0.039654 0.007226
0.043246 0.012843
0.039483 0.010652
0.055386 0.013796
0.055227 0.012771
0.053159 0.013352
0.04347 0.009182
0.04091 0.008231
0.041429 0.011909
0.041587 0.010734
0.04097 0.012848
0.041108 0.010303
0.041139 0.013958
0.041119 0.007418
0.058372 0.011068
0.059232 0.013138
0.041992 0.012681
0.039649 0.006084
0.041738 0.012523
0.040899 0.010975
0.041464 0.007237
0.040817 0.012167
0.04075 0.009675
0.040842 0.013626
0.041704 0.009376
0.039783 0.010056
0.040612 0.010009
0.047386 0.010326
0.04176 0.008466
0.039615 0.00708
0.040713 0.010825
0.040321 0.011056
0.040595 0.010262
0.040755 0.014631
0.040697 0.011221
0.04162 0.007546
0.040807 0.008639
0.04076 0.010527
0.043278 0.012867
0.040619 0.013665
0.040829 0.007951
0.042112 0.009314
0.042451 0.009726
0.042731 0.010836
0.042156 0.009072
0.040958 0.010138
0.041374 0.012786
0.040787 0.013254
0.043141 0.011155
0.042321 0.012852
0.042346 0.008404
0.041988 0.012477
0.042062 0.00894
0.040899 0.013067
0.041184 0.008562
0.040625 0.014657
0.04119 0.011622
0.053535 0.013508
0.041049 0.008105
0.038736 0.006475
0.040527 0.00572
0.040529 0.007856
0.040698 0.009846
0.041264 0.005892
0.041278 0.009804
0.04824 0.006705
0.040604 0.011231
0.040838 0.012696
0.041743 0.011134
0.04082 0.009066
0.041017 0.008833
0.048247 0.007315
0.04085 0.006524
0.040659 0.011355
0.039253 0.006149
0.040349 0.008109
0.03957 0.01185
0.040919 0.01007
0.040413 0.010838
0.040658 0.010752
0.041215 0.0111
0.04149 0.009074
0.04054 0.005968
0.039409 0.014136
0.04157 0.010153
0.040971 0.010405
0.040607 0.010729
0.040333 0.013064
0.042479 0.010219
0.041697 0.011677
0.041227 0.010735
0.040603 0.010748
0.040723 0.007874
0.041417 0.007771
0.041979 0.007983
0.041281 0.010318
0.041158 0.008451
0.042415 0.01127
0.041363 0.010418
0.040895 0.014046
0.041414 0.009377
0.04136 0.01045
0.040815 0.009101
0.04317 0.008182
0.040667 0.007498
0.048283 0.006734
0.052718 0.014173
0.053371 0.010406
0.052564 0.013044
0.052521 0.011728
0.046944 0.013272
0.055649 0.010194
0.052542 0.011154
0.052612 0.01178
0.042307 0.010939
0.041655 0.008923
0.041509 0.010041
0.044107 0.008647
0.041781 0.008392
0.041066 0.008019
0.04077 0.013005
0.040756 0.009684
0.041374 0.014198
0.04062 0.008293
0.040428 0.01376
0.040626 0.011072
0.041148 0.011783
0.040455 0.008681
0.041911 0.007822
0.04067 0.009777
0.039766 0.011031
0.040446 0.010041
0.038738 0.008593
0.040399 0.010507
0.0387 0.010593
0.040454 0.008194
0.041034 0.011366
0.041667 0.012363
0.041167 0.008352
0.040935 0.011367
0.040689 0.010472
0.041132 0.01147
0.041615 0.011455
0.041138 0.010025
0.041619 0.009622
0.041369 0.008855
0.040756 0.012143
0.040794 0.006663
0.040788 0.005237
0.040531 0.006056
0.04052 0.009905
0.039092 0.009863
0.041756 0.011295
0.038805 0.011497
0.040987 0.01198
0.041497 0.009542
0.040676 0.008758
0.04283 0.006868
0.040535 0.008033
0.043747 0.011546
0.0409 0.009707
0.040748 0.008233
0.041028 0.013824
0.043306 0.009208
0.04223 0.008204
0.041134 0.008458
0.041757 0.009059
0.044848 0.008361
0.041723 0.011766
0.040971 0.007907
0.042479 0.007582
0.040695 0.014463
0.044765 0.010014
0.042206 0.008754
0.041347 0.006777
0.041306 0.008846
0.041212 0.010395
0.041707 0.012884
0.049837 0.010035
0.042264 0.008211
0.044956 0.008874
0.041755 0.013566
0.041576 0.011271
0.040951 0.008355
0.042054 0.012619
0.042772 0.01058
0.041688 0.007054
0.041401 0.010672
0.058658 0.009503
0.042976 0.008333
0.05442 0.010596
0.04157 0.005443
0.040975 0.011585
0.046493 0.009641
0.042859 0.010764
0.041856 0.010562
0.04169 0.007759
0.042725 0.009898
0.041604 0.009789
0.040745 0.014711
0.041479 0.009808
0.041086 0.015558
0.042755 0.006964
0.042159 0.013125
0.041198 0.011467
0.041305 0.011593
0.04095 0.009171
0.040773 0.00714
0.041493 0.010192
0.040614 0.013067
0.041839 0.01328
0.041627 0.014094
0.040879 0.008502
0.042726 0.008793
0.041414 0.017691
0.041606 0.014034
0.041782 0.01036
0.041435 0.006849
0.041082 0.00606
0.040948 0.011786
0.041056 0.008752
0.041246 0.010138
0.042635 0.012924
0.040664 0.013763
0.041306 0.009715
0.040484 0.00873
0.043648 0.012392
0.044472 0.014414
0.041162 0.011534
0.042188 0.011648
0.040811 0.012254
0.041138 0.013491
0.040936 0.006708
0.047612 0.008216
0.041936 0.009447
0.040727 0.007207
0.042222 0.008557
0.041085 0.010802
0.042235 0.012722
0.045536 0.009937
0.044676 0.008411
0.041057 0.011065
0.04215 0.009031
0.042921 0.010466
0.04097 0.011414
0.041844 0.0099
0.040955 0.012992
0.042022 0.013192
0.041334 0.008406
0.040485 0.009925
0.041021 0.011163
0.042953 0.010056
0.041099 0.013744
0.041367 0.014041
0.043773 0.006427
0.041837 0.01252
0.04185 0.010138
0.042195 0.009719
0.041323 0.011766
0.042698 0.011553
0.041522 0.009976
0.042589 0.007306
0.041773 0.007124
0.040359 0.011244
0.042083 0.007187
0.041062 0.013232
0.061268 0.009493
0.041155 0.006525
0.041117 0.008589
0.04159 0.009474
0.040931 0.0123
0.04018 0.011402
0.040846 0.010127
0.041582 0.009314
0.041337 0.011838
0.040492 0.01002
0.04095 0.007654
0.039378 0.01308
0.041431 0.012558
0.040159 0.013818
0.04118 0.010755
0.039818 0.007816
0.040592 0.007992
0.040431 0.007726
0.042511 0.008718
0.038585 0.009583
0.042739 0.012351
0.042404 0.013838
0.040539 0.008511
0.041611 0.010308
0.039897 0.010969
0.041004 0.01253
0.04119 0.012262
0.042014 0.012021
0.040523 0.009473
0.040375 0.009537
0.040496 0.007991
0.041567 0.010385
0.040946 0.008323
0.041744 0.013373
0.0408 0.006182
0.042882 0.008931
0.040862 0.006849
0.041033 0.011021
0.042203 0.013511
0.041212 0.007694
0.046403 0.007568
0.042666 0.010971
0.055703 0.007736
0.041066 0.008217
0.042151 0.00884
0.040973 0.009885
0.040699 0.013913
0.046174 0.015507
0.041552 0.008707
0.043321 0.008645
0.040616 0.013762
0.042496 0.014
0.042565 0.013699
0.04068 0.012184
0.040633 0.009996
0.041727 0.010504
0.039716 0.006082
0.041374 0.009883
0.040511 0.008819
0.054831 0.014426
0.040853 0.009253
0.042054 0.010577
0.039324 0.004454
0.040813 0.008097
0.039603 0.010901
0.051156 0.010391
0.039725 0.010732
0.059465 0.007457
0.045941 0.016227
0.042735 0.013084
0.062207 0.013309
0.057591 0.014495
0.059764 0.014203
0.041546 0.013842
0.040462 0.006286
0.042188 0.008923
0.041989 0.007857
0.053342 0.009116
0.041486 0.012344
0.044835 0.014506
0.041144 0.014365
0.041037 0.012693
0.04245 0.012705
0.04591 0.014196
0.0422 0.009748
0.043449 0.013438
0.048438 0.00653
0.041957 0.004359
0.040358 0.008857
0.055504 0.018425
0.049388 0.011804
0.040592 0.009821
0.040245 0.006021
0.04044 0.011771
0.040768 0.010015
0.043859 0.009446
0.043092 0.010236
0.041014 0.010505
0.042029 0.007745
0.042106 0.013739
0.042227 0.011105
0.040908 0.00757
0.04238 0.008031
0.040952 0.007495
0.042808 0.011445
0.041677 0.009668
0.041541 0.006614
0.040735 0.007578
0.041522 0.013972
0.042008 0.006495
0.041409 0.007429
0.039608 0.009842
0.040887 0.008741
0.045466 0.006159
0.047188 0.006684
0.041964 0.01385
0.042599 0.013695
0.040706 0.008872
0.040665 0.011747
0.040777 0.006025
0.041228 0.013261
0.04081 0.008208
0.041706 0.01031
0.04179 0.008988
0.041223 0.005235
0.040378 0.006415
0.040601 0.00712
0.040788 0.010413
0.040452 0.009036
0.040418 0.011129
0.040276 0.010941
0.04113 0.014644
0.04115 0.010773
0.040894 0.008268
0.058565 0.014609
0.042332 0.007185
0.041251 0.007931
0.041482 0.008874
0.0411 0.008204
0.041652 0.011416
0.039338 0.011849
0.041818 0.009922
0.039362 0.012839
0.041748 0.011941
0.039373 0.010978
0.041002 0.006573
0.039961 0.009066
0.040582 0.012862
0.040868 0.007717
0.041182 0.013248
0.042581 0.010226
0.040619 0.013349
0.040733 0.009514
0.058052 0.007019
0.040689 0.009423
0.04099 0.019022
0.041451 0.009581
0.040321 0.00967
0.041238 0.010147
0.040604 0.008265
0.04112 0.013374
0.04173 0.010972
0.040716 0.013907
0.040456 0.00923
0.040554 0.012038
0.041389 0.011319
0.041047 0.012229
0.04163 0.011136
0.041025 0.011994
0.04156 0.013704
0.041431 0.011842
0.047511 0.011524
0.040866 0.012352
0.041006 0.00864
0.042616 0.008532
0.041747 0.011789
0.040804 0.012981
0.041803 0.012318
0.041137 0.008855
0.04125 0.01052
0.040569 0.005549
0.044298 0.014647
0.041637 0.012384
0.04153 0.011458
0.0417 0.012536
0.046563 0.011688
0.045442 0.012433
0.041052 0.011644
0.049231 0.008722
0.040883 0.009242
0.042288 0.010855
0.040879 0.005873
0.040762 0.012648
0.041229 0.009929
0.042365 0.008558
0.043503 0.011823
0.040884 0.011438
0.042016 0.012609
0.040679 0.013228
0.041626 0.008827
0.040874 0.006222
0.042026 0.008834
0.040396 0.015032
0.040744 0.00841
0.041729 0.010817
0.041855 0.011645
0.041053 0.012928
0.040617 0.009874
0.040747 0.012964
0.040128 0.012386
0.041763 0.010477
0.03957 0.009401
0.040684 0.010203
0.040125 0.012945
0.040854 0.00649
0.038806 0.01142
0.040911 0.007528
0.040792 0.010864
0.040614 0.011531
0.041131 0.007081
0.042345 0.008059
0.040957 0.008978
0.041176 0.008855
0.040542 0.007279
0.033077 0.008616
0.041477 0.010887
0.041184 0.014438
0.041851 0.013215
0.041309 0.012319
0.040878 0.007639
0.041379 0.012398
0.040927 0.009838
0.0419 0.007943
0.04148 0.008231
0.042354 0.009808
0.040563 0.009022
0.041637 0.008405
0.040796 0.012797
0.045863 0.008824
0.041602 0.012094
0.040683 0.010408
0.041548 0.009856
0.039544 0.008068
0.046555 0.009746
0.043051 0.010645
0.042229 0.010918
0.039376 0.007105
0.052042 0.005056
0.040594 0.014201
0.049622 0.009387
0.040951 0.009751
0.041168 0.014633
0.040505 0.011655
0.041303 0.006077
0.041666 0.010369
0.040891 0.009579
0.040951 0.010256
0.041781 0.010554
0.038749 0.012608
0.040748 0.007267
0.039168 0.010428
0.04085 0.009136
0.039594 0.011916
0.040598 0.006356
0.040594 0.009674
0.040695 0.008732
0.041027 0.012918
0.040565 0.008899
0.040669 0.009801
0.042801 0.011454
0.040962 0.010744
0.042126 0.007589
0.040525 0.011226
0.043274 0.012206
0.040664 0.006307
0.052497 0.011271
0.041702 0.007401
0.048126 0.017123
0.04059 0.010386
0.043065 0.014584
0.040255 0.006434
0.053532 0.008003
0.053164 0.006749
0.060856 0.011869
0.041212 0.007422
0.041703 0.009527
0.040854 0.013946
0.041064 0.011789
0.040706 0.009636
0.040953 0.015401
0.038733 0.010074
0.040862 0.011951
0.040422 0.006873
0.041806 0.006212
0.040664 0.009324
0.041137 0.008393
0.041666 0.0092
0.04102 0.00678
0.041707 0.009844
0.041358 0.01076
0.041517 0.011259
0.041079 0.007574
0.041046 0.008238
0.039272 0.009368
0.041461 0.014139
0.040262 0.007178
0.042241 0.012618
0.040638 0.009821
0.071108 0.010291
0.04413 0.011968
0.043507 0.010056
0.041607 0.008563
0.042021 0.00943
0.040954 0.007802
0.041404 0.010383
0.039458 0.008908
0.04055 0.011708
0.041559 0.009278
0.04166 0.011416
0.039336 0.011041
0.04128 0.01265
0.048359 0.010575
0.040959 0.007286
0.040752 0.005129
0.041532 0.009774
0.04056 0.008019
0.041715 0.01239
0.040679 0.010384
0.040767 0.011337
0.041164 0.014473
0.040676 0.008457
0.041059 0.008466
0.041734 0.013638
0.041022 0.008585
0.041915 0.010904
0.04047 0.012974
0.041437 0.012892
0.041752 0.009017
0.040948 0.008029
0.040884 0.013066
0.04383 0.007194
0.045571 0.01284
0.041021 0.010033
0.04208 0.013651
0.041715 0.007803
0.042367 0.012741
0.040866 0.009268
0.041127 0.011672
0.04084 0.008012
0.041854 0.007645
0.040894 0.008607
0.040556 0.012667
0.041143 0.008374
0.040937 0.004978
0.041837 0.007107
0.042162 0.014401
0.042077 0.007434
0.040723 0.010135
0.040483 0.013657
0.040402 0.007187
0.040622 0.007928
0.041059 0.00669
0.03878 0.010426
0.040802 0.014153
0.039768 0.007253
0.040742 0.008184
0.041503 0.010525
0.042908 0.007302
0.041747 0.009819
0.042335 0.010634
0.041219 0.013266
0.040783 0.008095
0.041667 0.008161
0.051549 0.007283
0.046277 0.014507
0.042023 0.009097
0.038661 0.009392
0.040729 0.009734
0.040239 0.0067
0.04208 0.010533
0.04143 0.010112
0.04074 0.007877
0.041503 0.012376
0.040888 0.009776
0.04094 0.008229
0.040747 0.007742
0.040597 0.007754
0.041498 0.008562
0.040618 0.007919
0.040957 0.009751
0.040849 0.009233
0.041941 0.008403
0.040683 0.009834
0.040879 0.013103
0.041971 0.013044
0.041313 0.008299
0.040793 0.011819
0.042154 0.007939
0.04154 0.011925
0.041249 0.007595
0.040788 0.007855
0.039943 0.009431
0.040605 0.014342
0.038888 0.007418
0.040854 0.011461
0.039907 0.008296
0.04035 0.009413
0.040931 0.007342
0.040895 0.013506
0.040831 0.0142
0.040731 0.011941
0.040644 0.007583
0.040726 0.012168
0.04217 0.011473
0.040579 0.013991
0.04101 0.014632
0.042293 0.012354
0.03969 0.008303
0.049655 0.007352
0.039654 0.008574
0.04142 0.007349
0.040316 0.009752
0.040605 0.008457
0.040499 0.013223
0.041127 0.009032
0.040663 0.012952
0.041891 0.012857
0.041788 0.008412
0.042103 0.010596
0.0418 0.0076
0.041085 0.008559
0.03495 0.011108
0.040986 0.008612
0.042402 0.009072
0.041116 0.007289
0.041984 0.010089
0.04079 0.013164
0.041261 0.012283
0.040969 0.010395
0.041315 0.012717
0.041371 0.008665
0.041617 0.010841
0.040971 0.014617
0.042682 0.013642
0.041543 0.008857
0.043178 0.006514
0.041083 0.008708
0.041407 0.01405
0.042146 0.010618
0.042261 0.011157
0.040971 0.007101
0.042117 0.008823
0.040837 0.011031
0.042086 0.010089
0.041421 0.014651
0.041603 0.013882
0.043443 0.013801
0.040807 0.009949
0.041092 0.012998
0.041009 0.011951
0.044482 0.007671
0.04123 0.009123
0.040186 0.00878
0.043257 0.006159
0.040847 0.005108
0.042125 0.008535
0.040583 0.011113
0.042172 0.006758
0.042087 0.009067
0.040824 0.008302
0.041203 0.010034
0.04091 0.011519
0.040942 0.01112
0.040827 0.009413
0.040743 0.009847
0.042863 0.010619
0.040434 0.010679
0.038426 0.012999
0.042396 0.012211
0.04245 0.008037
0.040856 0.008006
0.041223 0.012154
0.041318 0.013008
0.041081 0.010938
0.040981 0.0099
0.042341 0.009403
0.040729 0.004307
0.043776 0.009923
0.040763 0.00904
0.058395 0.012552
0.052791 0.010202
0.05565 0.008874
0.041324 0.013465
0.048041 0.011537
0.041028 0.010128
0.04128 0.010783
0.039459 0.014028
0.040338 0.008142
0.04009 0.008833
0.040843 0.01116
0.042734 0.007877
0.041646 0.008308
0.055759 0.012503
0.053894 0.011488
0.053163 0.016129
0.054131 0.015693
0.052087 0.014791
0.047886 0.009999
0.054066 0.00753
0.054879 0.012439
0.054116 0.012462
0.05311 0.016135
0.047648 0.009817
0.053209 0.010272
0.052885 0.012072
0.052575 0.010998
0.054656 0.007866
0.040825 0.012547
0.0415 0.014186
0.040581 0.006586
0.042206 0.011718
0.041279 0.00998
0.041092 0.007937
0.04133 0.013985
0.04101 0.011136
0.040902 0.012071
0.04112 0.008852
0.04088 0.011229
0.040832 0.007943
0.041251 0.008699
0.041047 0.013144
0.040555 0.010386
0.040993 0.010268
0.041283 0.00672
0.040968 0.008926
0.040964 0.011903
0.039576 0.011532
0.041184 0.014191
0.039034 0.007294
0.041853 0.011518
0.041336 0.011188
0.041399 0.008823
0.039226 0.009784
0.040635 0.010919
0.040415 0.014973
0.041812 0.011647
0.041582 0.013424
0.041656 0.005665
0.040658 0.009312
0.041162 0.008683
0.040717 0.013488
0.040592 0.00966
0.040912 0.005991
0.04131 0.011828
0.040541 0.012721
0.042182 0.010113
0.040802 0.005422
0.040567 0.009303
0.041303 0.008913
0.044192 0.009339
0.040788 0.016205
0.04159 0.006999
0.040305 0.01391
0.040879 0.008977
0.041377 0.00872
0.042261 0.011472
0.040506 0.012163
0.039938 0.007563
0.043351 0.005404
0.042131 0.012002
0.041084 0.010732
0.042007 0.013436
0.040778 0.008161
0.041606 0.006472
0.040509 0.012629
0.040692 0.009283
0.042679 0.010336
0.041051 0.010116
0.063017 0.015866
0.059437 0.013115
0.06155 0.013545
0.059859 0.006364
0.058402 0.010929
0.059957 0.012118
0.042763 0.008612
0.042639 0.012544
0.042626 0.012051
0.043117 0.012643
0.043714 0.008671
0.043296 0.010103
0.042571 0.013298
0.04335 0.010597
0.043565 0.009503
0.042162 0.010161
0.043519 0.007911
0.04224 0.012668
0.043856 0.008286
0.042318 0.009985
0.044423 0.006641
0.042244 0.010067
0.042826 0.00898
0.043078 0.011545
0.043259 0.007228
0.042424 0.011814
0.042187 0.012067
0.042414 0.005094
0.04119 0.012454
0.044037 0.006121
0.040763 0.009545
0.044273 0.007357
0.040958 0.00742
0.042187 0.008534
0.043396 0.010832
0.042621 0.011043
0.0434 0.006607
0.042923 0.010579
0.0437 0.014264
0.04218 0.010307
0.043524 0.013212
0.042173 0.012776
0.042129 0.006484
0.043015 0.00817
0.043681 0.01135
0.044024 0.004883
0.04287 0.010464
0.043566 0.008037
0.042304 0.011092
0.042585 0.011254
0.042204 0.007275
0.042277 0.009009
0.043505 0.013327
0.035538 0.010937
0.041874 0.014291
0.043769 0.010662
0.043519 0.005809
0.043708 0.010036
0.042057 0.008762
0.042634 0.010397
0.042152 0.01357
0.043082 0.009949
0.043527 0.008806
0.043108 0.009971
0.043242 0.009065
0.042767 0.010095
0.042326 0.00949
0.043155 0.013244
0.042558 0.009721
0.042582 0.007834
0.041937 0.011263
0.042153 0.009661
0.042019 0.007169
0.040997 0.013584
0.0432 0.011208
0.040554 0.009284
0.043294 0.010569
0.04149 0.011928
0.042429 0.010014
0.040957 0.005507
0.042216 0.008286
0.043015 0.012895
0.042627 0.008494
