0.01709 0.003898

0.016839 0.002359

0.016926 0.005147

0.017044 0.006261

0.016646 0.002944

0.016617 0.004642

0.016598 0.004294

0.016645 0.004395

0.016667 0.002916

0.016837 0.003515

0.016798 0.003793

0.016846 0.004525

0.016679 0.004387

0.016624 0.004081

0.016582 0.004514

0.016897 0.005967

0.0167 0.005902

0.016917 0.003349

0.017 0.005642

0.016471 0.005583

0.016688 0.004547

0.016552 0.003626

0.017036 0.005

0.016742 0.004223

0.016746 0.004896

0.01724 0.004905

0.016757 0.005164

0.016541 0.003767

0.016701 0.004019

0.016749 0.003053

0.016845 0.003609

0.016833 0.003355

0.017018 0.004625

0.016635 0.004426

0.016827 0.005966

0.016833 0.003577

0.016694 0.00447

0.017134 0.005594

0.017008 0.003025

0.016719 0.00584

0.016626 0.004456

0.017214 0.004196

0.016709 0.004152

0.016668 0.005707

0.016625 0.005953

0.016897 0.005128

0.016676 0.006341

0.016725 0.004468

0.016968 0.003342

0.016707 0.006209

0.0165 0.002922

0.017189 0.005226

0.017376 0.005346

0.016604 0.005568

0.016967 0.003917

0.01664 0.00372

0.01688 0.003623

0.017034 0.003897

0.016938 0.003621

0.016508 0.005232

0.016568 0.005659

0.016828 0.004396

0.016627 0.00528

0.016598 0.004334

0.016633 0.003307

0.01679 0.003696

0.016901 0.004586

0.01668 0.004598

0.016454 0.002946

0.0166 0.005327

0.016719 0.004739

0.016517 0.005485

0.016571 0.002628

0.01651 0.006195

0.017143 0.005687

0.01656 0.003521

0.016614 0.004365

0.017005 0.006083

0.016631 0.002783

0.016626 0.006296

0.017059 0.004936

0.016669 0.004454

0.016526 0.00485

0.016578 0.006257

0.017104 0.005678

0.016666 0.00551

0.016492 0.004485

0.016694 0.003407

0.016706 0.003637

0.016628 0.004002

0.016541 0.005379

0.016569 0.005682

0.017097 0.003986

0.016859 0.004263

0.017078 0.004824

0.01681 0.0051

0.017125 0.00455

0.016591 0.00475

0.016825 0.005683

0.016558 0.004181

0.016798 0.003213

0.016574 0.004933

0.016662 0.006163

0.016737 0.005416

0.016999 0.0062

0.017532 0.004234

0.016538 0.004894

0.016734 0.00485

0.016562 0.003991

0.016642 0.004081

0.017047 0.005916

0.016602 0.005316

0.017063 0.005847

0.016756 0.003046

0.016733 0.004948

0.016576 0.004654

0.016702 0.006165

0.016669 0.004277

0.01678 0.005574

0.016618 0.004818

0.016582 0.002547

0.016872 0.003982

0.01662 0.002906

0.016843 0.003325

0.016572 0.003353

0.016771 0.003902

0.016722 0.003137

0.016742 0.003432

0.017089 0.006315

0.016799 0.003947

0.016554 0.004389

0.016614 0.005074

0.016625 0.003513

0.016886 0.004615

0.017215 0.003678

0.016754 0.004387

0.016802 0.004899

0.016937 0.0056

0.016592 0.005894

0.016685 0.00208

0.017034 0.00304

0.016503 0.004428

0.017078 0.004068

0.016752 0.004079

0.017248 0.004461

0.016678 0.003089

0.016668 0.003382

0.017045 0.002925

0.016565 0.00426

0.016736 0.004453

0.01657 0.006098

0.016604 0.004162

0.016655 0.005354

0.017101 0.004309

0.016586 0.003392

0.017022 0.005453

0.016582 0.002857

0.016646 0.003535

0.01667 0.003278

0.016614 0.004485

0.01686 0.005118

0.016742 0.00444

0.016457 0.004639

0.016575 0.00612

0.016812 0.006052

0.017099 0.00458

0.01678 0.004768

0.0171 0.003927

0.016739 0.004083

0.017094 0.002517

0.016612 0.006164

0.016862 0.001723

0.016526 0.005922

0.016477 0.004008

0.016905 0.002959

0.016652 0.003505

0.016745 0.003781

0.016624 0.004312

0.017102 0.003064

0.017453 0.00425

0.016631 0.005126

0.016934 0.00392

0.016599 0.003392

0.017067 0.003834

0.017009 0.003035

0.016743 0.004604

0.016571 0.002708

0.017052 0.003685

0.016798 0.004027

0.016698 0.004561

0.016567 0.004423

0.016537 0.003706

0.016899 0.002844

0.01665 0.004273

0.016673 0.003643

0.017028 0.004848

0.016522 0.003634

0.016781 0.005579

0.016562 0.003679

0.016725 0.006418

0.016561 0.004305

0.016986 0.004547

0.01661 0.005397

0.016608 0.004033

0.016689 0.005507

0.016669 0.006568

0.016641 0.003056

0.017165 0.005704

0.016552 0.004722

0.017155 0.003935

0.016945 0.004226

0.016705 0.005754

0.017511 0.00263

0.016575 0.005521

0.016553 0.004951

0.017016 0.005257

0.016814 0.005036

0.016639 0.003949

0.016797 0.005774

0.016753 0.005785

0.017091 0.005863

0.016526 0.004855

0.016659 0.005724

0.017129 0.00603

0.016635 0.003324

0.016792 0.006144

0.016661 0.004782

0.017141 0.003315

0.016626 0.00561

0.016805 0.005575

0.017136 0.002877

0.016662 0.004597

0.016691 0.002909

0.01673 0.003805

0.016716 0.00642

0.016741 0.003346

0.016703 0.004001

0.016623 0.003499

0.016905 0.002559

0.016667 0.00451

0.016636 0.004254

0.01721 0.004464

0.016778 0.005369

0.017808 0.003189

0.016467 0.002692

0.016618 0.004454

0.016708 0.004704

0.016684 0.003211

0.016725 0.005941

0.016676 0.002834

0.016814 0.005408

0.016734 0.003365

0.016526 0.004674

0.016682 0.005907

0.016582 0.005956

0.016415 0.004595

0.017123 0.004116

0.01674 0.002764

0.016546 0.004417

0.016726 0.005536

0.017329 0.006122

0.016788 0.0047

0.016608 0.005716

0.016649 0.003881

0.017435 0.005166

0.016783 0.00512

0.016483 0.006416

0.016607 0.006021

0.016701 0.003437

0.016723 0.003214

0.016553 0.005284

0.016583 0.003507

0.016909 0.004389

0.016578 0.003422

0.01679 0.006298

0.016733 0.004676

0.017046 0.005422

0.016628 0.003311

0.01678 0.004113

0.016605 0.004004

0.016654 0.006241

0.016738 0.004454

0.016677 0.005495

0.016564 0.002757

0.016519 0.005296

0.016533 0.006345

0.016662 0.00268

0.016741 0.00425

0.016644 0.004767

0.016679 0.003534

0.016894 0.004035

0.016641 0.004483

0.016641 0.004025

0.016552 0.004616

0.016629 0.003946

0.016776 0.004878

0.016583 0.003866

0.016706 0.004549

0.016636 0.001907

0.016654 0.003599

0.016644 0.005093

0.016702 0.005006

0.016576 0.004936

0.017126 0.00444

0.016784 0.005961

0.01666 0.00375

0.016722 0.005807

0.016936 0.004974

0.017255 0.005237

0.016596 0.005653

0.016728 0.005885

0.017109 0.002771

0.016648 0.004413

0.017295 0.005955

0.016784 0.005194

0.016541 0.006095

0.016676 0.003591

0.016939 0.002224

0.017676 0.006205

0.016984 0.00505

0.01664 0.003755

0.016596 0.004884

0.016759 0.005351

0.016579 0.003006

0.016948 0.003807

0.016718 0.003742

0.016659 0.004124

0.016684 0.00492

0.016526 0.00586

0.016616 0.003125

0.016662 0.006074

0.016745 0.003212

0.016605 0.003218

0.016594 0.003083

0.016789 0.003455

0.016806 0.005937

0.016774 0.005553

0.016543 0.004004

0.016681 0.0029

0.016585 0.003687

0.016647 0.004958

0.016631 0.004945

0.016974 0.005216

0.016656 0.005452

0.017279 0.004398

0.016627 0.003553

0.016735 0.005601

0.016573 0.003875

0.016807 0.003703

0.016785 0.005483

0.016708 0.004813

0.016564 0.004685

0.016701 0.004998

0.01664 0.003789

0.016554 0.003747

0.016656 0.002208

0.016533 0.006295

0.016755 0.005697

0.016706 0.003799

0.016734 0.003853

0.017031 0.004297

0.016549 0.005292

0.016606 0.004347

0.016657 0.006218

0.016706 0.003901

0.016775 0.005279

0.01679 0.005592

0.01654 0.005774

0.017023 0.004986

0.016777 0.003756

0.01666 0.004802

0.017101 0.002684

0.016748 0.004293

0.016678 0.005868

0.017093 0.004446

0.01669 0.002439

0.017056 0.004923

0.016455 0.004468

0.017223 0.002859

0.016727 0.005115

0.016659 0.005698

0.017013 0.004773

0.016557 0.004913

0.016692 0.005766

0.01675 0.00377

0.016985 0.004248

0.016702 0.006102

0.016604 0.00612

0.017182 0.003985

0.016679 0.00462

0.017116 0.003319

0.016686 0.005384

0.017256 0.003627

0.017209 0.003018

0.016634 0.002358

0.017055 0.006231

0.016645 0.004003

0.016785 0.006264

0.016581 0.004836

0.016641 0.002969

0.016586 0.003001

0.016554 0.005749

0.016583 0.004018

0.016536 0.004595

0.01661 0.005484

0.016625 0.004612

0.016894 0.004646

0.016588 0.00568

0.017148 0.005618

0.016992 0.004587

0.017157 0.002796

0.016696 0.002261

0.01662 0.004677

0.016723 0.004772

0.0173 0.00463

0.017206 0.004315

0.016657 0.004182

0.016562 0.002299

0.016616 0.005376

0.016671 0.005472

0.017408 0.005533

0.016725 0.004266

0.01688 0.004713

0.017022 0.005941

0.017759 0.006126

0.016787 0.003944

0.016713 0.005665

0.017036 0.003704

0.016832 0.003351

0.016857 0.005604

0.016555 0.003578

0.016617 0.006002

0.016625 0.00439

0.016512 0.003168

0.016706 0.005144

0.016588 0.002444

0.016846 0.006043

0.016767 0.00517

0.016986 0.004744

0.016525 0.004405

0.016886 0.00471

0.016728 0.005379

0.017139 0.003821

0.016552 0.003076

0.016753 0.005034

0.016847 0.003644

0.016624 0.003878

0.016979 0.002877

0.016567 0.004693

0.016738 0.004463

0.017121 0.004738

0.016615 0.004257

0.016794 0.006196

0.017048 0.005482

0.01671 0.006126

0.016594 0.005222

0.016612 0.003913

0.0166 0.006285

0.017071 0.005092

0.016664 0.003245

0.016996 0.00383

0.016613 0.002631

0.016659 0.005119

0.016608 0.004102

0.016961 0.005903

0.017089 0.005258

0.016777 0.003875

0.01686 0.003761

0.016748 0.005456

0.016577 0.005414

0.016655 0.002583

0.016699 0.005023

0.017064 0.003611

0.016557 0.003845

0.016676 0.005538

0.016915 0.003313

0.017055 0.00451

0.016746 0.004092

0.016793 0.006049

0.016597 0.003537

0.016654 0.002826

0.016722 0.004646

0.01715 0.003832

0.017069 0.004482

0.017349 0.003586

0.016835 0.006416

0.017161 0.003948

0.016707 0.002734

0.017035 0.00344

0.017102 0.003372

0.017175 0.003785

0.016858 0.004366

0.016729 0.006026

0.017126 0.004704

0.016802 0.003733

0.0178 0.003924

0.01706 0.001987

0.016669 0.003566

0.016563 0.004938

0.016553 0.002734

0.016524 0.004061

0.017133 0.004529

0.016614 0.005531

0.016634 0.003846

0.016904 0.006365

0.016709 0.003509

0.017089 0.003403

0.016638 0.003972

0.016697 0.006016

0.016966 0.004976

0.016688 0.003911

0.016629 0.004055

0.017167 0.003663

0.017575 0.003226

0.017042 0.004074

0.016681 0.005544

0.017043 0.003575

0.016755 0.004813

0.016665 0.004435

0.016581 0.003642

0.017253 0.004855

0.016578 0.006375

0.016612 0.005604

0.01667 0.004086

0.016592 0.002572

0.017097 0.005284

0.016872 0.002981

0.016681 0.003213

0.016737 0.005042

0.017072 0.003369

0.016612 0.004553

0.01677 0.006365

0.016832 0.005274

0.016743 0.004067

0.016559 0.005012

0.016991 0.003706

0.016692 0.003066

0.017199 0.002782

0.016631 0.005654

0.016707 0.002992

0.016784 0.004414

0.016809 0.004142

0.016611 0.0056

0.016733 0.003583

0.01679 0.003462

0.017038 0.0049

0.016629 0.003082

0.016928 0.003624

0.016589 0.007249

0.016563 0.005835

0.016634 0.003758

0.01708 0.004756

0.016597 0.00252

0.016874 0.004239

0.016698 0.003492

0.016904 0.006051

0.016664 0.00514

0.017027 0.003577

0.016564 0.00425

0.01667 0.003967

0.017002 0.006016

0.016663 0.005295

0.016667 0.003623

0.016623 0.004875

0.016676 0.005702

0.016712 0.005004

0.016872 0.004466

0.016672 0.003398

0.016721 0.00527

0.0167 0.002139

0.016703 0.005976

0.016485 0.003549

0.016751 0.004471

0.016639 0.003826

0.01661 0.004591

0.016806 0.005772

0.0165 0.003947

0.016669 0.00339

0.016619 0.006409

0.016779 0.004688

0.016587 0.003834

0.016619 0.004966

0.017105 0.004102

0.017098 0.005392

0.017234 0.004052

0.016711 0.006228

0.016444 0.00342

0.016716 0.003356

0.016792 0.004255

0.016967 0.004433

0.017105 0.003754

0.017233 0.004437

0.016698 0.005844

0.017194 0.00285

0.016646 0.005172

0.017026 0.004893

0.016596 0.004859

0.016819 0.006041

0.016831 0.004337

0.016732 0.002816

0.017007 0.002567

0.017257 0.005908

0.016787 0.005366

0.016676 0.003893

0.016954 0.005731

0.016815 0.002714

0.016845 0.003097

0.016991 0.004406

0.017055 0.005887

0.016722 0.003109

0.016646 0.005739

0.016626 0.004319

0.017051 0.005681

0.016719 0.003698

0.016786 0.003162

0.016702 0.004397

0.016635 0.005687

0.016605 0.004945

0.017021 0.004823

0.016753 0.005386

0.016721 0.005363

0.017149 0.003634

0.01686 0.003521

0.016879 0.004359

0.016942 0.002253

0.01665 0.003784

0.016635 0.006238

0.016597 0.005081

0.017147 0.001808

0.017051 0.005254

0.01669 0.003628

0.017119 0.003514

0.016536 0.005675

0.017214 0.004215

0.016692 0.003588

0.016575 0.004568

0.01691 0.003222

0.016787 0.004308

0.016614 0.005114

0.017143 0.004008

0.016636 0.005103

0.016634 0.004593

0.016581 0.006019

0.016625 0.004864

0.016717 0.005459

0.016625 0.006002

0.016866 0.004482

0.016535 0.005128

0.016632 0.00386

0.016496 0.002843

0.016753 0.004149

0.016643 0.005052

0.017098 0.005792

0.016754 0.004529

0.016768 0.004519

0.017867 0.003085

0.016957 0.004045

0.016627 0.003788

0.016663 0.005135

0.016658 0.005549

0.01673 0.003956

0.016823 0.003279

0.01674 0.003487

0.016728 0.004715

0.016654 0.005783

0.016752 0.003438

0.016603 0.005926

0.016682 0.005127

0.016899 0.005139

0.016757 0.003111

0.01701 0.005723

0.017233 0.004496

0.017185 0.00407

0.016737 0.006095

0.017146 0.004635

0.017182 0.003911

0.016745 0.004385

0.017136 0.004355

0.016674 0.003376

0.016588 0.005551

0.016608 0.003782

0.01658 0.00387

0.016664 0.004317

0.016601 0.005107

0.016713 0.005359

0.017092 0.004672

0.016633 0.004794

0.016732 0.005451

0.016621 0.002844

0.017087 0.005402

0.016762 0.004914

0.016546 0.004259

0.01663 0.004389

0.01649 0.00506

0.016775 0.004273

0.017188 0.003636

0.016697 0.005165

0.016686 0.003248

0.016731 0.004701

0.016803 0.005072

0.017 0.004347

0.016559 0.002995

0.016475 0.004935

0.017131 0.005064

0.017133 0.00421

0.016682 0.004839

0.016734 0.004227

0.016706 0.005582

0.017772 0.004794

0.016875 0.00474

0.016529 0.006048

0.017036 0.006124

0.016965 0.003707

0.016828 0.00474

0.0168 0.002861

0.017081 0.002677

0.016913 0.003043

0.016823 0.00342

0.017069 0.004843

0.0166 0.003474

0.01657 0.004523

0.016621 0.005049

0.016565 0.004748

0.016623 0.003693

0.016637 0.005817

0.017239 0.004587

0.016846 0.004

0.016589 0.004669

0.016668 0.005397

0.016994 0.006476

0.016839 0.004475

0.017124 0.003537

0.016702 0.005362

0.016799 0.002449

0.01672 0.005204

0.01664 0.004348

0.017078 0.005016

0.016637 0.003836

0.016618 0.004732

0.016789 0.005014

0.017394 0.003998

0.016679 0.006066

0.016761 0.003449

0.016711 0.003646

0.017101 0.004849

0.016554 0.003559

0.016664 0.004219

0.016913 0.005859

0.017157 0.004691

0.016605 0.003348

0.016533 0.003797

0.016896 0.005969

0.016806 0.003456

0.016619 0.006202

0.016686 0.004897

0.016832 0.00471

0.016606 0.005054

0.016739 0.003653

0.016519 0.005297

0.016568 0.00441

0.016598 0.002947

0.017745 0.005194

0.017062 0.006285

0.016803 0.003633

0.016736 0.002919

0.016768 0.004562

0.01662 0.003188

0.016653 0.004235

0.016675 0.005384

0.016789 0.005756

0.016871 0.003262

0.016653 0.002504

0.016622 0.003899

0.016569 0.004393

0.016696 0.004578

0.0167 0.005305

0.016674 0.005866

0.017084 0.002872

0.017271 0.005862

0.017309 0.004865

0.016646 0.005746

0.016811 0.005531

0.016729 0.002998

0.017146 0.005529

0.016543 0.00356

0.01686 0.005276

0.016735 0.006046

0.016677 0.004533

0.01701 0.005196

0.016731 0.005397

0.016849 0.004325

0.016597 0.006323

0.016717 0.003785

0.016603 0.003231

0.016649 0.004959

0.016563 0.00407

0.0168 0.002756

0.016678 0.005356

0.016712 0.004707

0.016619 0.003081

0.016686 0.00365

0.016802 0.006166

0.016798 0.005137

0.016646 0.003103

0.016718 0.00295

0.017159 0.00528

0.016575 0.00584

0.017049 0.003831

0.017281 0.004563

0.01703 0.003127

0.016639 0.003861

0.017055 0.00538

0.016558 0.003493

0.017147 0.004793

0.016845 0.003299

0.017182 0.004784

0.01703 0.00626

0.016787 0.005386

0.017117 0.002998

0.017153 0.0024

0.016927 0.004802

0.016588 0.006227

0.017045 0.00299

0.016645 0.006309

0.016687 0.002637

0.017178 0.005995

0.016803 0.004379

0.016828 0.00502

0.016763 0.003486

0.017069 0.003089

0.016562 0.003602

0.016632 0.004693

0.017547 0.005869

0.016589 0.003739

0.016577 0.00294

0.016658 0.005258

0.01666 0.003596

0.016533 0.003871

0.016673 0.00603

0.016683 0.00376

0.016886 0.003288

0.016895 0.005859

0.016619 0.003217

0.016581 0.005649

0.016809 0.003657

0.016635 0.005278

0.016627 0.005644

0.017005 0.004583

0.016635 0.005576

0.016715 0.004252

0.01685 0.004685

0.016666 0.005332

0.016554 0.004018

0.016965 0.004815

0.016878 0.003932

0.016599 0.004729

0.016541 0.003655

0.016704 0.004338

0.016715 0.002543

0.017216 0.00471

0.016811 0.005358

0.017179 0.002973

0.016663 0.002716

0.017271 0.004483

0.016571 0.005462

0.016948 0.003948

0.016947 0.003764

0.01672 0.005384

0.016607 0.005281

0.016703 0.00401

0.016957 0.003618

0.016579 0.003426

0.016743 0.006015

0.017282 0.006127

0.017214 0.004237

0.01682 0.004721

0.016869 0.00455

0.016716 0.003956

0.01669 0.002992

0.016515 0.004279

0.016579 0.003409

0.016737 0.003278

0.016766 0.00475

0.017123 0.004888

0.016875 0.004686

0.016596 0.005097

0.017158 0.003874

0.016593 0.005975

0.016708 0.002919

0.016773 0.00406

0.016845 0.004388

0.016832 0.003997

0.016613 0.004415

0.016704 0.004174

0.016736 0.005219

0.016906 0.004013

0.017047 0.006334

0.016615 0.003221

0.017129 0.004321

0.016686 0.006073

0.016648 0.003051

0.016496 0.006036

0.017039 0.003191

0.017636 0.005614

0.016465 0.003427

0.016728 0.004477

0.016717 0.004524

0.016661 0.00443

0.016545 0.005214

0.016822 0.003966

0.017113 0.004752

0.016519 0.003697

0.016711 0.005245

0.017043 0.005405

0.016737 0.00267

0.016603 0.00566

0.017146 0.003864

0.016872 0.004699

0.017125 0.005191

0.016635 0.005377

0.01674 0.004235

0.016838 0.003158

0.016791 0.003287

0.016733 0.002569

0.016628 0.005314

0.016695 0.005044

0.016906 0.004631

0.016648 0.003902

0.016572 0.005026

0.017063 0.004312

0.016748 0.003214

0.016818 0.004824

0.016634 0.004832

0.016679 0.00461

0.016827 0.003722

0.016704 0.003967

0.016587 0.003289

0.016655 0.005452

0.016595 0.006157

0.0167 0.00443

0.016691 0.002442

0.016582 0.003753

0.016647 0.005608

0.017277 0.004402

0.016661 0.005716

0.016529 0.004634

0.016673 0.004574

0.016626 0.006218

0.017023 0.003469

0.016622 0.003839

0.016834 0.002369

0.016661 0.004354

0.016819 0.004654

0.016561 0.004009

0.01661 0.003186

0.016925 0.005983

0.016465 0.004017

0.016542 0.005126

0.016913 0.003441

0.016778 0.00514

0.017175 0.004477

0.016651 0.002673

0.017145 0.004928

0.016662 0.003448

0.016685 0.004904

0.017069 0.004195

0.016605 0.003174

0.016547 0.003764

0.017021 0.00486

0.01702 0.005312

0.016706 0.005241

0.017122 0.003156

0.016644 0.004499

0.017145 0.004827

0.017761 0.004172

0.016628 0.003856

0.016627 0.004566

0.016637 0.003499

0.016771 0.002792

0.016656 0.003438

0.01709 0.006272

0.016588 0.003339

0.016585 0.004148

0.016511 0.005413

0.016756 0.003165

0.016641 0.002414

0.016669 0.003925

0.016575 0.004309

0.01664 0.00492

0.016762 0.00605

0.016606 0.006354

0.017081 0.00382

0.017506 0.004938

0.016578 0.004138

0.016687 0.004447

0.016608 0.003514

0.016668 0.003604

0.01685 0.004339

0.016676 0.004235

0.016846 0.005475

