0.037484 9e-06

0.039146 9e-06

0.036216 9e-06

0.035877 9e-06

0.036338 1e-05

0.036256 9e-06

0.036213 1e-05

0.035895 1e-05

0.036146 9e-06

0.036557 9e-06

0.036019 9e-06

0.036178 1e-05

0.035842 1.1e-05

0.036158 1e-05

0.035874 8e-06

0.038323 1e-05

0.036254 9e-06

0.036103 8e-06

0.035825 9e-06

0.03588 9e-06

0.036075 9e-06

0.036089 1.4e-05

0.036087 1.1e-05

0.036125 9e-06

0.035732 9e-06

0.036193 9e-06

0.035981 9e-06

0.036247 1.1e-05

0.035983 1e-05

0.036053 8e-06

0.035724 8e-06

0.036056 1e-05

0.036076 9e-06

0.036181 9e-06

0.036219 9e-06

0.036126 1.2e-05

0.036179 7e-06

0.036264 8e-06

0.036009 1e-05

0.036276 1.1e-05

0.036336 8e-06

0.036025 9e-06

0.036035 1e-05

0.035928 1.1e-05

0.03724 9e-06

0.036117 1.2e-05

0.036191 1.2e-05

0.036241 9e-06

0.037007 1.1e-05

0.036409 1.2e-05

0.035991 1e-05

0.036085 9e-06

0.03572 1.3e-05

0.036125 1.3e-05

0.058855 1.7e-05

0.054913 1e-05

0.050323 1.2e-05

0.039624 1e-05

0.03749 1.1e-05

0.037998 1e-05

0.037624 2.5e-05

0.037798 1.1e-05

0.039932 9e-06

0.043269 1e-05

0.039666 1.5e-05

0.036936 1.1e-05

0.03869 1.2e-05

0.03716 9e-06

0.037108 9e-06

0.038444 1e-05

0.03672 9e-06

0.050557 1.1e-05

0.038423 2e-05

0.054003 9e-06

0.038581 1.2e-05

0.037759 1.4e-05

0.037786 1.1e-05

0.037572 1e-05

0.039045 1e-05

0.045952 1.3e-05

0.044487 1.3e-05

0.053348 1.1e-05

0.03852 1.4e-05

0.040032 9e-06

0.036648 9e-06

0.039321 9e-06

0.03852 9e-06

0.037755 1e-05

0.0378 1.1e-05

0.043185 1.2e-05

0.040816 9e-06

0.043818 1.4e-05

0.040344 1e-05

0.039798 9e-06

0.036894 1.1e-05

0.036228 1e-05

0.036032 9e-06

0.037268 9e-06

0.0378 1.1e-05

0.037911 9e-06

0.037507 1e-05

0.035813 9e-06

0.035916 9e-06

0.039556 1.2e-05

0.043112 1e-05

0.040069 8e-06

0.039124 9e-06

0.037356 9e-06

0.037201 1e-05

0.038704 1e-05

0.039013 1e-05

0.036152 1.1e-05

0.036277 1.1e-05

0.037085 1.2e-05

0.037101 8e-06

0.039354 1e-05

0.039523 9e-06

0.037395 8e-06

0.037234 1.6e-05

0.037745 1.3e-05

0.037234 1e-05

0.037288 9e-06

0.037424 1.1e-05

0.037128 9e-06

0.036707 9e-06

0.037308 9e-06

0.037014 1.1e-05

0.036534 1e-05

0.037048 1.4e-05

0.037338 1e-05

0.036414 9e-06

0.037242 1.1e-05

0.036775 1.1e-05

0.036856 9e-06

0.036146 1e-05

0.03771 1.5e-05

0.047523 1.5e-05

0.03722 9e-06

0.036241 1.1e-05

0.044748 1.2e-05

0.036529 1.1e-05

0.037858 1.9e-05

0.049435 1.2e-05

0.038778 1e-05

0.037247 1.1e-05

0.037333 1.2e-05

0.037038 1.4e-05

0.036343 9e-06

0.036901 1.1e-05

0.03645 9e-06

0.037115 1e-05

0.036376 1.3e-05

0.036092 1.1e-05

0.036832 9e-06

0.036328 1e-05

0.036164 1e-05

0.036154 1e-05

0.037789 1.1e-05

0.036138 1e-05

0.036481 1.3e-05

0.035793 1e-05

0.037441 1.2e-05

0.037459 1e-05

0.037788 1.5e-05

0.036189 1.9e-05

0.036418 9e-06

0.0362 1.1e-05

0.036499 1.3e-05

0.036439 9e-06

0.035927 1.6e-05

0.036179 1e-05

0.036094 1.1e-05

0.03699 8e-06

0.037275 1.1e-05

0.038178 9e-06

0.037427 1e-05

0.03727 1e-05

0.037736 1.6e-05

0.037772 9e-06

0.03785 1.1e-05

0.038133 9e-06

0.037145 9e-06

0.038083 1e-05

0.038 9e-06

0.037461 1.3e-05

0.037855 9e-06

0.038544 1e-05

0.037978 1e-05

0.038176 1e-05

0.054978 1e-05

0.037054 1e-05

0.039201 9e-06

0.038597 1.1e-05

0.037908 9e-06

0.038098 1.1e-05

0.038049 9e-06

0.038623 9e-06

0.038389 9e-06

0.041064 1e-05

0.040812 1.2e-05

0.040601 9e-06

0.038336 1.6e-05

0.038504 1.1e-05

0.041682 1e-05

0.040882 1e-05

0.037232 1.1e-05

0.038177 9e-06

0.041252 1e-05

0.038144 1.5e-05

0.040158 8e-06

0.038039 1.1e-05

0.037276 1e-05

0.039529 9e-06

0.039602 9e-06

0.041552 1.1e-05

0.037527 1e-05

0.036836 9e-06

0.040206 1e-05

0.036747 9e-06

0.038367 1e-05

0.036507 1e-05

0.036999 8e-06

0.037164 2.1e-05

0.038723 1e-05

0.048614 1e-05

0.043425 1e-05

0.04073 1e-05

0.045808 9e-06

0.04495 9e-06

0.04004 9e-06

0.039899 9e-06

0.040659 1.1e-05

0.040259 9e-06

0.047916 1e-05

0.041671 1e-05

0.039739 1.2e-05

0.038918 1.2e-05

0.042375 1.4e-05

0.045674 9e-06

0.03885 1.1e-05

0.039836 1.3e-05

0.040138 1.3e-05

0.037302 9e-06

0.037417 8e-06

0.037121 1.7e-05

0.040784 1e-05

0.036702 1.2e-05

0.03758 1e-05

0.036413 9e-06

0.036459 2.1e-05

0.036553 8e-06

0.037754 1.1e-05

0.036601 8e-06

0.036302 1.1e-05

0.03883 9e-06

0.037282 1e-05

0.036319 1.5e-05

0.036568 8e-06

0.037399 1e-05

0.036159 9e-06

0.036608 9e-06

0.036349 9e-06

0.036116 1e-05

0.037161 9e-06

0.036271 9e-06

0.036311 1e-05

0.036384 1.8e-05

0.036246 9e-06

0.035933 1.1e-05

0.037303 1e-05

0.036883 9e-06

0.036447 1.2e-05

0.036084 1.3e-05

0.037333 1.2e-05

0.036241 1e-05

0.036335 1.7e-05

0.036456 9e-06

0.036457 9e-06

0.036017 1.2e-05

0.036474 1e-05

0.036635 1.2e-05

0.036378 1.1e-05

0.03609 1.2e-05

0.038664 1.1e-05

0.037052 2.5e-05

0.036758 1e-05

0.036755 9e-06

0.036636 1e-05

0.036335 1.2e-05

0.036162 1.2e-05

0.036549 9e-06

0.036096 9e-06

0.038077 1e-05

0.036102 1.2e-05

0.036105 1e-05

0.036762 1.1e-05

0.036264 1e-05

0.036692 1e-05

0.036726 1.7e-05

0.036438 9e-06

0.036531 1e-05

0.03642 9e-06

0.037699 1e-05

0.036831 8e-06

0.037074 1.1e-05

0.036252 1e-05

0.03678 1e-05

0.036386 9e-06

0.036288 9e-06

0.036701 1.1e-05

0.03613 1e-05

0.036158 8e-06

0.036704 9e-06

0.036106 1e-05

0.036243 1.1e-05

0.03657 1e-05

0.036505 1.1e-05

0.037148 1e-05

0.036252 1e-05

0.036251 1.1e-05

0.036225 1.4e-05

0.036966 9e-06

0.036839 1.6e-05

0.036434 1e-05

0.036394 9e-06

0.036438 1.2e-05

0.036348 9e-06

0.036528 1.2e-05

0.038448 1e-05

0.036879 1e-05

0.036469 1e-05

0.036801 1.1e-05

0.036432 1e-05

0.036881 8e-06

0.036124 1e-05

0.0366 1e-05

0.036269 1.4e-05

0.036473 9e-06

0.036123 1.1e-05

0.03618 1e-05

0.037317 1e-05

0.03627 9e-06

0.036373 1.2e-05

0.036402 1e-05

0.036004 9e-06

0.036273 9e-06

0.03694 9e-06

0.036542 1e-05

0.036086 9e-06

0.036771 1.5e-05

0.036246 1e-05

0.037256 1.3e-05

0.036275 1e-05

0.036265 1.1e-05

0.035993 9e-06

0.036475 1.1e-05

0.036231 1e-05

0.03636 8e-06

0.036293 9e-06

0.036282 1e-05

0.03709 1.5e-05

0.036599 9e-06

0.036428 1.1e-05

0.036378 1.4e-05

0.036242 9e-06

0.037825 9e-06

0.036225 8e-06

0.037691 1e-05

0.035917 1e-05

0.03755 1e-05

0.0362 1.1e-05

0.03651 1e-05

0.036035 9e-06

0.03637 9e-06

0.0364 1.2e-05

0.036444 1e-05

0.036377 8e-06

0.036697 1.3e-05

0.036312 1e-05

0.038348 9e-06

0.036287 8e-06

0.03651 9e-06

0.036227 2.2e-05

0.036839 9e-06

0.036198 1.3e-05

0.036683 8e-06

0.037087 1e-05

0.036229 9e-06

0.036209 9e-06

0.037118 1.1e-05

0.036429 1.1e-05

0.037007 1.2e-05

0.036372 1.1e-05

0.036365 1e-05

0.036906 9e-06

0.036101 9e-06

0.037043 9e-06

0.036202 1e-05

0.036977 1e-05

0.036148 1e-05

0.035965 1e-05

0.03635 9e-06

0.036356 1.1e-05

0.036274 9e-06

0.036264 1.5e-05

0.036212 1e-05

0.038244 9e-06

0.036034 9e-06

0.037199 1.1e-05

0.036044 9e-06

0.037046 1.6e-05

0.036339 9e-06

0.037023 1.2e-05

0.036813 9e-06

0.037396 1e-05

0.036337 1.1e-05

0.036288 1.2e-05

0.036682 9e-06

0.036476 9e-06

0.036261 1.1e-05

0.036267 1.1e-05

0.036305 1e-05

0.036348 9e-06

0.036917 1e-05

0.036275 8e-06

0.036632 1.1e-05

0.036154 1.2e-05

0.036773 8e-06

0.036162 1e-05

0.036356 9e-06

0.036201 1e-05

0.036254 1.1e-05

0.036278 1.4e-05

0.036069 9e-06

0.03664 1.3e-05

0.036394 1.1e-05

0.036591 8e-06

0.037982 1e-05

0.036318 1.1e-05

0.036623 1e-05

0.036215 1.5e-05

0.036881 9e-06

0.036425 1e-05

0.036669 9e-06

0.03624 1e-05

0.036398 1.1e-05

0.037317 1.4e-05

0.036309 9e-06

0.036409 9e-06

0.036484 1e-05

0.036289 9e-06

0.036283 1.4e-05

0.037272 2.2e-05

0.036402 9e-06

0.036191 1.1e-05

0.0363 9e-06

0.037792 9e-06

0.036866 1.3e-05

0.03642 8e-06

0.037304 1.4e-05

0.036379 8e-06

0.036485 9e-06

0.036245 9e-06

0.036023 1.3e-05

0.036038 1e-05

0.037435 9e-06

0.037313 8e-06

0.036549 1e-05

0.036442 9e-06

0.037169 1.1e-05

0.036186 1e-05

0.037154 1e-05

0.037185 1e-05

0.036523 1.1e-05

0.036245 9e-06

0.037308 1e-05

0.036451 9e-06

0.036705 9e-06

0.036277 1.2e-05

0.036491 1e-05

0.036173 1.6e-05

0.036453 1e-05

0.036039 1e-05

0.036419 1.1e-05

0.03625 1e-05

0.038244 1e-05

0.036335 9e-06

0.037246 1.1e-05

0.036715 1e-05

0.036577 1.2e-05

0.036453 1e-05

0.03661 1.1e-05

0.036505 1e-05

0.036661 9e-06

0.037804 1.5e-05

0.036313 9e-06

0.036219 1.1e-05

0.036227 9e-06

0.037615 1.2e-05

0.036486 1e-05

0.037356 1.6e-05

0.036387 9e-06

0.037172 1.2e-05

0.036837 9e-06

0.038066 1.1e-05

0.03648 1e-05

0.036282 9e-06

0.03747 1.2e-05

0.036317 1e-05

0.036297 9e-06

0.036307 1.1e-05

0.0366 9e-06

0.036312 1e-05

0.036337 1.2e-05

0.036673 1.1e-05

0.036572 1.5e-05

0.036158 8e-06

0.036507 1e-05

0.03619 9e-06

0.036765 1.1e-05

0.036385 1.4e-05

0.036335 8e-06

0.036542 1.1e-05

0.037415 2.1e-05

0.03629 9e-06

0.036489 9e-06

0.036298 1e-05

0.036127 1.1e-05

0.036051 1.1e-05

0.036446 9e-06

0.036232 1e-05

0.036542 8e-06

0.03615 1e-05

0.037768 8e-06

0.036443 1.1e-05

0.036239 1e-05

0.036172 9e-06

0.037071 1.1e-05

0.036289 1e-05

0.036543 1.7e-05

0.036571 1e-05

0.036369 1e-05

0.036919 1.4e-05

0.036553 1.2e-05

0.036356 9e-06

0.036627 1.3e-05

0.036316 9e-06

0.037235 1e-05

0.037153 1.1e-05

0.036814 1.3e-05

0.036417 9e-06

0.036241 1.6e-05

0.038045 1.1e-05

0.036305 1e-05

0.036362 9e-06

0.037517 1.1e-05

0.036208 1.1e-05

0.036447 1e-05

0.036109 1.1e-05

0.036234 1e-05

0.036058 1e-05

0.037228 1.1e-05

0.037511 9e-06

0.036418 9e-06

0.036032 1e-05

0.036472 1.1e-05

0.03633 1e-05

0.036889 1e-05

0.037163 1e-05

0.037644 1.1e-05

0.037027 1.3e-05

0.039297 9e-06

0.037049 1e-05

0.037205 9e-06

0.037475 1.2e-05

0.037062 9e-06

0.03701 1.1e-05

0.037868 9e-06

0.037008 9e-06

0.037195 1.1e-05

0.038712 9e-06

0.037568 1.4e-05

0.036614 1.2e-05

0.037458 1e-05

0.036963 9e-06

0.036641 1e-05

0.037894 1.2e-05

0.037712 1e-05

0.037086 1e-05

0.039737 8e-06

0.043811 1.3e-05

0.041016 1e-05

0.036974 1.2e-05

0.045085 1.3e-05

0.056278 1.8e-05

0.068262 1.2e-05

0.038415 1.1e-05

0.040099 1e-05

0.039344 1.4e-05

0.050588 1.2e-05

0.040723 1.2e-05

0.069136 1.2e-05

0.041953 1.2e-05

0.060044 1.1e-05

0.042036 1.6e-05

0.046517 1.3e-05

0.048984 1.4e-05

0.041341 1e-05

0.039601 1.1e-05

0.038303 1e-05

0.036596 1e-05

0.036522 1.5e-05

0.036471 9e-06

0.036365 9e-06

0.036214 9e-06

0.036188 9e-06

0.036121 8e-06

0.037498 9e-06

0.035975 1e-05

0.03712 1.3e-05

0.036055 9e-06

0.036371 1.1e-05

0.036001 8e-06

0.035959 1e-05

0.036347 1.2e-05

0.036105 9e-06

0.036526 1e-05

0.035916 9e-06

0.036105 1e-05

0.035869 1e-05

0.036121 1e-05

0.036421 1.3e-05

0.036266 1e-05

0.035752 1e-05

0.038008 9e-06

0.036085 9e-06

0.036161 1e-05

0.036444 1.1e-05

0.036064 1e-05

0.036452 1.9e-05

0.036633 9e-06

0.036174 8e-06

0.035818 8e-06

0.0376 1e-05

0.036636 1e-05

0.036201 8e-06

0.037068 1e-05

0.036281 1e-05

0.036494 9e-06

0.036257 9e-06

0.036381 1.2e-05

0.036317 9e-06

0.035987 9e-06

0.036207 1e-05

0.036033 1e-05

0.036389 9e-06

0.035891 1.2e-05

0.036077 1e-05

0.035882 9e-06

0.036069 1.1e-05

0.03648 1e-05

0.036185 9e-06

0.036031 9e-06

0.03752 1e-05

0.035897 8e-06

0.037418 1e-05

0.036252 1.1e-05

0.048557 1.1e-05

0.037239 1e-05

0.036163 8e-06

0.041445 1e-05

0.036358 1.1e-05

0.03618 9e-06

0.038614 9e-06

0.037442 1e-05

0.03726 1e-05

0.037494 8e-06

0.036919 2.1e-05

0.037476 1e-05

0.037 9e-06

0.037372 1e-05

0.036634 1.1e-05

0.037298 1.1e-05

0.036928 9e-06

0.036597 1.4e-05

0.036308 1e-05

0.038669 1e-05

0.037641 9e-06

0.036874 9e-06

0.036365 1e-05

0.036805 9e-06

0.037964 9e-06

0.037184 1.1e-05

0.036709 1.2e-05

0.037057 9e-06

0.038742 1e-05

0.038044 1.4e-05

0.038043 9e-06

0.037262 9e-06

0.036409 1.1e-05

0.036252 1e-05

0.038256 1.1e-05

0.036498 1.1e-05

0.036879 1.2e-05

0.03599 1.1e-05

0.038276 1.4e-05

0.037256 1.6e-05

0.04015 1.6e-05

0.037158 1.2e-05

0.037671 1.3e-05

0.037032 9e-06

0.038719 1.7e-05

0.037348 9e-06

0.037635 1e-05

0.036754 1.1e-05

0.037333 1e-05

0.038379 1.2e-05

0.036391 9e-06

0.036076 1e-05

0.036125 1e-05

0.036017 1.3e-05

0.040058 8e-06

0.036369 9e-06

0.037009 9e-06

0.036578 1.1e-05

0.036326 1e-05

0.036564 9e-06

0.036487 1e-05

0.036848 9e-06

0.03757 1.1e-05

0.037754 1e-05

0.03642 1e-05

0.039335 1e-05

0.039817 1.8e-05

0.038288 9e-06

0.039175 8e-06

0.038 1.1e-05

0.036426 1e-05

0.036227 1.1e-05

0.037817 9e-06

0.037783 1e-05

0.036746 1e-05

0.036589 1e-05

0.037974 1.1e-05

0.037152 1e-05

0.037229 1.5e-05

0.03702 1.1e-05

0.036092 9e-06

0.037443 1e-05

0.036527 9e-06

0.036264 1.9e-05

0.036422 9e-06

0.037154 1.1e-05

0.0359 9e-06

0.03784 9e-06

0.037249 1e-05

0.03761 1.2e-05

0.038149 1.3e-05

0.048378 9e-06

0.040713 1.1e-05

0.038919 1.1e-05

0.037638 8e-06

0.037145 1.1e-05

0.037209 1.1e-05

0.036704 1.3e-05

0.036784 1e-05

0.036775 1.8e-05

0.036664 9e-06

0.03687 1.1e-05

0.03637 1e-05

0.036991 1.4e-05

0.035877 9e-06

0.036959 1.2e-05

0.036 1e-05

0.038833 1e-05

0.037622 1e-05

0.038683 9e-06

0.070614 1.3e-05

0.037227 1e-05

0.044151 9e-06

0.041144 1.1e-05

0.036589 1e-05

0.036902 9e-06

0.036717 1.1e-05

0.036539 9e-06

0.037257 1e-05

0.036559 1e-05

0.037355 2.7e-05

0.037342 1.2e-05

0.036633 9e-06

0.037119 1.1e-05

0.037075 1.1e-05

0.077924 1.3e-05

0.041923 1e-05

0.039291 1e-05

0.063392 1e-05

0.038784 1.9e-05

0.038064 9e-06

0.038304 1.1e-05

0.036951 9e-06

0.038224 1.1e-05

0.03701 1e-05

0.036964 1e-05

0.0392 9e-06

0.037878 2.9e-05

0.037386 9e-06

0.038488 1.2e-05

0.039516 1.1e-05

0.03945 1e-05

0.038276 1.1e-05

0.037135 1e-05

0.038334 1.1e-05

0.038822 1e-05

0.062401 9e-06

0.03749 1.2e-05

0.036999 1e-05

0.039755 8e-06

0.037192 1e-05

0.036795 1e-05

0.037031 1.2e-05

0.037291 9e-06

0.036815 1.1e-05

0.037679 1.9e-05

0.037383 9e-06

0.039048 1.1e-05

0.037624 1.2e-05

0.039379 1.1e-05

0.037917 1.3e-05

0.037513 1.1e-05

0.0387 1.7e-05

0.039315 1.1e-05

0.038579 1.3e-05

0.038234 8e-06

0.038308 1.6e-05

0.037097 1.1e-05

0.03729 1e-05

0.041267 9e-06

0.037295 1e-05

0.037359 1.5e-05

0.064699 1.2e-05

0.037196 8e-06

0.037569 8e-06

0.038659 1e-05

0.036831 1e-05

0.037174 1e-05

0.03774 1e-05

0.036909 1e-05

0.037935 1.6e-05

0.038407 9e-06

0.042009 1.1e-05

0.038666 9e-06

0.03722 1.1e-05

0.037944 1.1e-05

0.037072 9e-06

0.039396 9e-06

0.038096 1.5e-05

0.037031 8e-06

0.037988 1.3e-05

0.039773 1.1e-05

0.037174 8e-06

0.038274 9e-06

0.037612 1e-05

0.038344 9e-06

0.03944 9e-06

0.037669 1.1e-05

0.038083 8e-06

0.03813 1e-05

0.038123 1.1e-05

0.037619 8e-06

0.037047 1.3e-05

0.037269 1.2e-05

0.038865 1e-05

0.040503 1.2e-05

0.039826 1.4e-05

0.037047 1e-05

0.038524 1.1e-05

0.038376 1e-05

0.040574 9e-06

0.038102 1e-05

0.039591 9e-06

0.070727 1e-05

0.037344 1e-05

0.037343 9e-06

0.038657 1.3e-05

0.03749 9e-06

0.037872 1.2e-05

0.067883 1.1e-05

0.038528 1.7e-05

0.037117 1e-05

0.038753 1.2e-05

0.036754 1.6e-05

0.037519 9e-06

0.038371 9e-06

0.044059 1.7e-05

0.037827 1.2e-05

0.037414 1e-05

0.041383 1e-05

0.037814 1e-05

0.038207 1e-05

0.072969 1.4e-05

0.037659 1e-05

0.040313 1e-05

0.037674 1e-05

0.039386 1.6e-05

0.038847 1e-05

0.03726 1e-05

0.037402 1e-05

0.038503 1.4e-05

0.036961 1.1e-05

0.037185 8e-06

0.037325 1e-05

0.037052 8e-06

0.036803 1e-05

0.037683 1.5e-05

0.036783 1e-05

0.038035 1e-05

0.037883 1.1e-05

0.037857 1e-05

0.036881 9e-06

0.038112 1e-05

0.043342 9e-06

0.037552 1e-05

0.03934 9e-06

0.040219 1.1e-05

0.037326 9e-06

0.037043 1e-05

0.049835 1e-05

0.037006 9e-06

0.036846 1.1e-05

0.037066 1e-05

0.036736 1e-05

0.038124 9e-06

0.036866 1.3e-05

0.036946 1e-05

0.037988 8e-06

0.037068 1.1e-05

0.036983 9e-06

0.037317 1.1e-05

0.037231 1e-05

0.036826 1e-05

0.037051 1.3e-05

0.037664 1.1e-05

0.037936 1.3e-05

0.037492 9e-06

0.03806 1.3e-05

0.037769 1e-05

0.038287 1e-05

0.037562 1e-05

0.038086 1.4e-05

0.037235 8e-06

0.037865 1e-05

0.03818 9e-06

0.037653 9e-06

0.037088 1.1e-05

0.038347 1.4e-05

0.039035 2.6e-05

0.038051 8e-06

0.039876 1e-05

0.03881 1.1e-05

0.039502 1e-05

0.037957 1.4e-05

0.038213 8e-06

0.038063 9e-06

0.037581 1.1e-05

0.037868 1e-05

0.038041 1.3e-05

0.038153 1e-05

0.037965 9e-06

0.039672 1e-05

0.038072 8e-06

0.037811 1.1e-05

0.039206 9e-06

0.038152 9e-06

0.038114 1.1e-05

0.037804 9e-06

0.037992 1e-05

0.038438 1e-05

0.038363 9e-06

0.039288 1.6e-05

0.037213 9e-06

0.038049 9e-06

0.038332 9e-06

0.037687 1.4e-05

0.037125 1e-05

0.037081 9e-06

0.037416 1.1e-05

0.038084 1e-05

0.037806 1e-05

0.03951 9e-06

0.037393 1.2e-05

0.037096 1.1e-05

0.037025 1e-05

0.037849 1.1e-05

0.03715 1.2e-05

0.037614 1.1e-05

0.036995 8e-06

0.038317 1e-05

0.03787 1.6e-05

0.037198 1e-05

0.037557 1e-05

