0.007751 0.00121
0.004841 0.001435
0.005175 0.000994
0.00639 0.001346
0.004915 0.001219
0.004809 0.001104
0.004847 0.001209
0.004809 0.001214
0.004795 0.001308
0.004843 0.001543
0.005546 0.001469
0.004921 0.001458
0.004848 0.001186
0.004906 0.001456
0.00487 0.001547
0.004145 0.001407
0.004804 0.001472
0.004815 0.000791
0.004795 0.001124
0.004905 0.000944
0.004845 0.001777
0.004853 0.00184
0.004842 0.00148
0.006945 0.002185
0.007743 0.001502
0.005673 0.001293
0.004809 0.001403
0.004865 0.000906
0.00481 0.00105
0.004803 0.001404
0.004892 0.001103
0.005676 0.001473
0.005077 0.001946
0.005527 0.001609
0.004889 0.001519
0.004842 0.001585
0.004946 0.00159
0.004835 0.001083
0.00481 0.001568
0.004766 0.001567
0.004835 0.000938
0.00482 0.000966
0.004802 0.000972
0.006383 0.002056
0.008218 0.002344
0.009101 0.001422
0.004841 0.001064
0.004823 0.001608
0.004828 0.001403
0.004846 0.001467
0.00492 0.001382
0.004975 0.001506
0.004834 0.002019
0.006726 0.002768
0.008108 0.001743
0.005897 0.00154
0.004846 0.000917
0.004816 0.001396
0.004844 0.001307
0.004818 0.001562
0.004794 0.001609
0.007506 0.00258
0.00682 0.002042
0.004897 0.001283
0.004857 0.001276
0.004833 0.001462
0.004798 0.001485
0.004791 0.001632
0.004844 0.001598
0.004827 0.001351
0.004802 0.001612
0.004831 0.000928
0.004921 0.000988
0.004898 0.001119
0.005071 0.001763
0.004999 0.001491
0.004952 0.001246
0.00486 0.001073
0.004962 0.001089
0.004838 0.001174
0.004799 0.001501
0.004847 0.001565
0.004817 0.001398
0.004789 0.001244
0.005204 0.001531
0.005117 0.001933
0.004856 0.000906
0.004884 0.001451
0.005106 0.000947
0.005041 0.001527
0.004792 0.001533
0.004793 0.001169
0.004791 0.001299
0.004838 0.001351
0.004799 0.001205
0.005048 0.000636
0.00486 0.001893
0.004925 0.001556
0.005003 0.001578
0.004851 0.001893
0.005473 0.001502
0.004813 0.001277
0.004845 0.001425
0.0048 0.001257
0.004807 0.000783
0.004807 0.001811
0.004877 0.001074
0.005967 0.001541
0.005927 0.002327
0.004854 0.00119
0.004916 0.001867
0.004836 0.001187
0.004816 0.001586
0.004903 0.001603
0.004875 0.001392
0.004835 0.001432
0.005072 0.001168
0.005868 0.002204
0.008109 0.00109
0.00527 0.000931
0.005589 0.001378
0.005473 0.001759
0.004914 0.000966
0.004811 0.001796
0.004894 0.001698
0.004717 0.001433
0.004864 0.001572
0.006346 0.001188
0.00568 0.001214
0.004843 0.001597
0.00482 0.001423
0.004815 0.00095
0.00482 0.001471
0.004805 0.001268
0.004836 0.001331
0.004786 0.001491
0.004792 0.001314
0.004777 0.001598
0.004814 0.001662
0.004872 0.001763
0.004787 0.002069
0.007586 0.002738
0.0094 0.001321
0.004871 0.001699
0.004967 0.001481
0.00481 0.001295
0.004868 0.001172
0.00655 0.001158
0.005219 0.001493
0.006702 0.001192
0.006241 0.001885
0.00481 0.001396
0.004811 0.001627
0.0048 0.001219
0.004842 0.00143
0.004868 0.001349
0.004358 0.001421
0.004859 0.000879
0.004859 0.001855
0.004891 0.001327
0.004794 0.001219
0.004868 0.000783
0.004806 0.001535
0.004854 0.000846
0.004848 0.001236
0.0048 0.001162
0.004849 0.00142
0.004818 0.00095
0.004803 0.000878
0.004806 0.001528
0.006029 0.001663
0.007893 0.002463
0.008887 0.00145
0.004788 0.000772
0.004821 0.001352
0.004772 0.001053
0.004976 0.001769
0.004795 0.001041
0.004995 0.002472
0.007503 0.002277
0.007546 0.001414
0.008415 0.002207
0.008116 0.001456
0.004843 0.001142
0.004807 0.001892
0.004852 0.001692
0.004899 0.000827
0.004519 0.001827
0.005112 0.000851
0.005464 0.003182
0.007759 0.002515
0.008341 0.001429
0.00486 0.001321
0.004801 0.001354
0.004819 0.001215
0.004816 0.001364
0.004811 0.001169
0.004876 0.001058
0.004872 0.001414
0.005014 0.001301
0.005021 0.001682
0.004823 0.000791
0.004857 0.001124
0.00486 0.000953
0.004846 0.00107
0.004803 0.001051
0.004832 0.001422
0.004814 0.001827
0.004853 0.001542
0.005224 0.001373
0.005388 0.001278
0.00506 0.002262
0.007824 0.000958
0.008612 0.001285
0.004819 0.001079
0.004864 0.001668
0.004841 0.001637
0.004901 0.000944
0.004372 0.001182
0.004822 0.00158
0.007219 0.002318
0.007647 0.001919
0.008884 0.001985
0.006236 0.001801
0.00481 0.001063
0.004851 0.000992
0.004843 0.001158
0.004797 0.00169
0.004872 0.001504
0.006837 0.00112
0.006965 0.001589
0.00804 0.002312
0.008969 0.001536
0.004822 0.001697
0.004839 0.001307
0.004868 0.001805
0.004826 0.001225
0.004807 0.000767
0.004859 0.001231
0.006811 0.001103
0.004839 0.000967
0.00485 0.001411
0.004811 0.00124
0.00486 0.001176
0.004816 0.000779
0.004819 0.001347
0.004832 0.001272
0.004812 0.001444
0.004156 0.001284
0.004871 0.001798
0.004796 0.001287
0.00532 0.001026
0.005465 0.001358
0.005085 0.001318
0.004932 0.001181
0.004849 0.001182
0.00485 0.001962
0.004823 0.000882
0.00485 0.001282
0.004816 0.001071
0.004811 0.001102
0.004773 0.001089
0.00487 0.001421
0.004782 0.001412
0.005045 0.001075
0.004881 0.001015
0.004877 0.001673
0.004961 0.001368
0.00486 0.000914
0.004862 0.001245
0.004865 0.001238
0.004806 0.000902
0.004819 0.001021
0.005165 0.001488
0.004917 0.000887
0.005095 0.001412
0.004978 0.001178
0.004921 0.001368
0.004821 0.001097
0.004801 0.001755
0.005027 0.001154
0.004922 0.001684
0.004072 0.001804
0.004841 0.001018
0.004804 0.00123
0.005028 0.001616
0.005192 0.001216
0.005002 0.001363
0.00517 0.001078
0.005004 0.001188
0.004918 0.001094
0.004803 0.000877
0.004897 0.001427
0.004794 0.001304
0.004844 0.001138
0.004814 0.00124
0.004856 0.001617
0.004954 0.001553
0.004975 0.000804
0.004802 0.001582
0.004939 0.001729
0.004832 0.001407
0.004842 0.000783
0.004958 0.0013
0.004838 0.001065
0.004811 0.001244
0.004854 0.001895
0.004854 0.001451
0.005011 0.001066
0.004856 0.001197
0.004899 0.000817
0.004887 0.0014
0.004901 0.000844
0.004825 0.001652
0.004804 0.001265
0.004767 0.001793
0.004477 0.001197
0.004794 0.001575
0.004835 0.00147
0.005026 0.001553
0.00518 0.001219
0.005001 0.001396
0.004845 0.001294
0.004848 0.001111
0.004887 0.00139
0.004825 0.001866
0.004838 0.00132
0.00482 0.001237
0.004847 0.001543
0.004795 0.001191
0.004937 0.001456
0.004859 0.001987
0.008815 0.002211
0.007986 0.001262
0.004822 0.001158
0.004834 0.001844
0.004953 0.000899
0.004809 0.001478
0.004851 0.001809
0.005668 0.001799
0.007434 0.001666
0.008097 0.002527
0.009351 0.001157
0.004852 0.001383
0.004847 0.001414
0.004833 0.000703
0.004759 0.001063
0.004455 0.001829
0.00491 0.001418
0.00483 0.000985
0.004837 0.001368
0.004902 0.001305
0.00486 0.001504
0.004833 0.001576
0.004842 0.001236
0.00481 0.000646
0.004814 0.001291
0.004882 0.000926
0.004816 0.000895
0.004866 0.001096
0.004807 0.001379
0.004849 0.001339
0.004818 0.001596
0.004838 0.001664
0.004798 0.001516
0.006105 0.001434
0.006149 0.001072
0.006329 0.001974
0.006139 0.001406
0.006148 0.001457
0.006149 0.001408
0.006185 0.000728
0.006145 0.001545
0.006324 0.001879
0.00618 0.001654
0.006166 0.001399
0.006152 0.001255
0.006109 0.001548
0.00421 0.001331
0.006155 0.001663
0.006196 0.001342
0.006228 0.001516
0.006276 0.001871
0.006168 0.001079
0.006133 0.001551
0.00612 0.001712
0.006133 0.001373
0.006173 0.001612
0.00618 0.001576
0.006112 0.001335
0.006173 0.001296
0.006148 0.002094
0.00519 0.001055
0.006255 0.001087
0.006145 0.002216
0.006088 0.001553
0.006153 0.001514
0.006217 0.001382
0.006127 0.001111
0.006106 0.001381
0.006166 0.00149
0.006119 0.001443
0.006144 0.00151
0.006197 0.001465
0.006195 0.0013
0.0062 0.001678
0.005709 0.001421
0.006186 0.001412
0.006112 0.001967
0.006168 0.001971
0.006697 0.001586
0.006101 0.001682
0.00614 0.001116
0.006165 0.001078
0.00614 0.001476
0.006101 0.001362
0.006197 0.001312
0.006193 0.00196
0.006078 0.00189
0.006191 0.001081
0.006186 0.001074
0.005373 0.000896
0.00627 0.00099
0.006179 0.001589
0.006345 0.001227
0.006202 0.001077
0.00614 0.001502
0.006129 0.001551
0.006207 0.001683
0.006085 0.001721
0.006175 0.001507
0.006125 0.001649
0.00619 0.00182
0.006145 0.001456
0.006161 0.00168
0.004034 0.001068
0.006137 0.001563
0.00611 0.001806
0.006342 0.001107
0.006175 0.00103
0.00611 0.002029
0.006139 0.001765
0.00618 0.001776
0.006131 0.001688
0.006138 0.001534
0.006128 0.00131
0.006185 0.001064
0.006085 0.000901
0.00612 0.001964
0.004834 0.002023
0.006191 0.001008
0.006248 0.000961
0.006462 0.001889
0.006159 0.001483
0.006158 0.001106
0.006103 0.001246
0.006207 0.001677
0.006135 0.001546
0.006191 0.001245
0.006163 0.001887
0.006191 0.001148
0.006165 0.001395
0.006157 0.001899
0.004886 0.00157
0.006186 0.001504
0.006157 0.001535
0.006242 0.001244
0.006191 0.0011
0.00621 0.001295
0.00616 0.001658
0.006124 0.001538
0.006098 0.001157
0.006326 0.001726
0.006094 0.001318
0.00612 0.002014
0.006096 0.001038
0.00615 0.001091
0.005582 0.000916
0.004826 0.001581
0.004815 0.001047
0.004851 0.001264
0.004812 0.001882
0.005 0.001155
0.00482 0.00118
0.004821 0.000997
0.004777 0.001804
0.004816 0.001269
0.00482 0.001241
0.004786 0.001508
0.004814 0.001363
0.004828 0.000785
0.004836 0.000784
0.004936 0.000749
0.004843 0.001313
0.005134 0.00149
0.00639 0.001557
0.006223 0.001021
0.00612 0.001594
0.006384 0.001177
0.006115 0.001115
0.006221 0.001565
0.006218 0.001682
0.00619 0.001213
0.004828 0.001183
0.004822 0.00098
0.004847 0.001747
0.004808 0.001071
0.004857 0.001146
0.00483 0.001551
0.004815 0.001837
0.004238 0.00129
0.004837 0.001393
0.004969 0.001671
0.004822 0.001475
0.004885 0.001701
0.004814 0.001228
0.004817 0.00106
0.004862 0.001009
0.004854 0.001218
0.004837 0.001232
0.004811 0.000849
0.004851 0.001057
0.004827 0.001809
0.004851 0.001765
0.004815 0.001708
0.004812 0.001506
0.00484 0.001502
0.005145 0.001194
0.005012 0.001508
0.004833 0.001743
0.004837 0.001575
0.004823 0.001553
0.004891 0.000883
0.004834 0.001351
0.004806 0.000886
0.004887 0.000749
0.005073 0.001455
0.004889 0.001776
0.004898 0.001734
0.004832 0.00119
0.004835 0.00078
0.004932 0.000843
0.004819 0.001327
0.004796 0.001168
0.004792 0.001292
0.004645 0.001724
0.004869 0.001569
0.004853 0.001621
0.00482 0.001024
0.004876 0.001497
0.004894 0.001606
0.004805 0.001474
0.004868 0.00149
0.00491 0.000982
0.004839 0.001841
0.004862 0.00103
0.004816 0.00185
0.00482 0.001442
0.004848 0.001532
0.004883 0.000875
0.004867 0.002351
0.005357 0.00122
0.005788 0.001787
0.004286 0.000988
0.004802 0.001573
0.005627 0.002185
0.004833 0.000921
0.004871 0.001115
0.004843 0.001345
0.004967 0.000865
0.004834 0.001759
0.00487 0.001747
0.004835 0.00115
0.00498 0.000849
0.004818 0.001144
0.004868 0.001077
0.004889 0.001209
0.004145 0.000862
0.004815 0.00152
0.0048 0.001355
0.004824 0.001524
0.004909 0.000898
0.004875 0.001549
0.004829 0.00159
0.004903 0.001237
0.00485 0.001346
0.004773 0.000824
0.004792 0.001541
0.004818 0.00071
0.004814 0.000656
0.004813 0.000955
0.004812 0.00088
0.004843 0.001315
0.004834 0.000741
0.004943 0.001314
0.005144 0.001502
0.004808 0.000629
0.005072 0.001755
0.004867 0.001544
0.004856 0.000738
0.004799 0.001167
0.004865 0.001379
0.004831 0.001209
0.004835 0.000751
0.004853 0.001234
0.004815 0.001535
0.005557 0.001539
0.007251 0.001278
0.004828 0.001568
0.004962 0.001405
0.004827 0.001268
0.004798 0.001251
0.004857 0.001201
0.004835 0.001405
0.004814 0.001382
0.004833 0.001437
0.004874 0.000643
0.004791 0.001428
0.004876 0.00133
0.004802 0.000984
0.004894 0.001398
0.004775 0.001464
0.004883 0.00118
0.00489 0.001855
0.00483 0.001506
0.004814 0.001418
0.004786 0.001485
0.004823 0.001353
0.004833 0.000979
0.004854 0.000518
0.004815 0.001145
0.004978 0.00117
0.004994 0.00149
0.004826 0.00163
0.004818 0.000978
0.004816 0.001422
0.0048 0.000956
0.005091 0.001323
0.00491 0.000839
0.005875 0.001904
0.006201 0.00178
0.006088 0.001965
0.006161 0.001426
0.006074 0.001791
0.004624 0.001224
0.006169 0.001121
0.006266 0.001066
0.006108 0.001004
0.006178 0.001948
0.006362 0.001137
0.006145 0.001501
0.00616 0.00144
0.006128 0.001523
0.006205 0.001638
0.006095 0.001419
0.006136 0.001993
0.006179 0.001473
0.006257 0.001955
0.004834 0.001301
0.006146 0.001712
0.006187 0.00189
0.006204 0.001456
0.006173 0.00158
0.006056 0.00131
0.006159 0.001882
0.006126 0.001254
0.00618 0.001666
0.006106 0.001313
0.006198 0.001134
0.006165 0.001371
0.006238 0.001885
0.006137 0.001039
0.004093 0.001047
0.006189 0.001892
0.006179 0.001141
0.00616 0.00153
0.00616 0.001327
0.006149 0.001731
0.006124 0.001474
0.006163 0.001819
0.006132 0.001489
0.006151 0.001482
0.006143 0.001894
0.006068 0.001355
0.006286 0.001108
0.00615 0.00118
0.005638 0.000872
0.006121 0.001618
0.006093 0.001582
0.006059 0.002062
0.006611 0.000812
0.00617 0.001869
0.006174 0.001087
0.006206 0.001381
0.006131 0.001935
0.006178 0.000905
0.006145 0.001235
0.006087 0.001501
0.006122 0.00197
0.006104 0.001401
0.006167 0.001302
0.005614 0.000954
0.006166 0.001206
0.006149 0.001161
0.006427 0.001974
0.006174 0.001679
0.006189 0.001676
0.006176 0.001623
0.006189 0.002109
0.006176 0.0016
0.006126 0.00098
0.006126 0.00175
0.006099 0.000968
0.00616 0.001664
0.006132 0.001077
0.004952 0.00105
0.006204 0.001369
0.006172 0.001966
0.006343 0.001306
0.006159 0.001952
0.006143 0.00093
0.006084 0.001756
0.006128 0.001699
0.006126 0.001414
0.00613 0.001444
0.006104 0.001235
0.006201 0.001303
0.006143 0.001054
0.006105 0.001099
0.004175 0.00108
0.00629 0.001993
0.006198 0.001801
0.006382 0.001941
0.006189 0.001444
0.006195 0.001558
0.006113 0.001394
0.006223 0.001214
0.006105 0.001084
0.006152 0.001265
0.006093 0.001229
0.006143 0.001733
0.006177 0.001869
0.006151 0.001056
0.005155 0.001926
0.006283 0.002004
0.006128 0.001759
0.006244 0.001601
0.006189 0.00139
0.006236 0.001447
0.00614 0.001182
0.006148 0.000924
0.006184 0.001058
0.006138 0.001865
0.006098 0.001834
0.006229 0.001578
0.00621 0.001282
0.006158 0.001799
0.004974 0.000746
0.006227 0.000896
0.006147 0.001589
0.006157 0.000992
0.006714 0.001851
0.006146 0.001424
0.00623 0.001636
0.006151 0.001397
0.006093 0.001065
0.006168 0.001292
0.006107 0.001293
0.006156 0.001557
0.006129 0.001364
0.006118 0.00103
0.00611 0.001044
0.004484 0.001301
0.006153 0.001069
0.0062 0.001624
0.006374 0.00159
0.00623 0.002161
0.006106 0.00167
0.006157 0.00143
0.006133 0.001959
0.00615 0.001056
0.006121 0.001403
0.00613 0.001966
0.006162 0.001192
0.006153 0.000941
0.006173 0.001426
0.004865 0.002078
0.006239 0.001355
0.006135 0.001597
0.006355 0.001522
0.006179 0.001271
0.006145 0.00136
0.006128 0.000893
0.006374 0.001846
0.006115 0.001668
0.006132 0.001434
0.006157 0.001371
0.006143 0.001709
0.006117 0.001525
0.006067 0.001053
0.004111 0.001024
0.006171 0.001014
0.006214 0.001871
0.006395 0.001812
0.006133 0.002165
0.006134 0.001467
0.006174 0.002143
0.0061 0.001752
0.006126 0.001069
0.006091 0.001679
0.006122 0.001742
0.006175 0.001642
0.006144 0.002036
0.004795 0.001188
0.004882 0.001731
0.004822 0.001748
0.004843 0.001301
0.004832 0.001333
0.004919 0.001149
0.004757 0.001191
0.004825 0.000844
0.005354 0.002135
0.007693 0.001277
0.008252 0.000958
0.006533 0.001094
0.005802 0.001227
0.004801 0.000902
0.004791 0.001494
0.004859 0.00105
0.004861 0.001008
0.004169 0.001199
0.004824 0.001701
0.006714 0.001312
0.006911 0.001502
0.007455 0.002374
0.008573 0.000699
0.00482 0.001057
0.00484 0.001274
0.004817 0.000982
0.00483 0.001207
0.004803 0.000795
0.004818 0.00121
0.004831 0.00117
0.004839 0.001036
0.004804 0.000883
0.00485 0.001224
0.004921 0.001557
0.004893 0.001049
0.004857 0.001251
0.00481 0.001416
0.00481 0.00107
0.004855 0.001432
0.004826 0.00122
0.004803 0.001248
0.004943 0.001486
0.004837 0.001969
0.006131 0.001012
0.006395 0.001772
0.009007 0.002065
0.004803 0.001238
0.004826 0.001267
0.004819 0.001458
0.004544 0.001373
0.004799 0.001273
0.004883 0.001733
0.006519 0.002137
0.006494 0.001676
0.006933 0.000952
0.00512 0.002839
0.005806 0.001491
0.005439 0.001162
0.004857 0.000871
0.004969 0.001019
0.004794 0.000942
0.004799 0.001442
0.004838 0.001222
0.00621 0.002243
0.005419 0.001048
0.004842 0.001429
0.004981 0.000883
0.004825 0.001163
0.004841 0.001664
0.004773 0.001779
0.004789 0.000851
0.00479 0.000996
0.004827 0.001057
0.00513 0.001843
0.006318 0.001783
0.00552 0.001089
0.005112 0.001123
0.004845 0.001747
0.004802 0.001178
0.004817 0.000968
0.004803 0.001216
0.004863 0.001515
0.004836 0.001669
0.004919 0.001824
0.004879 0.001486
0.004833 0.00157
0.004855 0.001667
0.004867 0.001546
0.004802 0.000875
0.004832 0.001538
0.004933 0.00103
0.004811 0.001176
0.004817 0.000813
0.004804 0.001367
0.004822 0.001586
0.004794 0.000973
0.004788 0.001437
0.006068 0.001296
0.004875 0.000941
0.004832 0.001563
0.00491 0.00122
0.004855 0.001633
0.004882 0.001718
0.004855 0.00125
0.00484 0.001229
0.004837 0.001747
0.004869 0.001625
0.004901 0.001722
0.007794 0.000804
0.004858 0.000901
0.004847 0.000808
0.004842 0.001622
0.004801 0.001676
0.004846 0.000786
0.00409 0.001308
0.004763 0.000832
0.004795 0.001063
0.004874 0.00141
0.004917 0.001331
0.004861 0.001832
0.004828 0.000812
0.00484 0.001564
0.004857 0.001077
0.004805 0.001372
0.004819 0.001319
0.004824 0.001122
0.004781 0.001605
0.004805 0.001675
0.004815 0.00164
0.004838 0.001315
0.004779 0.001417
0.00478 0.001105
0.004808 0.001531
0.004842 0.001147
0.004818 0.001336
0.004825 0.000627
0.004864 0.001393
0.004823 0.000959
0.004804 0.000761
0.004808 0.000834
0.004927 0.00153
0.00584 0.001122
0.004808 0.001309
0.004852 0.001301
0.004837 0.001719
0.004846 0.000885
0.004814 0.001651
0.004823 0.001288
0.004827 0.001578
0.004386 0.000854
0.004844 0.001404
0.004896 0.001202
0.005153 0.001037
0.005244 0.000945
0.005152 0.001023
0.005411 0.000916
0.005032 0.001845
0.005327 0.001526
0.004823 0.001809
0.004837 0.00115
0.004853 0.001562
0.004766 0.001281
0.004824 0.001947
0.0048 0.001237
0.007347 0.001759
0.00975 0.002358
0.00895 0.00165
0.004822 0.001357
0.004865 0.000892
0.004879 0.001538
0.004831 0.000898
0.004889 0.001241
0.007994 0.001497
0.008822 0.001697
0.008596 0.001818
0.007333 0.001478
0.004836 0.001186
0.004836 0.001305
0.00481 0.001421
0.004443 0.001432
0.004874 0.000852
0.004864 0.001076
0.004791 0.002496
0.006037 0.002283
0.00766 0.001033
0.007975 0.001845
0.006856 0.000915
