0.001201 1.1e-05

0.001221 2.2e-05

0.001233 1.6e-05

0.001204 1.9e-05

0.001212 2.2e-05

0.001224 1.2e-05

0.001235 1.5e-05

0.001234 2.2e-05

0.001233 2.2e-05

0.001247 1.4e-05

0.001266 2.3e-05

0.001195 1.2e-05

0.001203 1.1e-05

0.0012 1.3e-05

0.001195 2.1e-05

0.001209 1.5e-05

0.001209 1.5e-05

0.001201 2.1e-05

0.001209 1.6e-05

0.001214 1.2e-05

0.001208 1.3e-05

0.001196 2e-05

0.00121 2.1e-05

0.001191 1.8e-05

0.001204 1.3e-05

0.0012 2.1e-05

0.001206 2.2e-05

0.001198 1.4e-05

0.00122 2.3e-05

0.001218 1.4e-05

0.001249 3e-05

0.001266 2.1e-05

0.001244 2e-05

0.001241 1.2e-05

0.001218 1.4e-05

0.00129 1.1e-05

0.001232 1.8e-05

0.001293 2.4e-05

0.001227 9e-06

0.001226 2.2e-05

0.001241 2.2e-05

0.001202 2.2e-05

0.001207 2.2e-05

0.001206 1.9e-05

0.001245 2.3e-05

0.001231 1.4e-05

0.001257 9e-06

0.00131 1.4e-05

0.001216 2.1e-05

0.00119 1e-05

0.001203 1.7e-05

0.001196 2.1e-05

0.001207 2e-05

0.001204 1.7e-05

0.001232 9e-06

0.001225 2.2e-05

0.001215 1.8e-05

0.001315 2.2e-05

0.001239 1.7e-05

0.001205 2.3e-05

0.001232 1.9e-05

0.001218 2.1e-05

0.001219 2.1e-05

0.001227 2.1e-05

0.001278 2.3e-05

0.001218 1.5e-05

0.001281 1.8e-05

0.001211 1.5e-05

0.001223 2.3e-05

0.001233 1.8e-05

0.001242 2.1e-05

0.001215 9e-06

0.001227 2e-05

0.001244 2e-05

0.001214 1.8e-05

0.001205 2e-05

0.001227 1.9e-05

0.001215 1.3e-05

0.001217 3.7e-05

0.00121 1.2e-05

0.001228 2e-05

0.001213 1.5e-05

0.001232 2.2e-05

0.001276 2.2e-05

0.001255 1.3e-05

0.001241 1.4e-05

0.001249 8e-06

0.001242 2.3e-05

0.001222 2.2e-05

0.001203 2.3e-05

0.001223 1.9e-05

0.00123 1.6e-05

0.001338 2.3e-05

0.00125 1.3e-05

0.001215 1.2e-05

0.001207 2.4e-05

0.001281 1.8e-05

0.001245 9e-06

0.001246 2.2e-05

0.001251 1.5e-05

0.001258 1.8e-05

0.001218 1.6e-05

0.001217 1.7e-05

0.001202 1.1e-05

0.001211 1.4e-05

0.001255 1.9e-05

0.001216 1.4e-05

0.001204 1.5e-05

0.001253 2.4e-05

0.001249 2e-05

0.001247 2e-05

0.001244 1.5e-05

0.001228 1.7e-05

0.001208 9e-06

0.001218 2.2e-05

0.001214 2.1e-05

0.001214 1.6e-05

0.001216 1.6e-05

0.001264 1.2e-05

0.001236 1.5e-05

0.001226 1.9e-05

0.001212 2e-05

0.00121 2.3e-05

0.00121 2.4e-05

0.001227 1.3e-05

0.001217 1.3e-05

0.001222 1.4e-05

0.001197 2.1e-05

0.00121 9e-06

0.001211 1.4e-05

0.001218 1.6e-05

0.001235 2.3e-05

0.001263 1.2e-05

0.001217 2.4e-05

0.001279 1.7e-05

0.001249 1.8e-05

0.001238 1.4e-05

0.001257 1.5e-05

0.001235 9e-06

0.001215 1.4e-05

0.001229 2e-05

0.001233 1.2e-05

0.001221 2.2e-05

0.001214 1.4e-05

0.001244 1.7e-05

0.001215 8e-06

0.001221 2.1e-05

0.001246 2.1e-05

0.001253 2.2e-05

0.001205 1.8e-05

0.001237 9e-06

0.001248 2.4e-05

0.001224 1.7e-05

0.001252 2.2e-05

0.001211 1.8e-05

0.001213 1.9e-05

0.001255 2.2e-05

0.001212 1.8e-05

0.001221 1.7e-05

0.001238 2.4e-05

0.001214 1.1e-05

0.00124 1.7e-05

0.001242 1.2e-05

0.001281 2.2e-05

0.001227 1.5e-05

0.001256 1.7e-05

0.001261 2.3e-05

0.001227 1.9e-05

0.001229 2.2e-05

0.001213 1.4e-05

0.001428 2.6e-05

0.001233 2.3e-05

0.001225 2.2e-05

0.001215 9e-06

0.001221 2.2e-05

0.001255 1.1e-05

0.001244 2e-05

0.001214 2.1e-05

0.001218 2.2e-05

0.001253 2.3e-05

0.001213 2.3e-05

0.001294 2.2e-05

0.001218 1.9e-05

0.001222 2.1e-05

0.001221 1.4e-05

0.001213 1.7e-05

0.00124 1.1e-05

0.00122 2e-05

0.001231 1.4e-05

0.001248 2.1e-05

0.001242 2.2e-05

0.001218 1.7e-05

0.001273 1.1e-05

0.001223 2.3e-05

0.001242 1.7e-05

0.001227 1.3e-05

0.001211 2.2e-05

0.001215 2.3e-05

0.001216 2.2e-05

0.001227 1e-05

0.001288 1.9e-05

0.001249 1.1e-05

0.001274 2.1e-05

0.001221 2.1e-05

0.001216 2.2e-05

0.00122 2.2e-05

0.001251 2.1e-05

0.001216 1.7e-05

0.00122 1.5e-05

0.001221 3.3e-05

0.001214 1.8e-05

0.001224 1.9e-05

0.001219 2.2e-05

0.001231 2.2e-05

0.001246 2.4e-05

0.001222 1.9e-05

0.001223 1.2e-05

0.001212 1.8e-05

0.001239 1.6e-05

0.001215 1.8e-05

0.001217 2.3e-05

0.001216 2.1e-05

0.001222 1.3e-05

0.001261 1.7e-05

0.00125 1.4e-05

0.001222 1.2e-05

0.001225 2.3e-05

0.001226 2.3e-05

0.001226 2e-05

0.001235 1.3e-05

0.001222 1.7e-05

0.001216 2.2e-05

0.001216 1.7e-05

0.001263 1.6e-05

0.001217 1.2e-05

0.001222 8e-06

0.001261 2.1e-05

0.00125 2e-05

0.001217 1.3e-05

0.001247 1.9e-05

0.001224 1e-05

0.001246 1.3e-05

0.001202 1.4e-05

0.001272 1.9e-05

0.001219 1.1e-05

0.001268 1.4e-05

0.001234 2.9e-05

0.001318 3.4e-05

0.001268 9e-06

0.001259 2.4e-05

0.001323 1.8e-05

0.001246 2.3e-05

0.001244 2.2e-05

0.001245 1.5e-05

0.00134 2.4e-05

0.001258 1.4e-05

0.001217 1.1e-05

0.001205 2.3e-05

0.001213 1.9e-05

0.001219 2.2e-05

0.001223 1.1e-05

0.001217 1.2e-05

0.00128 1.7e-05

0.001273 2.3e-05

0.001226 2e-05

0.00125 1.4e-05

0.001243 9e-06

0.001222 1.8e-05

0.001247 1.4e-05

0.001214 1.5e-05

0.001244 3.4e-05

0.001223 1.9e-05

0.001261 1.7e-05

0.001251 2.6e-05

0.001297 2e-05

0.001283 1.5e-05

0.001248 1.6e-05

0.001267 1.5e-05

0.001258 2.1e-05

0.001246 2.2e-05

0.001252 1.3e-05

0.001317 1.8e-05

0.001219 2e-05

0.001199 2.6e-05

0.001223 2.1e-05

0.001217 1.6e-05

0.00122 2.3e-05

0.001224 1.9e-05

0.001244 8e-06

0.001203 1.6e-05

0.001266 2.2e-05

0.001267 2.6e-05

0.001259 2.1e-05

0.00126 1.8e-05

0.001216 1.2e-05

0.001225 1.6e-05

0.001247 1.4e-05

0.001245 2.2e-05

0.001223 1.8e-05

0.001223 1.8e-05

0.001264 2.2e-05

0.001276 1.4e-05

0.001301 3.6e-05

0.001207 2.2e-05

0.001328 2.2e-05

0.001248 1.1e-05

0.001294 1.5e-05

0.001244 2.2e-05

0.001265 1.3e-05

0.001241 2.1e-05

0.001219 1.8e-05

0.001209 1.4e-05

0.001224 1.2e-05

0.001225 2e-05

0.001247 2e-05

0.001213 1.9e-05

0.001205 1.6e-05

0.001245 2.2e-05

0.001241 1.4e-05

0.00133 2.5e-05

0.001253 2.2e-05

0.001258 2.2e-05

0.001264 1.3e-05

0.001217 1.7e-05

0.001221 1.1e-05

0.001211 2.3e-05

0.001215 2.3e-05

0.001257 1.4e-05

0.001537 2e-05

0.001284 2.8e-05

0.001302 2.4e-05

0.001262 2.5e-05

0.001272 1.9e-05

0.001254 2.6e-05

0.001246 1.3e-05

0.001249 1.4e-05

0.001257 2.2e-05

0.001244 2.5e-05

0.001256 1.8e-05

0.001247 1.5e-05

0.001294 8e-06

0.001234 1.5e-05

0.00124 1.2e-05

0.001214 1.5e-05

0.001361 2.2e-05

0.001222 2.1e-05

0.001221 1.9e-05

0.001216 1.4e-05

0.001219 1.2e-05

0.001333 1.7e-05

0.001252 1.6e-05

0.001261 1.7e-05

0.00123 1.3e-05

0.00151 1.5e-05

0.001228 1.9e-05

0.001276 7e-06

0.001216 2.2e-05

0.001247 1.3e-05

0.001241 1.9e-05

0.001207 9e-06

0.001258 2.2e-05

0.001345 2.3e-05

0.00124 1.9e-05

0.001212 2.2e-05

0.00121 1.6e-05

0.001216 2.2e-05

0.001242 2.5e-05

0.001504 3.2e-05

0.00168 4e-05

0.001832 2.6e-05

0.001637 3.5e-05

0.001359 3.7e-05

0.001395 3e-05

0.001298 2e-05

0.001265 2.4e-05

0.001265 2.3e-05

0.001257 1e-05

0.00127 2.2e-05

0.001266 1.7e-05

0.001244 2.4e-05

0.001247 9e-06

0.001244 1.7e-05

0.001276 2.1e-05

0.001242 1.4e-05

0.001254 2.2e-05

0.001208 1.6e-05

0.001208 9e-06

0.001254 1.3e-05

0.001221 2e-05

0.001278 2.1e-05

0.001247 2.1e-05

0.001262 2.3e-05

0.001278 2e-05

0.00124 1.1e-05

0.001248 1e-05

0.001244 1.3e-05

0.001244 1.7e-05

0.001235 1.8e-05

0.001244 2.2e-05

0.001246 2.2e-05

0.001436 2.6e-05

0.001292 2.2e-05

0.001257 1.7e-05

0.001261 2.7e-05

0.001296 2.6e-05

0.001264 2e-05

0.001254 2.7e-05

0.001269 1.5e-05

0.001258 2.3e-05

0.001266 2.6e-05

0.001259 1.4e-05

0.001257 2.8e-05

0.001274 2.3e-05

0.001234 1.3e-05

0.00123 1.8e-05

0.001215 1.5e-05

0.001227 1.9e-05

0.001209 1.8e-05

0.001249 1.8e-05

0.001362 3e-05

0.001257 1.3e-05

0.001248 2.1e-05

0.001226 2.9e-05

0.001351 2.4e-05

0.001254 1.3e-05

0.001245 9e-06

0.001305 1.7e-05

0.001306 1.9e-05

0.001258 2.3e-05

0.001249 1.6e-05

0.001218 2.4e-05

0.001216 2.2e-05

0.001252 1.5e-05

0.001256 1.8e-05

0.001212 2e-05

0.00129 2.7e-05

0.001244 2.1e-05

0.001457 2.5e-05

0.001259 2.1e-05

0.001247 2.2e-05

0.001316 2e-05

0.001244 2.1e-05

0.001242 2e-05

0.001317 2.8e-05

0.001267 1.7e-05

0.001456 2.8e-05

0.001809 3.2e-05

0.001645 4.2e-05

0.00189 4.8e-05

0.00163 5.5e-05

0.001538 4e-05

0.001345 2.4e-05

0.001506 3e-05

0.001319 3.1e-05

0.001292 2.2e-05

0.00131 4.1e-05

0.001332 2.5e-05

0.001299 3.2e-05

0.001279 1.1e-05

0.001359 3.3e-05

0.001358 3.2e-05

0.001315 4.3e-05

0.001631 2.5e-05

0.001322 4.2e-05

0.001299 3e-05

0.001263 2.3e-05

0.001251 1.3e-05

0.001274 2.1e-05

0.001311 1.5e-05

0.001259 2.1e-05

0.001246 2e-05

0.001288 2.8e-05

0.001277 1.9e-05

0.001355 2.2e-05

0.001255 2.4e-05

0.001242 1e-05

0.00125 1.2e-05

0.001251 1.5e-05

0.001245 1.4e-05

0.00124 3.3e-05

0.001255 2.2e-05

0.00125 2e-05

0.001246 2.2e-05

0.001522 2.7e-05

0.001625 2.7e-05

0.001365 3.1e-05

0.001308 3.2e-05

0.001265 1.4e-05

0.001249 2.2e-05

0.001303 1.4e-05

0.001265 1.4e-05

0.001259 1.7e-05

0.001245 1.3e-05

0.0013 1.3e-05

0.001264 2.5e-05

0.001244 1.8e-05

0.001244 2.4e-05

0.001246 2.1e-05

0.001258 1.6e-05

0.001289 1.5e-05

0.001263 1.9e-05

0.001271 2.3e-05

0.001296 2.5e-05

0.001271 1.6e-05

0.001266 2.2e-05

0.001263 1.7e-05

0.001267 1.9e-05

0.001263 1.7e-05

0.00138 3e-05

0.001364 3.3e-05

0.00129 3.2e-05

0.001313 4.5e-05

0.001286 1.8e-05

0.001259 1.5e-05

0.001271 2.1e-05

0.001307 2.7e-05

0.001268 1.9e-05

0.001268 2.2e-05

0.001256 2.1e-05

0.001252 1.6e-05

0.001283 1.8e-05

0.001268 2.2e-05

0.001259 2.2e-05

0.001253 2e-05

0.00123 1.5e-05

0.001252 2.2e-05

0.001251 2e-05

0.001229 2.4e-05

0.001276 2.4e-05

0.001321 1.7e-05

0.001258 1.2e-05

0.001269 1.5e-05

0.001229 1.8e-05

0.001312 2.1e-05

0.001257 1.1e-05

0.001209 1.9e-05

0.00126 1.4e-05

0.001239 1.9e-05

0.001228 3.5e-05

0.001853 5.4e-05

0.001937 4.2e-05

0.00189 3.1e-05

0.001787 3.3e-05

0.001502 2.6e-05

0.001651 2.3e-05

0.001477 5.4e-05

0.001839 4.5e-05

0.001806 2.6e-05

0.001895 4e-05

0.001893 1.8e-05

0.001807 2.8e-05

0.001878 2.1e-05

0.001895 1.6e-05

0.001464 2.5e-05

0.001389 2.6e-05

0.001883 4.1e-05

0.001898 1.7e-05

0.001809 2.2e-05

0.001892 2.3e-05

0.001899 3e-05

0.001915 5.1e-05

0.001681 1.2e-05

0.001263 2.1e-05

0.001274 1.7e-05

0.001268 1.4e-05

0.001257 1.3e-05

0.001282 1.7e-05

0.001277 1.7e-05

0.001416 4e-05

0.001382 3.5e-05

0.001269 1.6e-05

0.001283 2e-05

0.001298 3.3e-05

0.001316 2.4e-05

0.001281 1.3e-05

0.001261 2.2e-05

0.00125 2.2e-05

0.001248 1.8e-05

0.001244 2.3e-05

0.001252 2.9e-05

0.001263 2e-05

0.001279 2.7e-05

0.001328 2.5e-05

0.001256 1.5e-05

0.001246 1.7e-05

0.001232 2.4e-05

0.001246 8e-06

0.001236 1.8e-05

0.001256 2.4e-05

0.001256 1.8e-05

0.001276 1.9e-05

0.001253 2.1e-05

0.001201 1.2e-05

0.001259 2.3e-05

0.001216 1.5e-05

0.001212 2.2e-05

0.001217 2.3e-05

0.001198 1.5e-05

0.00123 2.3e-05

0.00123 1.7e-05

0.001273 1.9e-05

0.001236 1.5e-05

0.00125 1.5e-05

0.00124 1.9e-05

0.001213 1.8e-05

0.00124 1.3e-05

0.001222 1.4e-05

0.001238 2.2e-05

0.001235 1.9e-05

0.001216 1.7e-05

0.001249 2.2e-05

0.001209 2.2e-05

0.001221 1.4e-05

0.001264 1.4e-05

0.001218 1.9e-05

0.001235 1.9e-05

0.001259 2.3e-05

0.001263 2.6e-05

0.00126 1.4e-05

0.001256 2.5e-05

0.001255 2.4e-05

0.00125 2.5e-05

0.001245 2.6e-05

0.00125 1.3e-05

0.001289 3.1e-05

0.001216 2.3e-05

0.001281 2.2e-05

0.001297 2.4e-05

0.001245 1.7e-05

0.001239 1.2e-05

0.001334 2.3e-05

0.001252 2.3e-05

0.001246 1.9e-05

0.001226 1.9e-05

0.001251 2.1e-05

0.001222 1.2e-05

0.001228 1.2e-05

0.001215 2.3e-05

0.001213 2.2e-05

0.001211 1.3e-05

0.001221 1.5e-05

0.001201 2.2e-05

0.001227 2e-05

0.001255 1.8e-05

0.001225 1.8e-05

0.001227 2.2e-05

0.001208 1.5e-05

0.001212 1.8e-05

0.001219 1.6e-05

0.001215 2.2e-05

0.001215 9e-06

0.001205 1.6e-05

0.001245 1e-05

0.001232 1.8e-05

0.001243 1e-05

0.001245 2.2e-05

0.001228 2.1e-05

0.001249 1.6e-05

0.001209 1.7e-05

0.001207 1.9e-05

0.001217 2.3e-05

0.001205 8e-06

0.001272 2e-05

0.001204 1.3e-05

0.001215 1.4e-05

0.001242 2.1e-05

0.001213 2e-05

0.00122 1.1e-05

0.001242 9e-06

0.001231 1.8e-05

0.001273 1.8e-05

0.001226 1.7e-05

0.001213 1.8e-05

0.001218 1.2e-05

0.001232 1.9e-05

0.001217 9e-06

0.001257 2.3e-05

0.001226 1.4e-05

0.00122 2.2e-05

0.0012 1.2e-05

0.00124 1.1e-05

0.001274 2.2e-05

0.00125 1.7e-05

0.001216 1.4e-05

0.001213 1.6e-05

0.001214 2e-05

0.001221 2.4e-05

0.00126 2e-05

0.001235 1.4e-05

0.001224 1.7e-05

0.001219 2e-05

0.001537 2.4e-05

0.001229 2e-05

0.001218 1e-05

0.001221 1.7e-05

0.001243 1.3e-05

0.001221 1.8e-05

0.001273 1.2e-05

0.001318 2e-05

0.001215 2.2e-05

0.001231 2.1e-05

0.001209 1.5e-05

0.001249 3.5e-05

0.001322 1.9e-05

0.0013 1.9e-05

0.001253 1.2e-05

0.001242 1.9e-05

0.001364 2.6e-05

0.001251 1.5e-05

0.001226 2.3e-05

0.001241 1.5e-05

0.001246 1.9e-05

0.001325 1.5e-05

0.001269 1.8e-05

0.00126 2.3e-05

0.001247 2.1e-05

0.001233 1.9e-05

0.001245 2.1e-05

0.001235 1e-05

0.001213 1.5e-05

0.001264 2e-05

0.001308 1.6e-05

0.001217 2.1e-05

0.00122 1e-05

0.001252 1.9e-05

0.001236 1.3e-05

0.00131 1.6e-05

0.001267 1.4e-05

0.001249 1.1e-05

0.001284 2.9e-05

0.00127 1.5e-05

0.001239 9e-06

0.001249 2.3e-05

0.001244 2e-05

0.001252 1.5e-05

0.001254 1.3e-05

0.001245 1.4e-05

0.001245 2.1e-05

0.001333 2.3e-05

0.001216 2e-05

0.001274 1e-05

0.001245 1.4e-05

0.001241 2.4e-05

0.001237 1e-05

0.001235 2.1e-05

0.001231 1.9e-05

0.001223 1.5e-05

0.00129 2.3e-05

0.001254 2.1e-05

0.001235 1.5e-05

0.001215 2.3e-05

0.001255 1.8e-05

0.001321 1.9e-05

0.001264 1.4e-05

0.001243 2.3e-05

0.001283 3.3e-05

0.001346 2.9e-05

0.001278 1.6e-05

0.001265 1.6e-05

0.001252 2.2e-05

0.001299 8e-06

0.001249 1.8e-05

0.001261 1.6e-05

0.001213 1.9e-05

0.001302 1.6e-05

0.001297 2.5e-05

0.001232 1.3e-05

0.001217 1.2e-05

0.001223 1.4e-05

0.001262 2.1e-05

0.001247 2.3e-05

0.00121 2.3e-05

0.001228 2.1e-05

0.001238 2.3e-05

0.00125 1.7e-05

0.001275 1.5e-05

0.00125 1.3e-05

0.001236 2.1e-05

0.001325 2e-05

0.001249 1.6e-05

0.001217 2.3e-05

0.001208 1.4e-05

0.001242 2e-05

0.001789 3.1e-05

0.001701 3.7e-05

0.001674 2.8e-05

0.001851 2.6e-05

0.001656 5.4e-05

0.001869 1.9e-05

0.001767 3.7e-05

0.001762 2.9e-05

0.001325 3e-05

0.001299 2.7e-05

0.001428 3e-05

0.001295 2.3e-05

0.001269 2.2e-05

0.001298 2.9e-05

0.001367 4.5e-05

0.001297 1.9e-05

0.001256 1.4e-05

0.00125 1.8e-05

0.00131 2.4e-05

0.001679 1.5e-05

0.001244 9e-06

0.00122 2.3e-05

0.001216 1.3e-05

0.00126 1.9e-05

0.001213 1.4e-05

0.001277 2.1e-05

0.00123 1.3e-05

0.001306 1.6e-05

0.001245 2.3e-05

0.001259 1.8e-05

0.001249 2.2e-05

0.001276 2.3e-05

0.001251 2.1e-05

0.001208 1.5e-05

0.001238 8e-06

0.001217 2.2e-05

0.00129 1.7e-05

0.001245 1.1e-05

0.001211 1.9e-05

0.001223 2.3e-05

0.001214 2e-05

0.001218 1.3e-05

0.001254 1.6e-05

0.001225 9e-06

0.001282 7e-06

0.001251 2.6e-05

0.001265 1.8e-05

0.001254 2.2e-05

0.001239 1.5e-05

0.001226 1.2e-05

0.001211 2.5e-05

0.001221 2.1e-05

0.001213 1.2e-05

0.00122 2.3e-05

0.001213 2.1e-05

0.001246 2.6e-05

0.001241 2.7e-05

0.001262 2.3e-05

0.001238 2.1e-05

0.001316 2.3e-05

0.001279 1.2e-05

0.00125 2.2e-05

0.00125 2.2e-05

0.001267 1.9e-05

0.001238 2.4e-05

0.001219 1.2e-05

0.001219 2.3e-05

0.00134 1.9e-05

0.001237 1.9e-05

0.001271 2.6e-05

0.001249 1.1e-05

0.001275 1.8e-05

0.001217 1.9e-05

0.001278 1.3e-05

0.00122 2.3e-05

0.001242 1.8e-05

0.001234 2e-05

0.001219 2e-05

0.001214 1.7e-05

0.001262 1.8e-05

0.001204 2.2e-05

0.001242 1.9e-05

0.001272 1.8e-05

0.001243 1.4e-05

0.001249 2.1e-05

0.001317 1.2e-05

0.001253 2e-05

0.001243 2.2e-05

0.001249 1.6e-05

0.001249 2.1e-05

0.001254 1.3e-05

0.001224 2.3e-05

0.001212 1.1e-05

0.001226 1.2e-05

0.001289 2.1e-05

0.001291 1.4e-05

0.001234 2.2e-05

0.001212 2.3e-05

0.001273 2.4e-05

0.001251 2.1e-05

0.001239 1.2e-05

0.001216 1e-05

0.001233 1.5e-05

0.001267 1.5e-05

0.001239 1.6e-05

0.001254 2.2e-05

0.001206 1.9e-05

0.001253 2e-05

0.001216 1.5e-05

0.001247 1.4e-05

0.001204 2.1e-05

0.001215 2.2e-05

0.001229 1.5e-05

0.001229 1.5e-05

0.001243 1.3e-05

0.00123 6e-06

0.001221 1.8e-05

0.001245 2.2e-05

0.001245 2.2e-05

0.001215 1.3e-05

0.001253 2.3e-05

0.001237 1e-05

0.001238 1.2e-05

0.00122 1.9e-05

0.001214 1.9e-05

0.00128 1.7e-05

0.001219 2.3e-05

0.001249 2.2e-05

0.001208 1.5e-05

0.001208 1.3e-05

0.001221 1.2e-05

0.001227 1.9e-05

0.001226 1.3e-05

0.001259 1.7e-05

0.001211 1.5e-05

0.001215 2.3e-05

0.001238 2.4e-05

0.001211 2.1e-05

0.001208 1.9e-05

0.00124 2.2e-05

0.001215 1.8e-05

0.001275 2.2e-05

0.001243 2.3e-05

0.001226 9e-06

0.001245 1.7e-05

0.001241 2.1e-05

0.001246 1.2e-05

0.001225 2.1e-05

0.001235 2.3e-05

0.001222 2.3e-05

0.001204 1.7e-05

0.001269 1.3e-05

0.001246 1e-05

0.001218 2.1e-05

0.001214 1.5e-05

0.00124 1.2e-05

0.00121 1.2e-05

0.001236 1.5e-05

0.001214 2.3e-05

0.001216 1.8e-05

0.001212 2.1e-05

0.001224 2.2e-05

0.001222 1.5e-05

0.001237 1.8e-05

0.001206 2.4e-05

0.001213 1.2e-05

0.001324 2.4e-05

0.001222 2e-05

0.001261 2.2e-05

0.001256 1e-05

0.001258 2e-05

0.001242 1.3e-05

0.001248 2.2e-05

0.001376 2.5e-05

0.001258 2.2e-05

0.001356 2.1e-05

0.001229 2.2e-05

0.001236 2e-05

0.001304 2.8e-05

0.001846 4.3e-05

0.001932 4.1e-05

0.001905 3.9e-05

0.001818 4.6e-05

0.001887 3.8e-05

0.001855 2.1e-05

0.001257 2.3e-05

0.001232 2.4e-05

0.001255 1.6e-05

0.001233 2.3e-05

0.001255 1.1e-05

0.001269 2.5e-05

0.001262 2e-05

0.00126 3e-05

0.00126 1.3e-05

0.001246 2.2e-05

0.001257 1.6e-05

0.001297 2e-05

0.001265 1.8e-05

0.001356 4.1e-05

0.001374 2.6e-05

0.001277 2.6e-05

0.001281 3.4e-05

0.001306 1.5e-05

0.001345 2.9e-05

0.001296 2.7e-05

0.001284 1.9e-05

0.001262 2.6e-05

0.001268 2.8e-05

0.001258 2.3e-05

0.001254 2.5e-05

0.001258 2e-05

0.001251 1.8e-05

0.001278 2.7e-05

0.001264 1.8e-05

0.001261 1.9e-05

0.001268 2.6e-05

0.001268 1.6e-05

