0.001176 0.000483
0.001183 0.000692
0.001353 0.000368
0.001373 0.000282
0.001344 0.000566
0.001416 0.000475
0.001348 0.00029
0.00135 0.000294
0.001351 0.000518
0.001358 0.000293
0.001345 0.000427
0.001359 0.00032
0.001388 0.000441
0.001349 0.000456
0.001362 0.000198
0.001418 0.000319
0.001348 0.000434
0.001369 0.000557
0.001359 0.000473
0.001367 0.000441
0.001361 0.000385
0.001331 0.000429
0.001354 0.000414
0.001342 0.000301
0.001353 0.000384
0.00137 0.000452
0.001372 0.000346
0.001348 0.000339
0.001342 0.000532
0.001415 0.000622
0.00136 0.000269
0.001391 0.000401
0.001354 0.000315
0.001367 0.000331
0.00134 0.000316
0.001356 0.00024
0.001371 0.000584
0.001355 0.00041
0.001361 0.000522
0.001367 0.000453
0.001367 0.000429
0.001338 0.000463
0.001362 0.000382
0.001343 0.00043
0.001349 0.000457
0.001339 0.000324
0.001341 0.000511
0.001368 0.000245
0.001347 0.000339
0.001364 0.000363
0.001353 0.000421
0.001368 0.000379
0.001363 0.000409
0.001343 0.000389
0.001348 0.000369
0.001353 0.000618
0.001355 0.000448
0.001337 0.000444
0.001332 0.00025
0.001372 0.000415
0.001343 0.000562
0.001372 0.000368
0.001379 0.000611
0.001825 0.000324
0.001418 0.000556
0.001565 0.000653
0.001345 0.000536
0.001369 0.000287
0.001354 0.000453
0.00136 0.000345
0.001339 0.000387
0.001344 0.000471
0.00139 0.000519
0.001358 0.000418
0.001352 0.000268
0.001358 0.000561
0.001347 0.00047
0.001345 0.000441
0.001335 0.000544
0.001358 0.000464
0.001358 0.000318
0.001352 0.000514
0.001341 0.000315
0.001401 0.000387
0.001364 0.000336
0.001378 0.000476
0.001348 0.00052
0.001341 0.000434
0.001376 0.000571
0.001361 0.000422
0.00135 0.000359
0.00135 0.000567
0.00136 0.000325
0.001373 0.000407
0.001347 0.00052
0.001379 0.000404
0.001347 0.000443
0.001359 0.000278
0.00137 0.000298
0.001352 0.000616
0.00135 0.000465
0.001397 0.000542
0.001353 0.000402
0.001364 0.000309
0.001406 0.000333
0.001359 0.00052
0.001351 0.000426
0.001379 0.000409
0.001362 0.000358
0.001339 0.000338
0.001343 0.000421
0.001348 0.000527
0.001348 0.000333
0.001363 0.000545
0.001165 0.000346
0.001187 0.000491
0.001246 0.000404
0.001352 0.000635
0.001353 0.000355
0.001373 0.00026
0.001365 0.000431
0.001367 0.00057
0.001365 0.000534
0.001456 0.000476
0.00135 0.000218
0.001359 0.000382
0.001346 0.000255
0.001363 0.000401
0.001346 0.000371
0.001387 0.000563
0.001354 0.000538
0.001364 0.000366
0.001356 0.000501
0.001376 0.000289
0.001351 0.000405
0.00139 0.000394
0.001355 0.000455
0.001356 0.000388
0.001342 0.00042
0.001365 0.000361
0.001357 0.000322
0.001352 0.000433
0.001355 0.000516
0.003012 0.000359
0.001365 0.000434
0.001364 0.000299
0.001369 0.000297
0.001349 0.000322
0.001352 0.000489
0.001346 0.000425
0.001346 0.000382
0.001351 0.000428
0.001352 0.000553
0.001387 0.000533
0.001363 0.000337
0.001387 0.000524
0.001343 0.000524
0.001365 0.000387
0.001358 0.00039
0.001373 0.000274
0.001369 0.000461
0.001365 0.0004
0.001376 0.00024
0.001367 0.00056
0.001343 0.000293
0.00138 0.000426
0.001352 0.000391
0.001362 0.000293
0.001342 0.000306
0.001354 0.000342
0.001364 0.00043
0.001375 0.00037
0.001361 0.000302
0.001378 0.000374
0.001366 0.000398
0.001364 0.000417
0.001427 0.000423
0.001381 0.000338
0.001427 0.000274
0.001347 0.000414
0.001351 0.000469
0.001364 0.00038
0.001345 0.000432
0.001347 0.000346
0.001355 0.000395
0.001353 0.000248
0.001342 0.000368
0.001397 0.000329
0.001349 0.000442
0.001358 0.000401
0.00136 0.000425
0.001352 0.00058
0.001342 0.000462
0.001364 0.000374
0.00134 0.000464
0.001355 0.000614
0.001352 0.000428
0.001412 0.000456
0.001352 0.000502
0.001356 0.000431
0.001349 0.000357
0.001343 0.000467
0.001356 0.000432
0.001356 0.000408
0.001358 0.000517
0.00137 0.000331
0.001362 0.000537
0.003084 0.000502
0.002329 0.000569
0.002638 0.000733
0.002055 0.000531
0.003084 0.000536
0.002042 0.000312
0.001344 0.00046
0.001357 0.000451
0.001349 0.000463
0.001347 0.000415
0.001345 0.000306
0.001362 0.000521
0.001362 0.000523
0.001343 0.000395
0.001375 0.000348
0.001336 0.000534
0.001372 0.00034
0.001345 0.0004
0.001338 0.000287
0.001255 0.000345
0.001165 0.000446
0.001355 0.000555
0.001352 0.000399
0.001335 0.000281
0.00135 0.000792
0.002065 0.000281
0.001393 0.000369
0.001342 0.000526
0.00245 0.000468
0.001677 0.000829
0.002045 0.000804
0.002702 0.000527
0.002106 0.000945
0.003134 0.000481
0.00212 0.000608
0.002747 0.000509
0.002067 0.000782
0.00239 0.000451
0.001357 0.000306
0.001348 0.000269
0.001357 0.000319
0.001356 0.00056
0.001367 0.000356
0.001348 0.000442
0.001359 0.000599
0.001357 0.000555
0.001368 0.000536
0.001351 0.000558
0.001366 0.000319
0.001348 0.000583
0.001366 0.000458
0.001345 0.000393
0.001368 0.000395
0.001355 0.000434
0.001351 0.00055
0.002044 0.00072
0.001447 0.000796
0.002025 0.00029
0.002121 0.000845
0.002232 0.000371
0.001424 0.000439
0.001334 0.000578
0.001443 0.000367
0.001411 0.000418
0.001329 0.000354
0.001417 0.000333
0.001345 0.00042
0.001348 0.000383
0.001345 0.000551
0.001384 0.000294
0.001381 0.000382
0.001351 0.000385
0.001353 0.000347
0.00135 0.000536
0.00135 0.00044
0.001354 0.000341
0.001335 0.000357
0.001345 0.000469
0.001353 0.000412
0.001355 0.000441
0.001346 0.000376
0.001339 0.000376
0.001349 0.000551
0.001345 0.000415
0.001359 0.000399
0.001349 0.000559
0.001372 0.000433
0.001347 0.00027
0.00135 0.000631
0.00135 0.000323
0.001855 0.000358
0.001348 0.000241
0.001361 0.000372
0.001499 0.000532
0.001773 0.000397
0.001621 0.000344
0.00186 0.000384
0.001336 0.000399
0.001374 0.000311
0.001355 0.000449
0.001359 0.00045
0.001346 0.000494
0.001344 0.000387
0.001351 0.000237
0.001359 0.000331
0.001358 0.000484
0.001345 0.000445
0.001359 0.000483
0.001356 0.000446
0.001344 0.00032
0.001356 0.000274
0.001332 0.000535
0.00137 0.000426
0.001355 0.000435
0.001366 0.000268
0.001341 0.000491
0.001368 0.000353
0.00136 0.000378
0.001346 0.00058
0.001349 0.0006
0.001357 0.000426
0.001364 0.000385
0.001343 0.000316
0.001322 0.000273
0.001134 0.000426
0.001172 0.000421
0.001338 0.00043
0.001349 0.000401
0.001365 0.000397
0.001346 0.000521
0.001382 0.000354
0.001351 0.000444
0.001363 0.000369
0.001346 0.000438
0.001358 0.000549
0.00135 0.000451
0.001358 0.000403
0.001354 0.000558
0.001406 0.000408
0.001372 0.000399
0.001387 0.000554
0.001344 0.000597
0.001367 0.000629
0.001347 0.000434
0.001381 0.000295
0.00135 0.000254
0.001363 0.000383
0.001355 0.000552
0.001365 0.000194
0.001345 0.000237
0.001365 0.000384
0.001372 0.000365
0.001365 0.000602
0.001348 0.000449
0.001346 0.000536
0.00135 0.000367
0.001376 0.000311
0.001353 0.000303
0.001342 0.000528
0.001343 0.000358
0.001375 0.000335
0.001355 0.000528
0.001359 0.000393
0.001357 0.000513
0.001366 0.000303
0.001346 0.000357
0.001346 0.00037
0.001342 0.000467
0.001386 0.000333
0.001374 0.000428
0.001348 0.00035
0.001351 0.000578
0.001362 0.000305
0.001375 0.000309
0.001362 0.000591
0.00136 0.000351
0.001368 0.0005
0.001695 0.000396
0.001418 0.00057
0.002066 0.000601
0.003083 0.000547
0.002156 0.000412
0.00135 0.000242
0.001353 0.000455
0.001349 0.00034
0.001338 0.000401
0.001354 0.000455
0.001349 0.000364
0.001346 0.000369
0.001341 0.000513
0.001351 0.000442
0.001352 0.000346
0.001354 0.00036
0.001354 0.000418
0.001342 0.000406
0.001384 0.00052
0.001367 0.000366
0.001347 0.000414
0.001562 0.000538
0.002074 0.000284
0.001359 0.000368
0.001352 0.000673
0.002604 0.000585
0.002397 0.000608
0.002599 0.000875
0.001361 0.00041
0.00136 0.000297
0.001353 0.000441
0.001345 0.000403
0.001354 0.000352
0.001352 0.000287
0.001333 0.000285
0.00135 0.000471
0.001382 0.000349
0.001456 0.000619
0.001354 0.000403
0.001353 0.000475
0.001342 0.000531
0.001347 0.000246
0.001349 0.000375
0.001359 0.000358
0.001356 0.000399
0.001344 0.000373
0.001347 0.000381
0.00135 0.000459
0.001347 0.000322
0.001361 0.00047
0.001371 0.000332
0.001358 0.000427
0.001354 0.00035
0.001352 0.000557
0.001335 0.000555
0.001371 0.000443
0.001304 0.000219
0.001476 0.000388
0.001357 0.000246
0.001361 0.000605
0.001345 0.00059
0.001378 0.000325
0.001357 0.00055
0.001369 0.000436
0.001362 0.000421
0.001364 0.000324
0.001347 0.000294
0.001361 0.000421
0.001357 0.000385
0.001367 0.000376
0.001375 0.000323
0.001364 0.000584
0.00147 0.00029
0.001392 0.000595
0.001351 0.000579
0.001361 0.000622
0.001345 0.000522
0.001348 0.000485
0.001353 0.000468
0.001369 0.00034
0.001358 0.000401
0.001341 0.000407
0.001356 0.000524
0.001351 0.000337
0.001337 0.000429
0.001346 0.000307
0.001353 0.000517
0.001367 0.000523
0.001364 0.000376
0.001372 0.000365
0.001338 0.000423
0.001353 0.000283
0.001344 0.000556
0.001365 0.000458
0.001339 0.000431
0.001349 0.000399
0.001352 0.000334
0.001336 0.000428
0.001343 0.000454
0.001354 0.000602
0.001362 0.000276
0.001362 0.000321
0.001351 0.000468
0.001342 0.000445
0.001354 0.000301
0.00135 0.000422
0.001374 0.000511
0.001349 0.000427
0.001364 0.000551
0.002948 0.00058
0.00223 0.001122
0.002107 0.000374
0.001186 0.000392
0.001124 0.000471
0.00136 0.000601
0.00135 0.000541
0.001337 0.000544
0.001371 0.000291
0.00136 0.000277
0.001355 0.000324
0.001362 0.000463
0.001346 0.000464
0.001329 0.000205
0.001342 0.000309
0.001357 0.000208
0.001347 0.00038
0.001368 0.000228
0.001372 0.000261
0.001342 0.000514
0.001364 0.000854
0.00209 0.000459
0.002157 0.000759
0.002243 0.000662
0.003007 0.000923
0.002226 0.000435
0.001366 0.000601
0.001349 0.00035
0.001371 0.000425
0.001354 0.000388
0.001353 0.00035
0.001361 0.000352
0.001353 0.000574
0.001353 0.000643
0.001355 0.000489
0.001347 0.000424
0.001377 0.00042
0.001351 0.000429
0.001363 0.000333
0.001341 0.000389
0.001354 0.000464
0.00135 0.000304
0.001368 0.000383
0.001339 0.00055
0.001367 0.0004
0.001354 0.000411
0.001348 0.000549
0.001337 0.000468
0.001347 0.000388
0.001341 0.000499
0.001366 0.000477
0.001332 0.000266
0.001362 0.000429
0.001343 0.000319
0.001455 0.000549
0.001829 0.000389
0.001549 0.000472
0.001852 0.000353
0.001612 0.000183
0.001419 0.00039
0.001371 0.000421
0.001347 0.000589
0.001397 0.000611
0.001399 0.000565
0.001352 0.000312
0.001385 0.000444
0.001338 0.000392
0.00133 0.000538
0.00152 0.000589
0.001358 0.000499
0.001374 0.00064
0.001464 0.000367
0.001378 0.000293
0.00138 0.000275
0.001348 0.00043
0.001356 0.000382
0.001344 0.000438
0.001345 0.000312
0.001336 0.000437
0.00135 0.000589
0.001359 0.000277
0.001359 0.000352
0.001343 0.000288
0.001343 0.00043
0.001348 0.000435
0.001357 0.000308
0.001354 0.000338
0.001343 0.000346
0.001334 0.0006
0.001348 0.000413
0.001367 0.000459
0.001343 0.000445
0.001368 0.000512
0.001353 0.000597
0.001357 0.000554
0.002499 0.000324
0.002341 0.000658
0.002377 0.000579
0.002257 0.000876
0.001993 0.000579
0.001349 0.000339
0.001354 0.000398
0.001349 0.000337
0.001354 0.000411
0.00135 0.000522
0.001341 0.000298
0.001377 0.000584
0.00135 0.000433
0.001366 0.000472
0.001343 0.000333
0.001288 0.000275
0.001223 0.000561
0.00136 0.000422
0.001352 0.000312
0.001353 0.000356
0.001338 0.000276
0.001359 0.00031
0.00135 0.000337
0.001354 0.000408
0.001345 0.000305
0.001356 0.000438
0.001328 0.000361
0.001348 0.000344
0.001351 0.000406
0.001376 0.000614
0.001365 0.000263
0.001383 0.000408
0.001345 0.000407
0.001371 0.000407
0.001343 0.000338
0.001359 0.000428
0.001352 0.000411
0.001375 0.000362
0.001339 0.000344
0.001365 0.000518
0.001342 0.000386
0.001375 0.000384
0.001342 0.000475
0.001345 0.000578
0.001347 0.000224
0.001413 0.000385
0.001367 0.000395
0.001364 0.000342
0.001446 0.000562
0.00142 0.000549
0.001424 0.000398
0.001376 0.000329
0.001346 0.000364
0.001347 0.000428
0.001381 0.000234
0.001348 0.000386
0.001349 0.000304
0.001354 0.000443
0.001335 0.000317
0.00135 0.000289
0.001363 0.000212
0.001383 0.000471
0.001373 0.000553
0.00136 0.000476
0.001343 0.000317
0.001343 0.000425
0.00135 0.000296
0.001347 0.000359
0.001446 0.000361
0.001382 0.000284
0.001413 0.000403
0.001414 0.000366
0.001353 0.000274
0.001435 0.000395
0.001346 0.000408
0.001375 0.000539
0.001757 0.000335
0.001347 0.000414
0.001519 0.000385
0.001562 0.000334
0.001354 0.000508
0.001379 0.000405
0.001719 0.000515
0.001346 0.000418
0.001815 0.000474
0.001758 0.000308
0.001374 0.000561
0.001635 0.000504
0.001363 0.000398
0.001353 0.000578
0.001351 0.000434
0.001358 0.000327
0.001362 0.000486
0.00135 0.000474
0.001339 0.000374
0.001358 0.000569
0.001352 0.000207
0.001385 0.000273
0.001354 0.000432
0.00136 0.000254
0.001358 0.000295
0.001357 0.000304
0.001348 0.000532
0.001363 0.000332
0.001483 0.000565
0.00182 0.000521
0.001812 0.000306
0.001702 0.000435
0.0018 0.000476
0.001365 0.000412
0.001479 0.000515
0.001793 0.000339
0.00136 0.000254
0.001813 0.000394
0.00168 0.000316
0.001368 0.000509
0.001801 0.000363
0.00155 0.00039
0.001377 0.000417
0.001363 0.000599
0.001362 0.000446
0.001345 0.000271
0.001346 0.000448
0.001356 0.000345
0.001343 0.00045
0.001328 0.000457
0.001347 0.000355
0.001292 0.000309
0.001223 0.000453
0.001124 0.000438
0.00134 0.000511
0.001372 0.000577
0.001337 0.000443
0.001371 0.000371
0.001348 0.000361
0.001358 0.000542
0.001345 0.000339
0.001372 0.000377
0.001334 0.000297
0.001373 0.000621
0.00143 0.000365
0.001384 0.000436
0.001361 0.000529
0.001362 0.000685
0.00147 0.000394
0.00136 0.000266
0.001456 0.000345
0.001432 0.000476
0.001358 0.000438
0.001459 0.000388
0.001624 0.000369
0.001375 0.000451
0.001355 0.000381
0.001353 0.000366
0.001374 0.000234
0.001342 0.000333
0.001334 0.000368
0.001368 0.000542
0.001336 0.000274
0.001363 0.000627
0.001373 0.000641
0.00134 0.000425
0.001349 0.000414
0.001339 0.000406
0.001344 0.000455
0.001342 0.000406
0.001342 0.000386
0.001347 0.000459
0.001359 0.000401
0.001348 0.000422
0.001348 0.000531
0.001358 0.000452
0.001349 0.000434
0.001343 0.000284
0.001344 0.000516
0.001435 0.000364
0.001367 0.000354
0.00135 0.0004
0.001348 0.000387
0.001365 0.000382
0.001355 0.000448
0.001361 0.00041
0.001349 0.000326
0.001331 0.000392
0.001335 0.00021
0.001341 0.000457
0.00135 0.00047
0.001358 0.000377
0.001363 0.000457
0.00136 0.000419
0.001347 0.000389
0.001367 0.000632
0.001348 0.00047
0.001347 0.000462
0.001346 0.000493
0.001387 0.000291
0.00136 0.000284
0.001362 0.000611
0.001365 0.000478
0.001384 0.000592
0.001336 0.000289
0.00136 0.000485
0.001348 0.000352
0.001369 0.00047
0.001367 0.000475
0.001374 0.000422
0.001379 0.000514
0.001375 0.000271
0.001356 0.000285
0.001349 0.000247
0.001347 0.000506
0.00139 0.000544
0.001352 0.000474
0.001378 0.000573
0.001343 0.000317
0.001397 0.000299
0.001351 0.000413
0.001357 0.00058
0.00135 0.000645
0.001362 0.00031
0.001348 0.000345
0.001352 0.000301
0.001372 0.000425
0.001348 0.000418
0.001344 0.000365
0.001361 0.000541
0.001358 0.000434
0.001363 0.000326
0.001343 0.000409
0.001338 0.000363
0.001353 0.000511
0.001352 0.000562
0.001347 0.000619
0.001359 0.000404
0.00137 0.000374
0.001358 0.000552
0.001355 0.000456
0.001358 0.000351
0.001338 0.000269
0.001337 0.0004
0.001357 0.000316
0.001349 0.000391
0.001338 0.000324
0.001122 0.000357
0.001195 0.000465
0.001347 0.000269
0.001363 0.000403
0.001348 0.000414
0.00135 0.000309
0.001337 0.00056
0.001354 0.000255
0.001375 0.000374
0.001345 0.000308
0.00133 0.000445
0.001336 0.000567
0.001366 0.00026
0.001346 0.000404
0.001375 0.000442
0.001413 0.00026
0.001358 0.000427
0.001361 0.000389
0.001359 0.000209
0.001344 0.000452
0.001372 0.000429
0.001364 0.000453
0.001363 0.000352
0.00136 0.000439
0.001352 0.00036
0.001347 0.000328
0.001349 0.000241
0.001357 0.000434
0.001369 0.000448
0.001353 0.000581
0.00136 0.000346
0.001358 0.000486
0.00136 0.000469
0.001346 0.000487
0.001354 0.000383
0.001341 0.000299
0.001349 0.000442
0.001361 0.000574
0.001359 0.000463
0.001358 0.000271
0.001347 0.000446
0.001351 0.00029
0.001344 0.000352
0.001356 0.000389
0.001347 0.0004
0.00137 0.000322
0.001354 0.000232
0.001345 0.000422
0.001341 0.000273
0.001352 0.000295
0.001368 0.00034
0.001348 0.000377
0.001329 0.000328
0.001367 0.000309
0.001357 0.000288
0.001356 0.000613
0.001502 0.000423
0.001355 0.000251
0.001344 0.000281
0.001336 0.000666
0.001359 0.000427
0.001366 0.000587
0.001366 0.000401
0.001345 0.000282
0.001345 0.000766
0.001367 0.000551
0.001418 0.000408
0.00135 0.000302
0.001353 0.000432
0.001347 0.000545
0.001372 0.000322
0.001342 0.00051
0.001378 0.000412
0.00139 0.000475
0.00136 0.000289
0.001348 0.000385
0.001352 0.000279
0.001369 0.000436
0.001351 0.000361
0.001342 0.000329
0.001362 0.000326
0.00136 0.000334
0.001364 0.000374
0.001352 0.000444
0.002039 0.000378
0.001357 0.000367
0.001354 0.000554
0.002612 0.000527
0.001357 0.000384
0.001812 0.00057
0.001615 0.000634
0.001348 0.000317
0.001378 0.000371
0.001368 0.000404
0.001354 0.000418
0.001358 0.000347
0.001366 0.000387
0.001338 0.000505
0.001363 0.00041
0.001343 0.000441
0.00135 0.000403
0.001348 0.000361
0.001364 0.000302
0.001336 0.000288
0.001359 0.000392
0.001394 0.000401
0.001362 0.000438
0.00136 0.000534
0.00136 0.00041
0.001343 0.000277
0.001372 0.000333
0.001378 0.000319
0.001354 0.000611
0.001362 0.000468
0.001236 0.00039
0.001116 0.000338
0.001133 0.000412
0.001332 0.000311
0.001355 0.000321
0.001351 0.000245
0.001364 0.000448
0.00135 0.000437
0.001363 0.000293
0.001343 0.000508
0.001371 0.000399
0.001363 0.000423
0.001357 0.000405
0.001347 0.000309
0.001506 0.000554
0.00138 0.000425
0.001418 0.000398
0.001349 0.000478
0.00138 0.000428
0.001337 0.000479
0.001364 0.000618
0.001349 0.000255
0.001386 0.000559
0.001352 0.00026
0.001401 0.000427
0.001359 0.000401
0.001373 0.000384
0.001369 0.000317
0.001357 0.000378
0.001356 0.000249
0.001365 0.000404
0.001355 0.000355
0.001351 0.00054
0.001343 0.000418
0.001382 0.000362
0.001356 0.000559
0.001371 0.000354
0.001345 0.000325
0.001346 0.000454
0.001356 0.000277
0.001363 0.000289
0.001362 0.000379
0.001358 0.000477
0.001346 0.000396
0.001359 0.00035
0.001356 0.000367
0.001361 0.000334
0.001349 0.000466
0.001348 0.00044
0.001356 0.000486
0.001382 0.000596
0.001341 0.000377
0.001366 0.000362
0.001349 0.00032
0.001355 0.000344
