0.041562 0.000298
0.041887 0.000341
0.041515 0.000272
0.039426 0.000438
0.040838 0.00024
0.040668 0.000473
0.04109 0.000254
0.040652 0.000432
0.038981 0.000479
0.041882 0.000452
0.057324 0.000233
0.041392 0.000466
0.040892 0.000394
0.045384 0.000473
0.053407 0.000257
0.038518 0.000463
0.041895 0.000254
0.042252 0.000477
0.046126 0.000465
0.049869 0.000487
0.040524 0.000464
0.041438 0.00047
0.040703 0.000243
0.057568 0.000331
0.040706 0.000374
0.040523 0.00035
0.040786 0.000274
0.040042 0.000314
0.050672 0.000448
0.040794 0.000257
0.041135 0.000324
0.041236 0.00032
0.039435 0.000198
0.040621 0.000485
0.04548 0.000303
0.041718 0.000494
0.042005 0.00049
0.041847 0.000484
0.04304 0.000397
0.044403 0.000477
0.041695 0.000468
0.041694 0.00035
0.058279 0.000185
0.04084 0.000465
0.040022 0.000289
0.04356 0.00025
0.040877 0.000438
0.040745 0.000464
0.040762 0.000394
0.040869 0.000468
0.040905 0.000344
0.041279 0.000476
0.04662 0.000157
0.040774 0.000464
0.041181 0.000464
0.042998 0.000451
0.040991 0.000452
0.045543 0.000271
0.041125 0.000417
0.041047 0.000244
0.041383 0.000388
0.041135 0.000244
0.039368 0.000423
0.040435 0.000209
0.040733 0.000301
0.045585 0.000464
0.043218 0.000161
0.040928 0.000417
0.041376 0.000284
0.04056 0.000159
0.04216 0.000243
0.041722 0.000403
0.039562 0.000397
0.040977 0.000391
0.04174 0.000449
0.061866 0.000254
0.048524 0.000271
0.041163 0.000326
0.040941 0.000421
0.041775 0.000416
0.041386 0.000518
0.052044 0.000138
0.041128 0.000485
0.043774 0.000411
0.061461 0.000543
0.060175 0.000427
0.060312 0.000308
0.060851 0.000599
0.059931 0.000413
0.061251 0.000159
0.060291 0.000317
0.054863 0.000296
0.053938 0.000406
0.040918 0.000471
0.041216 0.000473
0.040721 0.000239
0.042136 0.000306
0.04115 0.000452
0.038777 0.00024
0.041789 0.000437
0.041701 0.000249
0.041657 0.000374
0.041064 0.000463
0.040869 0.000371
0.043692 0.000277
0.053299 0.000423
0.045998 0.000223
0.04189 0.000475
0.041725 0.000262
0.041793 0.000249
0.049983 0.000441
0.042442 0.00025
0.04097 0.000467
0.040579 0.000439
0.054242 0.00045
0.040744 0.000394
0.041786 0.000426
0.046502 0.00021
0.040524 0.000233
0.041016 0.000467
0.041788 0.000198
0.040051 0.000246
0.04192 0.000372
0.041886 0.000465
0.045296 0.000445
0.040624 0.000469
0.040941 0.000402
0.040762 0.00036
0.041996 0.000648
0.042264 0.000476
0.041684 0.000344
0.041378 0.000419
0.040659 0.000445
0.040973 0.000439
0.041285 0.00042
0.040996 0.000264
0.041573 0.000254
0.041071 0.000252
0.041952 0.000404
0.039551 0.000475
0.041876 0.000459
0.042502 0.000365
0.041407 0.000356
0.04332 0.000469
0.039342 0.000244
0.040498 0.000456
0.050934 0.000469
0.041807 0.000432
0.040875 0.000604
0.055504 0.000312
0.041748 0.000412
0.040868 0.000267
0.041409 0.000446
0.040951 0.000408
0.039392 0.000459
0.041177 0.000467
0.041308 0.000473
0.042042 0.00027
0.040809 0.000416
0.040711 0.000467
0.041214 0.000476
0.040751 0.000201
0.038865 0.000302
0.040847 0.00033
0.041756 0.00048
0.042443 0.000458
0.041965 0.000469
0.040099 0.000477
0.040367 0.000208
0.041026 0.000403
0.04077 0.00032
0.040607 0.000417
0.040809 0.00028
0.040921 0.00018
0.042157 0.000418
0.044254 0.000269
0.0409 0.000339
0.040615 0.000276
0.040909 0.000415
0.040592 0.000366
0.040574 0.00044
0.041032 0.000173
0.041889 0.000257
0.040233 0.000363
0.04194 0.000441
0.042009 0.000192
0.041951 0.000282
0.042089 0.000192
0.039884 0.000344
0.043061 0.000469
0.041329 0.000268
0.041532 0.000383
0.041373 0.000307
0.040707 0.000188
0.035545 0.000161
0.041885 0.000353
0.042247 0.000455
0.041469 0.00023
0.041289 0.000233
0.04143 0.000231
0.042767 0.00012
0.038725 0.000328
0.040722 0.000481
0.041802 0.00029
0.041097 0.000309
0.040904 0.000363
0.0399 0.000355
0.042257 0.000253
0.040741 0.000423
0.040448 0.000329
0.041703 0.000374
0.040834 0.000283
0.041277 0.000253
0.041168 0.000139
0.039155 0.000481
0.040724 0.000324
0.04167 0.000383
0.040568 0.000397
0.042291 0.00028
0.040855 0.000243
0.042167 0.000195
0.040569 0.000232
0.041149 0.000241
0.040597 0.000464
0.040795 0.000335
0.04086 0.000357
0.041914 0.000402
0.039898 0.000225
0.04114 0.000243
0.040793 0.000262
0.040846 0.000232
0.041642 0.000443
0.042039 0.000343
0.041194 0.000264
0.04152 0.000385
0.038974 0.000467
0.041876 0.000348
0.041734 0.000266
0.040681 0.000468
0.041049 0.000273
0.041826 0.000279
0.042145 0.000394
0.041429 0.00048
0.039207 0.000301
0.044869 0.00045
0.04057 0.000255
0.041297 0.000283
0.040964 0.000469
0.040317 0.000245
0.041783 0.000313
0.040889 0.00043
0.040546 0.00016
0.040693 0.000456
0.042015 0.000459
0.042118 0.000426
0.040769 0.000464
0.040402 0.000475
0.041022 0.000474
0.040714 0.000504
0.054441 0.000492
0.052892 0.000416
0.052822 0.000295
0.052423 0.000297
0.047691 0.000454
0.053964 0.000398
0.051232 0.000343
0.053098 0.000282
0.047729 0.000448
0.052534 0.000507
0.051427 0.000506
0.052455 0.000532
0.05233 0.000479
0.05359 0.000439
0.052506 0.000375
0.055301 0.000541
0.05291 0.000531
0.053771 0.000395
0.052375 0.000537
0.054459 0.000411
0.05235 0.00026
0.049128 0.000534
0.054133 0.000524
0.050282 0.000424
0.052717 0.000535
0.046995 0.000399
0.053893 0.000365
0.048727 0.000466
0.053114 0.000496
0.052439 0.000537
0.052824 0.000549
0.052573 0.000177
0.054163 0.000489
0.052719 0.000557
0.054082 0.000523
0.054305 0.000405
0.054354 0.000493
0.052373 0.000203
0.054224 0.000335
0.053279 0.000366
0.046961 0.000305
0.052336 0.000224
0.047284 0.00055
0.052587 0.000486
0.048901 0.000225
0.052392 0.000518
0.053525 0.000548
0.052166 0.000319
0.053006 0.000462
0.053519 0.000531
0.052652 0.000503
0.053985 0.000472
0.053927 0.000273
0.053986 0.000296
0.054112 0.000376
0.053081 0.000551
0.052627 0.000444
0.052893 0.000293
0.053292 0.000342
0.047621 0.000385
0.052704 0.000308
0.046816 0.000374
0.052686 0.000255
0.050543 0.000543
0.053188 0.000314
0.052641 0.000507
0.053408 0.000533
0.056333 0.000687
0.060064 0.000428
0.06059 0.0003
0.060286 0.000574
0.05778 0.000259
0.06024 0.000343
0.040958 0.000167
0.041567 0.000254
0.04167 0.000224
0.042432 0.000233
0.042006 0.000392
0.040157 0.000327
0.041511 0.000239
0.0421 0.000487
0.04563 0.000467
0.042268 0.000381
0.039317 0.000619
0.052607 0.000474
0.042824 9.1e-05
0.045846 0.000461
0.042084 0.000327
0.040139 0.000218
0.042738 0.000553
0.046611 0.000465
0.043478 0.000254
0.042627 0.000375
0.040883 0.00048
0.042507 0.000391
0.041387 0.000329
0.042043 0.000253
0.04164 0.000348
0.040347 0.000493
0.041335 0.000346
0.041422 0.000311
0.042652 0.0003
0.046269 0.00047
0.040341 0.000307
0.041503 0.00044
0.041552 0.000461
0.041698 0.000488
0.041183 0.000456
0.041041 0.000322
0.041813 0.000312
0.044587 0.000447
0.039663 0.000337
0.042451 0.000487
0.041842 0.000427
0.043683 0.000267
0.057446 0.000485
0.043068 0.000294
0.042154 0.000478
0.042696 0.000426
0.046763 0.000276
0.041348 0.000282
0.041621 0.000471
0.049981 0.000381
0.043381 0.000306
0.041646 0.000386
0.041435 0.000485
0.043198 0.00047
0.04246 0.00045
0.039929 0.000275
0.041522 0.000416
0.041801 0.000399
0.041628 0.000488
0.043343 0.000242
0.041388 0.000452
0.042132 0.000469
0.042008 0.000383
0.040196 0.000468
0.043183 0.000356
0.046134 0.000488
0.042345 0.000324
0.041544 0.000474
0.03981 0.000493
0.044799 0.000224
0.041854 0.000471
0.058086 0.000472
0.048435 0.00048
0.040267 0.000269
0.041517 0.000476
0.041832 0.00039
0.043603 0.000253
0.042716 0.00019
0.042705 0.000249
0.04189 0.000466
0.047213 0.00032
0.042019 0.000459
0.041932 0.00039
0.040598 0.000273
0.041525 0.000362
0.041516 0.000378
0.04189 0.000409
0.043209 0.000479
0.040418 0.000247
0.042204 0.00043
0.04198 0.000356
0.056486 0.000325
0.05405 0.000266
0.055501 0.000519
0.053464 0.000413
0.05485 0.000218
0.053462 0.000569
0.054129 0.000533
0.054515 0.000475
0.050801 0.000519
0.054955 0.000343
0.053567 0.000482
0.051733 0.000257
0.053439 0.000254
0.052069 0.000367
0.053636 0.000525
0.053414 0.000215
0.053702 0.00044
0.053341 0.000497
0.054897 0.000552
0.053268 0.000226
0.054842 0.000486
0.054291 0.000632
0.054171 0.000449
0.054967 0.000202
0.054013 0.000354
0.053978 0.000403
0.050703 0.000284
0.053542 0.000508
0.050442 0.000525
0.053494 0.000486
0.048608 0.00035
0.053817 0.000321
0.051607 0.00053
0.053697 0.000186
0.047754 0.00054
0.053551 0.000517
0.052531 0.000444
0.053828 0.000241
0.05422 0.000331
0.053872 0.000296
0.055067 0.000324
0.054925 0.000274
0.053346 0.000268
0.054974 0.00046
0.053186 0.000552
0.055073 0.000477
0.05401 0.000537
0.054513 0.00054
0.053378 0.000427
0.054449 0.000536
0.053763 0.000504
0.051862 0.000334
0.05225 0.000535
0.053349 0.000419
0.055229 0.000199
0.047961 0.000497
0.053111 0.000442
0.051347 0.000487
0.055452 0.000287
0.062137 0.000558
0.056808 0.000503
0.049942 0.000358
0.054355 0.000252
0.051706 0.000536
0.05277 0.000479
0.051597 0.000412
0.054597 0.000544
0.051703 0.000443
0.054574 0.00056
0.05283 0.000344
0.050693 0.000405
0.041672 0.000459
0.039987 0.000367
0.040756 0.000252
0.041997 0.000479
0.040942 0.000526
0.041701 0.000237
0.039712 0.000307
0.04104 0.000341
0.040775 0.000293
0.040649 0.000408
0.041073 0.000376
0.041154 0.000463
0.041253 0.000227
0.040603 0.000256
0.03962 0.000361
0.042298 0.000448
0.042107 0.000439
0.040985 0.000356
0.04076 0.000438
0.039629 0.000489
0.041646 0.000481
0.040694 0.000186
0.041971 0.000345
0.041111 0.000238
0.041859 0.000467
0.04132 0.00032
0.040708 0.000464
0.039758 0.000404
0.040948 0.00047
0.040602 0.000365
0.042844 0.000295
0.040609 0.00033
0.038755 0.000469
0.041387 0.00041
0.040846 0.000469
0.04163 0.000216
0.040534 0.000408
0.040507 0.000418
0.042481 0.000192
0.040559 0.000318
0.040085 0.00047
0.04071 0.000428
0.041873 0.000459
0.041876 0.000297
0.040677 0.000481
0.038728 0.000298
0.040801 0.000473
0.040716 0.000459
0.040941 0.000433
0.041549 0.00046
0.041464 0.000432
0.040679 0.000407
0.041796 0.000445
0.040407 0.000273
0.0417 0.000442
0.04277 0.00045
0.041312 0.000488
0.042055 0.000487
0.038831 0.000465
0.040998 0.00035
0.043906 0.000265
0.041163 0.000471
0.040688 0.000463
0.039787 0.000411
0.040868 0.000377
0.041032 0.000464
0.04106 0.0002
0.04091 0.000465
0.039124 0.000475
0.040878 0.000316
0.040617 0.000334
0.040731 0.000312
0.040793 0.000373
0.041567 0.000261
0.041223 0.000453
0.040791 0.000478
0.03997 0.000273
0.040627 0.000233
0.040976 0.000295
0.041087 0.000223
0.040748 0.000472
0.039855 0.000492
0.040817 0.000465
0.041857 0.000368
0.041454 0.000366
0.040888 0.000468
0.041273 0.00033
0.041264 0.000251
0.041252 0.000268
0.040198 0.000281
0.040952 0.000485
0.042018 0.000397
0.040855 0.000283
0.040386 0.00033
0.046634 0.000301
0.045397 0.000533
0.041987 0.000316
0.041159 0.000477
0.041037 0.000465
0.042138 0.000403
0.041057 0.000221
0.0425 0.000366
0.041733 0.000508
0.042556 0.000422
0.040382 0.000382
0.041894 0.000501
0.04115 0.00029
0.041134 0.000517
0.053599 0.000429
0.041846 0.000283
0.058343 0.000468
0.038761 0.000285
0.041111 0.000474
0.040859 0.000478
0.04187 0.000345
0.040807 0.00045
0.040848 0.000123
0.042672 0.000207
0.040925 0.000705
0.041469 0.000185
0.040702 0.000467
0.040651 0.000341
0.040978 0.000309
0.042225 0.0002
0.040117 0.00038
0.041702 0.000283
0.04064 0.000391
0.042259 0.000462
0.041012 0.000443
0.03929 0.000453
0.044951 0.000378
0.04253 0.000395
0.059403 0.000392
0.041076 0.000283
0.040697 0.000332
0.042025 0.000465
0.040815 0.00033
0.04163 0.000351
0.040647 0.000384
0.040018 0.000467
0.041583 0.000835
0.043843 0.00031
0.041865 0.000395
0.040529 0.000169
0.038981 0.000211
0.040704 0.000475
0.041813 0.000339
0.040922 0.000434
0.040853 0.000462
0.04078 0.000288
0.041335 0.000414
0.041763 0.000322
0.039399 0.000458
0.041538 0.000153
0.04099 0.000332
0.04206 0.000336
0.040647 0.000453
0.038669 0.000441
0.040674 0.000481
0.044273 0.000367
0.041022 0.00035
0.040913 0.000396
0.048623 0.000368
0.043858 0.000402
0.048553 0.000325
0.041746 0.000285
0.042805 0.000239
0.041487 0.000478
0.062071 0.000193
0.039138 0.000387
0.040905 0.000482
0.041498 0.000186
0.041032 0.00043
0.040768 0.00048
0.040663 0.00047
0.042376 0.000324
0.04069 0.000276
0.039533 0.000382
0.040656 0.000317
0.041266 0.000264
0.041213 0.00036
0.040691 0.000416
0.040976 0.000465
0.04273 0.000105
0.041802 0.000401
0.033739 0.000386
0.040855 0.000383
0.039484 0.000359
0.040735 0.000467
0.040664 0.000456
0.040776 0.000437
0.04056 0.000475
0.040285 0.000481
0.041786 0.000401
0.040544 0.000268
0.039203 0.000274
0.04052 0.000439
0.040433 0.000474
0.041243 0.000399
0.040579 0.000359
0.040645 0.000355
0.040726 0.000471
0.040791 0.000331
0.038553 0.000286
0.041164 0.000466
0.040508 0.000452
0.040675 0.000275
0.040631 0.000453
0.041467 0.000459
0.041836 0.000309
0.041488 0.000199
0.040807 0.000396
0.040538 0.000355
0.041456 0.000476
0.042364 0.000481
0.040924 0.000249
0.039327 0.000377
0.041118 0.000142
0.041952 0.000595
0.051688 0.000239
0.040537 0.00041
0.039503 0.000284
0.041927 0.000394
0.041696 0.00039
0.042084 0.000473
0.04102 0.000562
0.059713 0.000319
0.042003 0.000621
0.060027 0.000354
0.048172 0.000288
0.040932 0.00046
0.040466 0.000407
0.040575 0.000359
0.040621 0.000472
0.04158 0.00018
0.041352 0.000431
0.041063 0.000258
0.04072 0.000382
0.042642 0.000474
0.04136 0.000407
0.040764 0.000206
0.046563 0.000226
0.041696 0.000484
0.051377 0.000469
0.041814 0.000462
0.047715 0.000376
0.045688 0.000259
0.040849 0.000357
0.04068 0.000239
0.041949 0.000439
0.041401 0.000439
0.039196 0.000282
0.040817 0.000457
0.040528 0.000435
0.040756 0.000196
0.053078 0.000472
0.040329 0.000243
0.041172 0.000373
0.042178 0.000212
0.04032 0.000296
0.04099 0.000474
0.040927 0.00038
0.041071 0.000359
0.040925 0.000459
0.039349 0.000476
0.04072 0.000472
0.0408 0.000199
0.040884 0.00045
0.040848 0.000259
0.040679 0.000395
0.040969 0.000458
0.040897 0.00034
0.041606 0.000296
0.040953 0.000353
0.040879 0.00046
0.041358 0.000136
0.041125 0.000256
0.040306 0.000534
0.041804 0.000473
0.042245 0.000401
0.040539 0.000487
0.040939 0.000465
0.041734 0.000343
0.042752 0.000226
0.043483 0.000483
0.042578 0.000464
0.040552 0.000463
0.04178 0.000389
0.040916 0.000209
0.043319 0.000244
0.041871 0.000291
0.041542 0.000467
0.04193 0.00025
0.043407 0.000264
0.040993 0.000466
0.040911 0.000427
0.041112 8.6e-05
0.041301 0.000267
0.04052 0.000463
0.04084 0.000364
0.040614 0.000314
0.041155 0.000415
0.04106 0.000474
0.038584 0.000665
0.041073 0.00048
0.040626 0.0003
0.041109 0.0004
0.041008 0.000461
0.041582 0.000441
0.041723 0.000196
0.041577 0.000167
0.039015 0.000247
0.040469 0.00029
0.04063 0.000473
0.04103 0.000257
0.041147 0.000243
0.039899 0.000382
0.040818 0.000291
0.041107 0.000578
0.040763 0.00044
0.041055 0.000295
0.040405 0.000311
0.040902 0.000486
0.040861 0.000444
0.040745 0.00024
0.041477 0.00044
0.040948 0.000396
0.041401 0.000459
0.0407 0.000444
0.040617 0.000471
0.041006 0.000291
0.040671 0.000427
0.03904 0.00033
0.041348 0.000412
0.04068 0.000355
0.040981 0.000342
0.040439 0.000359
0.04074 0.000377
0.041152 0.000386
0.041007 0.000444
0.03936 0.000454
0.040712 0.000145
0.041334 0.000216
0.041196 0.000261
0.041734 0.000448
0.039633 0.000453
0.042179 0.00027
0.040754 0.000331
0.041016 0.000278
0.04188 0.000383
0.040562 0.000258
0.041686 0.000218
0.040872 0.000387
0.03897 0.000449
0.040508 0.000462
0.04102 0.000467
0.041252 0.000485
0.04075 0.000453
0.040834 0.000472
0.041369 0.000178
0.040795 0.000487
0.03871 0.000449
0.040638 0.00037
0.040625 0.000259
0.040997 0.000378
0.040437 0.000411
0.039899 0.000609
0.041025 0.00015
0.040684 0.000394
0.041574 0.000336
0.041611 0.00019
0.041217 0.00048
0.041777 0.000153
0.040721 0.000154
0.038864 0.000244
0.040764 0.000432
0.041632 0.000248
0.041155 0.000445
0.041285 0.00049
0.040727 0.000338
0.041093 0.000344
0.042558 0.000235
0.039323 0.000445
0.040743 0.000434
0.040586 0.000164
0.040776 0.000149
0.041763 0.000393
0.039895 0.000587
0.040743 0.000338
0.040392 0.000354
0.04153 0.000472
0.040779 0.000322
0.040537 0.00046
0.041916 0.000246
0.04105 0.000266
0.039074 0.000466
0.040564 0.00044
0.040478 0.000177
0.041041 0.000101
0.041053 0.000215
0.040572 0.000468
0.041313 0.000471
0.040452 0.000298
0.039914 0.000113
0.040706 0.000408
0.041642 0.000245
0.040948 0.000469
0.04102 0.000323
0.039703 0.00039
0.040891 0.000378
0.040694 0.00026
0.040108 0.000226
0.041678 0.000441
0.041796 0.000299
0.041057 0.000269
0.040881 0.000415
0.040778 0.00049
0.041043 0.000409
0.04075 0.000227
0.041096 0.000427
0.040957 0.000266
0.041077 0.000383
0.042114 0.000231
0.040929 0.000436
0.038961 0.000439
0.040701 0.000437
0.04066 0.000421
0.04052 0.000471
0.040528 0.000468
0.040653 0.000292
0.041071 0.000481
0.040887 0.000289
0.040361 0.000426
0.040358 0.000173
0.042066 0.00037
0.04206 0.000478
0.040753 0.000484
0.0388 0.000332
0.041685 0.000193
0.040645 0.000391
0.041687 0.000468
0.043882 0.000185
0.040705 0.000236
0.042041 0.000597
0.060447 0.000468
0.040845 0.000474
0.042113 0.000291
0.04101 0.00022
0.040815 0.000378
0.033277 0.000335
0.040742 0.000188
0.039792 0.000275
0.040645 0.000458
0.040822 0.000366
0.040581 0.000272
0.040785 0.000265
0.040889 0.000471
0.041166 0.000458
0.040902 0.000385
0.038944 0.000278
0.040674 0.000238
0.040935 0.000465
0.040498 0.000427
0.040737 0.00046
0.041083 0.000432
0.041244 0.000442
0.040432 0.000389
0.039698 0.000467
0.040541 0.00032
0.040598 0.000388
0.040799 0.000465
0.040657 0.000361
0.040385 0.000328
0.042981 0.000247
0.042079 0.00026
0.040906 0.00043
0.041653 0.000487
0.041021 0.000369
0.041872 0.000481
0.040692 0.00045
0.039901 0.000324
0.041755 0.000217
0.041895 0.000472
0.042186 0.000421
0.041459 0.000387
0.038733 0.000249
0.041657 0.000468
0.040858 0.00023
0.041401 0.000389
0.04064 0.000249
0.042002 0.000444
0.040833 0.000324
0.040834 0.00023
0.039411 0.000473
0.040634 0.000473
0.041444 0.000241
0.040549 0.000453
0.040602 0.000317
0.04204 0.000312
0.041406 0.000414
0.040464 0.000242
0.038886 0.000333
0.040725 0.000457
0.040507 0.000469
0.04154 0.000475
0.040951 0.000295
