0.001386 1.6e-05

0.001255 7e-06

0.001278 7e-06

0.001269 4e-06

0.00127 3e-06

0.001328 6e-06

0.001241 3e-06

0.001227 3e-06

0.001232 4e-06

0.001248 3e-06

0.00124 5e-06

0.001254 4e-06

0.001239 4e-06

0.001292 1e-05

0.001317 5e-06

0.001239 4e-06

0.001235 4e-06

0.001234 4e-06

0.001237 6e-06

0.001501 3e-06

0.001239 4e-06

0.001247 4e-06

0.001234 3e-06

0.001211 4e-06

0.001219 4e-06

0.001251 3e-06

0.001248 3e-06

0.001279 7e-06

0.001243 3e-06

0.001242 3e-06

0.001386 6e-06

0.00132 3e-06

0.001246 3e-06

0.00123 3e-06

0.001247 4e-06

0.001226 3e-06

0.001246 2e-06

0.001205 3e-06

0.001284 3e-06

0.00124 3e-06

0.001227 3e-06

0.001206 3e-06

0.001265 3e-06

0.001238 3e-06

0.001253 3e-06

0.001328 3e-06

0.00121 3e-06

0.001216 3e-06

0.001238 3e-06

0.001223 3e-06

0.001201 3e-06

0.001211 3e-06

0.00121 3e-06

0.001235 5e-06

0.001247 3e-06

0.00124 3e-06

0.00125 3e-06

0.001242 3e-06

0.001246 2e-06

0.001239 3e-06

0.001207 3e-06

0.001205 5e-06

0.001241 3e-06

0.001322 4e-06

0.001223 2e-06

0.001227 3e-06

0.001204 3e-06

0.001248 2e-06

0.001257 3e-06

0.001245 3e-06

0.001239 3e-06

0.001239 3e-06

0.001478 6e-06

0.001347 9e-06

0.001726 9e-06

0.00131 7e-06

0.001304 1e-05

0.001349 9e-06

0.001611 9e-06

0.001835 1.3e-05

0.001874 1.2e-05

0.001304 1.1e-05

0.001296 1.4e-05

0.001588 9e-06

0.001545 8e-06

0.001294 1.2e-05

0.001349 1.2e-05

0.001338 1.5e-05

0.001711 1e-05

0.001649 8e-06

0.001506 7e-06

0.001292 7e-06

0.001338 1.1e-05

0.001518 7e-06

0.001863 1.1e-05

0.001796 1e-05

0.001313 9e-06

0.001541 8e-06

0.001326 9e-06

0.001443 9e-06

0.001484 1e-05

0.001637 8e-06

0.001267 3e-06

0.001252 4e-06

0.001267 9e-06

0.00187 8e-06

0.001281 6e-06

0.001299 1e-05

0.001811 1e-05

0.001297 9e-06

0.001584 8e-06

0.001264 1.2e-05

0.001275 1.7e-05

0.001762 1e-05

0.001858 9e-06

0.001876 9e-06

0.001918 1.1e-05

0.001866 9e-06

0.001848 1.1e-05

0.001905 7e-06

0.001873 4e-06

0.001823 9e-06

0.00179 7e-06

0.00132 6e-06

0.00123 4e-06

0.001241 7e-06

0.001286 6e-06

0.001241 6e-06

0.001273 6e-06

0.001278 9e-06

0.00127 5e-06

0.001275 5e-06

0.001229 4e-06

0.001265 5e-06

0.001244 5e-06

0.001254 5e-06

0.001275 5e-06

0.001253 5e-06

0.001245 9e-06

0.001246 5e-06

0.001262 3e-06

0.001693 8e-06

0.001841 8e-06

0.001345 1.2e-05

0.001852 1.2e-05

0.001732 1.2e-05

0.001826 2e-05

0.001661 1.4e-05

0.001594 1.1e-05

0.001364 6e-06

0.001265 3e-06

0.00123 4e-06

0.001735 4e-06

0.00135 3e-06

0.001249 3e-06

0.001656 1.3e-05

0.001628 1.7e-05

0.001815 1.4e-05

0.001808 1.8e-05

0.001823 1.1e-05

0.001775 1.1e-05

0.001831 1e-05

0.00186 1e-05

0.001819 7e-06

0.00129 7e-06

0.001262 8e-06

0.001306 1e-05

0.001282 9e-06

0.001625 7e-06

0.00124 5e-06

0.001264 6e-06

0.001241 5e-06

0.001238 5e-06

0.00128 4e-06

0.001261 3e-06

0.00133 5e-06

0.001309 3e-06

0.00124 4e-06

0.001232 3e-06

0.001241 4e-06

0.001245 3e-06

0.001232 2e-06

0.001423 5e-06

0.001263 3e-06

0.00128 4e-06

0.001227 4e-06

0.001222 4e-06

0.001266 3e-06

0.001212 4e-06

0.001234 3e-06

0.001214 3e-06

0.001234 3e-06

0.001215 3e-06

0.001233 3e-06

0.001215 3e-06

0.001261 3e-06

0.001316 3e-06

0.001223 3e-06

0.001254 3e-06

0.001201 3e-06

0.001206 3e-06

0.001191 3e-06

0.001207 2e-06

0.001228 4e-06

0.001309 4e-06

0.001199 3e-06

0.001208 3e-06

0.001256 3e-06

0.00132 4e-06

0.001276 3e-06

0.001315 3e-06

0.00121 3e-06

0.001256 4e-06

0.001191 3e-06

0.001206 4e-06

0.001223 3e-06

0.001208 4e-06

0.00124 3e-06

0.001239 3e-06

0.001235 3e-06

0.001255 3e-06

0.00131 3e-06

0.001254 3e-06

0.001384 3e-06

0.001248 3e-06

0.001328 3e-06

0.001216 3e-06

0.001203 4e-06

0.001232 3e-06

0.001195 3e-06

0.001238 1.6e-05

0.001193 3e-06

0.001296 3e-06

0.001226 3e-06

0.001671 7e-06

0.001568 4e-06

0.001546 1e-05

0.00131 7e-06

0.001263 5e-06

0.001243 5e-06

0.001264 5e-06

0.001249 4e-06

0.001244 5e-06

0.001235 4e-06

0.001245 4e-06

0.001402 4e-06

0.001233 3e-06

0.001299 3e-06

0.00126 3e-06

0.001248 2e-06

0.001296 3e-06

0.001227 3e-06

0.001206 4e-06

0.00121 3e-06

0.00121 3e-06

0.001194 3e-06

0.001247 3e-06

0.001271 3e-06

0.001226 3e-06

0.001214 3e-06

0.001255 3e-06

0.001233 3e-06

0.001366 8e-06

0.001282 5e-06

0.001239 4e-06

0.001241 3e-06

0.001241 4e-06

0.001237 3e-06

0.001233 3e-06

0.00123 3e-06

0.00126 3e-06

0.001235 3e-06

0.001287 4e-06

0.00121 3e-06

0.001221 4e-06

0.00124 3e-06

0.001264 5e-06

0.001253 4e-06

0.001246 4e-06

0.001232 3e-06

0.001207 3e-06

0.001207 3e-06

0.001218 3e-06

0.00129 3e-06

0.001262 3e-06

0.001277 3e-06

0.001239 3e-06

0.001198 4e-06

0.001217 3e-06

0.001243 3e-06

0.00125 3e-06

0.001214 3e-06

0.001246 3e-06

0.001202 3e-06

0.001207 3e-06

0.0012 3e-06

0.001204 3e-06

0.001232 3e-06

0.001205 3e-06

0.001238 3e-06

0.001208 3e-06

0.001251 3e-06

0.001233 2e-06

0.001285 3e-06

0.001284 3e-06

0.001229 3e-06

0.00124 4e-06

0.001206 3e-06

0.001216 3e-06

0.001197 3e-06

0.001219 3e-06

0.001199 3e-06

0.001204 3e-06

0.001228 2e-06

0.001244 3e-06

0.001242 2e-06

0.0013 9e-06

0.001383 4e-06

0.001256 3e-06

0.001253 3e-06

0.001208 3e-06

0.001199 4e-06

0.001248 3e-06

0.001205 3e-06

0.001208 3e-06

0.001198 3e-06

0.001205 2e-06

0.001227 4e-06

0.001313 4e-06

0.001246 3e-06

0.001252 3e-06

0.001199 4e-06

0.00126 3e-06

0.001199 3e-06

0.001209 3e-06

0.001227 3e-06

0.001304 4e-06

0.001245 4e-06

0.001216 2e-06

0.0012 3e-06

0.001228 3e-06

0.001236 3e-06

0.001216 3e-06

0.001201 3e-06

0.001284 4e-06

0.001206 3e-06

0.001217 3e-06

0.001195 3e-06

0.001205 3e-06

0.00123 3e-06

0.001205 3e-06

0.001225 3e-06

0.001239 2e-06

0.001298 3e-06

0.001245 3e-06

0.00123 3e-06

0.00121 3e-06

0.001222 3e-06

0.001287 3e-06

0.001203 3e-06

0.001222 3e-06

0.001207 3e-06

0.001203 4e-06

0.001195 3e-06

0.001326 4e-06

0.001189 3e-06

0.001296 4e-06

0.001218 3e-06

0.001235 3e-06

0.001217 3e-06

0.001195 4e-06

0.001234 3e-06

0.001245 3e-06

0.001211 3e-06

0.00121 3e-06

0.001218 5e-06

0.001306 4e-06

0.001254 5e-06

0.001256 3e-06

0.00124 3e-06

0.001213 3e-06

0.00122 3e-06

0.001195 4e-06

0.001204 3e-06

0.001234 3e-06

0.001269 3e-06

0.001199 3e-06

0.001224 3e-06

0.001216 2e-06

0.001241 4e-06

0.00136 6e-06

0.001249 4e-06

0.001349 3e-06

0.001318 3e-06

0.001232 3e-06

0.00121 2e-06

0.001326 4e-06

0.001211 3e-06

0.001257 4e-06

0.001197 3e-06

0.001204 4e-06

0.001212 3e-06

0.001236 3e-06

0.001198 3e-06

0.001224 5e-06

0.001203 3e-06

0.001202 3e-06

0.001199 4e-06

0.001239 3e-06

0.001207 2e-06

0.001211 3e-06

0.001236 2e-06

0.001214 3e-06

0.001197 3e-06

0.00122 3e-06

0.001258 3e-06

0.001249 3e-06

0.00125 3e-06

0.001291 3e-06

0.001189 3e-06

0.001214 3e-06

0.001229 3e-06

0.001229 3e-06

0.001207 3e-06

0.001233 3e-06

0.001226 4e-06

0.0013 4e-06

0.001235 3e-06

0.001206 3e-06

0.001202 3e-06

0.001213 3e-06

0.001201 3e-06

0.001222 3e-06

0.001192 3e-06

0.001234 3e-06

0.00127 4e-06

0.001208 3e-06

0.00123 3e-06

0.00122 3e-06

0.001267 3e-06

0.001246 3e-06

0.001243 4e-06

0.001279 3e-06

0.001194 2e-06

0.001236 4e-06

0.001236 4e-06

0.001276 3e-06

0.001198 3e-06

0.001234 3e-06

0.001218 3e-06

0.001229 3e-06

0.001217 3e-06

0.00123 4e-06

0.001298 3e-06

0.00125 3e-06

0.001263 2e-06

0.001228 3e-06

0.00122 3e-06

0.001229 4e-06

0.001247 3e-06

0.001242 2e-06

0.001237 3e-06

0.001221 3e-06

0.00121 3e-06

0.001225 3e-06

0.001225 3e-06

0.001241 3e-06

0.001238 3e-06

0.001306 4e-06

0.001207 3e-06

0.001264 3e-06

0.0012 4e-06

0.001383 9e-06

0.00124 4e-06

0.001234 3e-06

0.001189 2e-06

0.001232 3e-06

0.001246 4e-06

0.001327 3e-06

0.001236 4e-06

0.001326 4e-06

0.001203 3e-06

0.001238 3e-06

0.001219 3e-06

0.001197 3e-06

0.001227 2e-06

0.001199 3e-06

0.001187 3e-06

0.001206 3e-06

0.0012 2e-06

0.001209 4e-06

0.001203 3e-06

0.001237 3e-06

0.001236 4e-06

0.001241 3e-06

0.001215 3e-06

0.001214 3e-06

0.001255 3e-06

0.001241 2e-06

0.001202 3e-06

0.001264 3e-06

0.001197 3e-06

0.001207 3e-06

0.001207 3e-06

0.001266 3e-06

0.001233 2e-06

0.001238 3e-06

0.00129 3e-06

0.001214 3e-06

0.001218 3e-06

0.001207 3e-06

0.0012 4e-06

0.001229 3e-06

0.001196 4e-06

0.001203 3e-06

0.001211 3e-06

0.001209 3e-06

0.001207 3e-06

0.00125 3e-06

0.001206 3e-06

0.001263 3e-06

0.001268 3e-06

0.00122 3e-06

0.001205 3e-06

0.001204 3e-06

0.0012 3e-06

0.001205 3e-06

0.0012 3e-06

0.001242 3e-06

0.001241 3e-06

0.001237 3e-06

0.001201 3e-06

0.001216 3e-06

0.001202 9e-06

0.00127 1.9e-05

0.001207 3e-06

0.001248 3e-06

0.001203 3e-06

0.001207 2e-06

0.001224 3e-06

0.001248 4e-06

0.001225 3e-06

0.001235 3e-06

0.001213 3e-06

0.001215 3e-06

0.001201 4e-06

0.001206 2e-06

0.001198 3e-06

0.001236 3e-06

0.001227 3e-06

0.001261 3e-06

0.001205 2e-06

0.001237 3e-06

0.001208 3e-06

0.001246 3e-06

0.00123 3e-06

0.001202 3e-06

0.001206 3e-06

0.001213 3e-06

0.001214 3e-06

0.001208 3e-06

0.001252 7e-06

0.001267 3e-06

0.001234 3e-06

0.001273 3e-06

0.001231 3e-06

0.001235 3e-06

0.00124 3e-06

0.001229 3e-06

0.001191 2e-06

0.001209 3e-06

0.001203 2e-06

0.001212 3e-06

0.00121 3e-06

0.001241 3e-06

0.001247 3e-06

0.001289 3e-06

0.001223 3e-06

0.001207 3e-06

0.001207 3e-06

0.001207 3e-06

0.00121 2e-06

0.001248 3e-06

0.001208 3e-06

0.00121 2e-06

0.001206 2e-06

0.001267 3e-06

0.001205 3e-06

0.001247 3e-06

0.00121 3e-06

0.001221 3e-06

0.001211 3e-06

0.001206 3e-06

0.001203 3e-06

0.001238 4e-06

0.001187 4e-06

0.00121 4e-06

0.001204 3e-06

0.001239 3e-06

0.001231 3e-06

0.001261 3e-06

0.001206 3e-06

0.001208 2e-06

0.00123 3e-06

0.001218 3e-06

0.001207 3e-06

0.001214 3e-06

0.0012 3e-06

0.001242 3e-06

0.001424 4e-06

0.001212 2e-06

0.001231 4e-06

0.001231 3e-06

0.001227 3e-06

0.001209 2e-06

0.001214 3e-06

0.001245 3e-06

0.001297 3e-06

0.001242 4e-06

0.001198 2e-06

0.001206 3e-06

0.001261 3e-06

0.001215 4e-06

0.001198 3e-06

0.001245 2e-06

0.001234 3e-06

0.001205 3e-06

0.00119 3e-06

0.001314 3e-06

0.001208 3e-06

0.00123 4e-06

0.001206 3e-06

0.001381 4e-06

0.001205 3e-06

0.00123 4e-06

0.001205 3e-06

0.001243 3e-06

0.001237 3e-06

0.001199 2e-06

0.001193 3e-06

0.001202 3e-06

0.001206 3e-06

0.001202 3e-06

0.001235 3e-06

0.001248 3e-06

0.00121 3e-06

0.001255 3e-06

0.001236 4e-06

0.001248 5e-06

0.001203 3e-06

0.001423 8e-06

0.001237 5e-06

0.001237 3e-06

0.001293 4e-06

0.001232 4e-06

0.001215 3e-06

0.001238 3e-06

0.001234 3e-06

0.001234 3e-06

0.001296 3e-06

0.001207 2e-06

0.001209 3e-06

0.0013 3e-06

0.00123 3e-06

0.00125 3e-06

0.001208 3e-06

0.00122 3e-06

0.001206 3e-06

0.001228 3e-06

0.00123 2e-06

0.001204 3e-06

0.001233 3e-06

0.001239 4e-06

0.001209 3e-06

0.001233 3e-06

0.00124 3e-06

0.001248 3e-06

0.001337 4e-06

0.001294 3e-06

0.001196 3e-06

0.001363 4e-06

0.001228 3e-06

0.001233 3e-06

0.001201 3e-06

0.001195 3e-06

0.001317 3e-06

0.00123 3e-06

0.001261 3e-06

0.001241 3e-06

0.001261 3e-06

0.001249 3e-06

0.001193 3e-06

0.001215 3e-06

0.001194 3e-06

0.001208 3e-06

0.001218 3e-06

0.001208 4e-06

0.001196 3e-06

0.001245 4e-06

0.001237 3e-06

0.001206 3e-06

0.001214 3e-06

0.001216 3e-06

0.001202 3e-06

0.001284 5e-06

0.001203 3e-06

0.001211 2e-06

0.001219 3e-06

0.001211 3e-06

0.001203 3e-06

0.001217 2e-06

0.001254 3e-06

0.001273 3e-06

0.001231 3e-06

0.001215 3e-06

0.001181 2e-06

0.00121 3e-06

0.001207 3e-06

0.001249 4e-06

0.001201 3e-06

0.001203 3e-06

0.001232 2e-06

0.001216 4e-06

0.00126 4e-06

0.00125 3e-06

0.001242 3e-06

0.001305 3e-06

0.001329 3e-06

0.001212 3e-06

0.001202 3e-06

0.001232 2e-06

0.001197 4e-06

0.001666 1e-05

0.001262 5e-06

0.001249 3e-06

0.00123 3e-06

0.001202 4e-06

0.001255 3e-06

0.001264 3e-06

0.001254 4e-06

0.001247 3e-06

0.00124 3e-06

0.001208 3e-06

0.001201 3e-06

0.0012 3e-06

0.001226 3e-06

0.00121 3e-06

0.001191 3e-06

0.001196 3e-06

0.00123 3e-06

0.001269 5e-06

0.001233 3e-06

0.00126 3e-06

0.00131 4e-06

0.001228 3e-06

0.001196 3e-06

0.001208 3e-06

0.001234 3e-06

0.001202 4e-06

0.001198 3e-06

0.001247 3e-06

0.001203 3e-06

0.001235 2e-06

0.001222 4e-06

0.001249 3e-06

0.001199 4e-06

0.001239 3e-06

0.001203 3e-06

0.001207 3e-06

0.001201 3e-06

0.001217 3e-06

0.001207 2e-06

0.001226 3e-06

0.001205 3e-06

0.001234 3e-06

0.001231 3e-06

0.001204 3e-06

0.001201 3e-06

0.001204 4e-06

0.001262 4e-06

0.001246 4e-06

0.001207 3e-06

0.001208 3e-06

0.001199 3e-06

0.001226 3e-06

0.001254 3e-06

0.001241 5e-06

0.001249 3e-06

0.001247 3e-06

0.001199 3e-06

0.001195 3e-06

0.001206 3e-06

0.001202 2e-06

0.001202 3e-06

0.001283 3e-06

0.001223 3e-06

0.001264 3e-06

0.001237 3e-06

0.001264 3e-06

0.001206 3e-06

0.001201 3e-06

0.001196 3e-06

0.001209 4e-06

0.0012 3e-06

0.001222 4e-06

0.001203 4e-06

0.001534 7e-06

0.001253 4e-06

0.001242 4e-06

0.001238 3e-06

0.001249 4e-06

0.001243 3e-06

0.001243 3e-06

0.001266 3e-06

0.001232 4e-06

0.001233 4e-06

0.001227 3e-06

0.001226 4e-06

0.001238 4e-06

0.001224 3e-06

0.001231 3e-06

0.001235 5e-06

0.00127 4e-06

0.001235 3e-06

0.001245 3e-06

0.001229 4e-06

0.001206 3e-06

0.001198 3e-06

0.001206 4e-06

0.001198 3e-06

0.001211 3e-06

0.001246 3e-06

0.001203 3e-06

0.001201 3e-06

0.001254 3e-06

0.001309 3e-06

0.00124 3e-06

0.001194 2e-06

0.001202 3e-06

0.001228 3e-06

0.001245 4e-06

0.001203 3e-06

0.001202 3e-06

0.001214 3e-06

0.00121 2e-06

0.001276 5e-06

0.001208 3e-06

0.001206 3e-06

0.001198 3e-06

0.001198 3e-06

0.001203 3e-06

0.00124 3e-06

0.001207 3e-06

0.001242 2e-06

0.001224 3e-06

0.001236 3e-06

0.001209 4e-06

0.001204 3e-06

0.001201 3e-06

0.001204 3e-06

0.001212 3e-06

0.001272 3e-06

0.001235 4e-06

0.001208 3e-06

0.001209 3e-06

0.001211 3e-06

0.001242 3e-06

0.001229 3e-06

0.001223 3e-06

0.00124 4e-06

0.001214 3e-06

0.001232 3e-06

0.001214 3e-06

0.001202 3e-06

0.001198 2e-06

0.001236 3e-06

0.001239 3e-06

0.001248 3e-06

0.001223 3e-06

0.001201 3e-06

0.00121 3e-06

0.001205 4e-06

0.001228 3e-06

0.001208 2e-06

0.001209 2e-06

0.001196 2e-06

0.001209 3e-06

0.001256 3e-06

0.00121 2e-06

0.001272 4e-06

0.001282 5e-06

0.001253 3e-06

0.001206 3e-06

0.001234 2e-06

0.001205 3e-06

0.00119 3e-06

0.001212 3e-06

0.001196 3e-06

0.001206 3e-06

0.001196 3e-06

0.001214 3e-06

0.001236 3e-06

0.001225 3e-06

0.001213 3e-06

0.001281 3e-06

0.001206 3e-06

0.00121 3e-06

0.0012 2e-06

0.001245 4e-06

0.001225 3e-06

0.001205 3e-06

0.001193 3e-06

0.001249 3e-06

0.001204 4e-06

0.001215 3e-06

0.00122 3e-06

0.001198 4e-06

0.001212 3e-06

0.001237 3e-06

0.001201 3e-06

0.001206 3e-06

0.001199 3e-06

0.001237 4e-06

0.00126 4e-06

0.001236 3e-06

0.001235 2e-06

0.001208 3e-06

0.001193 4e-06

0.001204 3e-06

0.001248 3e-06

0.001239 3e-06

0.001223 3e-06

0.001265 4e-06

0.001237 3e-06

0.001242 3e-06

0.001226 3e-06

0.001245 1.6e-05

0.001251 2e-06

0.001206 2e-06

0.00119 3e-06

0.001205 2e-06

0.001215 3e-06

0.001216 4e-06

0.001202 3e-06

0.001214 3e-06

0.001279 4e-06

0.001301 3e-06

0.001205 2e-06

0.001207 3e-06

0.001235 3e-06

0.00123 3e-06

0.001207 4e-06

0.001208 3e-06

0.001212 4e-06

0.001205 3e-06

0.001195 3e-06

0.001207 4e-06

0.001266 4e-06

0.001235 4e-06

0.001243 4e-06

0.001214 3e-06

0.001198 3e-06

0.001203 3e-06

0.001246 4e-06

0.001214 3e-06

0.001205 3e-06

0.00121 3e-06

0.001195 2e-06

0.00126 3e-06

0.001228 3e-06

0.00125 3e-06

0.001248 3e-06

0.001237 3e-06

0.001219 3e-06

0.001206 3e-06

0.001198 3e-06

0.001201 2e-06

0.0012 3e-06

0.001202 2e-06

0.001196 3e-06

0.001247 3e-06

0.001259 3e-06

0.001232 4e-06

0.001215 3e-06

0.001214 3e-06

0.001218 3e-06

0.00121 3e-06

0.001204 3e-06

0.0012 3e-06

0.001216 3e-06

0.001236 3e-06

0.001258 3e-06

0.001235 3e-06

0.001231 3e-06

0.001249 4e-06

0.001203 3e-06

0.001208 3e-06

0.001206 3e-06

0.001206 4e-06

0.001204 2e-06

