0.043504 2.1e-05
0.042468 2.3e-05
0.04095 2.4e-05
0.04144 2.2e-05
0.041387 2.2e-05
0.042048 2.2e-05
0.041576 1.6e-05
0.039325 2e-05
0.04129 1.8e-05
0.041259 1.5e-05
0.041806 1.4e-05
0.041555 2e-05
0.041356 2e-05
0.041892 2.5e-05
0.041733 1.9e-05
0.039542 2.5e-05
0.041273 1.7e-05
0.041714 2.2e-05
0.041291 2.2e-05
0.04164 2.3e-05
0.04158 2.3e-05
0.04156 2.2e-05
0.041362 2.5e-05
0.03963 2.2e-05
0.041754 2.4e-05
0.041255 2.8e-05
0.041476 2.4e-05
0.042642 2.6e-05
0.041436 2e-05
0.042074 2.1e-05
0.04152 2.4e-05
0.03947 2.2e-05
0.041628 2.3e-05
0.041554 2.3e-05
0.041835 2.5e-05
0.041794 2.9e-05
0.040109 2.4e-05
0.041728 2.1e-05
0.041601 2.4e-05
0.041511 1.7e-05
0.041606 2.1e-05
0.041661 1.6e-05
0.041429 2.5e-05
0.041486 1.9e-05
0.039853 1.8e-05
0.041358 1.8e-05
0.041295 1.3e-05
0.041494 2.7e-05
0.041413 1.9e-05
0.041447 2.1e-05
0.042113 1.8e-05
0.041562 1.8e-05
0.039481 2.3e-05
0.04171 1.8e-05
0.041466 3.2e-05
0.041884 2.3e-05
0.0418 2.2e-05
0.041325 2.1e-05
0.041863 1.8e-05
0.041546 2e-05
0.039592 1.6e-05
0.041625 2.5e-05
0.041499 1.7e-05
0.042477 2.1e-05
0.041579 2e-05
0.039978 2.1e-05
0.041665 1.7e-05
0.041272 2.2e-05
0.041508 1.8e-05
0.041947 2e-05
0.041555 2.2e-05
0.041748 2.3e-05
0.042047 1.9e-05
0.039263 2e-05
0.041682 1.1e-05
0.041522 2e-05
0.04154 2.1e-05
0.041682 2.9e-05
0.040662 1.9e-05
0.041585 2.1e-05
0.041387 4.1e-05
0.041802 3.3e-05
0.041506 2.2e-05
0.041494 2.6e-05
0.042092 1.8e-05
0.041821 2.1e-05
0.039888 2.3e-05
0.041318 1.9e-05
0.041461 2.1e-05
0.041623 2.3e-05
0.041569 2.9e-05
0.041548 1.8e-05
0.042668 2.4e-05
0.041382 2.2e-05
0.039521 2.3e-05
0.042467 2.6e-05
0.041215 2e-05
0.041552 2.4e-05
0.042019 2.4e-05
0.041482 2.7e-05
0.04189 2.1e-05
0.041931 1.3e-05
0.040372 2e-05
0.041775 2.1e-05
0.04159 2.5e-05
0.041542 2.6e-05
0.041731 1.9e-05
0.040195 2.1e-05
0.041451 1.3e-05
0.041484 2.7e-05
0.041405 2.7e-05
0.041464 2.2e-05
0.04124 2.5e-05
0.041788 2.2e-05
0.041518 1.9e-05
0.03851 3e-05
0.041855 2e-05
0.041447 2.4e-05
0.041968 2.5e-05
0.041464 1.9e-05
0.048553 3.1e-05
0.041484 2.3e-05
0.041213 2.1e-05
0.041434 2e-05
0.041445 2.1e-05
0.041696 1.6e-05
0.042032 2.8e-05
0.041188 1.9e-05
0.040533 2e-05
0.041583 2.7e-05
0.041418 1.9e-05
0.041986 2.1e-05
0.041519 1.8e-05
0.040255 2.7e-05
0.041815 2.1e-05
0.041317 1.6e-05
0.041163 1.9e-05
0.041618 1.8e-05
0.041402 1.8e-05
0.042069 2.4e-05
0.041573 2.3e-05
0.040086 2.6e-05
0.041974 2e-05
0.041337 3e-05
0.04153 2e-05
0.041836 2.1e-05
0.04139 1.7e-05
0.042108 3.1e-05
0.042176 2.1e-05
0.040159 1.5e-05
0.041689 2e-05
0.041754 1.7e-05
0.041631 2.1e-05
0.041217 2.1e-05
0.041583 2.1e-05
0.042346 1.8e-05
0.041509 1.5e-05
0.040066 2.3e-05
0.041477 1.8e-05
0.04141 2e-05
0.041967 2e-05
0.041252 2.1e-05
0.04056 2.8e-05
0.042067 2e-05
0.041667 1.8e-05
0.039845 1.6e-05
0.041743 1.9e-05
0.041495 2e-05
0.04162 1.9e-05
0.041566 1.8e-05
0.04039 2e-05
0.043722 2e-05
0.041305 2.7e-05
0.041575 1.9e-05
0.042034 2e-05
0.041604 2.2e-05
0.041621 1.8e-05
0.041808 1.8e-05
0.040027 2.2e-05
0.041402 2.2e-05
0.041495 2e-05
0.041658 2e-05
0.041439 1.4e-05
0.041561 1.7e-05
0.042213 2.1e-05
0.041728 2e-05
0.041058 2e-05
0.041578 2e-05
0.041174 1.9e-05
0.041891 2.2e-05
0.041939 2.2e-05
0.039096 2e-05
0.041436 1.7e-05
0.041546 1.4e-05
0.041105 2.5e-05
0.041842 1.9e-05
0.041454 2.9e-05
0.04188 1.8e-05
0.042306 1.9e-05
0.039949 2.1e-05
0.042313 2.2e-05
0.04138 1.9e-05
0.041762 1.8e-05
0.041703 2.1e-05
0.042034 1.4e-05
0.042077 2.5e-05
0.041783 1.9e-05
0.040603 1.4e-05
0.041923 1.4e-05
0.04124 2.2e-05
0.042394 2.4e-05
0.041241 1.6e-05
0.039221 2.7e-05
0.041727 2.5e-05
0.042709 2.5e-05
0.041598 2.5e-05
0.041584 2.8e-05
0.041494 1.6e-05
0.04204 2.4e-05
0.041442 1.8e-05
0.041056 2.8e-05
0.042049 2.2e-05
0.041444 2.6e-05
0.042536 2.5e-05
0.04143 2.1e-05
0.041673 2.4e-05
0.04185 2.2e-05
0.04148 2e-05
0.039868 2.2e-05
0.041458 2.2e-05
0.041643 2.4e-05
0.042644 1.8e-05
0.041674 1.6e-05
0.039991 3e-05
0.042422 2.2e-05
0.041781 3.3e-05
0.041421 2.4e-05
0.041775 2.6e-05
0.041609 2e-05
0.041765 2.5e-05
0.041734 2.5e-05
0.039692 2.8e-05
0.0416 1.6e-05
0.041404 1.8e-05
0.041892 1.4e-05
0.041679 1.9e-05
0.041482 2e-05
0.04173 3.1e-05
0.041501 2e-05
0.040872 2.4e-05
0.042383 2.1e-05
0.041675 2.2e-05
0.041857 2e-05
0.041404 1.9e-05
0.040049 2.8e-05
0.041447 2.3e-05
0.042207 1.6e-05
0.041107 2e-05
0.041391 1.9e-05
0.041728 2.7e-05
0.041727 1.9e-05
0.04268 2.4e-05
0.039489 1.9e-05
0.041654 1.6e-05
0.041288 1.8e-05
0.041717 1.9e-05
0.041554 1.4e-05
0.042259 2.7e-05
0.042136 2e-05
0.041907 1.8e-05
0.039999 2.3e-05
0.04143 2e-05
0.04245 2.7e-05
0.042043 2e-05
0.041559 1.8e-05
0.040069 2.5e-05
0.041246 1.9e-05
0.042576 1.7e-05
0.041761 2e-05
0.041195 1.8e-05
0.042293 2.4e-05
0.041861 1.7e-05
0.041561 2.1e-05
0.039832 2.2e-05
0.041323 2.5e-05
0.04157 1.9e-05
0.041376 2.2e-05
0.041766 1.6e-05
0.04221 2.3e-05
0.041804 2.7e-05
0.041534 2.1e-05
0.040815 2e-05
0.042632 2e-05
0.041389 2.3e-05
0.041488 1.6e-05
0.041738 2e-05
0.040536 2.1e-05
0.041476 1.8e-05
0.041397 1.7e-05
0.041237 2.1e-05
0.041464 2.6e-05
0.041515 2.1e-05
0.041866 2.4e-05
0.041777 2.4e-05
0.03946 2.5e-05
0.041744 1.8e-05
0.041783 1.8e-05
0.041581 2.2e-05
0.041454 2.3e-05
0.041632 2.2e-05
0.04202 2.2e-05
0.04132 1.7e-05
0.040352 2.2e-05
0.04178 1.9e-05
0.041573 2.5e-05
0.041756 1.8e-05
0.041256 1.7e-05
0.041517 2.7e-05
0.041719 2.3e-05
0.042385 2.4e-05
0.040308 1.6e-05
0.04163 1.7e-05
0.041741 2.7e-05
0.041564 1.5e-05
0.041428 1.9e-05
0.040578 2e-05
0.04136 2.1e-05
0.041648 2.2e-05
0.041112 1.7e-05
0.042331 1.5e-05
0.041185 2.1e-05
0.04172 2.3e-05
0.041488 1.9e-05
0.039269 1.5e-05
0.042025 3.1e-05
0.041862 2.1e-05
0.042479 2e-05
0.041598 1.4e-05
0.041581 2.3e-05
0.041651 1.6e-05
0.04113 2.1e-05
0.040021 1.7e-05
0.041691 2.1e-05
0.041708 2.6e-05
0.041811 2e-05
0.04177 1.7e-05
0.040442 1.9e-05
0.041727 2.1e-05
0.041407 3.8e-05
0.041278 2.2e-05
0.041421 2.3e-05
0.042051 2.1e-05
0.041638 2.1e-05
0.041646 2.2e-05
0.039425 2.1e-05
0.041396 1.8e-05
0.041627 2.2e-05
0.041554 1.7e-05
0.041267 2.1e-05
0.041555 2e-05
0.042004 1.7e-05
0.041294 2.8e-05
0.039682 2.2e-05
0.042768 2.5e-05
0.041801 2.2e-05
0.041692 2.1e-05
0.041738 1.7e-05
0.041242 3.7e-05
0.041742 2.2e-05
0.042664 1.9e-05
0.03967 2e-05
0.041609 2.1e-05
0.041694 2.3e-05
0.043769 2.2e-05
0.041338 2.6e-05
0.04116 2.1e-05
0.043148 1.5e-05
0.042628 1.7e-05
0.041321 2.3e-05
0.04171 1.6e-05
0.040626 2.1e-05
0.041539 1.8e-05
0.038307 2.8e-05
0.041506 1.8e-05
0.041723 2e-05
0.041835 1.7e-05
0.042318 1.6e-05
0.03998 2.2e-05
0.042109 1.8e-05
0.041389 2.3e-05
0.041717 1.9e-05
0.042362 1.8e-05
0.041026 2.3e-05
0.041807 1.4e-05
0.041501 1.4e-05
0.040414 2.1e-05
0.041563 2e-05
0.041379 2e-05
0.041835 2e-05
0.041704 2.9e-05
0.039735 2.1e-05
0.042399 2.1e-05
0.041084 2e-05
0.041252 2.1e-05
0.041574 1.8e-05
0.041512 2.5e-05
0.041599 2.1e-05
0.04136 1.9e-05
0.039701 2.2e-05
0.041682 2.2e-05
0.041649 2.2e-05
0.041415 2.5e-05
0.041643 2.2e-05
0.041857 2.4e-05
0.041914 1.3e-05
0.041483 2.7e-05
0.040462 1.9e-05
0.042487 1.6e-05
0.041682 2e-05
0.041713 2.2e-05
0.041233 2.1e-05
0.039896 2.1e-05
0.041455 2e-05
0.042556 2e-05
0.04149 2.5e-05
0.041902 2.5e-05
0.041476 2.4e-05
0.042026 2.7e-05
0.041478 2.3e-05
0.040634 3.5e-05
0.041468 2.3e-05
0.041714 2.4e-05
0.041679 2.1e-05
0.04165 2.2e-05
0.041343 2.1e-05
0.042182 2e-05
0.041532 1.8e-05
0.040161 1.8e-05
0.04152 1.7e-05
0.041275 2e-05
0.042143 2.1e-05
0.041412 2.8e-05
0.040488 1.7e-05
0.041887 1.5e-05
0.041157 1.6e-05
0.041667 1.8e-05
0.041407 1.5e-05
0.041634 1.9e-05
0.041709 3.1e-05
0.041489 1.8e-05
0.039741 2.2e-05
0.041344 1.8e-05
0.041783 2.1e-05
0.041966 2e-05
0.041305 1.4e-05
0.041859 2.8e-05
0.042405 1.9e-05
0.042285 1.9e-05
0.039774 2.1e-05
0.041776 1.6e-05
0.041539 1.7e-05
0.041701 2.2e-05
0.04144 2.4e-05
0.041253 1.7e-05
0.042683 2e-05
0.041496 1.7e-05
0.041019 2.2e-05
0.041704 1.8e-05
0.041523 1.7e-05
0.041758 1.9e-05
0.041396 1.4e-05
0.040046 2e-05
0.041659 1.7e-05
0.041331 2.4e-05
0.041684 2.7e-05
0.041471 2.1e-05
0.041522 1.9e-05
0.042229 1.9e-05
0.041568 2e-05
0.040057 2.6e-05
0.041785 2.1e-05
0.041478 2e-05
0.042058 2e-05
0.041785 2e-05
0.039836 2.5e-05
0.041286 1.9e-05
0.042715 1.7e-05
0.042495 2.1e-05
0.041872 1.9e-05
0.041671 2.1e-05
0.042039 2.2e-05
0.041583 1.2e-05
0.039245 2.1e-05
0.041812 1.7e-05
0.041534 2.1e-05
0.041871 2e-05
0.041607 2.2e-05
0.041681 3.3e-05
0.042165 1.9e-05
0.041665 1.6e-05
0.040623 1.9e-05
0.041844 2.2e-05
0.04143 2.1e-05
0.041692 2e-05
0.041699 2.5e-05
0.039927 1.5e-05
0.041896 1.6e-05
0.041701 1.3e-05
0.041506 1.9e-05
0.041521 2.2e-05
0.041421 1.9e-05
0.042629 2.1e-05
0.041379 1.8e-05
0.040521 1.9e-05
0.041444 2.1e-05
0.041637 2.5e-05
0.043948 2e-05
0.041635 2.5e-05
0.041528 2e-05
0.042599 2.5e-05
0.041568 2e-05
0.040625 2.4e-05
0.041385 1.4e-05
0.041857 2.3e-05
0.042766 2.4e-05
0.041491 1.6e-05
0.0395 2.5e-05
0.041612 1.4e-05
0.041781 2.1e-05
0.041642 2.1e-05
0.041467 1.8e-05
0.041408 2.3e-05
0.041652 2.2e-05
0.041518 2.4e-05
0.039484 2e-05
0.042434 3e-05
0.041174 2.1e-05
0.042769 2.8e-05
0.041682 2e-05
0.041366 2e-05
0.04196 1.9e-05
0.044596 1.8e-05
0.04017 2.4e-05
0.041669 1.8e-05
0.041334 1.6e-05
0.041634 3.1e-05
0.041347 1.4e-05
0.040711 2e-05
0.041446 1.7e-05
0.041732 1.6e-05
0.041473 2.1e-05
0.041751 2.5e-05
0.041359 2.2e-05
0.042792 2.3e-05
0.041567 2.1e-05
0.039534 1.6e-05
0.041951 2e-05
0.041333 2.1e-05
0.041668 2e-05
0.041608 2.4e-05
0.041565 2e-05
0.042992 3.1e-05
0.041469 1.9e-05
0.040864 1.9e-05
0.041496 1.8e-05
0.041415 2.1e-05
0.042241 2e-05
0.041597 2.7e-05
0.040133 2.2e-05
0.041525 2.1e-05
0.04149 1.7e-05
0.041625 2.6e-05
0.041705 1.3e-05
0.041729 2e-05
0.043321 1.5e-05
0.04133 1.8e-05
0.039977 2.4e-05
0.04148 1.9e-05
0.042257 2e-05
0.042548 2e-05
0.041622 1.9e-05
0.041508 2e-05
0.041947 2.4e-05
0.041714 1.7e-05
0.041021 2.2e-05
0.041997 1.9e-05
0.041543 2.3e-05
0.042023 2.1e-05
0.041458 2.4e-05
0.040107 2.4e-05
0.041757 1.8e-05
0.041501 1.9e-05
0.041696 3e-05
0.041607 2.8e-05
0.04177 2.1e-05
0.041765 2.4e-05
0.041236 1.9e-05
0.039555 2e-05
0.041887 2e-05
0.041385 2e-05
0.041491 2.1e-05
0.041569 2.1e-05
0.040822 1.9e-05
0.041346 2.9e-05
0.041489 1.8e-05
0.041484 2.2e-05
0.04131 2.4e-05
0.041507 2.2e-05
0.041892 2.4e-05
0.046055 2e-05
0.039925 2.9e-05
0.041868 1.5e-05
0.042408 2.5e-05
0.042989 2.2e-05
0.041203 2.2e-05
0.04113 2.1e-05
0.041922 2.2e-05
0.042334 1.6e-05
0.041756 2.2e-05
0.041227 2e-05
0.042278 2.3e-05
0.041962 1.9e-05
0.041505 2.4e-05
0.040113 2.1e-05
0.042265 2.8e-05
0.04517 2.3e-05
0.041774 2.2e-05
0.041499 2.3e-05
0.04025 3.5e-05
0.041587 2.2e-05
0.044138 2.3e-05
0.042065 2.2e-05
0.042931 2.6e-05
0.041659 2.8e-05
0.042342 2.3e-05
0.04176 1.5e-05
0.042825 1.9e-05
0.041652 1.8e-05
0.04129 2e-05
0.041974 2.2e-05
0.041625 2e-05
0.040888 2.3e-05
0.042029 1.9e-05
0.041478 1.9e-05
0.041967 2.4e-05
0.041613 1.8e-05
0.041564 1.5e-05
0.039462 1.8e-05
0.042439 1.8e-05
0.041406 1.4e-05
0.041629 2.2e-05
0.041581 1.8e-05
0.042421 2.8e-05
0.041458 1.5e-05
0.039607 2.6e-05
0.041528 1.6e-05
0.042581 1.9e-05
0.041839 2.3e-05
0.041471 1.8e-05
0.042044 2.6e-05
0.048452 1.8e-05
0.041714 2.1e-05
0.041529 1.7e-05
0.042022 1.9e-05
0.041359 2.1e-05
0.042456 2.1e-05
0.041657 1.6e-05
0.041289 2.6e-05
0.041394 1.9e-05
0.042271 1.8e-05
0.04178 1.9e-05
0.041209 1.8e-05
0.040963 2.3e-05
0.041726 1.7e-05
0.041582 1.8e-05
0.041836 2.1e-05
0.041686 2.2e-05
0.041615 3e-05
0.045547 2.2e-05
0.043449 2.8e-05
0.039937 2e-05
0.042638 3.7e-05
0.041356 1.9e-05
0.042645 1.9e-05
0.041797 2.6e-05
0.040778 2e-05
0.042513 2.8e-05
0.041605 2.5e-05
0.041548 2.6e-05
0.041784 2e-05
0.042491 1.9e-05
0.042908 2.1e-05
0.041534 2.8e-05
0.039119 1.8e-05
0.04135 1.9e-05
0.041664 2e-05
0.04173 2.1e-05
0.041323 2.1e-05
0.040894 1.6e-05
0.04119 3.1e-05
0.041376 2.1e-05
0.042121 2.8e-05
0.041432 2.1e-05
0.042228 2e-05
0.041991 3.4e-05
0.042091 1.8e-05
0.041727 2.3e-05
0.041803 2e-05
0.042519 1.7e-05
0.042659 1.6e-05
0.041659 2e-05
0.041845 2.5e-05
0.042562 1.3e-05
0.042518 2e-05
0.040789 1.8e-05
0.041711 2.1e-05
0.041488 2.4e-05
0.04172 1.9e-05
0.041219 2e-05
0.040184 2.2e-05
0.041917 2.1e-05
0.041422 1.4e-05
0.041693 1.8e-05
0.044113 2.4e-05
0.055331 2.3e-05
0.041948 2e-05
0.045853 1.9e-05
0.042956 1.9e-05
0.059099 4.8e-05
0.061777 2.3e-05
0.063481 4e-05
0.062727 2.4e-05
0.062474 2.6e-05
0.062928 2.2e-05
0.041508 1.7e-05
0.042885 2.9e-05
0.041516 1.8e-05
0.040708 1.9e-05
0.041768 2.2e-05
0.041528 1.5e-05
0.042616 1.7e-05
0.041294 2.3e-05
0.041961 3.3e-05
0.041697 1.9e-05
0.042078 2.2e-05
0.039791 2.3e-05
0.041699 2e-05
0.04181 2.1e-05
0.042737 3.1e-05
0.041652 2.2e-05
0.041557 1.8e-05
0.042148 1.9e-05
0.041797 1.8e-05
0.040926 1.9e-05
0.041358 2.1e-05
0.041259 2.1e-05
0.042519 1.9e-05
0.042953 2e-05
0.040491 1.7e-05
0.042582 2.8e-05
0.041432 2.4e-05
0.041861 1.3e-05
0.04099 2.2e-05
0.041719 3.5e-05
0.042335 2.2e-05
0.042677 2.1e-05
0.040597 2.1e-05
0.043742 1.5e-05
0.042137 2.3e-05
0.041712 1.9e-05
0.041782 2.3e-05
0.039774 2.1e-05
0.041641 2.3e-05
0.042536 2.2e-05
0.041648 1.9e-05
0.04266 2.2e-05
0.041487 2e-05
0.042419 2.1e-05
0.041361 2.2e-05
0.040924 2.5e-05
0.041639 2e-05
0.041542 1.8e-05
0.043053 2.8e-05
0.047669 1.9e-05
0.041098 2.1e-05
0.041825 2.3e-05
0.041491 2.1e-05
0.04306 2.3e-05
0.05753 1.8e-05
0.054327 2.6e-05
0.053551 1.7e-05
0.048628 2.5e-05
0.055065 2.1e-05
0.048961 2.6e-05
0.054873 2e-05
0.052783 2.6e-05
0.05347 2.1e-05
0.054032 2.7e-05
0.054041 1.5e-05
0.054355 2.4e-05
0.054565 2e-05
0.053689 2.3e-05
0.054802 2.4e-05
0.053409 3.3e-05
0.054041 2.1e-05
0.053351 1.9e-05
0.050789 2.3e-05
0.053203 2.2e-05
0.048434 2.1e-05
0.05362 2.2e-05
0.048966 2.4e-05
0.053375 2e-05
0.05421 2.2e-05
0.053857 2.7e-05
0.050515 4.3e-05
0.052796 2.4e-05
0.052814 2.9e-05
0.054521 2.1e-05
0.054875 0.00014
0.054606 2.4e-05
0.054376 2.2e-05
0.053894 2.1e-05
0.052696 2.4e-05
0.053728 3.2e-05
0.053293 2.1e-05
0.056295 2.2e-05
0.052706 2.3e-05
0.05366 2.4e-05
0.052871 2.5e-05
0.04289 1.7e-05
0.04114 2.6e-05
0.040396 2.1e-05
0.042302 2.1e-05
0.041659 1.7e-05
0.039303 1.9e-05
0.041424 3.3e-05
0.040933 2.2e-05
0.042172 2.1e-05
0.04119 1.9e-05
0.040072 2.8e-05
0.040904 1.7e-05
0.045208 2.6e-05
0.041022 2.2e-05
0.04191 2.5e-05
0.053083 2.7e-05
0.041324 1.9e-05
0.044012 2.3e-05
0.042239 2.4e-05
0.040918 2e-05
0.03911 3.6e-05
0.043811 2.2e-05
0.044706 3.2e-05
0.041091 1.9e-05
0.044471 3.2e-05
0.040536 1.9e-05
0.041128 2e-05
0.045062 2.1e-05
0.041766 2e-05
0.041183 2.3e-05
0.062433 2.4e-05
0.040942 2.3e-05
0.040728 2.8e-05
0.040829 2.5e-05
0.040826 1.8e-05
0.04105 2.3e-05
0.040635 2.5e-05
0.046489 2.1e-05
0.041304 1.5e-05
0.040851 2.3e-05
0.040408 2.1e-05
0.040834 1.8e-05
0.040468 1.9e-05
0.041021 2.4e-05
0.040682 2.2e-05
0.039836 2.1e-05
0.04116 2.1e-05
0.040967 2.3e-05
0.040812 2.8e-05
0.040748 1.7e-05
0.040264 2.1e-05
0.040659 1.9e-05
0.040437 2.2e-05
0.040369 2.2e-05
0.040789 1.9e-05
0.041279 3.3e-05
0.042022 1.7e-05
0.040886 2.4e-05
0.039306 2.6e-05
0.041961 2.4e-05
0.041508 2e-05
0.058336 2.5e-05
0.042444 2.3e-05
0.041036 1.7e-05
0.041263 2.4e-05
0.038811 2.3e-05
0.042439 2.3e-05
0.042203 2.6e-05
0.04054 2.3e-05
0.040915 1.9e-05
0.041086 2.3e-05
0.048388 2.1e-05
0.039547 2.2e-05
0.041971 2.4e-05
0.042736 2.3e-05
0.041446 2.1e-05
0.046584 1.8e-05
0.041528 1.8e-05
0.041008 3e-05
0.042384 2.6e-05
0.041192 2.4e-05
0.040643 1.6e-05
0.050317 2.2e-05
0.052299 3.3e-05
0.048458 3.3e-05
0.052924 2.3e-05
0.047362 2.3e-05
0.052475 2.2e-05
0.050751 2.3e-05
0.053282 3.4e-05
0.05297 2.3e-05
0.05299 2.4e-05
0.052743 2.4e-05
0.055591 2.1e-05
0.053044 2.6e-05
0.041905 3e-05
0.041858 2.2e-05
0.039662 2.4e-05
0.040518 2.3e-05
0.041168 2.7e-05
0.040828 2.7e-05
0.041145 1.6e-05
0.042003 2.3e-05
0.041755 2.3e-05
0.040862 2.4e-05
0.040983 2.3e-05
0.041584 2.7e-05
0.040988 2.6e-05
0.041286 2.3e-05
0.040757 2.6e-05
0.038741 1.9e-05
0.041993 1.9e-05
0.042928 2.5e-05
0.044721 1.8e-05
0.040964 1.9e-05
0.039539 2.1e-05
0.050486 3e-05
0.056539 2.1e-05
0.04151 2.6e-05
0.061807 2.3e-05
0.04414 2.3e-05
0.041223 2e-05
0.039401 2e-05
0.041076 2.6e-05
0.040962 2.1e-05
0.046941 1.7e-05
0.041283 2.4e-05
0.041862 2.5e-05
0.041776 2.2e-05
0.040804 1.9e-05
0.044588 2.7e-05
0.040743 3.3e-05
0.042509 2.2e-05
0.041145 2.4e-05
0.042473 2.6e-05
0.041089 1.9e-05
0.04192 1.8e-05
0.039194 2.5e-05
0.040746 2.7e-05
0.040458 2.3e-05
0.040827 1.3e-05
0.042116 2.2e-05
0.039408 1.8e-05
0.040626 1.8e-05
0.041091 2.5e-05
0.041205 2.2e-05
0.054978 2.4e-05
0.043257 2.1e-05
0.04338 2.2e-05
0.040995 2e-05
0.041921 1.6e-05
0.04087 2.2e-05
0.042072 2.1e-05
0.044368 2.2e-05
0.040914 2.1e-05
0.040913 2.3e-05
0.062474 4.1e-05
0.045495 1.8e-05
0.040959 2.7e-05
0.040681 1.6e-05
0.041425 2.9e-05
0.040893 1.6e-05
0.040064 2.2e-05
0.040801 2.6e-05
0.040599 2.4e-05
0.041454 3.3e-05
0.041018 2.8e-05
0.039542 2.3e-05
0.040534 2.4e-05
0.041308 2.3e-05
0.04093 1.9e-05
