0.006629 6e-06
0.004968 1e-05
0.00494 9e-06
0.004811 9e-06
0.004885 6e-06
0.00479 7e-06
0.004823 9e-06
0.004923 8e-06
0.004812 7e-06
0.004798 8e-06
0.004838 8e-06
0.00484 9e-06
0.004815 7e-06
0.005918 7e-06
0.00487 8e-06
0.00507 9e-06
0.005229 8e-06
0.006458 7e-06
0.004833 8e-06
0.004819 8e-06
0.004813 8e-06
0.004807 6e-06
0.00479 6e-06
0.004322 6e-06
0.004821 1.4e-05
0.00735 6e-06
0.006085 9e-06
0.005459 1.1e-05
0.005046 9e-06
0.004798 1.6e-05
0.004852 9e-06
0.004793 8e-06
0.004844 7e-06
0.005093 1.2e-05
0.004841 9e-06
0.004891 7e-06
0.005102 7e-06
0.004794 8e-06
0.004828 7e-06
0.004824 8e-06
0.004806 8e-06
0.004867 8e-06
0.005044 8e-06
0.005907 7e-06
0.004702 8e-06
0.005594 1e-05
0.005645 1e-05
0.004835 8e-06
0.004922 8e-06
0.004867 8e-06
0.004821 7e-06
0.004812 7e-06
0.00484 9e-06
0.005529 7e-06
0.005054 6e-06
0.005168 7e-06
0.005109 7e-06
0.004964 9e-06
0.004851 8e-06
0.004922 6e-06
0.004847 6e-06
0.004804 7e-06
0.004796 5e-06
0.004818 6e-06
0.004819 6e-06
0.004279 5e-06
0.004837 7e-06
0.004837 1e-05
0.004816 6e-06
0.004837 9e-06
0.004837 1.2e-05
0.004878 8e-06
0.004851 8e-06
0.004831 9e-06
0.004839 7e-06
0.004826 7e-06
0.004832 7e-06
0.004807 6e-06
0.004779 7e-06
0.004804 6e-06
0.004783 8e-06
0.004809 7e-06
0.004789 7e-06
0.006172 1.1e-05
0.007644 1e-05
0.00919 1e-05
0.007944 8e-06
0.004806 6e-06
0.004842 5e-06
0.004817 8e-06
0.004864 9e-06
0.004853 7e-06
0.004835 6e-06
0.004775 1e-05
0.006405 6e-06
0.00632 7e-06
0.004824 6e-06
0.005098 8e-06
0.004974 6e-06
0.004986 7e-06
0.004927 8e-06
0.004792 7e-06
0.005125 7e-06
0.004816 6e-06
0.004811 6e-06
0.004832 5e-06
0.004682 4e-06
0.003945 7e-06
0.00517 9e-06
0.005039 6e-06
0.004984 6e-06
0.005012 9e-06
0.005065 9e-06
0.004969 6e-06
0.004957 1.2e-05
0.00488 4e-06
0.004843 6e-06
0.004855 7e-06
0.004905 6e-06
0.004907 7e-06
0.004845 1e-05
0.004858 7e-06
0.004855 8e-06
0.004825 8e-06
0.004844 6e-06
0.004843 9e-06
0.004822 7e-06
0.00482 9e-06
0.004895 7e-06
0.005841 1e-05
0.0062 8e-06
0.00617 6e-06
0.006247 1e-05
0.006641 8e-06
0.006147 9e-06
0.006085 7e-06
0.006158 8e-06
0.006191 7e-06
0.006121 6e-06
0.006128 7e-06
0.006057 7e-06
0.006149 7e-06
0.006086 6e-06
0.006139 6e-06
0.006173 7e-06
0.006143 7e-06
0.005655 6e-06
0.005854 1e-05
0.006261 8e-06
0.006194 9e-06
0.006168 1e-05
0.00671 9e-06
0.006133 9e-06
0.006159 5e-06
0.006074 6e-06
0.006066 5e-06
0.006168 5e-06
0.006061 5e-06
0.006133 6e-06
0.006106 6e-06
0.0061 7e-06
0.006083 6e-06
0.006183 9e-06
0.006164 8e-06
0.005481 7e-06
0.005976 8e-06
0.006121 4e-06
0.006171 6e-06
0.006273 5.8e-05
0.006575 9e-06
0.006165 6e-06
0.006118 6e-06
0.006151 6e-06
0.006141 5e-06
0.006103 6e-06
0.006108 6e-06
0.006177 6e-06
0.006158 6e-06
0.006204 6e-06
0.006167 7e-06
0.006193 6e-06
0.006159 6e-06
0.004297 5e-06
0.005828 8e-06
0.006192 7e-06
0.006124 7e-06
0.006248 1e-05
0.006692 1e-05
0.006159 9e-06
0.006152 6e-06
0.006066 7e-06
0.006137 6e-06
0.006184 6e-06
0.006166 6e-06
0.006118 7e-06
0.006107 6e-06
0.006111 5e-06
0.006074 7e-06
0.006143 6e-06
0.006105 6e-06
0.005547 5e-06
0.006104 8e-06
0.006207 5e-06
0.006258 6e-06
0.006255 1e-05
0.006552 7e-06
0.006114 9e-06
0.006153 6e-06
0.006114 7e-06
0.006133 1.2e-05
0.006196 8e-06
0.006146 6e-06
0.006185 9e-06
0.006108 7e-06
0.006111 6e-06
0.00613 6e-06
0.006189 7e-06
0.006144 1.2e-05
0.004521 7e-06
0.006124 8e-06
0.006252 7e-06
0.006122 8e-06
0.006243 1.3e-05
0.006379 9e-06
0.006127 8e-06
0.006099 7e-06
0.006151 5e-06
0.006148 6e-06
0.006116 6e-06
0.00613 6e-06
0.006104 5e-06
0.006051 8e-06
0.006181 6e-06
0.006143 6e-06
0.00611 7e-06
0.00621 7e-06
0.004935 9e-06
0.006089 6e-06
0.006206 8e-06
0.006073 8e-06
0.00637 1.2e-05
0.006279 8e-06
0.006109 1e-05
0.006083 7e-06
0.006189 7e-06
0.006164 7e-06
0.006168 7e-06
0.006149 6e-06
0.006143 6e-06
0.006063 7e-06
0.006114 5e-06
0.006144 6e-06
0.006157 5e-06
0.00619 6e-06
0.004548 9e-06
0.006123 7e-06
0.006232 1.2e-05
0.006202 9e-06
0.006379 1e-05
0.006416 9e-06
0.006133 9e-06
0.006184 6e-06
0.006124 6e-06
0.006157 5e-06
0.006128 6e-06
0.006202 6e-06
0.006111 6e-06
0.006093 5e-06
0.006148 7e-06
0.006136 1e-05
0.006124 8e-06
0.006166 6e-06
0.004795 9e-06
0.006174 7e-06
0.00624 7e-06
0.006145 6e-06
0.006374 1.5e-05
0.00616 7e-06
0.006184 9e-06
0.006163 7e-06
0.006148 7e-06
0.006173 7e-06
0.006237 7e-06
0.006129 6e-06
0.00608 6e-06
0.006182 6e-06
0.006153 6e-06
0.006132 7e-06
0.006192 7e-06
0.006135 4e-06
0.004111 8e-06
0.006169 7e-06
0.006312 6e-06
0.006166 5e-06
0.006435 1.3e-05
0.00621 9e-06
0.006166 7e-06
0.006142 8e-06
0.006119 6e-06
0.006089 6e-06
0.006162 7e-06
0.006137 6e-06
0.006098 8e-06
0.00612 7e-06
0.006134 7e-06
0.006129 6e-06
0.006081 6e-06
0.006162 5e-06
0.004779 8e-06
0.006093 9e-06
0.006173 6e-06
0.006172 6e-06
0.006439 8e-06
0.006207 7e-06
0.006157 8e-06
0.006103 7e-06
0.00617 6e-06
0.006072 6e-06
0.006108 7e-06
0.006094 8e-06
0.006116 6e-06
0.00614 6e-06
0.00613 6e-06
0.006068 6e-06
0.006114 5e-06
0.006132 5e-06
0.004603 1e-05
0.006125 8e-06
0.006289 9e-06
0.006126 7e-06
0.006433 1.1e-05
0.006161 6e-06
0.006149 9e-06
0.006209 7e-06
0.00616 6e-06
0.006095 7e-06
0.006105 6e-06
0.006158 7e-06
0.006122 6e-06
0.006129 7e-06
0.006188 6e-06
0.006108 6e-06
0.006123 6e-06
0.006136 5e-06
0.004817 9e-06
0.006204 8e-06
0.006125 5e-06
0.006093 5e-06
0.006231 1.1e-05
0.006182 7e-06
0.006183 7e-06
0.006215 8e-06
0.006162 6e-06
0.006094 7e-06
0.006162 7e-06
0.006088 6e-06
0.006169 7e-06
0.006137 7e-06
0.006085 6e-06
0.006158 6e-06
0.006139 7e-06
0.006136 5e-06
0.004082 1e-05
0.006195 9e-06
0.006161 9e-06
0.006164 6e-06
0.006395 1.1e-05
0.006137 7e-06
0.006155 9e-06
0.006112 6e-06
0.006168 6e-06
0.006104 6e-06
0.006162 7e-06
0.006109 5e-06
0.006174 8e-06
0.006117 6e-06
0.006191 1.3e-05
0.006141 7e-06
0.006153 9e-06
0.006096 6e-06
0.004827 6e-06
0.00619 7e-06
0.00616 6e-06
0.006142 7e-06
0.006299 1e-05
0.006126 7e-06
0.006197 8e-06
0.006147 6e-06
0.006127 6e-06
0.006132 8e-06
0.006157 7e-06
0.006108 8e-06
0.006241 9e-06
0.006193 7e-06
0.006164 7e-06
0.006152 6e-06
0.006122 6e-06
0.00611 4e-06
0.004303 7e-06
0.006258 7e-06
0.006155 7e-06
0.006145 9e-06
0.006319 1e-05
0.006201 6e-06
0.006217 8e-06
0.006126 6e-06
0.006121 6e-06
0.006097 5e-06
0.00616 6e-06
0.006095 6e-06
0.006188 6e-06
0.006121 6e-06
0.006173 8e-06
0.006131 6e-06
0.006134 6e-06
0.006218 8e-06
0.005517 9e-06
0.00614 7e-06
0.006207 8e-06
0.006155 1e-05
0.00672 1.1e-05
0.006199 8e-06
0.006131 9e-06
0.006214 7e-06
0.006155 6e-06
0.006151 7e-06
0.006148 6e-06
0.006177 1.3e-05
0.006188 8e-06
0.006136 7e-06
0.006122 6e-06
0.006121 6e-06
0.006093 5e-06
0.00566 2.1e-05
0.004555 8e-06
0.006157 8e-06
0.006159 7e-06
0.006137 1.1e-05
0.006365 1e-05
0.006188 8e-06
0.006215 7e-06
0.006117 6e-06
0.006166 7e-06
0.006136 6e-06
0.006181 7e-06
0.006192 5e-06
0.006114 5e-06
0.006163 6e-06
0.006181 8e-06
0.006114 8e-06
0.006139 1.2e-05
0.006178 6e-06
0.005454 9e-06
0.006146 7e-06
0.006197 6e-06
0.00614 8e-06
0.00674 9e-06
0.006264 6e-06
0.006094 8e-06
0.006149 6e-06
0.006119 5e-06
0.006096 6e-06
0.006174 8e-06
0.006166 7e-06
0.006136 6e-06
0.006087 6e-06
0.006106 8e-06
0.006106 6e-06
0.006201 6e-06
0.005614 4e-06
0.004225 8e-06
0.006152 7e-06
0.006186 7e-06
0.006126 8e-06
0.006404 1.1e-05
0.006146 7e-06
0.006253 1.2e-05
0.006171 8e-06
0.006166 6e-06
0.006117 6e-06
0.006151 8e-06
0.006063 6e-06
0.00609 6e-06
0.006119 7e-06
0.006169 8e-06
0.006161 6e-06
0.006162 7e-06
0.006184 6e-06
0.005259 7e-06
0.006083 7e-06
0.004838 8e-06
0.004776 7e-06
0.004783 1e-05
0.004904 5e-06
0.004814 7e-06
0.004816 5e-06
0.004855 8e-06
0.004831 9e-06
0.00483 8e-06
0.004825 7e-06
0.004833 6e-06
0.004835 7e-06
0.005102 7e-06
0.004969 7e-06
0.004871 8e-06
0.00483 6e-06
0.004823 7e-06
0.004792 8e-06
0.00483 8e-06
0.004396 8e-06
0.004827 1e-05
0.004862 1.1e-05
0.004912 1e-05
0.004776 9e-06
0.005109 1.5e-05
0.005141 1e-05
0.004958 6e-06
0.005175 7e-06
0.005014 5e-06
0.004886 7e-06
0.004809 5e-06
0.004793 7e-06
0.004815 5e-06
0.004785 4e-06
0.004829 6e-06
0.004824 6e-06
0.004813 6e-06
0.004834 8e-06
0.004882 6e-06
0.004837 7e-06
0.00484 8e-06
0.005053 8e-06
0.005183 8e-06
0.004895 6e-06
0.004801 6e-06
0.00482 7e-06
0.004833 7e-06
0.004787 5e-06
0.00483 9e-06
0.004825 7e-06
0.004807 8e-06
0.004845 6e-06
0.004819 6e-06
0.004769 6e-06
0.004853 7e-06
0.004829 7e-06
0.004861 9e-06
0.004842 9e-06
0.004771 8e-06
0.004791 7e-06
0.004855 5e-06
0.004798 8e-06
0.00483 6e-06
0.004755 7e-06
0.005171 1.2e-05
0.006423 9e-06
0.004821 6e-06
0.004914 9e-06
0.004848 1.1e-05
0.004855 1.1e-05
0.004857 9e-06
0.004823 7e-06
0.004822 7e-06
0.004861 7e-06
0.004866 5e-06
0.004833 5e-06
0.00484 5e-06
0.004801 7e-06
0.004829 7e-06
0.005081 7e-06
0.004944 6e-06
0.004891 8e-06
0.004954 7e-06
0.004882 7e-06
0.004849 9e-06
0.004718 8e-06
0.004824 7e-06
0.004837 6e-06
0.004838 8e-06
0.004808 8e-06
0.004879 1e-05
0.004816 7e-06
0.004827 7e-06
0.004824 6e-06
0.004781 8e-06
0.004861 7e-06
0.004854 6e-06
0.004837 6e-06
0.004846 8e-06
0.004831 7e-06
0.004844 6e-06
0.004768 7e-06
0.004809 5e-06
0.004846 5e-06
0.004855 6e-06
0.004826 6e-06
0.00492 6e-06
0.004192 9e-06
0.005087 7e-06
0.005112 7e-06
0.004847 8e-06
0.004836 1.2e-05
0.004845 1.1e-05
0.004877 6e-06
0.004826 6e-06
0.00486 6e-06
0.004854 5e-06
0.004821 6e-06
0.004801 6e-06
0.004774 5e-06
0.004835 7e-06
0.004885 6e-06
0.004839 7e-06
0.007321 1.3e-05
0.006554 6e-06
0.004816 5e-06
0.004877 1.7e-05
0.005205 7e-06
0.00486 7e-06
0.004791 7e-06
0.004825 6e-06
0.004802 5e-06
0.004823 8e-06
0.004917 9e-06
0.00487 8e-06
0.004913 8e-06
0.004816 6e-06
0.004886 7e-06
0.004863 7e-06
0.004825 7e-06
0.004851 5e-06
0.004854 6e-06
0.005009 7e-06
0.005041 6e-06
0.004839 5e-06
0.00477 6e-06
0.004772 5e-06
0.00481 6e-06
0.004792 4e-06
0.004839 5e-06
0.004153 7e-06
0.004829 7e-06
0.004889 9e-06
0.00483 6e-06
0.004826 1e-05
0.004963 1e-05
0.005159 7e-06
0.005121 8e-06
0.004856 6e-06
0.004829 6e-06
0.004817 5e-06
0.004777 6e-06
0.004854 6e-06
0.005464 6e-06
0.004827 7e-06
0.008083 7e-06
0.0049 7e-06
0.004834 9e-06
0.005178 8e-06
0.004826 9e-06
0.005031 9e-06
0.004783 8e-06
0.004837 8e-06
0.004837 6e-06
0.004806 5e-06
0.00481 5e-06
0.004799 1.1e-05
0.004867 1.1e-05
0.004901 1e-05
0.005149 7e-06
0.005428 8e-06
0.007878 6e-06
0.004794 6e-06
0.004821 6e-06
0.004866 6e-06
0.004826 8e-06
0.004841 5e-06
0.004829 6e-06
0.004824 6e-06
0.004853 6e-06
0.004812 5e-06
0.004825 6e-06
0.00481 7e-06
0.004995 7e-06
0.004855 5e-06
0.005097 6e-06
0.004907 8e-06
0.005108 7e-06
0.004892 8e-06
0.004806 5e-06
0.004848 6e-06
0.004809 6e-06
0.004814 6e-06
0.00482 6e-06
0.004863 5e-06
0.004862 6e-06
0.004828 7e-06
0.004823 9e-06
0.004828 8e-06
0.005145 7e-06
0.004824 6e-06
0.005025 7e-06
0.005003 1e-05
0.005121 6e-06
0.005184 9e-06
0.004828 8e-06
0.004825 9e-06
0.00479 5e-06
0.004862 6e-06
0.004822 5e-06
0.004793 5e-06
0.004762 6e-06
0.005735 6e-06
0.005064 7e-06
0.005219 8e-06
0.005055 7e-06
0.005061 7e-06
0.00858 7e-06
0.00486 6e-06
0.004831 5e-06
0.004825 5e-06
0.004864 5e-06
0.004142 9e-06
0.004852 6e-06
0.004864 1.2e-05
0.007099 7e-06
0.006163 2.3e-05
0.007514 8e-06
0.008315 1.2e-05
0.009422 8e-06
0.004858 8e-06
0.004803 5e-06
0.0048 7e-06
0.004841 6e-06
0.004815 6e-06
0.004815 4e-06
0.004804 7e-06
0.007888 6e-06
0.004811 6e-06
0.004793 6e-06
0.004819 5e-06
0.004939 9e-06
0.004956 6e-06
0.004877 8e-06
0.00484 6e-06
0.004777 9e-06
0.004873 8e-06
0.004822 6e-06
0.004806 5e-06
0.004762 5e-06
0.004828 7e-06
0.004803 9e-06
0.007553 1.1e-05
0.008245 6e-06
0.007718 9e-06
0.008759 7e-06
0.00484 5e-06
0.00485 6e-06
0.004779 4e-06
0.00483 6e-06
0.004484 5e-06
0.004819 1e-05
0.004836 1.3e-05
0.006623 7e-06
0.00484 1.1e-05
0.004865 8e-06
0.004845 8e-06
0.005005 9e-06
0.005863 9e-06
0.005895 9e-06
0.005295 8e-06
0.004791 5e-06
0.00482 5e-06
0.004806 6e-06
0.004842 6e-06
0.004822 5e-06
0.004802 8e-06
0.005785 7e-06
0.006016 7e-06
0.005889 7e-06
0.005797 7e-06
0.005243 1.1e-05
0.005309 9e-06
0.004851 7e-06
0.004795 6e-06
0.004873 8e-06
0.004894 9e-06
0.004842 5e-06
0.004833 6e-06
0.004852 5e-06
0.004877 6e-06
0.004844 7e-06
0.004852 6e-06
0.004841 7e-06
0.004799 5e-06
0.004833 6e-06
0.004983 8e-06
0.004847 7e-06
0.004874 6e-06
0.004829 6e-06
0.004849 6e-06
0.004885 6e-06
0.00466 5e-06
0.004408 6e-06
0.004806 5e-06
0.006224 1e-05
0.00484 2.4e-05
0.004998 1.3e-05
0.00497 7e-06
0.004818 7e-06
0.004893 6e-06
0.004926 6e-06
0.004983 8e-06
0.004809 6e-06
0.004803 6e-06
0.004805 6e-06
0.004815 5e-06
0.004811 5e-06
0.004787 6e-06
0.004871 6e-06
0.004832 7e-06
0.004865 7e-06
0.005044 6e-06
0.005054 6e-06
0.00469 8e-06
0.004858 9e-06
0.004928 6e-06
0.004838 6e-06
0.004822 7e-06
0.004843 8e-06
0.004867 5e-06
0.004782 6e-06
0.004883 8e-06
0.004806 5e-06
0.004845 8e-06
0.004835 5e-06
0.004945 7e-06
0.005201 7e-06
0.004825 5e-06
0.004787 6e-06
0.004876 7e-06
0.004842 5e-06
0.004799 5e-06
0.004847 5e-06
0.004805 6e-06
0.004822 5e-06
0.004249 6e-06
0.004861 5e-06
0.004853 8e-06
0.004836 6e-06
0.004823 8e-06
0.004831 1.1e-05
0.007112 7e-06
0.005053 7e-06
0.004834 6e-06
0.004826 4e-06
0.004866 7e-06
0.004817 5e-06
0.004868 6e-06
0.004792 5e-06
0.004809 6e-06
0.004845 6e-06
0.004855 6e-06
0.004857 6e-06
0.004778 5e-06
0.004849 6e-06
0.004828 7e-06
0.004864 7e-06
0.004841 8e-06
0.004876 8e-06
0.004917 1e-05
0.004827 5e-06
0.004817 7e-06
0.004996 1e-05
0.004792 6e-06
0.00484 5e-06
0.004833 5e-06
0.004845 7e-06
0.004806 8e-06
0.008385 1.1e-05
0.007072 9e-06
0.009313 7e-06
0.007821 8e-06
0.004813 7e-06
0.004841 8e-06
0.004794 6e-06
0.004852 5e-06
0.004562 4e-06
0.004814 7e-06
0.004801 8e-06
0.004817 8e-06
0.004815 8e-06
0.004878 1.1e-05
0.004895 8e-06
0.00489 7e-06
0.004892 1e-05
0.00486 8e-06
0.005704 7e-06
0.005262 7e-06
0.004808 7e-06
0.00481 6e-06
0.004855 7e-06
0.004834 5e-06
0.004804 8e-06
0.00661 9e-06
0.005173 1e-05
0.005084 8e-06
0.005116 6e-06
0.005043 9e-06
0.004866 1e-05
0.00487 9e-06
0.00483 8e-06
0.004868 8e-06
0.004786 1.1e-05
0.004824 1.1e-05
0.004889 9e-06
0.004842 8e-06
0.004867 1e-05
0.006085 7e-06
0.007747 1.3e-05
0.00542 8e-06
0.004793 7e-06
0.004815 7e-06
0.004841 9e-06
0.004812 8e-06
0.004845 8e-06
0.004804 9e-06
0.004827 7e-06
0.004827 7e-06
0.004836 2.2e-05
0.00435 8e-06
0.004824 1e-05
0.004835 7e-06
0.005157 8e-06
0.005047 8e-06
0.004871 1e-05
0.004846 9e-06
0.009006 1.6e-05
0.005438 9e-06
0.004821 7e-06
0.004831 6e-06
0.004796 8e-06
0.004878 9e-06
0.004864 8e-06
0.004818 7e-06
0.006573 9e-06
0.004827 6e-06
0.004829 6e-06
0.004807 8e-06
0.0048 6e-06
0.004799 7e-06
0.005269 1.4e-05
0.006185 7e-06
0.006152 7e-06
0.006152 9e-06
0.006734 1e-05
0.006175 7e-06
0.006123 5e-06
0.006216 7e-06
0.006077 5e-06
0.006153 1e-05
0.006096 7e-06
0.006103 7e-06
0.00621 6e-06
0.00612 7e-06
0.006103 5e-06
0.006161 6e-06
0.006133 5e-06
0.005771 2e-05
0.004605 5e-06
0.006147 1e-05
0.006142 1.1e-05
0.006201 1e-05
0.006381 1.1e-05
0.006165 8e-06
0.006181 8e-06
0.006138 5e-06
0.006105 6e-06
0.006115 5e-06
0.006127 7e-06
0.006173 5e-06
0.006197 6e-06
0.006192 7e-06
0.006133 6e-06
0.0061 7e-06
0.006116 7e-06
0.006144 6e-06
0.005039 9e-06
0.006191 7e-06
0.00616 7e-06
0.006145 8e-06
0.006315 1.1e-05
0.006215 7e-06
0.006282 8e-06
0.006188 6e-06
0.006105 6e-06
0.006208 7e-06
0.006135 5e-06
0.00617 5e-06
0.006092 6e-06
