0.011367 0.000394
0.010635 0.000485
0.010709 0.000315
0.010665 0.000224
0.010659 0.00087
0.01061 0.000562
0.013105 0.001016
0.012166 0.001533
0.010652 0.000607
0.010694 0.00045
0.010664 0.000369
0.01064 0.000799
0.010557 0.000266
0.010687 0.000419
0.010687 0.000767
0.009435 0.000418
0.010634 0.000405
0.011189 0.000318
0.010615 0.000981
0.010542 0.000865
0.010894 0.000828
0.01069 0.000572
0.010559 0.000882
0.01152 0.000814
0.01087 0.000767
0.010728 0.000299
0.014076 0.000595
0.012089 0.000989
0.011459 0.00034
0.011221 0.00049
0.010602 0.000684
0.010577 0.000336
0.010671 0.000393
0.011115 0.000759
0.010818 0.001128
0.010806 0.001012
0.010768 0.000692
0.010725 0.001048
0.011133 0.000315
0.01069 0.001095
0.010915 0.000711
0.011163 0.000816
0.010575 0.000355
0.010134 0.000969
0.012724 0.000385
0.0116 0.000528
0.010695 0.00048
0.01072 0.000998
0.010649 0.000567
0.010568 0.000584
0.01058 0.000288
0.010598 0.000783
0.00947 0.000609
0.010633 0.000588
0.010897 0.000802
0.010603 0.000325
0.010635 0.000331
0.010598 0.000941
0.010551 0.000546
0.010535 0.000206
0.010902 0.000413
0.010541 0.000279
0.010633 0.000578
0.010654 0.000771
0.010845 0.000721
0.010683 0.000826
0.012232 0.000554
0.011784 0.000661
0.011121 0.000247
0.010847 0.000581
0.010866 0.000668
0.009641 0.001076
0.010915 0.000894
0.010685 0.000702
0.011147 0.000383
0.010654 0.000662
0.010615 0.000579
0.010637 0.000415
0.010557 0.000879
0.011577 0.000363
0.010934 0.000198
0.012087 0.000595
0.010794 0.000631
0.01063 0.000676
0.010667 0.000509
0.01088 0.001267
0.015628 0.000377
0.011467 0.000498
0.011046 0.000185
0.010513 0.000575
0.010568 0.000381
0.010696 0.000539
0.011669 0.000605
0.011165 0.00093
0.010641 0.000375
0.013897 0.000407
0.012234 0.000593
0.012278 0.000632
0.013365 0.00072
0.011336 0.000834
0.010959 0.001033
0.010673 0.001094
0.01094 0.000425
0.010998 0.000169
0.01346 0.000922
0.012351 0.000615
0.010627 0.000482
0.009992 0.00027
0.010964 0.000482
0.011178 0.000253
0.010693 0.000896
0.010917 0.00099
0.010608 0.000717
0.010933 0.001297
0.014418 0.000905
0.010827 0.000396
0.010623 0.000306
0.010958 0.000696
0.010673 0.000681
0.010598 0.000627
0.010651 0.000557
0.011158 0.00058
0.010587 0.000894
0.016166 0.00035
0.015942 0.000469
0.016112 0.000903
0.010989 0.000536
0.012731 0.000719
0.010697 0.000351
0.010691 0.000935
0.010894 0.000436
0.010626 0.000571
0.010612 0.000614
0.010443 0.000534
0.011063 0.000505
0.010707 0.000789
0.014299 0.001314
0.012092 0.000621
0.012969 0.000485
0.013586 0.000497
0.010807 0.000266
0.010657 0.001001
0.009527 0.000858
0.010602 0.000744
0.010778 0.000676
0.016061 0.000897
0.014979 0.000627
0.010573 0.000586
0.011132 0.000534
0.010646 0.001038
0.010838 0.000856
0.010755 0.000498
0.010686 0.000412
0.010848 0.000686
0.010667 0.000555
0.010684 0.000613
0.010717 0.000625
0.010714 0.000655
0.011161 0.000571
0.010647 0.001237
0.012606 0.000613
0.012875 0.000746
0.013479 0.000368
0.012121 0.001069
0.011668 0.00035
0.010717 0.000341
0.010674 0.000537
0.010698 0.000405
0.010593 0.00071
0.011349 0.000867
0.011635 0.001071
0.018175 0.000266
0.010639 0.000647
0.011756 0.000526
0.010714 0.001085
0.011348 0.000477
0.011023 0.000664
0.01245 0.000773
0.010727 0.001047
0.01099 0.000451
0.010874 0.000495
0.010757 0.00084
0.01262 0.000797
0.014925 0.000781
0.014505 0.000543
0.015776 0.000652
0.015421 0.000458
0.012045 0.000891
0.015045 0.000647
0.015064 0.001285
0.015775 0.000784
0.015852 0.000731
0.016266 0.000626
0.01385 0.00051
0.014564 0.000648
0.013814 0.000451
0.013797 0.000488
0.013597 0.000767
0.013652 0.001215
0.013601 0.001162
0.011186 0.000467
0.011639 0.000441
0.011563 0.000983
0.01107 0.000526
0.010829 0.000261
0.011131 0.001045
0.010839 0.000522
0.010833 0.001014
0.010806 0.000903
0.011143 0.000812
0.010773 0.000606
0.010789 0.000522
0.010684 0.000741
0.010787 0.001029
0.010873 0.001019
0.010984 0.000444
0.010859 0.000644
0.01086 0.000655
0.010829 0.000519
0.010858 0.000292
0.010725 0.000589
0.013078 0.001131
0.011248 0.000388
0.010977 0.000303
0.010916 0.000553
0.011046 0.000442
0.010886 0.001059
0.011399 0.000672
0.010858 0.001049
0.010879 0.000852
0.010827 0.000305
0.010771 0.000649
0.01098 0.000838
0.011641 0.000275
0.01084 0.000797
0.011118 0.000415
0.010903 0.000583
0.009115 0.000766
0.010844 0.000363
0.010924 0.001025
0.010773 0.000813
0.010867 0.000307
0.010848 0.000466
0.010729 0.000401
0.010678 0.000308
0.011012 0.000762
0.01072 0.001105
0.01087 0.000814
0.012092 0.001543
0.011061 0.000767
0.010755 0.000461
0.010817 0.000296
0.010724 0.000234
0.010794 0.000429
0.010654 0.000906
0.010805 0.000616
0.012583 0.001005
0.010834 0.000309
0.010888 0.000606
0.010846 0.000754
0.012678 0.000345
0.010695 0.000749
0.011172 0.000416
0.010716 0.00049
0.010774 0.000387
0.009796 0.000496
0.010832 0.000333
0.010829 0.000843
0.010816 0.000524
0.010801 0.000424
0.010792 0.000739
0.010766 0.000921
0.010762 0.000771
0.010807 0.000256
0.010824 0.000342
0.011939 0.000796
0.010947 0.000447
0.011126 0.000679
0.010794 0.000792
0.01081 0.000445
0.010765 0.000673
0.010777 0.000363
0.010865 0.000934
0.010991 0.000268
0.009881 0.000333
0.010872 0.000511
0.01086 0.000803
0.010997 0.001057
0.010863 0.000448
0.011317 0.000595
0.012756 0.00094
0.010732 0.000557
0.010782 0.000534
0.010723 0.000593
0.010781 0.000416
0.013179 0.00058
0.013389 0.000945
0.01125 0.000396
0.010777 0.000663
0.010772 0.000842
0.010798 0.000718
0.013259 0.000494
0.010769 0.000726
0.010801 0.000548
0.010772 0.00105
0.010849 0.000775
0.010807 0.000278
0.011208 0.000414
0.01079 0.000236
0.010991 0.000613
0.010818 0.000354
0.01077 0.000378
0.010766 0.001034
0.011254 0.000444
0.0109 0.000648
0.011138 0.000235
0.010745 0.00067
0.010815 0.000596
0.01076 0.000794
0.010764 0.0002
0.011136 0.000536
0.010176 0.000462
0.010889 0.000431
0.011041 0.000453
0.010748 0.000574
0.010739 0.000357
0.010711 0.000269
0.01104 0.000554
0.010801 0.000748
0.011098 0.000348
0.010841 0.000949
0.010779 0.000581
0.010815 0.000489
0.010807 0.000263
0.011078 0.000556
0.010822 0.000443
0.010736 0.000438
0.01075 0.000931
0.01075 0.00078
0.010846 0.000786
0.009816 0.000634
0.012948 0.000543
0.013846 0.00114
0.011639 0.000769
0.010825 0.000845
0.010814 0.000297
0.010857 0.000862
0.011502 0.000885
0.011103 0.000973
0.013703 0.000677
0.013854 0.000938
0.013855 0.000496
0.013866 0.000397
0.013705 0.001213
0.013724 0.000753
0.013698 0.000618
0.013547 0.001197
0.013952 0.001156
0.014202 0.001013
0.013909 0.001125
0.013797 0.000539
0.01375 0.00079
0.013809 0.000358
0.013868 0.000637
0.010059 0.000466
0.013952 0.000394
0.014474 0.000648
0.013746 0.000759
0.013812 0.001138
0.013733 0.001264
0.013763 0.000514
0.013748 0.000853
0.013684 0.000532
0.013841 0.00084
0.013869 0.000734
0.013771 0.00088
0.013765 0.000408
0.013786 0.000235
0.013881 0.000759
0.013801 0.000314
0.013802 0.000778
0.014149 0.001291
0.014313 0.000952
0.013785 0.000456
0.013843 0.000643
0.013798 0.000996
0.013633 0.000336
0.010162 0.00092
0.013708 0.000672
0.014568 0.001019
0.01377 0.000943
0.013902 0.000448
0.013882 0.000349
0.013665 0.000502
0.013844 0.000598
0.012854 0.000625
0.014318 0.00151
0.013878 0.000403
0.013788 0.000657
0.013875 0.000543
0.013736 0.000696
0.013967 0.001195
0.013828 0.000694
0.013923 0.001036
0.013861 0.000954
0.013902 0.000542
0.013692 0.000369
0.013828 0.000779
0.013917 0.000984
0.013864 0.001255
0.010966 0.000629
0.013982 0.0011
0.01454 0.000452
0.013771 0.00066
0.014027 0.000526
0.013842 0.00082
0.013879 0.001006
0.013884 0.000707
0.011944 0.001131
0.01392 0.000591
0.013829 0.000669
0.013878 0.000438
0.01379 0.001009
0.013805 0.000858
0.013771 0.000705
0.013823 0.000674
0.013918 0.000944
0.013946 0.000714
0.013939 0.001195
0.014075 0.001092
0.013776 0.000708
0.013766 0.000854
0.013891 0.000701
0.009839 0.000415
0.013836 0.000486
0.014603 0.000594
0.013782 0.000902
0.013888 0.000463
0.013808 0.000352
0.013632 0.001071
0.013806 0.000364
0.010603 0.00057
0.013906 0.000682
0.013836 0.000793
0.013793 0.000586
0.013783 0.000341
0.013754 0.001028
0.013728 0.000571
0.013877 0.00047
0.013895 0.000626
0.013814 0.000333
0.013821 0.001172
0.013884 0.000546
0.01389 0.001245
0.013891 0.001062
0.014347 0.00055
0.012451 0.001067
0.014005 0.000913
0.014363 0.000313
0.014 0.000485
0.013832 0.000948
0.013933 0.000785
0.013828 0.000413
0.013776 0.000759
0.010277 0.000527
0.013899 0.000837
0.014426 0.00077
0.013632 0.001155
0.013711 0.00098
0.013684 0.000813
0.013862 0.000909
0.013627 0.000373
0.012764 0.00062
0.01417 0.00056
0.013737 0.000403
0.013883 0.000426
0.013725 0.000907
0.01434 0.000546
0.013132 0.000831
0.011519 0.000782
0.012046 0.000739
0.011159 0.000565
0.01078 0.000873
0.010816 0.000869
0.010938 0.000771
0.014946 0.000827
0.011469 0.001125
0.010826 0.000634
0.010998 0.000831
0.010959 0.001037
0.010911 0.001184
0.015168 0.000356
0.010945 0.00051
0.010911 0.000965
0.010984 0.001068
0.011262 0.000427
0.012113 0.000431
0.01319 0.000247
0.011632 0.000649
0.01088 0.000552
0.011277 0.000669
0.011332 0.00065
0.010846 0.000886
0.011552 0.000534
0.011086 0.000968
0.01082 0.000599
0.010969 0.000692
0.011528 0.000475
0.010607 0.000803
0.0136 0.00084
0.011101 0.000295
0.010803 0.000768
0.010802 0.000261
0.010822 0.000994
0.010704 0.000763
0.010768 0.001102
0.010956 0.000412
0.010779 0.000359
0.01081 0.000936
0.011298 0.000519
0.015636 0.000341
0.011741 0.000803
0.011327 0.000404
0.010485 0.000894
0.010796 0.000602
0.010906 0.000895
0.011061 0.000485
0.011254 0.001033
0.013698 0.000779
0.01625 0.000847
0.010793 0.000298
0.010817 0.000582
0.01087 0.001335
0.011069 0.000635
0.010865 0.001087
0.010867 0.000638
0.010952 0.000619
0.012873 0.000939
0.010847 0.000381
0.012785 0.000921
0.010591 0.000654
0.011109 0.000278
0.011118 0.000377
0.011196 0.00047
0.010864 0.000799
0.011219 0.000422
0.010993 0.000658
0.010821 0.000514
0.010856 0.000893
0.010783 0.000383
0.01119 0.000486
0.010831 0.000459
0.011618 0.000639
0.010822 0.000225
0.010895 0.000515
0.010817 0.00088
0.015974 0.000382
0.013153 0.00042
0.010972 0.001101
0.0114 0.000621
0.011382 0.000491
0.010949 0.000853
0.010796 0.001341
0.010855 0.000779
0.01365 0.001069
0.016542 0.000705
0.01496 0.000258
0.014165 0.000753
0.010794 0.000541
0.010994 0.000596
0.010917 0.001019
0.010795 0.00058
0.010775 0.000315
0.010678 0.000284
0.010973 0.000582
0.011003 0.001105
0.014439 0.000413
0.01145 0.000497
0.011669 0.000855
0.010754 0.000646
0.011156 0.000404
0.011014 0.001533
0.012216 0.000666
0.010691 0.000367
0.010769 0.000693
0.010792 0.000921
0.01087 0.000466
0.010798 0.000411
0.010884 0.000727
0.010761 0.000554
0.01474 0.000778
0.016043 0.000978
0.015976 0.000871
0.016271 0.000757
0.016055 0.000988
0.016149 0.000312
0.010709 0.000953
0.014407 0.000801
0.011003 0.000517
0.011454 0.000636
0.011019 0.000952
0.010615 0.000478
0.010841 0.000362
0.010909 0.000498
0.012284 0.001026
0.012981 0.000726
0.014803 0.000565
0.010767 0.001052
0.010743 0.000878
0.010757 0.000934
0.01038 0.000437
0.011219 0.000265
0.010977 0.000845
0.010805 0.000341
0.010759 0.000994
0.010815 0.000396
0.010677 0.000532
0.010781 0.0008
0.010742 0.000882
0.009986 0.000435
0.010909 0.000594
0.010744 0.00073
0.010851 0.000604
0.010786 0.000848
0.010839 0.000598
0.010853 0.000503
0.011519 0.000612
0.010804 0.000558
0.010753 0.000822
0.010757 0.000713
0.01078 0.001085
0.010786 0.000619
0.01476 0.000302
0.014622 0.000815
0.01078 0.00029
0.010748 0.000777
0.011011 0.000245
0.010707 0.000829
0.010893 0.000449
0.018685 0.00061
0.010757 0.000483
0.010931 0.000296
0.010812 0.000552
0.010856 0.000545
0.010804 0.000789
0.011082 0.000844
0.01059 0.000644
0.010827 0.000838
0.010746 0.000594
0.01079 0.000328
0.010841 0.00085
0.010823 0.000813
0.010757 0.000813
0.010747 0.000469
0.010807 0.000858
0.011107 0.001022
0.010816 0.000448
0.011377 0.000621
0.010974 0.000688
0.010805 0.000833
0.01079 0.000521
0.01075 0.000928
0.010681 0.000745
0.01077 0.00105
0.010792 0.00047
0.015197 0.000808
0.01088 0.000681
0.010968 0.00104
0.010797 0.000987
0.011214 0.000843
0.011653 0.000462
0.010861 0.000799
0.011884 0.000245
0.010827 0.000832
0.009316 0.000834
0.010819 0.00038
0.011551 0.001023
0.010792 0.0004
0.010784 0.000143
0.01102 0.000514
0.010761 0.000512
0.010818 0.000426
0.010872 0.000785
0.010747 0.000915
0.010923 0.000965
0.011764 0.001059
0.01083 0.000629
0.010783 0.000762
0.011509 0.000558
0.01075 0.000576
0.010778 0.000891
0.01175 0.000364
0.011496 0.000654
0.010907 0.00106
0.011542 0.00077
0.011995 0.000853
0.010755 0.000356
0.011128 0.000813
0.010786 0.000393
0.010891 0.000909
0.016122 0.000551
0.015135 0.001424
0.016506 0.000954
0.01094 0.000337
0.011089 0.000373
0.010828 0.000979
0.013695 0.000686
0.010977 0.001064
0.016284 0.001126
0.010579 0.000972
0.010788 0.000641
0.010982 0.000632
0.011375 0.000934
0.010777 0.000333
0.011091 0.000433
0.012045 0.000667
0.010722 0.00042
0.013108 0.000242
0.010806 0.000638
0.013043 0.000859
0.011033 0.00039
0.010724 0.00104
0.010691 0.001252
0.010735 0.000532
0.011103 0.000981
0.013006 0.000875
0.010797 0.000646
0.009971 0.000575
0.011018 0.000583
0.010877 0.000304
0.013221 0.000726
0.010822 0.000667
0.010778 0.000551
0.010689 0.000519
0.011157 0.000507
0.010812 0.000651
0.009603 0.00054
0.014159 0.000633
0.010849 0.000607
0.010704 0.000553
0.01071 0.000241
0.011603 0.000602
0.010779 0.000722
0.010807 0.000565
0.010998 0.000773
0.010862 0.000497
0.010771 0.000557
0.010893 0.000884
0.010747 0.000427
0.010878 0.000761
0.013537 0.000521
0.012588 0.000421
0.010936 0.000484
0.010759 0.00063
0.014136 0.001133
0.010703 0.000773
0.010939 0.000721
0.010791 0.001
0.011069 0.000301
0.010722 0.000567
0.010839 0.00052
0.01124 0.000656
0.011229 0.001185
0.015642 0.000915
0.01272 0.001143
0.013785 0.001113
0.012103 0.000897
0.013226 0.000949
0.01089 0.000549
0.010778 0.001079
0.011901 0.00081
0.012214 0.00061
0.01328 0.000449
0.011231 0.000575
0.010934 0.000386
0.01076 0.000588
0.011097 0.000442
0.011054 0.000697
0.010764 0.001075
0.011111 0.000337
0.011542 0.000525
0.010853 0.000668
0.010706 0.000886
0.010794 0.000667
0.010839 0.000873
0.012482 0.000425
0.010802 0.000484
0.010974 0.000526
0.010766 0.000722
0.012187 0.001002
0.010799 0.001073
0.011619 0.001122
0.010783 0.000399
0.010935 0.000911
0.010771 0.000737
0.012922 0.000836
0.014241 0.000591
0.014546 0.000597
0.012629 0.000503
0.013793 0.000668
0.014167 0.000723
0.013933 0.000556
0.014306 0.000829
0.013928 0.000832
0.013423 0.000709
0.010828 0.000292
0.009708 0.000485
0.010987 0.000532
0.011993 0.000609
0.012282 0.000324
0.011111 0.000414
0.010776 0.000614
0.010777 0.00059
0.010741 0.000335
0.01081 0.000531
0.010462 0.000597
0.010814 0.000452
0.010885 0.000935
0.010734 0.000625
0.01077 0.000684
0.010831 0.000348
0.011081 0.000496
0.010726 0.0007
0.011077 0.000684
0.010957 0.000547
0.010337 0.00067
0.011089 0.000459
0.011133 0.000935
0.013448 0.000566
0.012627 0.000358
0.010802 0.000585
0.011925 0.000574
0.010865 0.000585
0.010867 0.001071
0.010859 0.00065
0.011141 0.000622
0.013867 0.0005
0.010839 0.000621
0.010758 0.000263
0.010792 0.001157
0.015227 0.000872
0.015661 0.000775
0.013792 0.000747
0.010841 0.000352
0.011005 0.000332
0.014418 0.000578
0.011004 0.000396
0.01083 0.000571
0.016519 0.000494
0.015816 0.00061
0.010876 0.000329
0.010841 0.000557
0.010787 0.000679
0.011538 0.000562
0.011608 0.000239
0.010787 0.001049
0.010771 0.00068
0.010809 0.000545
0.010764 0.000307
0.010844 0.000304
0.010026 0.000906
0.010996 0.001128
0.010882 0.000502
0.010985 0.000363
0.015916 0.000357
0.019514 0.000768
0.010721 0.000837
0.010878 0.000595
0.01076 0.000442
0.010594 0.000694
0.010792 0.000602
0.011064 0.000851
0.011075 0.000736
0.010753 0.000793
0.015658 0.000589
0.011882 0.000315
0.011119 0.000791
0.010843 0.000573
0.011197 0.00054
0.013778 0.000801
0.014006 0.001075
0.013716 0.000305
0.013666 0.001074
0.013948 0.00056
0.013898 0.000489
0.010817 0.000331
0.010046 0.000564
0.010855 0.000798
0.010811 0.000558
0.010793 0.000487
0.010799 0.000627
0.010696 0.00081
0.010826 0.000553
0.01079 0.000869
0.010816 0.000603
0.010771 0.000747
0.012453 0.000831
0.01242 0.000599
0.010797 0.000894
0.010848 0.000806
0.010811 0.00045
0.010784 0.000528
0.010827 0.000374
0.013468 0.000805
0.010616 0.000748
0.010798 0.000487
0.010805 0.000928
0.010817 0.000428
0.010822 0.000309
0.010765 0.000558
0.010785 0.000652
0.010686 0.000872
0.010829 0.000281
0.010689 0.000441
0.010489 0.000502
0.010811 0.000392
0.011265 0.000959
0.010878 0.000539
0.010784 0.000668
0.010747 0.000534
0.010659 0.00042
0.011316 0.000504
0.010745 0.000863
0.010354 0.000337
0.010855 0.000805
0.010819 0.000913
0.010813 0.000517
0.010706 0.000621
0.010745 0.000337
0.01082 0.000921
0.011062 0.000475
0.010754 0.000519
0.010777 0.000473
0.01093 0.000611
0.013694 0.000502
0.012751 0.00107
0.010759 0.000838
0.010822 0.000709
0.010804 0.000817
0.01099 0.000324
0.010821 0.000218
0.010919 0.000755
0.010886 0.000393
0.010763 0.00043
0.01088 0.00096
0.010765 0.000876
0.010745 0.000593
0.010736 0.000415
0.010743 0.000806
0.010775 0.000907
0.010699 0.000913
0.009419 0.000918
0.010751 0.000771
0.0109 0.000737
0.010852 0.000796
0.011939 0.000718
0.010736 0.000463
0.010815 0.000951
0.010805 0.000454
0.014344 0.000828
0.016463 0.001048
0.016554 0.000882
0.016817 0.000418
0.011272 0.000232
0.010872 0.000504
0.011147 0.000497
0.011081 0.000932
0.011316 0.000591
0.010967 0.000964
0.010849 0.000883
0.011052 0.000888
0.010819 0.000504
0.012205 0.001189
0.019402 0.000873
0.010879 0.00048
0.010816 0.000276
0.014334 0.000942
0.012636 0.000484
0.011756 0.000547
0.010833 0.000349
0.010727 0.00041
0.010814 0.00101
0.010747 0.000906
0.012151 0.000542
0.010682 0.000831
0.011206 0.00111
0.011118 0.000432
0.010961 0.00069
0.010928 0.000596
0.016057 0.000422
0.010839 0.0004
0.011588 0.001139
0.015541 0.000332
0.010829 0.000679
0.010869 0.000487
0.012286 0.000557
0.011447 0.002247
0.010977 0.000874
0.010859 0.000439
0.010824 0.001034
