0.016802 0.00011

0.016827 0.000207

0.016716 0.000136

0.017278 0.00022

0.017468 0.00023

0.016835 0.000218

0.017129 0.000138

0.016774 0.000215

0.01671 0.000209

0.017152 0.000223

0.01686 0.00014

0.016967 0.000207

0.016887 0.000242

0.016814 0.000114

0.017143 0.000177

0.016702 9.6e-05

0.016723 0.000197

0.016764 0.000132

0.016609 0.000112

0.01666 0.00012

0.017185 0.000131

0.01683 0.000172

0.016683 0.00021

0.016913 0.000203

0.016567 0.000207

0.016989 0.000124

0.016662 0.00023

0.017098 0.000145

0.016783 0.000209

0.016881 0.00018

0.01663 0.0001

0.016804 0.000197

0.017184 0.000175

0.016892 0.000196

0.016814 0.000244

0.016786 0.000136

0.01677 0.000225

0.016566 0.000129

0.017716 0.000173

0.016751 0.000211

0.016687 0.000156

0.016663 0.000174

0.016685 0.000141

0.01666 0.000203

0.016706 0.000176

0.016995 0.000142

0.016806 0.000169

0.016667 0.000165

0.01683 0.000134

0.01683 0.000143

0.016617 0.000138

0.01724 0.000193

0.016863 0.000205

0.017068 0.000114

0.016852 0.000203

0.016814 9.7e-05

0.016637 0.000217

0.017186 0.000178

0.016687 0.000122

0.016602 0.000216

0.016749 0.000159

0.017199 0.000135

0.016723 0.00012

0.016814 0.000216

0.016751 0.000212

0.016637 0.000173

0.016867 0.000209

0.016767 0.000204

0.016606 0.000108

0.016736 0.00022

0.016667 0.000116

0.016662 0.000153

0.017183 0.000193

0.016683 0.000186

0.016619 9.7e-05

0.016578 0.000217

0.016748 0.000182

0.01671 0.000218

0.016801 0.000222

0.016738 0.000202

0.016668 0.000182

0.01683 0.000102

0.016665 0.000113

0.016797 0.000202

0.016641 0.000205

0.016648 0.000131

0.01686 0.000189

0.016775 0.000217

0.016722 0.000215

0.016704 0.000148

0.017106 0.00013

0.016752 0.000211

0.016566 0.000155

0.016755 0.000212

0.016528 0.000193

0.016676 9.7e-05

0.016728 0.000114

0.016604 0.000147

0.016771 0.00017

0.016928 0.00019

0.016637 0.000123

0.016613 0.000181

0.0186 0.000107

0.016744 0.000188

0.01685 7.7e-05

0.016691 0.000105

0.016768 0.000212

0.016949 0.000165

0.016672 0.000214

0.016784 0.000215

0.0168 0.000131

0.016742 0.000219

0.017362 0.000186

0.016995 0.000231

0.016966 0.000215

0.016722 0.000201

0.016614 0.000102

0.016662 9.5e-05

0.017014 0.0002

0.016734 7e-05

0.017042 0.000202

0.017765 7.6e-05

0.016803 0.000216

0.016923 0.00018

0.016792 0.00014

0.017303 0.000127

0.016665 0.000211

0.016832 0.000201

0.016912 0.000136

0.016714 0.000196

0.016606 0.000103

0.017064 0.000194

0.016666 0.000113

0.016836 0.000149

0.016703 0.000156

0.016612 0.000188

0.016832 5e-05

0.016721 0.000107

0.016672 9.9e-05

0.016824 0.000196

0.016863 0.00013

0.0166 0.000112

0.017297 0.000174

0.017003 0.000176

0.016968 0.000208

0.016833 0.000191

0.016809 0.000177

0.016729 0.00022

0.017187 0.000218

0.016994 0.000205

0.016898 0.000226

0.016886 0.00018

0.016842 0.000218

0.016664 0.000215

0.016668 0.000261

0.016723 0.000176

0.016716 0.000216

0.016615 0.000119

0.016833 0.000152

0.016721 0.000213

0.01667 9.4e-05

0.016924 0.00014

0.01673 0.000185

0.016608 0.000152

0.016898 0.000209

0.016779 0.00017

0.016945 0.000153

0.016593 0.000181

0.016627 8.6e-05

0.016805 0.000128

0.016586 0.000172

0.016745 0.000184

0.016665 0.000123

0.016754 0.000207

0.016731 0.000175

0.016652 0.000216

0.016721 0.000139

0.016777 0.000185

0.01661 0.000134

0.016635 0.000135

0.016763 0.000215

0.016848 0.000127

0.016844 0.000119

0.017081 0.000118

0.017033 0.00018

0.016834 0.000143

0.016867 0.00012

0.016813 0.00015

0.016818 0.000151

0.016711 0.000176

0.016756 0.000154

0.016622 0.000203

0.016781 0.000208

0.016865 0.000211

0.016646 0.000186

0.017183 0.00021

0.016663 0.000202

0.016752 0.000175

0.016719 7.1e-05

0.016621 0.000115

0.016762 0.000211

0.01662 0.000205

0.016888 0.000196

0.016652 0.000152

0.017744 0.000213

0.017261 0.000219

0.016698 0.000208

0.016785 0.000109

0.016833 0.000206

0.016615 0.000215

0.016755 0.000165

0.016636 9.6e-05

0.017058 0.000206

0.01675 0.000117

0.016909 0.000114

0.0166 6.3e-05

0.016771 0.000214

0.016831 0.000177

0.016813 0.000103

0.016601 0.000167

0.016496 0.000215

0.017204 0.000185

0.016675 0.000155

0.016892 0.000172

0.016915 0.000307

0.017003 0.000203

0.016599 0.000215

0.016731 0.000126

0.016916 6.6e-05

0.016833 0.000124

0.016664 0.000207

0.016609 0.000206

0.016729 0.00011

0.016981 0.00021

0.01717 0.000212

0.016769 0.000219

0.016693 0.000169

0.017088 0.000119

0.016841 0.000171

0.016854 0.000184

0.016615 7.7e-05

0.016639 0.000162

0.016707 0.000198

0.016746 0.000195

0.016895 0.000108

0.016655 0.000222

0.01679 0.000133

0.016728 0.000155

0.016676 0.00021

0.016737 0.000159

0.016708 0.000145

0.016671 0.000213

0.016749 0.000141

0.017165 0.000196

0.017214 0.000138

0.016698 0.0002

0.01674 0.000209

0.016699 0.000134

0.016947 0.000118

0.016691 0.000208

0.016702 8.6e-05

0.016744 0.000133

0.016806 0.000189

0.016781 0.000203

0.016836 0.000208

0.016717 0.000139

0.016676 0.000189

0.016698 0.000202

0.016666 0.000205

0.017226 0.000106

0.016835 0.000169

0.016805 0.000113

0.016692 0.000203

0.01668 0.000218

0.017188 0.000115

0.017253 0.000149

0.016855 0.000159

0.016619 6.4e-05

0.01677 0.000217

0.016778 7.2e-05

0.016783 0.000198

0.016675 0.000191

0.01688 0.000157

0.016555 0.000213

0.017146 0.000155

0.016975 0.000173

0.016639 0.000177

0.017798 0.000191

0.016718 0.000144

0.016888 0.000197

0.016737 0.000164

0.016785 0.000156

0.016638 0.000182

0.016866 0.000211

0.016834 0.000108

0.016604 0.000194

0.017094 0.000202

0.017114 0.000212

0.017101 0.00011

0.016799 0.000175

0.016868 8.6e-05

0.016768 0.000138

0.016748 0.000212

0.016597 0.000103

0.016738 0.000216

0.016694 0.000206

0.016682 0.000175

0.016873 0.000223

0.017388 0.00013

0.016741 0.000157

0.016642 0.000214

0.016883 0.00019

0.017078 0.000122

0.016747 0.000197

0.017063 0.000114

0.016746 0.000197

0.017227 0.000172

0.01685 0.000154

0.016679 0.000185

0.016621 0.000206

0.01665 0.000102

0.016819 0.000148

0.017106 0.000226

0.01675 0.000169

0.016685 0.000136

0.016638 0.000212

0.01653 0.000156

0.016908 0.000208

0.016615 0.000175

0.01709 0.000165

0.016601 0.000105

0.016568 0.000141

0.016717 0.000114

0.016931 0.000218

0.016696 0.000122

0.016696 0.000207

0.016594 0.000212

0.016678 7.2e-05

0.016603 6.9e-05

0.01695 0.000143

0.016748 0.000139

0.016647 0.000107

0.016723 0.00014

0.016784 0.000227

0.016555 0.00021

0.017128 0.000108

0.016726 0.000161

0.016728 0.000223

0.016858 0.000161

0.016698 0.000212

0.016654 0.000204

0.016771 0.000144

0.01668 0.00011

0.01672 0.000175

0.016619 7.5e-05

0.016725 0.000182

0.016755 0.000158

0.016705 0.000178

0.016637 0.00022

0.016728 0.000177

0.016543 0.000219

0.016668 0.00017

0.01666 0.000107

0.016771 0.000219

0.016714 0.000104

0.016603 9.8e-05

0.016676 0.000207

0.017184 0.000175

0.016608 0.000149

0.016821 0.000216

0.016699 0.000158

0.016753 0.00019

0.016735 0.000112

0.016692 0.000207

0.016849 0.000211

0.016756 0.00017

0.016727 0.0002

0.016666 0.000208

0.016673 9.9e-05

0.016807 0.000206

0.017076 0.000145

0.016723 0.000204

0.016703 0.000173

0.016723 0.000184

0.016636 0.000215

0.016697 0.00021

0.016779 0.000194

0.017119 0.00018

0.016635 0.000219

0.016802 0.000109

0.016729 0.000159

0.017185 0.000217

0.016763 0.000205

0.016664 0.000144

0.016749 0.000146

0.016908 0.000188

0.01678 0.00014

0.016885 0.000115

0.01673 0.000121

0.016787 0.00025

0.016834 0.00014

0.016732 0.000101

0.016762 0.000216

0.01668 0.000134

0.016636 0.000106

0.016861 0.000173

0.016693 0.000197

0.016799 0.000112

0.016795 0.000187

0.01672 0.000215

0.016759 0.000182

0.016792 0.000206

0.01828 6.1e-05

0.016752 0.000208

0.016503 0.000133

0.017144 0.000117

0.016867 0.000225

0.016681 0.000148

0.01672 0.000218

0.01661 0.000154

0.016608 0.000144

0.016677 9.3e-05

0.01666 0.000203

0.017013 0.000215

0.016823 0.000123

0.016723 0.00021

0.016966 0.000193

0.016844 0.000128

0.016669 0.000177

0.016612 0.000157

0.0166 0.000219

0.0166 0.000104

0.01674 9.9e-05

0.01665 0.000208

0.016635 0.000212

0.016652 0.000186

0.016879 0.000216

0.016587 0.000212

0.016699 0.000123

0.016722 0.000164

0.016667 0.000184

0.016591 0.000174

0.016756 0.000169

0.016644 0.000205

0.016703 0.000112

0.016678 0.000207

0.016659 0.0002

0.016847 0.00017

0.016678 0.000147

0.016707 0.000134

0.016526 0.000127

0.016655 0.000213

0.016836 0.000242

0.016573 0.000148

0.016781 0.000101

0.016664 8.4e-05

0.016579 0.000221

0.016819 0.000172

0.016998 0.000166

0.016847 0.000211

0.01666 0.000182

0.016749 0.00015

0.0166 7.6e-05

0.016705 0.00011

0.01681 0.000204

0.016708 7.4e-05

0.017068 0.000148

0.016784 0.000208

0.016879 0.000142

0.016687 0.000186

0.017203 0.000193

0.017273 0.00015

0.017223 0.000114

0.016863 0.000193

0.016991 0.000147

0.016947 0.000208

0.01703 0.000177

0.016708 0.000206

0.017106 0.000119

0.016773 0.0002

0.016739 0.000215

0.017212 0.000197

0.01707 0.000188

0.016887 0.000141

0.016729 0.000236

0.016909 8.1e-05

0.016712 0.000148

0.017074 0.000103

0.016716 0.000116

0.016686 0.000213

0.016707 0.000201

0.016713 0.000122

0.016641 0.000208

0.016769 0.000198

0.017128 0.000213

0.017528 0.000208

0.016851 0.000214

0.01705 0.000124

0.016791 0.000175

0.016901 0.000119

0.016685 0.000153

0.016645 0.00014

0.016672 0.000212

0.016821 0.000146

0.016821 0.000168

0.01671 0.000126

0.016897 0.000168

0.016876 0.000196

0.016687 0.000151

0.016677 0.000211

0.017058 8.2e-05

0.016719 0.000162

0.016743 0.000161

0.016577 0.000208

0.01674 0.00019

0.016805 0.000156

0.018536 0.000189

0.016722 0.00019

0.016589 0.000135

0.01714 0.000213

0.016973 0.00021

0.016636 0.00011

0.016746 0.000208

0.017135 7.6e-05

0.01668 0.000209

0.016964 0.000174

0.016634 0.000125

0.0172 0.000121

0.016716 0.000216

0.016754 0.000239

0.017259 0.000124

0.016683 0.000164

0.016725 0.000171

0.016783 0.000146

0.01672 0.000173

0.017266 0.000145

0.016629 0.000121

0.016797 0.000101

0.016825 0.000212

0.016599 0.000149

0.016657 0.000222

0.016716 0.000206

0.017203 0.000216

0.016657 0.000194

0.016696 0.000166

0.016711 0.000211

0.016617 6.8e-05

0.016901 5.6e-05

0.017148 7.9e-05

0.016778 0.000215

0.016687 0.000208

0.017137 0.000151

0.016713 0.000189

0.017122 0.000209

0.017253 0.000214

0.016654 0.000196

0.016864 8.1e-05

0.016706 0.000204

0.016674 0.000215

0.016878 0.000138

0.016663 0.000162

0.016951 0.000156

0.016826 0.000214

0.016722 8.4e-05

0.017854 0.00011

0.01708 0.000185

0.016839 0.000112

0.016674 0.000173

0.016743 0.000108

0.01673 0.0002

0.016681 0.000213

0.016673 0.000112

0.016725 0.000216

0.016654 0.000186

0.016728 9.8e-05

0.016752 0.000216

0.016854 0.000165

0.016838 0.000197

0.016605 0.000227

0.01716 0.000181

0.016664 0.000217

0.016687 0.000169

0.016854 0.000204

0.016927 0.000101

0.016811 0.000229

0.016755 0.000215

0.016854 0.000107

0.016726 0.000103

0.016663 0.000172

0.016635 0.000136

0.016696 0.000212

0.016734 0.000207

0.016662 0.000211

0.016716 0.000117

0.01671 0.000208

0.017151 0.000133

0.016772 6.2e-05

0.016989 0.000183

0.016672 0.000187

0.017419 0.000146

0.016781 0.000216

0.017041 0.000175

0.016718 0.000218

0.016889 0.00016

0.017208 0.000208

0.016907 8.1e-05

0.016757 0.000124

0.017005 0.00021

0.016846 0.000153

0.016711 0.000183

0.016615 0.000177

0.016788 0.000141

0.016778 0.000148

0.016927 0.000149

0.016872 0.000164

0.016701 0.000196

0.016578 0.000216

0.016741 0.000151

0.016774 0.000123

0.016682 0.000217

0.016735 0.000189

0.016575 0.000115

0.016597 0.000108

0.016768 0.000183

0.01666 0.000124

0.016648 0.000153

0.016652 0.000105

0.01672 0.000163

0.016657 0.000115

0.016813 4.4e-05

0.01671 0.000139

0.01706 0.000186

0.016721 0.000213

0.016685 0.000167

0.016887 0.00022

0.016686 0.000211

0.016605 0.00022

0.016674 0.000213

0.016684 0.000145

0.016702 0.000205

0.016675 0.000198

0.016812 0.000107

0.016699 0.000201

0.016548 0.000125

0.016739 8.1e-05

0.016889 0.000109

0.017035 0.000188

0.016832 0.000228

0.017049 0.000216

0.016707 0.000213

0.017234 8.7e-05

0.016725 7.9e-05

0.016703 0.000104

0.017072 0.000219

0.016514 0.000158

0.016888 0.000252

0.016702 0.000112

0.016714 7.9e-05

0.017024 0.000214

0.016759 0.000109

0.016887 0.000211

0.016715 8.4e-05

0.016663 9.3e-05

0.016993 0.000241

0.016742 0.000162

0.01693 0.000132

0.017043 0.000209

0.016704 0.000157

0.016642 0.000144

0.016732 0.000216

0.017144 0.000169

0.016676 0.000213

0.016922 0.000211

0.016695 0.000205

0.016687 0.000176

0.016773 0.000109

0.016917 0.000218

0.0167 0.000214

0.016744 0.000217

0.016717 0.000226

0.01683 0.000103

0.016828 0.000159

0.016847 0.000214

0.016682 0.000213

0.016724 0.000215

0.016746 0.000168

0.016858 0.000149

0.016789 0.00019

0.016699 9.5e-05

0.016817 0.000219

0.016724 0.000173

0.016791 0.000123

0.016742 0.000204

0.016611 0.000213

0.017197 0.00011

0.01673 0.000177

0.016653 0.000199

0.016742 0.000214

0.016963 0.000111

0.016589 0.000197

0.016637 0.000193

0.01679 0.000131

0.016657 0.000208

0.017622 0.00022

0.016766 0.000137

0.017095 0.000167

0.016687 0.000218

0.016867 0.000209

0.016782 0.000165

0.01668 0.000218

0.016719 7.8e-05

0.016532 0.000138

0.016826 0.000172

0.016677 0.000149

0.016666 0.000103

0.016663 0.000149

0.017036 0.000198

0.016602 7.1e-05

0.016798 0.000158

0.016734 0.00016

0.01667 0.000214

0.016842 0.000242

0.016646 0.000102

0.016745 0.000113

0.018437 0.000165

0.016807 0.000209

0.017082 0.000176

0.016844 0.000215

0.01676 0.000217

0.01668 0.000154

0.017401 0.00015

0.016611 0.000201

0.01681 0.000219

0.01683 0.000161

0.016746 0.000177

0.016803 0.00014

0.01718 0.00016

0.016737 0.000211

0.016884 0.000183

0.01685 9.8e-05

0.017121 0.000212

0.016667 0.00017

0.016599 0.000115

0.016907 0.000214

0.01718 0.000225

0.016627 0.000219

0.017089 0.000111

0.016636 0.000211

0.016711 0.00017

0.017168 0.000115

0.016655 0.000116

0.016761 0.000187

0.016639 0.00017

0.016785 0.00022

0.016572 0.000189

0.016742 0.000214

0.016725 0.000151

0.017231 0.000205

0.016839 0.000173

0.017413 0.00021

0.016725 0.00013

0.017174 0.000129

0.016652 0.000145

0.017176 0.000213

0.016825 0.000111

0.016731 0.000206

0.016639 0.000123

0.016799 0.00013

0.016594 0.000122

0.016743 0.00022

0.017166 0.000147

0.016834 0.000198

0.016689 0.000204

0.016821 0.000214

0.017269 0.000199

0.016734 0.000216

0.017161 0.00015

0.016721 0.000107

0.016704 0.000214

0.016637 0.000116

0.016905 0.000213

0.016895 0.000109

0.016569 0.000202

0.017234 0.000195

0.016694 0.000214

0.01711 8.6e-05

0.016731 0.000104

0.017121 0.000185

0.016869 0.000213

0.016698 0.000207

0.017197 0.000225

0.016856 0.000204

0.01697 0.000102

0.016623 0.000108

0.016741 0.000183

0.016684 8e-05

0.016767 0.000231

0.017158 0.000106

0.017178 0.000128

0.017072 0.000115

0.016786 0.000114

0.016871 0.000217

0.016745 0.000117

0.01663 0.000201

0.016659 0.00015

0.017123 0.000185

0.016811 6.5e-05

0.01763 0.00012

0.016622 6.5e-05

0.017156 0.000179

0.016703 0.000217

0.017253 0.000207

0.016769 0.000222

0.016908 9.9e-05

0.016612 0.000209

0.016628 0.000105

0.016888 0.000215

0.016648 0.000165

0.017056 0.000223

0.016675 0.000104

0.016641 8.1e-05

0.017306 0.000157

0.017169 0.000198

0.01665 0.000128

0.016725 0.000116

0.016599 0.000202

0.016766 0.000125

0.016863 0.000105

0.016802 0.000167

0.016814 0.000217

0.016731 0.000149

0.016709 0.000145

0.016772 0.000149

0.016831 9.7e-05

0.016843 0.000214

0.016699 0.000153

0.016646 0.000118

0.016805 0.000214

0.0167 8.6e-05

0.016695 0.000109

0.016756 0.000209

0.016707 0.000153

0.016855 0.000164

0.017147 0.000171

0.016725 0.000132

0.016687 0.000147

0.016744 0.000206

0.016736 0.00021

0.016871 0.000137

0.01692 0.000203

0.01679 6.6e-05

0.016731 0.000143

0.016692 0.000212

0.01668 0.000199

0.016612 0.000185

0.01668 0.000135

0.016829 0.000199

0.017195 0.0002

0.016565 0.000236

0.016769 0.000196

0.016936 0.000135

0.016728 0.000138

0.016649 0.000132

0.017333 0.000214

0.016573 0.00021

0.016798 0.00017

0.016808 0.000207

0.017153 0.00021

0.016945 0.000208

0.017729 0.000197

0.017063 0.000213

0.016563 0.000113

0.01664 0.000214

0.016913 0.000118

0.017202 0.00021

0.01694 0.000134

0.016984 0.000119

0.016849 0.00011

0.016775 0.000163

0.016696 8.9e-05

0.017222 0.000194

0.017053 0.000108

0.016553 0.00021

0.016908 0.000178

0.016674 0.000139

0.016876 0.000198

0.01659 0.000143

0.017205 8.3e-05

0.016667 0.000237

0.016792 0.000247

0.016919 0.000199

0.016709 0.000133

0.01668 0.000104

0.01667 0.00022

0.016835 0.000165

0.017218 0.00018

0.017005 0.000209

0.017118 9.3e-05

0.016631 0.000216

0.016787 0.000175

0.016942 0.000236

0.016632 0.000132

0.016718 0.000187

0.017212 0.000214

0.016846 0.000177

0.016671 0.00017

0.017228 0.000215

0.01677 9.4e-05

0.016592 7.7e-05

0.016833 0.000242

0.016909 7.2e-05

0.016817 0.000217

0.016576 0.000186

0.016796 0.000197

0.016722 0.00021

0.016975 0.000166

0.016814 0.000187

0.016791 0.000115

0.016672 0.000205

0.016891 0.000168

0.016981 0.000204

0.016771 0.000161

0.016685 0.000143

0.016672 0.000216

0.016656 0.000193

0.01682 0.000189

0.016746 0.000176

0.016606 0.000116

0.016749 0.000188

0.017063 0.000213

0.016791 0.000214

0.016846 0.000142

0.017306 0.000117

0.017173 0.000115

0.016878 0.000201

0.01675 0.000142

0.016718 0.000196

0.01724 0.000204

0.017133 0.000181

0.016691 0.000137

0.017087 0.000193

0.016734 0.000114

0.017288 0.000142

0.016729 0.000216

0.016736 0.000211

0.016755 0.000111

0.016974 0.000197

0.016723 0.000142

0.016625 0.000193

0.01668 0.000118

0.017103 0.000155

0.016716 0.00016

0.017341 0.000162

0.016808 0.000215

0.01659 0.000215

0.016807 0.000109

0.016878 0.000161

0.017325 9.9e-05

0.016655 0.000104

0.016674 0.000156

0.016848 0.000146

0.01672 0.000211

0.016648 0.000215

0.016614 0.000159

0.016746 0.000205

0.01663 0.000172

0.016635 0.000195

0.016668 0.000115

0.017113 0.000115

0.01657 0.0002

0.01682 0.000151

0.016699 0.000124

0.016711 0.000112

0.017706 0.000199

0.016603 0.000122

0.016538 0.000194

0.01657 0.000128

0.016847 0.000154

0.01681 9.8e-05

0.016748 0.00025

0.01675 0.000179

0.016665 9.8e-05

0.016772 0.000213

0.016806 0.00022

0.016801 0.000105

0.016784 0.000167

0.016777 0.000227

0.016716 8.6e-05

0.016678 0.000208

0.016718 0.000159

0.016672 0.000173

0.017056 0.000191

0.016797 0.000139

0.016832 0.000103

0.016748 0.000215

0.016772 0.000166

0.016873 0.000138

0.016632 0.000181

0.016708 0.000174

0.016745 0.000174

