0.004331 0.000156

0.004303 0.000192

0.004299 0.000279

0.004342 0.00025

0.004346 0.000195

0.00428 0.000173

0.004306 0.000133

0.004303 0.000263

0.004352 0.000297

0.004289 0.000287

0.004248 0.000462

0.004462 0.000156

0.004369 0.000456

0.004728 0.000155

0.004373 0.000211

0.004268 0.000241

0.004325 0.000409

0.004238 0.000133

0.004374 0.000457

0.004358 0.000427

0.00433 0.000122

0.004212 0.00019

0.004258 0.000442

0.004377 0.000421

0.004297 0.000439

0.004214 0.000379

0.004216 0.000361

0.0044 0.000217

0.004447 0.000377

0.004312 0.000321

0.00427 0.000189

0.004301 0.000199

0.004299 0.000143

0.004366 0.000449

0.004302 0.000115

0.004283 0.000259

0.00426 0.000144

0.004303 0.000294

0.004402 0.00025

0.004475 0.000214

0.004375 8e-05

0.004413 0.00031

0.004391 0.000155

0.00429 0.000213

0.004328 0.000246

0.004334 0.000341

0.004251 0.000135

0.004292 0.000152

0.004248 0.000192

0.004264 0.000297

0.004257 0.000265

0.004319 0.000228

0.004288 0.000284

0.004282 0.000386

0.004336 0.000121

0.004314 0.000318

0.004225 0.000191

0.004244 0.000296

0.004346 0.000349

0.004305 0.000176

0.004315 0.000222

0.004226 0.000351

0.004299 0.000218

0.004336 0.000298

0.004272 0.000287

0.004289 0.00038

0.004299 0.000226

0.004279 0.000244

0.004277 0.000288

0.004248 0.000189

0.004299 0.000332

0.004253 0.000429

0.004276 0.000414

0.004316 0.000375

0.004321 0.000258

0.004236 0.000328

0.004353 0.000373

0.004292 0.000394

0.004338 0.000418

0.004271 0.000269

0.004254 0.000114

0.004224 0.000168

0.004316 0.000273

0.004297 0.00025

0.004324 9.3e-05

0.004216 0.000246

0.004316 0.000457

0.004244 9.7e-05

0.004304 0.000172

0.0043 0.000398

0.004288 0.000289

0.004323 0.000249

0.004307 0.000253

0.004322 0.000352

0.004271 0.000161

0.004264 0.000244

0.00429 0.000246

0.004278 0.000306

0.004322 0.000407

0.004319 0.00028

0.004416 0.000248

0.004264 0.000225

0.004305 0.000331

0.004254 0.000327

0.004348 0.000178

0.004242 0.00021

0.004252 0.000272

0.004247 0.000267

0.004264 0.000343

0.00431 0.000279

0.004226 0.000355

0.004308 0.000358

0.004247 0.000355

0.004347 0.000241

0.004281 0.000357

0.004314 0.000298

0.004247 0.000434

0.004347 0.000272

0.00427 0.000179

0.004259 0.000417

0.004234 8.4e-05

0.004274 0.000369

0.004251 0.000317

0.00438 0.000344

0.00435 0.000386

0.004274 0.000116

0.004282 0.000357

0.0044 0.000226

0.004322 0.000163

0.004399 0.000175

0.004292 0.000339

0.004311 9.2e-05

0.004362 0.000376

0.004246 0.000166

0.004279 0.000137

0.004278 0.000197

0.004306 0.000201

0.004255 0.000465

0.004285 0.000308

0.004425 0.000253

0.004271 0.000275

0.00434 0.0002

0.004254 0.000436

0.00432 0.00016

0.004318 0.000271

0.004284 0.000257

0.004236 0.000438

0.00433 0.000186

0.004464 0.000302

0.004299 0.000331

0.004301 0.000173

0.004256 0.00029

0.004311 0.000177

0.004259 0.000294

0.004307 0.000245

0.004265 0.000437

0.004378 0.000444

0.004241 0.00025

0.004216 0.000118

0.004334 0.000241

0.004267 0.000232

0.004383 0.000338

0.004398 7.9e-05

0.004368 0.000453

0.004303 0.000268

0.004286 0.000459

0.004288 0.000202

0.004338 0.00044

0.004785 0.000239

0.004307 0.000282

0.004304 0.000473

0.004289 0.000295

0.004243 0.000294

0.004263 0.000143

0.004298 0.000201

0.004231 0.000275

0.004279 0.000272

0.004239 0.000193

0.00444 0.00018

0.004258 0.000111

0.004267 0.000164

0.004271 0.000147

0.004303 0.000341

0.004284 0.000298

0.004281 0.000269

0.004253 0.000256

0.004251 0.000297

0.004343 0.000162

0.004285 0.000435

0.004287 0.000263

0.004309 0.000418

0.004363 0.000287

0.004251 0.000286

0.004355 0.000302

0.004371 0.000406

0.004298 0.000215

0.004242 0.000333

0.004263 0.000197

0.004289 0.000207

0.004361 0.00033

0.004257 0.000382

0.004227 0.000107

0.004331 0.0003

0.004324 0.000254

0.004285 0.000403

0.004282 0.000391

0.004358 0.000261

0.004292 0.00026

0.004275 0.00019

0.004318 0.000208

0.004291 0.000206

0.004278 0.000324

0.004226 0.000442

0.004275 0.000285

0.004257 0.000135

0.004326 0.000208

0.004315 0.000218

0.004279 0.000388

0.004406 0.000394

0.004332 0.000457

0.004237 0.000193

0.004231 0.000237

0.004274 0.000425

0.004237 0.000269

0.004276 0.000181

0.004267 0.000165

0.00436 0.000203

0.004385 0.000257

0.004322 0.000315

0.004386 0.000371

0.004336 0.000349

0.004386 0.000196

0.004378 0.000375

0.004443 0.000137

0.004412 0.000165

0.004329 0.000296

0.004379 0.000443

0.004455 0.000305

0.00451 0.000412

0.004481 0.000247

0.004487 0.000321

0.004443 0.000288

0.004458 0.000291

0.004481 0.000273

0.00447 0.0003

0.004555 0.000316

0.004391 0.000295

0.004443 0.00034

0.004426 0.000149

0.004418 0.000215

0.004335 0.000219

0.004404 0.000317

0.004408 0.000125

0.004328 0.000182

0.004342 0.000309

0.004383 0.000276

0.00445 0.000237

0.004373 0.000353

0.004321 0.000238

0.004372 0.00046

0.004383 0.000267

0.004359 0.000355

0.004352 0.000113

0.004343 0.000208

0.004408 0.000336

0.004394 0.000217

0.004373 0.000166

0.004551 0.000472

0.004406 0.000233

0.004429 0.00037

0.004395 0.000133

0.004434 0.000191

0.004423 0.000402

0.0044 0.000263

0.004406 0.000206

0.004449 0.000399

0.004324 0.000174

0.004456 0.000237

0.004378 0.000231

0.004378 0.00031

0.004284 0.000371

0.004284 0.000274

0.004363 0.000133

0.00446 0.000286

0.004362 0.000317

0.004325 0.000332

0.004361 0.000258

0.004357 0.000337

0.004371 0.000259

0.004349 0.000113

0.004277 0.000322

0.004352 7.7e-05

0.004383 0.000211

0.00439 0.000282

0.00432 0.000283

0.004443 0.000205

0.004353 0.000358

0.004315 0.000159

0.004318 0.000152

0.004359 0.000198

0.004431 0.000193

0.004357 0.000174

0.004391 0.000175

0.004402 0.000417

0.004354 0.000179

0.004359 0.000242

0.004457 9.9e-05

0.004404 0.000378

0.004333 0.000135

0.004364 0.000187

0.00441 0.000336

0.00433 0.000367

0.004306 0.000315

0.004316 9.1e-05

0.004362 0.000262

0.004371 0.000114

0.004362 0.0003

0.004326 0.000272

0.00442 0.00041

0.004324 0.000462

0.004362 0.000143

0.004342 0.000359

0.004395 0.000398

0.004452 0.000116

0.004435 0.000163

0.004588 0.000372

0.004411 0.000204

0.004369 0.000377

0.004397 0.000169

0.004447 0.000234

0.004344 0.000159

0.004346 0.000353

0.004383 9.1e-05

0.004397 0.000317

0.004389 0.000441

0.004313 0.000398

0.004355 0.000221

0.004409 0.000209

0.004371 0.00028

0.004386 0.000164

0.004404 0.000308

0.00439 0.000171

0.004386 0.000146

0.004427 0.000322

0.004385 0.00036

0.004412 0.000188

0.004341 0.00043

0.004407 0.000155

0.004375 0.000224

0.004412 0.000269

0.004449 0.000173

0.004288 0.000363

0.004343 0.000127

0.004323 0.000436

0.004429 0.000242

0.004387 0.000145

0.004378 0.000245

0.004398 0.000273

0.004299 0.000219

0.004343 0.000259

0.004429 0.000407

0.004337 0.000265

0.004375 0.000265

0.004363 0.000255

0.004364 6.6e-05

0.004396 0.000293

0.004348 0.000232

0.004302 0.000446

0.004412 0.000439

0.00439 0.000212

0.004399 0.000187

0.004342 0.000201

0.004398 0.000225

0.004396 0.00014

0.004358 0.000359

0.004385 0.000358

0.004412 0.000297

0.004312 0.000383

0.004341 0.00018

0.004294 0.000354

0.004426 0.000395

0.004411 0.000283

0.004407 8.8e-05

0.004421 0.000133

0.004297 0.000195

0.004266 0.000209

0.004376 0.00016

0.004421 0.000198

0.00431 0.000363

0.00428 0.000272

0.004283 0.000337

0.004495 0.00042

0.004378 0.000297

0.004326 0.000288

0.004347 0.000215

0.004371 0.000181

0.004334 0.000203

0.004371 0.000367

0.004308 0.000335

0.004388 0.000254

0.004437 0.000354

0.004484 0.000237

0.00437 0.00028

0.004557 0.000284

0.004356 0.00019

0.00442 0.000375

0.004351 0.000245

0.004379 0.000149

0.004439 0.000232

0.004309 0.000449

0.004368 0.000188

0.00437 0.000206

0.004337 0.000428

0.004338 0.000286

0.004465 0.000284

0.004374 0.000196

0.004273 0.000324

0.004373 0.000153

0.004451 0.000465

0.004343 0.000125

0.004394 0.000267

0.004357 0.000187

0.004388 0.000143

0.004362 0.000377

0.004409 0.000364

0.00434 0.000195

0.004317 0.000144

0.004417 0.000239

0.004381 0.000163

0.004343 0.000224

0.004374 0.000203

0.004361 0.000257

0.004449 0.000167

0.00431 0.000288

0.004359 0.000277

0.004367 0.000224

0.004321 0.000197

0.00446 0.000308

0.004356 0.000185

0.004346 0.000248

0.004393 0.000426

0.004362 0.000495

0.004364 0.000136

0.004388 0.000224

0.004331 0.000319

0.004361 0.000169

0.004391 0.000444

0.004334 0.00024

0.004326 0.000278

0.004331 0.000229

0.004334 0.000277

0.004277 0.000271

0.004486 0.000152

0.004414 0.000462

0.004374 0.00019

0.00439 0.000162

0.004323 0.000369

0.004389 0.000115

0.004378 0.000233

0.004369 0.000304

0.004306 0.000252

0.00434 0.000147

0.004314 0.000335

0.004549 0.000391

0.004392 0.000283

0.004383 0.000353

0.004382 0.000187

0.004343 7.3e-05

0.004314 0.000304

0.004351 0.000311

0.004335 0.000432

0.004374 0.000191

0.004469 0.000354

0.004352 0.000355

0.004314 0.000357

0.004281 0.000399

0.004422 0.000362

0.004408 0.000231

0.004406 0.000346

0.004337 0.000397

0.004323 0.00018

0.004346 0.000407

0.004423 0.000326

0.004319 0.000226

0.004437 0.000277

0.004313 0.000151

0.00442 0.000212

0.004309 0.00043

0.004385 0.000443

0.004355 0.000227

0.004391 0.00033

0.004463 0.000437

0.004313 0.000342

0.004289 0.000169

0.00438 0.000201

0.004485 0.000196

0.004341 0.000172

0.004354 0.000249

0.004362 0.000237

0.004439 0.000164

0.004323 0.000175

0.004338 0.000182

0.004372 0.000376

0.004334 0.000278

0.004366 0.000117

0.004384 0.000394

0.00435 0.000232

0.004392 7.2e-05

0.00437 0.000232

0.00439 0.000315

0.004337 0.000306

0.004397 0.000198

0.004321 0.00041

0.0044 0.000324

0.004453 0.000257

0.004435 0.000298

0.004346 0.000407

0.00441 0.00036

0.00432 0.000188

0.004298 0.000287

0.004366 0.000162

0.004285 0.00012

0.004386 0.000112

0.00436 0.000357

0.004315 0.0003

0.004376 0.000186

0.004406 0.000202

0.004338 0.00017

0.004322 0.000372

0.004331 0.000272

0.004383 0.000281

0.004351 0.000159

0.004342 0.000316

0.004341 0.000206

0.004324 0.000331

0.004398 0.000405

0.004421 0.000231

0.00434 0.000299

0.004313 0.00022

0.004317 0.000371

0.004422 0.000167

0.004414 0.000159

0.004357 0.000308

0.004358 0.000454

0.004364 0.000146

0.004347 0.000265

0.004454 0.000244

0.004357 0.000373

0.00444 0.000194

0.004343 0.000239

0.004316 0.000113

0.004395 0.000304

0.004308 0.000236

0.004417 0.000332

0.004372 0.000243

0.004344 0.000379

0.004348 0.000412

0.004371 0.000458

0.004351 0.000309

0.004376 0.00017

0.004394 0.000221

0.004413 0.000386

0.004444 0.000233

0.004429 0.000392

0.004288 0.000109

0.00442 0.000429

0.004467 0.000218

0.004417 0.000263

0.004359 0.00028

0.004325 0.000298

0.004378 0.000248

0.004381 0.00028

0.004385 0.000263

0.004386 0.000223

0.004332 0.000199

0.004327 0.00041

0.004437 0.000421

0.004371 0.000233

0.004288 0.000116

0.00433 0.000311

0.004459 0.000208

0.004328 0.000318

0.004367 0.000264

0.00431 0.000183

0.004403 0.000165

0.004374 0.00012

0.004334 0.000155

0.004408 0.000231

0.004418 0.000159

0.004347 0.000143

0.004325 0.000305

0.004297 0.000387

0.004385 0.000272

0.004359 0.000461

0.004412 0.000258

0.004334 0.000303

0.00436 0.00029

0.004371 0.000228

0.00437 0.000198

0.004338 0.000157

0.004355 0.000305

0.004336 0.000222

0.004406 0.000186

0.004426 0.000311

0.004328 0.000185

0.004333 0.000242

0.004306 0.000238

0.004436 0.000207

0.004359 0.000378

0.004339 0.000168

0.004334 0.000186

0.00445 0.000192

0.004436 0.000185

0.004324 0.000291

0.00434 0.0001

0.00445 0.000262

0.004361 0.000156

0.004344 0.000264

0.004379 0.00043

0.004379 0.000238

0.004384 0.00018

0.004284 0.000299

0.004413 0.000407

0.004347 0.000321

0.004359 0.00034

0.004383 0.000353

0.004327 0.000236

0.00449 0.000356

0.004341 0.000304

0.004359 0.000209

0.004309 0.000164

0.00462 0.000131

0.004382 0.000254

0.004382 0.000119

0.004361 0.000242

0.00434 0.000126

0.004371 0.000248

0.004314 0.000247

0.004445 0.000288

0.004408 0.000155

0.004389 0.000401

0.004325 0.000442

0.004354 0.000317

0.004386 0.000212

0.004358 0.000391

0.004328 0.000354

0.004361 0.000177

0.004319 0.000212

0.004483 0.000391

0.004357 0.000198

0.00434 0.000369

0.004418 0.000259

0.004398 0.000328

0.004362 0.000425

0.004399 0.000304

0.00431 0.000217

0.004373 0.000148

0.004325 0.00029

0.004508 0.000125

0.00434 0.000227

0.004331 0.000258

0.004339 0.000282

0.004362 0.000276

0.004491 0.000367

0.004373 0.000112

0.004429 0.000433

0.004345 0.000364

0.004309 0.000242

0.004315 0.00024

0.004457 0.000298

0.004384 0.000294

0.004419 0.000331

0.004347 0.000402

0.004352 0.000263

0.004322 0.000243

0.004433 0.000462

0.004329 0.000415

0.004361 0.000395

0.004318 0.000468

0.004432 0.000188

0.004344 0.000158

0.004373 0.000339

0.004328 0.00028

0.004323 0.00016

0.004406 0.000294

0.004391 0.000233

0.004334 0.000298

0.004321 0.000413

0.004367 0.000155

0.004411 0.000229

0.00438 0.000124

0.004413 0.0002

0.004403 0.000143

0.004355 0.000183

0.004301 0.000262

0.004383 0.00046

0.004424 0.000395

0.004359 0.000349

0.004316 0.000398

0.004614 0.000495

0.004391 0.000276

0.004417 0.000115

0.004462 0.000248

0.004328 0.000273

0.004353 0.000152

0.004292 0.000275

0.004426 0.000413

0.00437 0.000276

0.004759 0.000314

0.004503 0.000218

0.004414 0.000465

0.004568 0.000286

0.004322 0.000337

0.004483 0.000117

0.004297 0.000274

0.004335 0.000235

0.004275 0.000341

0.004428 0.000209

0.004344 9.4e-05

0.004366 0.000367

0.004421 0.000144

0.004427 0.000207

0.004452 0.000207

0.004435 0.000195

0.004395 0.00045

0.004354 0.000464

0.004411 0.000338

0.004376 0.00033

0.004412 0.000245

0.004364 0.000259

0.004365 0.000378

0.004413 0.000228

0.004318 0.000195

0.004404 0.000293

0.004441 0.000342

0.004321 0.000418

0.004344 0.000188

0.004317 0.000433

0.004403 0.000147

0.0044 0.000401

0.00445 0.000445

0.004378 0.000399

0.004327 0.000396

0.004308 0.000251

0.004373 0.000253

0.004378 0.000236

0.004326 0.000225

0.004368 0.000395

0.004326 0.000131

0.00441 0.000355

0.004367 0.000265

0.004275 0.000186

0.004254 0.000234

0.004451 0.000222

0.004376 0.00011

0.004348 0.000232

0.004318 0.000205

0.004355 0.000279

0.004339 0.00013

0.004341 0.000222

0.004485 0.00011

0.004435 0.000349

0.004357 0.000228

0.004411 0.000188

0.004346 0.000282

0.00444 0.000394

0.004358 0.000209

0.004383 0.000355

0.004306 0.000471

0.004344 0.000351

0.004376 0.000249

0.004369 0.000422

0.004326 0.000432

0.004418 0.000196

0.004311 0.000396

0.004374 0.000393

0.004366 0.000134

0.004417 0.000307

0.004353 0.000135

0.004418 0.000157

0.004381 0.000245

0.004378 0.000219

0.004323 0.000196

0.004291 0.000131

0.004693 0.000359

0.004486 0.000417

0.004396 7.9e-05

0.004314 0.000255

0.004383 0.00019

0.004318 0.000117

0.004444 0.000241

0.004329 0.000443

0.004443 0.000205

0.004341 0.000292

0.004421 0.0003

0.004379 0.000291

0.004398 0.000298

0.004506 0.000195

0.004359 0.000393

0.004366 0.0002

0.004374 0.000456

0.004316 0.000291

0.004349 0.000328

0.004362 0.000498

0.004431 0.000147

0.004343 0.000402

0.004435 0.000275

0.004407 0.000436

0.00432 0.000296

0.004369 0.000292

0.004351 0.000205

0.004364 0.000194

0.00436 0.000354

0.004373 0.00018

0.004305 0.00039

0.004341 0.000205

0.004348 0.000129

0.004481 0.000314

0.004347 0.000308

0.004367 0.000219

0.004341 0.000374

0.004327 0.000458

0.004401 7.9e-05

0.004491 0.000198

0.004337 0.000236

0.004342 9.5e-05

0.004334 0.00038

0.004418 0.000151

0.004342 0.000424

0.004348 0.00038

0.004332 0.000196

0.004355 0.000177

0.00439 0.00025

0.004348 0.000257

0.00431 0.00032

0.004385 0.000292

0.004418 0.00034

0.004396 0.00011

0.004438 0.00029

0.004325 0.000302

0.004442 0.000316

0.004408 0.000206

0.004471 0.000232

0.004398 0.000344

0.00437 0.000249

0.004333 0.000239

0.004354 0.000395

0.004298 0.00033

0.004414 0.000408

0.00436 0.000448

0.00439 0.000388

0.004374 0.000152

0.004347 0.000153

0.004345 0.00044

0.004469 0.000338

0.004325 0.000153

0.004319 0.00018

0.004338 0.000257

0.004351 0.000409

0.004403 0.000269

0.004296 0.000288

0.005262 0.000357

0.004405 0.000363

0.004439 0.000332

0.00436 0.000129

0.004468 0.000337

0.004341 0.000403

0.004356 0.000381

0.004356 0.000287

0.004381 0.0002

0.004349 0.000281

0.004371 0.000434

0.004334 0.000337

0.004346 0.000157

0.004326 0.000261

0.004453 0.000199

0.004436 0.000201

0.00438 0.000248

0.004327 0.000257

0.004387 0.000286

0.004403 0.000336

0.004474 0.000188

0.004371 0.000278

0.00448 0.000443

0.004368 0.000166

0.004352 0.000455

0.004407 0.000325

0.004331 0.000146

0.004431 0.000177

0.004321 0.000146

0.004368 0.000406

0.004355 0.000165

0.004363 0.00019

0.00431 0.000135

0.004334 0.000434

0.004319 0.000282

0.004431 0.000244

0.004389 0.00011

0.004368 0.000252

0.004325 0.000247

0.004356 0.000165

0.004347 0.000123

0.00441 0.000186

0.004355 0.000135

0.004388 0.000197

0.004336 0.000255

0.004344 0.00029

0.004329 0.00021

0.00441 0.000408

0.004319 0.000237

0.00434 0.000336

0.004406 0.000283

0.00442 0.000399

0.004343 0.000293

0.004416 0.00031

0.004365 0.000242

0.004353 0.000364

0.004329 0.000169

0.004313 0.000258

0.004411 0.000307

0.004395 0.000316

0.004378 0.000234

0.004342 0.000108

0.004447 0.000446

0.00429 0.000267

0.004435 0.00016

0.004383 0.000339

0.004343 0.000239

0.004305 0.00017

0.004309 0.000402

0.004416 0.000337

0.004563 0.000128

0.004293 0.000195

0.004321 7.4e-05

0.004347 0.00038

0.004411 0.00034

0.004374 0.000353

0.004313 0.000421

0.004761 0.000245

0.004399 0.000407

0.004392 0.00021

0.004343 0.000238

0.004323 0.000338

0.004322 0.000234

0.004466 0.000462

0.004599 0.000353

0.004465 0.000321

0.004362 0.000113

0.004347 0.000145

0.004319 0.000231

0.004441 0.000458

0.004366 0.000185

0.004376 0.000332

0.004358 0.000121

0.004403 0.000315

0.004345 0.000318

0.004388 0.000252

0.004374 0.000265

0.004399 0.00021

0.004392 0.000217

0.00444 0.000112

0.004375 0.000216

0.004391 0.000196

0.004324 0.000133

0.004379 0.000217

0.004306 0.000216

0.004422 0.000354

0.004398 0.000201

0.004306 0.000359

0.004358 0.000261

0.00438 0.000343

0.004353 0.000206

0.004348 0.000192

0.004317 0.000191

0.004334 0.000225

0.004323 0.000152

0.004371 0.000258

0.004434 0.000327

0.004428 0.000158

0.004404 0.000456

0.004369 0.0002

0.004374 0.000132

0.004339 0.000327

0.004373 0.000176

0.004326 0.000211

0.00444 0.000125

0.004317 0.00037

0.004397 0.000239

0.004331 0.000405

0.004347 0.000357

0.004362 0.000417

0.00438 0.000139

0.004393 0.00023

0.004385 0.000388

0.00432 0.000199

0.004357 0.000328

0.004279 0.000183

0.004438 0.000317

0.004373 0.0004

0.004358 0.000254

