0.011883 4.3e-05
0.012658 3.3e-05
0.011852 3.9e-05
0.01336 3.3e-05
0.011501 4.1e-05
0.012851 3.9e-05
0.013754 4.1e-05
0.015429 2.5e-05
0.012874 3.4e-05
0.015949 2.7e-05
0.011072 2.7e-05
0.010586 2.6e-05
0.010749 2.1e-05
0.013008 1.9e-05
0.010588 2.5e-05
0.010497 3.4e-05
0.01601 3.4e-05
0.014958 2.3e-05
0.014803 3.3e-05
0.01327 3.3e-05
0.014491 3e-05
0.015741 3.6e-05
0.015955 4.5e-05
0.016128 3.7e-05
0.015986 3.9e-05
0.015724 3.5e-05
0.011837 3.7e-05
0.014684 2.2e-05
0.0151 2.8e-05
0.015526 4.2e-05
0.016142 4.4e-05
0.016296 3.6e-05
0.01602 4e-05
0.016065 4.1e-05
0.015977 3.8e-05
0.015861 3.3e-05
0.01466 2.2e-05
0.010596 2.3e-05
0.010437 3e-05
0.010621 2.9e-05
0.01072 2.7e-05
0.010609 2.8e-05
0.010625 2.1e-05
0.011239 3e-05
0.01096 3.2e-05
0.010596 4.1e-05
0.010591 2.7e-05
0.010641 3.3e-05
0.010756 1.7e-05
0.011204 1.9e-05
0.011175 2.3e-05
0.010678 2.8e-05
0.010614 2e-05
0.010576 1.9e-05
0.010651 2.3e-05
0.010553 2.5e-05
0.010598 2.6e-05
0.010887 4.8e-05
0.012589 2.6e-05
0.010601 2e-05
0.011229 2.2e-05
0.010617 3e-05
0.010774 2.8e-05
0.010659 2.9e-05
0.01125 3.3e-05
0.01169 3.3e-05
0.013006 3.1e-05
0.010632 3.8e-05
0.010647 2.6e-05
0.01055 1.9e-05
0.01108 3.2e-05
0.010679 2.8e-05
0.010865 2.5e-05
0.010857 1.5e-05
0.010676 2.1e-05
0.010767 3.2e-05
0.010559 2.1e-05
0.010542 4.6e-05
0.010603 3e-05
0.011081 3.5e-05
0.010841 2.8e-05
0.011779 3.3e-05
0.010579 2e-05
0.010495 2.7e-05
0.010515 1.8e-05
0.010541 3.6e-05
0.013508 2.9e-05
0.01392 1.8e-05
0.010603 3.6e-05
0.010587 3.4e-05
0.01057 2.9e-05
0.010567 3.2e-05
0.014504 3.3e-05
0.014239 2.8e-05
0.013349 2e-05
0.010579 2.6e-05
0.010548 1.6e-05
0.011471 2.5e-05
0.010678 2.8e-05
0.011652 3e-05
0.010728 3e-05
0.012826 2.1e-05
0.010674 2.4e-05
0.010581 2.4e-05
0.010506 1.9e-05
0.010564 2.3e-05
0.011786 3.2e-05
0.010528 2.8e-05
0.010702 2.7e-05
0.010911 3.1e-05
0.010554 2.3e-05
0.010613 2.4e-05
0.010541 2.6e-05
0.010787 3.2e-05
0.010619 2.8e-05
0.010552 2.8e-05
0.010733 2.7e-05
0.010582 2.7e-05
0.01062 3e-05
0.010644 2.8e-05
0.010582 2.8e-05
0.010772 2.1e-05
0.010608 1.6e-05
0.011211 3e-05
0.010614 2.6e-05
0.010657 2e-05
0.010688 2.9e-05
0.01066 2.8e-05
0.010754 4e-05
0.011193 3.8e-05
0.010646 2.5e-05
0.013558 2.1e-05
0.010627 2.7e-05
0.010844 3.4e-05
0.012039 3.5e-05
0.010819 3.1e-05
0.013251 3.2e-05
0.010578 2.8e-05
0.010993 3.1e-05
0.010671 3.2e-05
0.010686 2.5e-05
0.012044 3.3e-05
0.010799 3.1e-05
0.013389 3.4e-05
0.010843 1.3e-05
0.010493 2.2e-05
0.010067 3.2e-05
0.010827 2.6e-05
0.011837 2.3e-05
0.010684 3.7e-05
0.010863 2.9e-05
0.010609 2.5e-05
0.010504 2e-05
0.01072 3.2e-05
0.010574 2.2e-05
0.010623 4.4e-05
0.010529 1.8e-05
0.010689 2.9e-05
0.010694 3.5e-05
0.010529 2.6e-05
0.010632 3e-05
0.010549 2.9e-05
0.010614 1.9e-05
0.010656 1.5e-05
0.010471 3.1e-05
0.010523 2.7e-05
0.010519 3.1e-05
0.010647 1.9e-05
0.011303 3.2e-05
0.012176 3.3e-05
0.013253 3.4e-05
0.012208 3.7e-05
0.01097 4.3e-05
0.011189 2.2e-05
0.010647 1.9e-05
0.010619 3e-05
0.01104 3e-05
0.010676 3.6e-05
0.010681 3.1e-05
0.010947 2.6e-05
0.010679 1.9e-05
0.010717 1.8e-05
0.010697 1.8e-05
0.01075 2.2e-05
0.01113 2.8e-05
0.011755 2.2e-05
0.010672 3.2e-05
0.010902 3.9e-05
0.010804 2e-05
0.010719 3e-05
0.010667 2.9e-05
0.013101 2.5e-05
0.010639 3.4e-05
0.010727 2.9e-05
0.010686 3.8e-05
0.01013 6.7e-05
0.010665 2.4e-05
0.010791 2.9e-05
0.010654 2.8e-05
0.010593 2.6e-05
0.01063 1.4e-05
0.010587 2.7e-05
0.010524 2e-05
0.010568 2.4e-05
0.010721 2.7e-05
0.010145 2.9e-05
0.010596 3.2e-05
0.013904 3.6e-05
0.013639 2.9e-05
0.013628 2.2e-05
0.013531 2.5e-05
0.013459 3.1e-05
0.013498 1.7e-05
0.013581 1.5e-05
0.013607 2.4e-05
0.013609 3.3e-05
0.013589 3.1e-05
0.013768 2.2e-05
0.013497 2.2e-05
0.01353 2.8e-05
0.01346 2.5e-05
0.013708 3.8e-05
0.011801 3.5e-05
0.013572 3.4e-05
0.014141 1.7e-05
0.013449 2.7e-05
0.013457 2.5e-05
0.013515 2.2e-05
0.013577 2.1e-05
0.013622 2.6e-05
0.010374 2.8e-05
0.013422 2.1e-05
0.014453 3.6e-05
0.013683 3.2e-05
0.01365 2.5e-05
0.013598 3.5e-05
0.01348 3.4e-05
0.013703 2e-05
0.012121 3.4e-05
0.013757 2.9e-05
0.014101 3.8e-05
0.013704 3.2e-05
0.013667 3.3e-05
0.013604 3.2e-05
0.013782 2.4e-05
0.013496 3.1e-05
0.013026 3.3e-05
0.013831 3.3e-05
0.014038 2e-05
0.013703 3.1e-05
0.013785 2.3e-05
0.013537 3e-05
0.013581 2.9e-05
0.01352 3.1e-05
0.013566 2.7e-05
0.01391 2.6e-05
0.013864 3.4e-05
0.013655 2.8e-05
0.013695 3.1e-05
0.013505 2.8e-05
0.013567 3.6e-05
0.013484 2.9e-05
0.01357 3.2e-05
0.013702 3.6e-05
0.0138 2.7e-05
0.013603 2.8e-05
0.013613 3.2e-05
0.013656 3.2e-05
0.013564 2.8e-05
0.013999 2.7e-05
0.012652 2e-05
0.010995 3.2e-05
0.010559 2.5e-05
0.01077 3e-05
0.010549 2.4e-05
0.010539 1.6e-05
0.010597 1.2e-05
0.010588 2.4e-05
0.010661 2.1e-05
0.010596 2.1e-05
0.010819 2.1e-05
0.009728 2.5e-05
0.010647 3.4e-05
0.012491 3e-05
0.010689 2.7e-05
0.010663 2.2e-05
0.01056 2e-05
0.010606 2.5e-05
0.010563 2.5e-05
0.010574 2.3e-05
0.010736 2.5e-05
0.010565 2.3e-05
0.010805 2.8e-05
0.010762 2.3e-05
0.010608 2.2e-05
0.010972 2.7e-05
0.010553 2.4e-05
0.010556 2.3e-05
0.010663 2.4e-05
0.011763 2.1e-05
0.010816 2.1e-05
0.009999 2.7e-05
0.0106 5.3e-05
0.010782 3.1e-05
0.011933 3.1e-05
0.010895 2.4e-05
0.010555 2.3e-05
0.010762 2.3e-05
0.010648 2e-05
0.010488 1.7e-05
0.010636 1.7e-05
0.009946 1.7e-05
0.01086 1.9e-05
0.01073 2.4e-05
0.011062 2.6e-05
0.010666 1.7e-05
0.010783 2.6e-05
0.010702 1.7e-05
0.010561 3.5e-05
0.012698 2.3e-05
0.010822 3.8e-05
0.010603 2.3e-05
0.012155 0.0001
0.011573 2.4e-05
0.010678 2.5e-05
0.011009 1.9e-05
0.010819 1.8e-05
0.010577 3.1e-05
0.012245 3.6e-05
0.010648 2.6e-05
0.011354 3.2e-05
0.010591 3.8e-05
0.012153 2.9e-05
0.011711 3.3e-05
0.010669 3.3e-05
0.010907 3.6e-05
0.010889 3.2e-05
0.010794 2.8e-05
0.010535 2.5e-05
0.010558 3.3e-05
0.011369 2.9e-05
0.010616 3e-05
0.01064 2.1e-05
0.011053 2e-05
0.010719 1.7e-05
0.01055 2.9e-05
0.013421 3.7e-05
0.013847 2.6e-05
0.013017 3.2e-05
0.010693 2.9e-05
0.01065 1.9e-05
0.010553 3e-05
0.010847 2.6e-05
0.010595 3e-05
0.010575 3.3e-05
0.011117 3e-05
0.010651 3.5e-05
0.011507 3.4e-05
0.015765 3.9e-05
0.015699 3e-05
0.015939 3.3e-05
0.011065 3.1e-05
0.011451 3.3e-05
0.010762 2.8e-05
0.011131 3.6e-05
0.013069 2.4e-05
0.010843 2.4e-05
0.011169 3e-05
0.010801 2.9e-05
0.010624 1.7e-05
0.010664 2.1e-05
0.010628 2.4e-05
0.010931 2.4e-05
0.010625 2.3e-05
0.010604 1.4e-05
0.010619 2.6e-05
0.01145 3.7e-05
0.010652 3.9e-05
0.010041 3.1e-05
0.010558 2.9e-05
0.010965 2.8e-05
0.011399 3.2e-05
0.01069 2.4e-05
0.010591 2.2e-05
0.010584 2.4e-05
0.01058 3.1e-05
0.010578 4.2e-05
0.012997 2.5e-05
0.010593 3.4e-05
0.010611 3.1e-05
0.010683 2.3e-05
0.010586 1.7e-05
0.010703 2.7e-05
0.010754 3.6e-05
0.015392 2.8e-05
0.011557 3.6e-05
0.010677 2e-05
0.010923 2.5e-05
0.010689 2.5e-05
0.010657 3.1e-05
0.011038 3.2e-05
0.010787 2.6e-05
0.011038 3.1e-05
0.01061 2.2e-05
0.010686 1.6e-05
0.010591 2.4e-05
0.010911 2.4e-05
0.010626 3.4e-05
0.014084 3.3e-05
0.013776 3e-05
0.01358 3e-05
0.013576 2.5e-05
0.013561 2.2e-05
0.013502 2.5e-05
0.01355 3.3e-05
0.013579 2.4e-05
0.013663 3.3e-05
0.013416 2.7e-05
0.013516 3.1e-05
0.013442 2.4e-05
0.013785 2.5e-05
0.013598 2.8e-05
0.013698 2.1e-05
0.013581 1.7e-05
0.010937 3e-05
0.013952 4.2e-05
0.014186 3e-05
0.013605 1.5e-05
0.013591 2.7e-05
0.013494 2.6e-05
0.013382 2.5e-05
0.013556 2.8e-05
0.010596 2.7e-05
0.013729 4e-05
0.014492 2.9e-05
0.013635 3.1e-05
0.013482 2.7e-05
0.013414 2.7e-05
0.013504 2.9e-05
0.013438 3.1e-05
0.012889 3.5e-05
0.013702 3.1e-05
0.014375 2.4e-05
0.01367 3e-05
0.013569 2.7e-05
0.013509 1.9e-05
0.013484 2.2e-05
0.013475 3.5e-05
0.013479 2.4e-05
0.013602 3e-05
0.013572 3.3e-05
0.013572 1.7e-05
0.013541 2.6e-05
0.013481 2.8e-05
0.013507 2.3e-05
0.013532 1.7e-05
0.013469 3.1e-05
0.011108 3.6e-05
0.013583 3e-05
0.014024 2.7e-05
0.013499 3.1e-05
0.013547 3.1e-05
0.01347 2.6e-05
0.013513 3.2e-05
0.013511 2.7e-05
0.010501 3.1e-05
0.013516 3.3e-05
0.014611 3.3e-05
0.013637 2.8e-05
0.013994 2.8e-05
0.01362 3.2e-05
0.013439 2e-05
0.013754 2.8e-05
0.011227 2.2e-05
0.013725 2.3e-05
0.014166 3e-05
0.013529 2.9e-05
0.013662 2.5e-05
0.013559 2.1e-05
0.01364 3.4e-05
0.013445 3.2e-05
0.013313 3.4e-05
0.013633 2.7e-05
0.014243 2.6e-05
0.013544 2.8e-05
0.013522 2.4e-05
0.013601 3.1e-05
0.013481 2.8e-05
0.01366 2.8e-05
0.013575 4.3e-05
0.013107 3.1e-05
0.013695 4.1e-05
0.013476 3.5e-05
0.013596 2.2e-05
0.013628 2.9e-05
0.013484 2.7e-05
0.013957 2.1e-05
0.013615 4.4e-05
0.011694 2.1e-05
0.013609 3.4e-05
0.014374 3.3e-05
0.013602 2.6e-05
0.013465 1.6e-05
0.013523 3.3e-05
0.013511 2.6e-05
0.013535 2.7e-05
0.010286 2.6e-05
0.013651 3.1e-05
0.014205 2.1e-05
0.013615 3.2e-05
0.013922 3.1e-05
0.013564 1.7e-05
0.013529 1.7e-05
0.013408 2.3e-05
0.012866 2.1e-05
0.013752 3.1e-05
0.013715 2.3e-05
0.013944 3.3e-05
0.013476 2.7e-05
0.013704 2e-05
0.013594 3e-05
0.013494 3.2e-05
0.013617 2.6e-05
0.01309 2.7e-05
0.013611 5.4e-05
0.013642 3.3e-05
0.013593 3.5e-05
0.013543 3.3e-05
0.013541 3.3e-05
0.013571 2.1e-05
0.013508 3.8e-05
0.010187 3e-05
0.013571 3e-05
0.014184 3.5e-05
0.013633 1.9e-05
0.013467 2.2e-05
0.013604 2.4e-05
0.013496 2.7e-05
0.013595 3.1e-05
0.011377 2e-05
0.013635 2.6e-05
0.014055 3.2e-05
0.01366 3.5e-05
0.013599 2.5e-05
0.013455 2.5e-05
0.013523 2.8e-05
0.013437 2.4e-05
0.012956 3.2e-05
0.013603 2.6e-05
0.013697 2.3e-05
0.013435 3.4e-05
0.013563 1.6e-05
0.013958 3.3e-05
0.013579 3.1e-05
0.013541 3.1e-05
0.013534 1.9e-05
0.012249 2.2e-05
0.013563 3e-05
0.013568 1.7e-05
0.013752 2.1e-05
0.013563 2.8e-05
0.013532 1.5e-05
0.013542 2.3e-05
0.013519 2.7e-05
0.01058 2.3e-05
0.013587 3.3e-05
0.014171 2.4e-05
0.010538 2e-05
0.01081 2.7e-05
0.010718 2.5e-05
0.01059 1.9e-05
0.010643 2.3e-05
0.010623 1.8e-05
0.010511 1.6e-05
0.010566 1.6e-05
0.010614 2.5e-05
0.010938 2e-05
0.010643 3.4e-05
0.011502 2.6e-05
0.012557 2.5e-05
0.01053 2.5e-05
0.01062 2.4e-05
0.010674 2.5e-05
0.013567 2.6e-05
0.010615 4e-05
0.013828 2.9e-05
0.010571 2e-05
0.010917 2.5e-05
0.010597 2.6e-05
0.010586 2.4e-05
0.010568 3e-05
0.010671 2.8e-05
0.013053 3.1e-05
0.010964 3.1e-05
0.010842 1.2e-05
0.010643 2.8e-05
0.010715 2.3e-05
0.011362 3e-05
0.010987 2.7e-05
0.010889 1.6e-05
0.010725 1.6e-05
0.010797 2.4e-05
0.010674 1.3e-05
0.009435 2.6e-05
0.010576 2.6e-05
0.010937 3.1e-05
0.010607 2.4e-05
0.010712 2.4e-05
0.010596 1.5e-05
0.010967 3e-05
0.010672 2.6e-05
0.010635 2.9e-05
0.011657 2.8e-05
0.011682 3.3e-05
0.010653 1.9e-05
0.010684 3.2e-05
0.010601 2.8e-05
0.010569 2.3e-05
0.010519 2.7e-05
0.011752 3e-05
0.010969 2.9e-05
0.010907 2.6e-05
0.010587 1.8e-05
0.009548 1.7e-05
0.010607 1.1e-05
0.01064 1.7e-05
0.011086 2.4e-05
0.010739 1.4e-05
0.010831 2.8e-05
0.010697 2.7e-05
0.01062 2.1e-05
0.010656 2e-05
0.010701 3e-05
0.010628 1.8e-05
0.010891 4.3e-05
0.013061 2.9e-05
0.010825 2.2e-05
0.010657 3e-05
0.010595 2.8e-05
0.011734 2.4e-05
0.010611 2.7e-05
0.010659 2.7e-05
0.010534 2.4e-05
0.010554 2.2e-05
0.010567 3.1e-05
0.010783 2.7e-05
0.010689 3.1e-05
0.010648 2.7e-05
0.010713 2.2e-05
0.010779 1.8e-05
0.010561 1.7e-05
0.010624 1.4e-05
0.010493 1.9e-05
0.009938 2e-05
0.010661 1.9e-05
0.010731 2.1e-05
0.010682 2e-05
0.010624 2.4e-05
0.011437 3.2e-05
0.010607 2.5e-05
0.010917 2.7e-05
0.012275 2.9e-05
0.010876 2.6e-05
0.010614 2.1e-05
0.008859 2.1e-05
0.008683 2.5e-05
0.010575 2.2e-05
0.010521 2.5e-05
0.010672 1.7e-05
0.010922 2.2e-05
0.010598 2.2e-05
0.010654 2e-05
0.009372 3e-05
0.010728 2.7e-05
0.010685 3e-05
0.010686 4e-05
0.010694 1.7e-05
0.010958 1.8e-05
0.010825 3.5e-05
0.010681 2.5e-05
0.010726 3.4e-05
0.010478 5.3e-05
0.012354 2.4e-05
0.010604 8.8e-05
0.010673 2.3e-05
0.010582 2.4e-05
0.010548 2.1e-05
0.010561 2.2e-05
0.010574 2.1e-05
0.010573 1.4e-05
0.010532 2.4e-05
0.010849 1.3e-05
0.010415 1.9e-05
0.010622 3.1e-05
0.010777 2.8e-05
0.010853 2.1e-05
0.010763 2.3e-05
0.010491 4.2e-05
0.012152 2.5e-05
0.010683 2e-05
0.01046 2.1e-05
0.010356 2.4e-05
0.013211 2.7e-05
0.010636 3.1e-05
0.010637 2.9e-05
0.010776 2.5e-05
0.010632 2.4e-05
0.01049 1.4e-05
0.010679 1.6e-05
0.010662 2.3e-05
0.014551 2e-05
0.014086 7.6e-05
0.010596 2.4e-05
0.010721 2.9e-05
0.010504 2.5e-05
0.010627 2.4e-05
0.010603 2.9e-05
0.010717 2.1e-05
0.0105 2.8e-05
0.010546 2.6e-05
0.010533 2e-05
0.009517 3.2e-05
0.010565 3.2e-05
0.010676 3.5e-05
0.010616 2.1e-05
0.010642 2.2e-05
0.010639 2.3e-05
0.010704 2.5e-05
0.010913 2.9e-05
0.010691 2e-05
0.010668 2.4e-05
0.010356 3e-05
0.01376 3.3e-05
0.014102 2.6e-05
0.013525 3.2e-05
0.013555 3.3e-05
0.013414 2.4e-05
0.013502 2.5e-05
0.013476 2.8e-05
0.013533 2.6e-05
0.013634 3.2e-05
0.013399 3.3e-05
0.013661 3.1e-05
0.013698 2.3e-05
0.01362 2.5e-05
0.013575 2.5e-05
0.01362 1.6e-05
0.013525 2.6e-05
0.012743 2.2e-05
0.013561 3.1e-05
0.011139 1.7e-05
0.01101 2e-05
0.011194 2.4e-05
0.010968 2.4e-05
0.011104 2.6e-05
0.010945 1.5e-05
0.011039 2.9e-05
0.010987 2.4e-05
0.011404 2.6e-05
0.010958 3e-05
0.011308 2.7e-05
0.010947 2.9e-05
0.010961 3.3e-05
0.012068 2.3e-05
0.010934 3.2e-05
0.01091 2.1e-05
0.010932 1.6e-05
0.01088 4.1e-05
0.01156 2.2e-05
0.01113 2.4e-05
0.011142 2.8e-05
0.011082 1.8e-05
0.010927 2.2e-05
0.010983 1.5e-05
0.010856 2.7e-05
0.011267 2.7e-05
0.010987 2.3e-05
0.010866 1.9e-05
0.010958 2.3e-05
0.011014 3e-05
0.011015 2.2e-05
0.010945 2.3e-05
0.01107 2.2e-05
0.010994 3e-05
0.012729 2.6e-05
0.011055 1e-05
0.011264 2.6e-05
0.011036 2.2e-05
0.010948 2.9e-05
0.012408 2.7e-05
0.011632 3e-05
0.01111 2.5e-05
0.010969 1.6e-05
0.010886 1.6e-05
0.01088 1.9e-05
0.010963 2.4e-05
0.013061 2.1e-05
0.014655 2.6e-05
0.011019 3e-05
0.010913 2.4e-05
0.010956 2.2e-05
0.011023 1.8e-05
0.010909 1.7e-05
0.010871 2.3e-05
0.010981 2.3e-05
0.011061 1.5e-05
0.009829 2.8e-05
0.010999 2.8e-05
0.0111 3e-05
0.011278 2.7e-05
0.011022 2.5e-05
0.010944 2.7e-05
0.011133 2e-05
0.012044 3.1e-05
0.011948 3.7e-05
0.011559 3.1e-05
0.010945 3.3e-05
0.012204 2.8e-05
0.011221 3.3e-05
0.010933 2.3e-05
0.010994 2.6e-05
0.010882 2.3e-05
0.010934 4e-05
0.014628 3.3e-05
0.011376 3.1e-05
0.011459 3.4e-05
0.011061 1.8e-05
0.011125 1.7e-05
0.011055 3.5e-05
0.012243 3.3e-05
0.011965 2.9e-05
0.012219 2e-05
0.011243 3.2e-05
0.010941 3.4e-05
0.013832 4e-05
0.016495 2.4e-05
0.012072 3.4e-05
0.011064 2.6e-05
0.011104 3.1e-05
0.010999 3e-05
0.01108 2.7e-05
0.012201 2.4e-05
0.011684 3.6e-05
0.013507 2.9e-05
0.01106 2.7e-05
0.011516 2e-05
0.01098 2e-05
0.012096 3.1e-05
0.013038 2.5e-05
0.011079 3.8e-05
0.011 2.4e-05
0.011217 1.4e-05
0.010937 2.8e-05
0.013156 3.1e-05
0.011251 4.5e-05
0.011462 2.9e-05
0.011019 2.2e-05
0.010935 2.4e-05
0.010954 1e-05
0.011011 2.7e-05
0.011001 2.1e-05
0.010944 1.6e-05
0.011208 2.7e-05
0.011006 3.2e-05
0.011025 3.1e-05
0.011237 2.5e-05
0.010974 2e-05
0.010981 1.8e-05
0.011573 2.8e-05
0.011404 2.9e-05
0.011393 2.5e-05
0.010955 2.4e-05
0.010377 2.5e-05
0.010965 2e-05
0.011272 3.3e-05
0.011541 3.2e-05
0.011319 2.5e-05
0.011131 3.2e-05
0.010988 1.7e-05
0.011041 2.4e-05
0.010958 1.7e-05
0.010997 4e-05
0.01668 2.9e-05
0.010917 3.1e-05
0.011134 1.9e-05
0.010989 2e-05
0.011182 2.8e-05
0.010876 2.5e-05
0.011204 3.2e-05
0.011526 3.2e-05
0.013245 2.6e-05
0.011089 2.5e-05
0.011057 2.8e-05
0.011096 1.9e-05
0.011135 2.6e-05
0.010937 1.8e-05
0.011343 2.1e-05
0.01133 3.9e-05
0.015636 2.7e-05
0.013663 2.9e-05
0.011025 3.4e-05
0.010445 3.4e-05
0.011213 2.6e-05
0.011693 2.4e-05
0.011504 2.4e-05
0.010953 3.1e-05
0.011007 2.9e-05
0.01107 4e-05
0.016675 3.9e-05
0.016515 4.2e-05
0.016799 3.8e-05
0.011813 3.2e-05
0.010998 1.8e-05
0.011352 2.7e-05
0.010946 1.5e-05
0.012213 2.1e-05
0.010948 2.7e-05
0.011269 2.9e-05
0.011697 2e-05
0.01152 2.6e-05
0.011104 3e-05
0.012111 3.2e-05
0.012402 3.1e-05
0.010919 1.6e-05
0.010962 2.5e-05
0.01093 3.1e-05
0.014675 2.8e-05
0.016031 1.7e-05
0.015062 3.1e-05
0.010991 2.8e-05
0.01128 2.8e-05
0.010978 3e-05
0.010894 2.8e-05
0.015049 2.4e-05
0.012308 3.6e-05
0.012838 2.4e-05
0.011 1.8e-05
0.010544 1.6e-05
0.01095 4.7e-05
0.013956 2.6e-05
0.015568 2.6e-05
0.010992 2.5e-05
0.010948 2.4e-05
0.010862 2.3e-05
0.010969 2.5e-05
0.014691 2.7e-05
0.018999 3.4e-05
0.011092 3e-05
0.011095 3.1e-05
0.01096 2.3e-05
0.010882 1.6e-05
0.01089 3e-05
0.010932 2.1e-05
0.010979 2.9e-05
0.01652 3.9e-05
0.016633 4e-05
0.016775 4.2e-05
0.016161 3.6e-05
0.011778 2.7e-05
0.011025 1.9e-05
0.011104 2.8e-05
0.011115 3.3e-05
0.011088 6.1e-05
0.019307 3.9e-05
0.017683 2.8e-05
0.010974 3.5e-05
0.013909 3.5e-05
0.01098 3.5e-05
0.010886 3.2e-05
0.010973 1.8e-05
0.011006 2.9e-05
0.010952 2.9e-05
0.011031 3.2e-05
0.011058 4.4e-05
0.011248 2.9e-05
0.011533 2.7e-05
0.011184 3.6e-05
0.011091 2.4e-05
0.011225 3.3e-05
0.010966 2.8e-05
0.01092 2.3e-05
0.010985 2.1e-05
0.010939 1.6e-05
0.011272 3e-05
0.011019 3.3e-05
0.011203 1.9e-05
0.011065 2e-05
0.010969 3.5e-05
0.011749 4.4e-05
0.011287 6.1e-05
0.020098 3.9e-05
0.011025 3.4e-05
0.011169 3.4e-05
0.011008 3e-05
0.010919 2.7e-05
0.011112 2.4e-05
0.011061 2.7e-05
0.011324 2.8e-05
0.010944 2.7e-05
0.010953 1.9e-05
