0.019331 0.001274
0.019465 0.001705
0.019361 0.000437
0.019221 0.001067
0.019306 0.000336
0.01921 0.000539
0.019199 0.001148
0.019232 0.00094
0.019848 0.001585
0.019204 0.001098
0.019326 0.000681
0.019421 0.000554
0.031104 0.001995
0.019372 0.001059
0.019307 0.000687
0.030832 0.00087
0.020349 0.000602
0.01925 0.001231
0.019837 0.00083
0.019694 0.000754
0.019685 0.0009
0.019478 0.00087
0.030145 0.000639
0.041019 0.000488
0.019869 0.001298
0.019198 0.001249
0.019085 0.000904
0.019513 0.001028
0.019432 0.000898
0.019234 0.001275
0.019339 0.001149
0.018261 0.001788
0.019635 0.000536
0.019499 0.001272
0.019353 0.001377
0.019636 0.000773
0.019047 0.000879
0.021587 0.000935
0.022063 0.001633
0.019919 0.001681
0.019409 0.0008
0.022473 0.001412
0.02049 0.000836
0.021038 0.000579
0.019404 0.001076
0.019695 0.000946
0.019723 0.000871
0.020198 0.00155
0.020193 0.001219
0.02193 0.001287
0.019203 0.001275
0.019286 0.001171
0.019094 0.000832
0.019432 0.001447
0.019477 0.001582
0.020119 0.001383
0.019657 0.001127
0.021579 0.001235
0.02597 0.000918
0.024729 0.00098
0.019314 0.001627
0.019152 0.001489
0.019229 0.000932
0.019522 0.001137
0.019393 0.001161
0.023449 0.001638
0.019913 0.000725
0.020207 0.000641
0.019385 0.001405
0.019361 0.001322
0.01953 0.001208
0.019149 0.001354
0.017369 0.000483
0.019109 0.001178
0.019437 0.000981
0.019169 0.0015
0.019156 0.000878
0.019021 0.001612
0.01959 0.001505
0.019254 0.001126
0.019249 0.001159
0.019224 0.000711
0.020097 0.000898
0.019562 0.001075
0.020123 0.001139
0.020434 0.00067
0.020246 0.00053
0.019458 0.001079
0.018349 0.001358
0.019249 0.001685
0.019175 0.000836
0.01924 0.000574
0.019576 0.00114
0.020128 0.00171
0.024812 0.001523
0.019265 0.00178
0.019221 0.000969
0.023028 0.001041
0.018203 0.00072
0.019197 0.000984
0.019038 0.000679
0.019387 0.000904
0.019118 0.000678
0.019649 0.001312
0.019368 0.000703
0.019295 0.001022
0.019237 0.001087
0.019596 0.0011
0.019144 0.000649
0.018929 0.001865
0.019317 0.001068
0.021624 0.001125
0.023115 0.00081
0.021824 0.000521
0.020972 0.00048
0.02195 0.000334
0.019569 0.001475
0.021284 0.000916
0.020649 0.001734
0.021476 0.001736
0.022074 0.000819
0.022682 0.000626
0.023076 0.000577
0.019978 0.000864
0.020575 0.000635
0.020287 0.001757
0.020734 0.001858
0.020902 0.00143
0.019666 0.001435
0.021036 0.000755
0.019964 0.001223
0.019766 0.000516
0.021179 0.000461
0.019245 0.000964
0.017967 0.001402
0.019906 0.00216
0.019459 0.000678
0.019635 0.000947
0.019588 0.001464
0.019559 0.000474
0.019804 0.001632
0.019238 0.00192
0.019697 0.000738
0.01959 0.001362
0.02197 0.001298
0.022319 0.001283
0.019539 0.000628
0.01917 0.001532
0.024652 0.001515
0.02072 0.001341
0.019106 0.000887
0.019814 0.000658
0.019428 0.000479
0.019516 0.00099
0.019446 0.001616
0.017558 0.001143
0.019297 0.001532
0.019873 0.000851
0.019092 0.001119
0.019864 0.000817
0.019902 0.00145
0.019854 0.0013
0.019297 0.000649
0.021817 0.001156
0.01958 0.000943
0.019664 0.000909
0.019251 0.000476
0.019249 0.000927
0.019133 0.000764
0.020148 0.000714
0.019119 0.00062
0.017593 0.000996
0.019244 0.000923
0.020158 0.000417
0.01931 0.001474
0.020573 0.001586
0.021103 0.000657
0.023318 0.001057
0.020466 0.001079
0.020096 0.000926
0.021841 0.00064
0.019155 0.001617
0.019166 0.001626
0.019765 0.000753
0.01952 0.001169
0.019778 0.000644
0.019114 0.001218
0.02077 0.000984
0.019859 0.001785
0.019655 0.000635
0.019281 0.001501
0.023721 0.001315
0.022777 0.001068
0.019619 0.000529
0.019342 0.001655
0.019205 0.000843
0.020292 0.000939
0.019853 0.00172
0.019667 0.001406
0.020059 0.001243
0.019942 0.000536
0.020657 0.000935
0.019364 0.001024
0.020807 0.001031
0.019213 0.00063
0.02109 0.001914
0.019719 0.001581
0.019367 0.001599
0.022024 0.00138
0.020323 0.000892
0.01936 0.000975
0.019763 0.000823
0.018033 0.000809
0.02004 0.000315
0.0199 0.000611
0.019388 0.001572
0.019377 0.001725
0.01954 0.001892
0.01912 0.000801
0.019293 0.001429
0.021183 0.00062
0.023283 0.000899
0.020975 0.000677
0.019104 0.000966
0.019365 0.001409
0.023511 0.00167
0.019876 0.0007
0.019456 0.000663
0.020824 0.001092
0.019935 0.001574
0.019283 0.00104
0.019507 0.001401
0.019803 0.000837
0.02015 0.001721
0.025468 0.001216
0.025143 0.000905
0.024902 0.00127
0.02485 0.001979
0.024685 0.001078
0.024667 0.001033
0.02466 0.000592
0.024657 0.001094
0.025067 0.001493
0.024511 0.001809
0.024864 0.000995
0.024328 0.001051
0.019654 0.001658
0.019062 0.001882
0.019695 0.001285
0.019192 0.001157
0.019207 0.000569
0.019006 0.001671
0.021847 0.001889
0.020455 0.001332
0.019451 0.001104
0.019791 0.001035
0.019533 0.00103
0.027227 0.000745
0.019398 0.001115
0.020066 0.001686
0.019278 0.000842
0.019084 0.000671
0.019561 0.001409
0.020901 0.00081
0.019174 0.000816
0.020172 0.00154
0.019667 0.00145
0.019446 0.001671
0.01938 0.001674
0.019315 0.001192
0.019758 0.001174
0.021666 0.001277
0.020305 0.000825
0.021058 0.000602
0.02052 0.000491
0.019847 0.000572
0.020734 0.000339
0.021195 0.001749
0.02113 0.000324
0.019231 0.000349
0.019757 0.001711
0.019751 0.000682
0.018442 0.001035
0.019295 0.000956
0.019295 0.001257
0.020838 0.000887
0.019486 0.000994
0.019138 0.000645
0.019331 0.00101
0.020305 0.001854
0.020156 0.000719
0.019134 0.001687
0.019231 0.001659
0.01935 0.001085
0.019769 0.000936
0.019241 0.000962
0.021022 0.001534
0.023868 0.001113
0.019564 0.000855
0.019863 0.001683
0.020205 0.000749
0.02126 0.001289
0.019265 0.001259
0.017408 0.000653
0.022845 0.00181
0.021127 0.001336
0.020397 0.000665
0.019712 0.000703
0.020526 0.001957
0.019803 0.000893
0.019601 0.000911
0.021112 0.001011
0.019678 0.00044
0.020067 0.001164
0.019687 0.001241
0.020062 0.001023
0.020465 0.000876
0.02054 0.001346
0.021006 0.001273
0.020204 0.00099
0.025893 0.000904
0.019805 0.001657
0.019604 0.00199
0.021422 0.000514
0.019839 0.000884
0.020593 0.001622
0.019891 0.0009
0.019543 0.001298
0.021227 0.00165
0.024471 0.000812
0.020972 0.001038
0.01985 0.00145
0.020418 0.001128
0.020538 0.000767
0.02304 0.000458
0.019222 0.000955
0.020506 0.000512
0.019812 0.00172
0.019621 0.001605
0.019506 0.000647
0.021048 0.000602
0.019289 0.000862
0.019552 0.000851
0.019576 0.000715
0.020806 0.001559
0.019439 0.00113
0.02111 0.001782
0.025562 0.000645
0.019806 0.00096
0.019593 0.001996
0.020259 0.00088
0.020112 0.000854
0.024227 0.001791
0.025979 0.000638
0.023571 0.001542
0.021959 0.001275
0.019588 0.001927
0.020941 0.001188
0.027354 0.001657
0.019835 0.001117
0.020304 0.00115
0.01963 0.000597
0.021127 0.001353
0.020099 0.001367
0.020787 0.000887
0.02159 0.001259
0.023337 0.001027
0.022097 0.001507
0.019858 0.000872
0.019974 0.000498
0.019219 0.001215
0.026811 0.001447
0.020059 0.00073
0.019451 0.000963
0.024273 0.001665
0.019665 0.001381
0.020675 0.000534
0.019491 0.001569
0.019759 0.001003
0.019926 0.00156
0.020325 0.00148
0.019857 0.001033
0.019141 0.000889
0.019349 0.000729
0.020117 0.001041
0.019305 0.0018
0.01916 0.000418
0.019372 0.001393
0.018551 0.001406
0.020039 0.001002
0.019403 0.000772
0.019535 0.000522
0.019422 0.000753
0.018471 0.001607
0.019986 0.001278
0.019485 0.001253
0.019548 0.001577
0.019442 0.000786
0.019666 0.001781
0.020797 0.001014
0.019492 0.000548
0.019399 0.000892
0.020485 0.00108
0.0232 0.000852
0.019361 0.001109
0.019177 0.001048
0.021304 0.000769
0.020216 0.000708
0.019121 0.000896
0.01967 0.002016
0.020455 0.001108
0.019349 0.000624
0.019238 0.001471
0.019347 0.000976
0.017615 0.001044
0.019418 0.001722
0.01936 0.001762
0.019319 0.000472
0.02262 0.001837
0.018838 0.001051
0.019207 0.000603
0.019821 0.00096
0.019153 0.001022
0.022555 0.001501
0.019326 0.000637
0.019347 0.001375
0.019245 0.001523
0.019159 0.001397
0.019601 0.000677
0.019668 0.001333
0.018662 0.001414
0.019467 0.000979
0.019305 0.001161
0.019242 0.000847
0.020137 0.001565
0.019467 0.001677
0.019653 0.000926
0.01939 0.001288
0.019489 0.001336
0.021733 0.001463
0.018832 0.00099
0.01974 0.000964
0.023318 0.001773
0.020749 0.001014
0.020035 0.001124
0.019168 0.00059
0.028788 0.00143
0.029089 0.00078
0.02778 0.000767
0.028819 0.001081
0.019923 0.000739
0.020114 0.000904
0.022165 0.000537
0.019183 0.000966
0.017863 0.001337
0.019845 0.000782
0.019468 0.001222
0.02578 0.001703
0.021208 0.00148
0.019409 0.000915
0.020374 0.001727
0.021779 0.00087
0.020611 0.00143
0.020152 0.000713
0.01892 0.000934
0.023497 0.001171
0.019985 0.000935
0.019402 0.001457
0.019161 0.000886
0.019115 0.000649
0.02157 0.001305
0.020751 0.001181
0.02142 0.001547
0.020399 0.001026
0.022828 0.001558
0.020557 0.001839
0.019435 0.000779
0.020861 0.001077
0.021245 0.000654
0.019367 0.000803
0.021075 0.000959
0.019482 0.001098
0.019417 0.001918
0.019169 0.000909
0.018849 0.001637
0.019325 0.001045
0.019752 0.001546
0.019226 0.00172
0.019374 0.001002
0.02087 0.001133
0.020201 0.001337
0.018964 0.001691
0.019051 0.00122
0.019327 0.001074
0.019567 0.001536
0.01972 0.000854
0.01962 0.000472
0.01923 0.001707
0.023154 0.001892
0.01925 0.001216
0.019111 0.001685
0.023411 0.000751
0.022282 0.000928
0.019069 0.000451
0.019213 0.001029
0.019736 0.001907
0.019541 0.001454
0.019083 0.001432
0.019164 0.000983
0.019295 0.00152
0.020093 0.000836
0.019496 0.000473
0.019846 0.001637
0.019712 0.000951
0.021235 0.000972
0.019838 0.000875
0.01946 0.000624
0.019913 0.00144
0.019306 0.00059
0.019345 0.000761
0.019931 0.000441
0.019758 0.000701
0.019687 0.000696
0.019518 0.000719
0.019117 0.00176
0.020454 0.001252
0.019434 0.000515
0.01944 0.000617
0.019312 0.000664
0.019125 0.001184
0.019543 0.001651
0.018479 0.001129
0.020268 0.000518
0.019136 0.001398
0.022569 0.001838
0.019492 0.00067
0.018019 0.000822
0.01924 0.001409
0.019264 0.001039
0.019649 0.000641
0.019491 0.000858
0.019341 0.000904
0.019148 0.001188
0.019702 0.000832
0.019597 0.000587
0.019638 0.000745
0.024515 0.000698
0.019511 0.001246
0.019426 0.000759
0.020292 0.00172
0.021998 0.001739
0.019267 0.001114
0.018262 0.001284
0.020754 0.000996
0.022301 0.001417
0.019351 0.001686
0.019147 0.00118
0.018354 0.000816
0.020782 0.001466
0.019604 0.001821
0.019257 0.000544
0.019053 0.000884
0.019179 0.001819
0.019425 0.000745
0.019069 0.000936
0.019167 0.001198
0.019796 0.00104
0.019275 0.001425
0.019056 0.000838
0.019172 0.001277
0.022193 0.001627
0.019584 0.000752
0.019826 0.000911
0.018144 0.000451
0.019349 0.001355
0.019256 0.00085
0.019225 0.001533
0.019156 0.00175
0.019168 0.00128
0.01939 0.000738
0.019224 0.001037
0.019037 0.00187
0.020589 0.001013
0.020342 0.000892
0.019205 0.00087
0.019805 0.000698
0.019822 0.000671
0.019063 0.000672
0.019325 0.001231
0.018425 0.00059
0.019851 0.000653
0.019611 0.001864
0.019535 0.000957
0.019076 0.000653
0.024997 0.000508
0.019281 0.000681
0.019133 0.001689
0.022851 0.001138
0.02455 0.001294
0.01878 0.001442
0.019132 0.000423
0.019946 0.001543
0.019635 0.001698
0.019091 0.00054
0.019494 0.001848
0.019307 0.001615
0.021809 0.001833
0.019203 0.001738
0.019176 0.000767
0.020152 0.000688
0.0211 0.001914
0.019224 0.000796
0.019493 0.00062
0.01922 0.001852
0.019727 0.001271
0.019137 0.00056
0.020331 0.001769
0.019642 0.00115
0.03373 0.001515
0.01942 0.00123
0.019058 0.000974
0.021932 0.001144
0.020086 0.001914
0.019355 0.00163
0.019324 0.000618
0.019954 0.000501
0.021228 0.001439
0.019596 0.000754
0.019099 0.000886
0.01931 0.001849
0.020662 0.000824
0.019348 0.000975
0.019418 0.00073
0.020817 0.000711
0.022078 0.001802
0.019191 0.001418
0.019188 0.00094
0.02072 0.001375
0.022975 0.000493
0.022277 0.000982
0.019664 0.001324
0.022796 0.000901
0.022313 0.001795
0.019237 0.001141
0.019162 0.00166
0.020454 0.000491
0.019521 0.000947
0.019391 0.001006
0.019286 0.000727
0.019331 0.001561
0.019552 0.000687
0.017553 0.001008
0.019304 0.000988
0.019133 0.001313
0.0198 0.00061
0.019182 0.000882
0.019249 0.001012
0.019234 0.000449
0.020227 0.000976
0.020682 0.000708
0.019704 0.00087
0.019633 0.001196
0.019606 0.00163
0.019436 0.000801
0.01932 0.001344
0.019724 0.000939
0.01985 0.000965
0.018566 0.000928
0.019148 0.000721
0.019699 0.000515
0.019389 0.000745
0.019161 0.00101
0.0188 0.001751
0.019124 0.000706
0.020321 0.001164
0.020053 0.000917
0.019602 0.001344
0.020243 0.000978
0.022308 0.001591
0.019591 0.000553
0.019225 0.000595
0.02018 0.001309
0.021939 0.000598
0.01971 0.001056
0.01951 0.000776
0.019697 0.000993
0.019583 0.000879
0.019614 0.00183
0.017423 0.000882
0.019391 0.000838
0.019708 0.000881
0.019868 0.001289
0.019111 0.001201
0.019472 0.000796
0.019536 0.000786
0.019382 0.001873
0.019327 0.00059
0.019346 0.000945
0.019582 0.001015
0.019336 0.001721
0.019309 0.001004
0.020127 0.001059
0.019515 0.001633
0.019688 0.001297
0.019091 0.00136
0.019163 0.001031
0.019927 0.000796
0.019087 0.001489
0.019041 0.001276
0.018393 0.000588
0.019571 0.001229
0.019234 0.001015
0.019648 0.001137
0.019198 0.001658
0.019636 0.001303
0.019413 0.000998
0.019353 0.00097
0.01918 0.001865
0.019264 0.000997
0.019329 0.00148
0.019244 0.001596
0.019431 0.000613
0.024337 0.001151
0.01912 0.000693
0.019221 0.001586
0.019442 0.000564
0.020283 0.001327
0.019516 0.001667
0.022422 0.00071
0.019989 0.001304
0.019537 0.001893
0.019219 0.000956
0.019347 0.000634
0.019597 0.000929
0.019766 0.00096
0.018841 0.000374
0.019625 0.001344
0.019259 0.000959
0.022268 0.00102
0.019572 0.000974
0.019303 0.001712
0.020464 0.001196
0.020369 0.001499
0.019321 0.00088
0.019339 0.001321
0.019393 0.001025
0.020425 0.00181
0.019618 0.001039
0.01935 0.001339
0.019369 0.001875
0.022276 0.001221
0.019697 0.000613
0.019444 0.000295
0.0199 0.001405
0.020554 0.001057
0.019652 0.001229
0.019009 0.000736
0.01939 0.001037
0.019414 0.001123
0.019136 0.000591
0.019178 0.000695
0.019144 0.000681
0.019246 0.000571
0.019329 0.001567
0.019197 0.001078
0.019673 0.000943
0.021118 0.00138
0.019371 0.000961
0.019435 0.001327
0.019993 0.000437
0.022243 0.001588
0.019639 0.00095
0.018017 0.001256
0.019968 0.001377
0.022002 0.00067
0.019212 0.001702
0.019105 0.00091
0.018751 0.001245
0.022217 0.000695
0.019654 0.001298
0.019381 0.000924
0.019902 0.000599
0.022495 0.000871
0.019217 0.000682
0.019179 0.000623
0.019206 0.00042
0.020843 0.001452
0.019289 0.000766
0.019189 0.001176
0.019477 0.001367
0.02481 0.000785
0.019146 0.000998
0.019098 0.001249
0.018471 0.000936
0.020063 0.000899
0.019245 0.001534
0.019375 0.001257
0.019422 0.001035
0.019854 0.000511
0.019201 0.001427
0.019282 0.000718
0.019693 0.001184
0.019224 0.000899
0.019559 0.001001
0.019237 0.000836
0.019609 0.000613
0.019971 0.000689
0.021518 0.000886
0.019087 0.001361
0.021541 0.001642
0.019941 0.001145
0.019181 0.001058
0.019119 0.000884
0.019758 0.001042
0.02316 0.000665
0.019866 0.001781
0.019099 0.001118
0.023649 0.000598
0.021562 0.001789
0.018711 0.000876
0.019574 0.001709
0.02259 0.001277
0.023405 0.000488
0.019855 0.001261
0.01814 0.000951
0.021846 0.000883
0.023262 0.001613
0.019133 0.00074
0.01965 0.000602
0.019743 0.000732
0.019778 0.000971
0.019279 0.000955
0.019681 0.001391
0.019257 0.0008
0.020479 0.000663
0.019163 0.001043
0.019047 0.001222
0.019177 0.000878
0.020218 0.001708
0.019122 0.001198
0.020232 0.001725
0.019844 0.000965
0.019192 0.000804
0.019207 0.001814
0.019229 0.000906
0.017322 0.000713
0.019793 0.000942
0.018962 0.001205
0.019144 0.001792
0.019557 0.001383
0.019081 0.00151
0.019089 0.000569
0.019664 0.000853
0.01928 0.000878
0.019537 0.001569
0.019288 0.000854
0.019231 0.000571
0.020502 0.000974
0.019197 0.000843
0.019151 0.001507
0.019652 0.000971
0.016939 0.001428
0.024685 0.000682
0.019448 0.001126
0.019203 0.001277
0.019596 0.000467
0.019243 0.001182
0.019713 0.000692
0.019574 0.001021
0.019176 0.001008
0.019216 0.000561
0.019442 0.001207
0.019039 0.000597
0.019452 0.001337
0.019644 0.000492
0.019218 0.001839
0.019364 0.000815
0.018201 0.000517
0.019132 0.000696
0.023756 0.002206
0.030808 0.001778
0.021291 0.001583
0.020204 0.001535
0.020968 0.000801
0.020576 0.001589
0.019367 0.000357
0.015893 0.001002
0.01971 0.001045
0.019317 0.000457
0.019469 0.00066
0.019266 0.000805
0.020022 0.000917
0.021981 0.001032
0.019754 0.00063
0.020237 0.000982
0.017862 0.000958
0.019189 0.000675
0.019176 0.000972
0.019202 0.001003
0.01908 0.000779
0.019718 0.001722
0.021648 0.001689
0.019633 0.001378
0.019276 0.000348
0.019296 0.000658
0.022227 0.000508
0.019114 0.000646
0.019476 0.001723
0.019276 0.001226
0.021727 0.000404
0.019714 0.001294
0.019411 0.001558
0.020189 0.001435
0.019488 0.000991
0.019623 0.001341
0.019665 0.001703
0.021981 0.002023
0.019457 0.000643
0.019751 0.001888
0.019212 0.001263
0.019751 0.001114
0.021549 0.000991
0.020022 0.001492
0.019634 0.000723
0.020002 0.000714
0.019603 0.000813
0.019691 0.000875
0.019379 0.001452
0.019409 0.001086
0.019434 0.000472
0.01926 0.001066
0.025601 0.000653
0.023694 0.001406
0.019253 0.0017
0.019159 0.001906
0.019313 0.001171
0.019336 0.000844
0.019243 0.000839
0.019505 0.001085
0.019657 0.000991
0.019271 0.001465
0.019375 0.00128
0.017922 0.001156
0.019562 0.000927
0.019311 0.001452
0.019794 0.00111
0.019011 0.001322
0.018502 0.001292
0.019147 0.000924
0.019262 0.00087
0.01929 0.00052
0.019638 0.000773
0.019092 0.001191
0.01918 0.000861
0.020179 0.000633
0.019207 0.001296
0.019189 0.000739
0.019531 0.000657
0.018322 0.000712
0.019442 0.000709
0.019942 0.000488
0.019268 0.000873
0.0194 0.001809
0.019513 0.000666
0.019336 0.001028
0.019691 0.001884
0.019284 0.000946
0.019241 0.001051
0.022616 0.001901
0.019289 0.000968
0.019773 0.000789
0.019352 0.00129
0.019195 0.001411
0.022534 0.000814
0.020005 0.000937
0.019436 0.000877
0.02051 0.001058
0.019257 0.001025
0.019141 0.000591
0.018409 0.00063
0.019371 0.000797
0.019278 0.001066
0.01926 0.000706
0.019515 0.000812
0.020746 0.000958
0.019397 0.001054
0.019394 0.000624
0.019525 0.001076
0.020905 0.000637
0.019339 0.001449
0.019291 0.001766
0.019678 0.00064
0.019287 0.001407
0.019205 0.001019
0.0192 0.000766
0.019281 0.001207
0.019447 0.000991
0.022275 0.001312
0.019215 0.00103
0.019305 0.000995
