0.004899 7.5e-05
0.004841 5.2e-05
0.005087 6e-05
0.005002 6.8e-05
0.004933 8e-05
0.004931 7.4e-05
0.004861 6.5e-05
0.004812 4.1e-05
0.004802 6.3e-05
0.004839 6.7e-05
0.004834 4.1e-05
0.004884 5.4e-05
0.004831 5.8e-05
0.004908 4.6e-05
0.00486 5.9e-05
0.006086 7.6e-05
0.006141 4.3e-05
0.00624 8.8e-05
0.006153 4e-05
0.00613 4.6e-05
0.004444 8.3e-05
0.006228 7.5e-05
0.006178 5.1e-05
0.006168 5.8e-05
0.006513 4.9e-05
0.006177 7.9e-05
0.006207 2.6e-05
0.006203 6e-05
0.006128 7.2e-05
0.006157 5.4e-05
0.006116 7.4e-05
0.006123 7.5e-05
0.006127 5.5e-05
0.006105 6.1e-05
0.006097 7.6e-05
0.00608 5.4e-05
0.006119 7.7e-05
0.006131 4.5e-05
0.005724 8.7e-05
0.00624 8.3e-05
0.006215 8e-05
0.006302 8.4e-05
0.006639 7.3e-05
0.006184 4.4e-05
0.006145 6.6e-05
0.006074 6.3e-05
0.006145 6e-05
0.00607 5.3e-05
0.006151 4.1e-05
0.00616 8.1e-05
0.0062 5.6e-05
0.006192 8.2e-05
0.006138 7.6e-05
0.006127 5.9e-05
0.006134 3.7e-05
0.004267 5.1e-05
0.006143 6.2e-05
0.006267 7.8e-05
0.006105 4.5e-05
0.006238 4.8e-05
0.006671 4.7e-05
0.006118 5.6e-05
0.006154 6.6e-05
0.006102 8.2e-05
0.006178 4e-05
0.006066 4e-05
0.006154 6.6e-05
0.006122 4.8e-05
0.006181 2.4e-05
0.00611 7.9e-05
0.006176 7e-05
0.006168 4.1e-05
0.006066 5.7e-05
0.004662 5e-05
0.006157 4.7e-05
0.00621 8.7e-05
0.006155 3.8e-05
0.006362 9.1e-05
0.006428 8e-05
0.006137 6.3e-05
0.006142 4.6e-05
0.006138 5.8e-05
0.006249 7e-05
0.006063 5.3e-05
0.006105 6.1e-05
0.00615 7.6e-05
0.006141 5.3e-05
0.0061 7.6e-05
0.006125 7.6e-05
0.006108 2.5e-05
0.006115 7.4e-05
0.004549 4.9e-05
0.006141 8e-05
0.006151 5.3e-05
0.006117 6e-05
0.006333 8.4e-05
0.006139 8.4e-05
0.006169 5.6e-05
0.006129 3.4e-05
0.00613 3.7e-05
0.006167 6.1e-05
0.006067 6e-05
0.006125 5.5e-05
0.006168 5.9e-05
0.006159 7.3e-05
0.006111 3.9e-05
0.00613 8.1e-05
0.006136 6.7e-05
0.006153 3.3e-05
0.004817 6.1e-05
0.006205 7.2e-05
0.006115 8.2e-05
0.006185 6.8e-05
0.006363 8.2e-05
0.006155 7.2e-05
0.006221 5.1e-05
0.006128 6.9e-05
0.006205 4.7e-05
0.006133 5e-05
0.006146 2.7e-05
0.006138 2.4e-05
0.006129 5.1e-05
0.006151 3.9e-05
0.006111 6.2e-05
0.006142 5.7e-05
0.006092 6.6e-05
0.006207 8.1e-05
0.004624 6.3e-05
0.006173 7.5e-05
0.006157 5.1e-05
0.006166 7.9e-05
0.006414 8.8e-05
0.006218 4.6e-05
0.006108 4.1e-05
0.0062 4.3e-05
0.006095 8.6e-05
0.006222 3.7e-05
0.006183 4.3e-05
0.006122 4.8e-05
0.006181 4e-05
0.006135 5.9e-05
0.006065 7.1e-05
0.006133 7e-05
0.006163 7.5e-05
0.00566 4.9e-05
0.00619 7e-05
0.006192 8.1e-05
0.006189 7.8e-05
0.006374 0.000257
0.006165 6.8e-05
0.006088 8.3e-05
0.006173 5.5e-05
0.006125 4.1e-05
0.006102 6.9e-05
0.006101 7.9e-05
0.006111 2.2e-05
0.006142 2.9e-05
0.006189 7.1e-05
0.006129 6e-05
0.006206 4.9e-05
0.006142 6.4e-05
0.006357 3.5e-05
0.005062 4.8e-05
0.006199 8e-05
0.006126 6.4e-05
0.00614 7.7e-05
0.006388 7.9e-05
0.006166 6.5e-05
0.006316 8.1e-05
0.006127 4.3e-05
0.006167 4.3e-05
0.006141 7.4e-05
0.00615 7e-05
0.006208 7.7e-05
0.006161 7.7e-05
0.006122 7.3e-05
0.00612 6.6e-05
0.006085 5.2e-05
0.006114 6.5e-05
0.006072 6.7e-05
0.004178 4.6e-05
0.006148 7.9e-05
0.006081 6.6e-05
0.00617 8e-05
0.006308 3.5e-05
0.006256 3.4e-05
0.006212 6.3e-05
0.006125 4.1e-05
0.006113 8.6e-05
0.006169 4e-05
0.006312 4e-05
0.006136 4.2e-05
0.006131 6.5e-05
0.006116 5e-05
0.006226 2.9e-05
0.006198 4.6e-05
0.006153 7.5e-05
0.006151 6.5e-05
0.00482 8.5e-05
0.006132 6.8e-05
0.006172 7.2e-05
0.00614 7.1e-05
0.006573 3.2e-05
0.006126 4e-05
0.006162 4.6e-05
0.006178 5.9e-05
0.006138 6.2e-05
0.006163 5.7e-05
0.006164 3.3e-05
0.006113 4.9e-05
0.006233 4.7e-05
0.006112 6.8e-05
0.006186 5.9e-05
0.006115 7.4e-05
0.006233 2.7e-05
0.005708 7.9e-05
0.004688 5.3e-05
0.006176 7.8e-05
0.006157 8e-05
0.006079 7.7e-05
0.006857 8.3e-05
0.006125 8.4e-05
0.006172 5.5e-05
0.006198 6.9e-05
0.006118 6e-05
0.006108 5.4e-05
0.006158 4.6e-05
0.006171 6.8e-05
0.006147 4.6e-05
0.006173 5.8e-05
0.006191 4.5e-05
0.006167 4.6e-05
0.006114 6.1e-05
0.005371 5e-05
0.006136 6.6e-05
0.006217 2.4e-05
0.006133 3.7e-05
0.00624 6.9e-05
0.006601 4.7e-05
0.006177 3.6e-05
0.006063 7.9e-05
0.006118 7.8e-05
0.006163 7.1e-05
0.006163 3.7e-05
0.00617 6.1e-05
0.006178 5.8e-05
0.006109 6.7e-05
0.006156 7.5e-05
0.006125 7.5e-05
0.006104 8e-05
0.006208 5.5e-05
0.004171 2.8e-05
0.006136 7.2e-05
0.006167 7.3e-05
0.006137 6.1e-05
0.006373 4.3e-05
0.006198 6.2e-05
0.006136 5.5e-05
0.006219 7.7e-05
0.006137 7.5e-05
0.006153 3.9e-05
0.00612 7.9e-05
0.006129 7.1e-05
0.006149 4.2e-05
0.006119 4.6e-05
0.006199 7.2e-05
0.006152 7.7e-05
0.006146 3.4e-05
0.006197 5.5e-05
0.004822 8.3e-05
0.006201 7.5e-05
0.006141 3.2e-05
0.006154 3.8e-05
0.006393 4.2e-05
0.006173 5e-05
0.00614 7.5e-05
0.006054 5.4e-05
0.006105 7.1e-05
0.00617 4.3e-05
0.006128 7.2e-05
0.006152 7.6e-05
0.006187 4.4e-05
0.006208 2.6e-05
0.006153 5.9e-05
0.006227 6.5e-05
0.006153 5.5e-05
0.006081 7.5e-05
0.004178 7.9e-05
0.006178 6.8e-05
0.006184 6.7e-05
0.006143 8.9e-05
0.006465 5.2e-05
0.006164 7.8e-05
0.00615 6.4e-05
0.006108 5.9e-05
0.00611 3.5e-05
0.006144 1.9e-05
0.00611 3.9e-05
0.006141 5.8e-05
0.006134 4.5e-05
0.006126 4e-05
0.00614 2.8e-05
0.006129 4.9e-05
0.006133 7.3e-05
0.006091 4.9e-05
0.004838 5.7e-05
0.005104 7.3e-05
0.005014 6.1e-05
0.005047 5.8e-05
0.00484 7.1e-05
0.004848 6.9e-05
0.004801 6e-05
0.004815 2.6e-05
0.004823 5e-05
0.004838 6.6e-05
0.007708 7.6e-05
0.007739 3e-05
0.008563 3.8e-05
0.007575 3.9e-05
0.00489 4.7e-05
0.004788 5.2e-05
0.004804 6.7e-05
0.004834 6.5e-05
0.00481 4.6e-05
0.00433 6.6e-05
0.004813 5e-05
0.004851 5.2e-05
0.004791 6e-05
0.006451 7.3e-05
0.004965 3.5e-05
0.004969 4e-05
0.00497 4.6e-05
0.004959 3.4e-05
0.004861 4.9e-05
0.004888 3e-05
0.0048 6.3e-05
0.00481 6.4e-05
0.004811 3.1e-05
0.004798 3e-05
0.004881 3.8e-05
0.004869 3.9e-05
0.005211 7e-05
0.00485 5.9e-05
0.004948 7.2e-05
0.00506 5.2e-05
0.004324 4.5e-05
0.005178 4.7e-05
0.005268 5.4e-05
0.005075 4.1e-05
0.004807 6.5e-05
0.004951 7.3e-05
0.004822 7.3e-05
0.004808 6.6e-05
0.004828 6.5e-05
0.004812 8.1e-05
0.005253 3.8e-05
0.004863 5.5e-05
0.004965 3.4e-05
0.004871 6.8e-05
0.004831 3.4e-05
0.004934 5.2e-05
0.004813 4.2e-05
0.004825 6.7e-05
0.00481 6.3e-05
0.004825 6.2e-05
0.004796 5.2e-05
0.004588 8.1e-05
0.00483 5.6e-05
0.004797 4.5e-05
0.004834 4.6e-05
0.004822 3.5e-05
0.004849 7.4e-05
0.005483 4.8e-05
0.004864 6.5e-05
0.004868 7e-05
0.004821 7.3e-05
0.004781 7.6e-05
0.004825 6.1e-05
0.004853 6.1e-05
0.004805 6.1e-05
0.004814 4.3e-05
0.004825 3.9e-05
0.004809 6.7e-05
0.004839 7.2e-05
0.004798 5.4e-05
0.007376 8.5e-05
0.005785 8.8e-05
0.004895 6.5e-05
0.004899 6.9e-05
0.00677 3.2e-05
0.004864 4e-05
0.004811 6.9e-05
0.004997 3e-05
0.004843 6.8e-05
0.00495 3.8e-05
0.004829 6.2e-05
0.007801 7.3e-05
0.007636 7.9e-05
0.004857 5.9e-05
0.00486 3.2e-05
0.004808 6.2e-05
0.004933 7.3e-05
0.004828 5.5e-05
0.004837 4.4e-05
0.004816 6.3e-05
0.004816 5.1e-05
0.004813 3.9e-05
0.004836 3.4e-05
0.004287 3.6e-05
0.004917 7.5e-05
0.004883 6.2e-05
0.004861 4.1e-05
0.004892 5.3e-05
0.00529 6.8e-05
0.00485 5.4e-05
0.006172 9.4e-05
0.004902 3.6e-05
0.004826 6.4e-05
0.004841 4.1e-05
0.004848 5.3e-05
0.004876 6.7e-05
0.004838 6.5e-05
0.004855 3.4e-05
0.004849 0.000153
0.008161 6.7e-05
0.009117 2.1e-05
0.004823 6e-05
0.004824 6.8e-05
0.004845 6.1e-05
0.00483 6.2e-05
0.004916 6.9e-05
0.004865 5.6e-05
0.004833 4.9e-05
0.005053 7e-05
0.004864 6.4e-05
0.004827 6.2e-05
0.004845 7e-05
0.004823 5.2e-05
0.004873 6.3e-05
0.004857 5e-05
0.004816 3.7e-05
0.004886 3.6e-05
0.005036 4.2e-05
0.005065 5.5e-05
0.004835 3.2e-05
0.004885 6.3e-05
0.004862 5e-05
0.004806 1.3e-05
0.004827 4.3e-05
0.00443 4.6e-05
0.004541 2.9e-05
0.004944 6.9e-05
0.004887 2.7e-05
0.005704 7e-05
0.005824 0.000237
0.004951 4.3e-05
0.004837 4e-05
0.0049 3.9e-05
0.004937 4.5e-05
0.004842 5.3e-05
0.004839 6.5e-05
0.004824 6e-05
0.004923 6.7e-05
0.004816 5e-05
0.004825 5.9e-05
0.004777 4.4e-05
0.005295 0.000148
0.007905 6.9e-05
0.007914 7.8e-05
0.007597 5.8e-05
0.009165 4.8e-05
0.004931 4.6e-05
0.004851 6.8e-05
0.00491 4e-05
0.004975 6.7e-05
0.004795 7.1e-05
0.004801 3.5e-05
0.005699 7.5e-05
0.007774 6.7e-05
0.007677 4.1e-05
0.00505 6.5e-05
0.005015 2.8e-05
0.005036 6.1e-05
0.005027 4.6e-05
0.004979 6.5e-05
0.00481 3.9e-05
0.004824 3.4e-05
0.004873 7.1e-05
0.004811 8e-05
0.004111 4.5e-05
0.004886 7.1e-05
0.004784 7.6e-05
0.004985 4.3e-05
0.00509 7.4e-05
0.005062 3e-05
0.00482 2.2e-05
0.004892 3.7e-05
0.004861 7.3e-05
0.00515 6.6e-05
0.005028 3.7e-05
0.004843 3.8e-05
0.004848 4.6e-05
0.004805 5.6e-05
0.004789 4.3e-05
0.004798 6.3e-05
0.004833 5.2e-05
0.005148 5.6e-05
0.004838 6.4e-05
0.00483 6.7e-05
0.004823 4.3e-05
0.004861 8.6e-05
0.004924 3.9e-05
0.005115 6.1e-05
0.005159 5.8e-05
0.005239 6.4e-05
0.004865 7e-05
0.005081 2.4e-05
0.00483 6.2e-05
0.004801 3.5e-05
0.004872 2.4e-05
0.004869 4.8e-05
0.004833 7e-05
0.00484 0.000159
0.008784 6.6e-05
0.005135 5.6e-05
0.005058 5.5e-05
0.004942 4.5e-05
0.00483 6.4e-05
0.004803 4.1e-05
0.004819 3.6e-05
0.004824 6.1e-05
0.004833 5.7e-05
0.004103 5.6e-05
0.004864 4.6e-05
0.004868 3.3e-05
0.00487 5e-05
0.005113 7.5e-05
0.005136 7.9e-05
0.004966 3.9e-05
0.004882 6.2e-05
0.004952 7.1e-05
0.004838 6.5e-05
0.004827 6.5e-05
0.004793 6.8e-05
0.004828 4.4e-05
0.004816 4.6e-05
0.004831 6.6e-05
0.004973 4.3e-05
0.005551 4.4e-05
0.00498 5.8e-05
0.004835 3.5e-05
0.004825 6.7e-05
0.004791 4.4e-05
0.004837 7e-05
0.004879 7.3e-05
0.004856 5.6e-05
0.004847 5.7e-05
0.004829 6e-05
0.004845 7.8e-05
0.004867 7.1e-05
0.004924 6.9e-05
0.004811 2.8e-05
0.004985 6.8e-05
0.004858 6.8e-05
0.00495 6.9e-05
0.004877 4.4e-05
0.004838 6.6e-05
0.004853 6.5e-05
0.005067 7e-05
0.006093 6.3e-05
0.005115 3.9e-05
0.004844 3.5e-05
0.004804 3.7e-05
0.004831 6.7e-05
0.005611 7.2e-05
0.004821 4.3e-05
0.004887 7.4e-05
0.004831 5.8e-05
0.004815 7.4e-05
0.004886 5.6e-05
0.005263 4.8e-05
0.005686 5e-05
0.005336 0.000117
0.004929 2.2e-05
0.00486 4.7e-05
0.004813 6.7e-05
0.004834 6.4e-05
0.004815 5.9e-05
0.004823 5.6e-05
0.006678 4.3e-05
0.004807 5.7e-05
0.008936 0.000103
0.007837 7.3e-05
0.008994 6.8e-05
0.004911 5.1e-05
0.004846 6.7e-05
0.004855 3.4e-05
0.004813 3.8e-05
0.004812 7.3e-05
0.004852 6.9e-05
0.004831 4.2e-05
0.004785 5.6e-05
0.005305 8e-05
0.008287 5.5e-05
0.007958 8.1e-05
0.005115 8.2e-05
0.005018 6.8e-05
0.005056 3.2e-05
0.004765 4.8e-05
0.004791 6.6e-05
0.004873 6.4e-05
0.004823 5.5e-05
0.004768 5.7e-05
0.004061 6.5e-05
0.005284 9.6e-05
0.005466 6.6e-05
0.005115 9e-05
0.005105 7.5e-05
0.005191 7.9e-05
0.005036 6.4e-05
0.005156 5.4e-05
0.004851 5.6e-05
0.00482 3.2e-05
0.00483 6.1e-05
0.004872 3e-05
0.004798 3.8e-05
0.004801 6.2e-05
0.004745 4.1e-05
0.005513 5.6e-05
0.004914 4.5e-05
0.004874 3.3e-05
0.005108 4.7e-05
0.005169 8.5e-05
0.005047 6.8e-05
0.005482 6.3e-05
0.004797 5.9e-05
0.004795 3.5e-05
0.004822 0.000191
0.004893 5e-05
0.004822 6.6e-05
0.004811 6.4e-05
0.004778 6.7e-05
0.004827 3.5e-05
0.004801 6.6e-05
0.004837 6.9e-05
0.004842 6.9e-05
0.00483 7.3e-05
0.004803 6.8e-05
0.004836 5.9e-05
0.0048 6.3e-05
0.004804 5.2e-05
0.004823 5.2e-05
0.004866 5.8e-05
0.004801 1.6e-05
0.004075 5.7e-05
0.004807 5e-05
0.004801 3.4e-05
0.004867 6.1e-05
0.004833 7.7e-05
0.004851 7.4e-05
0.004876 3.4e-05
0.00594 7.4e-05
0.005443 3.3e-05
0.00531 3e-05
0.0051 4.2e-05
0.004881 6.8e-05
0.004802 6.5e-05
0.004815 3.7e-05
0.004804 5.6e-05
0.004806 6.5e-05
0.004786 5.8e-05
0.004797 8.2e-05
0.004939 7.2e-05
0.005596 7.2e-05
0.004894 4.8e-05
0.004816 3.6e-05
0.004928 8.1e-05
0.004865 6.3e-05
0.004841 6.8e-05
0.004839 4.4e-05
0.004991 3.6e-05
0.004807 4.9e-05
0.004851 6.7e-05
0.004818 4.2e-05
0.004824 4.3e-05
0.004821 4.2e-05
0.004983 7.3e-05
0.004822 2.5e-05
0.004916 7.3e-05
0.004817 4.8e-05
0.004811 7.5e-05
0.004836 3.2e-05
0.004806 5.6e-05
0.00485 7.1e-05
0.00471 3e-05
0.004031 6.6e-05
0.004325 3.8e-05
0.004066 4e-05
0.00398 5.5e-05
0.004921 6.4e-05
0.004847 6.4e-05
0.004801 5.3e-05
0.004879 6.2e-05
0.004831 5.4e-05
0.004788 7.1e-05
0.004795 7e-05
0.005032 5.9e-05
0.004981 7.5e-05
0.004837 3.7e-05
0.004815 5.2e-05
0.004758 3.9e-05
0.004751 3.8e-05
0.004836 2.4e-05
0.004147 4.7e-05
0.004044 5.2e-05
0.00391 4.6e-05
0.005074 6.5e-05
0.004432 5.4e-05
0.005093 4.3e-05
0.005045 4.5e-05
0.004835 6.7e-05
0.004859 4.5e-05
0.004793 5.9e-05
0.004819 5.8e-05
0.004802 6.6e-05
0.00481 6.4e-05
0.004815 6e-05
0.004836 4.7e-05
0.004817 6e-05
0.004788 4.6e-05
0.00611 5.6e-05
0.006415 5.8e-05
0.005813 5.6e-05
0.007443 8.3e-05
0.009178 6.1e-05
0.00483 2.6e-05
0.004922 7.4e-05
0.004803 2.7e-05
0.004846 3.4e-05
0.004849 3.6e-05
0.004805 2.6e-05
0.004828 3.9e-05
0.004811 6.8e-05
0.004884 5e-05
0.006011 6e-05
0.004848 4.4e-05
0.004807 6.2e-05
0.004844 4.2e-05
0.004839 3.5e-05
0.004806 3.1e-05
0.004852 5.9e-05
0.004826 4.8e-05
0.004413 3.1e-05
0.004823 5.3e-05
0.004915 6.4e-05
0.004801 6.6e-05
0.004792 5.1e-05
0.004919 8e-05
0.004826 6e-05
0.004801 4.8e-05
0.004844 7.3e-05
0.004847 6.3e-05
0.004815 5.3e-05
0.004788 3.9e-05
0.004836 6e-05
0.004797 6.7e-05
0.004901 5.2e-05
0.004814 5.7e-05
0.004825 4.4e-05
0.00487 5.6e-05
0.004835 6.4e-05
0.004807 6.6e-05
0.004851 7.5e-05
0.004794 6.2e-05
0.004811 4.9e-05
0.004839 7.3e-05
0.00481 7.8e-05
0.004794 7.5e-05
0.004887 7e-05
0.004845 5.5e-05
0.004837 7e-05
0.004817 5.4e-05
0.004897 4.8e-05
0.004809 4.7e-05
0.00484 5.6e-05
0.004796 4.4e-05
0.00481 5.9e-05
0.00481 5.5e-05
0.004902 5.2e-05
0.004891 6.7e-05
0.004866 7.3e-05
0.004828 3.4e-05
0.004895 6.6e-05
0.004805 4.5e-05
0.004811 5.5e-05
0.004715 9.6e-05
0.004293 7.7e-05
0.004848 3.9e-05
0.004801 2.7e-05
0.004933 7.3e-05
0.005156 5.7e-05
0.005471 4.9e-05
0.005169 7.5e-05
0.004888 6.7e-05
0.00503 8.9e-05
0.005522 5.5e-05
0.004827 7.4e-05
0.004813 5.6e-05
0.004823 5.1e-05
0.004817 2.3e-05
0.004788 6.7e-05
0.004799 6.7e-05
0.004828 3.9e-05
0.004817 4e-05
0.004864 3.4e-05
0.00487 6.5e-05
0.005132 6.9e-05
0.005158 7.2e-05
0.004884 5.7e-05
0.004861 6.7e-05
0.004881 6.3e-05
0.004851 0.000102
0.004904 5.1e-05
0.004873 7e-05
0.00496 5.1e-05
0.004798 5.6e-05
0.004797 5.6e-05
0.004935 7.1e-05
0.004846 3.4e-05
0.004851 4.5e-05
0.004804 4.4e-05
0.004872 6.5e-05
0.004834 4.2e-05
0.004822 6.1e-05
0.004828 7e-05
0.004885 6e-05
0.004831 6.7e-05
0.004859 3.6e-05
0.004736 5.3e-05
0.00419 4e-05
0.004854 7e-05
0.004812 7.5e-05
0.005057 7.1e-05
0.005063 7.8e-05
0.004973 3.4e-05
0.004845 4.1e-05
0.004826 4.8e-05
0.00485 6.5e-05
0.004831 6.5e-05
0.004813 5.1e-05
0.004784 5.4e-05
0.004815 6.8e-05
0.004762 2.5e-05
0.004791 6.5e-05
0.004824 5.6e-05
0.004767 3.8e-05
0.004869 6.3e-05
0.004877 7e-05
0.004848 6.4e-05
0.004848 4.6e-05
0.004825 6.5e-05
0.004925 7.4e-05
0.004906 6.3e-05
0.00489 7.4e-05
0.004881 6.5e-05
0.004883 7.8e-05
0.004856 5.2e-05
0.004789 3.8e-05
0.004877 3.8e-05
0.004808 8.9e-05
0.007005 6.6e-05
0.004825 5.7e-05
0.004863 5.4e-05
0.005031 4e-05
0.005192 6.5e-05
0.004829 7.2e-05
0.004811 4.4e-05
0.004808 2.7e-05
0.004867 4.4e-05
0.004816 5.9e-05
0.00482 3.6e-05
0.004311 8.5e-05
0.004812 6.8e-05
0.004799 6.9e-05
0.004844 3.8e-05
0.004851 5.7e-05
0.004909 6.9e-05
0.005577 7.7e-05
0.005166 6.3e-05
0.005117 5.5e-05
0.004883 3.8e-05
0.004812 6.3e-05
0.004805 2.3e-05
0.004791 6.3e-05
0.004835 4.6e-05
0.004847 6.4e-05
0.004824 5.6e-05
0.004835 5.1e-05
0.004844 5.4e-05
0.00482 5.5e-05
0.004856 6.6e-05
0.004838 4.4e-05
0.005064 6.4e-05
0.005101 5.8e-05
0.005088 4.8e-05
0.004943 7e-05
0.004914 4.2e-05
0.004797 5.3e-05
0.004837 7.8e-05
0.004834 7.1e-05
0.004823 7.6e-05
0.004835 7.2e-05
0.004914 7.1e-05
0.004851 6.8e-05
0.004843 9.2e-05
0.006185 8.7e-05
0.0064 5.1e-05
0.006386 4.9e-05
0.005583 7.2e-05
0.00624 5.6e-05
0.004814 5.5e-05
0.004832 7.4e-05
0.004795 5.1e-05
0.004772 5.7e-05
0.004338 4.9e-05
0.004893 4.4e-05
0.004831 3.7e-05
0.00563 2.6e-05
0.006203 3.3e-05
0.005104 7.4e-05
0.004991 4.7e-05
0.004924 7.4e-05
0.00491 7.3e-05
0.004837 6.8e-05
0.004779 6.9e-05
0.00484 4e-05
0.004814 6.6e-05
0.004797 4.5e-05
0.004809 4e-05
0.004824 3.9e-05
0.006131 4.4e-05
0.00558 6e-05
0.005754 5.1e-05
0.005676 4e-05
0.005611 5.5e-05
0.005187 4e-05
0.004865 7.1e-05
0.004844 5.3e-05
0.004841 6.6e-05
0.004875 5.8e-05
0.004901 7.6e-05
0.004804 4.6e-05
0.004842 5.1e-05
0.005075 7.1e-05
0.004838 6.6e-05
0.004853 6.6e-05
0.004819 6.8e-05
0.004771 5.3e-05
0.005025 7.1e-05
0.004878 6.5e-05
0.004873 6.6e-05
0.004787 5.4e-05
0.004805 5.6e-05
0.004835 4.2e-05
0.004861 6.4e-05
0.004807 5.5e-05
0.004375 1.9e-05
0.004612 6e-05
0.004975 6e-05
0.005151 6.8e-05
0.005054 6e-05
0.005111 4.3e-05
0.005183 4.5e-05
0.00505 7.9e-05
0.005013 5.2e-05
0.004799 5.4e-05
0.004767 5.2e-05
0.004832 5e-05
0.004857 5.2e-05
0.004855 6.3e-05
0.004819 4.2e-05
0.004879 6.5e-05
0.004847 5e-05
0.004825 5.4e-05
0.004842 6.6e-05
0.004866 5.2e-05
0.007487 2.2e-05
0.005036 6.8e-05
0.004889 3.4e-05
0.004874 3.9e-05
0.004854 3.1e-05
0.004831 4.1e-05
0.004817 6.8e-05
0.004858 4.8e-05
0.004815 7.5e-05
0.004848 6.6e-05
0.004831 4.1e-05
0.004812 6.3e-05
0.004838 3.8e-05
0.00481 3.8e-05
