0.019878 1.2e-05
0.019439 1.4e-05
0.019544 2.2e-05
0.019431 1.6e-05
0.019197 1.4e-05
0.019014 1.2e-05
0.019341 1.9e-05
0.019267 2e-05
0.019243 1.6e-05
0.019263 1.6e-05
0.019138 1.9e-05
0.019979 1.5e-05
0.019138 1.1e-05
0.018128 1.8e-05
0.019144 1.6e-05
0.019145 2e-05
0.019179 1.5e-05
0.019246 1.4e-05
0.019385 1.9e-05
0.019131 1.8e-05
0.019624 1.7e-05
0.019227 1.3e-05
0.019115 1.3e-05
0.019142 1.2e-05
0.018742 1.4e-05
0.019138 1.8e-05
0.020373 1.5e-05
0.01899 1.4e-05
0.019267 1.5e-05
0.019197 2.8e-05
0.019244 1.3e-05
0.019206 1.6e-05
0.019155 1e-05
0.019171 1.2e-05
0.01919 1.5e-05
0.019201 1.5e-05
0.019294 1.7e-05
0.019113 1.3e-05
0.019171 1.3e-05
0.019402 1.4e-05
0.019103 1.3e-05
0.018496 1.2e-05
0.019183 1.6e-05
0.021416 1.5e-05
0.019454 1.2e-05
0.019157 1.3e-05
0.019072 1.5e-05
0.019221 1.5e-05
0.019518 1.4e-05
0.019174 1.4e-05
0.019218 1.7e-05
0.019186 1.1e-05
0.019101 1.3e-05
0.01921 1.5e-05
0.019072 1.6e-05
0.019207 1.2e-05
0.019195 1.2e-05
0.019218 1.7e-05
0.0177 1.7e-05
0.019198 1.8e-05
0.01915 2.2e-05
0.019066 1.4e-05
0.019213 1.6e-05
0.019118 1.6e-05
0.019127 1.5e-05
0.019202 1.5e-05
0.019141 1.8e-05
0.029937 2.1e-05
0.02756 1.5e-05
0.019215 1.9e-05
0.019551 1.6e-05
0.019122 1.1e-05
0.019008 1e-05
0.019032 1.2e-05
0.017855 1.1e-05
0.0193 1.5e-05
0.01934 1.5e-05
0.019125 1.7e-05
0.01901 1.4e-05
0.019054 1.2e-05
0.019157 1.1e-05
0.01935 1.6e-05
0.019121 1.1e-05
0.019109 1.3e-05
0.019085 1.1e-05
0.018885 1.3e-05
0.015936 1.3e-05
0.01932 1.5e-05
0.019024 1.2e-05
0.019236 1.3e-05
0.018998 1.4e-05
0.019184 1.2e-05
0.019566 1.4e-05
0.019239 1.5e-05
0.01916 1.3e-05
0.019568 1.6e-05
0.018717 1.5e-05
0.019456 1.8e-05
0.019227 1.3e-05
0.018995 1.3e-05
0.019097 1.1e-05
0.019116 1.4e-05
0.017863 1.4e-05
0.019459 1.1e-05
0.019652 1.4e-05
0.019526 1.3e-05
0.020777 1.5e-05
0.019281 1.1e-05
0.019116 1.6e-05
0.019182 1.4e-05
0.019248 1.5e-05
0.019162 1.1e-05
0.019126 8e-06
0.018229 1.7e-05
0.019375 1.7e-05
0.019157 1.1e-05
0.018949 1.2e-05
0.019053 1.2e-05
0.019041 2.6e-05
0.019417 1.5e-05
0.019455 1.5e-05
0.019148 1.6e-05
0.021537 1.4e-05
0.019286 3e-05
0.018582 1.6e-05
0.019353 1.8e-05
0.022764 1.7e-05
0.019292 1.4e-05
0.021556 2.3e-05
0.019432 1.8e-05
0.019681 2e-05
0.021374 1.4e-05
0.019446 1.4e-05
0.019493 1.6e-05
0.019168 2.8e-05
0.019095 2.2e-05
0.019694 1.4e-05
0.019703 1.7e-05
0.019931 1.7e-05
0.019301 1.2e-05
0.0188 1.5e-05
0.019179 1.7e-05
0.019115 1.2e-05
0.02236 2.1e-05
0.021902 1.4e-05
0.019144 1.4e-05
0.019634 2.2e-05
0.019104 1.4e-05
0.01905 2e-05
0.029303 1.9e-05
0.028562 1.4e-05
0.019098 1.8e-05
0.019185 1.1e-05
0.019699 1.5e-05
0.019378 1.5e-05
0.019347 1.3e-05
0.019989 1.8e-05
0.02371 1.7e-05
0.01919 1.6e-05
0.023646 2.2e-05
0.023793 1.9e-05
0.022411 2.6e-05
0.026839 2.1e-05
0.027621 2.5e-05
0.02808 2.9e-05
0.027855 1.9e-05
0.0282 1.8e-05
0.019201 1.4e-05
0.019269 2.1e-05
0.027902 1.7e-05
0.027772 1.9e-05
0.027287 1.6e-05
0.019051 1.4e-05
0.019168 1.8e-05
0.017945 1.5e-05
0.019254 1.4e-05
0.019317 9e-06
0.019143 1.4e-05
0.019129 1.4e-05
0.019085 1.2e-05
0.019158 1.4e-05
0.019196 1.4e-05
0.019227 1.7e-05
0.019317 1.4e-05
0.019129 1.2e-05
0.017985 1.4e-05
0.019245 1.3e-05
0.019142 1.6e-05
0.019205 1.4e-05
0.019175 1.3e-05
0.019177 1.2e-05
0.019506 1.5e-05
0.019518 1.5e-05
0.019172 1.2e-05
0.019101 1.4e-05
0.019219 1.2e-05
0.018227 1.8e-05
0.019282 1.9e-05
0.019085 1.6e-05
0.019173 1.6e-05
0.019401 1.4e-05
0.019186 1.8e-05
0.019168 1.5e-05
0.019601 1.9e-05
0.019202 1.1e-05
0.019105 1e-05
0.019463 1.2e-05
0.017949 1.6e-05
0.019217 1.5e-05
0.019321 1.3e-05
0.019165 1.5e-05
0.019273 1.7e-05
0.019208 1.3e-05
0.019208 1.7e-05
0.019445 1.7e-05
0.019098 1.3e-05
0.019204 1.5e-05
0.019083 8e-06
0.018502 1.6e-05
0.019271 1.7e-05
0.019184 1.6e-05
0.019091 1.2e-05
0.019177 1.7e-05
0.019173 1.4e-05
0.019551 1.8e-05
0.019102 1.6e-05
0.019104 1.3e-05
0.019165 1.2e-05
0.019212 1.5e-05
0.017784 1.4e-05
0.01935 1.6e-05
0.019225 1.4e-05
0.019333 1.2e-05
0.019251 1.4e-05
0.019201 2.9e-05
0.019075 1.9e-05
0.0192 1.1e-05
0.019184 1.8e-05
0.019123 1.5e-05
0.019185 1.4e-05
0.01906 1.6e-05
0.024715 1.3e-05
0.019337 1.6e-05
0.02059 1.6e-05
0.020445 1.6e-05
0.019175 1.7e-05
0.01913 1.9e-05
0.019303 1.8e-05
0.019163 1.6e-05
0.019113 1.6e-05
0.019988 2.6e-05
0.017295 1.2e-05
0.019445 1.6e-05
0.019204 1.3e-05
0.019137 1.4e-05
0.019125 1.7e-05
0.019034 2.8e-05
0.019126 1.3e-05
0.019426 1.7e-05
0.019155 1.4e-05
0.019114 8e-06
0.019348 1.2e-05
0.019104 1.4e-05
0.019291 1.7e-05
0.019106 1.7e-05
0.019588 1.2e-05
0.019307 1.5e-05
0.019534 1.5e-05
0.017608 1.8e-05
0.019329 1.5e-05
0.019498 1.4e-05
0.019213 1.2e-05
0.019141 1.2e-05
0.019119 1.1e-05
0.019642 1.7e-05
0.019373 1.5e-05
0.019296 1.7e-05
0.019104 1e-05
0.019128 1.4e-05
0.019068 2e-05
0.019273 1.8e-05
0.0193 1.2e-05
0.018972 1.3e-05
0.019248 1.4e-05
0.019157 1.4e-05
0.018559 1.4e-05
0.019197 1.9e-05
0.019172 1.1e-05
0.019265 1.2e-05
0.019122 1e-05
0.019137 1.5e-05
0.019302 1.9e-05
0.01944 1.2e-05
0.019159 1.2e-05
0.020257 1.5e-05
0.019226 1.2e-05
0.018422 1.4e-05
0.019243 1.8e-05
0.019153 1.3e-05
0.019614 1.3e-05
0.019103 1.9e-05
0.019432 1.1e-05
0.018735 1.7e-05
0.021295 1.5e-05
0.019376 1.7e-05
0.019288 1.8e-05
0.019745 1.9e-05
0.020065 1.7e-05
0.020434 1.4e-05
0.019241 1.6e-05
0.019126 1.2e-05
0.019221 1.7e-05
0.019163 1.1e-05
0.018377 1.7e-05
0.019448 1.7e-05
0.019107 1.5e-05
0.019072 1.7e-05
0.019265 1.3e-05
0.019056 2e-05
0.01927 1.9e-05
0.019632 1.9e-05
0.019188 1.3e-05
0.019524 1.9e-05
0.019275 1.5e-05
0.018236 2.1e-05
0.019132 1.9e-05
0.019275 1.4e-05
0.019699 2e-05
0.01932 1.4e-05
0.019347 1.3e-05
0.019544 2.5e-05
0.019264 1.8e-05
0.019349 1.7e-05
0.019507 1.6e-05
0.019059 1.7e-05
0.019148 1.6e-05
0.019321 2e-05
0.019282 1.8e-05
0.019164 1.8e-05
0.019222 1.3e-05
0.020636 1.4e-05
0.017683 1.6e-05
0.020127 1.3e-05
0.019827 1.2e-05
0.019083 1.1e-05
0.019165 9e-06
0.019111 1.7e-05
0.019071 1.3e-05
0.019414 1.2e-05
0.019054 1.5e-05
0.019455 1.2e-05
0.019343 1.4e-05
0.018435 1.2e-05
0.019044 1.6e-05
0.019176 1.3e-05
0.019146 1.8e-05
0.019178 1.6e-05
0.019542 2.9e-05
0.018434 1.8e-05
0.019499 2.2e-05
0.019266 1.7e-05
0.019011 1.2e-05
0.019044 1e-05
0.019302 1.5e-05
0.019213 2.6e-05
0.01944 1.6e-05
0.019239 1.8e-05
0.020195 2.1e-05
0.019594 1.5e-05
0.018124 2.5e-05
0.019125 1.6e-05
0.019304 1.3e-05
0.019254 1.2e-05
0.019255 1.3e-05
0.01918 1.5e-05
0.019342 1.7e-05
0.019329 1.2e-05
0.019276 1.8e-05
0.01919 1.5e-05
0.020205 1.6e-05
0.035224 1.6e-05
0.019695 1.2e-05
0.023721 3.7e-05
0.01909 1.2e-05
0.020247 2e-05
0.02022 1.7e-05
0.020044 1.7e-05
0.021735 1.3e-05
0.01934 1.8e-05
0.019185 1.3e-05
0.019311 1.7e-05
0.019409 1.5e-05
0.019266 1.4e-05
0.019124 1.2e-05
0.019237 1.5e-05
0.019121 1.2e-05
0.018807 1.5e-05
0.019234 1.6e-05
0.019173 1.6e-05
0.019143 1.1e-05
0.019263 1.4e-05
0.01918 1.3e-05
0.01941 1.8e-05
0.019396 1.4e-05
0.019148 1.1e-05
0.019146 1.2e-05
0.019096 3e-05
0.018368 1.6e-05
0.019614 1.8e-05
0.019182 1.1e-05
0.01918 1.3e-05
0.019284 1.4e-05
0.019134 1.8e-05
0.019375 1.5e-05
0.0196 1.3e-05
0.019402 1.8e-05
0.019212 1.4e-05
0.019144 1.2e-05
0.018333 1.8e-05
0.019196 1.8e-05
0.019367 1.9e-05
0.01917 1.2e-05
0.019192 1.4e-05
0.019059 1.3e-05
0.018872 1.5e-05
0.019339 1.5e-05
0.019156 1.3e-05
0.019121 1.4e-05
0.019103 1e-05
0.019113 1.5e-05
0.019199 1.5e-05
0.019951 1.3e-05
0.019064 1.3e-05
0.019134 1.3e-05
0.01965 1.4e-05
0.020582 1.6e-05
0.019707 1.7e-05
0.019163 1.5e-05
0.019078 1.2e-05
0.019547 1.5e-05
0.019156 1e-05
0.019209 1.4e-05
0.01928 1.5e-05
0.019124 1.4e-05
0.019367 1.2e-05
0.019236 1e-05
0.018496 1.5e-05
0.019096 1.4e-05
0.019103 1.7e-05
0.019195 1.2e-05
0.019133 1.4e-05
0.019165 1.3e-05
0.018111 1.5e-05
0.019658 1.6e-05
0.019183 1.1e-05
0.019315 1.1e-05
0.019248 1.3e-05
0.019044 1.3e-05
0.019282 2e-05
0.019346 1.4e-05
0.019232 1.2e-05
0.019206 1.2e-05
0.019305 1.6e-05
0.017879 1.1e-05
0.019328 1.2e-05
0.019266 1.2e-05
0.019744 1.3e-05
0.019195 1.2e-05
0.019095 1e-05
0.019135 1.5e-05
0.019262 1.6e-05
0.019379 1.1e-05
0.019099 1.4e-05
0.019123 1.2e-05
0.018559 1.8e-05
0.019183 1.8e-05
0.019424 1.5e-05
0.019181 8e-06
0.019263 1.3e-05
0.019156 9e-06
0.018368 1.7e-05
0.019793 1.5e-05
0.019232 1.4e-05
0.019218 1.2e-05
0.019179 1.6e-05
0.01907 1.3e-05
0.022517 2.7e-05
0.026574 1.8e-05
0.029771 2e-05
0.028247 1.3e-05
0.019295 1.5e-05
0.019388 1.7e-05
0.0193 1.3e-05
0.01954 1.5e-05
0.019307 1.5e-05
0.020149 1.4e-05
0.019171 2.8e-05
0.019481 1.5e-05
0.01969 1.6e-05
0.019328 1.5e-05
0.01917 1.2e-05
0.018298 1.7e-05
0.019154 1.5e-05
0.019312 1.7e-05
0.019682 1.5e-05
0.019304 1.8e-05
0.019722 2.2e-05
0.019265 1.8e-05
0.019746 1.6e-05
0.019178 1.9e-05
0.01922 1.5e-05
0.019082 1.6e-05
0.01926 1.5e-05
0.019752 1.7e-05
0.019239 1.6e-05
0.019118 1.4e-05
0.019158 1.4e-05
0.01922 1.6e-05
0.019072 1.5e-05
0.019109 1.3e-05
0.019113 1.6e-05
0.01926 1.4e-05
0.019308 1.5e-05
0.018726 1.2e-05
0.019026 1.4e-05
0.019176 1.5e-05
0.019482 2.1e-05
0.019149 1e-05
0.019119 1.4e-05
0.018124 1.7e-05
0.019143 1.5e-05
0.019096 9e-06
0.019183 9e-06
0.019001 1.2e-05
0.01903 1.4e-05
0.019158 1.5e-05
0.019446 1.5e-05
0.018933 1.4e-05
0.019171 1.2e-05
0.01898 1.4e-05
0.018744 1.5e-05
0.019195 1.6e-05
0.019563 1.5e-05
0.019235 9e-06
0.019094 1.4e-05
0.019172 1.5e-05
0.019208 1.5e-05
0.019492 1.4e-05
0.019293 1.4e-05
0.019201 1.1e-05
0.01941 2e-05
0.019052 1.5e-05
0.019771 1.5e-05
0.019392 1.5e-05
0.019695 1.1e-05
0.019151 1.4e-05
0.019765 1.3e-05
0.018766 1.3e-05
0.019255 1.5e-05
0.019125 1.7e-05
0.019109 1e-05
0.019123 1.2e-05
0.019327 1.6e-05
0.019137 1.8e-05
0.019834 1.1e-05
0.019283 1.1e-05
0.019374 1.5e-05
0.019312 1.1e-05
0.017738 1.5e-05
0.01919 1.4e-05
0.019231 1.4e-05
0.019237 1.4e-05
0.019203 1.4e-05
0.019203 1.9e-05
0.019269 1.4e-05
0.019549 1.6e-05
0.019201 1.2e-05
0.01916 1.1e-05
0.019197 1.2e-05
0.019181 1.8e-05
0.019086 1.7e-05
0.019066 1.3e-05
0.01932 1.4e-05
0.019247 1.2e-05
0.019189 1.8e-05
0.018032 1.6e-05
0.019441 1.5e-05
0.019287 1.2e-05
0.019247 1.9e-05
0.019133 1.5e-05
0.019937 1.7e-05
0.019571 1.7e-05
0.020057 1.5e-05
0.020737 1.5e-05
0.019411 1.1e-05
0.019256 9e-06
0.017974 1.3e-05
0.019156 1.3e-05
0.019162 1.4e-05
0.019178 1.1e-05
0.019073 1.3e-05
0.020283 2e-05
0.02101 1.9e-05
0.019889 1.6e-05
0.019395 1.5e-05
0.019249 2e-05
0.019207 1.8e-05
0.022491 2.6e-05
0.019892 1.3e-05
0.019237 2e-05
0.020446 1.9e-05
0.019039 1.6e-05
0.028336 1.6e-05
0.020865 1.4e-05
0.022005 1.5e-05
0.019164 1.2e-05
0.019272 1.5e-05
0.018765 1.3e-05
0.019228 1.3e-05
0.019372 1.3e-05
0.019151 1.6e-05
0.019262 1.7e-05
0.019947 1.7e-05
0.020397 1.8e-05
0.019388 1.9e-05
0.020704 1.5e-05
0.019624 1.7e-05
0.020258 1.4e-05
0.020143 1.7e-05
0.019066 1.5e-05
0.019104 3.3e-05
0.019828 1.8e-05
0.019464 1.5e-05
0.01931 1.4e-05
0.02089 1.6e-05
0.019341 1.4e-05
0.019234 1.5e-05
0.019236 1.5e-05
0.020189 1.7e-05
0.019536 1.3e-05
0.019317 1.2e-05
0.019974 1.5e-05
0.019218 1.3e-05
0.01689 1.3e-05
0.018398 1.3e-05
0.019187 1e-05
0.019174 1.4e-05
0.019122 1.6e-05
0.019019 1.4e-05
0.019488 1.7e-05
0.019097 1.6e-05
0.019089 1.1e-05
0.019133 1.3e-05
0.019105 1.5e-05
0.019073 1.6e-05
0.019146 1.7e-05
0.01921 1.3e-05
0.019132 1.2e-05
0.019294 1.3e-05
0.01714 1.3e-05
0.01921 1.7e-05
0.019162 1.4e-05
0.019171 1.1e-05
0.019106 1.2e-05
0.019053 1.2e-05
0.019209 1.6e-05
0.019332 1.6e-05
0.019143 1.5e-05
0.018964 1.4e-05
0.019146 1.5e-05
0.019078 1.6e-05
0.019162 1.5e-05
0.019266 1.2e-05
0.01906 1.5e-05
0.01966 2e-05
0.019941 1.2e-05
0.027376 1.6e-05
0.019349 1.5e-05
0.019951 1.7e-05
0.019162 1.6e-05
0.019152 1.6e-05
0.01879 2.2e-05
0.019182 1.9e-05
0.01912 1.8e-05
0.019297 1.2e-05
0.019106 1.5e-05
0.019428 3.1e-05
0.01881 1.7e-05
0.019103 2.2e-05
0.019132 1.4e-05
0.019716 1.8e-05
0.019278 1.1e-05
0.019194 1.5e-05
0.019782 1.7e-05
0.019842 1.7e-05
0.019144 1.6e-05
0.019719 2.3e-05
0.019197 2.6e-05
0.01854 1.8e-05
0.019271 1.7e-05
0.019727 1.6e-05
0.019172 1.4e-05
0.019458 2e-05
0.019132 1.4e-05
0.019276 1.8e-05
0.019102 1.3e-05
0.019294 1.6e-05
0.019116 1.1e-05
0.01925 1.2e-05
0.017341 1.8e-05
0.019211 1.6e-05
0.019401 1.8e-05
0.019188 1e-05
0.019158 1.7e-05
0.019131 1.3e-05
0.019284 1.4e-05
0.019488 1.2e-05
0.019179 1.6e-05
0.01922 1.1e-05
0.01913 1e-05
0.017779 1.2e-05
0.019477 1.8e-05
0.019081 1.9e-05
0.019273 1.3e-05
0.019143 1.3e-05
0.019127 1.5e-05
0.019463 1.5e-05
0.019217 1.2e-05
0.019074 1.3e-05
0.019218 1.4e-05
0.019106 1.5e-05
0.018957 1.5e-05
0.024222 1.8e-05
0.020673 1.9e-05
0.02549 1.5e-05
0.01973 1.6e-05
0.019871 1.4e-05
0.020137 1.9e-05
0.020496 1.5e-05
0.019344 1.4e-05
0.019166 1.6e-05
0.019143 1.2e-05
0.017606 1.2e-05
0.019497 1.5e-05
0.019149 1.2e-05
0.019244 1.2e-05
0.019138 1.4e-05
0.019364 1.3e-05
0.019621 1.8e-05
0.019508 1.5e-05
0.019238 1.3e-05
0.019536 2.1e-05
0.019614 1.6e-05
0.018974 1.5e-05
0.01994 1.6e-05
0.020709 1.6e-05
0.019605 1.5e-05
0.020621 1.5e-05
0.022536 1.6e-05
0.018984 1.7e-05
0.020305 1.6e-05
0.019199 1.4e-05
0.01959 1.3e-05
0.01928 1.9e-05
0.019872 1.5e-05
0.019417 2.1e-05
0.019337 1.8e-05
0.020135 1.5e-05
0.0191 1.4e-05
0.019159 1.8e-05
0.025203 1.6e-05
0.024719 1.6e-05
0.020646 1.5e-05
0.021293 1.5e-05
0.01947 1.4e-05
0.019319 1.6e-05
0.023232 1.6e-05
0.019253 1.5e-05
0.019298 1.2e-05
0.019479 1.1e-05
0.017703 1.5e-05
0.019884 1.8e-05
0.019321 1.7e-05
0.0195 1.8e-05
0.021955 1.9e-05
0.019109 1.7e-05
0.019577 2.6e-05
0.020398 1.8e-05
0.019599 2.6e-05
0.028746 2.5e-05
0.028248 1.5e-05
0.019331 2.4e-05
0.019462 1.3e-05
0.021115 1.5e-05
0.030211 1.8e-05
0.019634 1.8e-05
0.019263 3.1e-05
0.020989 1.7e-05
0.022872 1.3e-05
0.01941 1.7e-05
0.024081 3.8e-05
0.025303 2.3e-05
0.019366 1.7e-05
0.019188 1.2e-05
0.01955 1.3e-05
0.019044 2.1e-05
0.019163 1.6e-05
0.019654 1.8e-05
0.01906 1.5e-05
0.019635 1.4e-05
0.01961 1.7e-05
0.019248 1.3e-05
0.018467 1.9e-05
0.01979 1.8e-05
0.019443 1.6e-05
0.019179 1.5e-05
0.01909 1.3e-05
0.019168 1.9e-05
0.019183 1.7e-05
0.019632 1.8e-05
0.019861 1.5e-05
0.020991 2.1e-05
0.019581 1.4e-05
0.020504 1.5e-05
0.019695 1.9e-05
0.019306 1.5e-05
0.019256 1.5e-05
0.019218 1.2e-05
0.01961 1.4e-05
0.019194 1.3e-05
0.019548 1.6e-05
0.019522 1.4e-05
0.019194 1.1e-05
0.019556 1.6e-05
0.017803 1.5e-05
0.019322 1.4e-05
0.019611 1.5e-05
0.019622 1.8e-05
0.019522 1.6e-05
0.019824 1.8e-05
0.019437 2e-05
0.019601 2e-05
0.025304 1.6e-05
0.019203 1.3e-05
0.01917 3.6e-05
0.018694 1.4e-05
0.019371 1.5e-05
0.029136 2e-05
0.028986 1.5e-05
0.019158 1.7e-05
0.019178 1.3e-05
0.019669 1.4e-05
0.019224 1.3e-05
0.019224 1.1e-05
0.01913 1.3e-05
0.018452 1.3e-05
0.019648 1.6e-05
0.021929 1.8e-05
0.019121 1.1e-05
0.020379 1.6e-05
0.019031 1.9e-05
0.019338 1.4e-05
0.019978 1.3e-05
0.019123 1.2e-05
0.019036 1.2e-05
0.019052 1.4e-05
0.017908 1.1e-05
0.019366 2e-05
0.01991 1.6e-05
0.01966 1.9e-05
0.019366 1.7e-05
0.019222 1.5e-05
0.019725 1.6e-05
0.021031 1.6e-05
0.019117 2.1e-05
0.019305 1.5e-05
0.019112 1.6e-05
0.017752 1.7e-05
0.019245 1.3e-05
0.019516 2e-05
0.0192 1.3e-05
0.019673 1.5e-05
0.019282 1.1e-05
0.019237 2e-05
0.019504 1.2e-05
0.01968 1.2e-05
0.01918 1.2e-05
0.02011 1.8e-05
0.018611 1.5e-05
0.019265 1.5e-05
0.019689 1.3e-05
0.019673 2e-05
0.019195 1.4e-05
0.019251 3.2e-05
0.019407 1.2e-05
0.019849 1.8e-05
0.018994 1.3e-05
0.019201 1.6e-05
0.019004 1e-05
0.019476 1.6e-05
0.019173 1.5e-05
0.019904 1.6e-05
0.019629 1.7e-05
0.019185 1.3e-05
0.019233 1.6e-05
0.018677 1.6e-05
0.019916 1.6e-05
0.019143 1.4e-05
0.019153 1.1e-05
0.019433 1.2e-05
0.019105 2.3e-05
0.019188 1.8e-05
0.019264 1.7e-05
0.020932 1.7e-05
0.019261 1.1e-05
0.019193 1.3e-05
0.018955 1.3e-05
0.019598 1.3e-05
0.019263 1.3e-05
0.019356 2e-05
0.019203 1.7e-05
0.022504 1.6e-05
0.019193 1.6e-05
0.019217 1.6e-05
0.019211 1.2e-05
0.019338 1.7e-05
0.019284 1.4e-05
0.019784 1.5e-05
0.019849 1.4e-05
0.019352 1.6e-05
0.019248 2.1e-05
0.02839 1.4e-05
0.02634 1.7e-05
0.019933 1.5e-05
0.019192 1.1e-05
0.019738 1.5e-05
0.019809 1.9e-05
0.025676 1.8e-05
0.019212 4e-05
0.019755 1e-05
0.019312 1.3e-05
0.022948 1.4e-05
0.019326 1.5e-05
0.019385 1.9e-05
0.020306 2.1e-05
0.019092 1.3e-05
0.019498 1.4e-05
0.019075 1.6e-05
0.018018 1.4e-05
0.019628 1.5e-05
0.019798 1.4e-05
0.019176 1.3e-05
0.019125 1.7e-05
0.019063 1.8e-05
0.019274 1.5e-05
0.01952 1.3e-05
0.020201 1.7e-05
0.019879 2e-05
0.020517 1.9e-05
0.018496 1.6e-05
0.0193 1.3e-05
0.019256 1.8e-05
0.019155 1.4e-05
0.028058 2e-05
0.020892 1.7e-05
0.019669 2.2e-05
0.023493 1.6e-05
0.01991 1.7e-05
0.019759 1.4e-05
0.021719 1.6e-05
0.019556 1.6e-05
0.019814 1.5e-05
0.019082 1.8e-05
0.019383 1.5e-05
0.019105 1.3e-05
0.017931 1.7e-05
0.019247 1.7e-05
0.019016 2.3e-05
0.019111 1.2e-05
0.019579 2e-05
0.01914 1e-05
0.027546 2.1e-05
0.021056 1.5e-05
0.019653 1.6e-05
0.022908 1.8e-05
0.022137 3e-05
0.018799 1.5e-05
0.019602 2.3e-05
0.029225 1.9e-05
0.020845 1.2e-05
0.019179 1.5e-05
0.018421 2.4e-05
0.019235 1.3e-05
0.019482 1.9e-05
0.019164 1.4e-05
0.019347 1.4e-05
0.019154 1.3e-05
0.01945 1.7e-05
0.019482 1.4e-05
0.019164 1.7e-05
