0.016771 2.7e-05

0.017036 3.6e-05

0.01707 3.7e-05

0.016564 3e-05

0.017071 2.8e-05

0.017031 4.8e-05

0.016706 3.6e-05

0.017262 5.5e-05

0.016898 3.4e-05

0.016662 4e-05

0.016789 1.8e-05

0.016824 2.9e-05

0.01684 3.8e-05

0.016768 3.5e-05

0.017121 3.8e-05

0.017063 3.3e-05

0.016677 3.2e-05

0.016703 3.4e-05

0.017021 3.6e-05

0.016986 3.5e-05

0.016703 3.9e-05

0.016681 3.9e-05

0.016801 3e-05

0.016574 3.2e-05

0.016967 2.2e-05

0.016787 3.4e-05

0.01665 2.5e-05

0.01675 3.5e-05

0.016902 3.8e-05

0.017102 3.6e-05

0.016724 3.7e-05

0.016718 2.4e-05

0.01658 3.4e-05

0.016738 3.7e-05

0.01676 3.9e-05

0.017097 3.8e-05

0.016774 3e-05

0.016752 3.6e-05

0.01691 2.7e-05

0.016942 2.3e-05

0.016721 3.5e-05

0.016798 3.4e-05

0.01673 3.3e-05

0.016541 3.3e-05

0.016749 3.6e-05

0.016893 3.1e-05

0.016669 2.5e-05

0.016586 2.3e-05

0.016773 3.2e-05

0.016694 3.5e-05

0.017281 4.1e-05

0.016685 2.6e-05

0.016883 2.3e-05

0.01662 3.2e-05

0.016796 2.1e-05

0.016816 3.6e-05

0.01679 2.2e-05

0.016812 3.8e-05

0.01661 3.5e-05

0.016686 3.7e-05

0.016908 3.6e-05

0.016875 3.1e-05

0.016864 2.9e-05

0.017232 2.6e-05

0.016644 3.7e-05

0.016687 2.7e-05

0.016763 2.5e-05

0.0166 3.8e-05

0.016662 1.8e-05

0.016645 2.7e-05

0.016743 3.5e-05

0.016674 3.4e-05

0.0166 4.1e-05

0.016807 2.3e-05

0.016585 3.1e-05

0.016734 3.1e-05

0.016799 3.6e-05

0.016762 4.1e-05

0.017012 2.4e-05

0.016815 2.6e-05

0.01681 3.2e-05

0.016734 4e-05

0.016745 3e-05

0.016887 3.9e-05

0.016783 3.6e-05

0.016711 2.1e-05

0.016601 3.5e-05

0.016588 3.6e-05

0.016642 3.9e-05

0.017262 2.1e-05

0.016673 3.3e-05

0.016878 3.5e-05

0.016831 3.2e-05

0.016602 3.6e-05

0.016745 3.2e-05

0.016976 3.6e-05

0.01685 3.7e-05

0.016793 3.5e-05

0.016724 3.6e-05

0.016825 3.9e-05

0.016962 2.3e-05

0.016785 3.5e-05

0.016731 2.1e-05

0.016706 3.5e-05

0.016946 3.6e-05

0.01695 3.3e-05

0.016825 2.1e-05

0.016602 2.6e-05

0.016749 3.4e-05

0.016652 3.5e-05

0.016749 3.2e-05

0.016601 3.5e-05

0.016882 3.4e-05

0.0167 3.6e-05

0.01689 3.4e-05

0.01658 3e-05

0.016735 3.2e-05

0.016906 2.6e-05

0.016827 3.7e-05

0.018252 2.6e-05

0.016728 3.1e-05

0.016717 2.4e-05

0.016791 3.6e-05

0.016791 2.4e-05

0.016691 2.2e-05

0.017301 4e-05

0.01711 3.4e-05

0.0168 3.5e-05

0.016731 3.5e-05

0.016724 3.6e-05

0.016641 3.7e-05

0.016643 3.3e-05

0.016725 2.9e-05

0.016748 3.8e-05

0.016859 3.5e-05

0.016652 3.6e-05

0.016601 3.7e-05

0.016966 2e-05

0.016904 4.8e-05

0.016779 3.7e-05

0.017893 3.5e-05

0.016706 3.2e-05

0.016968 3.5e-05

0.016839 3.9e-05

0.017012 3.5e-05

0.016768 4.2e-05

0.017406 2.9e-05

0.017324 2.5e-05

0.017243 3.7e-05

0.016872 2.2e-05

0.017071 2.7e-05

0.016643 3.8e-05

0.016607 3.8e-05

0.017128 3.2e-05

0.016688 2.6e-05

0.017137 2.6e-05

0.017165 3.6e-05

0.017139 2.3e-05

0.016908 2.4e-05

0.01672 2.2e-05

0.016511 6.9e-05

0.016981 2.7e-05

0.016814 3e-05

0.016702 3.4e-05

0.01681 3.6e-05

0.016827 2.1e-05

0.01672 3.9e-05

0.016781 1.3e-05

0.016635 2.3e-05

0.016714 3.8e-05

0.016678 3.4e-05

0.016751 3.6e-05

0.016804 3.6e-05

0.016598 3.6e-05

0.016811 3.7e-05

0.016845 3.8e-05

0.016874 3.4e-05

0.016721 2.8e-05

0.016748 3.5e-05

0.016698 2.5e-05

0.016665 4e-05

0.01664 3.1e-05

0.017092 3.4e-05

0.016713 5.3e-05

0.016656 3.5e-05

0.016732 2.9e-05

0.016757 2.3e-05

0.016584 3.3e-05

0.016651 3.2e-05

0.016752 3e-05

0.016964 4e-05

0.01686 2.7e-05

0.01663 3.7e-05

0.016691 3.6e-05

0.016723 2.8e-05

0.01736 3.3e-05

0.016846 2e-05

0.016832 3.6e-05

0.01674 2.3e-05

0.01673 3.5e-05

0.017094 3.2e-05

0.017027 3e-05

0.016515 3.6e-05

0.016989 2.4e-05

0.016638 3.5e-05

0.016641 2.9e-05

0.016889 3.7e-05

0.016664 2.8e-05

0.016989 3.8e-05

0.016621 4e-05

0.016849 3.2e-05

0.016769 3.4e-05

0.017094 3.9e-05

0.016879 2.4e-05

0.016822 3.7e-05

0.016796 3e-05

0.016887 3.4e-05

0.01673 2.3e-05

0.01719 2.5e-05

0.016976 2.7e-05

0.016771 3.7e-05

0.01707 3e-05

0.016808 3.2e-05

0.01663 1.9e-05

0.016668 3.8e-05

0.016632 2.2e-05

0.016618 2.2e-05

0.016787 3.6e-05

0.016719 3.5e-05

0.016537 3.3e-05

0.016901 3.6e-05

0.016783 3e-05

0.016705 2.7e-05

0.016788 3.1e-05

0.016592 2.5e-05

0.017024 3.2e-05

0.016628 3.5e-05

0.017007 3.9e-05

0.016712 3.2e-05

0.016588 3.5e-05

0.016783 3.5e-05

0.016704 3.7e-05

0.01686 2.7e-05

0.016822 3.6e-05

0.016769 3.7e-05

0.016617 4e-05

0.017291 3.5e-05

0.016838 3.1e-05

0.016737 2.3e-05

0.016714 3.5e-05

0.016753 2.5e-05

0.016666 3.3e-05

0.016479 5.2e-05

0.016759 3.9e-05

0.016797 3.5e-05

0.016722 3.9e-05

0.016765 2.8e-05

0.016742 2.7e-05

0.017185 2.5e-05

0.01671 3.6e-05

0.016729 2.9e-05

0.016983 3.7e-05

0.016698 2.7e-05

0.016724 3.7e-05

0.016676 3.5e-05

0.016774 2.2e-05

0.0167 3.5e-05

0.016698 2.7e-05

0.01671 3.6e-05

0.016689 2.2e-05

0.01662 3.6e-05

0.016596 3.7e-05

0.017139 1.7e-05

0.017078 2.1e-05

0.016816 2.9e-05

0.01673 3.3e-05

0.017224 3.5e-05

0.01663 2.6e-05

0.016771 3.6e-05

0.016741 2.6e-05

0.016796 3.3e-05

0.016818 2.9e-05

0.016871 3.4e-05

0.016733 1.5e-05

0.01709 3.7e-05

0.016851 3.1e-05

0.017601 3.4e-05

0.016766 3e-05

0.016798 3.9e-05

0.017318 4.2e-05

0.016751 3.4e-05

0.016637 3.4e-05

0.016804 3.3e-05

0.016813 2.9e-05

0.016666 3.2e-05

0.016577 3.9e-05

0.017102 1.9e-05

0.016681 3.6e-05

0.016681 3.6e-05

0.017012 2.5e-05

0.016575 2.9e-05

0.016995 1.5e-05

0.016727 3.5e-05

0.01715 3.5e-05

0.016726 2.9e-05

0.016935 3.2e-05

0.016748 3.6e-05

0.018266 3.5e-05

0.01678 3.5e-05

0.016594 3.4e-05

0.016995 3e-05

0.016782 3.8e-05

0.01735 2.3e-05

0.01679 3.4e-05

0.017034 3.7e-05

0.017015 3.3e-05

0.016697 3.2e-05

0.016696 3.5e-05

0.017038 2.8e-05

0.016903 3.4e-05

0.017043 3e-05

0.016781 2.5e-05

0.016867 3.4e-05

0.016847 3.4e-05

0.016922 5.3e-05

0.017138 3.4e-05

0.016819 2.8e-05

0.01656 2.5e-05

0.016678 3.7e-05

0.016635 2.1e-05

0.016562 3.1e-05

0.016686 3.4e-05

0.016825 3.8e-05

0.017148 2.6e-05

0.016852 3.6e-05

0.016839 3.8e-05

0.016672 3.5e-05

0.016726 3.9e-05

0.016726 3.9e-05

0.017154 2.9e-05

0.016681 2.4e-05

0.016971 2.8e-05

0.016902 3.8e-05

0.016622 3.5e-05

0.016793 3.7e-05

0.016687 2.6e-05

0.016664 3.7e-05

0.016709 3.2e-05

0.016647 2.6e-05

0.016712 3.3e-05

0.016807 3.7e-05

0.016723 4e-05

0.016695 2.3e-05

0.016766 2.7e-05

0.017197 3.2e-05

0.017089 3.5e-05

0.01679 4.2e-05

0.017242 3.2e-05

0.016616 3.2e-05

0.016719 3.9e-05

0.016776 3.1e-05

0.016858 3.7e-05

0.017367 3.7e-05

0.016944 3.4e-05

0.016669 2.5e-05

0.016811 3.8e-05

0.017199 2.3e-05

0.016933 3.4e-05

0.016883 2.3e-05

0.01662 3.9e-05

0.0169 3.9e-05

0.017096 2.9e-05

0.016718 3.7e-05

0.016768 2.4e-05

0.016689 2e-05

0.016685 2.3e-05

0.016863 3.6e-05

0.016652 3.4e-05

0.016773 3.9e-05

0.0167 3.4e-05

0.016733 3.1e-05

0.016719 2.3e-05

0.016762 3.6e-05

0.016891 3.7e-05

0.01677 3.5e-05

0.016699 3.8e-05

0.017198 3.2e-05

0.016884 3.9e-05

0.017133 3.8e-05

0.017143 3.4e-05

0.0171 4.8e-05

0.01677 3.5e-05

0.016652 3.6e-05

0.016732 2.3e-05

0.016686 2.7e-05

0.016806 3.8e-05

0.016681 2.4e-05

0.01676 2.7e-05

0.016629 3e-05

0.016483 3.4e-05

0.016743 3.5e-05

0.016852 2.3e-05

0.016789 2.2e-05

0.016676 3.8e-05

0.016911 3.7e-05

0.016746 2.4e-05

0.016865 3.5e-05

0.016802 3.4e-05

0.01676 3.8e-05

0.016867 3.6e-05

0.016769 3.6e-05

0.017519 3.7e-05

0.016848 2.4e-05

0.01699 3.6e-05

0.01694 3.1e-05

0.016601 2.8e-05

0.016849 3.8e-05

0.016631 4e-05

0.01701 3.8e-05

0.016602 3.4e-05

0.016608 3.2e-05

0.016745 2.9e-05

0.01673 2e-05

0.01672 2.8e-05

0.016726 2.9e-05

0.016946 3.7e-05

0.016859 4e-05

0.016885 3.4e-05

0.016853 3.4e-05

0.01697 3.8e-05

0.016752 3.4e-05

0.01674 3.5e-05

0.01784 3.1e-05

0.016719 2.9e-05

0.016796 3.9e-05

0.016892 3.4e-05

0.017331 3.7e-05

0.016621 1.9e-05

0.01667 2.9e-05

0.016815 2.1e-05

0.016861 3.6e-05

0.016648 2.3e-05

0.017141 4e-05

0.016764 3.4e-05

0.016872 3.3e-05

0.016825 3.2e-05

0.016893 3.3e-05

0.016749 3.4e-05

0.016722 3.7e-05

0.016937 3.6e-05

0.016589 3.4e-05

0.017307 2.5e-05

0.016912 3.1e-05

0.019435 3.6e-05

0.016699 3.6e-05

0.016707 1.3e-05

0.01681 2.3e-05

0.016737 2.2e-05

0.017061 4.1e-05

0.016842 3.8e-05

0.016618 2.9e-05

0.016691 3.2e-05

0.016543 3.9e-05

0.016781 2.8e-05

0.016759 2.8e-05

0.016586 3e-05

0.016767 2.4e-05

0.016749 2.2e-05

0.016532 2.9e-05

0.016849 3.6e-05

0.016642 3.8e-05

0.016782 3.6e-05

0.016821 3.4e-05

0.017194 5.7e-05

0.016844 3.1e-05

0.016824 3.5e-05

0.016894 2.6e-05

0.01682 3.5e-05

0.016845 3.6e-05

0.016821 3.4e-05

0.016656 3e-05

0.016615 3.9e-05

0.016759 3.7e-05

0.016731 3.3e-05

0.016533 2e-05

0.016681 3.1e-05

0.016663 3.6e-05

0.016735 3e-05

0.016524 2.6e-05

0.016695 3.5e-05

0.016908 3.7e-05

0.016868 2.8e-05

0.016618 3.4e-05

0.016816 3.6e-05

0.016846 3.1e-05

0.017009 1.9e-05

0.016988 2.1e-05

0.016872 3.5e-05

0.016911 3.5e-05

0.016721 3e-05

0.016683 3.5e-05

0.016733 3.4e-05

0.016658 3.2e-05

0.016844 2.4e-05

0.016615 3.5e-05

0.016679 2.2e-05

0.016594 3.9e-05

0.01661 3.5e-05

0.016674 3e-05

0.016781 3.6e-05

0.016803 2.5e-05

0.017151 2.5e-05

0.016711 3.9e-05

0.016778 2.6e-05

0.016865 3.9e-05

0.017171 3.4e-05

0.016742 2.8e-05

0.016845 3.5e-05

0.016668 4e-05

0.017035 3.6e-05

0.016724 3.6e-05

0.016714 3.3e-05

0.016635 2.6e-05

0.016672 3.6e-05

0.016857 3.7e-05

0.01666 3.4e-05

0.016835 3.3e-05

0.016819 3.2e-05

0.016584 3.4e-05

0.016805 2.4e-05

0.016671 2.9e-05

0.016841 3.6e-05

0.016717 2.4e-05

0.01685 2.9e-05

0.016773 2e-05

0.016916 3.7e-05

0.016825 4e-05

0.016755 3.3e-05

0.016895 3.3e-05

0.016704 2.5e-05

0.01722 3.4e-05

0.016675 3.3e-05

0.017197 3.3e-05

0.017142 3.7e-05

0.016963 3.4e-05

0.017032 2.9e-05

0.016665 3.9e-05

0.016776 3.4e-05

0.017214 1.6e-05

0.016551 4e-05

0.017264 2.7e-05

0.016706 3.3e-05

0.016844 3.5e-05

0.0167 3.4e-05

0.016688 3.6e-05

0.017033 2.5e-05

0.016891 3.7e-05

0.016855 3.9e-05

0.016658 3.4e-05

0.016876 3.1e-05

0.016696 3.9e-05

0.0169 3.5e-05

0.016699 3.8e-05

0.016844 2.3e-05

0.016705 3.1e-05

0.016788 2.8e-05

0.016668 3.7e-05

0.016833 3.2e-05

0.016642 2.3e-05

0.016739 3.8e-05

0.016764 3.5e-05

0.016931 3e-05

0.016728 2.6e-05

0.016724 3.3e-05

0.016806 2.8e-05

0.01666 2.6e-05

0.016729 3e-05

0.016861 2.2e-05

0.016828 3.4e-05

0.016613 3.9e-05

0.017183 3.9e-05

0.016789 3.4e-05

0.016862 1.7e-05

0.016917 3.4e-05

0.01665 3.4e-05

0.016798 3.6e-05

0.016735 2.1e-05

0.016834 3.6e-05

0.017055 3.6e-05

0.016629 3.2e-05

0.016733 2.7e-05

0.016627 3e-05

0.017189 2.7e-05

0.016712 2e-05

0.016707 2.2e-05

0.01672 3.5e-05

0.016758 3.5e-05

0.016805 3.5e-05

0.016623 3e-05

0.016666 4.1e-05

0.017123 3.7e-05

0.016892 4e-05

0.017312 3.4e-05

0.017133 3.5e-05

0.016697 3.3e-05

0.016954 3.5e-05

0.016614 3.6e-05

0.016602 2.7e-05

0.017213 3.8e-05

0.016587 2.7e-05

0.016725 3.4e-05

0.017066 3.9e-05

0.016716 3.1e-05

0.016789 3.6e-05

0.016631 3.6e-05

0.017093 3.5e-05

0.016642 5.5e-05

0.016745 2.3e-05

0.016727 3.8e-05

0.017053 3.8e-05

0.018225 3.7e-05

0.016689 3.3e-05

0.016844 3.9e-05

0.017134 4e-05

0.016792 3.3e-05

0.017071 3.6e-05

0.016853 2.2e-05

0.016738 3.6e-05

0.016766 3.7e-05

0.017237 3.7e-05

0.016888 3.9e-05

0.017005 3.5e-05

0.016629 3.6e-05

0.017052 3.4e-05

0.016789 2e-05

0.017087 3.2e-05

0.016661 3.6e-05

0.01681 2.7e-05

0.016677 3.5e-05

0.016657 3.7e-05

0.016627 2.8e-05

0.017688 3.6e-05

0.016665 4.1e-05

0.016768 3.8e-05

0.016959 3.6e-05

0.016665 3.9e-05

0.016889 2.7e-05

0.016849 3.1e-05

0.016928 3.7e-05

0.016785 2.8e-05

0.016669 5.1e-05

0.01675 2.1e-05

0.016605 2.3e-05

0.016607 2.6e-05

0.016801 3.8e-05

0.01675 4e-05

0.017107 3.6e-05

0.016967 3.6e-05

0.016761 2e-05

0.016639 3.9e-05

0.017175 3.8e-05

0.016773 3.8e-05

0.017852 3e-05

0.017428 3.3e-05

0.017134 3.6e-05

0.017168 3.3e-05

0.016737 2.6e-05

0.016609 3.7e-05

0.017098 3e-05

0.017167 3.6e-05

0.016745 4.6e-05

0.016662 3e-05

0.01719 3.7e-05

0.017123 3.5e-05

0.016754 3.7e-05

0.016773 4.1e-05

0.016838 3.7e-05

0.016718 3.9e-05

0.016673 3.4e-05

0.016612 3.9e-05

0.01753 4e-05

0.016844 2.1e-05

0.016678 4.5e-05

0.016877 3.1e-05

0.016549 2.7e-05

0.01665 3.6e-05

0.017192 2.1e-05

0.017199 2.3e-05

0.016775 3.8e-05

0.016832 3.1e-05

0.016701 3.2e-05

0.016756 2.7e-05

0.016783 3.8e-05

0.016882 3.5e-05

0.016758 3.5e-05

0.016676 3.7e-05

0.016784 3.8e-05

0.016843 3.4e-05

0.016591 3.4e-05

0.01677 3.6e-05

0.016704 3.8e-05

0.016822 3.5e-05

0.016725 3.4e-05

0.016599 4.1e-05

0.01672 3.5e-05

0.016623 4.5e-05

0.016965 3.4e-05

0.01672 3.4e-05

0.016791 3.7e-05

0.017184 3.7e-05

0.016657 3.8e-05

0.016709 2.9e-05

0.016896 3.4e-05

0.016647 4e-05

0.017167 3.8e-05

0.016714 3.7e-05

0.017253 3.6e-05

0.016698 3.1e-05

0.017199 3.7e-05

0.016715 2.4e-05

0.016774 3.7e-05

0.016665 3.4e-05

0.016698 2.8e-05

0.016807 3.8e-05

0.016675 3.7e-05

0.016757 2.8e-05

0.016616 3.5e-05

0.016727 2e-05

0.016825 3.5e-05

0.016779 3.9e-05

0.017162 3.2e-05

0.016682 2.1e-05

0.016576 3.3e-05

0.016735 2.5e-05

0.016748 2e-05

0.016749 3.3e-05

0.016659 3.5e-05

0.016735 3.8e-05

0.016745 3.8e-05

0.016769 3.5e-05

0.017094 3.4e-05

0.016717 3.1e-05

0.016805 2.9e-05

0.016575 3.6e-05

0.01681 2.2e-05

0.0166 3.8e-05

0.016823 2.4e-05

0.017364 3.6e-05

0.016793 6.7e-05

0.016725 3.7e-05

0.017059 3.5e-05

0.016621 3.3e-05

0.016692 3.9e-05

0.016943 3.6e-05

0.016751 2.3e-05

0.017019 2.5e-05

0.017257 3.2e-05

0.016904 3.7e-05

0.017187 3.2e-05

0.016707 4e-05

0.01674 2.2e-05

0.016688 3.4e-05

0.016711 3.5e-05

0.016777 3.8e-05

0.017075 3.3e-05

0.016752 4.3e-05

0.017059 3.8e-05

0.016629 3e-05

0.017117 2.6e-05

0.016679 3.1e-05

0.016776 2.3e-05

0.016692 3.2e-05

0.016711 3.8e-05

0.017037 3.7e-05

0.01671 1.9e-05

0.016767 3.4e-05

0.016634 3.7e-05

0.017168 3.6e-05

0.0167 2.5e-05

0.016794 3.3e-05

0.016733 3.8e-05

0.016858 3.6e-05

0.016848 3.6e-05

0.017024 2.8e-05

0.016655 5.1e-05

0.016766 3.1e-05

0.016713 2.7e-05

0.016671 3.5e-05

0.016784 2.2e-05

0.016708 3.4e-05

0.016588 3.8e-05

0.017253 3.1e-05

0.016775 3.8e-05

0.016904 2.8e-05

0.016719 5.4e-05

0.01667 3.8e-05

0.016806 3.2e-05

0.016797 3.5e-05

0.016832 3.7e-05

0.016451 5.3e-05

0.016841 3.6e-05

0.017064 3.5e-05

0.016734 3.1e-05

0.016763 3.7e-05

0.01674 2.5e-05

0.016696 2.2e-05

0.016817 3.5e-05

0.016706 3.3e-05

0.016657 1.7e-05

0.016546 3.6e-05

0.01685 3.9e-05

0.01655 3.7e-05

0.017215 4e-05

0.016655 3.3e-05

0.016748 2.5e-05

0.017173 2.2e-05

0.01662 2.3e-05

0.017164 3.4e-05

0.016575 3.4e-05

0.016632 3.1e-05

0.017009 1.6e-05

0.016981 3.4e-05

0.018284 4.1e-05

0.016669 3.6e-05

0.016728 3.8e-05

0.016792 2.9e-05

0.016655 1.6e-05

0.016808 2.9e-05

0.016808 3.8e-05

0.01692 3.8e-05

0.016523 2.7e-05

0.016782 3.5e-05

0.016559 3.3e-05

0.016723 2e-05

0.016593 3.5e-05

0.016679 3.7e-05

0.016823 2.7e-05

0.016523 3e-05

0.016781 3.6e-05

0.016645 3.1e-05

0.016631 2.5e-05

0.016697 3.3e-05

0.016766 3e-05

0.017128 3.1e-05

0.016643 2.3e-05

0.016593 3.3e-05

0.016868 3.4e-05

0.016791 3.8e-05

0.016765 3.7e-05

0.01667 5.1e-05

0.016972 3.9e-05

0.016736 2.4e-05

0.016821 4.1e-05

0.017258 3.7e-05

0.016835 2.3e-05

0.016722 3.9e-05

0.016987 3.2e-05

0.017088 3.6e-05

0.016717 2.5e-05

0.016678 3.1e-05

0.016575 1.8e-05

0.017149 2e-05

0.016661 3.7e-05

0.016996 3.8e-05

0.016921 3.8e-05

0.016862 3.6e-05

0.016737 1.9e-05

0.016678 3.1e-05

0.016751 2.3e-05

0.016898 2.9e-05

0.016713 3.3e-05

0.01828 3.8e-05

0.016714 3.4e-05

0.016726 3.9e-05

0.016801 3.6e-05

0.016841 3.4e-05

0.016714 3.4e-05

0.016703 3.4e-05

0.016584 3.4e-05

0.017153 2.9e-05

0.0167 3.8e-05

0.016956 3e-05

0.016611 3.3e-05

0.016573 2e-05

0.016834 4e-05

0.016788 2.5e-05

0.016669 2.7e-05

0.016768 3.5e-05

0.016686 1.8e-05

0.016748 3.5e-05

0.016873 2.7e-05

0.016807 3.5e-05

0.017912 2.9e-05

0.016593 3.6e-05

0.017141 3.3e-05

0.016686 2.8e-05

0.017116 3.4e-05

0.016797 3.4e-05

0.016645 1.8e-05

0.017072 2.2e-05

0.016531 3.6e-05

0.016809 2.8e-05

0.016592 3.5e-05

0.017056 3.6e-05

0.016678 3.6e-05

0.016973 3.8e-05

0.016816 4.3e-05

0.017145 3.6e-05

0.016725 3.1e-05

0.016794 1.9e-05

0.017059 2.3e-05

0.017072 3.7e-05

0.01663 3.2e-05

0.016775 3.6e-05

0.01693 3.5e-05

0.016588 3.1e-05

0.016796 3.5e-05

0.016949 2.5e-05

0.016901 3.6e-05

0.016858 3.7e-05

0.016892 3.2e-05

0.016746 3.7e-05

0.017288 2.6e-05

0.016783 3.7e-05

0.016643 2.8e-05

0.016874 2.7e-05

0.016691 2.4e-05

0.016777 3.8e-05

0.016767 3.5e-05

0.016684 3.6e-05

0.016693 3.8e-05

0.016796 3.5e-05

0.016766 3.5e-05

0.016667 3.8e-05

0.016905 3.4e-05

0.016724 2.4e-05

0.016788 3.6e-05

0.016917 3e-05

0.01677 2.1e-05

0.016583 3.3e-05

0.016734 3.8e-05

0.01707 3.6e-05

0.016824 3.3e-05

0.01672 3.4e-05

0.016637 2.9e-05

0.016793 3.4e-05

0.016812 3.5e-05

0.016654 2.5e-05

0.016698 2.5e-05

0.016597 3.4e-05

0.016624 3.4e-05

0.016553 4.1e-05

0.016729 4.9e-05

0.01687 3.5e-05

0.016842 4e-05

0.016646 3.3e-05

0.016831 2.5e-05

0.016757 1.7e-05

0.01677 2e-05

0.016724 3.4e-05

0.016693 3.5e-05

0.016689 2.8e-05

0.016893 3.5e-05

0.016808 2.9e-05

0.016675 4e-05

0.016683 2.7e-05

0.016592 3.6e-05

0.016817 3.9e-05

0.016618 3.7e-05

0.016695 3.6e-05

0.016645 3.5e-05

0.016703 3.7e-05

0.017192 3.8e-05

0.016789 3.6e-05

0.016707 3.2e-05

0.016625 3.7e-05

0.017207 3.1e-05

0.016898 3.3e-05

0.016998 3.7e-05

0.016789 2.6e-05

0.016789 3.4e-05

0.016782 2.9e-05

0.017422 3.1e-05

0.016714 2.7e-05

0.017206 3.2e-05

0.016637 3.6e-05

0.016714 3.6e-05

0.016796 3.4e-05

0.016491 3.2e-05

0.017105 3.5e-05

0.016916 3.5e-05

0.017158 3.3e-05

0.017052 3.5e-05

0.01704 3.5e-05

0.016642 3.6e-05

0.016941 2.3e-05

0.016961 3.6e-05

0.016775 3.6e-05

0.016883 3.4e-05

0.017161 2.5e-05

