0.01749 9e-06

0.017829 8e-06

0.018441 1.2e-05

0.018597 1.1e-05

0.017974 1.1e-05

0.017944 8e-06

0.018358 8e-06

0.018191 1e-05

0.018239 9e-06

0.017073 9e-06

0.017232 9e-06

0.017288 1.1e-05

0.017176 8e-06

0.01725 1e-05

0.017054 1e-05

0.017278 9e-06

0.017186 8e-06

0.017246 1e-05

0.017346 1.2e-05

0.01711 7e-06

0.017437 8e-06

0.017623 1.1e-05

0.017255 8e-06

0.017442 9e-06

0.017179 8e-06

0.017808 9e-06

0.017206 1e-05

0.017184 8e-06

0.017055 9e-06

0.017106 8e-06

0.017431 8e-06

0.017105 8e-06

0.0172 8e-06

0.017262 1.1e-05

0.01717 1e-05

0.017117 9e-06

0.017102 1.6e-05

0.017176 9e-06

0.01743 8e-06

0.01724 9e-06

0.017482 9e-06

0.017208 9e-06

0.017367 9e-06

0.017251 9e-06

0.016958 1e-05

0.017141 9e-06

0.017061 8e-06

0.017037 1e-05

0.01726 8e-06

0.017014 8e-06

0.017151 8e-06

0.017182 9e-06

0.016993 1.5e-05

0.017204 9e-06

0.017027 7e-06

0.017119 1e-05

0.017014 8e-06

0.01702 9e-06

0.017056 1.1e-05

0.017277 1e-05

0.017241 8e-06

0.017184 8e-06

0.017076 9e-06

0.017253 8e-06

0.017129 9e-06

0.0182 1e-05

0.017829 1e-05

0.017385 8e-06

0.017261 8e-06

0.017136 9e-06

0.017155 1e-05

0.017247 1.1e-05

0.01713 9e-06

0.017256 8e-06

0.019543 9e-06

0.017196 9e-06

0.017174 9e-06

0.017416 9e-06

0.017333 1e-05

0.018141 9e-06

0.017424 9e-06

0.016992 1.1e-05

0.017206 8e-06

0.017188 1.6e-05

0.017022 1e-05

0.017077 9e-06

0.02026 1e-05

0.017245 9e-06

0.017292 1.3e-05

0.016969 9e-06

0.017264 1.1e-05

0.017675 8e-06

0.018296 1e-05

0.020048 9e-06

0.017362 1e-05

0.01729 8e-06

0.017162 9e-06

0.017329 1e-05

0.017374 9e-06

0.017211 8e-06

0.017355 1e-05

0.017231 9e-06

0.017258 9e-06

0.017246 9e-06

0.017238 1.1e-05

0.017223 1.2e-05

0.017317 9e-06

0.01712 1.3e-05

0.017148 9e-06

0.016976 8e-06

0.017004 1e-05

0.016968 7e-06

0.017349 8e-06

0.017467 1e-05

0.017342 9e-06

0.017048 8e-06

0.017102 1.1e-05

0.017185 8e-06

0.017443 9e-06

0.017437 8e-06

0.017052 9e-06

0.017152 7e-06

0.017292 8e-06

0.017147 1e-05

0.017216 9e-06

0.01712 8e-06

0.018143 9e-06

0.017111 1.2e-05

0.017104 1e-05

0.017437 1.1e-05

0.017254 9e-06

0.017311 1e-05

0.017205 1.1e-05

0.018209 1.3e-05

0.017612 1e-05

0.017306 8e-06

0.017649 1e-05

0.017351 1e-05

0.016958 1e-05

0.017429 1e-05

0.017267 1e-05

0.017182 9e-06

0.017135 8e-06

0.017255 1e-05

0.017101 7e-06

0.017123 9e-06

0.017041 1e-05

0.017135 1e-05

0.017009 9e-06

0.017082 8e-06

0.017069 1e-05

0.017009 9e-06

0.017035 1.9e-05

0.016995 2.1e-05

0.017074 1.3e-05

0.017945 8e-06

0.018439 9e-06

0.016801 8e-06

0.016593 8e-06

0.016837 8e-06

0.016759 8e-06

0.016731 6e-06

0.016583 7e-06

0.016862 8e-06

0.01686 9e-06

0.016771 7e-06

0.016721 1.9e-05

0.017089 1.1e-05

0.017122 1e-05

0.017027 9e-06

0.016908 9e-06

0.017197 8e-06

0.017467 8e-06

0.016966 7e-06

0.017153 1.1e-05

0.017742 1e-05

0.017075 9e-06

0.01712 1e-05

0.016697 8e-06

0.016759 8e-06

0.01704 9e-06

0.016861 1.1e-05

0.016644 8e-06

0.016773 1e-05

0.016976 7e-06

0.016669 8e-06

0.016821 7e-06

0.017251 8e-06

0.017344 1e-05

0.016965 8e-06

0.016711 1.1e-05

0.016781 8e-06

0.016898 8e-06

0.017289 9e-06

0.016829 8e-06

0.017025 8e-06

0.018073 9e-06

0.016955 8e-06

0.016892 1e-05

0.016833 8e-06

0.017047 1.1e-05

0.018117 9e-06

0.017919 9e-06

0.018237 9e-06

0.017885 1e-05

0.01689 1.8e-05

0.023934 1e-05

0.026858 8e-06

0.017314 8e-06

0.017406 9e-06

0.019024 9e-06

0.01799 1.1e-05

0.018415 9e-06

0.025151 1.1e-05

0.01711 8e-06

0.018012 9e-06

0.018285 9e-06

0.018141 9e-06

0.017991 9e-06

0.018871 1e-05

0.017192 1.2e-05

0.018125 1.1e-05

0.016936 1.2e-05

0.017 8e-06

0.017902 9e-06

0.017654 9e-06

0.017664 1.1e-05

0.021349 9e-06

0.017067 1e-05

0.017192 9e-06

0.0174 1.1e-05

0.017314 9e-06

0.017255 9e-06

0.01735 9e-06

0.017438 9e-06

0.01738 9e-06

0.017538 1.1e-05

0.017382 1e-05

0.01749 1.2e-05

0.017177 1e-05

0.017372 7e-06

0.017512 8e-06

0.017463 9e-06

0.017273 9e-06

0.017465 9e-06

0.017577 9e-06

0.017252 8e-06

0.016981 1.2e-05

0.017082 8e-06

0.017055 8e-06

0.016945 1e-05

0.017078 8e-06

0.017372 8e-06

0.017273 1e-05

0.017244 9e-06

0.017261 1e-05

0.017065 9e-06

0.017256 1.1e-05

0.017303 8e-06

0.017217 9e-06

0.017024 8e-06

0.017142 9e-06

0.017243 9e-06

0.017117 1e-05

0.01737 1e-05

0.017212 8e-06

0.017089 1.1e-05

0.017289 1.2e-05

0.016977 9e-06

0.017034 9e-06

0.018826 1.3e-05

0.018527 8e-06

0.018834 9e-06

0.018173 1e-05

0.017433 9e-06

0.017434 1e-05

0.017088 8e-06

0.017118 8e-06

0.0172 9e-06

0.017303 8e-06

0.017015 1e-05

0.017062 1e-05

0.017389 8e-06

0.017227 9e-06

0.017285 9e-06

0.017219 1e-05

0.017168 8e-06

0.017217 8e-06

0.017534 8e-06

0.017068 9e-06

0.01726 9e-06

0.017232 1.2e-05

0.01742 9e-06

0.01741 9e-06

0.017345 1e-05

0.017257 9e-06

0.017053 9e-06

0.016952 1e-05

0.017024 9e-06

0.017576 2.6e-05

0.017165 1e-05

0.017388 1e-05

0.017482 9e-06

0.017204 1.3e-05

0.017219 9e-06

0.017555 9e-06

0.017337 9e-06

0.018307 1e-05

0.016979 1e-05

0.017102 8e-06

0.017418 8e-06

0.017195 1e-05

0.017115 8e-06

0.017632 9e-06

0.017013 9e-06

0.017168 1e-05

0.017218 1.1e-05

0.017036 1e-05

0.017036 9e-06

0.017145 8e-06

0.017076 1.5e-05

0.017015 8e-06

0.017115 8e-06

0.017159 9e-06

0.017232 1e-05

0.017092 1e-05

0.017321 8e-06

0.017322 8e-06

0.016941 8e-06

0.016957 9e-06

0.017125 9e-06

0.01711 1.1e-05

0.016971 9e-06

0.017175 8e-06

0.016944 1e-05

0.0171 9e-06

0.01711 9e-06

0.017179 1.4e-05

0.017184 1.3e-05

0.017094 8e-06

0.017153 9e-06

0.017291 1e-05

0.017067 1e-05

0.017371 9e-06

0.017435 9e-06

0.017128 1.2e-05

0.017254 8e-06

0.017215 1e-05

0.025278 1e-05

0.017251 9e-06

0.016972 9e-06

0.017139 8e-06

0.017038 8e-06

0.017138 1.2e-05

0.017098 9e-06

0.017161 8e-06

0.017335 1e-05

0.017046 1e-05

0.017005 8e-06

0.01724 2.3e-05

0.017009 8e-06

0.017236 7e-06

0.017353 9e-06

0.017179 1.1e-05

0.016995 9e-06

0.01728 1e-05

0.01714 9e-06

0.017091 1.2e-05

0.017108 9e-06

0.017073 8e-06

0.017147 8e-06

0.017266 9e-06

0.017259 9e-06

0.017126 9e-06

0.01723 9e-06

0.017344 8e-06

0.017198 9e-06

0.017077 9e-06

0.017064 8e-06

0.017432 1e-05

0.02019 1.2e-05

0.020138 1e-05

0.01718 1e-05

0.017179 1.1e-05

0.017471 1.2e-05

0.017163 8e-06

0.017601 1e-05

0.017145 9e-06

0.022235 1e-05

0.017003 8e-06

0.016938 8e-06

0.017452 8e-06

0.017187 1.4e-05

0.017349 1e-05

0.017622 9e-06

0.017149 9e-06

0.017281 9e-06

0.01737 9e-06

0.017256 1.3e-05

0.017397 9e-06

0.017759 1e-05

0.017467 1e-05

0.017446 1e-05

0.017205 9e-06

0.017384 1e-05

0.017373 2.4e-05

0.017315 9e-06

0.017359 1e-05

0.025528 1e-05

0.017085 1.1e-05

0.01689 8e-06

0.016809 8e-06

0.016903 9e-06

0.016843 9e-06

0.016875 9e-06

0.016754 9e-06

0.016707 9e-06

0.016648 7e-06

0.016714 9e-06

0.016664 6e-06

0.017199 9e-06

0.016755 1e-05

0.016682 8e-06

0.016741 6e-06

0.016722 8e-06

0.016902 8e-06

0.016925 8e-06

0.01692 9e-06

0.022092 1e-05

0.017181 1e-05

0.016959 1.1e-05

0.016744 9e-06

0.017825 1.1e-05

0.016849 7e-06

0.016952 9e-06

0.016745 7e-06

0.0167 7e-06

0.017003 8e-06

0.016709 7e-06

0.016825 9e-06

0.016804 8e-06

0.016871 7e-06

0.016839 9e-06

0.016672 9e-06

0.016804 1e-05

0.016978 8e-06

0.017131 7e-06

0.016676 7e-06

0.01667 2.1e-05

0.017581 8e-06

0.016835 9e-06

0.016709 7e-06

0.016826 8e-06

0.017009 9e-06

0.016691 8e-06

0.016844 7e-06

0.016818 7e-06

0.01688 9e-06

0.017 8e-06

0.016872 8e-06

0.016869 7e-06

0.016819 8e-06

0.017269 1e-05

0.017109 8e-06

0.017337 8e-06

0.016859 8e-06

0.016572 8e-06

0.016986 1e-05

0.016903 8e-06

0.017367 8e-06

0.016877 9e-06

0.01694 9e-06

0.016962 8e-06

0.016847 1e-05

0.016759 1e-05

0.016847 8e-06

0.016826 1.1e-05

0.016825 8e-06

0.017145 8e-06

0.016621 8e-06

0.016975 9e-06

0.016887 7e-06

0.017398 1.1e-05

0.017567 9e-06

0.016857 8e-06

0.016922 1e-05

0.016988 9e-06

0.016677 8e-06

0.016628 1.1e-05

0.016742 8e-06

0.016842 8e-06

0.016686 1.1e-05

0.01681 1.2e-05

0.016897 9e-06

0.016938 9e-06

0.016861 7e-06

0.016787 9e-06

0.01665 7e-06

0.016786 8e-06

0.016874 9e-06

0.016885 9e-06

0.016786 9e-06

0.016918 1e-05

0.01668 1e-05

0.01688 9e-06

0.016773 8e-06

0.016845 6e-06

0.016933 8e-06

0.016866 8e-06

0.016668 6e-06

0.016797 8e-06

0.016652 9e-06

0.016929 8e-06

0.016789 7e-06

0.017217 1e-05

0.017163 8e-06

0.016999 9e-06

0.018099 9e-06

0.01749 1e-05

0.017297 9e-06

0.018334 9e-06

0.017282 9e-06

0.017125 9e-06

0.017115 9e-06

0.016901 9e-06

0.01706 8e-06

0.017185 9e-06

0.017158 9e-06

0.016988 7e-06

0.017483 9e-06

0.01679 8e-06

0.016888 8e-06

0.017041 8e-06

0.017131 1.3e-05

0.021508 1.1e-05

0.018649 1.1e-05

0.017153 8e-06

0.018439 9e-06

0.017342 1e-05

0.017697 9e-06

0.017345 9e-06

0.01778 9e-06

0.017055 1e-05

0.016955 1.3e-05

0.02131 8e-06

0.017389 9e-06

0.017468 1.1e-05

0.01778 9e-06

0.017925 1.1e-05

0.018759 1.4e-05

0.01895 3e-05

0.02261 9e-06

0.017134 9e-06

0.017242 8e-06

0.017625 1.1e-05

0.01699 9e-06

0.017358 1e-05

0.01749 1.1e-05

0.017338 1.1e-05

0.017355 1e-05

0.018332 1.1e-05

0.01817 1e-05

0.018187 9e-06

0.017155 9e-06

0.016976 8e-06

0.017089 1.1e-05

0.016947 9e-06

0.016916 9e-06

0.017 1.6e-05

0.01711 1.1e-05

0.017474 1.4e-05

0.017404 8e-06

0.01756 8e-06

0.016873 9e-06

0.016934 1.2e-05

0.016771 8e-06

0.016868 9e-06

0.01714 9e-06

0.017231 8e-06

0.018278 1.6e-05

0.017227 8e-06

0.016912 9e-06

0.023716 1.1e-05

0.018774 1e-05

0.017237 9e-06

0.017011 1.1e-05

0.018253 9e-06

0.017718 1.1e-05

0.017149 8e-06

0.017247 8e-06

0.017437 1.2e-05

0.016983 9e-06

0.01708 9e-06

0.017075 8e-06

0.017244 1.1e-05

0.017349 1e-05

0.018327 1.1e-05

0.017774 1.2e-05

0.01742 1e-05

0.017317 8e-06

0.017858 1.1e-05

0.017786 9e-06

0.017415 1.3e-05

0.01785 1.2e-05

0.018267 1.8e-05

0.017637 2.2e-05

0.019248 1e-05

0.019481 8e-06

0.02057 1.1e-05

0.017692 9e-06

0.018619 1.2e-05

0.01735 9e-06

0.017303 1e-05

0.017533 8e-06

0.017354 8e-06

0.018164 9e-06

0.017329 8e-06

0.022341 1e-05

0.021699 1.5e-05

0.024495 1e-05

0.018159 1.1e-05

0.02574 1.1e-05

0.023432 1.1e-05

0.017917 1.2e-05

0.021727 9e-06

0.01955 9e-06

0.017529 9e-06

0.018791 1.2e-05

0.017294 1e-05

0.017286 8e-06

0.017027 9e-06

0.016912 8e-06

0.016856 7e-06

0.01674 6e-06

0.017229 8e-06

0.016779 1.2e-05

0.017012 8e-06

0.01719 9e-06

0.017239 8e-06

0.016802 7e-06

0.016685 7e-06

0.016778 7e-06

0.016971 9e-06

0.016628 8e-06

0.01653 8e-06

0.01678 1.1e-05

0.017099 8e-06

0.016917 1e-05

0.016935 8e-06

0.018339 1e-05

0.016839 9e-06

0.021086 8e-06

0.016908 1e-05

0.017247 1.1e-05

0.017549 1e-05

0.017897 8e-06

0.017283 1e-05

0.017293 8e-06

0.017576 9e-06

0.017242 1e-05

0.017005 9e-06

0.017592 1.1e-05

0.017108 8e-06

0.017046 8e-06

0.017315 8e-06

0.017126 1.2e-05

0.017506 9e-06

0.01743 8e-06

0.017213 1e-05

0.017096 1.2e-05

0.017331 9e-06

0.01729 1e-05

0.017285 9e-06

0.017059 1e-05

0.017031 8e-06

0.017425 1.1e-05

0.017105 9e-06

0.017201 9e-06

0.017042 1e-05

0.017456 9e-06

0.016908 1e-05

0.021566 9e-06

0.017335 9e-06

0.01756 1.1e-05

0.018751 1.2e-05

0.01723 1.1e-05

0.019698 9e-06

0.017345 1e-05

0.022826 1e-05

0.016971 8e-06

0.016962 1.1e-05

0.022088 1.9e-05

0.017252 1.4e-05

0.017242 9e-06

0.017076 8e-06

0.017344 1.2e-05

0.017894 9e-06

0.017196 9e-06

0.017101 1e-05

0.016931 8e-06

0.016902 9e-06

0.01703 1.1e-05

0.017718 1.4e-05

0.018091 1e-05

0.018776 1.4e-05

0.019356 2e-05

0.018336 9e-06

0.01731 8e-06

0.018013 9e-06

0.017155 1.1e-05

0.017152 9e-06

0.017006 9e-06

0.017555 1e-05

0.017161 8e-06

0.017546 8e-06

0.017257 7e-06

0.016934 8e-06

0.017033 9e-06

0.017354 1e-05

0.017039 9e-06

0.017193 9e-06

0.017248 9e-06

0.017072 9e-06

0.017225 1e-05

0.017 1e-05

0.016999 7e-06

0.016848 8e-06

0.017615 1.2e-05

0.01953 1e-05

0.019905 2.2e-05

0.019544 1e-05

0.018261 9e-06

0.021723 9e-06

0.017033 8e-06

0.016845 8e-06

0.016834 7e-06

0.01681 9e-06

0.016778 9e-06

0.016768 8e-06

0.01692 9e-06

0.016703 8e-06

0.01714 9e-06

0.017056 1.3e-05

0.016962 1.1e-05

0.016984 9e-06

0.018245 1.1e-05

0.018905 1.6e-05

0.025242 1.2e-05

0.025738 9e-06

0.021344 9e-06

0.020034 1.2e-05

0.020107 1.2e-05

0.020817 9e-06

0.020373 1.2e-05

0.019014 1e-05

0.01882 1e-05

0.019079 9e-06

0.018231 9e-06

0.017859 2.3e-05

0.018243 8e-06

0.01731 1.1e-05

0.018118 9e-06

0.017644 1e-05

0.017029 1e-05

0.017276 8e-06

0.017331 1e-05

0.017246 9e-06

0.017723 1.1e-05

0.017099 9e-06

0.018098 1e-05

0.016809 9e-06

0.017013 8e-06

0.017166 1e-05

0.017161 9e-06

0.017085 1e-05

0.017175 9e-06

0.017513 1.1e-05

0.017265 9e-06

0.017224 6e-06

0.016853 9e-06

0.017334 9e-06

0.01697 8e-06

0.017306 9e-06

0.018157 1.1e-05

0.017047 9e-06

0.017233 1e-05

0.016953 9e-06

0.017405 1.1e-05

0.017191 8e-06

0.017587 1e-05

0.017094 8e-06

0.016825 8e-06

0.016774 1.5e-05

0.017004 9e-06

0.01766 9e-06

0.017151 8e-06

0.016891 7e-06

0.017209 8e-06

0.017782 8e-06

0.017292 9e-06

0.017431 9e-06

0.017424 8e-06

0.017222 1.1e-05

0.017353 7e-06

0.018053 9e-06

0.017367 1e-05

0.017339 9e-06

0.018238 9e-06

0.018329 8e-06

0.01761 1e-05

0.017589 9e-06

0.017238 9e-06

0.017268 9e-06

0.017521 9e-06

0.017901 9e-06

0.017689 9e-06

0.017627 1e-05

0.017752 9e-06

0.017332 8e-06

0.017297 8e-06

0.016989 1.1e-05

0.019786 1e-05

0.017878 1e-05

0.019442 1e-05

0.017867 9e-06

0.01756 9e-06

0.018076 8e-06

0.017322 9e-06

0.017063 9e-06

0.016795 7e-06

0.016831 8e-06

0.016807 7e-06

0.016955 1e-05

0.017134 1e-05

0.017077 9e-06

0.01695 7e-06

0.017165 1.1e-05

0.016907 9e-06

0.017078 8e-06

0.016622 8e-06

0.016717 7e-06

0.017579 9e-06

0.016763 8e-06

0.017157 8e-06

0.017115 7e-06

0.017056 9e-06

0.016909 7e-06

0.01671 9e-06

0.016749 1.1e-05

0.016757 8e-06

0.01695 1.1e-05

0.01677 8e-06

0.016888 9e-06

0.016653 6e-06

0.016705 6e-06

0.016773 1.1e-05

0.016738 7e-06

0.016659 5e-06

0.016793 6e-06

0.016787 7e-06

0.016704 9e-06

0.01692 8e-06

0.016818 7e-06

0.016743 6e-06

0.016674 6e-06

0.016538 7e-06

0.017219 8e-06

0.016655 8e-06

0.016707 1e-05

0.01667 6e-06

0.016706 6e-06

0.016776 9e-06

0.016645 7e-06

0.016721 6e-06

0.016706 7e-06

0.016569 7e-06

0.016836 8e-06

0.016688 1e-05

0.016757 7e-06

0.01678 7e-06

0.016769 7e-06

0.017046 8e-06

0.016753 9e-06

0.01712 9e-06

0.016728 7e-06

0.017107 8e-06

0.016672 7e-06

0.016936 8e-06

0.016704 6e-06

0.016786 9e-06

0.016722 8e-06

0.017129 1.1e-05

0.016836 7e-06

0.017196 8e-06

0.017058 8e-06

0.016953 5e-06

0.01696 7e-06

0.017182 7e-06

0.016728 6e-06

0.016739 1e-05

0.016733 1e-05

0.016663 7e-06

0.017098 7e-06

0.01672 9e-06

0.016659 7e-06

0.016774 7e-06

0.016754 7e-06

0.016686 7e-06

0.016741 8e-06

0.016549 6e-06

0.017799 9e-06

0.016801 7e-06

0.01662 8e-06

0.016784 1e-05

0.016651 7e-06

0.016744 8e-06

0.016868 9e-06

0.016644 6e-06

0.016753 6e-06

0.016604 6e-06

0.016657 6e-06

0.016604 8e-06

0.016762 7e-06

0.016831 8e-06

0.016744 6e-06

0.017083 9e-06

0.016764 7e-06

0.016767 8e-06

0.016826 7e-06

0.017233 9e-06

0.016511 7e-06

0.017398 9e-06

0.01672 9e-06

0.01667 7e-06

0.016703 8e-06

0.016661 8e-06

0.016622 7e-06

0.016716 7e-06

0.016788 7e-06

0.016827 1e-05

0.016822 6e-06

0.016581 9e-06

0.01671 5e-06

0.016713 9e-06

0.016758 7e-06

0.017274 9e-06

0.016719 7e-06

0.017031 6e-06

0.017134 9e-06

0.016759 6e-06

0.017298 8e-06

0.016703 6e-06

0.017786 7e-06

0.016616 1e-05

0.016499 1e-05

0.016918 9e-06

0.016912 9e-06

0.017142 8e-06

0.01683 6e-06

0.016876 8e-06

0.016884 9e-06

0.016709 8e-06

0.017238 6e-06

0.017154 6e-06

0.01703 6e-06

0.016906 7e-06

0.016906 9e-06

0.016607 7e-06

0.01697 8e-06

0.016675 6e-06

0.016697 9e-06

0.016694 9e-06

0.016705 1.2e-05

0.01701 8e-06

0.016777 6e-06

0.016865 7e-06

0.016764 8e-06

0.017241 9e-06

0.017307 1e-05

0.016689 7e-06

0.016871 7e-06

0.016622 8e-06

0.016753 6e-06

0.017025 1e-05

0.016572 7e-06

0.016578 8e-06

0.017098 8e-06

0.016912 7e-06

0.016593 1e-05

0.016719 6e-06

0.016803 6e-06

0.016612 1.2e-05

0.016893 8e-06

0.016675 9e-06

0.016955 7e-06

0.016882 9e-06

0.016669 7e-06

0.016807 7e-06

0.01698 8e-06

0.016688 1.1e-05

