0.001281 7e-06

0.001198 6e-06

0.001197 6e-06

0.001281 6e-06

0.001243 6e-06

0.001235 7e-06

0.00124 5e-06

0.001209 5e-06

0.001217 5e-06

0.001235 6e-06

0.001214 5e-06

0.001204 6e-06

0.001235 6e-06

0.001221 6e-06

0.00123 6e-06

0.001193 4e-06

0.001232 6e-06

0.001242 6e-06

0.001235 6e-06

0.001226 6e-06

0.001201 5e-06

0.001205 4e-06

0.001217 6e-06

0.001222 4e-06

0.001248 6e-06

0.001225 7e-06

0.001241 6e-06

0.001224 7e-06

0.00124 6e-06

0.001234 5e-06

0.001206 5e-06

0.001198 6e-06

0.001226 5e-06

0.001194 6e-06

0.001232 6e-06

0.001205 5e-06

0.001209 4e-06

0.001205 7e-06

0.001241 5e-06

0.001206 6e-06

0.001243 6e-06

0.001295 7e-06

0.001216 5e-06

0.001204 6e-06

0.00124 1e-05

0.001233 1e-05

0.001226 5e-06

0.001238 6e-06

0.001235 7e-06

0.001304 8e-06

0.001209 8e-06

0.001231 6e-06

0.001236 7e-06

0.001238 6e-06

0.001248 1.3e-05

0.00124 6e-06

0.001209 6e-06

0.001237 4e-06

0.001222 6e-06

0.001203 6e-06

0.001248 6e-06

0.001201 6e-06

0.001209 6e-06

0.001225 6e-06

0.001281 1e-05

0.001403 9e-06

0.001285 5e-06

0.001245 6e-06

0.001312 5e-06

0.001192 5e-06

0.001208 6e-06

0.001227 4e-06

0.001226 5e-06

0.001232 6e-06

0.001211 6e-06

0.001202 5e-06

0.001202 6e-06

0.001227 8e-06

0.001252 9e-06

0.001401 9e-06

0.001363 7e-06

0.00125 6e-06

0.001348 7e-06

0.001246 5e-06

0.001206 7e-06

0.001188 7e-06

0.001215 6e-06

0.001191 6e-06

0.001202 6e-06

0.001195 5e-06

0.001202 7e-06

0.001202 7e-06

0.001211 4e-06

0.001204 6e-06

0.001248 5e-06

0.00126 6e-06

0.001209 5e-06

0.001201 5e-06

0.001205 5e-06

0.001268 6e-06

0.001209 5e-06

0.001201 6e-06

0.001208 6e-06

0.001237 6e-06

0.001238 5e-06

0.001236 6e-06

0.001212 5e-06

0.001227 7e-06

0.001284 1.1e-05

0.001282 1.4e-05

0.001264 1e-05

0.00124 5e-06

0.001239 7e-06

0.001236 9e-06

0.001254 1e-05

0.001262 1e-05

0.001236 8e-06

0.001224 7e-06

0.001254 7e-06

0.001295 7e-06

0.001267 5e-06

0.001234 5e-06

0.001242 7e-06

0.001318 5e-06

0.001217 5e-06

0.00129 6e-06

0.001247 7e-06

0.001217 6e-06

0.001208 6e-06

0.001203 6e-06

0.001214 7e-06

0.001199 6e-06

0.001224 6e-06

0.001241 6e-06

0.001238 6e-06

0.001216 2.1e-05

0.001211 7e-06

0.001235 6e-06

0.00125 9e-06

0.001221 6e-06

0.001215 6e-06

0.001257 8e-06

0.001229 8e-06

0.001232 6e-06

0.001232 6e-06

0.001305 7e-06

0.001242 5e-06

0.001237 6e-06

0.00123 6e-06

0.001227 6e-06

0.001205 7e-06

0.001196 5e-06

0.001317 6e-06

0.001198 7e-06

0.001293 6e-06

0.001197 5e-06

0.001263 5e-06

0.001227 7e-06

0.001236 7e-06

0.001227 6e-06

0.001242 6e-06

0.001212 5e-06

0.001207 7e-06

0.001299 6e-06

0.001249 7e-06

0.00124 5e-06

0.001214 6e-06

0.0012 6e-06

0.00122 6e-06

0.001229 6e-06

0.001244 6e-06

0.001228 6e-06

0.001257 5e-06

0.001278 7e-06

0.001216 6e-06

0.001226 7e-06

0.00122 6e-06

0.001242 5e-06

0.001232 4e-06

0.001225 5e-06

0.0012 6e-06

0.001226 5e-06

0.001204 5e-06

0.001208 6e-06

0.001245 6e-06

0.001244 5e-06

0.001197 7e-06

0.001237 6e-06

0.00121 7e-06

0.001198 2e-05

0.001675 1.4e-05

0.001247 1e-05

0.001253 7e-06

0.001268 1.1e-05

0.001242 7e-06

0.001245 6e-06

0.001236 6e-06

0.001243 6e-06

0.001245 6e-06

0.001253 1.2e-05

0.001253 8e-06

0.00125 7e-06

0.001239 8e-06

0.001276 1e-05

0.001258 7e-06

0.001233 8e-06

0.001232 3e-06

0.001231 6e-06

0.001245 1.1e-05

0.00123 8e-06

0.001247 7e-06

0.001262 6e-06

0.00123 8e-06

0.001238 7e-06

0.001241 1e-05

0.001249 8e-06

0.001233 7e-06

0.001233 6e-06

0.001226 8e-06

0.001193 5e-06

0.001201 6e-06

0.001233 5e-06

0.001267 6e-06

0.001212 6e-06

0.001211 5e-06

0.001198 4e-06

0.001319 7e-06

0.0012 7e-06

0.001237 7e-06

0.001232 5e-06

0.001232 5e-06

0.001248 6e-06

0.001202 5e-06

0.001227 6e-06

0.001281 6e-06

0.001279 7e-06

0.00121 6e-06

0.001202 4e-06

0.001204 6e-06

0.001204 6e-06

0.001238 6e-06

0.001285 6e-06

0.001215 6e-06

0.001235 6e-06

0.001231 7e-06

0.001198 6e-06

0.001213 7e-06

0.001191 4e-06

0.00124 6e-06

0.001198 5e-06

0.00123 4e-06

0.001237 8e-06

0.001205 6e-06

0.00122 6e-06

0.00121 6e-06

0.00119 5e-06

0.001204 6e-06

0.001203 7e-06

0.00124 4e-06

0.001202 5e-06

0.001211 6e-06

0.001226 6e-06

0.001236 5e-06

0.001264 6e-06

0.001251 7e-06

0.00123 6e-06

0.001212 6e-06

0.0012 6e-06

0.001212 5e-06

0.001186 5e-06

0.001241 6e-06

0.001217 9e-06

0.00126 1.4e-05

0.00134 3.2e-05

0.001254 8e-06

0.001247 1e-05

0.001232 2e-05

0.001265 1e-05

0.001265 6e-06

0.001235 5e-06

0.001281 1.1e-05

0.00123 5e-06

0.001211 7e-06

0.0012 6e-06

0.00121 7e-06

0.001237 6e-06

0.001206 6e-06

0.001257 6e-06

0.001248 6e-06

0.001263 7e-06

0.001242 8e-06

0.001236 7e-06

0.001243 5e-06

0.00123 7e-06

0.001213 6e-06

0.001227 7e-06

0.001205 6e-06

0.001229 4e-06

0.001252 7e-06

0.001197 8e-06

0.001229 6e-06

0.001201 5e-06

0.001202 7e-06

0.00123 7e-06

0.001248 7e-06

0.001233 7e-06

0.00124 7e-06

0.001202 8e-06

0.001211 5e-06

0.001199 6e-06

0.001216 6e-06

0.001235 8e-06

0.001236 6e-06

0.001206 6e-06

0.001228 5e-06

0.001261 5e-06

0.001243 7e-06

0.001237 6e-06

0.001206 5e-06

0.001189 7e-06

0.001193 4e-06

0.001212 5e-06

0.001216 4e-06

0.001237 4e-06

0.001239 7e-06

0.001204 5e-06

0.001225 5e-06

0.001234 6e-06

0.001501 8e-06

0.001244 5e-06

0.001268 4e-06

0.001271 8e-06

0.001216 6e-06

0.001195 5e-06

0.001206 6e-06

0.001261 6e-06

0.00121 6e-06

0.001189 5e-06

0.001202 6e-06

0.001322 6e-06

0.001239 5e-06

0.001231 1.2e-05

0.001251 7e-06

0.001245 6e-06

0.001264 7e-06

0.001204 6e-06

0.001214 6e-06

0.001196 6e-06

0.00125 6e-06

0.001194 1.1e-05

0.001364 1.2e-05

0.001201 5e-06

0.001235 6e-06

0.001253 7e-06

0.001583 2.6e-05

0.001728 9e-06

0.001681 9e-06

0.001719 1.1e-05

0.001286 1.4e-05

0.001621 1.5e-05

0.00173 1.1e-05

0.001227 6e-06

0.001202 5e-06

0.001228 6e-06

0.001315 6e-06

0.001219 5e-06

0.001306 6e-06

0.001229 5e-06

0.001244 5e-06

0.001211 5e-06

0.001208 6e-06

0.001194 6e-06

0.001245 5e-06

0.001208 7e-06

0.001214 5e-06

0.001208 6e-06

0.001217 5e-06

0.001235 5e-06

0.001297 5e-06

0.001234 4e-06

0.001239 8e-06

0.001204 6e-06

0.00123 5e-06

0.00127 6e-06

0.001218 5e-06

0.00122 4e-06

0.001211 6e-06

0.001212 7e-06

0.001209 5e-06

0.001201 6e-06

0.001268 6e-06

0.001226 7e-06

0.001242 4e-06

0.001216 6e-06

0.001238 5e-06

0.001238 6e-06

0.001212 5e-06

0.0012 5e-06

0.001214 6e-06

0.0012 6e-06

0.001223 6e-06

0.001239 5e-06

0.00123 6e-06

0.001238 7e-06

0.001263 6e-06

0.001253 6e-06

0.001205 7e-06

0.001213 6e-06

0.001208 6e-06

0.001224 6e-06

0.001225 7e-06

0.001194 1e-05

0.001221 6e-06

0.001237 5e-06

0.001249 7e-06

0.001244 5e-06

0.001265 5e-06

0.001194 5e-06

0.001204 6e-06

0.001227 5e-06

0.001234 5e-06

0.001215 6e-06

0.001213 5e-06

0.001216 6e-06

0.001243 7e-06

0.001197 4e-06

0.001227 6e-06

0.001259 6e-06

0.001201 5e-06

0.001219 5e-06

0.001209 6e-06

0.001237 6e-06

0.001211 6e-06

0.001198 7e-06

0.001248 8e-06

0.001236 7e-06

0.00125 8e-06

0.001246 7e-06

0.001257 9e-06

0.001238 5e-06

0.001245 6e-06

0.00123 7e-06

0.001233 6e-06

0.001271 1e-05

0.001247 6e-06

0.001227 5e-06

0.001232 6e-06

0.001234 7e-06

0.001213 5e-06

0.00121 5e-06

0.001257 6e-06

0.001278 6e-06

0.001253 6e-06

0.001199 6e-06

0.001197 8e-06

0.001234 6e-06

0.00121 6e-06

0.001206 5e-06

0.001211 5e-06

0.001204 7e-06

0.001233 6e-06

0.001234 5e-06

0.001245 6e-06

0.001235 6e-06

0.00122 6e-06

0.001198 5e-06

0.001203 4e-06

0.001186 7e-06

0.001199 6e-06

0.001211 6e-06

0.001205 6e-06

0.001214 7e-06

0.00122 6e-06

0.001258 7e-06

0.001286 8e-06

0.0012 7e-06

0.00121 5e-06

0.001199 7e-06

0.001217 6e-06

0.001201 6e-06

0.001206 6e-06

0.001199 5e-06

0.001239 7e-06

0.001205 5e-06

0.001205 6e-06

0.001211 5e-06

0.001232 5e-06

0.001201 6e-06

0.001199 6e-06

0.001209 6e-06

0.001204 5e-06

0.001193 4e-06

0.001225 5e-06

0.001198 6e-06

0.001195 5e-06

0.001233 5e-06

0.001249 6e-06

0.001233 5e-06

0.001205 5e-06

0.001203 7e-06

0.0012 7e-06

0.001238 6e-06

0.00121 5e-06

0.001203 5e-06

0.001233 4e-06

0.001213 7e-06

0.00124 5e-06

0.001206 5e-06

0.001244 4e-06

0.001198 5e-06

0.0012 6e-06

0.001216 6e-06

0.001207 5e-06

0.001205 5e-06

0.001202 7e-06

0.001227 7e-06

0.001202 5e-06

0.001227 5e-06

0.001221 7e-06

0.001237 6e-06

0.001211 6e-06

0.001199 6e-06

0.001236 5e-06

0.001202 5e-06

0.001216 4e-06

0.001199 5e-06

0.001221 6e-06

0.001205 5e-06

0.00122 5e-06

0.001233 6e-06

0.001208 7e-06

0.001198 5e-06

0.001211 7e-06

0.0012 5e-06

0.001204 6e-06

0.001227 5e-06

0.00119 5e-06

0.001206 4e-06

0.001208 5e-06

0.001204 6e-06

0.001231 7e-06

0.001227 7e-06

0.001221 6e-06

0.001206 5e-06

0.001218 5e-06

0.001204 5e-06

0.001199 6e-06

0.001233 6e-06

0.001222 6e-06

0.001213 5e-06

0.001225 5e-06

0.001227 6e-06

0.001203 6e-06

0.001195 6e-06

0.001199 6e-06

0.001229 7e-06

0.001199 6e-06

0.001228 6e-06

0.001205 5e-06

0.001188 6e-06

0.001231 5e-06

0.001241 7e-06

0.001219 4e-06

0.001213 6e-06

0.001207 6e-06

0.001206 6e-06

0.001227 4e-06

0.001189 6e-06

0.001214 7e-06

0.001202 7e-06

0.001241 4e-06

0.001194 6e-06

0.001213 4e-06

0.001205 6e-06

0.00122 5e-06

0.001239 5e-06

0.001198 6e-06

0.001204 6e-06

0.001217 7e-06

0.00121 6e-06

0.001197 7e-06

0.001194 5e-06

0.001204 6e-06

0.001211 6e-06

0.00127 6e-06

0.0012 5e-06

0.001203 6e-06

0.001206 5e-06

0.001223 7e-06

0.001229 4e-06

0.001213 5e-06

0.0012 5e-06

0.001197 6e-06

0.001215 6e-06

0.001201 6e-06

0.001194 7e-06

0.001206 6e-06

0.00121 5e-06

0.001257 6e-06

0.001199 7e-06

0.001198 6e-06

0.001207 7e-06

0.001204 6e-06

0.001201 5e-06

0.001193 7e-06

0.001213 6e-06

0.001235 6e-06

0.001201 5e-06

0.001195 7e-06

0.001212 5e-06

0.0012 6e-06

0.001222 5e-06

0.001254 5e-06

0.001199 6e-06

0.001212 6e-06

0.001228 7e-06

0.001206 5e-06

0.001214 5e-06

0.001217 6e-06

0.0012 5e-06

0.001227 6e-06

0.001206 5e-06

0.001414 1.2e-05

0.001216 7e-06

0.001338 7e-06

0.001233 6e-06

0.001246 6e-06

0.001247 6e-06

0.001235 6e-06

0.00121 5e-06

0.001195 6e-06

0.001201 7e-06

0.001199 6e-06

0.001195 6e-06

0.001211 7e-06

0.001189 6e-06

0.001233 6e-06

0.001251 5e-06

0.00124 5e-06

0.001238 5e-06

0.001207 6e-06

0.001202 6e-06

0.001218 6e-06

0.001231 5e-06

0.001224 5e-06

0.001198 6e-06

0.001229 5e-06

0.001206 5e-06

0.0012 6e-06

0.001197 6e-06

0.001204 7e-06

0.001196 7e-06

0.001224 6e-06

0.001225 6e-06

0.001219 7e-06

0.001199 6e-06

0.001203 6e-06

0.001235 6e-06

0.001207 5e-06

0.0012 6e-06

0.001203 6e-06

0.001199 7e-06

0.001237 6e-06

0.001197 5e-06

0.001198 6e-06

0.001208 5e-06

0.00122 5e-06

0.00125 6e-06

0.001236 5e-06

0.001235 7e-06

0.001195 5e-06

0.001205 6e-06

0.001208 6e-06

0.001205 7e-06

0.00123 6e-06

0.001303 6e-06

0.001204 6e-06

0.001234 6e-06

0.001259 5e-06

0.001258 4e-06

0.001212 6e-06

0.001232 6e-06

0.001209 5e-06

0.001195 7e-06

0.001216 6e-06

0.001216 6e-06

0.001198 5e-06

0.001199 1.9e-05

0.00121 5e-06

0.001217 6e-06

0.001242 5e-06

0.001202 5e-06

0.001203 6e-06

0.001232 5e-06

0.001204 5e-06

0.001197 6e-06

0.001269 7e-06

0.001196 5e-06

0.00122 4e-06

0.001229 5e-06

0.001207 5e-06

0.001198 7e-06

0.001206 7e-06

0.001207 6e-06

0.001202 6e-06

0.001193 5e-06

0.001211 7e-06

0.001201 7e-06

0.001239 6e-06

0.0012 4e-06

0.001241 5e-06

0.001196 6e-06

0.001231 6e-06

0.001202 5e-06

0.001208 6e-06

0.00119 5e-06

0.001208 5e-06

0.001224 6e-06

0.001206 6e-06

0.001201 5e-06

0.0012 6e-06

0.00122 6e-06

0.00121 6e-06

0.001191 6e-06

0.001207 6e-06

0.001183 6e-06

0.001254 7e-06

0.001215 4e-06

0.001201 6e-06

0.001198 6e-06

0.001208 6e-06

0.001208 6e-06

0.00121 5e-06

0.001212 7e-06

0.001188 6e-06

0.001211 6e-06

0.001253 4e-06

0.001185 7e-06

0.001201 7e-06

0.001205 7e-06

0.001207 7e-06

0.001225 6e-06

0.001231 5e-06

0.001231 7e-06

0.001206 6e-06

0.001209 5e-06

0.001201 6e-06

0.001196 7e-06

0.001234 7e-06

0.001209 6e-06

0.001266 4e-06

0.001242 5e-06

0.001231 6e-06

0.001227 6e-06

0.001267 7e-06

0.001206 5e-06

0.001193 5e-06

0.001217 6e-06

0.001221 6e-06

0.001203 5e-06

0.001196 6e-06

0.001211 7e-06

0.001238 6e-06

0.001244 5e-06

0.001242 6e-06

0.0012 6e-06

0.001197 5e-06

0.001219 6e-06

0.001207 7e-06

0.001203 5e-06

0.001204 6e-06

0.001209 7e-06

0.001212 4e-06

0.001203 6e-06

0.001218 6e-06

0.001202 6e-06

0.00124 5e-06

0.001208 5e-06

0.001229 7e-06

0.001231 8e-06

0.001206 6e-06

0.001213 6e-06

0.001246 5e-06

0.001197 6e-06

0.001198 5e-06

0.0012 7e-06

0.00121 7e-06

0.001212 6e-06

0.001227 7e-06

0.001192 5e-06

0.001253 6e-06

0.001233 5e-06

0.001198 6e-06

0.001202 5e-06

0.001216 6e-06

0.001202 7e-06

0.001214 6e-06

0.00123 6e-06

0.00123 4e-06

0.001202 4e-06

0.001206 6e-06

0.001201 6e-06

0.001203 6e-06

0.001189 6e-06

0.001233 6e-06

0.001226 7e-06

0.001204 6e-06

0.001202 6e-06

0.001201 8e-06

0.001217 6e-06

0.001206 6e-06

0.001201 6e-06

0.001219 7e-06

0.0012 5e-06

0.001206 5e-06

0.00121 4e-06

0.001219 6e-06

0.001209 5e-06

0.001198 7e-06

0.001261 6e-06

0.001215 5e-06

0.001196 6e-06

0.001199 7e-06

0.001274 6e-06

0.00121 5e-06

0.001205 5e-06

0.001238 6e-06

0.001244 7e-06

0.001263 7e-06

0.001202 6e-06

0.001204 6e-06

0.001207 5e-06

0.001199 5e-06

0.001265 5e-06

0.001201 5e-06

0.001204 5e-06

0.001204 7e-06

0.001241 6e-06

0.001233 7e-06

0.001205 6e-06

0.001199 7e-06

0.001208 7e-06

0.001212 7e-06

0.001227 4e-06

0.001205 6e-06

0.001207 5e-06

0.00123 6e-06

0.001246 7e-06

0.001211 5e-06

0.00121 7e-06

0.001216 6e-06

0.0012 6e-06

0.001196 6e-06

0.001201 5e-06

0.001193 5e-06

0.001201 7e-06

0.001203 7e-06

0.001236 6e-06

0.00123 6e-06

0.001258 6e-06

0.0012 7e-06

0.001208 6e-06

0.001199 4e-06

0.001204 4e-06

0.001218 7e-06

0.001224 4e-06

0.001278 6e-06

0.001203 6e-06

0.001234 6e-06

0.001207 6e-06

0.001201 6e-06

0.00122 6e-06

0.001199 7e-06

0.001218 6e-06

0.001206 7e-06

0.001201 6e-06

0.001199 7e-06

0.001227 6e-06

0.001206 7e-06

0.001202 6e-06

0.001225 6e-06

0.001211 5e-06

0.001298 6e-06

0.001188 7e-06

0.001201 5e-06

0.0012 5e-06

0.001201 6e-06

0.0012 6e-06

0.001218 6e-06

0.001187 6e-06

0.001239 5e-06

0.001199 7e-06

0.001313 6e-06

0.001235 5e-06

0.001206 7e-06

0.0012 6e-06

0.001224 7e-06

0.001207 8e-06

0.001409 1.1e-05

0.00124 8e-06

0.001232 4e-06

0.0012 6e-06

0.001234 5e-06

0.001241 7e-06

0.001232 4e-06

0.001218 7e-06

0.001202 6e-06

0.001191 5e-06

0.001214 6e-06

0.0012 7e-06

0.001216 4e-06

0.001192 6e-06

0.001229 6e-06

0.001202 7e-06

0.001237 6e-06

0.001204 6e-06

0.001209 6e-06

0.001225 5e-06

0.001226 5e-06

0.001205 6e-06

0.001237 5e-06

0.001196 7e-06

0.001239 6e-06

0.001216 5e-06

0.00121 6e-06

0.001203 5e-06

0.001203 5e-06

0.001205 5e-06

0.001204 6e-06

0.0012 5e-06

0.001198 5e-06

0.001206 6e-06

0.0012 5e-06

0.001201 5e-06

0.001231 5e-06

0.001202 6e-06

0.001199 5e-06

0.00126 5e-06

0.001234 7e-06

0.001232 6e-06

0.001205 5e-06

0.001194 6e-06

0.0012 5e-06

0.001262 6e-06

0.001189 6e-06

0.001201 6e-06

0.00122 6e-06

0.001201 6e-06

0.001205 6e-06

0.001226 5e-06

0.00121 7e-06

0.001229 5e-06

0.001237 6e-06

0.001198 5e-06

0.001201 8e-06

0.001256 5e-06

0.001234 6e-06

0.001231 5e-06

0.001191 6e-06

0.001205 6e-06

0.001209 6e-06

0.001265 6e-06

0.001207 6e-06

0.001199 5e-06

0.001197 7e-06

0.001223 5e-06

0.001198 6e-06

0.001201 5e-06

0.001204 6e-06

0.001216 6e-06

0.001211 6e-06

0.001245 6e-06

0.001233 6e-06

0.001194 5e-06

0.001238 7e-06

0.001227 7e-06

0.001203 6e-06

0.0012 5e-06

0.001233 6e-06

0.0012 7e-06

0.001192 7e-06

0.001212 6e-06

0.001197 6e-06

0.001231 6e-06

0.001243 6e-06

0.001203 6e-06

0.001211 6e-06

0.001262 6e-06

0.001195 6e-06

0.001207 5e-06

0.001203 5e-06

0.001202 9e-06

0.001195 6e-06

0.001242 5e-06

0.001233 3e-06

0.001213 6e-06

0.001236 5e-06

0.001207 7e-06

0.001239 6e-06

0.001198 6e-06

