0.005213 1.2e-05
0.0052 1.5e-05
0.005266 1.6e-05
0.00525 1.5e-05
0.003967 3.9e-05
0.005197 1e-05
0.005229 1.4e-05
0.005216 1.4e-05
0.005449 1e-05
0.005289 1.3e-05
0.005233 1.1e-05
0.005221 1.6e-05
0.005231 1e-05
0.0052 9e-06
0.005219 1.6e-05
0.005193 1.6e-05
0.005219 1.6e-05
0.005204 1.4e-05
0.005222 1.5e-05
0.005218 1.6e-05
0.00522 1.1e-05
0.005209 1.2e-05
0.004298 1.2e-05
0.005229 9e-06
0.005284 6e-06
0.005209 1.6e-05
0.005401 6e-06
0.005233 1.4e-05
0.005216 1.3e-05
0.005194 1.4e-05
0.005239 1.4e-05
0.005212 1.4e-05
0.005267 1.5e-05
0.005206 1.2e-05
0.005272 1.6e-05
0.00521 7e-06
0.005232 1.3e-05
0.005197 1.3e-05
0.005225 1.3e-05
0.005206 1.6e-05
0.003713 3e-05
0.00521 1.6e-05
0.005306 8e-06
0.005201 1.3e-05
0.005381 1.1e-05
0.005241 1.8e-05
0.005276 1.6e-05
0.00523 1.3e-05
0.005235 1.5e-05
0.00522 1.4e-05
0.005228 1.2e-05
0.005212 8e-06
0.005234 7e-06
0.005214 8e-06
0.005261 1.4e-05
0.005249 1.6e-05
0.005237 7e-06
0.005207 1.3e-05
0.004303 8e-06
0.005273 1.7e-05
0.005228 1.6e-05
0.005226 1.1e-05
0.005292 9e-06
0.005237 1.5e-05
0.005252 9e-06
0.005201 1e-05
0.005229 1.3e-05
0.005196 1.5e-05
0.005225 1.2e-05
0.00522 1.4e-05
0.005227 1.3e-05
0.005197 8e-06
0.005228 1.3e-05
0.005216 1.5e-05
0.005222 9e-06
0.005197 9e-06
0.003911 8e-06
0.005284 1e-05
0.005271 1e-05
0.005226 7e-06
0.005454 1.4e-05
0.005234 1.7e-05
0.005241 1.1e-05
0.005256 8e-06
0.005238 4e-06
0.005212 1.5e-05
0.005223 1.2e-05
0.005204 1.6e-05
0.005202 1e-05
0.005198 1.6e-05
0.005203 1.7e-05
0.005194 1.1e-05
0.005219 1.2e-05
0.005213 1.5e-05
0.004403 1.4e-05
0.005305 1.2e-05
0.005237 1.4e-05
0.005234 1.5e-05
0.00532 1.4e-05
0.005224 1.1e-05
0.005252 1.1e-05
0.005207 1.4e-05
0.005246 1.7e-05
0.005222 8e-06
0.00525 1.4e-05
0.005199 1.4e-05
0.005233 1e-05
0.005203 1.6e-05
0.00521 9e-06
0.005212 1.5e-05
0.005222 9e-06
0.00523 1.4e-05
0.003647 1.1e-05
0.005285 1.3e-05
0.005256 1.4e-05
0.005258 1.4e-05
0.005329 1.2e-05
0.00526 8e-06
0.005251 1.4e-05
0.005219 9e-06
0.005227 1.5e-05
0.005205 1e-05
0.005213 1.7e-05
0.005207 9e-06
0.00523 1.5e-05
0.005205 1.4e-05
0.00527 1.5e-05
0.005201 1.5e-05
0.00523 1.5e-05
0.005217 1.4e-05
0.003969 8e-06
0.005303 1.5e-05
0.005234 1.1e-05
0.005206 1.4e-05
0.005396 1.1e-05
0.005257 1.5e-05
0.00532 1.6e-05
0.005195 1.5e-05
0.005228 1e-05
0.005202 9e-06
0.005226 1.5e-05
0.005203 8e-06
0.00521 9e-06
0.005198 8e-06
0.005245 7e-06
0.005206 1.2e-05
0.005223 9e-06
0.005192 1.4e-05
0.003642 2.9e-05
0.005239 1.3e-05
0.005214 8e-06
0.005218 7e-06
0.005423 1.1e-05
0.005241 1.6e-05
0.005253 1.6e-05
0.005218 1.7e-05
0.005223 1.1e-05
0.005217 8e-06
0.00524 1e-05
0.00523 1.4e-05
0.005254 1.3e-05
0.005192 1.5e-05
0.005227 1.8e-05
0.005211 1.3e-05
0.005211 1.3e-05
0.005251 1.6e-05
0.004376 1.4e-05
0.005255 1.3e-05
0.005249 1.5e-05
0.005203 1.5e-05
0.005357 8e-06
0.005214 9e-06
0.00528 1.3e-05
0.005193 1.4e-05
0.005223 9e-06
0.005218 1.3e-05
0.005239 1.3e-05
0.005241 1.3e-05
0.00526 1.4e-05
0.005216 1.5e-05
0.005219 1.6e-05
0.005209 1.4e-05
0.005226 9e-06
0.005197 5e-06
0.003792 1.1e-05
0.005249 1.5e-05
0.005234 1.1e-05
0.005222 1e-05
0.005335 1.4e-05
0.005277 9e-06
0.005285 1.3e-05
0.005227 1e-05
0.00523 1.4e-05
0.005242 1.5e-05
0.005205 1.7e-05
0.005197 1e-05
0.005252 8e-06
0.005244 1.4e-05
0.005265 1.5e-05
0.00524 9e-06
0.005211 1.1e-05
0.005195 1.4e-05
0.004314 1.2e-05
0.005346 1.5e-05
0.005298 9e-06
0.005265 5e-06
0.005358 1.7e-05
0.005225 1.1e-05
0.005273 1.6e-05
0.005206 1.3e-05
0.005217 1.4e-05
0.005224 1.6e-05
0.005236 9e-06
0.005278 1.4e-05
0.005231 1.4e-05
0.005256 1.5e-05
0.005246 1.4e-05
0.005201 1.5e-05
0.005219 1.3e-05
0.005189 1.1e-05
0.003642 6e-06
0.005207 1.4e-05
0.005216 1.3e-05
0.005218 1.5e-05
0.005369 2e-05
0.005233 1.3e-05
0.005285 1.4e-05
0.00522 1.3e-05
0.005238 1.4e-05
0.00521 1.5e-05
0.005209 1.2e-05
0.0052 1.5e-05
0.005217 1.1e-05
0.005199 1e-05
0.005212 9e-06
0.005211 1.7e-05
0.005227 1.5e-05
0.005203 1.2e-05
0.004319 9e-06
0.005311 1.1e-05
0.005234 1.6e-05
0.00526 1.4e-05
0.005344 1.3e-05
0.005222 6e-06
0.00527 1.5e-05
0.005211 1.5e-05
0.005237 1.4e-05
0.005216 1.7e-05
0.005245 1.5e-05
0.005208 1.2e-05
0.005233 1.5e-05
0.005242 1.4e-05
0.005255 1.4e-05
0.005205 1.4e-05
0.005213 1.5e-05
0.00525 1.4e-05
0.004316 8e-06
0.005207 8e-06
0.00433 1.2e-05
0.004296 1.2e-05
0.004316 1.2e-05
0.004384 1.4e-05
0.004341 8e-06
0.004318 1.5e-05
0.004304 1.3e-05
0.0043 1.3e-05
0.004319 6e-06
0.004324 8e-06
0.004322 1.2e-05
0.004308 1.4e-05
0.00432 1.3e-05
0.004909 1.7e-05
0.005482 3e-05
0.006311 1.7e-05
0.006581 1.4e-05
0.008118 7e-06
0.006943 2.1e-05
0.00433 1.2e-05
0.004316 1e-05
0.0043 1.4e-05
0.004509 1.4e-05
0.004323 9e-06
0.004321 1e-05
0.004304 1.3e-05
0.006492 1.8e-05
0.007029 1.5e-05
0.005894 7e-06
0.004335 1.3e-05
0.004307 6e-06
0.004311 1.1e-05
0.004313 8e-06
0.004311 1.2e-05
0.004304 1.4e-05
0.004287 1.4e-05
0.004314 9e-06
0.003587 1.1e-05
0.004318 1.3e-05
0.004296 1.2e-05
0.004352 1.1e-05
0.004329 8e-06
0.004346 1.5e-05
0.004334 1.3e-05
0.004338 1.5e-05
0.004491 6e-06
0.004546 1.3e-05
0.004578 2e-05
0.00435 1.2e-05
0.004309 1e-05
0.004308 1.3e-05
0.004318 1.4e-05
0.004317 6e-06
0.004297 1e-05
0.00431 1.1e-05
0.004323 1.4e-05
0.007159 1.7e-05
0.006911 1.8e-05
0.006762 6e-06
0.004327 4e-06
0.004327 1e-05
0.004294 1e-05
0.004322 1.1e-05
0.004684 1.2e-05
0.004325 8e-06
0.004289 1.2e-05
0.004299 9e-06
0.004317 9e-06
0.005413 1.6e-05
0.004328 1e-05
0.004336 1.3e-05
0.004437 1.3e-05
0.004463 1.1e-05
0.004316 1.3e-05
0.004306 1.2e-05
0.00429 7e-06
0.004319 1.3e-05
0.004303 1.5e-05
0.004323 1.2e-05
0.003943 1.2e-05
0.00431 1.4e-05
0.004304 1.4e-05
0.004371 1.6e-05
0.004474 1.2e-05
0.004602 1.7e-05
0.004365 1.2e-05
0.004348 1.4e-05
0.004333 8e-06
0.004325 1e-05
0.004301 1.4e-05
0.004327 1.3e-05
0.004305 1.3e-05
0.004318 1.3e-05
0.004313 1.3e-05
0.004301 8e-06
0.004323 1.5e-05
0.004377 1.1e-05
0.006688 1.7e-05
0.007495 1.4e-05
0.007203 1.1e-05
0.006568 6e-06
0.007886 1.5e-05
0.004356 1.3e-05
0.004353 1.4e-05
0.004351 1.3e-05
0.004306 1e-05
0.004296 1.3e-05
0.004298 1.3e-05
0.004529 1.4e-05
0.004315 1.4e-05
0.004325 1e-05
0.004304 1.2e-05
0.004313 1e-05
0.004288 1.2e-05
0.004302 7e-06
0.00432 1.5e-05
0.004312 1.2e-05
0.00429 1.3e-05
0.004328 1.3e-05
0.004305 9e-06
0.003772 1.2e-05
0.004304 6e-06
0.00431 1e-05
0.00431 1.1e-05
0.004319 1.2e-05
0.004381 1.2e-05
0.004317 1.1e-05
0.004351 1.3e-05
0.004344 1.2e-05
0.004592 1.1e-05
0.004609 1.1e-05
0.004313 8e-06
0.004301 1.3e-05
0.004292 1.1e-05
0.004317 1.2e-05
0.0043 7e-06
0.004328 1.3e-05
0.004313 5e-06
0.004332 5e-06
0.004301 1.3e-05
0.004337 6e-06
0.0043 1.5e-05
0.004506 1.5e-05
0.006935 1.4e-05
0.004917 1.1e-05
0.00431 7e-06
0.004372 1.2e-05
0.004317 1.2e-05
0.004319 1.2e-05
0.004286 8e-06
0.004309 1.2e-05
0.004345 1.1e-05
0.004332 1.4e-05
0.005985 1.1e-05
0.005688 1.6e-05
0.004534 1.5e-05
0.004604 9e-06
0.004539 1.6e-05
0.004309 1.1e-05
0.004303 1.4e-05
0.004323 1.3e-05
0.003833 1e-05
0.004312 6e-06
0.004303 1.4e-05
0.004317 8e-06
0.004338 1.2e-05
0.004364 1.3e-05
0.004351 8e-06
0.004326 7e-06
0.0044 1.4e-05
0.004335 5e-06
0.004319 1.3e-05
0.00734 1.7e-05
0.004349 1e-05
0.004324 1.3e-05
0.004309 1.3e-05
0.004319 1.5e-05
0.004301 9e-06
0.004308 1.4e-05
0.00579 1.2e-05
0.004322 1.1e-05
0.007034 1.9e-05
0.008197 1.4e-05
0.007831 1.5e-05
0.008565 2.8e-05
0.004483 1.8e-05
0.004365 5e-06
0.004307 1.4e-05
0.004326 1.2e-05
0.004304 1.3e-05
0.00516 1.6e-05
0.004323 8e-06
0.00674 1.3e-05
0.008872 1.6e-05
0.004314 1.2e-05
0.004317 1.4e-05
0.004355 1.3e-05
0.00432 1.2e-05
0.004333 1.4e-05
0.004323 6e-06
0.003694 1.4e-05
0.004304 1.3e-05
0.004327 1.5e-05
0.004293 1.1e-05
0.004327 8e-06
0.004389 8e-06
0.004384 1.4e-05
0.004322 1.3e-05
0.004325 9e-06
0.004341 1.4e-05
0.004327 1.5e-05
0.004319 9e-06
0.004369 1.1e-05
0.004326 1.4e-05
0.004301 1.2e-05
0.004309 1.3e-05
0.004321 1.1e-05
0.004307 8e-06
0.004327 1.4e-05
0.004299 1.4e-05
0.004335 1.1e-05
0.004324 5e-06
0.004329 2.8e-05
0.004349 9e-06
0.004334 1.5e-05
0.00439 1.4e-05
0.004324 1e-05
0.004393 1.1e-05
0.004357 6e-06
0.004306 1.5e-05
0.004307 8e-06
0.004292 1.4e-05
0.004304 8e-06
0.00432 1.4e-05
0.004319 7e-06
0.004323 1.1e-05
0.004332 1.1e-05
0.004326 1.2e-05
0.005677 3e-05
0.007785 1.7e-05
0.00594 1.4e-05
0.004311 1.3e-05
0.004259 7e-06
0.003928 1.3e-05
0.004331 8e-06
0.004299 1.3e-05
0.004329 1.4e-05
0.004307 1.3e-05
0.006512 1.9e-05
0.004381 2.4e-05
0.006312 1.4e-05
0.007642 2e-05
0.005425 9e-06
0.004311 1.4e-05
0.004314 1e-05
0.004327 9e-06
0.004316 8e-06
0.004321 1.4e-05
0.004319 1.2e-05
0.004312 1.4e-05
0.004324 1.4e-05
0.004301 6e-06
0.004299 8e-06
0.004311 1.2e-05
0.004333 1.3e-05
0.004315 1.3e-05
0.00467 1.1e-05
0.004319 1.5e-05
0.004432 1.7e-05
0.004332 1.2e-05
0.004329 1.3e-05
0.004308 1.2e-05
0.004309 4e-06
0.00437 8e-06
0.004298 8e-06
0.004314 1.3e-05
0.004332 1.1e-05
0.007355 9e-06
0.00497 1.2e-05
0.004888 1.3e-05
0.005203 1.8e-05
0.005409 1.5e-05
0.004317 1.4e-05
0.004042 8e-06
0.004324 1e-05
0.0043 1e-05
0.004344 9e-06
0.004325 1.2e-05
0.004425 1.1e-05
0.004363 1.3e-05
0.004309 1.6e-05
0.004315 1.4e-05
0.004331 9e-06
0.004319 1.4e-05
0.004316 1e-05
0.004321 9e-06
0.004325 9e-06
0.004318 1.3e-05
0.004328 1.3e-05
0.004301 1.3e-05
0.004317 1.1e-05
0.004314 1.2e-05
0.004327 1.3e-05
0.004301 1.3e-05
0.00431 8e-06
0.004445 1.5e-05
0.004314 1.1e-05
0.004342 1.5e-05
0.004356 1.3e-05
0.004313 8e-06
0.004338 1.6e-05
0.004374 1e-05
0.004328 1.2e-05
0.004302 1.5e-05
0.004343 1.5e-05
0.004298 9e-06
0.004333 1e-05
0.004302 1.4e-05
0.004327 9e-06
0.004327 1.4e-05
0.004314 1e-05
0.004306 1.3e-05
0.00432 1.3e-05
0.006766 2.1e-05
0.004352 1.2e-05
0.004417 1.1e-05
0.004006 9e-06
0.0041 1.8e-05
0.004325 1.1e-05
0.004313 1.2e-05
0.004332 1.3e-05
0.004312 1.2e-05
0.004358 1.3e-05
0.004466 1.5e-05
0.004334 1e-05
0.004327 1.3e-05
0.004325 1.3e-05
0.004344 1.7e-05
0.004333 1.2e-05
0.004316 1.3e-05
0.004335 1.4e-05
0.004349 8e-06
0.004324 1.4e-05
0.004321 1.3e-05
0.00433 9e-06
0.004311 9e-06
0.004329 8e-06
0.004305 1.1e-05
0.004186 2.7e-05
0.004185 1.3e-05
0.004343 1.3e-05
0.004315 1.3e-05
0.004337 1.1e-05
0.004334 1.3e-05
0.004438 1.6e-05
0.004324 1.2e-05
0.00433 1.3e-05
0.004312 1.4e-05
0.004329 8e-06
0.004319 1.4e-05
0.00437 1.3e-05
0.004324 1.2e-05
0.004314 1.2e-05
0.004311 5e-06
0.004326 1.2e-05
0.004313 1e-05
0.004337 8e-06
0.004323 1.4e-05
0.004363 1e-05
0.004318 1.2e-05
0.004237 8e-06
0.003863 1e-05
0.004344 1.1e-05
0.004315 1.2e-05
0.004323 1.2e-05
0.004314 1.6e-05
0.00435 1.1e-05
0.00433 8e-06
0.00432 1.1e-05
0.004322 1.5e-05
0.004311 1.4e-05
0.00432 1.2e-05
0.004331 1.2e-05
0.004303 1.4e-05
0.004331 1.3e-05
0.004313 8e-06
0.004303 1.3e-05
0.0043 1.2e-05
0.004315 1.3e-05
0.00432 1.2e-05
0.004324 1.5e-05
0.004315 6e-06
0.004319 8e-06
0.004165 1.6e-05
0.004393 1.5e-05
0.004338 9e-06
0.004353 1e-05
0.004368 2.6e-05
0.004356 9e-06
0.004347 1e-05
0.004355 1.3e-05
0.00432 1.3e-05
0.004331 1.4e-05
0.004301 1.1e-05
0.004345 1.3e-05
0.004331 7e-06
0.004327 8e-06
0.004291 1.4e-05
0.004306 1.3e-05
0.004303 8e-06
0.00433 1.5e-05
0.004321 9e-06
0.004348 1e-05
0.004322 7e-06
0.004321 1.4e-05
0.004363 8e-06
0.004326 1.3e-05
0.004321 8e-06
0.00433 1e-05
0.004327 1.4e-05
0.004356 1.4e-05
0.004314 1e-05
0.004327 1.2e-05
0.004306 5e-06
0.004323 1.3e-05
0.004388 1.3e-05
0.004338 1.4e-05
0.004313 1.1e-05
0.004331 1.2e-05
0.004353 1.1e-05
0.004374 1.4e-05
0.004311 1.4e-05
0.00432 1.2e-05
0.004309 1.1e-05
0.004368 1e-05
0.004318 1.1e-05
0.004225 9e-06
0.00431 9e-06
0.004332 1.4e-05
0.00448 1.4e-05
0.004387 1e-05
0.004632 1.3e-05
0.004493 1.4e-05
0.004335 1.5e-05
0.004337 1.2e-05
0.004316 1.2e-05
0.004335 1.4e-05
0.004317 1.3e-05
0.004324 1.4e-05
0.004303 1.4e-05
0.004313 1.1e-05
0.004297 1e-05
0.004328 1.3e-05
0.004304 1.2e-05
0.004323 1.4e-05
0.005654 1.6e-05
0.00564 1e-05
0.004321 1.3e-05
0.004498 1.5e-05
0.004328 1.5e-05
0.004325 1.1e-05
0.004313 1.5e-05
0.004313 1.2e-05
0.004303 1.3e-05
0.00434 1.5e-05
0.004308 9e-06
0.004335 1.3e-05
0.004337 7e-06
0.004333 9e-06
0.004334 1.4e-05
0.00438 1.6e-05
0.00434 1.1e-05
0.004341 1e-05
0.004328 1e-05
0.004358 1.1e-05
0.004294 1.2e-05
0.004295 9e-06
0.004294 9e-06
0.004318 1e-05
0.004321 1e-05
0.004037 7e-06
0.004324 1e-05
0.00433 1.2e-05
0.004313 1.5e-05
0.004322 1.3e-05
0.004475 1.2e-05
0.004377 1.3e-05
0.004352 1.4e-05
0.004343 1.1e-05
0.004333 1e-05
0.004299 1.2e-05
0.004298 1e-05
0.004317 1.5e-05
0.004299 1.1e-05
0.004368 1.1e-05
0.004323 1e-05
0.004318 1.2e-05
0.004315 1.2e-05
0.004519 1.2e-05
0.004306 1.5e-05
0.004324 1.4e-05
0.004333 1.5e-05
0.003967 6e-06
0.004304 9e-06
0.004314 1.1e-05
0.004294 1.3e-05
0.004326 1.4e-05
0.004333 9e-06
0.004343 1.2e-05
0.00435 1.5e-05
0.004351 1.4e-05
0.004314 1.3e-05
0.004341 1.2e-05
0.004312 1.5e-05
0.004327 1.4e-05
0.004323 5e-06
0.004348 1.3e-05
0.004334 6e-06
0.004327 5e-06
0.004297 1.3e-05
0.004309 8e-06
0.004307 1.5e-05
0.00431 1.5e-05
0.00431 1.3e-05
0.004253 9e-06
0.005207 1.6e-05
0.004355 1.1e-05
0.004312 1.1e-05
0.004325 1.3e-05
0.004339 8e-06
0.004371 1.5e-05
0.004319 1.5e-05
0.004328 7e-06
0.004303 8e-06
0.004316 1.4e-05
0.004311 1.2e-05
0.004333 9e-06
0.004315 8e-06
0.004335 1.2e-05
0.004308 1.1e-05
0.00432 1.3e-05
0.004298 1.3e-05
0.004499 1e-05
0.004365 1.3e-05
0.004342 1.6e-05
0.004494 1.2e-05
0.004289 8e-06
0.004333 1.4e-05
0.004322 6e-06
0.004287 1.2e-05
0.004343 1.3e-05
0.004324 1.3e-05
0.00442 4e-06
0.004352 1e-05
0.004473 9e-06
0.004427 1.4e-05
0.004364 1.3e-05
0.004332 8e-06
0.004338 1.4e-05
0.004317 7e-06
0.004335 1.3e-05
0.0043 7e-06
0.004331 1.3e-05
0.0043 1.1e-05
0.004299 1.4e-05
0.00438 1.4e-05
0.004316 1.1e-05
0.004307 1.2e-05
0.004335 9e-06
0.004317 1.5e-05
0.004327 1.1e-05
0.004316 9e-06
0.004464 1.7e-05
0.004462 1.6e-05
0.004468 1.3e-05
0.004345 1.3e-05
0.004332 1.3e-05
0.004304 1.5e-05
0.004318 1.4e-05
0.004341 1.1e-05
0.004314 1.3e-05
0.004302 1.4e-05
0.004333 1e-05
0.004318 1.2e-05
0.00432 1.1e-05
0.00432 5e-06
0.004339 1.3e-05
0.004489 1.4e-05
0.00449 7e-06
0.004499 8e-06
0.003897 1.4e-05
0.004311 8e-06
0.004326 1e-05
0.004332 9e-06
0.004332 1.3e-05
0.004313 1.1e-05
0.00447 1.1e-05
0.004372 1.3e-05
0.004387 1e-05
0.004525 1.2e-05
0.00502 1.6e-05
0.004865 8e-06
0.004735 1.3e-05
0.004313 1.4e-05
0.004335 1e-05
0.004317 1.3e-05
0.004318 4e-06
0.004311 1.4e-05
0.004313 1.2e-05
0.004314 1.3e-05
0.0056 1.2e-05
0.003663 1.1e-05
0.00547 1.3e-05
0.005451 1.3e-05
0.004373 1.4e-05
0.004827 1e-05
0.004506 1.7e-05
0.004344 1.3e-05
0.004343 5e-06
0.00434 1.3e-05
0.004328 1.2e-05
0.004307 1.3e-05
0.004303 1.2e-05
0.004288 8e-06
0.004307 1.1e-05
0.004321 1.5e-05
0.004447 1.2e-05
0.004417 1.3e-05
0.004528 1.5e-05
0.004556 1.6e-05
0.004542 1.5e-05
0.004302 1.2e-05
0.00388 2.8e-05
0.004059 1.3e-05
0.004331 8e-06
0.004321 9e-06
0.004326 1e-05
0.004307 8e-06
0.004385 1.3e-05
0.004311 1e-05
0.00433 1.3e-05
0.004308 1.4e-05
0.004329 1.4e-05
0.00431 1.5e-05
0.005619 9e-06
0.004311 1.4e-05
0.004322 1.2e-05
0.00432 1.2e-05
0.004324 9e-06
0.004305 1.5e-05
0.004344 6e-06
0.004309 1.3e-05
0.004317 1e-05
0.004308 7e-06
0.00446 1.3e-05
0.004326 1.4e-05
0.00435 7e-06
0.004321 8e-06
0.00435 1.4e-05
0.00443 1.5e-05
0.00439 9e-06
0.004337 9e-06
0.004346 1.4e-05
0.004294 1.4e-05
0.004309 9e-06
0.004299 9e-06
0.004311 5e-06
0.004297 1.4e-05
0.004319 1.2e-05
0.004335 8e-06
0.004314 8e-06
0.004315 1.1e-05
0.004321 5e-06
0.004303 8e-06
0.004303 5e-06
0.004298 8e-06
0.004097 1.1e-05
0.004297 6e-06
0.004315 1.2e-05
0.004299 1.7e-05
0.004311 9e-06
0.00431 1.1e-05
0.004422 9e-06
0.005517 1e-05
0.004332 1.1e-05
0.004296 5e-06
0.004319 1.2e-05
0.004329 8e-06
0.004346 1.3e-05
0.004303 1.4e-05
0.00434 1.3e-05
0.005267 1.9e-05
0.005362 1.3e-05
0.004333 1.5e-05
0.004297 8e-06
0.004311 1.4e-05
0.004767 1.1e-05
0.004609 1.3e-05
0.004326 8e-06
0.004323 5e-06
0.004315 8e-06
0.004344 1.1e-05
0.004523 8e-06
0.004368 1.3e-05
0.004334 1.3e-05
0.004327 9e-06
0.004309 1.5e-05
0.004294 1.2e-05
0.004322 1.2e-05
0.004328 1.4e-05
0.004763 1e-05
0.00432 1.5e-05
0.004309 9e-06
0.004315 1.2e-05
0.004321 1.2e-05
0.004341 8e-06
0.004451 8e-06
0.00431 1.2e-05
0.004332 1.2e-05
0.003652 1e-05
0.004314 1.4e-05
0.004301 1.3e-05
0.004376 1.3e-05
0.004339 8e-06
0.004348 1.6e-05
0.004359 1e-05
0.004348 8e-06
0.004318 1.1e-05
0.004334 7e-06
0.00431 1.4e-05
0.004334 1.3e-05
0.004314 7e-06
0.004347 1.3e-05
0.004318 1.2e-05
0.004294 1.3e-05
0.004306 1.2e-05
0.00431 9e-06
0.004332 1.3e-05
0.004317 8e-06
0.004302 1.3e-05
0.004434 1.4e-05
0.004295 1.3e-05
