0.031742 2e-06

0.030736 2e-06

0.030741 2e-06

0.030533 1e-06

0.030618 1e-06

0.030532 3e-06

0.030541 2e-06

0.030827 3e-06

0.030456 2e-06

0.030636 2e-06

0.03074 1e-06

0.030675 3e-06

0.030792 2e-06

0.030618 2e-06

0.030646 2e-06

0.030654 1e-06

0.030675 1e-06

0.030711 2e-06

0.030802 2e-06

0.030634 2e-06

0.030781 2e-06

0.030681 2e-06

0.030641 3e-06

0.030772 3e-06

0.032215 3e-06

0.030748 2e-06

0.030974 2e-06

0.03068 2e-06

0.030691 2e-06

0.030945 2e-06

0.030751 2e-06

0.030785 3e-06

0.030844 3e-06

0.030829 2e-06

0.031139 3e-06

0.030774 2e-06

0.030871 2e-06

0.030946 1e-06

0.030839 2e-06

0.030839 1e-06

0.030854 2e-06

0.030921 2e-06

0.030891 3e-06

0.030877 4e-06

0.030815 2e-06

0.030885 4e-06

0.031077 2e-06

0.030857 2e-06

0.030942 4e-06

0.03082 2e-06

0.030929 1e-06

0.031101 2e-06

0.031049 2e-06

0.055784 4e-06

0.038373 3e-06

0.043055 2e-06

0.03262 3e-06

0.032143 3e-06

0.03221 3e-06

0.032257 2e-06

0.033486 3e-06

0.037758 3e-06

0.032718 2e-06

0.031376 3e-06

0.033352 4e-06

0.033304 2e-06

0.03274 3e-06

0.034398 4e-06

0.030844 3e-06

0.032374 2e-06

0.03088 2e-06

0.032839 4e-06

0.045792 4e-06

0.032092 3e-06

0.032721 3e-06

0.032 4e-06

0.032419 3e-06

0.031907 2e-06

0.036251 3e-06

0.047286 4e-06

0.040439 4e-06

0.032877 2e-06

0.03196 2e-06

0.031459 2e-06

0.032013 1e-06

0.032156 5e-06

0.031888 1e-06

0.032247 3e-06

0.033484 3e-06

0.033115 4e-06

0.034638 1e-06

0.033002 3e-06

0.032831 1e-06

0.032097 2e-06

0.031194 3e-06

0.030853 2e-06

0.03134 2e-06

0.033391 3e-06

0.032203 3e-06

0.032254 2e-06

0.031089 2e-06

0.031089 2e-06

0.032101 3e-06

0.044573 4e-06

0.033923 3e-06

0.033275 2e-06

0.03261 2e-06

0.031971 1e-06

0.032795 4e-06

0.032874 3e-06

0.031445 1e-06

0.031096 3e-06

0.030839 1e-06

0.031894 1e-06

0.03212 3e-06

0.032072 2e-06

0.031625 2e-06

0.032208 3e-06

0.031785 3e-06

0.031984 3e-06

0.031276 4e-06

0.031376 3e-06

0.032121 2e-06

0.031719 3e-06

0.031702 2e-06

0.031912 2e-06

0.031226 3e-06

0.031934 3e-06

0.031704 4e-06

0.030902 3e-06

0.032075 2e-06

0.031816 5e-06

0.031829 2e-06

0.030938 2e-06

0.030999 2e-06

0.032728 6e-06

0.032025 2e-06

0.031344 2e-06

0.037801 4e-06

0.033485 3e-06

0.03148 3e-06

0.045897 7e-06

0.032578 2e-06

0.033169 3e-06

0.033194 3e-06

0.031743 4e-06

0.031602 2e-06

0.030863 1e-06

0.031428 2e-06

0.031126 2e-06

0.03098 3e-06

0.030622 3e-06

0.030849 2e-06

0.03098 2e-06

0.0308 2e-06

0.030871 2e-06

0.0308 1e-06

0.031019 2e-06

0.031078 4e-06

0.031308 2e-06

0.031362 2e-06

0.030833 3e-06

0.031166 3e-06

0.031244 4e-06

0.031658 4e-06

0.031229 1e-06

0.03127 2e-06

0.031585 3e-06

0.031264 3e-06

0.030874 2e-06

0.030918 3e-06

0.030915 2e-06

0.033622 1e-06

0.0316 1e-06

0.032087 2e-06

0.031837 3e-06

0.033185 2e-06

0.031953 3e-06

0.031799 3e-06

0.03189 3e-06

0.031036 1e-06

0.031095 2e-06

0.032041 3e-06

0.032105 2e-06

0.031973 3e-06

0.032571 3e-06

0.031895 2e-06

0.031964 3e-06

0.032042 2e-06

0.034995 2e-06

0.031391 2e-06

0.033958 3e-06

0.032294 1e-06

0.032413 2e-06

0.032641 2e-06

0.032729 2e-06

0.032511 2e-06

0.032451 2e-06

0.034467 2e-06

0.034556 3e-06

0.032744 2e-06

0.032523 4e-06

0.033286 3e-06

0.034626 2e-06

0.031557 2e-06

0.032125 2e-06

0.032306 3e-06

0.031692 1e-06

0.032264 4e-06

0.032172 2e-06

0.031624 2e-06

0.031349 2e-06

0.031314 1e-06

0.033988 3e-06

0.032794 2e-06

0.031064 2e-06

0.031398 2e-06

0.031155 2e-06

0.031071 3e-06

0.031038 2e-06

0.031093 2e-06

0.031298 2e-06

0.032047 2e-06

0.056307 4e-06

0.034957 3e-06

0.033091 2e-06

0.036375 3e-06

0.033947 2e-06

0.03431 2e-06

0.034557 2e-06

0.033804 3e-06

0.033495 2e-06

0.034083 4e-06

0.034101 2e-06

0.033434 3e-06

0.033671 3e-06

0.03441 3e-06

0.050699 3e-06

0.033576 3e-06

0.035847 3e-06

0.033811 3e-06

0.032489 2e-06

0.031955 3e-06

0.032101 3e-06

0.035489 3e-06

0.032936 2e-06

0.031573 2e-06

0.031625 3e-06

0.031808 2e-06

0.031044 2e-06

0.032131 2e-06

0.0311 2e-06

0.031237 2e-06

0.033372 2e-06

0.031051 2e-06

0.031223 3e-06

0.031214 3e-06

0.031038 2e-06

0.031094 2e-06

0.031288 2e-06

0.031052 3e-06

0.031013 2e-06

0.031058 2e-06

0.032326 1e-06

0.031362 2e-06

0.031003 2e-06

0.031087 3e-06

0.033971 3e-06

0.031494 3e-06

0.031074 2e-06

0.031284 1e-06

0.030969 2e-06

0.031187 2e-06

0.030783 1e-06

0.031073 3e-06

0.03102 2e-06

0.031046 2e-06

0.031099 3e-06

0.032081 3e-06

0.031068 3e-06

0.03117 1e-06

0.030991 2e-06

0.031686 2e-06

0.031186 3e-06

0.031256 2e-06

0.031048 2e-06

0.031021 3e-06

0.030981 2e-06

0.03137 2e-06

0.030994 2e-06

0.031316 2e-06

0.030936 1e-06

0.032667 3e-06

0.030972 3e-06

0.031159 2e-06

0.030955 2e-06

0.031174 1e-06

0.03136 3e-06

0.03095 2e-06

0.031104 2e-06

0.031014 2e-06

0.031871 2e-06

0.030944 2e-06

0.030939 2e-06

0.03157 3e-06

0.031005 3e-06

0.030944 2e-06

0.031522 2e-06

0.031078 2e-06

0.031075 3e-06

0.031299 4e-06

0.03262 2e-06

0.031246 2e-06

0.031413 3e-06

0.031401 2e-06

0.032509 3e-06

0.031144 2e-06

0.031604 1e-06

0.031177 2e-06

0.031135 3e-06

0.031258 2e-06

0.031332 2e-06

0.031024 4e-06

0.03119 2e-06

0.031221 3e-06

0.031444 2e-06

0.031956 3e-06

0.034167 3e-06

0.031391 3e-06

0.031097 3e-06

0.031518 2e-06

0.031038 3e-06

0.031067 2e-06

0.031051 1e-06

0.030916 1e-06

0.031116 3e-06

0.031242 3e-06

0.031179 2e-06

0.03081 2e-06

0.030924 3e-06

0.032631 2e-06

0.03123 4e-06

0.030999 2e-06

0.031368 3e-06

0.031439 3e-06

0.031361 2e-06

0.0311 2e-06

0.031196 3e-06

0.031051 1e-06

0.031384 4e-06

0.031079 3e-06

0.031083 3e-06

0.031215 3e-06

0.030964 2e-06

0.031048 3e-06

0.032217 3e-06

0.031054 2e-06

0.031139 1e-06

0.031191 2e-06

0.032352 3e-06

0.030996 2e-06

0.031151 2e-06

0.03112 3e-06

0.030993 3e-06

0.031033 3e-06

0.031441 1e-06

0.031423 3e-06

0.031352 2e-06

0.030957 2e-06

0.031317 2e-06

0.031077 1e-06

0.03121 2e-06

0.031173 2e-06

0.031281 2e-06

0.031206 2e-06

0.031205 1e-06

0.031309 2e-06

0.030947 2e-06

0.031865 2e-06

0.030948 2e-06

0.03099 1e-06

0.031002 2e-06

0.030993 2e-06

0.030971 2e-06

0.031416 3e-06

0.031057 3e-06

0.031259 2e-06

0.03096 3e-06

0.032547 2e-06

0.031273 2e-06

0.031406 3e-06

0.03104 2e-06

0.030949 3e-06

0.031126 1e-06

0.031022 1e-06

0.03133 2e-06

0.030871 3e-06

0.03109 2e-06

0.031328 2e-06

0.030993 2e-06

0.031111 3e-06

0.031197 2e-06

0.031352 2e-06

0.031786 2e-06

0.030973 2e-06

0.031131 2e-06

0.031131 2e-06

0.032395 3e-06

0.031074 3e-06

0.031141 1e-06

0.03115 3e-06

0.031437 3e-06

0.031152 4e-06

0.031459 3e-06

0.031154 2e-06

0.031098 2e-06

0.031071 2e-06

0.032635 2e-06

0.031353 2e-06

0.031286 2e-06

0.03125 2e-06

0.031405 3e-06

0.031252 2e-06

0.031218 2e-06

0.031362 2e-06

0.031284 2e-06

0.031059 1.5e-05

0.031001 2e-06

0.031199 3e-06

0.031266 2e-06

0.031478 3e-06

0.031027 3e-06

0.031939 3e-06

0.031183 3e-06

0.031237 2e-06

0.031069 2e-06

0.031816 2e-06

0.030939 2e-06

0.031085 1e-06

0.030976 1e-06

0.031081 4e-06

0.030995 2e-06

0.031089 1e-06

0.031084 2e-06

0.031275 3e-06

0.031185 3e-06

0.032769 3e-06

0.03134 2e-06

0.030983 1e-06

0.031113 4e-06

0.030998 3e-06

0.031207 3e-06

0.031235 3e-06

0.031242 3e-06

0.030959 2e-06

0.03193 3e-06

0.031124 2e-06

0.031011 2e-06

0.031285 2e-06

0.031058 4e-06

0.031218 1e-06

0.031681 2e-06

0.031054 2e-06

0.031049 3e-06

0.031111 4e-06

0.032224 2e-06

0.031063 2e-06

0.031126 2e-06

0.031043 2e-06

0.03098 3e-06

0.031315 2e-06

0.031223 2e-06

0.031126 3e-06

0.033565 3e-06

0.031055 2e-06

0.031957 1e-06

0.031412 1e-06

0.030963 1e-06

0.030851 1.6e-05

0.03112 3e-06

0.03154 2e-06

0.031023 2e-06

0.031299 3e-06

0.031033 2e-06

0.032287 2e-06

0.031435 2e-06

0.031144 2e-06

0.031186 2e-06

0.031052 2e-06

0.0311 2e-06

0.031191 1e-06

0.03097 2e-06

0.031046 2e-06

0.03127 2e-06

0.032099 2e-06

0.031072 2e-06

0.031164 1e-06

0.033224 2e-06

0.031515 2e-06

0.031639 1e-06

0.031164 2e-06

0.031088 1e-06

0.030899 2e-06

0.031796 2e-06

0.031256 3e-06

0.031021 2e-06

0.031327 2e-06

0.031128 1e-06

0.031328 2e-06

0.032366 2e-06

0.031175 2e-06

0.031309 1e-06

0.031155 2e-06

0.031851 3e-06

0.030979 4e-06

0.03113 2e-06

0.031169 2e-06

0.031065 3e-06

0.031113 3e-06

0.030882 1e-06

0.030865 3e-06

0.031483 2e-06

0.031338 3e-06

0.031202 1e-06

0.031143 3e-06

0.031208 2e-06

0.031487 2e-06

0.031039 3e-06

0.031482 3e-06

0.031206 2e-06

0.031211 2e-06

0.030929 2e-06

0.032242 2e-06

0.031065 1e-06

0.031257 3e-06

0.031189 3e-06

0.031204 2e-06

0.030913 2e-06

0.031464 2e-06

0.031055 2e-06

0.031048 3e-06

0.03103 2e-06

0.032711 3e-06

0.030964 2e-06

0.031368 3e-06

0.031377 4e-06

0.031255 2e-06

0.03121 2e-06

0.031229 3e-06

0.031287 3e-06

0.030952 3e-06

0.031336 3e-06

0.031128 3e-06

0.031045 3e-06

0.031365 2e-06

0.031699 2e-06

0.031189 3e-06

0.031955 3e-06

0.031175 3e-06

0.031241 3e-06

0.031026 2e-06

0.031363 2e-06

0.031329 2e-06

0.031048 1e-06

0.031218 3e-06

0.031079 3e-06

0.031091 2e-06

0.030899 1e-06

0.035267 2e-06

0.032026 2e-06

0.033002 3e-06

0.031887 4e-06

0.03206 3e-06

0.03193 2e-06

0.031694 4e-06

0.031982 5e-06

0.032847 2e-06

0.032015 2e-06

0.03205 2e-06

0.032008 3e-06

0.033444 1e-06

0.0321 3e-06

0.031398 3e-06

0.031951 2e-06

0.031116 1e-06

0.044167 3e-06

0.032081 3e-06

0.031968 3e-06

0.03734 4e-06

0.034562 2e-06

0.03703 3e-06

0.033132 3e-06

0.047834 5e-06

0.040843 4e-06

0.042791 4e-06

0.034418 4e-06

0.032553 4e-06

0.052336 3e-06

0.035721 2e-06

0.035391 4e-06

0.034752 4e-06

0.035596 2e-06

0.038958 2e-06

0.038515 5e-06

0.034819 3e-06

0.038942 3e-06

0.034353 2e-06

0.03842 3e-06

0.036584 5e-06

0.030992 1e-06

0.030985 2e-06

0.031167 2e-06

0.030832 3e-06

0.031005 2e-06

0.032255 2e-06

0.031037 2e-06

0.031125 2e-06

0.031016 2e-06

0.030998 4e-06

0.031005 3e-06

0.031128 3e-06

0.030918 1e-06

0.030836 2e-06

0.031114 2e-06

0.031504 2e-06

0.03095 2e-06

0.03091 2e-06

0.030955 2e-06

0.030974 2e-06

0.031007 2e-06

0.030988 3e-06

0.030959 1e-06

0.031247 2e-06

0.031685 3e-06

0.030816 2e-06

0.03089 3e-06

0.030938 2e-06

0.030804 2e-06

0.030882 2e-06

0.030682 2e-06

0.031365 4e-06

0.030946 2e-06

0.030878 4e-06

0.032015 3e-06

0.030779 4e-06

0.031512 2e-06

0.031089 2e-06

0.030908 2e-06

0.030937 2e-06

0.030974 2e-06

0.030817 2e-06

0.030821 3e-06

0.031032 3e-06

0.03103 2e-06

0.030918 3e-06

0.03127 2e-06

0.030922 2e-06

0.030924 2e-06

0.031048 2e-06

0.030885 2e-06

0.030832 1e-06

0.030839 1e-06

0.030986 1e-06

0.030984 1e-06

0.030857 1e-06

0.03171 2e-06

0.035785 3e-06

0.03234 2e-06

0.03115 2e-06

0.031808 1e-06

0.031073 2e-06

0.031049 4e-06

0.032686 1e-06

0.032124 3e-06

0.032141 3e-06

0.032165 1e-06

0.032173 2e-06

0.032398 2e-06

0.03233 2e-06

0.031683 3e-06

0.031842 2e-06

0.031296 3e-06

0.031032 3e-06

0.031868 2e-06

0.03129 2e-06

0.031752 2e-06

0.031493 2e-06

0.031144 3e-06

0.031476 2e-06

0.031974 2e-06

0.032006 3e-06

0.03289 2e-06

0.031287 3e-06

0.031851 2e-06

0.032844 2e-06

0.032412 2e-06

0.032475 3e-06

0.032265 2e-06

0.031252 1e-06

0.031013 3e-06

0.031037 3e-06

0.031703 1e-06

0.031411 2e-06

0.031134 2e-06

0.031221 4e-06

0.031035 2e-06

0.032595 1.1e-05

0.03215 3e-06

0.03269 2e-06

0.036588 2e-06

0.032028 2e-06

0.031976 1e-06

0.032587 2e-06

0.03173 2e-06

0.031628 3e-06

0.031356 2e-06

0.031068 4e-06

0.030971 1e-06

0.031252 2e-06

0.032062 2e-06

0.031345 3e-06

0.03159 3e-06

0.031908 2e-06

0.0322 4e-06

0.030969 2e-06

0.0313 3e-06

0.031075 2e-06

0.031629 3e-06

0.031727 3e-06

0.031515 3e-06

0.031242 3e-06

0.033181 2e-06

0.033145 4e-06

0.032929 3e-06

0.032896 2e-06

0.032749 3e-06

0.031139 2e-06

0.030986 2e-06

0.03223 1e-06

0.033264 3e-06

0.031219 2e-06

0.031302 3e-06

0.031644 2e-06

0.031913 2e-06

0.032429 3e-06

0.031844 4e-06

0.031291 1e-06

0.031409 2e-06

0.031127 2e-06

0.031133 2e-06

0.030816 3e-06

0.031023 2e-06

0.030916 3e-06

0.030992 2e-06

0.030918 3e-06

0.032253 2e-06

0.032362 2e-06

0.032629 2e-06

0.037784 2e-06

0.033654 2e-06

0.031393 2e-06

0.031448 4e-06

0.030923 2e-06

0.031131 2e-06

0.030844 2e-06

0.030862 2e-06

0.031208 4e-06

0.031135 2e-06

0.030915 2e-06

0.031585 1e-06

0.030922 2e-06

0.031026 3e-06

0.031027 2e-06

0.03091 2e-06

0.031354 4e-06

0.030955 2e-06

0.03236 2e-06

0.032505 2e-06

0.032139 4e-06

0.035727 4e-06

0.031064 2e-06

0.032969 3e-06

0.032016 2e-06

0.031129 2e-06

0.031086 3e-06

0.032116 2e-06

0.030812 1e-06

0.030852 2e-06

0.031159 3e-06

0.031417 2e-06

0.031086 4e-06

0.039564 2e-06

0.042154 3e-06

0.031618 2e-06

0.031596 3e-06

0.034088 2e-06

0.033024 2e-06

0.031289 2e-06

0.031165 3e-06

0.031975 2e-06

0.031082 3e-06

0.030983 2e-06

0.031093 2e-06

0.033839 2e-06

0.031393 1e-06

0.031688 2e-06

0.038864 2e-06

0.033487 4e-06

0.033289 2e-06

0.031676 1e-06

0.032395 3e-06

0.030915 2e-06

0.032151 3e-06

0.032792 2e-06

0.031269 2e-06

0.031099 2e-06

0.031258 1e-06

0.03134 2e-06

0.030983 1e-06

0.031041 2e-06

0.031137 2e-06

0.031042 3e-06

0.031802 4e-06

0.031348 2e-06

0.031926 2e-06

0.038281 2e-06

0.031965 2e-06

0.031518 2e-06

0.044009 2e-06

0.033205 3e-06

0.033881 3e-06

0.032744 2e-06

0.03106 2e-06

0.031016 4e-06

0.032422 2e-06

0.031319 3e-06

0.032142 3e-06

0.031356 2e-06

0.035263 5e-06

0.03173 4e-06

0.031744 2e-06

0.032904 3e-06

0.031156 1e-06

0.031071 2e-06

0.03122 3e-06

0.031289 3e-06

0.03111 3e-06

0.031703 4e-06

0.033686 3e-06

0.034312 5e-06

0.03236 2e-06

0.031409 2e-06

0.031225 2e-06

0.031169 2e-06

0.031963 1e-06

0.031791 2e-06

0.031563 2e-06

0.031088 2e-06

0.031575 1e-06

0.031184 2e-06

0.031553 2e-06

0.031097 2e-06

0.031707 2e-06

0.03139 1e-06

0.032015 3e-06

0.033114 2e-06

0.031548 3e-06

0.031224 2e-06

0.031113 2e-06

0.031082 2e-06

0.032758 3e-06

0.032967 2e-06

0.032879 2e-06

0.031138 2e-06

0.03229 1e-06

0.031538 3e-06

0.033493 4e-06

0.031338 2e-06

0.032604 4e-06

0.031096 2e-06

0.031536 2e-06

0.031094 3e-06

0.031681 2e-06

0.031815 2e-06

0.031365 2e-06

0.036288 3e-06

0.033628 2e-06

0.031072 2e-06

0.031801 3e-06

0.03119 2e-06

0.032306 2e-06

0.033989 3e-06

0.033236 3e-06

0.036996 6e-06

0.03169 4e-06

0.031506 2e-06

0.032228 4e-06

0.034818 3e-06

0.032017 2e-06

0.033751 3e-06

0.035743 2e-06

0.031879 3e-06

0.031362 1e-06

0.038964 2e-06

0.032375 3e-06

0.031186 3e-06

0.032245 2e-06

0.031475 2e-06

0.031646 3e-06

0.032296 3e-06

0.031108 3e-06

0.03123 3e-06

0.031167 2e-06

0.031128 2e-06

0.031499 2e-06

0.031176 2e-06

0.031 3e-06

0.031139 2e-06

0.031298 4e-06

0.048849 3e-06

0.032396 3e-06

0.032649 3e-06

0.031516 1e-06

0.032835 4e-06

0.031222 2e-06

0.031968 3e-06

0.03117 3e-06

0.031386 2e-06

0.031314 2e-06

0.031653 2e-06

0.030811 2e-06

0.031032 2e-06

0.03116 2e-06

0.031205 2e-06

0.031138 2e-06

0.031125 3e-06

0.031093 3e-06

0.031064 3e-06

0.031253 3e-06

0.031003 2e-06

0.031468 3e-06

0.03185 3e-06

0.032011 3e-06

0.031944 2e-06

0.032383 2e-06

0.032218 3e-06

0.032041 2e-06

0.032095 1e-06

0.031539 2e-06

0.033111 2e-06

0.032675 2e-06

0.031921 2e-06

0.031443 2e-06

0.03104 2e-06

0.032501 3e-06

0.03656 4e-06

0.032602 3e-06

0.032637 3e-06

0.032564 2e-06

0.032517 2e-06

0.032127 3e-06

0.031977 2e-06

0.031287 2e-06

0.032051 2e-06

0.032124 1e-06

0.031675 3e-06

0.032476 1e-06

0.03203 2e-06

0.032074 4e-06

0.032586 3e-06

0.032005 2e-06

0.032741 2e-06

0.032099 2e-06

0.03263 3e-06

0.031775 3e-06

0.031553 3e-06

0.034342 3e-06

0.031565 3e-06

0.032467 3e-06

0.031206 3e-06

0.03266 3e-06

0.032514 1e-06

0.03119 3e-06

0.03112 2e-06

0.031429 2e-06

0.031608 2e-06

0.033041 2e-06

0.03347 3e-06

0.032453 2e-06

0.031181 2e-06

0.031157 2e-06

0.033588 2e-06

0.032344 3e-06

0.031191 3e-06

0.030931 2e-06

0.031089 1e-06

0.031411 2e-06

0.03165 3e-06

0.031929 1e-06

0.031115 3e-06

