0.035279 1.4e-05
0.033447 1.3e-05
0.033985 1.4e-05
0.033963 1.6e-05
0.033958 1.5e-05
0.03391 1.4e-05
0.033962 8e-06
0.034489 1.5e-05
0.033963 1e-05
0.032693 8e-06
0.034242 9e-06
0.033906 1.2e-05
0.034111 1.6e-05
0.033907 1.4e-05
0.034264 1.1e-05
0.034339 1.4e-05
0.034127 1.3e-05
0.032753 1.6e-05
0.034337 1.8e-05
0.034065 1.9e-05
0.03425 1.8e-05
0.033952 1.5e-05
0.033943 1.6e-05
0.03474 1.6e-05
0.034062 1.6e-05
0.032479 1.5e-05
0.034234 1.4e-05
0.03403 1.5e-05
0.034181 1.6e-05
0.034144 1.5e-05
0.033994 1.6e-05
0.034577 1.8e-05
0.034502 1.7e-05
0.033312 1.8e-05
0.034189 1.8e-05
0.042605 1.4e-05
0.035014 1.7e-05
0.034089 1e-05
0.032514 1.5e-05
0.034234 1e-05
0.033992 1.4e-05
0.034346 8e-06
0.034159 1.4e-05
0.034056 1.4e-05
0.034615 1.5e-05
0.034367 1.1e-05
0.032903 8e-06
0.034221 1.2e-05
0.034204 1.5e-05
0.034104 1.4e-05
0.034187 1.2e-05
0.034038 1.1e-05
0.034583 1.7e-05
0.034074 1.3e-05
0.032633 1.5e-05
0.034285 1.3e-05
0.034062 1.4e-05
0.034025 1.6e-05
0.034275 1.5e-05
0.034094 1.5e-05
0.03501 1.2e-05
0.034399 1.3e-05
0.03352 1.3e-05
0.034103 1.5e-05
0.03399 1.2e-05
0.034588 1.7e-05
0.034131 1.3e-05
0.033141 1.4e-05
0.034202 1.3e-05
0.03413 1.3e-05
0.034139 1.3e-05
0.034152 1.6e-05
0.034151 1.4e-05
0.034666 1.4e-05
0.034043 5e-06
0.032447 9e-06
0.034811 1.3e-05
0.034156 1.3e-05
0.034282 1.1e-05
0.034182 1.4e-05
0.033234 1.6e-05
0.034054 1.3e-05
0.034019 1.6e-05
0.03437 1.6e-05
0.034291 1.2e-05
0.034787 1.7e-05
0.034574 1.9e-05
0.03402 1e-05
0.032688 1.6e-05
0.034928 1.6e-05
0.034105 1.5e-05
0.034389 1.1e-05
0.034166 1.6e-05
0.034176 1.6e-05
0.034872 1.9e-05
0.034049 1.5e-05
0.03314 1.8e-05
0.034183 1.6e-05
0.03424 1.7e-05
0.034127 1.6e-05
0.034349 1.4e-05
0.034159 7e-06
0.035747 1.6e-05
0.034273 1.4e-05
0.034043 1.7e-05
0.034331 1.7e-05
0.034152 1.4e-05
0.034416 1.5e-05
0.034211 6e-06
0.032708 9e-06
0.034231 1.4e-05
0.034356 1.5e-05
0.0343 1.7e-05
0.034123 1.1e-05
0.034094 1.3e-05
0.029409 1.7e-05
0.034093 1.4e-05
0.03453 1.6e-05
0.034119 1.4e-05
0.034661 1.7e-05
0.03468 1.6e-05
0.034112 1.6e-05
0.032805 1.1e-05
0.034323 1.4e-05
0.034382 1.2e-05
0.034238 9e-06
0.034039 1.3e-05
0.034206 1.4e-05
0.034947 1.5e-05
0.033974 1.4e-05
0.032847 1.1e-05
0.034233 1.3e-05
0.034145 1.1e-05
0.034368 1.3e-05
0.034054 1.4e-05
0.033234 2.9e-05
0.034679 1.3e-05
0.034387 9e-06
0.034383 1.1e-05
0.03413 1.3e-05
0.034241 1.4e-05
0.034795 1.4e-05
0.034252 1.1e-05
0.032087 1.6e-05
0.034475 1.3e-05
0.034077 1.2e-05
0.034645 1.1e-05
0.034013 1.5e-05
0.034141 1.2e-05
0.034784 7e-06
0.034211 1.3e-05
0.032133 1.3e-05
0.03407 1.3e-05
0.034125 1.7e-05
0.034305 1.7e-05
0.034459 1.2e-05
0.034117 1e-05
0.034704 1.5e-05
0.034121 1.3e-05
0.033487 1.5e-05
0.034272 1.6e-05
0.034135 1.3e-05
0.034459 1.8e-05
0.034073 1.4e-05
0.034191 1.3e-05
0.034878 1.1e-05
0.034322 1.4e-05
0.03295 1.3e-05
0.034401 1.6e-05
0.034228 1.4e-05
0.034599 1.6e-05
0.034144 1.3e-05
0.032096 1.5e-05
0.034287 1.2e-05
0.034083 1.4e-05
0.034171 1.5e-05
0.03415 1.3e-05
0.034243 1.3e-05
0.034838 1.6e-05
0.036464 1.4e-05
0.032272 1.5e-05
0.034752 1.2e-05
0.034157 8e-06
0.034324 1.3e-05
0.03415 1.3e-05
0.034249 1.4e-05
0.03463 1.2e-05
0.03424 1.3e-05
0.033666 1.1e-05
0.034237 1.3e-05
0.03574 1.3e-05
0.034659 1.6e-05
0.034182 8e-06
0.032261 9e-06
0.034847 2e-05
0.034488 1.4e-05
0.03412 1.2e-05
0.034196 1.2e-05
0.034094 1.2e-05
0.035031 1.3e-05
0.034121 1e-05
0.032889 1.4e-05
0.034286 1.1e-05
0.034833 1.7e-05
0.034427 8e-06
0.034158 1.2e-05
0.034124 1.3e-05
0.034676 9e-06
0.034194 7e-06
0.033909 1.6e-05
0.034122 8e-06
0.034115 1e-05
0.034684 2.4e-05
0.03425 1.5e-05
0.032443 1.2e-05
0.034336 1.4e-05
0.034201 1.7e-05
0.034274 1.1e-05
0.034136 1.4e-05
0.034287 1.3e-05
0.034761 2e-05
0.034207 1.5e-05
0.032347 1.8e-05
0.034394 1.2e-05
0.03417 1.6e-05
0.034657 1.7e-05
0.034146 1.5e-05
0.034163 1.3e-05
0.036545 1.2e-05
0.034164 1.4e-05
0.032915 1.7e-05
0.03419 8e-06
0.034051 1e-05
0.034561 2e-05
0.034249 1.4e-05
0.033668 1e-05
0.034491 1.7e-05
0.03444 1.5e-05
0.034865 1.2e-05
0.034202 1.5e-05
0.034115 1.4e-05
0.034586 1.7e-05
0.034128 8e-06
0.032828 1.1e-05
0.034905 7e-06
0.034129 1.4e-05
0.034355 1.7e-05
0.034173 1.6e-05
0.034169 1.4e-05
0.034692 1.6e-05
0.034337 1.5e-05
0.033272 1.4e-05
0.034218 1.1e-05
0.034132 1.3e-05
0.034711 1.4e-05
0.034172 1.5e-05
0.033671 3e-05
0.034222 1.4e-05
0.034142 1.3e-05
0.034158 1e-05
0.034571 1.4e-05
0.034193 1.4e-05
0.034775 1.4e-05
0.034265 1.2e-05
0.032433 9e-06
0.034294 1.3e-05
0.034175 8e-06
0.034143 1.3e-05
0.034018 1.3e-05
0.034282 1.1e-05
0.035069 1.6e-05
0.035107 1.5e-05
0.034225 1.6e-05
0.034399 1.4e-05
0.03416 1.4e-05
0.034666 1.6e-05
0.034249 1.4e-05
0.032475 8e-06
0.034169 1.3e-05
0.034641 1.4e-05
0.034296 1.2e-05
0.034171 1.2e-05
0.034306 1.3e-05
0.034845 1.3e-05
0.034169 1.3e-05
0.032686 1.2e-05
0.034392 1.4e-05
0.034251 1.1e-05
0.034333 1.6e-05
0.034197 1.3e-05
0.03405 9e-06
0.034352 1.5e-05
0.034185 1.3e-05
0.034514 1.3e-05
0.034377 9e-06
0.034391 1.1e-05
0.035275 1.6e-05
0.034353 1.3e-05
0.032704 8e-06
0.034303 1.3e-05
0.034064 1.3e-05
0.034499 1.3e-05
0.034123 1.4e-05
0.034246 1.6e-05
0.035525 1.5e-05
0.034351 7e-06
0.032436 1.1e-05
0.034352 1.1e-05
0.034356 1.3e-05
0.034316 1.2e-05
0.034244 1.5e-05
0.034232 1.3e-05
0.034721 1.4e-05
0.034328 1.4e-05
0.032323 1.4e-05
0.034285 1e-05
0.034185 1e-05
0.034654 1.9e-05
0.034247 1.6e-05
0.034128 1.2e-05
0.034853 8e-06
0.034167 1.2e-05
0.032585 1.6e-05
0.034174 1.2e-05
0.034292 1.3e-05
0.034473 1.5e-05
0.034167 1.5e-05
0.033521 1e-05
0.034219 1.3e-05
0.034164 1.2e-05
0.034448 1.6e-05
0.034153 1.6e-05
0.034084 9e-06
0.034815 7e-06
0.034031 1.4e-05
0.032902 1.6e-05
0.034265 1.4e-05
0.034268 9e-06
0.03468 1.5e-05
0.034467 1.1e-05
0.034154 1.4e-05
0.034782 1.2e-05
0.034203 1.5e-05
0.032229 1.2e-05
0.033952 1.3e-05
0.034101 1.1e-05
0.034452 1.4e-05
0.034262 1e-05
0.033566 1.5e-05
0.034318 1.6e-05
0.034084 1.2e-05
0.03465 1.5e-05
0.034353 1.5e-05
0.034236 1.6e-05
0.034903 1.9e-05
0.034777 1.3e-05
0.032424 1.5e-05
0.034347 1.2e-05
0.03423 1.2e-05
0.034311 1.4e-05
0.03433 1e-05
0.034421 1.3e-05
0.034801 1.6e-05
0.034172 1.5e-05
0.032503 1.3e-05
0.034299 1.5e-05
0.034208 1.2e-05
0.034156 1.6e-05
0.03435 1.3e-05
0.034161 7e-06
0.034996 1.3e-05
0.034166 1.4e-05
0.036327 1.9e-05
0.034398 1.3e-05
0.034161 1.5e-05
0.034373 1.6e-05
0.034221 7e-06
0.033771 1.1e-05
0.034466 1.5e-05
0.034298 1.2e-05
0.034407 1.4e-05
0.034236 1.4e-05
0.030342 1.1e-05
0.034433 1.4e-05
0.034447 1.4e-05
0.034376 1.4e-05
0.03419 9e-06
0.034808 1.6e-05
0.034202 1e-05
0.032411 1.1e-05
0.03427 1.1e-05
0.034209 1.4e-05
0.034429 1.7e-05
0.034195 7e-06
0.03397 1e-05
0.034288 1.2e-05
0.034439 1.4e-05
0.034701 1.4e-05
0.034196 1.3e-05
0.034102 1.3e-05
0.034774 1.7e-05
0.034366 1.4e-05
0.032736 2.8e-05
0.034243 1.3e-05
0.034175 1.2e-05
0.034715 1.6e-05
0.034128 1.5e-05
0.034291 1.4e-05
0.034874 1.4e-05
0.034261 1.5e-05
0.032802 1.7e-05
0.034208 1.1e-05
0.03427 1.4e-05
0.034374 1.6e-05
0.03504 6e-06
0.03411 9e-06
0.034623 1.4e-05
0.034233 1.3e-05
0.034444 1.3e-05
0.034296 1.4e-05
0.034191 1.3e-05
0.034798 1.6e-05
0.03415 1.5e-05
0.032776 1.6e-05
0.034335 1.5e-05
0.034164 1.4e-05
0.034458 1.8e-05
0.034271 1.7e-05
0.034273 1.7e-05
0.034922 1.3e-05
0.034095 1.5e-05
0.033146 2e-05
0.034301 1.4e-05
0.034238 1.5e-05
0.034437 1.4e-05
0.034144 1.3e-05
0.03428 9e-06
0.035095 1.3e-05
0.034217 7e-06
0.033498 1.6e-05
0.034482 1.8e-05
0.034123 1.4e-05
0.034566 1.5e-05
0.034176 8e-06
0.033507 1e-05
0.034221 9e-06
0.034269 8e-06
0.034261 1.6e-05
0.034266 1.5e-05
0.034223 1.3e-05
0.034709 1.5e-05
0.034214 1.3e-05
0.032652 1.5e-05
0.034496 1.5e-05
0.034202 8e-06
0.034357 1.4e-05
0.034792 1.4e-05
0.035207 8e-06
0.034987 1.4e-05
0.034341 9e-06
0.032796 9e-06
0.034193 1.3e-05
0.034276 1.2e-05
0.034478 1.5e-05
0.034345 9e-06
0.0339 3.1e-05
0.034542 1.2e-05
0.034262 1.1e-05
0.034347 1.4e-05
0.03421 1.4e-05
0.034123 7e-06
0.035129 1.6e-05
0.034197 1.2e-05
0.033885 1.5e-05
0.034184 1.5e-05
0.034369 1.3e-05
0.034422 1.3e-05
0.034179 1.1e-05
0.034266 1.3e-05
0.034864 1.5e-05
0.034171 1.4e-05
0.033526 1.7e-05
0.0342 1.4e-05
0.034117 1.2e-05
0.034462 1.6e-05
0.034368 1.3e-05
0.033355 1.1e-05
0.03437 1.4e-05
0.034586 9e-06
0.034329 1.3e-05
0.03425 1.2e-05
0.034245 7e-06
0.035625 2e-05
0.034268 1.1e-05
0.032497 1.4e-05
0.034297 1.1e-05
0.034203 1.3e-05
0.034401 1.9e-05
0.034222 9e-06
0.033954 1e-05
0.034384 1.3e-05
0.034461 1.5e-05
0.034598 1.2e-05
0.034337 1.4e-05
0.034144 1.1e-05
0.034685 1.3e-05
0.035077 1.1e-05
0.032548 7e-06
0.034377 1.4e-05
0.034196 1.2e-05
0.037009 1.5e-05
0.034132 7e-06
0.034201 1.5e-05
0.034968 1.6e-05
0.034516 1.3e-05
0.034777 1.3e-05
0.034287 1.6e-05
0.034097 1.5e-05
0.034421 1.3e-05
0.034248 1.4e-05
0.034229 1.3e-05
0.03491 1.4e-05
0.034202 7e-06
0.034473 1.7e-05
0.0342 1.4e-05
0.034159 1.2e-05
0.034797 1.5e-05
0.034203 8e-06
0.032993 1.5e-05
0.034305 1.2e-05
0.034224 1.1e-05
0.034291 1.5e-05
0.03458 1.5e-05
0.034196 1.4e-05
0.035101 1.8e-05
0.034153 1.4e-05
0.032868 1.3e-05
0.034259 1.4e-05
0.034123 1.2e-05
0.034459 1.6e-05
0.034282 1.3e-05
0.035293 3e-05
0.034885 1.5e-05
0.034165 1.4e-05
0.034084 9e-06
0.034374 1.4e-05
0.034169 7e-06
0.034601 1.5e-05
0.034199 1.1e-05
0.032625 1.3e-05
0.034416 1.5e-05
0.034077 1.4e-05
0.034299 1.7e-05
0.034409 1.5e-05
0.034294 1.3e-05
0.035125 1e-05
0.034127 1.4e-05
0.034098 1.7e-05
0.034681 1.5e-05
0.034109 1.5e-05
0.034726 1.5e-05
0.0341 1.6e-05
0.034097 1.5e-05
0.034917 1.4e-05
0.034191 1.4e-05
0.03351 1.5e-05
0.034112 7e-06
0.034446 1.5e-05
0.034629 1.8e-05
0.034171 1.2e-05
0.03237 3.1e-05
0.034277 1.8e-05
0.034279 7e-06
0.034245 1.4e-05
0.03407 1e-05
0.034192 1.2e-05
0.035059 1.8e-05
0.034252 1.2e-05
0.032746 1.6e-05
0.034258 1.3e-05
0.034619 1.5e-05
0.034252 1.6e-05
0.034232 1.2e-05
0.034324 1.4e-05
0.03502 1.3e-05
0.034255 1.2e-05
0.034284 1.4e-05
0.034323 1.5e-05
0.034095 1.2e-05
0.034867 1.7e-05
0.034184 1.2e-05
0.032768 1.8e-05
0.034269 1.2e-05
0.034355 1.4e-05
0.034395 1.2e-05
0.034154 1.4e-05
0.034084 1.1e-05
0.034845 1.4e-05
0.034214 1.6e-05
0.033011 1.4e-05
0.03413 1.1e-05
0.034138 1.5e-05
0.035118 1.3e-05
0.034285 1.6e-05
0.031909 8e-06
0.034217 1.3e-05
0.034458 1.5e-05
0.035226 1.4e-05
0.035003 1.6e-05
0.034306 1.3e-05
0.035018 1.3e-05
0.03435 1.1e-05
0.032931 1.3e-05
0.034332 1.4e-05
0.034192 1.4e-05
0.034618 1.3e-05
0.034283 1.4e-05
0.033597 1.1e-05
0.034272 1.3e-05
0.034291 1.3e-05
0.03462 1.5e-05
0.034247 1.3e-05
0.034117 1.4e-05
0.034998 1.7e-05
0.036891 1.7e-05
0.03311 1.3e-05
0.035754 1.6e-05
0.034374 1.4e-05
0.034661 1.3e-05
0.034306 1.4e-05
0.03395 1.5e-05
0.034348 1.4e-05
0.035611 1.6e-05
0.034566 1.8e-05
0.03427 1.4e-05
0.033617 2.6e-05
0.034358 1.3e-05
0.034396 1.3e-05
0.034771 1.5e-05
0.034261 1.5e-05
0.034466 1.4e-05
0.035512 1.7e-05
0.034318 1.2e-05
0.032615 1.3e-05
0.034143 8e-06
0.034435 1.3e-05
0.028146 2.9e-05
0.034388 1.3e-05
0.032878 1.4e-05
0.034705 9e-06
0.034191 1.4e-05
0.034406 1.2e-05
0.034216 1.5e-05
0.034204 9e-06
0.035306 1e-05
0.034424 1e-05
0.032679 1.4e-05
0.034314 1.4e-05
0.034323 1.3e-05
0.045083 1.3e-05
0.038231 1.3e-05
0.032317 1.6e-05
0.034176 1.3e-05
0.034444 1.3e-05
0.034735 1.8e-05
0.03448 1.4e-05
0.034092 2.8e-05
0.034585 1.5e-05
0.034297 1.4e-05
0.034485 1.3e-05
0.034222 1.5e-05
0.034371 1.3e-05
0.034862 1.3e-05
0.034228 1e-05
0.033437 1.3e-05
0.034448 1.4e-05
0.034622 1.4e-05
0.034233 1.4e-05
0.034953 1.4e-05
0.034447 1.4e-05
0.035175 1.4e-05
0.034013 1.4e-05
0.034816 1.5e-05
0.034242 1.4e-05
0.034293 1.4e-05
0.035204 1.6e-05
0.03438 1.4e-05
0.032979 5.4e-05
0.034375 1.4e-05
0.03439 1.3e-05
0.034336 1.4e-05
0.034379 1.4e-05
0.034062 1.3e-05
0.035092 1.2e-05
0.034347 1.2e-05
0.033031 1.4e-05
0.034253 1.4e-05
0.034191 1.2e-05
0.034537 1.2e-05
0.034435 1.4e-05
0.033569 3.1e-05
0.034206 1.4e-05
0.034224 1.4e-05
0.034534 1.3e-05
0.034284 1.5e-05
0.034502 1.4e-05
0.035234 1.6e-05
0.034466 1.4e-05
0.033052 1.1e-05
0.034326 1.2e-05
0.034297 1.4e-05
0.034421 1.8e-05
0.034446 5e-06
0.034194 2.9e-05
0.03438 1.4e-05
0.034507 1.3e-05
0.034654 1.5e-05
0.034208 1.4e-05
0.034162 1.2e-05
0.035404 1e-05
0.034198 1.6e-05
0.03379 9e-06
0.034263 1.1e-05
0.038046 1.6e-05
0.035693 1.8e-05
0.038166 1.5e-05
0.035807 1.7e-05
0.03501 1.5e-05
0.048508 2.5e-05
0.049052 2.1e-05
0.050786 1.7e-05
0.048386 2e-05
0.048789 2.2e-05
0.034124 1.3e-05
0.03417 1.1e-05
0.034229 1.4e-05
0.034117 1.3e-05
0.034391 1.3e-05
0.034438 1.4e-05
0.03337 9e-06
0.034282 1e-05
0.034144 1.4e-05
0.034215 1.5e-05
0.03431 1.5e-05
0.034169 1.3e-05
0.034793 1.6e-05
0.034146 1.5e-05
0.033337 1.5e-05
0.034716 1.4e-05
0.034099 1.5e-05
0.034273 1.6e-05
0.034647 8e-06
0.034314 4.3e-05
0.034848 1.4e-05
0.034227 1.5e-05
0.033477 1.6e-05
0.034622 1.6e-05
0.034297 9e-06
0.03495 1.1e-05
0.034483 1.3e-05
0.033795 1.8e-05
0.034464 7e-06
0.034201 1.4e-05
0.034224 1.4e-05
0.034293 1.3e-05
0.035063 1.3e-05
0.035016 1.5e-05
0.034264 7e-06
0.034228 1.6e-05
0.03436 1.5e-05
0.034178 1.3e-05
0.034851 1.8e-05
0.034304 1.4e-05
0.032996 1.6e-05
0.037688 1.4e-05
0.03413 1.4e-05
0.034878 1.4e-05
0.034578 1.6e-05
0.034268 1.5e-05
0.035041 1.7e-05
0.035132 1.4e-05
0.033298 1.5e-05
0.039327 1.7e-05
0.03444 1.2e-05
0.034943 1.4e-05
0.035225 1.8e-05
0.033524 1.4e-05
0.034325 1.2e-05
0.03801 1.1e-05
0.041814 1.5e-05
0.041189 1e-05
0.041827 1.8e-05
0.042709 1.8e-05
0.042759 1.8e-05
0.042868 1.6e-05
0.042947 2e-05
0.041348 1.4e-05
0.042678 1.9e-05
0.041227 1.1e-05
0.042091 1.9e-05
0.041434 9e-06
0.037487 1.7e-05
0.041294 1.6e-05
0.036806 1e-05
0.041288 1.5e-05
0.03986 2.9e-05
0.041329 1.7e-05
0.041279 1.5e-05
0.041736 2e-05
0.042078 1.7e-05
0.04276 1.9e-05
0.043247 1.2e-05
0.043479 2e-05
0.042441 1.9e-05
0.043334 1.8e-05
0.04145 1.4e-05
0.044644 2.1e-05
0.042649 1.7e-05
0.043335 2.3e-05
0.041923 1.7e-05
0.042428 1.5e-05
0.041651 1.4e-05
0.041682 1.7e-05
0.043082 1.7e-05
0.040807 1.6e-05
0.042076 1.7e-05
0.037818 1.4e-05
0.041378 1.6e-05
0.034417 1.8e-05
0.034401 1.1e-05
0.034246 9e-06
0.03466 1.3e-05
0.034534 1.4e-05
0.035175 1.1e-05
0.036574 1.4e-05
0.034385 1.5e-05
0.033051 1.2e-05
0.034474 1.4e-05
0.034173 1.3e-05
0.034673 1.5e-05
0.034284 1e-05
0.033175 2.3e-05
0.034224 1.2e-05
0.04408 2.1e-05
0.035539 2e-05
0.035378 1.7e-05
0.03675 1.4e-05
0.034243 1.3e-05
0.039344 1.1e-05
0.034656 1.1e-05
0.034096 1.5e-05
0.038969 1.7e-05
0.03481 1.8e-05
0.035463 2e-05
0.035099 1.4e-05
0.034131 1e-05
0.035293 1.4e-05
0.034821 1.6e-05
0.043824 2.5e-05
0.034786 1.7e-05
0.03765 1.6e-05
0.034988 1.8e-05
0.034424 1.4e-05
0.033016 1e-05
0.034147 1.2e-05
0.035712 2.3e-05
0.03429 1.4e-05
0.034446 8e-06
0.033307 1.4e-05
0.034319 1.4e-05
0.034404 9e-06
0.034268 1.1e-05
0.034331 1.4e-05
0.0342 1.5e-05
0.035718 1.5e-05
0.035545 1.6e-05
0.034161 1.8e-05
0.03412 1.4e-05
0.034299 1e-05
0.03478 1.6e-05
0.034335 1.4e-05
0.034087 2.7e-05
0.034523 1.4e-05
0.03476 1.3e-05
0.035888 2.1e-05
0.034566 1.5e-05
0.03418 1.4e-05
0.045934 1.6e-05
0.038801 1.6e-05
0.041549 1.5e-05
0.034437 1.5e-05
0.034989 1.7e-05
0.035093 1e-05
0.035362 1.7e-05
0.034236 1.5e-05
0.035089 1.9e-05
0.031528 1.5e-05
0.035889 1.6e-05
0.034342 1.3e-05
0.034254 1.5e-05
0.034337 1.2e-05
0.034849 1.6e-05
0.052114 2.1e-05
0.034937 1.8e-05
0.037977 1.2e-05
0.034604 4.4e-05
0.035211 1.2e-05
0.034491 1.4e-05
0.035635 1.6e-05
0.034318 1.6e-05
0.038778 9e-06
0.041642 1.5e-05
0.04142 1.9e-05
0.041212 1.9e-05
0.041217 1.4e-05
0.042961 1.7e-05
0.041903 1.4e-05
0.042878 1.6e-05
0.041318 1.8e-05
0.041974 1.7e-05
0.04128 1.3e-05
0.044193 1.8e-05
0.041174 1.7e-05
0.034514 1.7e-05
0.034452 1.4e-05
0.039096 1.6e-05
0.034936 1.7e-05
0.034421 1.4e-05
0.032056 1.5e-05
0.034428 1.5e-05
0.035102 9e-06
0.034291 1.1e-05
0.034118 1.5e-05
0.03429 1.3e-05
0.037441 1.8e-05
0.034146 1.4e-05
0.037057 1.8e-05
0.034782 1.6e-05
0.034134 1.9e-05
0.039264 1.3e-05
0.036754 1.6e-05
0.035258 1.9e-05
0.037426 1e-05
0.034277 1.2e-05
0.035384 1.4e-05
0.040829 2.1e-05
0.035066 1.3e-05
0.03448 2.3e-05
0.034329 1.5e-05
0.036498 1.7e-05
0.034382 1.1e-05
0.035419 1.5e-05
0.034553 1.2e-05
0.033129 1.6e-05
0.036732 1.8e-05
0.03639 1.7e-05
0.037393 1.7e-05
0.034514 1.4e-05
0.034196 1.1e-05
0.039633 1.5e-05
0.034713 1.7e-05
0.035359 1.8e-05
0.035143 1.4e-05
0.034221 1.2e-05
0.035187 1.2e-05
0.038004 1.2e-05
0.035003 1.5e-05
0.034145 1.8e-05
0.033686 1.7e-05
0.035564 7e-06
0.03447 1.7e-05
0.034881 1.3e-05
0.034666 1.4e-05
0.033741 1.5e-05
0.034483 1.5e-05
0.03464 1.7e-05
0.035671 1.1e-05
0.035387 1.6e-05
0.033035 1.3e-05
0.034305 1e-05
0.034535 1.4e-05
0.034996 1.4e-05
0.034851 1.5e-05
0.032279 3.1e-05
0.048116 2.4e-05
0.04842 1.7e-05
0.03509 1.8e-05
0.034406 1.7e-05
0.034363 1e-05
0.034178 1.3e-05
0.033647 1.3e-05
0.035108 1.6e-05
0.034289 1.7e-05
0.035171 1.5e-05
0.034199 1.4e-05
0.033992 1.5e-05
0.034714 1.8e-05
0.034205 1.5e-05
0.032531 1.6e-05
0.034321 1.3e-05
