0.001163 0.000259

0.001154 0.000339

0.001186 0.000336

0.001179 0.000305

0.001156 0.000394

0.001196 0.000251

0.001194 0.000283

0.001232 0.000247

0.001187 0.000295

0.001242 0.00027

0.001155 0.000382

0.001199 0.000387

0.001154 0.000252

0.001163 0.000507

0.001155 0.000179

0.001186 0.000266

0.001156 0.000325

0.001183 0.000351

0.001183 0.000434

0.001192 0.000288

0.00116 0.000363

0.001191 0.000185

0.001158 0.000324

0.001158 0.000325

0.001157 0.000206

0.001259 0.000252

0.001213 0.000304

0.00119 0.000344

0.00139 0.000375

0.001218 0.000275

0.001182 0.000278

0.001206 0.000386

0.001208 0.000353

0.001165 0.000472

0.001196 0.000343

0.001178 0.000471

0.001152 0.000372

0.001162 0.000369

0.001195 0.000404

0.001161 0.000464

0.00116 0.000473

0.001196 0.000422

0.001193 0.000372

0.001266 0.000391

0.001163 0.00037

0.001219 0.000359

0.001204 0.000398

0.001168 0.000371

0.001153 0.000341

0.001159 0.000419

0.001163 0.000483

0.001195 0.00038

0.001175 0.000407

0.001202 0.000193

0.001229 0.000492

0.00116 0.000493

0.001181 0.000395

0.001186 0.000481

0.00116 0.000279

0.001163 0.000376

0.001192 0.000258

0.001191 0.000372

0.001188 0.000503

0.00118 0.000417

0.001162 0.000334

0.001159 0.000262

0.001159 0.000422

0.001158 0.000511

0.001191 0.000265

0.001192 0.000344

0.001236 0.000302

0.001223 0.000262

0.001168 0.000352

0.001189 0.000425

0.001161 0.000363

0.001166 0.000271

0.001154 0.000457

0.001159 0.000448

0.001233 0.000275

0.001257 0.000414

0.001156 0.000262

0.001155 0.000367

0.001228 0.00036

0.001168 0.000315

0.001158 0.000231

0.001182 0.000458

0.001166 0.000449

0.001169 0.000441

0.001236 0.000353

0.001236 0.00024

0.00115 0.000401

0.001192 0.000336

0.001155 0.000279

0.001566 0.000478

0.0018 0.000481

0.001678 0.000221

0.001369 0.000204

0.001193 0.000428

0.001206 0.000342

0.001188 0.000378

0.00116 0.000479

0.001165 0.000416

0.001155 0.000398

0.001193 0.000335

0.001187 0.000315

0.001192 0.000357

0.00119 0.000231

0.001177 0.00042

0.001161 0.0004

0.001158 0.000401

0.001155 0.00031

0.001157 0.000452

0.001149 0.000408

0.001221 0.000378

0.001188 0.000214

0.00122 0.000304

0.001163 0.000302

0.001197 0.000255

0.001178 0.000341

0.001161 0.000182

0.001156 0.000265

0.001241 0.0003

0.001154 0.000171

0.00116 0.000436

0.001152 0.000447

0.001152 0.000202

0.001155 0.000424

0.001161 0.000353

0.00116 0.000427

0.001153 0.000367

0.001177 0.000329

0.001158 0.000329

0.001184 0.00021

0.00116 0.000481

0.001154 0.000268

0.001161 0.000359

0.001155 0.000285

0.001166 0.000405

0.001188 0.000315

0.001201 0.000354

0.001159 0.000273

0.001184 0.000435

0.001158 0.000244

0.001183 0.000259

0.001224 0.000444

0.001167 0.000435

0.001156 0.000256

0.001162 0.000349

0.001156 0.000287

0.001162 0.000273

0.001154 0.000207

0.00117 0.000409

0.001168 0.000352

0.001178 0.00031

0.001154 0.000463

0.00116 0.000488

0.001155 0.00025

0.001159 0.000297

0.001162 0.000237

0.001162 0.000321

0.001156 0.00041

0.00122 0.000321

0.001187 0.000376

0.001159 0.000424

0.001178 0.000376

0.00116 0.000319

0.001154 0.000222

0.001224 0.000304

0.001157 0.000446

0.001189 0.000325

0.001158 0.00033

0.001161 0.000284

0.001161 0.000361

0.001177 0.00033

0.001191 0.000409

0.001159 0.000246

0.001179 0.000338

0.001153 0.000328

0.001154 0.000324

0.001168 0.000288

0.001187 0.000469

0.001157 0.000493

0.001216 0.000299

0.001159 0.000234

0.001181 0.000385

0.001191 0.000448

0.001188 0.000354

0.001193 0.000287

0.001156 0.000413

0.001168 0.000424

0.001155 0.000466

0.001156 0.000376

0.001157 0.00044

0.00117 0.000354

0.001157 0.000416

0.001167 0.000285

0.001166 0.000212

0.001168 0.000472

0.00119 0.000308

0.00117 0.000309

0.001161 0.000406

0.001218 0.000374

0.001157 0.000198

0.001171 0.000363

0.001156 0.000448

0.001164 0.000343

0.001191 0.000463

0.001158 0.000348

0.001187 0.00032

0.001235 0.00034

0.001159 0.000296

0.001165 0.000404

0.001182 0.000303

0.001164 0.00038

0.001203 0.0003

0.001163 0.00022

0.001154 0.000319

0.001156 0.000202

0.001157 0.000431

0.001163 0.000238

0.001168 0.000311

0.001199 0.000342

0.001195 0.00023

0.001187 0.000362

0.001262 0.00032

0.001158 0.000364

0.001153 0.000363

0.001162 0.00042

0.001157 0.000417

0.001219 0.00035

0.001175 0.000347

0.001241 0.000332

0.001213 0.000355

0.001168 0.000357

0.001187 0.000259

0.001162 0.000339

0.001158 0.000323

0.001187 0.000258

0.001157 0.000421

0.00116 0.000364

0.001163 0.000389

0.001153 0.000355

0.001155 0.000257

0.001165 0.000275

0.001187 0.000392

0.001155 0.000285

0.001179 0.000305

0.00125 0.000439

0.001207 0.000286

0.001164 0.000427

0.001156 0.000296

0.001165 0.000259

0.001175 0.00031

0.001164 0.000506

0.00121 0.000321

0.001196 0.000488

0.001151 0.000258

0.001186 0.000465

0.00119 0.000219

0.001157 0.000256

0.001164 0.000163

0.001169 0.000421

0.001158 0.000269

0.001158 0.00024

0.001152 0.000287

0.001156 0.000248

0.001153 0.000403

0.001188 0.000396

0.001164 0.000307

0.001162 0.000435

0.001232 0.000444

0.001209 0.000226

0.001156 0.000319

0.001163 0.000281

0.001152 0.000377

0.001172 0.000379

0.001168 0.000358

0.001187 0.000418

0.001189 0.000363

0.001191 0.00028

0.001153 0.000387

0.001165 0.000368

0.001154 0.000189

0.001155 0.000285

0.001162 0.000322

0.00118 0.000271

0.001157 0.000357

0.001189 0.000291

0.001188 0.00042

0.001194 0.000475

0.001201 0.000322

0.001157 0.000376

0.001149 0.000351

0.001193 0.000333

0.00119 0.000299

0.001158 0.000337

0.001157 0.000311

0.001176 0.000349

0.001185 0.00027

0.001222 0.000475

0.001158 0.000439

0.001188 0.00032

0.001159 0.000429

0.001165 0.00033

0.001205 0.000398

0.001156 0.000322

0.001159 0.00024

0.001167 0.000332

0.001154 0.000236

0.001167 0.000265

0.001155 0.00019

0.001168 0.000455

0.001168 0.000226

0.001174 0.000383

0.001154 0.000294

0.001165 0.000244

0.001268 0.000313

0.001196 0.000375

0.001156 0.000338

0.001159 0.000292

0.001159 0.000235

0.001177 0.000407

0.001187 0.000452

0.001193 0.000192

0.00122 0.000297

0.001155 0.000391

0.001151 0.000213

0.001185 0.000463

0.001151 0.00034

0.001168 0.000308

0.001155 0.000248

0.001178 0.000251

0.001164 0.000353

0.001162 0.000243

0.001165 0.000407

0.001196 0.000225

0.00121 0.00028

0.001191 0.000327

0.001163 0.00027

0.001237 0.000437

0.001173 0.000401

0.001167 0.000385

0.001183 0.000344

0.001161 0.000334

0.001176 0.000437

0.001193 0.000356

0.001182 0.000372

0.001183 0.000453

0.00115 0.000246

0.001162 0.000425

0.001158 0.000446

0.001173 0.00051

0.001149 0.000438

0.001196 0.000438

0.001175 0.000414

0.001179 0.000272

0.00116 0.00046

0.001164 0.000264

0.001165 0.000207

0.001157 0.00037

0.001159 0.000244

0.001154 0.00028

0.001157 0.000249

0.00119 0.00022

0.001211 0.00045

0.001169 0.000381

0.001188 0.000348

0.001193 0.000302

0.001155 0.000451

0.001157 0.000262

0.001175 0.000372

0.001161 0.000236

0.001159 0.000272

0.001164 0.000315

0.001158 0.000346

0.001191 0.000264

0.001154 0.00032

0.00117 0.000392

0.001181 0.000328

0.001167 0.000315

0.001157 0.000427

0.001168 0.000291

0.001179 0.000338

0.001165 0.000462

0.001159 0.000299

0.001218 0.000334

0.001198 0.000462

0.001193 0.000241

0.001184 0.00047

0.001161 0.000412

0.001188 0.000453

0.001157 0.000331

0.001185 0.000384

0.001204 0.000205

0.00116 0.00032

0.001158 0.000344

0.001233 0.000333

0.001207 0.000375

0.001157 0.000333

0.001167 0.000233

0.001158 0.000233

0.001206 0.00039

0.00115 0.000419

0.001504 0.000455

0.001177 0.00034

0.001155 0.000337

0.001209 0.000284

0.001204 0.000369

0.001219 0.000279

0.001159 0.000355

0.001439 0.000396

0.001173 0.000459

0.00117 0.000348

0.001159 0.000266

0.001162 0.000213

0.001156 0.000478

0.00119 0.000461

0.001159 0.000172

0.001161 0.000342

0.001246 0.000184

0.001208 0.000259

0.001153 0.000363

0.001156 0.000322

0.001169 0.000325

0.00116 0.000239

0.00116 0.000245

0.001152 0.000272

0.001156 0.000381

0.001166 0.000476

0.001164 0.000294

0.001171 0.000326

0.001177 0.000474

0.001161 0.000461

0.001152 0.000209

0.001156 0.000217

0.001178 0.0002

0.001179 0.000329

0.001156 0.00029

0.001155 0.000442

0.001222 0.000277

0.00116 0.000355

0.001161 0.000279

0.001204 0.000358

0.001166 0.000368

0.001167 0.000219

0.001186 0.000447

0.001151 0.000284

0.001163 0.00042

0.001159 0.000304

0.001164 0.000255

0.001151 0.000431

0.0012 0.00039

0.001164 0.000314

0.001191 0.000254

0.001188 0.000459

0.001159 0.000323

0.001183 0.000287

0.001167 0.000393

0.001175 0.00029

0.001158 0.000157

0.001149 0.0003

0.001157 0.000348

0.001202 0.000318

0.001155 0.000377

0.001205 0.000375

0.001217 0.000445

0.001158 0.000294

0.001162 0.000381

0.00116 0.000374

0.001165 0.000377

0.001162 0.000286

0.001163 0.000329

0.001157 0.000434

0.001174 0.00036

0.001166 0.000422

0.001167 0.000286

0.001161 0.000299

0.001164 0.00027

0.001156 0.000187

0.001178 0.000465

0.001223 0.00036

0.001244 0.000309

0.001184 0.000343

0.001198 0.000239

0.001186 0.00037

0.001203 0.000264

0.001181 0.000382

0.001162 0.000233

0.001261 0.00029

0.001157 0.000291

0.001156 0.000431

0.001155 0.000425

0.001147 0.000327

0.001189 0.000324

0.001153 0.000423

0.001163 0.000416

0.001165 0.000321

0.001163 0.000445

0.001163 0.000193

0.001163 0.00045

0.001194 0.000462

0.001167 0.00022

0.001146 0.000366

0.001162 0.000409

0.001164 0.000266

0.001165 0.000326

0.001182 0.000374

0.001191 0.000251

0.001217 0.000265

0.001156 0.000363

0.00115 0.000231

0.001264 0.000272

0.001152 0.000255

0.001187 0.000333

0.001183 0.000362

0.00118 0.000285

0.001157 0.000232

0.001165 0.000335

0.001151 0.000402

0.001189 0.000306

0.001168 0.000269

0.001155 0.00021

0.00119 0.000251

0.001163 0.000387

0.001151 0.00023

0.001154 0.00021

0.001161 0.000298

0.001165 0.000319

0.001189 0.000294

0.001158 0.000433

0.001158 0.000424

0.001204 0.000405

0.001446 0.000502

0.001197 0.00036

0.001235 0.000285

0.001229 0.000312

0.001158 0.000377

0.001165 0.000414

0.001153 0.00043

0.001196 0.000435

0.001183 0.000289

0.001187 0.00025

0.001177 0.000373

0.001156 0.000405

0.001158 0.000295

0.001195 0.000331

0.001158 0.000356

0.001159 0.000286

0.001153 0.000249

0.00117 0.000432

0.001318 0.000239

0.001188 0.000247

0.001187 0.000293

0.001194 0.000475

0.001231 0.000338

0.001184 0.000314

0.001185 0.000303

0.001183 0.000309

0.001156 0.000328

0.001189 0.000418

0.001162 0.000276

0.001173 0.00041

0.001156 0.000214

0.00116 0.000238

0.001158 0.000386

0.00121 0.000329

0.001157 0.000386

0.001157 0.000215

0.001214 0.000297

0.001162 0.00049

0.00119 0.000294

0.001191 0.000291

0.001184 0.000308

0.001187 0.00034

0.001202 0.000378

0.001158 0.000347

0.001153 0.000234

0.00119 0.00051

0.001157 0.000271

0.001165 0.000394

0.001196 0.000398

0.001188 0.000357

0.001188 0.000246

0.001201 0.00033

0.001172 0.000364

0.001202 0.00043

0.001153 0.000271

0.001153 0.000379

0.001156 0.000415

0.001158 0.000423

0.001157 0.000285

0.001238 0.000329

0.00121 0.000284

0.001167 0.000241

0.001178 0.000258

0.001184 0.000486

0.001185 0.000347

0.001159 0.000317

0.001152 0.00026

0.001181 0.000255

0.001154 0.000415

0.001188 0.000269

0.00119 0.000429

0.001216 0.000257

0.001159 0.000302

0.001155 0.000332

0.00115 0.000326

0.001193 0.000176

0.001154 0.000247

0.001161 0.000362

0.001151 0.000311

0.00119 0.000375

0.00116 0.000383

0.001151 0.0004

0.001236 0.000342

0.001183 0.000404

0.00117 0.000367

0.001162 0.000329

0.001184 0.000362

0.001183 0.000387

0.001157 0.000311

0.00121 0.000381

0.00118 0.000262

0.001197 0.000459

0.001194 0.000177

0.001202 0.000469

0.001168 0.000322

0.001164 0.000345

0.001162 0.000246

0.001185 0.000268

0.001158 0.000347

0.001165 0.000323

0.001161 0.00035

0.00116 0.000252

0.001185 0.00032

0.001163 0.00039

0.001209 0.000348

0.001222 0.000424

0.001182 0.000388

0.001438 0.000464

0.001188 0.000471

0.001188 0.000403

0.00121 0.000327

0.001213 0.000465

0.001166 0.000439

0.00123 0.000347

0.001173 0.000341

0.001192 0.000243

0.001212 0.000513

0.001196 0.000232

0.001194 0.00028

0.001225 0.000286

0.001289 0.000287

0.001168 0.000234

0.001156 0.000352

0.00116 0.000384

0.001172 0.000219

0.001158 0.00023

0.001158 0.00048

0.001308 0.000379

0.001185 0.000232

0.001183 0.000348

0.001207 0.000219

0.001188 0.00028

0.001166 0.000321

0.001194 0.000343

0.001157 0.000309

0.001163 0.000231

0.001186 0.000303

0.001154 0.000408

0.001155 0.000435

0.001209 0.000315

0.001258 0.000417

0.001213 0.00019

0.001188 0.000416

0.001211 0.000315

0.001256 0.000388

0.001159 0.000326

0.001154 0.000278

0.001254 0.000338

0.001153 0.000335

0.001156 0.000292

0.001183 0.000311

0.001156 0.000347

0.001185 0.000355

0.00116 0.000222

0.001158 0.000296

0.001157 0.000189

0.001218 0.000408

0.001189 0.000236

0.001161 0.000362

0.001182 0.000306

0.001191 0.000287

0.001189 0.000342

0.001291 0.00049

0.00119 0.000296

0.001182 0.000414

0.001194 0.000336

0.001208 0.000233

0.001195 0.000293

0.001194 0.000457

0.001155 0.000168

0.001167 0.000273

0.001158 0.000266

0.001162 0.000284

0.001161 0.000378

0.001219 0.000245

0.00116 0.000214

0.001164 0.000247

0.001154 0.000314

0.001165 0.000434

0.001191 0.000265

0.001184 0.000434

0.001254 0.00049

0.00119 0.000394

0.001241 0.000418

0.001189 0.000501

0.001202 0.000364

0.001238 0.000447

0.001192 0.000318

0.001152 0.000392

0.001201 0.000294

0.001156 0.000274

0.001155 0.0002

0.001156 0.000312

0.00116 0.000348

0.001156 0.000366

0.001159 0.000209

0.001198 0.000502

0.00119 0.00045

0.001183 0.000354

0.001162 0.000423

0.001157 0.000448

0.001158 0.000277

0.00115 0.000322

0.001194 0.000276

0.001242 0.000285

0.001197 0.000313

0.001151 0.000323

0.001197 0.000269

0.001212 0.000378

0.001255 0.000399

0.001205 0.000303

0.001196 0.000368

0.001195 0.00023

0.001186 0.000359

0.001181 0.000395

0.001171 0.000307

0.001219 0.000262

0.0012 0.000281

0.001194 0.000365

0.001268 0.000357

0.00116 0.000278

0.001162 0.000276

0.001181 0.000404

0.001155 0.000344

0.001185 0.000343

0.001187 0.000434

0.001182 0.000316

0.001247 0.00044

0.001189 0.000239

0.001226 0.000216

0.001208 0.000401

0.001197 0.000325

0.00119 0.000226

0.001183 0.000342

0.001158 0.000464

0.001165 0.000258

0.001161 0.000296

0.001155 0.000301

0.001158 0.000462

0.001165 0.000459

0.001188 0.000219

0.001169 0.000242

0.001204 0.000232

0.001168 0.000151

0.001212 0.000288

0.00116 0.00046

0.001176 0.000241

0.001185 0.000291

0.001153 0.00022

0.001157 0.000433

0.001204 0.000457

0.001195 0.000448

0.001217 0.000366

0.001203 0.000412

0.001163 0.0004

0.001164 0.000308

0.001152 0.000354

0.001164 0.000298

0.001153 0.000381

0.00116 0.000317

0.001163 0.000387

0.00116 0.00025

0.001169 0.000349

0.001163 0.000364

0.001152 0.000332

0.001226 0.000362

0.001215 0.000356

0.001167 0.000411

0.001156 0.00047

0.001263 0.000293

0.001189 0.000214

0.001197 0.00031

0.001193 0.000338

0.001187 0.000362

0.001156 0.000262

0.00119 0.000313

0.001152 0.000343

0.001192 0.000384

0.001147 0.000497

0.001151 0.000253

0.001154 0.000383

0.001173 0.000268

0.001161 0.000267

0.001158 0.000276

0.001158 0.000395

0.001161 0.000189

0.001164 0.000353

0.001159 0.000427

0.001217 0.000304

0.001216 0.000289

0.001157 0.00036

0.001159 0.000243

0.00121 0.000407

0.001191 0.000387

0.001159 0.000395

0.001222 0.000227

0.001187 0.00047

0.001164 0.000276

0.001186 0.000238

0.001158 0.00024

0.00116 0.000361

0.001166 0.000475

0.001153 0.000467

0.001198 0.000208

0.001152 0.000454

0.001193 0.000353

0.001186 0.000327

0.001174 0.000263

0.001153 0.000249

0.001154 0.000274

0.001148 0.000255

0.001253 0.000276

0.001191 0.000244

0.001161 0.000449

0.001213 0.000277

0.001175 0.000408

0.001187 0.000265

0.00118 0.000253

0.00123 0.000283

0.001202 0.000411

0.001157 0.000332

0.00119 0.000366

0.001148 0.000254

0.001223 0.000348

0.001152 0.000462

0.001167 0.00036

0.001205 0.000285

0.001195 0.000197

0.00119 0.000175

0.001214 0.00028

0.001189 0.000279

0.001198 0.000472

0.001154 0.000393

0.001163 0.000335

0.001226 0.000215

0.001158 0.000459

0.001361 0.00027

0.001185 0.000237

0.001188 0.000364

0.001188 0.000356

0.00122 0.000286

0.001161 0.000238

0.00119 0.000454

0.001152 0.000405

0.001184 0.00046

0.001157 0.000457

0.001257 0.000472

0.001195 0.000244

0.001154 0.000322

0.001259 0.000479

0.001163 0.000283

0.001164 0.000339

0.001163 0.00043

0.001161 0.000425

0.00116 0.000437

0.001192 0.000383

0.001193 0.000287

0.001189 0.000289

0.001189 0.000291

0.001163 0.000234

0.001154 0.000364

0.001156 0.000419

0.001166 0.000336

0.00116 0.000348

0.00115 0.000407

0.001184 0.000389

0.001194 0.000438

0.001191 0.000407

0.001206 0.000367

0.001188 0.000272

0.001158 0.000311

0.001156 0.00022

0.001158 0.000333

0.001161 0.000354

0.001157 0.000252

0.001159 0.000311

0.001159 0.000348

0.001164 0.000305

0.001189 0.000327

0.001194 0.000344

0.001186 0.000312

0.001184 0.000396

0.001183 0.00038

0.001185 0.000401

0.001184 0.000357

0.001167 0.000293

0.001155 0.000465

0.001198 0.000393

0.001188 0.00029

0.001212 0.000452

0.001154 0.000372

0.001238 0.000351

0.001152 0.000389

0.001156 0.00024

0.001152 0.000252

0.001203 0.000376

0.001184 0.000429

0.001214 0.000242

0.001253 0.000324

0.001296 0.000292

0.001782 0.000423

0.001226 0.000331

0.001303 0.000437

0.00121 0.000441

0.001553 0.000492

0.001568 0.000301

0.001374 0.000454

0.001213 0.000441

0.001207 0.00033

0.001206 0.000469

0.001201 0.000334

0.001186 0.000337

0.001273 0.000468

0.001191 0.000455

0.001185 0.000157

0.001155 0.000342

0.001158 0.000418

0.001163 0.000478

0.001151 0.000418

0.001193 0.000424

0.001191 0.000292

0.001199 0.000403

0.001156 0.000357

0.001193 0.000399

0.001158 0.000275

0.001165 0.000334

0.001188 0.000217

0.001202 0.00034

0.001186 0.000447

0.001183 0.00044

0.001196 0.00026

0.001194 0.000192

0.001159 0.000227

0.001188 0.000474

0.001155 0.000205

0.001211 0.00025

0.001185 0.000311

0.001163 0.000206

0.001153 0.000239

0.001164 0.000255

0.001156 0.000435

0.001196 0.000286

0.001177 0.00042

0.001193 0.000444

0.001202 0.000448

0.001268 0.000256

0.001155 0.000194

0.001211 0.000339

0.001157 0.000322

0.001182 0.000477

0.001252 0.000304

0.001198 0.000246

0.001224 0.000455

0.001194 0.000212

0.001193 0.000292

0.001194 0.000316

0.001157 0.000182

0.001159 0.000373

0.001212 0.000317

0.001196 0.00024

0.00118 0.00038

0.001407 0.000296

0.001247 0.000382

0.001735 0.0003

0.001202 0.000474

0.001236 0.000453

0.001182 0.000357

0.001198 0.000398

