0.004166 1e-06

0.003874 1e-06

0.003833 1e-06

0.003919 1e-06

0.003916 1e-06

0.003924 1e-06

0.00391 1e-06

0.003836 1e-06

0.003859 1e-06

0.003853 1e-06

0.003811 2e-06

0.003865 0

0.003971 1e-06

0.004157 1e-06

0.003986 1e-06

0.003934 1e-06

0.00394 1e-06

0.003974 1e-06

0.003947 0

0.003874 1e-06

0.003905 1e-06

0.003905 1e-06

0.003893 1e-06

0.003891 0

0.003903 1e-06

0.003879 1e-06

0.003871 1e-06

0.003891 1e-06

0.003877 1e-06

0.003826 1e-06

0.003821 1e-06

0.003895 1e-06

0.004321 2e-06

0.004301 1e-06

0.00405 1e-06

0.003889 0

0.004003 1e-06

0.003852 0

0.003861 0

0.003869 1e-06

0.003987 1e-06

0.003897 1e-06

0.003848 1e-06

0.003831 1e-06

0.003889 1e-06

0.003838 1e-06

0.003841 1e-06

0.003952 1e-06

0.003899 1e-06

0.004035 2e-06

0.004005 1e-06

0.003878 2e-06

0.003885 1e-06

0.003934 1e-06

0.003868 1e-06

0.003829 0

0.003916 1e-06

0.004008 1e-06

0.003981 1e-06

0.00382 1e-06

0.003862 1e-06

0.003978 2e-06

0.004013 1e-06

0.003972 1e-06

0.003942 2e-06

0.00388 1e-06

0.003842 1e-06

0.003856 1e-06

0.003984 1e-06

0.003969 2e-06

0.003879 1e-06

0.003962 1e-06

0.00393 1e-06

0.00386 1e-06

0.003865 1e-06

0.003818 1e-06

0.003908 1e-06

0.003983 1e-06

0.003867 1e-06

0.003849 1e-06

0.003931 0

0.003918 1e-06

0.003878 1e-06

0.004044 1e-06

0.003931 1e-06

0.00537 3e-06

0.00553 2e-06

0.005193 1e-06

0.005444 3e-06

0.005642 2e-06

0.005843 2e-06

0.004091 1e-06

0.004151 2e-06

0.003986 1e-06

0.003979 2e-06

0.003983 1e-06

0.00411 3e-06

0.003978 1e-06

0.00398 1e-06

0.004028 2e-06

0.004177 1e-06

0.004023 2e-06

0.003958 1e-06

0.003898 2e-06

0.003995 1e-06

0.004015 2e-06

0.003936 1e-06

0.003983 1e-06

0.003896 2e-06

0.003907 1e-06

0.003933 2e-06

0.003974 1e-06

0.004084 1e-06

0.003987 2e-06

0.003878 1e-06

0.003908 1e-06

0.004032 1e-06

0.003991 1e-06

0.00393 1e-06

0.003846 1e-06

0.003931 1e-06

0.003931 1e-06

0.003887 1e-06

0.005205 3e-06

0.005731 5e-06

0.00525 2e-06

0.004146 2e-06

0.004021 2e-06

0.004123 2e-06

0.004621 2e-06

0.004075 1e-06

0.004006 2e-06

0.004045 2e-06

0.004047 1e-06

0.004021 2e-06

0.004 2e-06

0.004058 1e-06

0.004006 1e-06

0.003981 2e-06

0.004 1e-06

0.004212 3e-06

0.004903 3e-06

0.004095 2e-06

0.004005 1e-06

0.00402 1e-06

0.003998 1e-06

0.003986 1e-06

0.004035 2e-06

0.004003 2e-06

0.004013 1e-06

0.003974 2e-06

0.004013 1e-06

0.004002 1e-06

0.003918 2e-06

0.003895 1e-06

0.003945 1e-06

0.003953 1e-06

0.004007 2e-06

0.003883 1e-06

0.003912 2e-06

0.003946 1e-06

0.003995 2e-06

0.004021 1e-06

0.004175 1e-06

0.003857 1e-06

0.003884 1e-06

0.003861 1e-06

0.003975 1e-06

0.003896 2e-06

0.003836 1e-06

0.00395 1e-06

0.004203 2e-06

0.00441 2e-06

0.003964 2e-06

0.003966 1e-06

0.003918 1e-06

0.003969 1e-06

0.00398 1e-06

0.003861 1e-06

0.003892 1e-06

0.003916 2e-06

0.003882 1e-06

0.003932 1e-06

0.003862 1e-06

0.003848 1e-06

0.003824 1e-06

0.003886 1e-06

0.003989 2e-06

0.003983 1e-06

0.003886 1e-06

0.0039 1e-06

0.003868 1e-06

0.004061 1e-06

0.003871 1e-06

0.003934 1e-06

0.005492 6e-06

0.005292 2e-06

0.005143 1e-06

0.004428 2e-06

0.003953 1e-06

0.003882 1e-06

0.003987 1e-06

0.003846 1e-06

0.003997 1e-06

0.003898 1e-06

0.003961 1e-06

0.003883 1e-06

0.00388 0

0.003867 1e-06

0.003898 1e-06

0.003992 1e-06

0.003898 1e-06

0.00386 1e-06

0.003937 2e-06

0.004038 1e-06

0.003951 1e-06

0.003857 1e-06

0.003905 1e-06

0.004499 2e-06

0.004339 1e-06

0.003973 1e-06

0.00614 2e-06

0.005455 3e-06

0.005263 2e-06

0.00431 3e-06

0.003993 1e-06

0.003974 1e-06

0.004043 1e-06

0.003927 1e-06

0.003949 1e-06

0.003961 1e-06

0.003896 2e-06

0.003912 1e-06

0.00392 0

0.003923 1e-06

0.003837 1e-06

0.003921 1e-06

0.00389 1e-06

0.003857 1e-06

0.003847 0

0.003837 1e-06

0.003943 1e-06

0.003963 1e-06

0.004129 2e-06

0.003966 1e-06

0.003938 1e-06

0.003858 0

0.003906 1e-06

0.003862 1e-06

0.005832 2e-06

0.005966 4e-06

0.004112 2e-06

0.004209 2e-06

0.004059 1e-06

0.004001 1e-06

0.003865 1e-06

0.00393 1e-06

0.003957 1e-06

0.003965 1e-06

0.003844 1e-06

0.003863 1e-06

0.003939 1e-06

0.003955 1e-06

0.003849 1e-06

0.004293 1e-06

0.003862 1e-06

0.00392 1e-06

0.00384 1e-06

0.003893 1e-06

0.003946 2e-06

0.003927 1e-06

0.003885 1e-06

0.003908 1e-06

0.003924 1e-06

0.004239 1e-06

0.004001 1e-06

0.003983 2e-06

0.003979 1e-06

0.003923 1e-06

0.003933 1e-06

0.003859 1e-06

0.003872 1e-06

0.003887 0

0.003864 1e-06

0.0039 1e-06

0.003869 1e-06

0.00386 1e-06

0.003825 1e-06

0.003889 1e-06

0.003843 2e-06

0.003916 1e-06

0.004093 2e-06

0.004143 2e-06

0.004044 1e-06

0.005615 4e-06

0.004956 1e-06

0.004125 2e-06

0.004095 2e-06

0.003979 2e-06

0.003994 2e-06

0.004109 1e-06

0.004086 1e-06

0.004016 1e-06

0.003982 2e-06

0.003998 2e-06

0.004034 1e-06

0.004031 1e-06

0.003966 1e-06

0.004004 2e-06

0.003984 1e-06

0.00398 2e-06

0.004 2e-06

0.003888 1e-06

0.003867 1e-06

0.003949 1e-06

0.003971 1e-06

0.003949 1e-06

0.003882 1e-06

0.00393 1e-06

0.004008 1e-06

0.003975 1e-06

0.003901 1e-06

0.003917 1e-06

0.003997 1e-06

0.003855 1e-06

0.004003 2e-06

0.003924 1e-06

0.003937 1e-06

0.003836 1e-06

0.003951 1e-06

0.003912 1e-06

0.003947 1e-06

0.003849 1e-06

0.003933 2e-06

0.003884 1e-06

0.003902 1e-06

0.003827 1e-06

0.003923 1e-06

0.003939 1e-06

0.003935 1e-06

0.00388 1e-06

0.004 1e-06

0.003894 1e-06

0.004221 1e-06

0.003944 1e-06

0.003938 1e-06

0.003968 1e-06

0.003964 1e-06

0.003861 2e-06

0.003984 4e-06

0.004047 1e-06

0.003988 1e-06

0.003923 1e-06

0.004054 1e-06

0.003948 1e-06

0.003927 1e-06

0.003922 1e-06

0.003894 1e-06

0.003857 1e-06

0.003958 1e-06

0.003824 1e-06

0.003893 1e-06

0.003882 1e-06

0.003912 1e-06

0.003835 1e-06

0.003953 1e-06

0.003854 1e-06

0.003946 2e-06

0.00386 1e-06

0.003884 1e-06

0.003914 1e-06

0.00383 0

0.003827 1e-06

0.003881 1e-06

0.003906 1e-06

0.003813 1e-06

0.003859 1e-06

0.003853 1e-06

0.003879 2e-06

0.003861 1e-06

0.003878 1e-06

0.003877 1e-06

0.00402 1e-06

0.003894 1e-06

0.003837 1e-06

0.003877 2e-06

0.003935 2e-06

0.003901 1e-06

0.003943 2e-06

0.004112 2e-06

0.003905 2e-06

0.003969 2e-06

0.00393 1e-06

0.004039 1e-06

0.003949 0

0.003933 2e-06

0.003961 1e-06

0.004055 1e-06

0.003973 1e-06

0.003914 1e-06

0.004008 2e-06

0.004103 1e-06

0.004038 6e-06

0.003949 1e-06

0.003868 1e-06

0.003912 0

0.004008 2e-06

0.003878 1e-06

0.003907 1e-06

0.003845 2e-06

0.004028 1e-06

0.003893 1e-06

0.003844 1e-06

0.003993 1e-06

0.003901 1e-06

0.003966 1e-06

0.003943 1e-06

0.004056 1e-06

0.003985 1e-06

0.003896 1e-06

0.003839 1e-06

0.003919 1e-06

0.00393 1e-06

0.004102 1e-06

0.003863 1e-06

0.00384 1e-06

0.003849 1e-06

0.003836 1e-06

0.003987 1e-06

0.004032 1e-06

0.003957 1e-06

0.00393 1e-06

0.003908 1e-06

0.003868 1e-06

0.003922 1e-06

0.003907 1e-06

0.003936 2e-06

0.003916 2e-06

0.003883 1e-06

0.004103 2e-06

0.003909 1e-06

0.003941 1e-06

0.003912 2e-06

0.003879 1e-06

0.003926 1e-06

0.003992 2e-06

0.004 1e-06

0.00389 1e-06

0.003875 1e-06

0.003829 1e-06

0.003921 1e-06

0.003972 2e-06

0.003924 0

0.003849 1e-06

0.003917 1e-06

0.003831 0

0.005194 3e-06

0.005905 2e-06

0.005662 2e-06

0.004014 1e-06

0.004106 1e-06

0.003982 1e-06

0.003894 1e-06

0.00397 1e-06

0.003889 1e-06

0.003936 1e-06

0.003935 1e-06

0.003962 0

0.00386 1e-06

0.003936 2e-06

0.003965 1e-06

0.004078 2e-06

0.003977 1e-06

0.003994 1e-06

0.003957 2e-06

0.003989 1e-06

0.003957 1e-06

0.00395 1e-06

0.003955 1e-06

0.003975 1e-06

0.00397 1e-06

0.004003 2e-06

0.003997 3e-06

0.003985 2e-06

0.003909 1e-06

0.003976 1e-06

0.003963 1e-06

0.003951 1e-06

0.003867 1e-06

0.004239 2e-06

0.004106 1e-06

0.003948 1e-06

0.003935 1e-06

0.003934 2e-06

0.003974 1e-06

0.003949 1e-06

0.003871 1e-06

0.004267 1e-06

0.004008 1e-06

0.003928 1e-06

0.003841 1e-06

0.003936 1e-06

0.004143 1e-06

0.003942 1e-06

0.003891 1e-06

0.003923 2e-06

0.004029 1e-06

0.003983 2e-06

0.003966 1e-06

0.003983 2e-06

0.003942 1e-06

0.003839 3e-06

0.003917 2e-06

0.004049 1e-06

0.004185 1e-06

0.003993 1e-06

0.003942 1e-06

0.003902 1e-06

0.003901 1e-06

0.003843 1e-06

0.003867 1e-06

0.003965 2e-06

0.00394 1e-06

0.004009 1e-06

0.003985 1e-06

0.003927 1e-06

0.003928 2e-06

0.003961 0

0.003872 1e-06

0.003852 1e-06

0.003844 2e-06

0.003921 1e-06

0.003863 1e-06

0.003868 1e-06

0.003951 1e-06

0.003889 2e-06

0.00391 2e-06

0.003874 1e-06

0.005717 2e-06

0.005408 2e-06

0.005618 2e-06

0.004169 1e-06

0.00419 2e-06

0.004124 1e-06

0.004533 1e-06

0.004058 2e-06

0.004039 1e-06

0.003976 2e-06

0.004028 1e-06

0.004147 1e-06

0.00424 2e-06

0.004066 1e-06

0.004026 2e-06

0.004086 1e-06

0.004056 2e-06

0.004048 2e-06

0.004343 1e-06

0.003976 1e-06

0.003985 2e-06

0.004035 1e-06

0.003995 1e-06

0.003988 1e-06

0.004004 2e-06

0.004031 2e-06

0.003977 1e-06

0.003995 1e-06

0.003898 1e-06

0.003873 1e-06

0.003945 1e-06

0.003961 1e-06

0.003881 1e-06

0.005427 2e-06

0.004755 2e-06

0.004204 3e-06

0.00407 2e-06

0.003912 1e-06

0.003866 1e-06

0.004011 2e-06

0.004105 1e-06

0.003987 1e-06

0.003965 1e-06

0.003926 1e-06

0.003859 1e-06

0.003912 1e-06

0.003849 1e-06

0.00391 0

0.003858 1e-06

0.003839 1e-06

0.003877 1e-06

0.003914 2e-06

0.00396 1e-06

0.00386 1e-06

0.003865 2e-06

0.004019 1e-06

0.003998 1e-06

0.003947 1e-06

0.003876 1e-06

0.004376 3e-06

0.005928 4e-06

0.004695 3e-06

0.004131 1e-06

0.004084 2e-06

0.004119 1e-06

0.003983 2e-06

0.00395 1e-06

0.003987 2e-06

0.004008 5e-06

0.003819 1e-06

0.003833 1e-06

0.003841 1e-06

0.003839 1e-06

0.003946 1e-06

0.003869 1e-06

0.003855 1e-06

0.003835 1e-06

0.003859 1e-06

0.003978 2e-06

0.003988 1e-06

0.003914 1e-06

0.003906 2e-06

0.003895 1e-06

0.00386 1e-06

0.003975 2e-06

0.003971 2e-06

0.004077 1e-06

0.00401 1e-06

0.00394 0

0.0039 1e-06

0.003885 1e-06

0.003936 1e-06

0.003861 2e-06

0.003883 1e-06

0.003864 1e-06

0.003907 0

0.003852 1e-06

0.003889 1e-06

0.003871 1e-06

0.004011 1e-06

0.003888 1e-06

0.003835 1e-06

0.003831 1e-06

0.003859 1e-06

0.003945 2e-06

0.003908 1e-06

0.004044 1e-06

0.004145 2e-06

0.004017 1e-06

0.00389 1e-06

0.003936 1e-06

0.004024 2e-06

0.003972 1e-06

0.004151 1e-06

0.00391 1e-06

0.003837 1e-06

0.003852 1e-06

0.003839 1e-06

0.003896 0

0.003867 1e-06

0.003934 1e-06

0.003888 2e-06

0.003895 1e-06

0.003985 1e-06

0.003953 2e-06

0.003841 1e-06

0.003975 1e-06

0.004019 1e-06

0.003961 2e-06

0.003991 1e-06

0.006113 3e-06

0.006194 4e-06

0.004152 1e-06

0.004107 1e-06

0.004059 1e-06

0.003985 2e-06

0.003967 2e-06

0.004165 2e-06

0.004068 2e-06

0.004093 1e-06

0.003968 1e-06

0.003972 2e-06

0.004074 1e-06

0.003971 1e-06

0.004001 1e-06

0.004119 3e-06

0.003984 3e-06

0.00402 1e-06

0.003995 1e-06

0.003863 1e-06

0.003827 0

0.003863 1e-06

0.00394 1e-06

0.003893 1e-06

0.003997 1e-06

0.004137 1e-06

0.004051 2e-06

0.003995 2e-06

0.003913 1e-06

0.003965 1e-06

0.00391 2e-06

0.004294 2e-06

0.003904 2e-06

0.003909 1e-06

0.003843 1e-06

0.003852 1e-06

0.003866 1e-06

0.003909 1e-06

0.003915 2e-06

0.00397 1e-06

0.003837 1e-06

0.003877 2e-06

0.003873 1e-06

0.003846 1e-06

0.003875 1e-06

0.003941 1e-06

0.003976 1e-06

0.004049 1e-06

0.003879 1e-06

0.003911 1e-06

0.003862 1e-06

0.00387 1e-06

0.003842 1e-06

0.003863 1e-06

0.003992 1e-06

0.003867 1e-06

0.003854 0

0.003878 1e-06

0.003857 1e-06

0.003858 1e-06

0.003929 1e-06

0.003896 1e-06

0.003987 1e-06

0.003893 1e-06

0.003886 1e-06

0.003866 1e-06

0.003882 1e-06

0.003972 1e-06

0.004764 1e-06

0.004005 2e-06

0.003964 1e-06

0.00389 2e-06

0.003933 2e-06

0.003932 2e-06

0.004037 2e-06

0.00395 1e-06

0.003885 2e-06

0.003984 1e-06

0.003905 1e-06

0.003977 1e-06

0.003929 1e-06

0.003921 1e-06

0.003976 1e-06

0.003939 1e-06

0.003977 1e-06

0.003954 1e-06

0.003956 1e-06

0.003949 1e-06

0.0039 2e-06

0.003918 2e-06

0.003855 1e-06

0.004013 1e-06

0.003911 1e-06

0.004068 2e-06

0.003892 1e-06

0.003877 1e-06

0.003842 1e-06

0.003961 1e-06

0.00396 1e-06

0.003866 1e-06

0.003846 1e-06

0.003933 1e-06

0.003844 1e-06

0.003947 1e-06

0.003866 1e-06

0.003904 1e-06

0.003883 1e-06

0.003884 1e-06

0.003876 1e-06

0.003952 1e-06

0.003925 1e-06

0.003852 1e-06

0.003913 1e-06

0.003903 1e-06

0.004049 1e-06

0.004035 1e-06

0.003917 1e-06

0.003914 1e-06

0.003878 1e-06

0.003915 0

0.003842 1e-06

0.004146 1e-06

0.003939 1e-06

0.003887 1e-06

0.003904 1e-06

0.003953 1e-06

0.003846 1e-06

0.00393 1e-06

0.003915 1e-06

0.003942 1e-06

0.003876 1e-06

0.00385 1e-06

0.003863 1e-06

0.003916 0

0.004027 2e-06

0.003943 1e-06

0.003837 1e-06

0.003962 2e-06

0.003847 2e-06

0.003868 1e-06

0.003907 1e-06

0.00389 1e-06

0.003846 1e-06

0.004616 2e-06

0.005561 2e-06

0.004296 2e-06

0.004141 1e-06

0.004006 2e-06

0.004023 1e-06

0.003996 2e-06

0.004059 2e-06

0.00406 1e-06

0.004081 2e-06

0.004021 2e-06

0.00409 1e-06

0.004497 5e-06

0.004353 1e-06

0.003987 2e-06

0.004071 1e-06

0.003981 1e-06

0.003871 1e-06

0.003902 1e-06

0.004062 1e-06

0.00396 1e-06

0.003912 1e-06

0.003841 1e-06

0.003926 1e-06

0.004029 1e-06

0.003993 1e-06

0.003967 1e-06

0.004049 1e-06

0.004101 1e-06

0.003908 1e-06

0.003931 1e-06

0.003906 1e-06

0.003851 1e-06

0.003864 1e-06

0.00401 1e-06

0.003945 1e-06

0.003888 0

0.003896 1e-06

0.003866 1e-06

0.003888 2e-06

0.003903 1e-06

0.00385 2e-06

0.003894 1e-06

0.003935 1e-06

0.004007 1e-06

0.003875 1e-06

0.003975 1e-06

0.004032 1e-06

0.004096 1e-06

0.003893 1e-06

0.003862 1e-06

0.003884 1e-06

0.003964 1e-06

0.003911 1e-06

0.004129 1e-06

0.004072 1e-06

0.004069 1e-06

0.003957 1e-06

0.003913 1e-06

0.003884 1e-06

0.003934 1e-06

0.003874 1e-06

0.003939 1e-06

0.003942 2e-06

0.004037 1e-06

0.004005 2e-06

0.003975 1e-06

0.003974 1e-06

0.003937 1e-06

0.003938 2e-06

0.003918 1e-06

0.003943 1e-06

0.00402 1e-06

0.003917 1e-06

0.003847 1e-06

0.003879 1e-06

0.003894 1e-06

0.003968 2e-06

0.005663 4e-06

0.005727 2e-06

0.004794 3e-06

0.004964 2e-06

0.004606 1e-06

0.004057 2e-06

0.00415 1e-06

0.004633 2e-06

0.003981 1e-06

0.003997 1e-06

0.004192 1e-06

0.004604 2e-06

0.00409 2e-06

0.003994 3e-06

0.003989 1e-06

0.003986 1e-06

0.003985 2e-06

0.004337 1e-06

0.003987 2e-06

0.00401 1e-06

0.004038 2e-06

0.004005 1e-06

0.00393 1e-06

0.003868 2e-06

0.003872 1e-06

0.003892 1e-06

0.00389 1e-06

0.003986 1e-06

0.004096 1e-06

0.004139 2e-06

0.003978 1e-06

0.003992 1e-06

0.003985 1e-06

0.004159 2e-06

0.005042 1e-06

0.005496 2e-06

0.004878 1e-06

0.004291 2e-06

0.004003 2e-06

0.004019 1e-06

0.004118 1e-06

0.003967 1e-06

0.00398 1e-06

0.003949 1e-06

0.003963 1e-06

0.003938 1e-06

0.003963 1e-06

0.003951 1e-06

0.003982 1e-06

0.004006 2e-06

0.003995 1e-06

0.003964 1e-06

0.004034 1e-06

0.003971 1e-06

0.003914 2e-06

0.003973 1e-06

0.003935 1e-06

0.003932 1e-06

0.003885 1e-06

0.00384 1e-06

0.005111 2e-06

0.006063 3e-06

0.0043 2e-06

0.004609 2e-06

0.00405 1e-06

0.004511 2e-06

0.003996 2e-06

0.003999 1e-06

0.004055 3e-06

0.004051 1e-06

0.003894 1e-06

0.003996 1e-06

0.003929 1e-06

0.003922 2e-06

0.00391 1e-06

0.003871 1e-06

0.00388 1e-06

0.003871 1e-06

0.003886 1e-06

0.003836 1e-06

0.003889 1e-06

0.003946 1e-06

0.003871 0

0.003871 1e-06

0.003869 0

0.003853 1e-06

0.004001 1e-06

0.003985 1e-06

0.00398 1e-06

0.003898 1e-06

0.003868 1e-06

0.003869 1e-06

0.003886 1e-06

0.003838 1e-06

0.003868 2e-06

0.004535 2e-06

0.003937 1e-06

0.003892 1e-06

0.003853 1e-06

0.003854 1e-06

0.003943 1e-06

0.00389 1e-06

0.00384 2e-06

0.003907 1e-06

0.003906 1e-06

0.00385 1e-06

0.003835 1e-06

0.00414 1e-06

0.003869 2e-06

0.003834 1e-06

0.003851 1e-06

