0.008369 0.000323

0.00856 0.000313

0.008355 0.000369

0.008332 0.000278

0.008916 0.000472

0.008966 0.000438

0.008854 0.000643

0.008756 0.000307

0.008543 0.00041

0.008696 0.00085

0.008738 0.000431

0.008743 0.000521

0.008556 0.000656

0.008585 0.000795

0.008812 0.0006

0.009908 0.00035

0.009595 0.000812

0.008566 0.000481

0.008706 0.000979

0.009156 0.000512

0.008989 0.000933

0.009612 0.001034

0.009517 0.001094

0.009605 0.000558

0.008661 0.000631

0.008488 0.000901

0.008545 0.000653

0.008513 0.000947

0.008645 0.00062

0.008718 0.000726

0.008742 0.000442

0.009809 0.000322

0.008943 0.000828

0.008542 0.00053

0.008722 0.000737

0.008594 0.000762

0.008603 0.000392

0.008424 0.000405

0.009499 0.000429

0.008414 0.000235

0.008384 0.000441

0.008347 0.00038

0.008408 0.000831

0.008328 0.000752

0.008411 0.000437

0.008684 0.000641

0.008606 0.000294

0.008515 0.000519

0.008578 0.000824

0.008567 0.000389

0.009318 0.000532

0.008538 0.000459

0.008628 0.000314

0.008575 0.000413

0.008497 0.000665

0.008452 0.000249

0.008883 0.000528

0.009115 0.000472

0.009129 0.000511

0.008834 0.000784

0.008555 0.000348

0.008921 0.000718

0.008834 0.000248

0.008608 0.000854

0.008552 0.00034

0.008617 0.00075

0.008405 0.000392

0.008598 0.00018

0.008359 0.000599

0.008644 0.000343

0.008684 0.000896

0.008511 0.000633

0.008315 0.000543

0.008373 0.00076

0.008309 0.000322

0.008299 0.000297

0.008328 0.000465

0.00837 0.00067

0.008352 0.000581

0.008341 0.000439

0.0083 0.000652

0.008325 0.000293

0.008476 0.000591

0.008486 0.00061

0.008357 0.000266

0.008426 0.000332

0.008758 0.000416

0.008848 0.000986

0.008502 0.000502

0.008472 0.000546

0.008446 0.000651

0.008383 0.000378

0.008317 0.000295

0.00851 0.000381

0.00841 0.0005

0.008427 0.0005

0.00836 0.000676

0.00847 0.00025

0.008679 0.00064

0.008577 0.000232

0.008527 0.000835

0.008506 0.000481

0.008447 0.000531

0.00832 0.000326

0.008417 0.000613

0.008411 0.00054

0.008389 0.000312

0.008344 0.00067

0.008332 0.00066

0.008358 0.000894

0.008327 0.000441

0.008377 0.000428

0.008305 0.000886

0.008395 0.000303

0.008448 0.000606

0.008451 0.000556

0.008485 0.000316

0.00838 0.000445

0.008317 0.00033

0.008347 0.000385

0.008514 0.000572

0.008274 0.000549

0.008341 0.000996

0.00843 0.000206

0.008373 0.000511

0.0083 0.000351

0.008442 0.000334

0.008491 0.000361

0.008267 0.000631

0.008352 0.000587

0.008394 0.000678

0.008357 0.000833

0.008291 0.0006

0.008293 0.000606

0.008375 0.000478

0.008269 0.000421

0.008321 0.000382

0.008339 0.000578

0.008297 0.000584

0.008409 0.00063

0.008376 0.000612

0.008263 0.000345

0.008281 0.000548

0.00845 0.000605

0.008278 0.000522

0.008352 0.000517

0.008321 0.000561

0.008327 0.000481

0.008501 0.00046

0.008373 0.000193

0.008358 0.00022

0.008277 0.000477

0.008392 0.000518

0.00833 0.000274

0.0085 0.000203

0.008672 0.001058

0.008544 0.000443

0.008641 0.000949

0.008561 0.000798

0.008436 0.000449

0.008344 0.00044

0.008479 0.000761

0.008569 0.000701

0.008614 0.000335

0.008604 0.000436

0.008782 0.000846

0.009026 0.000537

0.008828 0.000603

0.008553 0.000376

0.008819 0.000375

0.008757 0.000727

0.008568 0.000631

0.008516 0.000612

0.00857 0.00059

0.008576 0.000366

0.008578 0.0004

0.008656 0.000349

0.008684 0.000794

0.008763 0.000926

0.008734 0.000836

0.008558 0.000374

0.008588 0.001043

0.008789 0.001045

0.008744 0.000737

0.008718 0.000415

0.008356 0.000539

0.008469 0.000554

0.008394 0.000342

0.008494 0.00041

0.008335 0.000665

0.008422 0.000484

0.008297 0.000206

0.008518 0.00025

0.008397 0.000819

0.008289 0.000656

0.008449 0.000372

0.008385 0.000534

0.008589 0.000332

0.008557 0.000464

0.008553 0.000523

0.0087 0.000548

0.008505 0.000512

0.008686 0.000296

0.008536 0.000512

0.00863 0.000505

0.008586 0.000852

0.008565 0.000681

0.008573 0.000611

0.008825 0.00085

0.008916 0.00102

0.009525 0.000464

0.008561 0.000529

0.008732 0.00047

0.008742 0.000437

0.008674 0.000274

0.008571 0.000418

0.008419 0.000363

0.008321 0.000327

0.008471 0.000315

0.008446 0.000816

0.00855 0.000682

0.008714 0.000636

0.008542 0.000577

0.008512 0.000412

0.009616 0.000705

0.008528 0.000384

0.010043 0.000253

0.008387 0.000749

0.008529 0.000354

0.008317 0.000941

0.008301 0.000524

0.008536 0.000454

0.008618 0.000899

0.008646 0.000602

0.008524 0.000494

0.008665 0.00075

0.008546 0.000463

0.00858 0.00045

0.008651 0.000962

0.008556 0.000656

0.008595 0.000408

0.008435 0.000459

0.008394 0.000687

0.008326 0.00072

0.008339 0.000924

0.00837 0.000739

0.008359 0.000627

0.008389 0.000659

0.008462 0.00053

0.008372 0.000749

0.008295 0.000491

0.008341 0.000559

0.008355 0.00055

0.008386 0.000271

0.008309 0.000385

0.008319 0.000396

0.008366 0.000616

0.008301 0.000444

0.008273 0.000645

0.008445 0.000273

0.00855 0.00055

0.008582 0.000682

0.008527 0.000354

0.008589 0.000372

0.008624 0.000849

0.008664 0.000539

0.008691 0.000514

0.008557 0.000251

0.008617 0.000514

0.008644 0.000336

0.009198 0.000586

0.008585 0.001

0.008585 0.000562

0.008531 0.000628

0.008395 0.000407

0.008379 0.000561

0.008502 0.000498

0.008578 0.00049

0.008574 0.000951

0.008432 0.000936

0.008502 0.000628

0.008668 0.000716

0.008543 0.000328

0.008608 0.000425

0.008453 0.00075

0.008626 0.000512

0.008509 0.000682

0.008442 0.000498

0.008352 0.000615

0.008308 0.00066

0.008493 0.000818

0.008315 0.000578

0.008463 0.000948

0.008889 0.000583

0.008362 0.00055

0.00844 0.000639

0.008352 0.000465

0.008687 0.00059

0.008496 0.000826

0.008444 0.000827

0.008509 0.000784

0.008445 0.000281

0.0084 0.0005

0.008292 0.000714

0.008549 0.000942

0.008632 0.001224

0.008722 0.00075

0.008746 0.00034

0.008834 0.000678

0.008864 0.000453

0.008576 0.00044

0.008695 0.000343

0.008917 0.000821

0.008674 0.000329

0.008508 0.000633

0.008698 0.000322

0.00857 0.000779

0.008591 0.000828

0.008524 0.000631

0.008475 0.000305

0.008426 0.0004

0.008759 0.001035

0.008619 0.000547

0.008799 0.000404

0.008974 0.000644

0.008642 0.000366

0.00864 0.000643

0.008656 0.000521

0.008627 0.000388

0.008596 0.000644

0.008561 0.000738

0.008518 0.000593

0.008672 0.000463

0.008548 0.000632

0.008403 0.000828

0.008642 0.000913

0.00892 0.000791

0.008789 0.00066

0.008677 0.000616

0.008617 0.000437

0.008958 0.000447

0.008758 0.000887

0.008567 0.001003

0.008616 0.000558

0.008831 0.000737

0.008553 0.000689

0.008592 0.000624

0.0088 0.000525

0.009088 0.000286

0.010003 0.001037

0.009323 0.000986

0.010149 0.000565

0.008929 0.000586

0.008565 0.000242

0.009046 0.000654

0.008872 0.000258

0.008866 0.000531

0.008575 0.000254

0.008724 0.000383

0.008905 0.000979

0.008866 0.000987

0.00883 0.001315

0.008723 0.000518

0.008916 0.00056

0.008841 0.000604

0.00894 0.001099

0.009041 0.000754

0.009036 0.000751

0.008626 0.000781

0.008764 0.000648

0.008955 0.000829

0.008774 0.000622

0.008542 0.000997

0.00857 0.000372

0.008904 0.000678

0.008789 0.000663

0.00852 0.000459

0.008797 0.000803

0.008614 0.000513

0.009022 0.000741

0.008607 0.000706

0.008715 0.000818

0.008819 0.000794

0.008765 0.000482

0.008603 0.000989

0.008602 0.000572

0.008813 0.000402

0.00897 0.000805

0.008772 0.00058

0.008678 0.000827

0.008594 0.000595

0.008394 0.000533

0.008366 0.000235

0.008338 0.000789

0.00872 0.000283

0.009256 0.000863

0.008707 0.000392

0.00859 0.000948

0.008919 0.000297

0.009483 0.000474

0.008847 0.000728

0.008851 0.000285

0.008549 0.000395

0.00853 0.000511

0.008666 0.000803

0.008686 0.000423

0.008603 0.000465

0.008587 0.000794

0.00855 0.000476

0.008739 0.000931

0.008527 0.000723

0.008677 0.000659

0.00857 0.00042

0.00877 0.000634

0.008579 0.000376

0.008593 0.00029

0.008971 0.000314

0.008919 0.000423

0.008716 0.000544

0.008509 0.000509

0.0087 0.000393

0.008666 0.00055

0.008578 0.000831

0.008586 0.000546

0.008625 0.000556

0.008724 0.000425

0.008694 0.000575

0.008498 0.000953

0.008611 0.000764

0.009594 0.0009

0.00861 0.000911

0.008626 0.000423

0.00856 0.000567

0.008673 0.000312

0.008536 0.000719

0.008432 0.000787

0.008446 0.000786

0.008557 0.000365

0.008536 0.000353

0.008541 0.000451

0.008569 0.000521

0.008581 0.000865

0.009158 0.000595

0.008549 0.000346

0.008511 0.000807

0.008589 0.000614

0.008693 0.000525

0.008514 0.000456

0.008485 0.000639

0.008705 0.000592

0.009061 0.000751

0.008613 0.000253

0.008846 0.000548

0.008781 0.000451

0.008876 0.000461

0.008546 0.000715

0.008532 0.001058

0.008594 0.000851

0.009097 0.000852

0.008597 0.000954

0.00853 0.000517

0.009038 0.000479

0.008895 0.000425

0.009507 0.000987

0.008537 0.001154

0.009258 0.000247

0.008537 0.000553

0.00875 0.000657

0.008728 0.000774

0.008526 0.000821

0.008544 0.00083

0.00881 0.000627

0.008683 0.000206

0.008574 0.000417

0.008524 0.000357

0.010571 0.000643

0.010607 0.001139

0.008577 0.000197

0.009039 0.000812

0.008736 0.000678

0.009216 0.000994

0.008656 0.000715

0.008595 0.001091

0.008536 0.000487

0.008738 0.000341

0.0092 0.000577

0.008871 0.000706

0.008594 0.000699

0.008643 0.000483

0.008798 0.000274

0.008971 0.000322

0.009791 0.000519

0.009567 0.000396

0.008671 0.000859

0.008588 0.0005

0.008693 0.000585

0.009603 0.000551

0.008464 0.000628

0.008486 0.000564

0.008472 0.000538

0.008393 0.000505

0.008327 0.000527

0.008368 0.000545

0.008416 0.000709

0.008359 0.00058

0.008539 0.000498

0.008577 0.000478

0.008578 0.000304

0.008525 0.000685

0.008542 0.000299

0.008482 0.0003

0.008479 0.00028

0.008586 0.000635

0.008569 0.000367

0.008601 0.000366

0.008605 0.001009

0.008477 0.000459

0.008352 0.000466

0.008303 0.000692

0.008298 0.00086

0.00833 0.000549

0.008305 0.000246

0.008316 0.000467

0.008424 0.000694

0.008367 0.000397

0.00842 0.000326

0.008365 0.000677

0.008376 0.000695

0.008344 0.00079

0.0084 0.000614

0.008311 0.000319

0.009257 0.000319

0.008388 0.000562

0.008427 0.000627

0.008365 0.000482

0.008333 0.000241

0.008325 0.000278

0.008911 0.000401

0.008379 0.000703

0.008395 0.000531

0.008307 0.000728

0.00841 0.000518

0.008305 0.000424

0.008446 0.000309

0.008295 0.000437

0.008567 0.000415

0.008506 0.000853

0.008276 0.000559

0.00832 0.000304

0.008374 0.000324

0.008349 0.000364

0.008447 0.000641

0.008355 0.000607

0.008363 0.000288

0.00833 0.00081

0.008411 0.000251

0.008302 0.000904

0.008382 0.000458

0.00831 0.000329

0.008369 0.000317

0.008333 0.000467

0.008348 0.000289

0.008338 0.0007

0.008268 0.000302

0.008305 0.000657

0.008379 0.00059

0.008464 0.000796

0.008459 0.000533

0.008299 0.000438

0.008358 0.000613

0.008311 0.000911

0.008342 0.000482

0.008338 0.000597

0.008432 0.000777

0.008359 0.000355

0.008261 0.000406

0.008328 0.000781

0.008308 0.000412

0.008386 0.000833

0.00836 0.000345

0.008391 0.000551

0.008433 0.000404

0.008316 0.000841

0.008342 0.000383

0.008331 0.000352

0.008324 0.000469

0.008318 0.000277

0.008402 0.000855

0.008461 0.000411

0.008395 0.000477

0.008556 0.001019

0.008683 0.000938

0.009714 0.000577

0.0097 0.000743

0.009471 0.000675

0.00863 0.000498

0.008607 0.000922

0.008811 0.000591

0.008809 0.000317

0.009335 0.000864

0.009518 0.000529

0.010247 0.000584

0.00974 0.000482

0.009713 0.001047

0.008538 0.000641

0.008361 0.000567

0.008412 0.000958

0.00842 0.000683

0.008335 0.000873

0.008308 0.000594

0.00845 0.000218

0.008355 0.000402

0.008908 0.000887

0.008631 0.000481

0.008639 0.000778

0.008633 0.000708

0.008549 0.000462

0.008623 0.000315

0.008669 0.000957

0.008654 0.000358

0.008515 0.000351

0.008456 0.000441

0.008328 0.000613

0.008345 0.000394

0.008359 0.000523

0.008306 0.000551

0.008331 0.000637

0.008342 0.000618

0.008442 0.000305

0.008444 0.000584

0.008371 0.00032

0.008415 0.000751

0.008339 0.00036

0.008365 0.000555

0.008363 0.000487

0.009434 0.000582

0.008383 0.000497

0.008358 0.000911

0.008362 0.000162

0.008279 0.000697

0.008346 0.00076

0.008329 0.000857

0.008322 0.000922

0.008338 0.000493

0.008379 0.000502

0.008323 0.000754

0.008326 0.000493

0.008519 0.000602

0.008492 0.000362

0.008303 0.000339

0.008317 0.000301

0.008337 0.000843

0.008324 0.000511

0.008327 0.00088

0.008341 0.000364

0.008375 0.000324

0.008299 0.000359

0.008363 0.000426

0.008309 0.00038

0.008325 0.000687

0.008336 0.000658

0.0084 0.000622

0.008332 0.000489

0.008326 0.000744

0.008393 0.000695

0.008325 0.000723

0.008259 0.000802

0.008278 0.000337

0.00841 0.000905

0.008366 0.000217

0.008751 0.000937

0.008446 0.000296

0.00839 0.000405

0.008384 0.00075

0.008391 0.000241

0.008375 0.000445

0.008273 0.000339

0.008463 0.000932

0.008329 0.000349

0.008303 0.000496

0.00842 0.000323

0.008351 0.000354

0.008378 0.00053

0.008529 0.000831

0.008535 0.000652

0.0086 0.000246

0.008574 0.000554

0.008479 0.000721

0.008486 0.000361

0.008662 0.000317

0.008577 0.000534

0.008635 0.000659

0.008545 0.000843

0.008706 0.001003

0.008704 0.000527

0.008588 0.000202

0.008588 0.000702

0.008737 0.000597

0.008833 0.000622

0.008699 0.000361

0.008531 0.000322

0.008695 0.000249

0.008569 0.000968

0.008642 0.000363

0.008578 0.000393

0.008977 0.000464

0.00856 0.000813

0.008655 0.000634

0.008592 0.000981

0.008615 0.000415

0.008807 0.000601

0.008771 0.000967

0.008745 0.000996

0.008609 0.000965

0.008515 0.000555

0.008974 0.000478

0.008805 0.000745

0.008467 0.000395

0.008605 0.000739

0.008969 0.000665

0.00882 0.0006

0.008576 0.000271

0.00859 0.00047

0.008519 0.000696

0.008908 0.000557

0.008613 0.000263

0.008848 0.000334

0.008675 0.000526

0.008746 0.000664

0.008657 0.00069

0.008621 0.000443

0.008875 0.000439

0.008621 0.000781

0.008454 0.000964

0.00835 0.000475

0.008367 0.000937

0.00832 0.000492

0.008398 0.000404

0.008305 0.000239

0.00905 0.000394

0.008415 0.000406

0.008323 0.000504

0.008397 0.000331

0.008368 0.000517

0.008392 0.00064

0.00832 0.000609

0.008607 0.000808

0.008561 0.000497

0.008577 0.000676

0.008602 0.000532

0.008542 0.000625

0.008554 0.000655

0.008571 0.000522

0.008514 0.000793

0.008571 0.000681

0.008537 0.000311

0.008555 0.000519

0.008618 0.00038

0.00852 0.000328

0.008585 0.000661

0.008551 0.000413

0.008619 0.000438

0.008562 0.000764

0.008496 0.000944

0.008482 0.00087

0.008394 0.000729

0.008372 0.000573

0.008419 0.000475

0.008358 0.000308

0.008329 0.000795

0.008356 0.000591

0.00856 0.00066

0.008542 0.000363

0.008574 0.000508

0.008589 0.000408

0.008519 0.000779

0.008379 0.000799

0.008433 0.000482

0.008353 0.000565

0.008301 0.000572

0.008423 0.000492

0.008601 0.000998

0.00858 0.000416

0.008605 0.000382

0.00851 0.000475

0.008556 0.000338

0.008551 0.00044

0.008674 0.000671

0.008541 0.00038

0.008676 0.000754

0.00861 0.00038

0.008578 0.000654

0.008548 0.000591

0.008414 0.000935

0.008567 0.000335

0.008436 0.000555

0.008319 0.000434

0.008314 0.000629

0.008356 0.000531

0.008397 0.000829

0.008403 0.000898

0.008348 0.000385

0.008416 0.000508

0.008328 0.000317

0.008319 0.000738

0.008385 0.000475

0.008314 0.000512

0.008337 0.000584

0.008374 0.000453

0.008637 0.000837

0.008291 0.00083

0.008495 0.00081

0.008525 0.000432

0.008425 0.00031

0.008314 0.000596

0.008472 0.000429

0.008327 0.000405

0.008357 0.000882

0.008347 0.000463

0.008391 0.000774

0.008346 0.000461

0.009167 0.000516

0.008736 0.000672

0.008526 0.000403

0.008423 0.000408

0.008382 0.000414

0.008455 0.000391

0.008338 0.000278

0.008494 0.000462

0.008415 0.000397

0.008362 0.000555

0.00837 0.000575

0.008817 0.000589

0.008616 0.000411

0.008805 0.000733

0.009025 0.000775

0.008906 0.00043

0.008558 0.000714

0.008547 0.000459

0.009113 0.000986

0.008741 0.000571

0.008594 0.000552

0.008567 0.000659

0.008722 0.000312

0.008781 0.000498

0.008678 0.000536

0.008552 0.000896

0.008646 0.000869

0.008475 0.000511

0.008391 0.000702

0.008318 0.000201

0.008556 0.000552

0.008464 0.00091

0.008344 0.000583

0.008373 0.000415

0.008361 0.00037

0.008936 0.000554

0.008311 0.000672

0.008537 0.000394

0.009079 0.000846

0.010489 0.000724

0.012437 0.001069

0.008756 0.000649

0.009065 0.000647

0.008567 0.001029

0.008532 0.000471

0.00898 0.000386

0.008718 0.00044

0.008687 0.000616

0.008531 0.000531

0.008623 0.00045

0.008725 0.000696

0.008617 0.000586

0.008392 0.000793

0.008579 0.000729

0.008617 0.000654

0.008666 0.000459

0.008544 0.000212

0.008529 0.000674

0.008677 0.000345

0.008569 0.000714

0.008592 0.000554

0.008588 0.00054

0.009066 0.000745

0.00847 0.000578

0.0087 0.0008

0.008847 0.000489

0.008785 0.000451

0.009673 0.000575

0.009653 0.000413

0.008871 0.000545

0.008603 0.000747

0.008869 0.000413

0.008921 0.000323

0.009921 0.00073

0.009703 0.000426

0.009715 0.000484

0.009387 0.000331

0.008607 0.001053

0.008702 0.000566

0.009356 0.000499

0.008812 0.000327

0.008574 0.000435

0.008493 0.00092

0.008533 0.000709

0.008517 0.00036

0.008401 0.000728

0.008365 0.000494

0.008405 0.000604

0.008307 0.000421

0.008327 0.000873

0.008531 0.000323

0.008341 0.000575

0.008426 0.000582

0.008524 0.000343

0.008672 0.000782

0.008599 0.000716

0.008599 0.000967

0.008642 0.000434

0.008605 0.000551

0.008723 0.00038

0.008456 0.000571

0.008341 0.000924

0.008442 0.000761

0.008475 0.000751

0.008377 0.000407

0.008468 0.000631

0.008409 0.00067

0.008384 0.000571

0.008329 0.000694

0.008339 0.000487

0.008364 0.000539

0.008355 0.000886

0.008376 0.000742

0.008367 0.000568

0.008631 0.000261

0.008559 0.000535

0.008584 0.000929

0.008599 0.000838

0.008563 0.000569

0.008552 0.000852

0.008548 0.000325

0.008552 0.000287

0.008478 0.000319

0.008545 0.000656

0.008483 0.000725

0.008439 0.000936

0.008433 0.000515

0.008324 0.000621

0.008401 0.000728

0.008425 0.000555

0.008454 0.00092

0.008462 0.000946

0.008308 0.000499

0.008317 0.00021

0.008341 0.000816

0.008385 0.000593

0.008439 0.000337

0.008377 0.000369

0.008372 0.00029

0.008565 0.000325

0.008568 0.000476

0.008644 0.000522

0.008707 0.000555

0.008577 0.000682

0.008621 0.0009

0.008657 0.000347

0.008932 0.001011

0.008849 0.000653

0.008557 0.000679

0.008591 0.000483

0.009621 0.00035

0.009224 0.00042

0.008606 0.001074

0.008523 0.000516

0.008878 0.000336

0.008953 0.000985

0.008861 0.000701

0.008602 0.000837

0.008546 0.000296

0.009167 0.000349

0.008653 0.000437

0.008693 0.00041

0.008542 0.000414

0.008659 0.000572

0.008761 0.000618

0.008626 0.0008

0.008635 0.000431

0.008518 0.000924

0.008668 0.000672

0.008561 0.000482

0.008535 0.000725

0.008624 0.000421

0.008549 0.000831

0.008533 0.000629

0.008575 0.000484

0.008618 0.000317

0.008598 0.00047

0.008431 0.000304

0.008678 0.000442

