0.014625 0.003758

0.014541 0.002688

0.01487 0.004854

0.014922 0.005625

0.014725 0.002712

0.014747 0.004442

0.014499 0.004022

0.014592 0.003975

0.014721 0.00278

0.01449 0.003258

0.014538 0.003593

0.014706 0.004314

0.014573 0.004075

0.014535 0.003816

0.014654 0.004226

0.014529 0.0056

0.01519 0.005378

0.014653 0.003071

0.01467 0.005349

0.014681 0.005224

0.014804 0.004194

0.014699 0.00343

0.014636 0.00474

0.014559 0.003923

0.014649 0.004533

0.01456 0.004645

0.014515 0.005089

0.014577 0.003532

0.014595 0.00378

0.014687 0.002891

0.01467 0.003401

0.014551 0.003145

0.01455 0.004329

0.014673 0.004266

0.01475 0.005682

0.014451 0.003261

0.014698 0.004114

0.014621 0.005287

0.014687 0.002867

0.014528 0.005613

0.014728 0.004209

0.014499 0.00397

0.014636 0.00399

0.014645 0.005321

0.014674 0.005592

0.014619 0.004823

0.014651 0.005939

0.01458 0.004214

0.014645 0.003107

0.014564 0.005985

0.014593 0.002687

0.014741 0.004911

0.014634 0.004904

0.01457 0.005337

0.014535 0.003777

0.014612 0.003501

0.014567 0.003359

0.014564 0.003716

0.014567 0.003377

0.014553 0.004842

0.014765 0.005375

0.014632 0.004118

0.014531 0.005047

0.014532 0.004076

0.014655 0.003122

0.014705 0.003475

0.014547 0.004327

0.014624 0.004366

0.014678 0.00282

0.014669 0.005399

0.014624 0.004327

0.014571 0.005158

0.014633 0.002438

0.014647 0.005961

0.014672 0.005304

0.014625 0.003355

0.014677 0.0041

0.014664 0.005633

0.014523 0.002737

0.014747 0.005823

0.014508 0.004636

0.014598 0.00423

0.014699 0.004441

0.014718 0.005894

0.014634 0.005266

0.0146 0.005161

0.014611 0.004233

0.014787 0.003342

0.014607 0.003335

0.014576 0.003872

0.01452 0.00513

0.01472 0.005245

0.014555 0.003778

0.014798 0.004047

0.014585 0.004502

0.014626 0.00487

0.01457 0.004302

0.014737 0.004526

0.014588 0.005405

0.014634 0.004049

0.01462 0.003013

0.014601 0.004622

0.014553 0.005711

0.014637 0.005117

0.014688 0.00563

0.01468 0.003983

0.014732 0.004599

0.014887 0.00453

0.014595 0.003755

0.014593 0.003788

0.014602 0.005603

0.014589 0.005004

0.014627 0.005554

0.014678 0.002854

0.014599 0.004818

0.014566 0.004413

0.014583 0.005884

0.014723 0.004067

0.014543 0.005194

0.014588 0.00452

0.014764 0.002416

0.014792 0.003851

0.015688 0.002902

0.014573 0.003113

0.014637 0.003203

0.014659 0.003705

0.014719 0.003018

0.014605 0.003194

0.014739 0.006049

0.014717 0.003569

0.014698 0.004095

0.014675 0.004973

0.014581 0.003364

0.014592 0.004422

0.014534 0.003428

0.014676 0.004146

0.014699 0.004635

0.014535 0.005239

0.014726 0.005544

0.014794 0.002039

0.015908 0.002766

0.014619 0.004139

0.014577 0.003894

0.014692 0.003854

0.014717 0.004262

0.014552 0.00289

0.014656 0.003186

0.014726 0.002779

0.014589 0.003998

0.014549 0.004199

0.015031 0.005709

0.014588 0.004028

0.014669 0.005138

0.014713 0.00404

0.01469 0.003186

0.014616 0.005147

0.014632 0.002699

0.014581 0.003329

0.015882 0.003118

0.014582 0.004228

0.014614 0.004695

0.014586 0.004214

0.014739 0.004388

0.014572 0.005856

0.014858 0.00589

0.014592 0.004364

0.014694 0.004589

0.014461 0.003577

0.014644 0.003841

0.014553 0.002446

0.014546 0.005775

0.014664 0.001668

0.014578 0.005577

0.014614 0.003825

0.014515 0.002663

0.0147 0.003277

0.014703 0.003526

0.014569 0.004276

0.014562 0.002846

0.014584 0.004115

0.01479 0.004829

0.014605 0.003682

0.014673 0.003162

0.014558 0.003692

0.014564 0.002813

0.014588 0.0044

0.014708 0.002523

0.014584 0.003473

0.014632 0.003855

0.014703 0.004284

0.014603 0.004147

0.01458 0.003502

0.014657 0.002642

0.014976 0.004247

0.014683 0.003489

0.014465 0.004478

0.014553 0.003361

0.014589 0.005485

0.014774 0.003353

0.014699 0.006155

0.014618 0.003993

0.014613 0.004302

0.014602 0.005162

0.014547 0.003777

0.014556 0.00522

0.014484 0.006148

0.014625 0.003053

0.01483 0.005364

0.014725 0.004488

0.014533 0.003643

0.014575 0.003943

0.014654 0.005506

0.014556 0.002413

0.014562 0.005231

0.014728 0.004731

0.014652 0.005162

0.014581 0.004698

0.014592 0.003779

0.014513 0.005385

0.014572 0.005523

0.014598 0.005509

0.014895 0.004677

0.014647 0.00537

0.01477 0.005682

0.014663 0.003189

0.014553 0.005965

0.014639 0.004455

0.014687 0.003093

0.014655 0.005429

0.014644 0.005304

0.014513 0.00275

0.014536 0.004349

0.014529 0.002805

0.014676 0.003593

0.014546 0.005983

0.014845 0.003143

0.014619 0.003827

0.014515 0.003344

0.014543 0.002418

0.014517 0.004196

0.014584 0.003966

0.014718 0.004236

0.014617 0.005094

0.014922 0.003032

0.014723 0.002541

0.014701 0.004217

0.014665 0.004487

0.01474 0.00295

0.014553 0.005516

0.014559 0.002697

0.014668 0.005064

0.014646 0.003239

0.014605 0.004449

0.014565 0.005536

0.014651 0.00559

0.014585 0.004413

0.014523 0.003834

0.014556 0.002617

0.014502 0.004129

0.014647 0.005274

0.014677 0.005817

0.014623 0.004297

0.014502 0.005373

0.014604 0.003675

0.014677 0.004866

0.014651 0.004756

0.014546 0.005983

0.014719 0.005696

0.014748 0.003248

0.014569 0.0031

0.014587 0.004945

0.014552 0.003277

0.014585 0.004146

0.014699 0.00328

0.014586 0.0059

0.014669 0.00451

0.014687 0.005199

0.014713 0.003108

0.014657 0.003848

0.014508 0.003754

0.014575 0.005891

0.014613 0.004204

0.015373 0.005127

0.014794 0.002597

0.014633 0.005053

0.014598 0.006

0.014818 0.002491

0.014565 0.003947

0.014521 0.004507

0.014639 0.003354

0.014579 0.003835

0.014698 0.004194

0.014865 0.003797

0.014556 0.004348

0.014674 0.003781

0.014675 0.004625

0.014729 0.003587

0.014609 0.004189

0.01465 0.001831

0.014629 0.003466

0.015405 0.004861

0.014621 0.004718

0.014583 0.004633

0.014503 0.004114

0.014733 0.00557

0.01454 0.003569

0.014677 0.005499

0.014751 0.004683

0.014561 0.004824

0.014498 0.005457

0.014578 0.005444

0.014533 0.002711

0.01471 0.004156

0.014641 0.005616

0.014661 0.004897

0.014499 0.005775

0.014666 0.00336

0.014657 0.002141

0.014635 0.005974

0.014568 0.00489

0.014855 0.003604

0.014724 0.004661

0.014561 0.004968

0.014642 0.002789

0.014583 0.003648

0.014543 0.003576

0.01469 0.003929

0.014558 0.00462

0.014615 0.005469

0.014763 0.00294

0.014727 0.005636

0.014785 0.003001

0.014547 0.003009

0.014509 0.002988

0.014629 0.003248

0.01462 0.005331

0.014695 0.005273

0.014626 0.003785

0.014761 0.002697

0.014631 0.003401

0.014607 0.004555

0.019687 0.004788

0.014649 0.005021

0.014585 0.004998

0.014717 0.004109

0.014633 0.003293

0.014552 0.005312

0.014575 0.003607

0.014616 0.003524

0.01461 0.005176

0.014552 0.004777

0.014655 0.004373

0.014713 0.004744

0.01462 0.003559

0.014545 0.003553

0.014572 0.00204

0.014558 0.00582

0.014658 0.005545

0.014603 0.003718

0.014746 0.003583

0.014581 0.004078

0.014596 0.005045

0.014542 0.004069

0.014718 0.005892

0.014619 0.003642

0.014552 0.00503

0.014546 0.005242

0.014606 0.005504

0.014531 0.004661

0.014626 0.003471

0.014708 0.004548

0.014577 0.00245

0.014615 0.004071

0.014559 0.005661

0.014596 0.004102

0.014665 0.002327

0.014786 0.004583

0.014845 0.004183

0.014735 0.002683

0.014729 0.004803

0.014699 0.00531

0.014574 0.004565

0.014528 0.004555

0.014605 0.005398

0.014601 0.0035

0.014632 0.004073

0.014536 0.005701

0.014688 0.005704

0.015593 0.003934

0.014577 0.004359

0.014729 0.003159

0.014898 0.00506

0.01485 0.003513

0.014527 0.002829

0.014771 0.002249

0.014584 0.00586

0.014588 0.003777

0.014606 0.005977

0.014586 0.004529

0.014579 0.00288

0.014647 0.002789

0.014771 0.005458

0.014619 0.003794

0.014537 0.004347

0.014578 0.005081

0.014577 0.004624

0.015493 0.004415

0.014662 0.005442

0.014685 0.005303

0.014789 0.004382

0.014713 0.002589

0.01459 0.002101

0.014528 0.004317

0.014613 0.004544

0.014589 0.004282

0.014749 0.004041

0.014704 0.003913

0.014652 0.002246

0.014689 0.00505

0.014685 0.00512

0.014721 0.005122

0.014614 0.004038

0.014677 0.004474

0.014573 0.005462

0.014554 0.005698

0.014756 0.003769

0.014594 0.005357

0.014594 0.003472

0.014669 0.003133

0.014685 0.005285

0.014744 0.003307

0.014613 0.005586

0.014727 0.004114

0.01459 0.003027

0.01459 0.004864

0.014641 0.002376

0.014618 0.005704

0.014667 0.004846

0.014651 0.004503

0.014664 0.004193

0.014599 0.004433

0.014674 0.006199

0.014585 0.003694

0.014575 0.002917

0.014583 0.004782

0.014687 0.003442

0.014673 0.00364

0.014736 0.002679

0.014826 0.004441

0.014642 0.00419

0.014669 0.004447

0.014516 0.003999

0.014649 0.005894

0.01457 0.005075

0.014741 0.005662

0.014599 0.00494

0.014577 0.003696

0.014558 0.005998

0.014681 0.00483

0.014697 0.003022

0.014677 0.003588

0.014682 0.002571

0.014651 0.004708

0.014731 0.003902

0.014592 0.005586

0.014613 0.004994

0.014586 0.003685

0.014608 0.003558

0.014599 0.005056

0.014645 0.005138

0.014603 0.002388

0.0147 0.004751

0.01472 0.003305

0.014619 0.003615

0.014562 0.005176

0.014575 0.003117

0.014753 0.004308

0.014785 0.003865

0.0146 0.005751

0.014537 0.003298

0.01466 0.002661

0.014781 0.004286

0.014613 0.003623

0.014633 0.004199

0.014514 0.003451

0.014619 0.005917

0.014553 0.003763

0.014751 0.002556

0.014566 0.003216

0.014628 0.003203

0.014689 0.003493

0.014595 0.004135

0.014561 0.005638

0.014594 0.004646

0.014664 0.003482

0.014733 0.003715

0.014611 0.001913

0.014601 0.003361

0.014609 0.004736

0.014715 0.002586

0.014636 0.003852

0.01461 0.004377

0.014578 0.005211

0.014622 0.003697

0.014613 0.005956

0.014784 0.003266

0.014497 0.003278

0.014619 0.003771

0.014632 0.005571

0.014598 0.004721

0.014556 0.003835

0.014596 0.003863

0.014756 0.003438

0.014687 0.003136

0.014532 0.003812

0.014647 0.005286

0.014545 0.003383

0.014643 0.004495

0.014606 0.004217

0.014896 0.003419

0.0146 0.00463

0.014735 0.006069

0.014587 0.005391

0.014518 0.003841

0.014656 0.002488

0.014651 0.005014

0.014605 0.002879

0.014533 0.003115

0.014706 0.004673

0.014645 0.003302

0.014666 0.00494

0.014602 0.006041

0.014554 0.004884

0.014787 0.003879

0.014624 0.004847

0.014518 0.003488

0.014743 0.002913

0.014581 0.002621

0.014585 0.005359

0.014656 0.002798

0.014581 0.004217

0.014602 0.003989

0.014638 0.005407

0.014717 0.003374

0.01459 0.003248

0.014639 0.004577

0.014626 0.002891

0.014621 0.003451

0.014705 0.006163

0.014423 0.005427

0.01454 0.003556

0.014587 0.004571

0.014737 0.002474

0.014522 0.004063

0.014702 0.003268

0.014558 0.005744

0.014651 0.00474

0.0146 0.003386

0.014591 0.00398

0.014626 0.003827

0.014574 0.005674

0.014688 0.005075

0.014733 0.003327

0.014654 0.004568

0.01466 0.005496

0.014624 0.004679

0.014758 0.004243

0.014577 0.003268

0.014664 0.00507

0.014562 0.002098

0.014768 0.005659

0.014513 0.003353

0.014571 0.004227

0.014497 0.003544

0.014567 0.004331

0.014557 0.005381

0.014771 0.003721

0.014597 0.003181

0.014696 0.006033

0.014745 0.004414

0.014536 0.003596

0.014615 0.004687

0.014652 0.003858

0.014543 0.005266

0.014816 0.003743

0.014607 0.005817

0.01461 0.003185

0.014659 0.003209

0.014646 0.003976

0.014673 0.004207

0.014623 0.003569

0.014599 0.004093

0.014612 0.005477

0.014696 0.002769

0.014797 0.004906

0.014641 0.004719

0.014644 0.004641

0.014628 0.005554

0.014588 0.004052

0.014578 0.002651

0.0147 0.002429

0.01465 0.006242

0.014622 0.005018

0.014591 0.003718

0.014545 0.005844

0.014595 0.002531

0.014625 0.002857

0.014605 0.004253

0.014562 0.005619

0.014681 0.002964

0.014921 0.005336

0.014595 0.003989

0.014601 0.005434

0.01461 0.003557

0.014646 0.003061

0.01455 0.004084

0.014551 0.005367

0.014808 0.004682

0.014645 0.004534

0.015514 0.005134

0.014645 0.005026

0.014562 0.00345

0.014551 0.003316

0.0147 0.004092

0.014666 0.002156

0.014646 0.003607

0.014618 0.005814

0.014659 0.004843

0.014604 0.001729

0.014555 0.004994

0.014637 0.003402

0.014645 0.003406

0.014755 0.00531

0.014696 0.00391

0.014642 0.003461

0.014648 0.004374

0.014634 0.003065

0.01471 0.003968

0.014615 0.004823

0.014561 0.003739

0.014561 0.00484

0.01478 0.004322

0.014574 0.005586

0.014628 0.004582

0.014563 0.005112

0.014559 0.005765

0.014556 0.004252

0.014718 0.004725

0.014622 0.003633

0.014644 0.002763

0.014678 0.003847

0.014588 0.004822

0.014544 0.00537

0.014621 0.004214

0.014697 0.004332

0.01476 0.00293

0.014674 0.003793

0.014608 0.003564

0.014585 0.004892

0.014581 0.00522

0.014596 0.003652

0.014787 0.003029

0.014646 0.003201

0.014642 0.004531

0.014623 0.005449

0.014631 0.003205

0.01458 0.00552

0.014734 0.00487

0.014642 0.004689

0.014572 0.002906

0.014555 0.005552

0.014802 0.004906

0.015725 0.003995

0.014585 0.005807

0.014621 0.00443

0.014856 0.003642

0.014731 0.004098

0.014568 0.004063

0.014747 0.00314

0.014574 0.005265

0.014525 0.003782

0.014686 0.003738

0.014617 0.004124

0.014513 0.004746

0.014691 0.005033

0.014686 0.004392

0.014576 0.00454

0.014589 0.005205

0.014655 0.002609

0.014633 0.005473

0.014696 0.004631

0.014632 0.004046

0.014587 0.004128

0.014588 0.004632

0.014794 0.004065

0.014657 0.0035

0.014555 0.004865

0.014584 0.003095

0.014598 0.004357

0.01463 0.004778

0.014646 0.004081

0.014608 0.002832

0.014651 0.004687

0.014752 0.004785

0.014634 0.003974

0.014646 0.004546

0.014581 0.003972

0.014565 0.005365

0.014616 0.004551

0.014563 0.00445

0.014676 0.005766

0.014616 0.005841

0.01464 0.003498

0.014561 0.004433

0.014611 0.002657

0.014554 0.002574

0.014621 0.002811

0.014573 0.003301

0.014718 0.00455

0.014667 0.003336

0.014711 0.004271

0.014588 0.004621

0.014527 0.004394

0.014536 0.003407

0.014658 0.005591

0.014623 0.005787

0.014603 0.003828

0.014627 0.004352

0.014662 0.005103

0.014625 0.006132

0.014555 0.004253

0.0146 0.003291

0.014771 0.005075

0.014561 0.002392

0.014685 0.004831

0.014692 0.004068

0.014581 0.004712

0.014646 0.003639

0.014704 0.004458

0.014722 0.004813

0.014644 0.003746

0.014563 0.005788

0.014619 0.00322

0.015 0.003463

0.014575 0.004653

0.014556 0.003423

0.014889 0.003965

0.01475 0.005406

0.014519 0.004382

0.014663 0.003084

0.014637 0.003574

0.014665 0.005525

0.01463 0.003262

0.014576 0.005781

0.014601 0.00467

0.014641 0.004388

0.014705 0.004698

0.014555 0.00348

0.014518 0.005036

0.014511 0.004163

0.014921 0.002774

0.014729 0.004886

0.015087 0.00584

0.014537 0.003414

0.014697 0.00273

0.014682 0.0042

0.014907 0.002952

0.014607 0.003987

0.014575 0.005028

0.014696 0.005423

0.014546 0.003008

0.014512 0.002398

0.014609 0.003752

0.014578 0.00414

0.014706 0.004167

0.014877 0.004891

0.014516 0.005394

0.014673 0.002688

0.0146 0.005833

0.01472 0.004567

0.014639 0.005293

0.014658 0.005189

0.014646 0.002845

0.014779 0.005218

0.014621 0.003257

0.016015 0.003986

0.014601 0.005823

0.014773 0.004287

0.014614 0.00483

0.014614 0.005057

0.014676 0.004014

0.014722 0.006084

0.014632 0.003619

0.01462 0.003078

0.014574 0.004645

0.014567 0.003772

0.014804 0.002487

0.0146 0.005049

0.01462 0.00438

0.014565 0.002869

0.014605 0.003596

0.014546 0.005949

0.014685 0.004843

0.014654 0.002876

0.014592 0.002722

0.014699 0.005023

0.014582 0.005554

0.014686 0.003557

0.014598 0.004315

0.014658 0.002875

0.014625 0.003618

0.014656 0.004962

0.01465 0.003312

0.014616 0.004638

0.014706 0.00303

0.014644 0.00456

0.014583 0.005888

0.014749 0.005137

0.014751 0.00289

0.01458 0.002258

0.014676 0.004436

0.0147 0.005905

0.014615 0.002862

0.014534 0.005951

0.014641 0.002579

0.014501 0.005735

0.014612 0.00416

0.014736 0.004788

0.014676 0.0033

0.014622 0.002968

0.014563 0.003333

0.014696 0.004481

0.014593 0.005602

0.014563 0.003535

0.014545 0.002704

0.014609 0.004958

0.014743 0.003467

0.014578 0.003653

0.014566 0.005674

0.014704 0.003597

0.014587 0.003163

0.014528 0.005568

0.014533 0.003021

0.014604 0.005464

0.014583 0.003496

0.01464 0.005086

0.014679 0.005366

0.014644 0.004381

0.014697 0.005141

0.014739 0.00434

0.014768 0.004398

0.014509 0.005039

0.014697 0.003794

0.014665 0.004472

0.014665 0.003744

0.014549 0.004561

0.014501 0.003385

0.014527 0.004029

0.014716 0.002439

0.014523 0.004587

0.014669 0.004989

0.014662 0.002863

0.014704 0.002628

0.015109 0.004335

0.01461 0.005211

0.014658 0.003783

0.014709 0.0036

0.015114 0.005185

0.014564 0.004975

0.014621 0.003795

0.014551 0.003372

0.014624 0.003335

0.01469 0.005593

0.015541 0.005963

0.014684 0.00397

0.014586 0.004465

0.014751 0.00421

0.014529 0.003699

0.014636 0.002825

0.014503 0.004043

0.014645 0.003227

0.01461 0.003012

0.014593 0.004509

0.01459 0.004706

0.014625 0.004426

0.014838 0.004901

0.014634 0.003655

0.014556 0.005848

0.014748 0.002744

0.014861 0.003868

0.01464 0.004232

0.014735 0.003851

0.014613 0.00414

0.014594 0.003841

0.014587 0.005007

0.014578 0.003902

0.014584 0.005822

0.014707 0.003017

0.014769 0.004004

0.014549 0.005765

0.014598 0.002837

0.014609 0.005707

0.014729 0.002948

0.01464 0.005311

0.01466 0.003199

0.014628 0.004222

0.014656 0.004142

0.014691 0.004237

0.014814 0.004998

0.01462 0.003753

0.014608 0.004483

0.014528 0.003704

0.014611 0.004898

0.014577 0.005152

0.014603 0.002482

0.014629 0.005488

0.014724 0.003728

0.014646 0.004411

0.014591 0.00501

0.014681 0.005097

0.014712 0.004438

0.014667 0.003061

0.014606 0.003048

0.014623 0.002431

0.014645 0.005102

0.014754 0.004829

0.014813 0.004302

0.01457 0.003668

0.01459 0.00475

0.014729 0.004124

0.014642 0.003004

0.014652 0.004574

0.014664 0.004566

0.014649 0.004434

0.014628 0.003543

0.014631 0.003789

0.014545 0.003052

0.014626 0.005168

0.015619 0.00597

0.014608 0.004223

0.014599 0.002345

0.014601 0.003548

0.014673 0.005292

0.014614 0.00414

0.014508 0.005213

0.01472 0.004468

0.01456 0.004291

0.014787 0.005929

0.014576 0.003182

0.014618 0.003668

0.014649 0.002216

0.014628 0.004149

0.014595 0.004423

0.014612 0.003797

0.014621 0.003024

0.014695 0.005691

0.014774 0.003736

0.014566 0.004891

0.014509 0.003207

0.014849 0.004974

0.014662 0.004277

0.014584 0.002565

0.014537 0.004497

0.014539 0.003249

0.014602 0.004537

0.014695 0.003965

0.014655 0.002947

0.01465 0.00353

0.014735 0.004611

0.01453 0.005049

0.014622 0.004934

0.01452 0.002995

0.014631 0.004247

0.014637 0.004607

0.014696 0.003974

0.01461 0.003727

0.01457 0.004283

0.014566 0.003299

0.014679 0.002492

0.014612 0.003315

0.014627 0.005882

0.014631 0.003158

0.014627 0.003833

0.014736 0.00508

0.014642 0.002919

0.014601 0.002359

0.014664 0.003612

0.014634 0.004171

0.014621 0.004585

0.014518 0.005741

0.014677 0.006025

0.014627 0.003654

0.014713 0.004627

0.014642 0.00391

0.014621 0.004207

0.014634 0.003379

0.014732 0.003333

0.014575 0.004075

0.01458 0.004068

0.0146 0.005168

