0.031525 0.003625

0.032461 0.002206

0.031671 0.002761

0.032285 0.002839

0.031217 0.001948

0.033743 0.001969

0.033362 0.002021

0.036438 0.001991

0.032707 0.003349

0.034951 0.004414

0.039658 0.002476

0.033972 0.00156

0.032406 0.002016

0.032514 0.001942

0.032094 0.001948

0.032008 0.001442

0.032075 0.001233

0.032042 0.0014

0.031295 0.003563

0.032195 0.00223

0.031282 0.001508

0.032503 0.001808

0.032538 0.003566

0.032114 0.002396

0.031472 0.00364

0.031033 0.002764

0.031188 0.002009

0.032352 0.001088

0.032468 0.001726

0.031327 0.00186

0.031287 0.00139

0.031158 0.002517

0.03246 0.003014

0.032643 0.004035

0.034265 0.001755

0.031587 0.001497

0.03118 0.001239

0.031517 0.001797

0.031629 0.00356

0.031978 0.002443

0.032342 0.003113

0.032527 0.0016

0.032085 0.002885

0.033068 0.00135

0.031362 0.001205

0.031951 0.000721

0.032425 0.001583

0.032843 0.003714

0.031343 0.002949

0.03114 0.001165

0.031154 0.001193

0.031276 0.002212

0.031153 0.001492

0.031612 0.003369

0.03121 0.002769

0.031138 0.001575

0.031182 0.002663

0.031142 0.001851

0.031133 0.00225

0.030966 0.002347

0.03117 0.001991

0.031391 0.002078

0.031189 0.00211

0.031112 0.001669

0.031057 0.002411

0.031399 0.001822

0.031277 0.001082

0.031161 0.001478

0.031164 0.001683

0.031499 0.001786

0.031178 0.001209

0.0311 0.002668

0.032121 0.001285

0.031071 0.001289

0.046801 0.00189

0.042788 0.002729

0.031802 0.003833

0.031906 0.003236

0.031463 0.004446

0.040976 0.004081

0.031063 0.001175

0.031178 0.00141

0.031206 0.002295

0.031198 0.002293

0.031233 0.00325

0.032388 0.003268

0.031625 0.002553

0.031287 0.002844

0.032154 0.001532

0.031179 0.003469

0.032505 0.003023

0.032788 0.00215

0.032466 0.001521

0.032162 0.003514

0.031451 0.000872

0.032759 0.003593

0.031314 0.003195

0.031561 0.002296

0.031028 0.001815

0.031084 0.003137

0.031373 0.002443

0.030981 0.001178

0.031058 0.003088

0.031223 0.001779

0.032255 0.002086

0.041034 0.00291

0.038413 0.002228

0.039671 0.001093

0.033606 0.002897

0.034352 0.003081

0.034761 0.004382

0.033393 0.002769

0.033688 0.004862

0.03352 0.00384

0.03197 0.001264

0.032032 0.002795

0.033988 0.00232

0.049259 0.003734

0.033037 0.001143

0.033527 0.001774

0.032614 0.001172

0.032122 0.002997

0.03233 0.002858

0.034121 0.001295

0.037456 0.003874

0.037947 0.00142

0.033356 0.002839

0.032814 0.002812

0.032247 0.001507

0.031382 0.00353

0.033 0.002167

0.032213 0.002721

0.03152 0.004025

0.03173 0.001634

0.031671 0.001592

0.033009 0.002384

0.032817 0.002226

0.032074 0.001531

0.032248 0.003797

0.033746 0.002981

0.033729 0.001396

0.033548 0.001566

0.033676 0.001278

0.033651 0.004357

0.033565 0.003039

0.032391 0.001593

0.033627 0.002594

0.03313 0.004735

0.033664 0.001559

0.035226 0.002529

0.034445 0.001583

0.034074 0.00257

0.031177 0.001888

0.030973 0.0032

0.032662 0.004016

0.032478 0.001225

0.032736 0.00386

0.032395 0.00393

0.032406 0.001399

0.032178 0.002725

0.03238 0.003185

0.032517 0.00243

0.030879 0.001292

0.032384 0.001451

0.030976 0.003539

0.031173 0.003595

0.031157 0.001527

0.031546 0.001252

0.032482 0.002445

0.033616 0.000747

0.032456 0.001703

0.032527 0.002569

0.031312 0.0013

0.032371 0.003543

0.03252 0.00143

0.03356 0.002872

0.033066 0.003664

0.032995 0.001204

0.031126 0.002928

0.030759 0.003124

0.03398 0.001144

0.033128 0.001134

0.033175 0.002488

0.032371 0.003471

0.033825 0.003709

0.032838 0.003387

0.031381 0.001346

0.032682 0.002095

0.033575 0.002145

0.03382 0.001591

0.033604 0.003636

0.034065 0.002043

0.034676 0.001938

0.033328 0.003514

0.033298 0.002894

0.031105 0.002559

0.031033 0.003001

0.034435 0.002203

0.031314 0.001526

0.031196 0.002651

0.031069 0.00121

0.032192 0.001696

0.032858 0.001436

0.033365 0.002349

0.034585 0.0034

0.032339 0.001569

0.032238 0.003653

0.031989 0.001117

0.033044 0.001462

0.031843 0.00143

0.036586 0.001452

0.037248 0.002692

0.032554 0.001119

0.033393 0.0027

0.039582 0.001337

0.033326 0.003547

0.032787 0.001465

0.033335 0.002931

0.034348 0.004089

0.034247 0.002849

0.033306 0.003106

0.032827 0.003068

0.032323 0.001115

0.031235 0.002098

0.031182 0.001391

0.030976 0.001172

0.030925 0.001735

0.031751 0.003065

0.030996 0.001672

0.032166 0.001034

0.032354 0.00362

0.034216 0.003241

0.033189 0.003459

0.031175 0.000885

0.032468 0.001818

0.032747 0.001801

0.032472 0.001623

0.032386 0.001356

0.0322 0.001669

0.032003 0.001611

0.030973 0.001715

0.03204 0.002347

0.031631 0.00086

0.032407 0.002575

0.031393 0.003656

0.033849 0.004892

0.033291 0.001762

0.034245 0.00171

0.033857 0.001846

0.035426 0.003184

0.034018 0.002486

0.03208 0.002086

0.033602 0.001124

0.033765 0.001354

0.03276 0.001862

0.031133 0.002591

0.033186 0.001294

0.033376 0.004146

0.034018 0.002328

0.034015 0.001741

0.033724 0.00172

0.034594 0.003036

0.034792 0.002437

0.03253 0.001341

0.032805 0.001682

0.032084 0.003158

0.032491 0.002586

0.030882 0.002267

0.032904 0.001747

0.034795 0.00196

0.033901 0.0029

0.03141 0.001691

0.031179 0.003245

0.030912 0.002585

0.03189 0.001564

0.031087 0.002671

0.034102 0.001835

0.036479 0.002718

0.034008 0.002059

0.042903 0.002017

0.037395 0.00244

0.03274 0.003042

0.032498 0.001104

0.032423 0.00325

0.03325 0.001419

0.032053 0.002429

0.034372 0.003308

0.033623 0.003168

0.033059 0.001732

0.034582 0.001128

0.031268 0.001354

0.031347 0.002343

0.031167 0.003686

0.031855 0.001867

0.030738 0.001284

0.03201 0.001181

0.031538 0.000889

0.034709 0.002006

0.033051 0.001976

0.033724 0.00205

0.0318 0.001081

0.034582 0.002437

0.032647 0.004342

0.033621 0.002048

0.031256 0.003501

0.032593 0.003201

0.03338 0.003645

0.0417 0.00308

0.032628 0.004067

0.033599 0.001867

0.033016 0.001709

0.034127 0.003325

0.034938 0.001577

0.034669 0.002913

0.034231 0.003659

0.032351 0.002311

0.034051 0.001309

0.032644 0.002466

0.032894 0.003254

0.032377 0.000773

0.031695 0.003159

0.031027 0.001817

0.031985 0.002193

0.031578 0.004319

0.035548 0.002012

0.034692 0.002093

0.032984 0.002247

0.033251 0.003588

0.044145 0.002612

0.034333 0.001499

0.039584 0.004342

0.038485 0.002186

0.048119 0.001405

0.040073 0.003827

0.033875 0.002613

0.033407 0.003566

0.037412 0.002036

0.035516 0.001623

0.032672 0.003512

0.032837 0.0017

0.033874 0.002354

0.036375 0.002105

0.032445 0.002801

0.03287 0.003963

0.033257 0.001671

0.041096 0.002478

0.033221 0.002503

0.032129 0.002412

0.032424 0.002923

0.032987 0.003062

0.03322 0.002249

0.034198 0.003008

0.034321 0.003773

0.035287 0.001978

0.032633 0.002125

0.032402 0.003388

0.032533 0.001465

0.034065 0.002111

0.032339 0.001088

0.032435 0.001368

0.032238 0.001871

0.034291 0.002474

0.037365 0.002713

0.03462 0.003202

0.03225 0.001519

0.034371 0.00197

0.032908 0.00327

0.032948 0.003183

0.032814 0.001888

0.032908 0.001748

0.033023 0.003805

0.035269 0.003107

0.032835 0.001561

0.032849 0.00223

0.033186 0.003179

0.033048 0.002792

0.032993 0.002841

0.033447 0.002611

0.033456 0.002965

0.033825 0.003493

0.03338 0.003234

0.032733 0.000679

0.032413 0.0029

0.033148 0.00154

0.031972 0.003112

0.032297 0.001547

0.032267 0.004236

0.032241 0.002066

0.032081 0.002702

0.032624 0.001537

0.032458 0.003613

0.033657 0.002232

0.034848 0.004058

0.033681 0.00263

0.033143 0.002575

0.032368 0.004367

0.033229 0.001237

0.036677 0.003146

0.032523 0.001913

0.035814 0.003492

0.034221 0.002392

0.032664 0.002301

0.032304 0.001393

0.033128 0.003854

0.032775 0.002119

0.032809 0.001952

0.03519 0.001922

0.032633 0.003415

0.03264 0.002482

0.032927 0.002615

0.032507 0.002748

0.033256 0.002727

0.032438 0.001528

0.03222 0.001629

0.03294 0.00164

0.039191 0.003299

0.03479 0.003137

0.034128 0.004825

0.032899 0.002771

0.032913 0.003774

0.035574 0.003027

0.033685 0.003984

0.032562 0.003595

0.032706 0.003831

0.032937 0.00405

0.033376 0.002296

0.034768 0.001566

0.03392 0.002781

0.032426 0.002281

0.032206 0.003399

0.032522 0.003658

0.032572 0.002524

0.036516 0.002633

0.035002 0.002403

0.032907 0.001094

0.032968 0.002789

0.032139 0.003178

0.032932 0.003154

0.032191 0.002022

0.03238 0.001134

0.032466 0.003097

0.032525 0.001814

0.032462 0.000881

0.032329 0.002484

0.032801 0.001497

0.032844 0.003848

0.032653 0.001331

0.033426 0.002347

0.033125 0.003749

0.032759 0.002406

0.031771 0.001534

0.03256 0.002693

0.032078 0.002573

0.032506 0.002759

0.034896 0.001522

0.03356 0.002274

0.033054 0.001283

0.036551 0.000916

0.034405 0.001715

0.03248 0.001189

0.035653 0.004458

0.034061 0.003301

0.032052 0.001063

0.032768 0.002242

0.032808 0.003474

0.033245 0.001018

0.033095 0.003286

0.033128 0.001928

0.032569 0.003177

0.032183 0.002725

0.033592 0.002571

0.032636 0.00326

0.03223 0.002839

0.034397 0.001746

0.033762 0.001785

0.033226 0.001744

0.033388 0.002682

0.032355 0.003576

0.033458 0.003343

0.033196 0.003915

0.033774 0.001976

0.032854 0.001453

0.032429 0.001486

0.032806 0.003212

0.032546 0.003854

0.032044 0.004086

0.032294 0.002177

0.032832 0.002093

0.032662 0.002102

0.032899 0.001149

0.03294 0.003268

0.033205 0.00262

0.033871 0.003981

0.032418 0.002308

0.034299 0.000835

0.036428 0.00188

0.033161 0.001255

0.033694 0.002405

0.03558 0.001523

0.034919 0.002773

0.032878 0.00239

0.033077 0.003891

0.033534 0.003591

0.034907 0.001303

0.033007 0.001337

0.035397 0.002303

0.032872 0.003369

0.032747 0.001963

0.032601 0.002933

0.03263 0.00359

0.033017 0.003701

0.032199 0.002524

0.033004 0.0034

0.032542 0.003434

0.033555 0.002307

0.033108 0.003166

0.033112 0.001262

0.032372 0.00266

0.033211 0.001245

0.032974 0.00316

0.033637 0.001679

0.034069 0.002408

0.034435 0.002096

0.033637 0.002957

0.034635 0.002681

0.032829 0.002029

0.032785 0.001369

0.033141 0.002131

0.032825 0.000793

0.032945 0.004676

0.032653 0.002686

0.033021 0.001834

0.03299 0.001707

0.033065 0.003187

0.03312 0.003024

0.0329 0.002694

0.033092 0.00341

0.03267 0.003553

0.035672 0.002159

0.034565 0.002458

0.034469 0.003326

0.034875 0.00209

0.034267 0.003135

0.034267 0.001501

0.033368 0.000871

0.032962 0.002726

0.032708 0.003753

0.032989 0.002295

0.033855 0.002484

0.032276 0.001369

0.032908 0.001124

0.033618 0.003662

0.033251 0.002451

0.032719 0.003661

0.033351 0.002281

0.03339 0.001314

0.032849 0.003446

0.032628 0.00386

0.032718 0.001526

0.032864 0.001326

0.032659 0.001887

0.03322 0.003964

0.032791 0.002381

0.032384 0.00128

0.031935 0.002811

0.034882 0.004619

0.033584 0.001484

0.032895 0.003714

0.032473 0.002559

0.032359 0.002671

0.033143 0.001347

0.03272 0.002941

0.036209 0.002378

0.034735 0.003724

0.033768 0.001126

0.032745 0.00126

0.038607 0.003943

0.033729 0.003371

0.032362 0.000764

0.032559 0.001804

0.032623 0.001675

0.032201 0.001312

0.032642 0.003189

0.033347 0.00315

0.032434 0.003906

0.032243 0.003233

0.032429 0.001321

0.032282 0.003794

0.033043 0.001181

0.032405 0.004099

0.032658 0.003222

0.032206 0.001615

0.032667 0.001326

0.032233 0.003343

0.032325 0.00193

0.032359 0.00184

0.032552 0.002795

0.032175 0.001947

0.032104 0.001472

0.032535 0.001206

0.032187 0.00147

0.033483 0.003148

0.032383 0.002723

0.03244 0.003817

0.032589 0.00385

0.032152 0.003574

0.032936 0.004007

0.034071 0.003512

0.032876 0.002029

0.036695 0.003468

0.03299 0.002334

0.033309 0.002956

0.033606 0.001309

0.03318 0.002681

0.033236 0.002412

0.034356 0.003372

0.035282 0.002956

0.033087 0.00092

0.033903 0.000847

0.032888 0.002782

0.032603 0.001093

0.033481 0.002391

0.033077 0.002653

0.03287 0.002632

0.033573 0.004294

0.033046 0.00524

0.03281 0.002919

0.034323 0.003115

0.033254 0.001502

0.032809 0.002214

0.033324 0.001082

0.034649 0.001519

0.032729 0.001675

0.032831 0.003477

0.033949 0.001419

0.032737 0.001107

0.033275 0.002203

0.033245 0.002204

0.036364 0.002324

0.037416 0.001733

0.034024 0.00181

0.033802 0.002015

0.033752 0.001329

0.033833 0.003771

0.035254 0.001231

0.033577 0.002347

0.034035 0.001914

0.032484 0.001834

0.034977 0.002392

0.035253 0.004725

0.034978 0.003809

0.034475 0.001257

0.03415 0.003942

0.034596 0.002067

0.03317 0.001498

0.032079 0.002066

0.032118 0.002035

0.032448 0.002846

0.032427 0.001173

0.031975 0.000806

0.032385 0.001944

0.033179 0.002049

0.032078 0.002636

0.032844 0.001417

0.032504 0.002601

0.032359 0.002145

0.041858 0.003764

0.039502 0.003135

0.032833 0.002509

0.034192 0.002815

0.032931 0.003658

0.032802 0.003555

0.0322 0.001864

0.032429 0.001359

0.039377 0.00477

0.046495 0.002339

0.039098 0.002422

0.032436 0.000827

0.032329 0.002847

0.032747 0.003139

0.040101 0.003442

0.04191 0.00624

0.032319 0.003405

0.032478 0.002441

0.032055 0.002751

0.042684 0.003414

0.046918 0.003278

0.032427 0.001973

0.032521 0.002876

0.033297 0.003294

0.033155 0.002817

0.03355 0.000995

0.03344 0.001184

0.033187 0.004602

0.033227 0.001871

0.036057 0.000888

0.032359 0.001641

0.03236 0.003124

0.032985 0.002385

0.032779 0.001902

0.033003 0.001982

0.032166 0.001231

0.040084 0.002401

0.039463 0.002498

0.038018 0.003228

0.0364 0.001977

0.033732 0.002046

0.033091 0.003514

0.03335 0.001986

0.033335 0.003366

0.033126 0.002133

0.035275 0.001169

0.034813 0.001807

0.031986 0.002797

0.032773 0.001148

0.032989 0.002582

0.033068 0.00297

0.033578 0.002032

0.033342 0.002393

0.033079 0.002385

0.032634 0.003799

0.033502 0.001659

0.032906 0.003905

0.032711 0.003816

0.032687 0.002948

0.032676 0.001358

0.03251 0.000801

0.032565 0.003782

0.032641 0.003797

0.03448 0.002759

0.035575 0.002419

0.03284 0.001072

0.033216 0.002172

0.031897 0.00247

0.032414 0.003038

0.032577 0.003713

0.033165 0.001521

0.032542 0.001815

0.034104 0.003221

0.03272 0.002581

0.034592 0.003662

0.033994 0.002077

0.033606 0.001911

0.032493 0.004069

0.032216 0.003487

0.033298 0.0032

0.033343 0.001728

0.032974 0.001663

0.032717 0.002924

0.032327 0.003919

0.03253 0.002604

0.033041 0.002376

0.032624 0.002058

0.03335 0.002282

0.033012 0.00365

0.033202 0.002488

0.033278 0.001987

0.032448 0.001625

0.042065 0.003959

0.039653 0.00535

0.033439 0.001412

0.033553 0.002541

0.033641 0.001129

0.035498 0.003974

0.035572 0.001256

0.033028 0.00395

0.03386 0.005298

0.032936 0.002449

0.043039 0.003733

0.03704 0.004531

0.032809 0.002671

0.032266 0.002735

0.032399 0.002378

0.03216 0.002172

0.033447 0.00333

0.03551 0.002079

0.034286 0.005196

0.03579 0.002975

0.033142 0.002459

0.033288 0.00153

0.033874 0.001612

0.033988 0.002051

0.032312 0.00203

0.032871 0.00382

0.032338 0.001977

0.03246 0.002851

0.032393 0.002095

0.031961 0.00146

0.034556 0.004088

0.042466 0.003308

0.033057 0.002617

0.033065 0.002971

0.033612 0.003514

0.033194 0.001159

0.033264 0.001972

0.03256 0.001993

0.032295 0.003467

0.032336 0.001824

0.032526 0.003327

0.032445 0.00166

0.032022 0.001098

0.033134 0.003593

0.033032 0.001208

0.033334 0.003434

0.033106 0.001677

0.032829 0.001284

0.033135 0.003221

0.032731 0.001767

0.033197 0.000935

0.033364 0.002004

0.03252 0.003122

0.033595 0.002702

0.03222 0.001903

0.032168 0.003

0.032372 0.000954

0.032176 0.002884

0.032551 0.002333

0.032367 0.001984

0.032588 0.003607

0.033051 0.00402

0.033256 0.002827

0.033539 0.001628

0.032936 0.002342

0.040791 0.00384

0.038205 0.004646

0.033271 0.001716

0.044469 0.00424

0.034466 0.001849

0.032365 0.002054

0.032259 0.002929

0.033335 0.001562

0.033292 0.003515

0.033422 0.002556

0.033005 0.002927

0.032557 0.002789

0.033332 0.003403

0.039698 0.002142

0.033237 0.002319

0.034259 0.004193

0.032536 0.001931

0.032879 0.001644

0.033265 0.002491

0.034204 0.001159

0.034589 0.002336

0.034709 0.00272

0.033819 0.001952

0.032835 0.002514

0.033397 0.003247

0.033633 0.002789

0.03384 0.002711

0.034366 0.002733

0.033215 0.001659

0.033629 0.001357

0.033353 0.002374

0.033345 0.002343

0.051776 0.003122

0.038613 0.002762

0.038769 0.002478

0.03483 0.004261

0.03374 0.003014

0.034686 0.002297

0.033955 0.002543

0.034259 0.002292

0.034507 0.002859

0.03352 0.003524

0.032668 0.001072

0.032587 0.000906

0.03488 0.003307

0.032778 0.00282

0.033298 0.00595

0.033592 0.003871

0.033307 0.002278

0.033257 0.002855

0.032309 0.003369

0.032891 0.003759

0.04228 0.001067

0.034183 0.002351

0.033204 0.002421

0.032824 0.003003

0.03296 0.003251

0.032984 0.001102

0.034658 0.002782

0.033767 0.001412

0.035163 0.00155

0.033417 0.001487

0.032574 0.00197

0.031939 0.003375

0.034139 0.003804

0.037236 0.003244

0.043643 0.00281

0.034234 0.00159

0.04485 0.002385

0.041548 0.004534

0.038087 0.00291

0.033834 0.002801

0.033999 0.002898

0.033719 0.001131

0.033655 0.00219

0.033676 0.002068

0.034104 0.002097

0.034097 0.002903

0.033358 0.001967

0.033725 0.001184

0.034006 0.003749

0.034577 0.004264

0.033655 0.001838

0.033279 0.004263

0.034026 0.001751

0.033813 0.003206

0.033682 0.001322

0.033502 0.003442

0.034589 0.001693

0.040681 0.001776

0.04018 0.001547

0.033699 0.001981

0.0336 0.001698

0.035691 0.002938

0.034927 0.002357

0.035041 0.004115

0.033373 0.002117

0.034013 0.00258

0.034955 0.002616

0.033161 0.00285

0.033111 0.002591

0.032708 0.00125

0.033541 0.002014

0.032947 0.001656

0.033945 0.0017

0.032226 0.002771

0.032298 0.00222

0.033034 0.001355

0.032304 0.001602

0.033399 0.002582

0.033061 0.002884

0.032232 0.002825

0.03168 0.002177

0.032479 0.002847

0.032519 0.001943

0.032488 0.002396

0.032481 0.002772

0.032499 0.001778

0.032389 0.00105

0.032394 0.001265

0.032911 0.001984

0.033568 0.002591

0.034075 0.002422

0.033632 0.003884

0.033513 0.001314

0.033459 0.001773

0.033783 0.003303

0.032091 0.001009

0.033393 0.001915

0.033357 0.00368

0.033347 0.002951

0.032821 0.003251

0.032848 0.002924

0.033301 0.0023

0.032724 0.003793

0.032459 0.002692

0.032383 0.003927

0.033002 0.002611

0.033456 0.002137

0.033021 0.001897

0.032778 0.001618

0.033523 0.001961

0.038171 0.003935

0.033756 0.002234

0.032835 0.001953

0.032966 0.001578

0.033751 0.001076

0.033177 0.002713

0.033127 0.002936

0.032318 0.001915

0.033039 0.001263

0.032277 0.003414

0.033271 0.003334

0.036139 0.002786

0.035073 0.002531

0.034474 0.002169

0.032973 0.003224

0.038625 0.001702

0.038978 0.006423

0.033399 0.002969

0.032794 0.003833

0.038198 0.002248

0.038877 0.002963

0.033057 0.00157

0.033005 0.002079

0.032956 0.001338

0.033271 0.002994

0.032644 0.001787

0.032962 0.002641

0.032965 0.004295

0.033151 0.00159

0.03277 0.004031

0.033239 0.002168

0.032965 0.003393

0.03315 0.002897

0.033678 0.001898

0.033309 0.003689

