0.001347 5e-06
0.001304 6e-06
0.001305 4e-06
0.001305 7e-06
0.001313 7e-06
0.001303 5e-06
0.001314 6e-06
0.001305 6e-06
0.001299 7e-06
0.001303 6e-06
0.001293 3e-06
0.001293 6e-06
0.001349 6e-06
0.001306 6e-06
0.001306 6e-06
0.001307 6e-06
0.001311 5e-06
0.00131 5e-06
0.001309 6e-06
0.0013 4e-06
0.001307 7e-06
0.001297 6e-06
0.001301 6e-06
0.001301 7e-06
0.001341 5e-06
0.001303 6e-06
0.001439 9e-06
0.001302 5e-06
0.001298 8e-06
0.001296 7e-06
0.00119 3e-06
0.001091 5e-06
0.001386 5e-06
0.001312 4e-06
0.001313 3e-06
0.001318 7e-06
0.001304 5e-06
0.001307 4e-06
0.001318 4e-06
0.001349 7e-06
0.001431 7e-06
0.001309 5e-06
0.001331 5e-06
0.001375 7e-06
0.001337 8e-06
0.00131 6e-06
0.001304 8e-06
0.001318 8e-06
0.001347 8e-06
0.001302 8e-06
0.001322 1e-05
0.001303 5e-06
0.00138 9e-06
0.001691 1e-05
0.001306 9e-06
0.001355 4e-06
0.001419 6e-06
0.001323 5e-06
0.001307 5e-06
0.001304 7e-06
0.001303 4e-06
0.001297 5e-06
0.001309 7e-06
0.001296 6e-06
0.001308 4e-06
0.001301 6e-06
0.001295 7e-06
0.00131 4e-06
0.001298 5e-06
0.001298 4e-06
0.001302 7e-06
0.001309 5e-06
0.001304 6e-06
0.001323 4e-06
0.001304 4e-06
0.001309 6e-06
0.001299 3e-06
0.001305 5e-06
0.001311 7e-06
0.001295 4e-06
0.001296 3e-06
0.001304 7e-06
0.001298 5e-06
0.001295 4e-06
0.001304 7e-06
0.0013 4e-06
0.001302 5e-06
0.0013 6e-06
0.001319 6e-06
0.001296 5e-06
0.001304 4e-06
0.001305 6e-06
0.001299 6e-06
0.001303 7e-06
0.001296 6e-06
0.001309 4e-06
0.001298 6e-06
0.001322 6e-06
0.001308 7e-06
0.001311 7e-06
0.001308 6e-06
0.001313 7e-06
0.002254 7e-06
0.002124 1e-05
0.001331 8e-06
0.002222 1e-05
0.001759 4e-06
0.00131 3e-06
0.001305 5e-06
0.001302 7e-06
0.00131 6e-06
0.00131 6e-06
0.001302 4e-06
0.001305 5e-06
0.001311 5e-06
0.00131 8e-06
0.001302 7e-06
0.001302 6e-06
0.001303 7e-06
0.001301 8e-06
0.001302 3e-06
0.001327 6e-06
0.00131 3e-06
0.001302 6e-06
0.001307 4e-06
0.001298 5e-06
0.001303 5e-06
0.001298 7e-06
0.001295 5e-06
0.0013 4e-06
0.001303 6e-06
0.001301 6e-06
0.001329 4e-06
0.001432 5e-06
0.001304 6e-06
0.001422 5e-06
0.001354 6e-06
0.001408 5e-06
0.001306 9e-06
0.0019 8e-06
0.001628 6e-06
0.001298 5e-06
0.001735 5e-06
0.001588 4e-06
0.001732 5e-06
0.001301 7e-06
0.001328 6e-06
0.001287 7e-06
0.001319 7e-06
0.001448 9e-06
0.001302 6e-06
0.001314 5e-06
0.00131 4e-06
0.00131 7e-06
0.001305 5e-06
0.001309 6e-06
0.001306 4e-06
0.001303 4e-06
0.001299 7e-06
0.0013 5e-06
0.001304 5e-06
0.001298 6e-06
0.001299 6e-06
0.001297 6e-06
0.001308 3e-06
0.001297 7e-06
0.00131 4e-06
0.001295 6e-06
0.001308 4e-06
0.001301 5e-06
0.001307 4e-06
0.001294 6e-06
0.00132 7e-06
0.001301 4e-06
0.001233 5e-06
0.001299 6e-06
0.001243 1.9e-05
0.001305 6e-06
0.001309 6e-06
0.001303 5e-06
0.001306 5e-06
0.001313 5e-06
0.001333 5e-06
0.001986 4e-06
0.001687 5e-06
0.001307 8e-06
0.001302 6e-06
0.001307 6e-06
0.001303 7e-06
0.001303 6e-06
0.001315 3e-06
0.001328 3e-06
0.00132 6e-06
0.001314 3e-06
0.001313 6e-06
0.001305 7e-06
0.001308 6e-06
0.001302 4e-06
0.001307 5e-06
0.0013 5e-06
0.001416 5e-06
0.001306 6e-06
0.001315 4e-06
0.001312 6e-06
0.001304 7e-06
0.001291 6e-06
0.001301 4e-06
0.001305 5e-06
0.001296 5e-06
0.001304 6e-06
0.001314 6e-06
0.001297 4e-06
0.001358 7e-06
0.0013 4e-06
0.001317 6e-06
0.001318 2e-06
0.001305 7e-06
0.001302 5e-06
0.001334 7e-06
0.0013 3e-06
0.00131 3e-06
0.001297 6e-06
0.001298 6e-06
0.001303 5e-06
0.001308 6e-06
0.001398 5e-06
0.001347 3e-06
0.00132 7e-06
0.001301 4e-06
0.001292 4e-06
0.001383 6e-06
0.001415 9e-06
0.001335 5e-06
0.001417 7e-06
0.001371 6e-06
0.001305 7e-06
0.001405 7e-06
0.001371 7e-06
0.0013 8e-06
0.001423 4e-06
0.001346 6e-06
0.001386 2e-06
0.001314 6e-06
0.001404 7e-06
0.00139 3e-06
0.001425 6e-06
0.001379 3e-06
0.001484 4e-06
0.001485 5e-06
0.00132 7e-06
0.001311 7e-06
0.001306 6e-06
0.001312 4e-06
0.001302 6e-06
0.001303 7e-06
0.001307 5e-06
0.001304 4e-06
0.001332 6e-06
0.001302 5e-06
0.001315 5e-06
0.001307 4e-06
0.001302 6e-06
0.001317 5e-06
0.001312 5e-06
0.001303 4e-06
0.001312 6e-06
0.00131 5e-06
0.0013 7e-06
0.001316 5e-06
0.00129 6e-06
0.001296 5e-06
0.001416 7e-06
0.001762 8e-06
0.001744 3e-06
0.001681 4e-06
0.001744 6e-06
0.00146 7e-06
0.001497 9e-06
0.001585 6e-06
0.00178 8e-06
0.001977 6e-06
0.002134 6e-06
0.002691 6e-06
0.002131 6e-06
0.001606 4e-06
0.002036 7e-06
0.001305 5e-06
0.001342 5e-06
0.001318 5e-06
0.001305 7e-06
0.001302 5e-06
0.001334 7e-06
0.001353 6e-06
0.001306 6e-06
0.001303 8e-06
0.001302 7e-06
0.001305 5e-06
0.001296 6e-06
0.001303 3e-06
0.001297 4e-06
0.001327 5e-06
0.0013 7e-06
0.001313 4e-06
0.001311 4e-06
0.0013 4e-06
0.001295 5e-06
0.00131 5e-06
0.001295 6e-06
0.001302 6e-06
0.001306 5e-06
0.001296 5e-06
0.001311 6e-06
0.001307 7e-06
0.001308 5e-06
0.001303 5e-06
0.001301 6e-06
0.001247 3e-06
0.001235 4e-06
0.001303 6e-06
0.001299 6e-06
0.001316 6e-06
0.001304 3e-06
0.001305 5e-06
0.001316 6e-06
0.001319 4e-06
0.001296 4e-06
0.001304 3e-06
0.001298 6e-06
0.001313 6e-06
0.001306 6e-06
0.0013 5e-06
0.001329 3e-06
0.001317 5e-06
0.001311 6e-06
0.001317 7e-06
0.001315 6e-06
0.001313 6e-06
0.001312 7e-06
0.001301 4e-06
0.001317 6e-06
0.001322 5e-06
0.001312 6e-06
0.001305 6e-06
0.001301 3e-06
0.001299 3e-06
0.001297 7e-06
0.001308 3e-06
0.001297 7e-06
0.001301 7e-06
0.001309 6e-06
0.001297 8e-06
0.001302 7e-06
0.001322 5e-06
0.001304 7e-06
0.0013 6e-06
0.001298 4e-06
0.001299 5e-06
0.001314 3e-06
0.001306 7e-06
0.001318 6e-06
0.001316 7e-06
0.001311 5e-06
0.001311 6e-06
0.001325 4e-06
0.001307 7e-06
0.001304 5e-06
0.001302 4e-06
0.001304 6e-06
0.001302 3e-06
0.001303 3e-06
0.001303 6e-06
0.001307 7e-06
0.001406 4e-06
0.001371 7e-06
0.001395 5e-06
0.001321 6e-06
0.001343 6e-06
0.001691 7e-06
0.001524 7e-06
0.001339 4e-06
0.001735 9e-06
0.001317 5e-06
0.001308 4e-06
0.001296 6e-06
0.001303 3e-06
0.001303 5e-06
0.001306 6e-06
0.001297 7e-06
0.001303 6e-06
0.001184 5e-06
0.001191 4e-06
0.001124 4e-06
0.0013 4e-06
0.001299 7e-06
0.001314 3e-06
0.001303 5e-06
0.001314 6e-06
0.001293 7e-06
0.001306 7e-06
0.0013 7e-06
0.001297 6e-06
0.001304 6e-06
0.001306 3e-06
0.001311 7e-06
0.001316 7e-06
0.001312 6e-06
0.00131 7e-06
0.001314 6e-06
0.001462 6e-06
0.001776 6e-06
0.001713 3e-06
0.001317 4e-06
0.001313 6e-06
0.001304 6e-06
0.001552 6e-06
0.001309 6e-06
0.001359 6e-06
0.001322 6e-06
0.001385 4e-06
0.001734 5e-06
0.001736 8e-06
0.001341 6e-06
0.00167 7e-06
0.001495 5e-06
0.001461 7e-06
0.001297 6e-06
0.001303 5e-06
0.001309 7e-06
0.001338 6e-06
0.001312 5e-06
0.001309 6e-06
0.001987 6e-06
0.002287 6e-06
0.001301 6e-06
0.001304 4e-06
0.001316 4e-06
0.001314 3e-06
0.001311 5e-06
0.001302 5e-06
0.001301 7e-06
0.001309 6e-06
0.0013 4e-06
0.001308 5e-06
0.001293 6e-06
0.001311 7e-06
0.001319 4e-06
0.001303 4e-06
0.001312 4e-06
0.001304 6e-06
0.001306 4e-06
0.001304 6e-06
0.001295 5e-06
0.001309 6e-06
0.001294 7e-06
0.00194 9e-06
0.001312 3e-06
0.001972 8e-06
0.001346 1.1e-05
0.001934 6e-06
0.001885 4e-06
0.00131 2e-06
0.0013 6e-06
0.001299 6e-06
0.001305 4e-06
0.001305 3e-06
0.001296 5e-06
0.001303 6e-06
0.001294 7e-06
0.001304 5e-06
0.001308 6e-06
0.001302 4e-06
0.001391 4e-06
0.001341 5e-06
0.001307 5e-06
0.001304 6e-06
0.001307 3e-06
0.001317 4e-06
0.001313 5e-06
0.001304 7e-06
0.0013 3e-06
0.001298 4e-06
0.001309 5e-06
0.00129 5e-06
0.001302 7e-06
0.001308 7e-06
0.001301 7e-06
0.001301 6e-06
0.001298 4e-06
0.001301 6e-06
0.001312 3e-06
0.0013 5e-06
0.001303 6e-06
0.001308 6e-06
0.001306 4e-06
0.001303 5e-06
0.001302 3e-06
0.001304 6e-06
0.001305 5e-06
0.001301 5e-06
0.001562 8e-06
0.00175 7e-06
0.001302 5e-06
0.0013 5e-06
0.001306 5e-06
0.001392 6e-06
0.001739 6e-06
0.001412 4e-06
0.001299 7e-06
0.00131 6e-06
0.001306 3e-06
0.001307 6e-06
0.00131 7e-06
0.001309 5e-06
0.001301 3e-06
0.0013 7e-06
0.001304 5e-06
0.001315 6e-06
0.001324 7e-06
0.001306 5e-06
0.001299 3e-06
0.001304 8e-06
0.001304 4e-06
0.001295 7e-06
0.001298 6e-06
0.001303 5e-06
0.001309 7e-06
0.001303 2e-06
0.0013 4e-06
0.001294 6e-06
0.001334 4e-06
0.001301 7e-06
0.001238 4e-06
0.001233 4e-06
0.001192 5e-06
0.001302 7e-06
0.001305 6e-06
0.001305 4e-06
0.001299 6e-06
0.001301 4e-06
0.001318 3e-06
0.001296 3e-06
0.001307 5e-06
0.001313 6e-06
0.001312 6e-06
0.001306 2e-06
0.001314 6e-06
0.001311 3e-06
0.001306 5e-06
0.001741 6e-06
0.001341 6e-06
0.001304 6e-06
0.001423 6e-06
0.002034 7e-06
0.001576 5e-06
0.001319 4e-06
0.001308 7e-06
0.001312 6e-06
0.001308 4e-06
0.001314 7e-06
0.001523 4e-06
0.001308 4e-06
0.001301 4e-06
0.001315 7e-06
0.001344 6e-06
0.001313 4e-06
0.001301 6e-06
0.001298 7e-06
0.001302 6e-06
0.001312 6e-06
0.001308 7e-06
0.001305 5e-06
0.001337 4e-06
0.001302 5e-06
0.0013 7e-06
0.001315 6e-06
0.001314 6e-06
0.001312 5e-06
0.00131 3e-06
0.001317 5e-06
0.001357 7e-06
0.001307 4e-06
0.001296 6e-06
0.0013 4e-06
0.001304 5e-06
0.001302 7e-06
0.001304 5e-06
0.001323 5e-06
0.001303 7e-06
0.001294 4e-06
0.001303 7e-06
0.001305 4e-06
0.001304 3e-06
0.001337 6e-06
0.001297 6e-06
0.001309 6e-06
0.001397 5e-06
0.001381 5e-06
0.001312 6e-06
0.0013 5e-06
0.001302 7e-06
0.001398 4e-06
0.001316 7e-06
0.001302 8e-06
0.001318 1e-05
0.001297 4e-06
0.001315 5e-06
0.001304 6e-06
0.001305 3e-06
0.001313 6e-06
0.001406 8e-06
0.001304 7e-06
0.001297 7e-06
0.00131 8e-06
0.001301 3e-06
0.001305 5e-06
0.001578 7e-06
0.001728 6e-06
0.002632 5e-06
0.001949 6e-06
0.001307 6e-06
0.001332 5e-06
0.001298 6e-06
0.001298 6e-06
0.001309 3e-06
0.001324 3e-06
0.001301 5e-06
0.001302 5e-06
0.001312 4e-06
0.001331 6e-06
0.001297 5e-06
0.001308 3e-06
0.001305 6e-06
0.00131 7e-06
0.001299 6e-06
0.001312 6e-06
0.001312 5e-06
0.001309 5e-06
0.001307 5e-06
0.001306 6e-06
0.00131 6e-06
0.001303 4e-06
0.001976 1e-05
0.001328 6e-06
0.001307 4e-06
0.001313 4e-06
0.001398 7e-06
0.001405 7e-06
0.001414 5e-06
0.001306 5e-06
0.001302 6e-06
0.001309 7e-06
0.001343 5e-06
0.001306 6e-06
0.001301 3e-06
0.001367 5e-06
0.001321 3e-06
0.001302 7e-06
0.001302 3e-06
0.00131 6e-06
0.001322 7e-06
0.001303 5e-06
0.001306 4e-06
0.001304 5e-06
0.001305 5e-06
0.001302 6e-06
0.001304 3e-06
0.001304 4e-06
0.001312 7e-06
0.0013 3e-06
0.001297 6e-06
0.001317 6e-06
0.001302 6e-06
0.0013 6e-06
0.001305 4e-06
0.001303 6e-06
0.00132 6e-06
0.001192 6e-06
0.001089 5e-06
0.00109 6e-06
0.001084 5e-06
0.001307 6e-06
0.001298 7e-06
0.001315 6e-06
0.001302 7e-06
0.001307 5e-06
0.001311 4e-06
0.001299 4e-06
0.001303 6e-06
0.001302 8e-06
0.001421 6e-06
0.001316 5e-06
0.001332 4e-06
0.001315 5e-06
0.001311 5e-06
0.001435 6e-06
0.001303 7e-06
0.001303 7e-06
0.001305 6e-06
0.001302 4e-06
0.001326 7e-06
0.001312 2e-06
0.00131 5e-06
0.001304 6e-06
0.001317 6e-06
0.001316 7e-06
0.001306 4e-06
0.001306 6e-06
0.001318 8e-06
0.001312 9e-06
0.001297 7e-06
0.00133 9e-06
0.001313 7e-06
0.0013 7e-06
0.001297 6e-06
0.001315 8e-06
0.001303 4e-06
0.001303 6e-06
0.001303 4e-06
0.001315 8e-06
0.001299 7e-06
0.001306 7e-06
0.001304 8e-06
0.001306 8e-06
0.00132 9e-06
0.001311 8e-06
0.001304 8e-06
0.00131 9e-06
0.001311 7e-06
0.001297 1.1e-05
0.001312 8e-06
0.00131 7e-06
0.001304 8e-06
0.001307 3e-06
0.001307 4e-06
0.001307 5e-06
0.001299 8e-06
0.001302 9e-06
0.001307 7e-06
0.001295 8e-06
0.001308 8e-06
0.001312 7e-06
0.001306 3e-06
0.00133 4e-06
0.001315 8e-06
0.001301 5e-06
0.001294 8e-06
0.001306 4e-06
0.00134 6e-06
0.001296 9e-06
0.001312 3e-06
0.001321 5e-06
0.001392 6e-06
0.001313 6e-06
0.001309 5e-06
0.001307 9e-06
0.001311 7e-06
0.001306 8e-06
0.001301 5e-06
0.001309 8e-06
0.001315 7e-06
0.001337 8e-06
0.001303 5e-06
0.001308 9e-06
0.001317 7e-06
0.001303 6e-06
0.001307 9e-06
0.001312 8e-06
0.001299 8e-06
0.001308 1e-05
0.001317 9e-06
0.001313 9e-06
0.001377 8e-06
0.001302 9e-06
0.001309 6e-06
0.001339 6e-06
0.001293 7e-06
0.001307 8e-06
0.001303 8e-06
0.001297 9e-06
0.001302 8e-06
0.001309 7e-06
0.00131 6e-06
0.001298 5e-06
0.001306 9e-06
0.001305 5e-06
0.001305 6e-06
0.001297 9e-06
0.001316 1e-05
0.001288 8e-06
0.001311 6e-06
0.001309 8e-06
0.001303 1e-05
0.001305 7e-06
0.001315 6e-06
0.001304 4e-06
0.001331 6e-06
0.001305 7e-06
0.001303 7e-06
0.0013 8e-06
0.001334 8e-06
0.001302 5e-06
0.001306 8e-06
0.001313 8e-06
0.001302 9e-06
0.0013 9e-06
0.001296 7e-06
0.001304 8e-06
0.001307 6e-06
0.001307 5e-06
0.001297 9e-06
0.001297 8e-06
0.001299 6e-06
0.001304 4e-06
0.00131 4e-06
0.001311 7e-06
0.00131 8e-06
0.001302 5e-06
0.001311 9e-06
0.001305 7e-06
0.001321 6e-06
0.001301 6e-06
0.001303 5e-06
0.001296 5e-06
0.0013 7e-06
0.001308 6e-06
0.001303 5e-06
0.001189 4e-06
0.001188 6e-06
0.001087 4e-06
0.001296 6e-06
0.001306 4e-06
0.001308 5e-06
0.001306 6e-06
0.0013 6e-06
0.001308 6e-06
0.001302 6e-06
0.001295 6e-06
0.001302 3e-06
0.001303 6e-06
0.001337 5e-06
0.001308 4e-06
0.001298 5e-06
0.001317 7e-06
0.001321 4e-06
0.001331 7e-06
0.001318 5e-06
0.001318 6e-06
0.001328 5e-06
0.001299 4e-06
0.001315 7e-06
0.001312 4e-06
0.001318 6e-06
0.001309 7e-06
0.001308 4e-06
0.00131 5e-06
0.001316 4e-06
0.001301 3e-06
0.001304 6e-06
0.001316 6e-06
0.001307 5e-06
0.001305 5e-06
0.001305 7e-06
0.001317 6e-06
0.0013 4e-06
0.00131 6e-06
0.001304 5e-06
0.001307 6e-06
0.001323 2e-06
0.001313 5e-06
0.001308 6e-06
0.001298 6e-06
0.001315 5e-06
0.001309 4e-06
0.001303 5e-06
0.001299 7e-06
0.0013 7e-06
0.001304 6e-06
0.001307 5e-06
0.001296 5e-06
0.001308 7e-06
0.001295 5e-06
0.001305 3e-06
0.00131 6e-06
0.001306 7e-06
0.001309 5e-06
0.001302 7e-06
0.001319 7e-06
0.001332 7e-06
0.00132 6e-06
0.0016 6e-06
0.001339 6e-06
0.001583 6e-06
0.001316 5e-06
0.001302 5e-06
0.001375 7e-06
0.001305 4e-06
0.00132 5e-06
0.001316 3e-06
0.001355 5e-06
0.001337 7e-06
0.001398 5e-06
0.00132 7e-06
0.00131 4e-06
0.00175 7e-06
0.001879 5e-06
0.001305 7e-06
0.001309 6e-06
0.001306 8e-06
0.001311 7e-06
0.001306 8e-06
0.001315 7e-06
0.001308 6e-06
0.001305 1e-05
0.001299 8e-06
0.001306 7e-06
0.001297 8e-06
0.001301 7e-06
0.001306 8e-06
0.001311 7e-06
0.001318 9e-06
0.00132 7e-06
0.001309 6e-06
0.001306 5e-06
0.001301 4e-06
0.001302 4e-06
0.001305 7e-06
0.001309 6e-06
0.001307 4e-06
0.001307 4e-06
0.001953 8e-06
0.0013 5e-06
0.001309 4e-06
0.001307 6e-06
0.001299 7e-06
0.001304 5e-06
0.001304 4e-06
0.001305 6e-06
0.001306 6e-06
0.001309 4e-06
0.001311 6e-06
0.001303 6e-06
0.001306 5e-06
0.001308 6e-06
0.001309 6e-06
0.001297 7e-06
0.001308 5e-06
0.001294 3e-06
0.001307 1e-05
0.001295 1e-05
0.00131 5e-06
0.001294 9e-06
0.001302 7e-06
0.001302 8e-06
0.001301 6e-06
0.0013 9e-06
0.001302 7e-06
0.001312 8e-06
0.001303 4e-06
0.001314 8e-06
0.001306 9e-06
0.001311 7e-06
0.001318 1e-05
0.001312 8e-06
0.001306 8e-06
0.001319 9e-06
0.001301 7e-06
0.001314 8e-06
0.001305 7e-06
0.001304 9e-06
0.00131 4e-06
0.00131 9e-06
0.001309 9e-06
0.001304 8e-06
0.001187 7e-06
0.001186 6e-06
0.001091 5e-06
0.001375 5e-06
0.001313 6e-06
0.001305 8e-06
0.001311 8e-06
0.001305 8e-06
0.001328 4e-06
0.001304 6e-06
0.001307 5e-06
0.001302 5e-06
0.001305 4e-06
0.001306 6e-06
0.001322 5e-06
0.001309 7e-06
0.00131 6e-06
0.001314 6e-06
0.00131 3e-06
0.001335 6e-06
0.001303 3e-06
0.001305 7e-06
0.001303 5e-06
0.001303 6e-06
0.001304 4e-06
0.001314 6e-06
0.001295 5e-06
