0.003963 0.001691

0.003899 0.001512

0.003925 0.000796

0.00394 0.001318

0.003879 0.000915

0.004113 0.001248

0.003895 0.000884

0.003892 0.000992

0.003881 0.001268

0.003866 0.000805

0.003914 0.000969

0.003893 0.001037

0.004583 0.001499

0.004429 0.001346

0.003955 0.001382

0.003925 0.001135

0.003952 0.001203

0.003922 0.00081

0.003854 0.001113

0.003881 0.001157

0.003898 0.000981

0.003856 0.001083

0.003861 0.001044

0.00386 0.000969

0.003855 0.001228

0.003888 0.001051

0.003876 0.001118

0.003907 0.000905

0.003875 0.000914

0.003868 0.001376

0.003917 0.000984

0.003914 0.001209

0.003915 0.001407

0.003858 0.0015

0.003854 0.000673

0.00388 0.001026

0.003869 0.00071

0.00397 0.001207

0.003882 0.00114

0.003967 0.001447

0.003906 0.001112

0.003877 0.001029

0.00391 0.000976

0.003849 0.000982

0.003872 0.001442

0.003904 0.001486

0.003897 0.001399

0.003937 0.001044

0.003876 0.001278

0.003844 0.001085

0.003854 0.000892

0.003877 0.000871

0.003879 0.00091

0.003851 0.001098

0.003874 0.001175

0.003879 0.001051

0.003857 0.001531

0.003894 0.001081

0.00385 0.001033

0.003899 0.00143

0.003894 0.000656

0.003908 0.001397

0.003904 0.001229

0.003873 0.001186

0.003974 0.001475

0.003935 0.001323

0.003873 0.001286

0.003902 0.001015

0.003848 0.000751

0.003836 0.00082

0.003854 0.001104

0.003918 0.000839

0.00388 0.001052

0.003889 0.001051

0.003992 0.001321

0.00385 0.000968

0.003906 0.001067

0.00392 0.001149

0.003857 0.000701

0.0039 0.001077

0.003879 0.000707

0.004016 0.000827

0.003964 0.000872

0.003916 0.001097

0.003887 0.00146

0.003855 0.000905

0.003874 0.001068

0.00392 0.000945

0.003891 0.001463

0.003915 0.001102

0.003881 0.001291

0.003912 0.000918

0.003841 0.000741

0.003854 0.000906

0.003889 0.001047

0.00387 0.001172

0.003848 0.001426

0.003889 0.00092

0.003965 0.001018

0.003909 0.001011

0.003883 0.001001

0.003842 0.001316

0.00385 0.001232

0.00389 0.000825

0.003892 0.001452

0.003852 0.001055

0.003891 0.000451

0.003872 0.001065

0.0039 0.001513

0.003875 0.001106

0.00388 0.000881

0.003862 0.000565

0.00386 0.000987

0.003877 0.001244

0.003968 0.001019

0.003922 0.001088

0.003887 0.00117

0.003877 0.001201

0.003877 0.001506

0.003861 0.000736

0.003883 0.001181

0.003915 0.001079

0.003992 0.001205

0.003909 0.00122

0.003867 0.001403

0.003871 0.001247

0.003854 0.001412

0.003848 0.001306

0.003849 0.001061

0.003915 0.001323

0.003872 0.00152

0.003844 0.001475

0.003881 0.000947

0.003935 0.001042

0.003901 0.000941

0.003909 0.001358

0.003873 0.00071

0.003854 0.001046

0.003882 0.000876

0.003861 0.001139

0.003861 0.000888

0.003868 0.000954

0.003908 0.001641

0.003885 0.001282

0.003875 0.0013

0.003851 0.001381

0.003937 0.001239

0.003882 0.001146

0.00395 0.001185

0.004003 0.001316

0.00388 0.001062

0.003873 0.000797

0.003858 0.000663

0.003852 0.00114

0.003841 0.001093

0.003887 0.001133

0.003911 0.001336

0.003878 0.001322

0.003875 0.00095

0.003978 0.001081

0.00391 0.001121

0.003914 0.00079

0.003845 0.000924

0.003879 0.001508

0.003881 0.001183

0.003862 0.001328

0.00393 0.001349

0.003876 0.00148

0.004165 0.001037

0.004052 0.000884

0.003884 0.001284

0.003915 0.001485

0.003889 0.001205

0.003878 0.00121

0.003874 0.000763

0.003855 0.000987

0.003965 0.001259

0.003895 0.001201

0.003919 0.001335

0.003918 0.000709

0.00384 0.001045

0.003849 0.001096

0.003869 0.001051

0.003909 0.001215

0.003963 0.00099

0.003871 0.00058

0.003916 0.001218

0.003888 0.00083

0.003872 0.001305

0.003893 0.001481

0.003851 0.001048

0.003899 0.000615

0.00388 0.00139

0.003908 0.001281

0.003872 0.001454

0.003885 0.000717

0.003899 0.000732

0.003885 0.001034

0.003854 0.001429

0.003848 0.000755

0.003918 0.001283

0.003878 0.000829

0.003894 0.000987

0.003919 0.001399

0.003879 0.00106

0.003909 0.001206

0.003864 0.001287

0.003934 0.001351

0.003882 0.000942

0.003883 0.000874

0.003926 0.001032

0.003899 0.001258

0.003884 0.000986

0.003882 0.000915

0.003837 0.001034

0.003844 0.00143

0.004281 0.001323

0.003922 0.001179

0.003872 0.000827

0.003884 0.000737

0.003931 0.00144

0.003964 0.001377

0.003968 0.001274

0.00387 0.00133

0.003846 0.000571

0.003835 0.000765

0.003885 0.001014

0.003927 0.001045

0.00388 0.000696

0.003896 0.000982

0.003874 0.001463

0.003878 0.000961

0.003856 0.000923

0.00386 0.001401

0.003924 0.00103

0.003868 0.001486

0.003847 0.00108

0.00391 0.000965

0.003905 0.001071

0.003927 0.001101

0.00385 0.001198

0.003879 0.000993

0.003875 0.000462

0.003917 0.001008

0.003912 0.001171

0.003908 0.001283

0.003902 0.001119

0.003875 0.001145

0.003844 0.000942

0.003855 0.000899

0.003863 0.001291

0.003885 0.001428

0.003896 0.000792

0.003915 0.001497

0.003903 0.00121

0.003919 0.001216

0.003936 0.001526

0.003882 0.000657

0.003881 0.000981

0.003878 0.001265

0.003866 0.000682

0.003913 0.000806

0.003885 0.001309

0.003968 0.000868

0.003849 0.001191

0.003931 0.001126

0.003888 0.001255

0.00387 0.000768

0.003901 0.001143

0.00388 0.001073

0.003843 0.001023

0.003892 0.001031

0.003905 0.001002

0.003839 0.000924

0.003849 0.001204

0.003936 0.000644

0.003864 0.000868

0.003891 0.001117

0.00393 0.001375

0.003954 0.001133

0.003916 0.001113

0.003857 0.000771

0.003884 0.001167

0.003852 0.001028

0.004435 0.000834

0.003975 0.000852

0.003913 0.00157

0.003885 0.001032

0.00393 0.001247

0.003868 0.001171

0.003898 0.001097

0.003852 0.000787

0.003872 0.00108

0.003878 0.001312

0.003857 0.001141

0.003878 0.000744

0.003873 0.001268

0.003873 0.001264

0.003907 0.001149

0.003905 0.000754

0.003871 0.001384

0.003853 0.00083

0.00393 0.000708

0.003906 0.001056

0.0039 0.001099

0.003853 0.001507

0.003881 0.001033

0.00386 0.001109

0.003873 0.001535

0.003885 0.001374

0.00387 0.001429

0.003875 0.00149

0.003933 0.000816

0.003933 0.001146

0.003896 0.001505

0.003892 0.000996

0.003877 0.001052

0.003849 0.001182

0.00389 0.000944

0.003939 0.001556

0.003899 0.000965

0.003828 0.001254

0.003878 0.001246

0.003932 0.000861

0.003895 0.001019

0.003894 0.00071

0.003854 0.000748

0.003881 0.001067

0.00388 0.001364

0.003852 0.001323

0.003877 0.000818

0.003871 0.001596

0.003877 0.001343

0.003883 0.00143

0.003848 0.001364

0.003864 0.00116

0.003939 0.001101

0.003909 0.000769

0.003846 0.00145

0.003848 0.000796

0.003887 0.001459

0.003929 0.001193

0.003882 0.000808

0.00391 0.001313

0.003862 0.000811

0.003846 0.00148

0.003929 0.001033

0.003877 0.00122

0.003933 0.001138

0.003907 0.00113

0.003849 0.001324

0.003862 0.000813

0.004125 0.001356

0.00389 0.001415

0.003916 0.001096

0.003849 0.001059

0.003882 0.001018

0.003895 0.001304

0.003907 0.001336

0.003878 0.001155

0.003887 0.00087

0.003877 0.000946

0.003895 0.000958

0.003907 0.001373

0.003887 0.001437

0.003877 0.001362

0.003848 0.000778

0.003871 0.000965

0.003853 0.001101

0.003847 0.001036

0.003865 0.000959

0.003889 0.001292

0.00388 0.001418

0.00391 0.001045

0.003873 0.000985

0.003941 0.000961

0.003878 0.000764

0.003873 0.001212

0.003846 0.000956

0.00388 0.001201

0.003968 0.000866

0.003882 0.001495

0.003908 0.001409

0.003857 0.001304

0.003874 0.000751

0.003973 0.001223

0.003914 0.000901

0.003902 0.000765

0.003887 0.000955

0.003855 0.000904

0.003842 0.001155

0.003884 0.00109

0.003875 0.000752

0.003885 0.001248

0.003881 0.000968

0.0039 0.000864

0.003871 0.000912

0.003845 0.000809

0.00384 0.001053

0.003945 0.001039

0.003876 0.001064

0.003881 0.001344

0.003845 0.00131

0.003909 0.001227

0.003956 0.001413

0.00388 0.000871

0.003881 0.000804

0.003908 0.001153

0.00389 0.001133

0.003918 0.001477

0.003862 0.000766

0.003909 0.001139

0.003853 0.001479

0.003853 0.001084

0.003963 0.001039

0.003889 0.001091

0.003884 0.001338

0.003879 0.001323

0.003922 0.001153

0.003883 0.001423

0.00396 0.000888

0.003915 0.001024

0.003915 0.000985

0.003855 0.001062

0.003874 0.000768

0.003898 0.001309

0.003897 0.000987

0.003876 0.00102

0.003892 0.000907

0.003882 0.001277

0.0039 0.000883

0.003952 0.001293

0.003901 0.001195

0.003936 0.001357

0.003877 0.001102

0.003918 0.001234

0.003913 0.001127

0.003853 0.001244

0.00391 0.001252

0.003891 0.000666

0.003899 0.001104

0.003855 0.001263

0.003849 0.00106

0.003904 0.00137

0.003918 0.001229

0.003908 0.001071

0.003872 0.001175

0.003854 0.000883

0.00391 0.000944

0.003882 0.001117

0.003854 0.001425

0.003904 0.00102

0.003857 0.001087

0.003875 0.001409

0.003898 0.000815

0.003906 0.001252

0.003881 0.000968

0.003883 0.001076

0.00393 0.000948

0.00388 0.001042

0.003887 0.001223

0.003885 0.001023

0.003902 0.001488

0.003894 0.000858

0.003848 0.000827

0.003905 0.001202

0.003839 0.000672

0.0039 0.001013

0.003881 0.001215

0.003903 0.000795

0.003904 0.000703

0.003851 0.00093

0.003964 0.001109

0.003879 0.000855

0.003878 0.000873

0.003863 0.001572

0.003882 0.001531

0.003918 0.001056

0.003896 0.001202

0.003943 0.000971

0.003849 0.00137

0.003846 0.000857

0.003889 0.001497

0.003934 0.001167

0.003878 0.001335

0.003846 0.001512

0.003843 0.001118

0.003884 0.00121

0.003954 0.001557

0.003953 0.001481

0.003862 0.000922

0.003845 0.000783

0.003951 0.001499

0.003878 0.00138

0.003913 0.001158

0.003913 0.001551

0.003907 0.001208

0.003917 0.001051

0.00392 0.000749

0.00393 0.000958

0.003841 0.000799

0.003866 0.001272

0.003834 0.001013

0.003867 0.000811

0.003927 0.000953

0.003907 0.001146

0.003959 0.000714

0.003848 0.001575

0.00384 0.000799

0.00392 0.001015

0.003875 0.000835

0.003909 0.001497

0.00385 0.001149

0.003878 0.001503

0.003879 0.000644

0.004149 0.000928

0.004358 0.001435

0.003912 0.001241

0.003882 0.001543

0.003904 0.000916

0.00384 0.00115

0.003859 0.000916

0.00385 0.000801

0.003942 0.001266

0.003868 0.001231

0.003883 0.000905

0.003902 0.001113

0.003855 0.001495

0.003852 0.001031

0.003885 0.001431

0.003905 0.001469

0.003913 0.000956

0.003915 0.000801

0.003894 0.000751

0.00385 0.000762

0.003853 0.001129

0.003851 0.001083

0.003844 0.000793

0.003931 0.000943

0.003909 0.001035

0.003935 0.000773

0.003847 0.000866

0.003853 0.00117

0.003842 0.001454

0.003845 0.001322

0.003875 0.000946

0.003843 0.000865

0.003914 0.001287

0.003876 0.000978

0.003904 0.000924

0.00396 0.000891

0.003908 0.000992

0.003884 0.001342

0.003851 0.000923

0.003884 0.00119

0.003879 0.000538

0.003976 0.000996

0.003905 0.000808

0.00392 0.001046

0.003858 0.000787

0.003897 0.001354

0.003912 0.001564

0.003897 0.0015

0.00391 0.001113

0.003902 0.001257

0.003883 0.000799

0.003844 0.001184

0.003906 0.001343

0.003857 0.001072

0.003861 0.001521

0.003845 0.000987

0.00387 0.001243

0.003841 0.001343

0.003883 0.000944

0.003969 0.001568

0.00392 0.001528

0.003899 0.001347

0.003925 0.001133

0.003914 0.00147

0.003915 0.001322

0.003855 0.001093

0.003846 0.001334

0.003873 0.001532

0.003858 0.001189

0.003877 0.00051

0.003871 0.00073

0.003844 0.000666

0.003885 0.000961

0.003903 0.000778

0.003859 0.001068

0.003863 0.001111

0.003952 0.001205

0.003883 0.000932

0.003884 0.001157

0.003919 0.001305

0.003878 0.000582

0.003838 0.001144

0.00385 0.001016

0.00388 0.000938

0.003911 0.001069

0.003921 0.000869

0.00393 0.001128

0.003851 0.001232

0.003901 0.001232

0.003879 0.000801

0.00386 0.000943

0.003843 0.000811

0.003899 0.000984

0.003955 0.001519

0.00391 0.000574

0.003887 0.000892

0.003847 0.000733

0.003867 0.001488

0.003851 0.001387

0.003848 0.001443

0.003875 0.001139

0.003901 0.000988

0.003917 0.001075

0.003906 0.001142

0.003874 0.00113

0.00385 0.001482

0.00388 0.000911

0.003887 0.000925

0.003958 0.000988

0.003879 0.001403

0.003983 0.000968

0.00388 0.00153

0.003871 0.000778

0.003832 0.001318

0.003851 0.001489

0.003904 0.000639

0.003863 0.001281

0.003875 0.000869

0.003869 0.001

0.003906 0.001222

0.003957 0.001261

0.003853 0.001236

0.003853 0.00118

0.003846 0.001163

0.003875 0.001268

0.003861 0.001353

0.003875 0.001173

0.003904 0.001206

0.00392 0.000924

0.003892 0.001139

0.003934 0.001462

0.003933 0.001096

0.003886 0.001011

0.003871 0.001201

0.003854 0.001058

0.003881 0.000867

0.003852 0.001011

0.003964 0.001229

0.003873 0.001047

0.003848 0.001151

0.003845 0.000722

0.003852 0.001078

0.003972 0.00122

0.003909 0.001468

0.003947 0.000757

0.003885 0.000909

0.003897 0.00089

0.003846 0.001161

0.003888 0.000755

0.00384 0.001608

0.003869 0.001316

0.003855 0.001225

0.003868 0.001206

0.003843 0.000632

0.003952 0.001118

0.003909 0.001302

0.003914 0.000941

0.003852 0.001274

0.003847 0.001059

0.003877 0.000714

0.003856 0.000719

0.003902 0.001066

0.003872 0.001138

0.003896 0.001045

0.003843 0.001507

0.003938 0.001155

0.003892 0.000975

0.003886 0.001468

0.003872 0.001164

0.003841 0.001063

0.003876 0.000794

0.003967 0.000938

0.003884 0.001055

0.003876 0.001157

0.003879 0.000993

0.003838 0.001156

0.004332 0.000821

0.003934 0.001427

0.003939 0.001339

0.003914 0.001075

0.003896 0.001338

0.003882 0.000907

0.00386 0.001011

0.003849 0.000955

0.003852 0.000674

0.003895 0.001008

0.003855 0.000895

0.003916 0.001278

0.004018 0.001089

0.003884 0.000904

0.003864 0.000695

0.003843 0.001495

0.003858 0.001267

0.00385 0.000832

0.003892 0.001392

0.003989 0.001043

0.003878 0.001251

0.003963 0.001397

0.00386 0.001386

0.003869 0.001142

0.00392 0.001339

0.003914 0.001243

0.003922 0.001447

0.003919 0.000796

0.003915 0.001432

0.003907 0.000616

0.003869 0.00068

0.00385 0.001041

0.003855 0.001314

0.003861 0.000906

0.003856 0.00104

0.003878 0.000971

0.003967 0.000729

0.003913 0.001338

0.003884 0.000977

0.003883 0.00134

0.003846 0.000991

0.003849 0.001045

0.003844 0.001182

0.003903 0.001148

0.003842 0.000919

0.003983 0.001097

0.003977 0.000972

0.003884 0.001331

0.003883 0.000882

0.003875 0.000904

0.003878 0.001573

0.003847 0.001186

0.003855 0.001208

0.003921 0.001461

0.003849 0.001268

0.003906 0.001168

0.003869 0.001231

0.003883 0.000949

0.00392 0.001049

0.003877 0.001028

0.003884 0.000872

0.00388 0.001478

0.003899 0.001186

0.003922 0.000759

0.00392 0.001127

0.003848 0.001359

0.003866 0.001479

0.003843 0.001067

0.004208 0.00103

0.003888 0.001009

0.003918 0.001217

0.003842 0.001378

0.003872 0.00111

0.003938 0.001418

0.003929 0.001241

0.003964 0.001438

0.003886 0.001037

0.003916 0.000664

0.003902 0.001499

0.003876 0.001052

0.003871 0.001325

0.003843 0.001312

0.003865 0.000834

0.003905 0.001243

0.00391 0.000731

0.003859 0.000491

0.003935 0.00139

0.003905 0.001163

0.003878 0.001057

0.00388 0.001275

0.003943 0.001056

0.003909 0.001113

0.003866 0.001065

0.003847 0.001398

0.003861 0.001467

0.003882 0.00082

0.003875 0.001267

0.003924 0.001214

0.003838 0.001213

0.003875 0.000958

0.003909 0.000879

0.0039 0.000797

0.003919 0.00108

0.003902 0.001451

0.003913 0.000916

0.003843 0.001235

0.003846 0.00066

0.003916 0.000985

0.00388 0.001199

0.003933 0.000612

0.003874 0.001101

0.003878 0.000688

0.003878 0.001089

0.003843 0.001312

0.003925 0.001396

0.003894 0.001016

0.003878 0.000941

0.003848 0.000794

0.003869 0.000736

0.003909 0.00155

0.003881 0.001346

0.003908 0.000875

0.003854 0.001381

0.003847 0.001371

0.003961 0.001176

0.003916 0.001136

0.003873 0.000808

0.003852 0.001589

0.003855 0.001334

0.003924 0.001083

0.003862 0.001313

0.003949 0.00119

0.003857 0.000896

0.003884 0.000692

0.003909 0.001251

0.003902 0.001329

0.003991 0.001156

0.003929 0.000948

0.003935 0.000999

0.003844 0.001283

0.003852 0.000911

0.003941 0.001226

0.003871 0.001462

0.003866 0.001325

0.003896 0.001298

0.003873 0.001292

0.003889 0.00125

0.003873 0.000807

0.003913 0.001525

0.003849 0.000678

0.003857 0.001297

0.003883 0.000688

0.003914 0.000802

0.003854 0.00091

0.003926 0.000822

0.003897 0.000605

0.003864 0.001219

0.00388 0.001397

0.003923 0.000943

0.003911 0.001363

0.003879 0.001562

0.003882 0.000843

0.003861 0.001483

0.003847 0.001365

0.004125 0.00108

0.003964 0.001283

0.003897 0.001132

0.00385 0.001462

0.003918 0.000734

0.003838 0.000879

0.00388 0.000898

0.003908 0.001395

0.004023 0.00143

0.003912 0.001018

0.003842 0.000747

0.003873 0.001388

0.003849 0.000839

0.003848 0.001007

0.003894 0.001319

0.003871 0.000709

0.003841 0.001496

0.003847 0.001055

0.003876 0.001266

0.003953 0.001416

0.003907 0.001439

0.003987 0.001425

0.003882 0.000897

0.003876 0.001103

0.003914 0.001156

0.003875 0.001299

0.003875 0.000989

0.003846 0.001288

0.003882 0.00113

0.003965 0.001482

0.003973 0.000943

0.004007 0.00086

0.003972 0.001291

0.00399 0.000569

0.004036 0.000828

0.003992 0.000804

0.003993 0.001154

0.003898 0.001166

0.003932 0.001358

0.004479 0.001229

0.003915 0.001036

0.003952 0.001208

0.003875 0.001158

0.00393 0.000944

0.003977 0.000794

0.003864 0.000996

0.003859 0.000973

0.003888 0.000771

0.003951 0.001321

0.003875 0.00059

0.003859 0.00088

0.003907 0.000712

0.003889 0.000663

0.003881 0.000861

0.003848 0.000644

0.003926 0.000957

0.003936 0.001479

0.003938 0.001472

0.003905 0.001426

0.003891 0.000963

0.003888 0.001328

0.003842 0.000954

0.003925 0.001547

0.003885 0.00104

0.003842 0.001282

0.003881 0.001087

0.003887 0.001063

0.003869 0.000709

0.003935 0.001372

0.003964 0.000792

0.00392 0.000973

0.003841 0.001049

0.003926 0.000796

0.00389 0.001502

0.00387 0.001219

0.003885 0.000721

0.00392 0.001287

0.003871 0.001031

0.003885 0.000787

0.00391 0.000988

0.003872 0.001032

0.00384 0.00143

0.00385 0.000733

0.003853 0.001007

0.003872 0.001508

0.003912 0.001585

0.00384 0.000929

0.003917 0.000835

0.003864 0.000874

0.003929 0.00072

0.003918 0.001405

0.003891 0.001065

0.003953 0.000778

0.00392 0.001208

0.003867 0.001253

0.003878 0.000792

0.003932 0.000829

0.004004 0.001193

0.003911 0.000519

0.003924 0.001006

0.00396 0.001249

0.004 0.001493

0.004004 0.00097

0.003986 0.001375

0.003957 0.001129

0.003985 0.001335

0.003994 0.001471

0.005201 0.001071

0.004002 0.001224

0.003978 0.001037

0.003949 0.001013

0.003886 0.000798

0.003946 0.000977

0.003992 0.001472

0.003858 0.00096

0.003962 0.001415

0.003999 0.001077

0.003999 0.001282

0.003949 0.001103

0.003972 0.001275

0.003939 0.001206

0.003918 0.001547

0.003959 0.000829

0.00396 0.001281

0.003943 0.000953

0.003948 0.001356

0.003928 0.001434

0.003955 0.001127

0.003945 0.000856

0.003904 0.001068

0.00406 0.000958

0.00409 0.001028

0.004074 0.001265

0.004011 0.001015

0.003992 0.001252

0.003969 0.000527

0.003936 0.001128

0.00391 0.001434

0.003913 0.001249

0.00391 0.001184

0.003974 0.000729

0.003956 0.000989

0.004038 0.000918

0.00402 0.000567

0.003966 0.001195

