0.001658 3e-06
0.001572 3e-06
0.001578 5e-06
0.001567 3e-06
0.001575 3e-06
0.001574 3e-06
0.001577 3e-06
0.001567 2e-06
0.001575 1e-06
0.001578 2e-06
0.001576 2e-06
0.001565 3e-06
0.001568 2e-06
0.001562 4e-06
0.001573 2e-06
0.001568 4e-06
0.001571 2e-06
0.001567 3e-06
0.001579 2e-06
0.001567 3e-06
0.001569 2e-06
0.001569 3e-06
0.001582 3e-06
0.001554 3e-06
0.001564 2e-06
0.001581 3e-06
0.001581 2e-06
0.001562 3e-06
0.00157 3e-06
0.001563 2e-06
0.001577 2e-06
0.001566 3e-06
0.001572 2e-06
0.00157 2e-06
0.001572 3e-06
0.001568 2e-06
0.001576 2e-06
0.00157 2e-06
0.001568 2e-06
0.001567 2e-06
0.001577 2e-06
0.001576 2e-06
0.001298 2e-06
0.00129 2e-06
0.001304 3e-06
0.001582 2e-06
0.001574 4e-06
0.001574 2e-06
0.001573 2e-06
0.001615 3e-06
0.001595 2e-06
0.001568 3e-06
0.001586 3e-06
0.001572 3e-06
0.001572 3e-06
0.001579 2e-06
0.001598 3e-06
0.001574 2e-06
0.001629 3e-06
0.001748 3e-06
0.001567 2e-06
0.001576 3e-06
0.001572 2e-06
0.001563 3e-06
0.001593 3e-06
0.001573 3e-06
0.001574 2e-06
0.001568 3e-06
0.001571 3e-06
0.001581 1e-06
0.001584 4e-06
0.001575 2e-06
0.001573 2e-06
0.001563 4e-06
0.001572 2e-06
0.00156 3e-06
0.001578 2e-06
0.001566 3e-06
0.001571 2e-06
0.001578 3e-06
0.001582 3e-06
0.00157 4e-06
0.00157 3e-06
0.00157 2e-06
0.001572 3e-06
0.001579 2e-06
0.001586 2e-06
0.001571 2e-06
0.001571 2e-06
0.001585 2e-06
0.00157 1e-06
0.001567 3e-06
0.001571 1e-06
0.001568 2e-06
0.001579 2e-06
0.001579 3e-06
0.001572 1e-06
0.001564 3e-06
0.001582 3e-06
0.001572 2e-06
0.001576 3e-06
0.001564 2e-06
0.001576 4e-06
0.001568 3e-06
0.001287 2e-06
0.001184 2e-06
0.001125 2e-06
0.001406 3e-06
0.001575 2e-06
0.001609 1e-06
0.001572 3e-06
0.001571 3e-06
0.001576 4e-06
0.001569 3e-06
0.001574 2e-06
0.001573 2e-06
0.001576 2e-06
0.001579 3e-06
0.001575 3e-06
0.001576 1e-06
0.001589 3e-06
0.00158 2e-06
0.001582 2e-06
0.001575 3e-06
0.001575 2e-06
0.001576 3e-06
0.00157 3e-06
0.001566 2e-06
0.00158 2e-06
0.001567 2e-06
0.00158 3e-06
0.001583 3e-06
0.001579 3e-06
0.001571 3e-06
0.001582 2e-06
0.001582 3e-06
0.001573 4e-06
0.001583 3e-06
0.001577 2e-06
0.001575 4e-06
0.001582 3e-06
0.001579 3e-06
0.001565 3e-06
0.001572 2e-06
0.001562 3e-06
0.001576 3e-06
0.001572 2e-06
0.001583 3e-06
0.001575 3e-06
0.001572 3e-06
0.001586 3e-06
0.001576 2e-06
0.001572 2e-06
0.001579 2e-06
0.001574 2e-06
0.001564 2e-06
0.001561 2e-06
0.001564 2e-06
0.001575 3e-06
0.001568 1e-06
0.001569 2e-06
0.001572 3e-06
0.00159 3e-06
0.001564 2e-06
0.001578 3e-06
0.001571 3e-06
0.001499 2e-06
0.001265 1.8e-05
0.001308 3e-06
0.001299 2e-06
0.001568 2e-06
0.001564 3e-06
0.001589 2e-06
0.001576 2e-06
0.001579 3e-06
0.001578 2e-06
0.001576 2e-06
0.00157 3e-06
0.001584 2e-06
0.001569 3e-06
0.001581 2e-06
0.001609 1.3e-05
0.001667 2e-06
0.001685 2e-06
0.001581 4e-06
0.001574 3e-06
0.001582 3e-06
0.001582 2e-06
0.001567 3e-06
0.001619 3e-06
0.00158 3e-06
0.00157 3e-06
0.001573 3e-06
0.001571 3e-06
0.001579 3e-06
0.001565 3e-06
0.001577 2e-06
0.00157 2e-06
0.001577 3e-06
0.001565 2e-06
0.001581 4e-06
0.001579 2e-06
0.001597 2e-06
0.001577 3e-06
0.001574 1e-06
0.001577 2e-06
0.001577 2e-06
0.001566 2e-06
0.001563 3e-06
0.001569 3e-06
0.001579 2e-06
0.001569 2e-06
0.00157 2e-06
0.001575 3e-06
0.001571 2e-06
0.001569 2e-06
0.001578 3e-06
0.00157 2e-06
0.001577 2e-06
0.00157 3e-06
0.001576 1e-06
0.001588 2e-06
0.00158 3e-06
0.001565 2e-06
0.001584 3e-06
0.001576 2e-06
0.001581 3e-06
0.001574 3e-06
0.001586 2e-06
0.001301 2e-06
0.001295 3e-06
0.001297 3e-06
0.001577 2e-06
0.001575 3e-06
0.001572 3e-06
0.001587 3e-06
0.00158 3e-06
0.001552 4e-06
0.001567 2e-06
0.001578 2e-06
0.001582 3e-06
0.001578 2e-06
0.001571 3e-06
0.00157 3e-06
0.00167 3e-06
0.001681 2e-06
0.001577 2e-06
0.001574 2e-06
0.001571 3e-06
0.001581 2e-06
0.001575 4e-06
0.001573 2e-06
0.001582 2e-06
0.001572 4e-06
0.001577 3e-06
0.001576 3e-06
0.001588 2e-06
0.001574 2e-06
0.001571 2e-06
0.00158 2e-06
0.001575 3e-06
0.001579 2e-06
0.001574 3e-06
0.001568 2e-06
0.001585 3e-06
0.001574 3e-06
0.001578 3e-06
0.001568 3e-06
0.001564 3e-06
0.001574 3e-06
0.001584 3e-06
0.001572 2e-06
0.00158 4e-06
0.001572 3e-06
0.001576 2e-06
0.001566 2e-06
0.001569 3e-06
0.001581 2e-06
0.001583 2e-06
0.001575 3e-06
0.001577 2e-06
0.001579 2e-06
0.001575 3e-06
0.001569 2e-06
0.00158 2e-06
0.001573 1e-06
0.00157 3e-06
0.001579 3e-06
0.001571 3e-06
0.001578 2e-06
0.001572 3e-06
0.001305 2e-06
0.001301 3e-06
0.001298 3e-06
0.001582 3e-06
0.001578 3e-06
0.001584 3e-06
0.001583 2e-06
0.001581 3e-06
0.001575 2e-06
0.001581 2e-06
0.001572 2e-06
0.001579 3e-06
0.001582 2e-06
0.001568 3e-06
0.001663 2e-06
0.001656 3e-06
0.001668 2e-06
0.001578 3e-06
0.001568 5e-06
0.001581 2e-06
0.001558 3e-06
0.001566 3e-06
0.001583 2e-06
0.001577 3e-06
0.001573 4e-06
0.001574 3e-06
0.001578 3e-06
0.001576 3e-06
0.001567 2e-06
0.001566 3e-06
0.001577 2e-06
0.001576 2e-06
0.00158 1e-06
0.001575 2e-06
0.001575 1e-06
0.001577 3e-06
0.001574 3e-06
0.001581 1e-06
0.00158 3e-06
0.00157 2e-06
0.00157 3e-06
0.00158 2e-06
0.001581 2e-06
0.001581 2e-06
0.00159 3e-06
0.001593 3e-06
0.001575 2e-06
0.001577 2e-06
0.001572 3e-06
0.001594 2e-06
0.001586 2e-06
0.001577 3e-06
0.001576 3e-06
0.001579 3e-06
0.00157 3e-06
0.001585 2e-06
0.001582 3e-06
0.001573 3e-06
0.001577 3e-06
0.001572 2e-06
0.001567 2e-06
0.001572 3e-06
0.001086 2e-06
0.001133 1e-06
0.00112 2e-06
0.001588 2e-06
0.001579 2e-06
0.001575 3e-06
0.001583 1e-06
0.001651 2e-06
0.001574 3e-06
0.001574 2e-06
0.001596 2e-06
0.001578 2e-06
0.001568 3e-06
0.001576 3e-06
0.001678 2e-06
0.001583 2e-06
0.001592 2e-06
0.001951 3e-06
0.001575 3e-06
0.001588 2e-06
0.00157 3e-06
0.001597 4e-06
0.001583 5e-06
0.001581 2e-06
0.001575 3e-06
0.001584 3e-06
0.001572 3e-06
0.00157 2e-06
0.001577 2e-06
0.001571 3e-06
0.001572 3e-06
0.001574 3e-06
0.001585 3e-06
0.001579 3e-06
0.001572 2e-06
0.00159 2e-06
0.00158 4e-06
0.001574 2e-06
0.001575 3e-06
0.001577 3e-06
0.001569 3e-06
0.001577 4e-06
0.001574 3e-06
0.001585 2e-06
0.001574 4e-06
0.001576 3e-06
0.001566 3e-06
0.00158 3e-06
0.001574 2e-06
0.001578 3e-06
0.001571 3e-06
0.001584 3e-06
0.001571 2e-06
0.001576 2e-06
0.001572 2e-06
0.001591 3e-06
0.00157 1e-06
0.001568 2e-06
0.001571 2e-06
0.001576 2e-06
0.001576 2e-06
0.001567 3e-06
0.001298 3e-06
0.001253 3e-06
0.001297 2e-06
0.001591 3e-06
0.001575 3e-06
0.00157 3e-06
0.001576 4e-06
0.001629 3e-06
0.001586 1e-06
0.001579 3e-06
0.001578 2e-06
0.001567 2e-06
0.001571 2e-06
0.001576 3e-06
0.001668 3e-06
0.001577 3e-06
0.001584 3e-06
0.001914 3e-06
0.001575 2e-06
0.00157 3e-06
0.001574 1e-06
0.001585 3e-06
0.001572 2e-06
0.001576 3e-06
0.001583 2e-06
0.001591 2e-06
0.00157 3e-06
0.001574 4e-06
0.001581 2e-06
0.001571 2e-06
0.001577 3e-06
0.001579 1e-06
0.001582 2e-06
0.001575 2e-06
0.001582 3e-06
0.001593 3e-06
0.00158 2e-06
0.001578 1e-06
0.00158 2e-06
0.001574 4e-06
0.001572 3e-06
0.001574 2e-06
0.001585 2e-06
0.001582 3e-06
0.001575 3e-06
0.00157 3e-06
0.001574 2e-06
0.001584 2e-06
0.00157 2e-06
0.001575 3e-06
0.001568 2e-06
0.001573 3e-06
0.001562 3e-06
0.001581 3e-06
0.001585 2e-06
0.001569 3e-06
0.001569 3e-06
0.00158 3e-06
0.001588 3e-06
0.001577 3e-06
0.001571 3e-06
0.001573 4e-06
0.001246 1.8e-05
0.001261 2e-06
0.00113 2e-06
0.001239 3e-06
0.001583 3e-06
0.001611 2e-06
0.001569 3e-06
0.001578 4e-06
0.001569 3e-06
0.001583 1e-06
0.001577 2e-06
0.001574 2e-06
0.001582 2e-06
0.001576 2e-06
0.001576 2e-06
0.001655 2e-06
0.00158 3e-06
0.001578 3e-06
0.001574 3e-06
0.001572 3e-06
0.001575 2e-06
0.001588 4e-06
0.00157 3e-06
0.001613 1e-06
0.001573 3e-06
0.001593 4e-06
0.001572 3e-06
0.001577 2e-06
0.00157 2e-06
0.001578 2e-06
0.001568 2e-06
0.001561 3e-06
0.00157 4e-06
0.001583 3e-06
0.001567 2e-06
0.001587 3e-06
0.001576 3e-06
0.001575 2e-06
0.001572 3e-06
0.00157 2e-06
0.001577 1e-06
0.001577 3e-06
0.001575 2e-06
0.00158 3e-06
0.001588 2e-06
0.001569 2e-06
0.001567 3e-06
0.001568 2e-06
0.001583 3e-06
0.00158 2e-06
0.001568 3e-06
0.001576 2e-06
0.001579 2e-06
0.001577 3e-06
0.001573 3e-06
0.001577 3e-06
0.001578 3e-06
0.001573 3e-06
0.001565 2e-06
0.001575 2e-06
0.001574 3e-06
0.001569 3e-06
0.001576 4e-06
0.001327 3e-06
0.0013 3e-06
0.001489 2e-06
0.001574 2e-06
0.001591 3e-06
0.001572 2e-06
0.001589 2e-06
0.001578 3e-06
0.001576 2e-06
0.001573 2e-06
0.001576 2e-06
0.001569 2e-06
0.001582 3e-06
0.001573 3e-06
0.00164 2e-06
0.00157 2e-06
0.001576 2e-06
0.001582 3e-06
0.001571 2e-06
0.001567 2e-06
0.001582 3e-06
0.001573 3e-06
0.001576 2e-06
0.001567 3e-06
0.001585 3e-06
0.00157 3e-06
0.001568 3e-06
0.00158 3e-06
0.001568 3e-06
0.001573 3e-06
0.001574 3e-06
0.001572 3e-06
0.001582 3e-06
0.001572 3e-06
0.00157 3e-06
0.001568 3e-06
0.001576 3e-06
0.001577 3e-06
0.001572 1e-06
0.001587 3e-06
0.001586 3e-06
0.001575 2e-06
0.001574 4e-06
0.001572 2e-06
0.001573 3e-06
0.001564 2e-06
0.001574 2e-06
0.001569 3e-06
0.001568 2e-06
0.001584 3e-06
0.001576 4e-06
0.001585 2e-06
0.001574 2e-06
0.00157 3e-06
0.001593 4e-06
0.001278 2e-06
0.001201 1e-06
0.001186 2e-06
0.001136 2e-06
0.001576 2e-06
0.001573 4e-06
0.001566 4e-06
0.00157 2e-06
0.001572 1e-06
0.001585 1e-06
0.00158 2e-06
0.001575 3e-06
0.001568 3e-06
0.001576 2e-06
0.001589 3e-06
0.001576 3e-06
0.001569 3e-06
0.001582 2e-06
0.001584 3e-06
0.001571 3e-06
0.001567 3e-06
0.001578 2e-06
0.001582 2e-06
0.001578 2e-06
0.001576 2e-06
0.001591 3e-06
0.001575 3e-06
0.001572 3e-06
0.00158 3e-06
0.001577 3e-06
0.001574 2e-06
0.001572 2e-06
0.00158 2e-06
0.001582 2e-06
0.001564 2e-06
0.001578 2e-06
0.001573 2e-06
0.001583 3e-06
0.001568 2e-06
0.001577 2e-06
0.001574 2e-06
0.001586 3e-06
0.001578 2e-06
0.001264 1e-06
0.001224 2e-06
0.001202 2e-06
0.001079 2e-06
0.001089 3e-06
0.001043 2e-06
0.001086 1e-06
0.001093 2e-06
0.001046 2e-06
0.001048 2e-06
0.001047 1e-06
0.001301 2e-06
0.001296 3e-06
0.001179 2e-06
0.001185 2e-06
0.001098 1e-06
0.001313 2e-06
0.001445 1e-06
0.001578 3e-06
0.001571 3e-06
0.001562 2e-06
0.001583 2e-06
0.00158 4e-06
0.001573 3e-06
0.00158 2e-06
0.001572 2e-06
0.001573 3e-06
0.001582 3e-06
0.001568 2e-06
0.001573 3e-06
0.001579 3e-06
0.001571 3e-06
0.001574 2e-06
0.001569 2e-06
0.001577 2e-06
0.001578 3e-06
0.001586 2e-06
0.001584 2e-06
0.001586 2e-06
0.001567 3e-06
0.001577 3e-06
0.001575 3e-06
0.001579 3e-06
0.001565 2e-06
0.001574 2e-06
0.001569 3e-06
0.001573 2e-06
0.001567 3e-06
0.001573 4e-06
0.001576 2e-06
0.001575 2e-06
0.001569 3e-06
0.001582 3e-06
0.001579 1e-06
0.001579 2e-06
0.001571 2e-06
0.001584 2e-06
0.001303 2e-06
0.001301 2e-06
0.001491 3e-06
0.001584 2e-06
0.00159 2e-06
0.00158 2e-06
0.001573 2e-06
0.001582 2e-06
0.001579 2e-06
0.00158 2e-06
0.001572 2e-06
0.001577 2e-06
0.001569 2e-06
0.00158 2e-06
0.001693 1e-06
0.0016 3e-06
0.001754 2.2e-05
0.001588 4e-06
0.00157 2e-06
0.001582 3e-06
0.00157 2e-06
0.001581 2e-06
0.001567 3e-06
0.001577 2e-06
0.001579 3e-06
0.001577 4e-06
0.001573 4e-06
0.001585 3e-06
0.001568 2e-06
0.001568 3e-06
0.001574 2e-06
0.001581 4e-06
0.001572 2e-06
0.001583 3e-06
0.001574 2e-06
0.001585 2e-06
0.001575 3e-06
0.001577 4e-06
0.001577 3e-06
0.001579 2e-06
0.001578 4e-06
0.001578 3e-06
0.00158 3e-06
0.001579 2e-06
0.001581 1e-06
0.001577 3e-06
0.001566 3e-06
0.001574 2e-06
0.001573 2e-06
0.001579 2e-06
0.001578 2e-06
0.001568 4e-06
0.001565 2e-06
0.001586 2e-06
0.001586 3e-06
0.00157 3e-06
0.001574 3e-06
0.001576 2e-06
0.001573 2e-06
0.001573 3e-06
0.001559 3e-06
0.001334 1e-06
0.001123 1e-06
0.001082 2e-06
0.001126 2e-06
0.001584 2e-06
0.001579 3e-06
0.001575 2e-06
0.001573 2e-06
0.001576 1e-06
0.001572 3e-06
0.001578 2e-06
0.001579 3e-06
0.001576 2e-06
0.001571 2e-06
0.001562 3e-06
0.001566 3e-06
0.001682 2e-06
0.001669 3e-06
0.00159 3e-06
0.001578 2e-06
0.001574 3e-06
0.001568 2e-06
0.001584 2e-06
0.001575 3e-06
0.001578 3e-06
0.001579 3e-06
0.001571 3e-06
0.001572 2e-06
0.001577 2e-06
0.001579 2e-06
0.001572 3e-06
0.001567 4e-06
0.001579 3e-06
0.001592 3e-06
0.0016 4e-06
0.001584 2e-06
0.001575 3e-06
0.001561 4e-06
0.001568 3e-06
0.001567 2e-06
0.001574 2e-06
0.001585 2e-06
0.001572 2e-06
0.001567 3e-06
0.001574 2e-06
0.001574 3e-06
0.00157 1e-06
0.001574 2e-06
0.001581 3e-06
0.001575 3e-06
0.001583 2e-06
0.001571 3e-06
0.001577 3e-06
0.001574 2e-06
0.001572 3e-06
0.001574 2e-06
0.001579 3e-06
0.00157 2e-06
0.001574 3e-06
0.001577 3e-06
0.001574 3e-06
0.001571 1e-06
0.001566 2e-06
0.001303 1e-06
0.001294 3e-06
0.001303 3e-06
0.001591 2e-06
0.001567 2e-06
0.00158 2e-06
0.001579 2e-06
0.001585 2e-06
0.00158 3e-06
0.001578 2e-06
0.001571 4e-06
0.001572 3e-06
0.001578 3e-06
0.001577 2e-06
0.00159 3e-06
0.001649 2e-06
0.001653 2e-06
0.001578 3e-06
0.001579 3e-06
0.001577 4e-06
0.001581 3e-06
0.001582 2e-06
0.001573 2e-06
0.001577 3e-06
0.001576 3e-06
0.001582 2e-06
0.001575 1e-06
0.001587 4e-06
0.001575 2e-06
0.001573 3e-06
0.00157 2e-06
0.00158 3e-06
0.001301 2e-06
0.001337 3e-06
0.001311 3e-06
0.001314 3e-06
0.001312 2e-06
0.002354 4e-06
0.001986 2e-06
0.002027 2e-06
0.00165 5e-06
0.001958 5e-06
0.002456 3e-06
0.002083 3e-06
0.00175 3e-06
0.001631 3e-06
0.001348 1e-06
0.001313 3e-06
0.001519 3e-06
0.001612 2e-06
0.001489 2e-06
0.001728 4e-06
0.00134 4e-06
0.001648 4e-06
0.001301 3e-06
0.001297 3e-06
0.001299 2e-06
0.001299 2e-06
0.001289 2e-06
0.001299 3e-06
0.001299 2e-06
0.001304 2e-06
0.001187 1e-06
0.00118 3e-06
0.001085 2e-06
0.00131 3e-06
0.001302 3e-06
0.001307 3e-06
0.001296 4e-06
0.001306 2e-06
0.001295 3e-06
0.001303 3e-06
0.001304 2e-06
0.0013 2e-06
0.001759 4e-06
0.001748 3e-06
0.001301 3e-06
0.001746 4e-06
0.001314 3e-06
0.001301 4e-06
0.001303 4e-06
0.001322 6e-06
0.001305 3e-06
0.001297 3e-06
0.001298 2e-06
0.001306 2e-06
0.001299 3e-06
0.001302 3e-06
0.001323 1e-06
0.001414 4e-06
0.001302 3e-06
0.001295 3e-06
0.001291 4e-06
0.00129 2e-06
0.001299 4e-06
0.001303 3e-06
0.001298 3e-06
0.001302 3e-06
0.001304 4e-06
0.001296 3e-06
0.001302 2e-06
0.001311 4e-06
0.001301 2e-06
0.001312 2e-06
0.001296 3e-06
0.001297 3e-06
0.001311 2e-06
0.001303 3e-06
0.001295 4e-06
0.001295 1e-06
0.0013 4e-06
0.001314 3e-06
0.001335 2e-06
0.001345 2e-06
0.001305 2e-06
0.001311 1e-06
0.001304 4e-06
0.001299 3e-06
0.001304 4e-06
0.001297 3e-06
0.001296 4e-06
0.001305 2e-06
0.001297 3e-06
0.001306 3e-06
0.001307 4e-06
0.001311 4e-06
0.001308 4e-06
0.001306 3e-06
0.0013 2e-06
0.001308 3e-06
0.001306 3e-06
0.001313 3e-06
0.00131 4e-06
0.001338 3e-06
0.001297 1e-06
0.001306 4e-06
0.001359 3e-06
0.001305 1e-06
0.001457 2e-06
0.001311 4e-06
0.001304 3e-06
0.001303 3e-06
0.001307 2e-06
0.001298 3e-06
0.001299 3e-06
0.001346 3e-06
0.0013 3e-06
0.00132 4e-06
0.001334 3e-06
0.001306 2e-06
0.0013 3e-06
0.001357 2e-06
0.001305 2e-06
0.0013 1e-06
0.001303 3e-06
0.001308 2e-06
0.001333 2e-06
0.001332 3e-06
0.001299 2e-06
0.001306 2e-06
0.001304 3e-06
0.001301 2e-06
0.001298 2e-06
0.001312 3e-06
0.001304 2e-06
0.001299 2e-06
0.0013 2e-06
0.001306 2e-06
0.001301 2e-06
0.001337 3e-06
0.001302 2e-06
0.001308 2e-06
0.001303 3e-06
0.0013 3e-06
0.001306 2e-06
0.001306 3e-06
0.001328 2e-06
0.001304 2e-06
0.001315 3e-06
0.001303 3e-06
0.001292 3e-06
