0.034261 0.000292
0.03612 0.000349
0.034194 0.000282
0.03575 0.000507
0.034168 0.000238
0.033957 0.000675
0.034135 0.000248
0.034058 0.000436
0.034663 0.000793
0.034306 0.000432
0.034528 0.000232
0.034807 0.000466
0.038963 0.000417
0.03568 0.00061
0.034431 0.000266
0.034796 0.000496
0.043095 0.00024
0.037304 0.000508
0.034395 0.00047
0.034257 0.000502
0.034832 0.000481
0.034412 0.000476
0.034696 0.000243
0.042175 0.000334
0.034236 0.000384
0.034848 0.000378
0.033962 0.000268
0.051292 0.000379
0.034397 0.000443
0.034563 0.000256
0.04975 0.000323
0.034235 0.000288
0.034596 0.000201
0.034596 0.000487
0.037415 0.000332
0.036815 0.000538
0.034503 0.000459
0.034765 0.000497
0.035031 0.000433
0.035076 0.000511
0.034128 0.00047
0.033504 0.000317
0.034368 0.000183
0.034448 0.000468
0.035357 0.000338
0.034217 0.000238
0.032518 0.000437
0.034195 0.000457
0.034199 0.000388
0.034295 0.000448
0.034412 0.00034
0.034393 0.000486
0.037125 0.000156
0.03458 0.000477
0.034447 0.00046
0.034144 0.000448
0.044759 0.000533
0.034825 0.000273
0.034487 0.000417
0.034789 0.000256
0.03441 0.000367
0.034263 0.000246
0.035352 0.000459
0.034371 0.000204
0.042937 0.000354
0.034758 0.000459
0.034492 0.000164
0.035163 0.000422
0.034197 0.000272
0.034856 0.000158
0.034195 0.000231
0.034177 0.000384
0.034815 0.000406
0.03426 0.000382
0.047303 0.000454
0.034891 0.000273
0.034771 0.000335
0.038992 0.000345
0.035179 0.000473
0.035044 0.00042
0.039271 0.000633
0.034244 0.000136
0.034092 0.000471
0.049581 0.000434
0.047794 0.000557
0.050448 0.00038
0.049721 0.00032
0.049236 0.000641
0.049348 0.000427
0.048083 0.000151
0.041462 0.000378
0.041498 0.000311
0.03704 0.000418
0.034138 0.000474
0.034022 0.000463
0.034392 0.000244
0.034088 0.000305
0.033983 0.000452
0.034699 0.000255
0.034225 0.000428
0.032574 0.000261
0.034171 0.000366
0.033947 0.000464
0.035656 0.000394
0.037417 0.000282
0.041726 0.000393
0.034397 0.000223
0.038469 0.000531
0.034824 0.000264
0.034532 0.000262
0.035994 0.000491
0.036273 0.00024
0.034195 0.000468
0.034424 0.000447
0.035618 0.000447
0.033916 0.000464
0.034982 0.000446
0.03836 0.000215
0.034519 0.000217
0.034082 0.000457
0.033621 0.000191
0.03457 0.000243
0.034121 0.000368
0.034014 0.000478
0.034468 0.000495
0.034189 0.000462
0.034913 0.000403
0.034085 0.000362
0.03635 0.000534
0.034683 0.000506
0.036241 0.000368
0.034408 0.000455
0.036203 0.000457
0.032939 0.000401
0.034353 0.00045
0.03411 0.000253
0.034299 0.000257
0.034058 0.000248
0.033894 0.000387
0.034782 0.000479
0.035227 0.000452
0.038159 0.000381
0.034334 0.000354
0.034352 0.000465
0.034513 0.000264
0.043125 0.000558
0.033058 0.000481
0.036493 0.000411
0.050093 0.000635
0.034448 0.000323
0.033976 0.000415
0.034712 0.000268
0.03484 0.000448
0.03394 0.000396
0.034733 0.000493
0.033917 0.000447
0.031884 0.000483
0.034083 0.000253
0.034011 0.000412
0.034141 0.000481
0.034206 0.00048
0.034027 0.000197
0.035099 0.000311
0.034064 0.000325
0.033113 0.000501
0.034066 0.000452
0.033976 0.000457
0.034339 0.000504
0.03416 0.000199
0.033312 0.000398
0.034083 0.000305
0.034074 0.000416
0.034241 0.000276
0.034255 0.000178
0.034118 0.000405
0.034871 0.000272
0.034095 0.000345
0.032423 0.000278
0.034242 0.000417
0.034087 0.000363
0.035159 0.000438
0.034118 0.000165
0.034985 0.000238
0.034537 0.000371
0.034082 0.00044
0.033026 0.000192
0.034539 0.000293
0.034017 0.000186
0.034432 0.000391
0.034058 0.000468
0.033109 0.000239
0.036607 0.000391
0.033978 0.000286
0.027898 0.00022
0.034336 0.000158
0.033577 0.000374
0.034351 0.000454
0.035262 0.000223
0.034202 0.000239
0.034205 0.000225
0.034065 0.000113
0.034823 0.000328
0.034136 0.000472
0.032791 0.000287
0.034139 0.000321
0.034013 0.000345
0.034434 0.000388
0.034085 0.000249
0.034334 0.000428
0.034193 0.000315
0.033945 0.000369
0.034156 0.000288
0.034085 0.000241
0.034177 0.000134
0.034704 0.000511
0.034126 0.00032
0.031954 0.000379
0.03443 0.000385
0.034284 0.000267
0.03428 0.000246
0.034094 0.000187
0.034324 0.00023
0.034694 0.000242
0.034018 0.00047
0.032819 0.000327
0.034074 0.000354
0.034107 0.000398
0.034228 0.000239
0.033978 0.00023
0.033305 0.00022
0.034254 0.000225
0.034028 0.000438
0.034255 0.000344
0.034248 0.000262
0.034162 0.000373
0.034877 0.000496
0.03403 0.000344
0.032113 0.000266
0.034014 0.000474
0.034249 0.000277
0.034159 0.000275
0.034104 0.000395
0.034092 0.00049
0.037351 0.000314
0.033963 0.000432
0.032992 0.000253
0.034057 0.00028
0.033988 0.000469
0.034664 0.000267
0.034018 0.000309
0.032642 0.000497
0.034105 0.000148
0.035112 0.000461
0.034186 0.000469
0.033911 0.000402
0.034184 0.000454
0.035519 0.000514
0.034104 0.000469
0.033004 0.000664
0.041163 0.000491
0.03776 0.000413
0.041132 0.000306
0.040863 0.000286
0.041219 0.000458
0.041262 0.000415
0.041144 0.000352
0.04124 0.00028
0.042376 0.000484
0.041208 0.000512
0.042427 0.000558
0.041069 0.000551
0.04135 0.000451
0.041021 0.000438
0.040545 0.000379
0.040986 0.000554
0.035916 0.000552
0.041061 0.000406
0.036254 0.000566
0.04104 0.000407
0.041029 0.000262
0.041317 0.000547
0.041134 0.000546
0.041078 0.000437
0.04113 0.000553
0.042864 0.000412
0.04101 0.000362
0.042359 0.00051
0.041279 0.000501
0.04165 0.000594
0.041164 0.000563
0.041252 0.000176
0.040992 0.00049
0.039348 0.00058
0.041248 0.000549
0.035553 0.00041
0.04121 0.000483
0.037695 0.000207
0.041337 0.000343
0.041168 0.000377
0.041665 0.000303
0.041201 0.00022
0.042341 0.000582
0.041378 0.000497
0.04264 0.000223
0.041274 0.000537
0.042316 0.000639
0.04121 0.00033
0.041327 0.000469
0.04107 0.000545
0.040029 0.000487
0.041313 0.00048
0.03751 0.000328
0.041367 0.00034
0.037615 0.000387
0.040952 0.000546
0.039913 0.000399
0.041189 0.000293
0.041329 0.000352
0.041251 0.000388
0.041274 0.000317
0.042614 0.000395
0.041006 0.000257
0.042445 0.000584
0.040993 0.000303
0.041415 0.000688
0.041488 0.000549
0.048176 0.00069
0.048099 0.000541
0.049617 0.000301
0.047809 0.000582
0.047973 0.000256
0.048784 0.000345
0.034787 0.000172
0.034359 0.000243
0.03481 0.000242
0.03775 0.000248
0.034407 0.000401
0.037791 0.000352
0.034454 0.000235
0.032162 0.000516
0.034962 0.00048
0.034509 0.000385
0.049987 0.000756
0.03423 0.000471
0.034568 9e-05
0.03453 0.000467
0.034222 0.000319
0.035493 0.000225
0.048002 0.000676
0.034975 0.000512
0.034375 0.000252
0.034621 0.000373
0.035734 0.000514
0.034812 0.000376
0.034252 0.000338
0.035051 0.00027
0.034365 0.000327
0.035141 0.00051
0.034604 0.000337
0.03366 0.000333
0.03497 0.000291
0.034318 0.000453
0.034934 0.000314
0.034014 0.000417
0.032736 0.000446
0.034253 0.000469
0.034198 0.000453
0.034393 0.000293
0.034389 0.000365
0.034639 0.000426
0.035265 0.000331
0.05086 0.000585
0.035043 0.000438
0.034261 0.00026
0.034408 0.000542
0.034723 0.000285
0.034462 0.000478
0.036721 0.000459
0.034117 0.000256
0.034015 0.000274
0.043802 0.000571
0.037486 0.000431
0.035333 0.000289
0.034697 0.000397
0.03471 0.000548
0.034518 0.000474
0.034211 0.000444
0.034613 0.000312
0.034346 0.000405
0.032511 0.000387
0.034244 0.000516
0.034535 0.00024
0.034272 0.000444
0.034681 0.000474
0.034228 0.000375
0.034892 0.000483
0.034233 0.000344
0.035938 0.00052
0.034394 0.00031
0.034338 0.000467
0.035646 0.000526
0.034269 0.000216
0.032918 0.000481
0.040859 0.000555
0.037259 0.000473
0.046049 0.000265
0.034831 0.000539
0.034407 0.000401
0.034791 0.00028
0.037437 0.000181
0.034349 0.000243
0.034359 0.000478
0.035258 0.000343
0.034807 0.000468
0.035153 0.000388
0.035886 0.000282
0.034284 0.00035
0.035409 0.000402
0.034759 0.000414
0.034417 0.000475
0.035093 0.000248
0.034348 0.000436
0.046672 0.000484
0.04198 0.000343
0.04004 0.000328
0.041475 0.000532
0.036789 0.000428
0.041323 0.000207
0.036401 0.000572
0.041789 0.000568
0.040658 0.000442
0.041339 0.000533
0.037071 0.000297
0.041578 0.000504
0.028085 0.000221
0.041375 0.000249
0.042618 0.000399
0.041419 0.000528
0.041749 0.000371
0.041348 0.000452
0.041568 0.000528
0.041274 0.000579
0.037295 0.000236
0.041408 0.000497
0.036482 0.000555
0.041542 0.000454
0.037788 0.0002
0.041502 0.000372
0.040497 0.000396
0.041481 0.000289
0.041338 0.000508
0.042004 0.000564
0.041223 0.000511
0.041773 0.000366
0.041316 0.000333
0.042901 0.000565
0.041508 0.000188
0.04283 0.000587
0.041632 0.000566
0.042979 0.000461
0.041305 0.000241
0.0426 0.000422
0.041428 0.000298
0.043647 0.000383
0.042567 0.000315
0.042501 0.000272
0.041357 0.000472
0.037602 0.000568
0.041366 0.000483
0.042566 0.00061
0.041259 0.000554
0.037743 0.000465
0.041403 0.000544
0.040285 0.000433
0.041312 0.000334
0.041378 0.000554
0.042513 0.000461
0.043069 0.000237
0.042363 0.000555
0.040923 0.00044
0.043394 0.000523
0.042195 0.000312
0.046826 0.000914
0.044766 0.000626
0.045756 0.000391
0.042368 0.000259
0.042351 0.000565
0.041077 0.000494
0.041731 0.000411
0.041054 0.000551
0.041739 0.000453
0.041243 0.000564
0.038418 0.000357
0.034224 0.000353
0.034143 0.000457
0.035109 0.000353
0.034453 0.00026
0.033494 0.000477
0.034116 0.000479
0.034101 0.000235
0.034345 0.000316
0.034442 0.00033
0.033689 0.000293
0.034253 0.000405
0.034178 0.000377
0.034648 0.000453
0.034126 0.000215
0.034245 0.000257
0.035107 0.000364
0.034756 0.000453
0.032983 0.000442
0.035244 0.000347
0.03409 0.000434
0.035678 0.000507
0.034456 0.000471
0.0345 0.000181
0.035371 0.000298
0.034293 0.000235
0.034302 0.000518
0.034925 0.000356
0.034494 0.000466
0.034998 0.000402
0.03447 0.000467
0.033489 0.000358
0.034074 0.000279
0.03428 0.000323
0.034782 0.000508
0.034278 0.000409
0.032989 0.000477
0.034155 0.000205
0.034111 0.00039
0.034552 0.000425
0.036212 0.000183
0.034253 0.000305
0.034522 0.000474
0.034685 0.00043
0.0343 0.000472
0.034538 0.000294
0.034151 0.00047
0.03482 0.000289
0.035482 0.000461
0.03327 0.000482
0.034272 0.000483
0.034178 0.000463
0.035388 0.000424
0.034369 0.000406
0.032977 0.000396
0.034301 0.000266
0.034585 0.000442
0.034308 0.00045
0.034196 0.000479
0.03459 0.000475
0.035236 0.000467
0.034992 0.000353
0.034632 0.000261
0.034161 0.000448
0.034269 0.000461
0.035384 0.000437
0.035093 0.00039
0.034553 0.000473
0.036982 0.000196
0.035386 0.000452
0.034592 0.000535
0.035601 0.000348
0.032228 0.000358
0.034603 0.000327
0.0342 0.000364
0.034382 0.000253
0.034127 0.000438
0.03492 0.000519
0.034988 0.000267
0.034125 0.000228
0.032419 0.000291
0.034737 0.000226
0.035406 0.000468
0.034503 0.000648
0.034443 0.000484
0.03302 0.000374
0.035116 0.000355
0.034214 0.000473
0.034744 0.000339
0.034341 0.000241
0.034217 0.000282
0.0357 0.00029
0.034645 0.00056
0.034608 0.000449
0.034257 0.000275
0.037448 0.000524
0.035962 0.000299
0.036872 0.000517
0.035039 0.000391
0.034227 0.000472
0.034404 0.000496
0.034172 0.000389
0.034914 0.000222
0.034628 0.000403
0.042366 0.00066
0.033877 0.000408
0.034339 0.00038
0.03481 0.000457
0.034423 0.000286
0.04139 0.000654
0.034054 0.000504
0.035426 0.000318
0.034372 0.00048
0.03526 0.000313
0.03418 0.000463
0.033438 0.000503
0.034723 0.000333
0.034397 0.000462
0.034393 0.000112
0.034441 0.000206
0.035016 0.000433
0.034449 0.000183
0.034457 0.000468
0.034349 0.000335
0.034616 0.000256
0.034097 0.000183
0.035084 0.000382
0.03409 0.000278
0.032258 0.000389
0.03498 0.000486
0.03436 0.000454
0.048507 0.000537
0.035131 0.000394
0.035068 0.000401
0.034555 0.000394
0.032658 0.000275
0.034637 0.000348
0.034186 0.000487
0.034228 0.00034
0.03417 0.000341
0.034593 0.000379
0.034951 0.00048
0.035326 0.000522
0.03441 0.00031
0.034226 0.000379
0.034324 0.000163
0.034659 0.000194
0.034166 0.000469
0.032442 0.000327
0.034577 0.000457
0.034087 0.000461
0.034291 0.000285
0.034177 0.000412
0.034195 0.000322
0.034938 0.00047
0.03435 0.000136
0.033379 0.000338
0.034095 0.000326
0.03431 0.000454
0.034557 0.000481
0.034167 0.000468
0.033152 0.000366
0.034706 0.000356
0.04207 0.000441
0.037459 0.000415
0.049359 0.000425
0.03525 0.000339
0.039572 0.000349
0.033811 0.000247
0.034891 0.000553
0.034771 0.000183
0.034907 0.000404
0.034185 0.000478
0.032807 0.000179
0.034924 0.000433
0.034246 0.000466
0.034229 0.000472
0.034035 0.000296
0.03408 0.000259
0.034984 0.000356
0.034156 0.000307
0.03377 0.000267
0.034088 0.000333
0.034402 0.000404
0.034715 0.000589
0.034661 0.0001
0.031585 0.000385
0.033955 0.000379
0.034194 0.000381
0.034742 0.000364
0.034077 0.000472
0.03193 0.000466
0.034369 0.000466
0.034052 0.000476
0.034473 0.000487
0.034298 0.000376
0.03443 0.000269
0.034727 0.000283
0.034035 0.000448
0.0324 0.000488
0.034104 0.000393
0.034341 0.000341
0.034253 0.000362
0.033981 0.000456
0.033947 0.000322
0.035526 0.0003
0.034022 0.000461
0.032806 0.000481
0.034196 0.00028
0.034999 0.000473
0.035231 0.000503
0.035181 0.000306
0.033611 0.000231
0.034261 0.000389
0.035592 0.000349
0.034621 0.000497
0.03415 0.000473
0.034095 0.000236
0.035935 0.000359
0.034439 0.000135
0.041108 0.000725
0.034302 0.000229
0.034467 0.000403
0.03544 0.000275
0.034938 0.000371
0.032261 0.000368
0.034163 0.000458
0.051966 0.000663
0.044683 0.000355
0.037572 0.000509
0.035254 0.000379
0.034818 0.00029
0.033555 0.000458
0.03535 0.000445
0.034055 0.000352
0.034767 0.000501
0.034273 0.00018
0.03586 0.000403
0.03437 0.000253
0.034755 0.000378
0.034511 0.000474
0.03443 0.000398
0.037239 0.000214
0.03539 0.000239
0.034491 0.000486
0.034357 0.000479
0.034055 0.000471
0.035821 0.000407
0.035036 0.000257
0.034065 0.000348
0.033748 0.000231
0.034415 0.000437
0.034455 0.000444
0.034812 0.000259
0.03414 0.000464
0.033046 0.000467
0.036217 0.000184
0.034114 0.000452
0.034212 0.000247
0.034295 0.000368
0.034352 0.000173
0.034604 0.000297
0.034566 0.000481
0.034046 0.000373
0.03414 0.000367
0.03438 0.000462
0.034741 0.000503
0.03412 0.00048
0.032174 0.000193
0.034467 0.000441
0.034126 0.000255
0.034107 0.000383
0.034555 0.000455
0.034557 0.000351
0.034926 0.000283
0.034133 0.000347
0.032661 0.000489
0.034192 0.000128
0.034403 0.000249
0.034738 0.000561
0.034022 0.000491
0.033174 0.000366
0.03437 0.000621
0.034238 0.00047
0.034274 0.000448
0.034083 0.00022
0.034505 0.000481
0.034877 0.000477
0.034068 0.000468
0.033484 0.00039
0.034183 0.000223
0.034989 0.000229
0.036404 0.000328
0.036136 0.000499
0.036263 0.000303
0.034925 0.000269
0.03385 0.000458
0.034109 0.000299
0.034112 8.3e-05
0.03482 0.000281
0.034984 0.000479
0.034262 0.000349
0.034357 0.000335
0.034464 0.000403
0.034488 0.000474
0.034443 0.000374
0.034413 0.00047
0.033841 0.000265
0.034677 0.000395
0.03425 0.000466
0.034209 0.000437
0.034211 0.0002
0.034513 0.000169
0.03501 0.000234
0.034719 0.000295
0.03236 0.000498
0.034133 0.000254
0.03437 0.000236
0.035307 0.000404
0.034081 0.00028
0.034468 0.00051
0.035207 0.000443
0.034113 0.000285
0.035143 0.000333
0.034135 0.000476
0.034279 0.000467
0.035524 0.000272
0.035868 0.000443
0.032986 0.000398
0.034543 0.000467
0.034207 0.000461
0.034393 0.000489
0.034412 0.000278
0.034212 0.000401
0.035633 0.000328
0.034057 0.000405
0.032464 0.000348
0.034246 0.000335
0.033985 0.000346
0.034501 0.000391
0.03409 0.000385
0.034632 0.00047
0.035016 0.000453
0.034348 0.000144
0.033043 0.000209
0.034192 0.000259
0.033954 0.000444
0.03427 0.000553
0.034522 0.000239
0.033978 0.000255
0.03463 0.00026
0.034219 0.000337
0.034636 0.000226
0.034322 0.000202
0.034008 0.00039
0.034954 0.000485
0.034532 0.000471
0.033837 0.000541
0.034999 0.00051
0.034901 0.000461
0.034212 0.000481
0.034938 0.000178
0.034492 0.000472
0.035093 0.000461
0.034133 0.000365
0.034078 0.000268
0.034415 0.000378
0.03424 0.000424
0.034765 0.000394
0.034367 0.000139
0.032878 0.000365
0.034363 0.00034
0.034045 0.000189
0.034174 0.000478
0.034399 0.000147
0.034061 0.000148
0.034876 0.000258
0.034142 0.000431
0.032617 0.000263
0.034142 0.000435
0.034147 0.000484
0.034127 0.000341
0.034073 0.000342
0.03409 0.000233
0.03469 0.000503
0.034031 0.000426
0.032584 0.000154
0.034487 0.000143
0.034079 0.00039
0.034029 0.000466
0.035034 0.000338
0.042309 0.000336
0.034092 0.000489
0.034037 0.000319
0.034205 0.000465
0.034182 0.000242
0.034344 0.00027
0.034815 0.000488
0.034005 0.000434
0.032473 0.000178
0.034425 9.3e-05
0.034026 0.000215
0.034115 0.000523
0.034014 0.000467
0.034151 0.000306
0.034687 0.000115
0.034161 0.000402
0.0331 0.00025
0.034104 0.000473
0.03444 0.000316
0.03425 0.000414
0.034131 0.000359
0.033348 0.000251
0.03497 0.000225
0.034136 0.000438
0.033816 0.000298
0.034078 0.000269
0.034256 0.000399
0.03512 0.00052
0.034117 0.000405
0.03236 0.000238
0.034345 0.00042
0.034194 0.000239
0.034185 0.000373
0.034114 0.000229
0.034094 0.000437
0.034879 0.000455
0.034061 0.000431
0.033317 0.00041
0.034084 0.00046
0.034047 0.000467
0.034366 0.00031
0.033914 0.000475
0.03414 0.000287
0.035161 0.000436
0.034239 0.000166
0.03417 0.000349
0.034088 0.000474
0.034098 0.000463
0.034646 0.000366
0.034265 0.000189
0.032961 0.000391
0.035208 0.000499
0.034287 0.000174
0.034757 0.000243
0.04847 0.0007
0.032734 0.000475
0.034802 0.000495
0.034758 0.000344
0.034142 0.000213
0.030216 0.00046
0.034264 0.000335
0.034553 0.000186
0.034692 0.000275
0.034324 0.000464
0.031866 0.000377
0.034077 0.000271
0.034176 0.000261
0.034251 0.000478
0.034168 0.000466
0.034052 0.00038
0.035115 0.000287
0.034257 0.000235
0.032032 0.000455
0.034108 0.000415
0.03416 0.000463
0.035114 0.000456
0.034096 0.000436
0.03383 0.000384
0.034577 0.000482
0.034509 0.000322
0.034123 0.000392
0.03407 0.000465
0.034065 0.000365
0.035674 0.000361
0.034157 0.000239
0.031792 0.000267
0.034214 0.000425
0.033958 0.000474
0.03473 0.000384
0.033975 0.000468
0.03406 0.00047
0.034805 0.000336
0.034266 0.00022
0.033385 0.000479
0.034158 0.000408
0.033952 0.000376
0.03459 0.000261
0.034185 0.000472
0.033106 0.000227
0.034127 0.000384
0.034786 0.000253
0.034497 0.000428
0.034044 0.000323
0.034026 0.000221
0.03636 0.000504
0.034322 0.000476
0.031996 0.00025
0.034299 0.000454
0.034066 0.000312
0.034184 0.000313
0.034131 0.000396
0.034054 0.000229
0.034939 0.000322
0.034147 0.000442
0.032514 0.00052
0.034999 0.000472
0.034069 0.000294
