0.012029 0.000123
0.011131 3.2e-05
0.011625 3.6e-05
0.010118 2.6e-05
0.011516 3.5e-05
0.012081 3e-05
0.014939 3.1e-05
0.00962 1.6e-05
0.011912 3.1e-05
0.012718 2e-05
0.009326 2.2e-05
0.009352 1.9e-05
0.009467 1.6e-05
0.009254 1.3e-05
0.009281 2.5e-05
0.009843 2.9e-05
0.012603 4.3e-05
0.013625 2.2e-05
0.012598 2.9e-05
0.011638 3.8e-05
0.013724 2.5e-05
0.013615 2.6e-05
0.01252 4.1e-05
0.013426 3.2e-05
0.014047 3.7e-05
0.010905 2.9e-05
0.013314 3.2e-05
0.012128 1.7e-05
0.012969 2.5e-05
0.013437 3.2e-05
0.014136 4.6e-05
0.013504 3.5e-05
0.013601 3.7e-05
0.013433 3.5e-05
0.013667 3.4e-05
0.013552 2.7e-05
0.009332 1.5e-05
0.009276 1.8e-05
0.009321 2.6e-05
0.009303 2.2e-05
0.009287 2.3e-05
0.009338 2.3e-05
0.009255 1.8e-05
0.009827 2.5e-05
0.009289 2.6e-05
0.011207 3.7e-05
0.009284 2.3e-05
0.009085 1.2e-05
0.009409 9e-06
0.009262 1.4e-05
0.009279 1.6e-05
0.009301 2.5e-05
0.009236 1.6e-05
0.00922 1.9e-05
0.009274 2.3e-05
0.009236 2.2e-05
0.009249 2.5e-05
0.008725 2.6e-05
0.009735 2.1e-05
0.009515 1.5e-05
0.00935 1.4e-05
0.009331 2.4e-05
0.009368 2.2e-05
0.009272 2.2e-05
0.010316 3e-05
0.009428 2.5e-05
0.009832 2e-05
0.008821 2.7e-05
0.009292 1.6e-05
0.009365 1.1e-05
0.009291 2.6e-05
0.009271 2.4e-05
0.009548 2.3e-05
0.009372 1.3e-05
0.009254 1.7e-05
0.009213 2.4e-05
0.009234 1.8e-05
0.00795 2.4e-05
0.009659 2.5e-05
0.009543 2.9e-05
0.009514 2.4e-05
0.009267 2.4e-05
0.009209 1.4e-05
0.00919 2.3e-05
0.009226 1.3e-05
0.009245 2.5e-05
0.010155 2.1e-05
0.012014 1.3e-05
0.009318 2.8e-05
0.009455 2.6e-05
0.00928 2.3e-05
0.009282 2.5e-05
0.011652 2.5e-05
0.012796 2.1e-05
0.009245 1.3e-05
0.009191 2.2e-05
0.009006 1.1e-05
0.009243 1.8e-05
0.009286 2.3e-05
0.00996 2.9e-05
0.009749 2.3e-05
0.010305 1.9e-05
0.00922 2.4e-05
0.009276 2.3e-05
0.009174 1.8e-05
0.009282 2e-05
0.009271 2.6e-05
0.009261 2.3e-05
0.009485 2.1e-05
0.009323 2.5e-05
0.009219 2.2e-05
0.009215 2.2e-05
0.009209 2.6e-05
0.009268 2.4e-05
0.009237 2.6e-05
0.009206 2.4e-05
0.00899 2.2e-05
0.009198 2.2e-05
0.009217 2.3e-05
0.009258 2.8e-05
0.009229 2.4e-05
0.009203 1.7e-05
0.009317 9e-06
0.010022 2.4e-05
0.009279 2.2e-05
0.009279 1.5e-05
0.009417 2.1e-05
0.009296 1.9e-05
0.009365 2.4e-05
0.009506 2.5e-05
0.00935 1.9e-05
0.009234 1.6e-05
0.009221 2.4e-05
0.010872 2.7e-05
0.009443 2.7e-05
0.009578 2.5e-05
0.011392 2.4e-05
0.009269 2.4e-05
0.009452 2.8e-05
0.009287 2.5e-05
0.009294 2.2e-05
0.009388 2.4e-05
0.009576 2.6e-05
0.011301 2.5e-05
0.009289 8e-06
0.008355 2e-05
0.009361 2.3e-05
0.009325 1.9e-05
0.009492 1.4e-05
0.009249 2.2e-05
0.009248 2.3e-05
0.009218 2.3e-05
0.00945 1.7e-05
0.010324 2.6e-05
0.00925 2.2e-05
0.008922 1.9e-05
0.009364 1.1e-05
0.009349 1.6e-05
0.009297 2.4e-05
0.009256 2.1e-05
0.009235 1.9e-05
0.009176 2.5e-05
0.009243 1.4e-05
0.00925 1e-05
0.009252 2.3e-05
0.009234 2.5e-05
0.009225 2.2e-05
0.009256 1.3e-05
0.010539 2.7e-05
0.010593 2.4e-05
0.010876 2.2e-05
0.009981 2.7e-05
0.011811 3.6e-05
0.010086 1.8e-05
0.009333 1.4e-05
0.01141 2e-05
0.009479 2.4e-05
0.009685 3.1e-05
0.009449 2.6e-05
0.009341 2.2e-05
0.009535 1.3e-05
0.009344 1.5e-05
0.009299 1.3e-05
0.009251 2e-05
0.009297 2.3e-05
0.009274 1.5e-05
0.009297 2.5e-05
0.009502 3.2e-05
0.009381 1.5e-05
0.009269 2.6e-05
0.010934 2.3e-05
0.009336 2.1e-05
0.009712 2.7e-05
0.009265 2.2e-05
0.009189 2.2e-05
0.009442 2.8e-05
0.009321 2e-05
0.009411 2.4e-05
0.009303 2.5e-05
0.009301 2.3e-05
0.009219 1.3e-05
0.009208 2.2e-05
0.009208 1.9e-05
0.009224 2e-05
0.00925 2e-05
0.009275 2.3e-05
0.010978 2.7e-05
0.011257 2.8e-05
0.011193 2.7e-05
0.011233 1.5e-05
0.011108 2.4e-05
0.011184 2.7e-05
0.011124 1.1e-05
0.007969 1.3e-05
0.011154 1.8e-05
0.011838 2.5e-05
0.01129 2.8e-05
0.01108 2e-05
0.011073 2.2e-05
0.01111 2.7e-05
0.011141 2.6e-05
0.00982 1.9e-05
0.011266 2.8e-05
0.011449 3.1e-05
0.011203 1.2e-05
0.011128 2.5e-05
0.011193 2.5e-05
0.011105 2.1e-05
0.011143 1.6e-05
0.011246 1.9e-05
0.011258 2.4e-05
0.011345 1.6e-05
0.011223 2.9e-05
0.011234 2.7e-05
0.011253 1.8e-05
0.011285 3.1e-05
0.011295 2.8e-05
0.011245 1.5e-05
0.011366 3.1e-05
0.01129 2.3e-05
0.011386 3.1e-05
0.011289 2.7e-05
0.011276 2.7e-05
0.011147 2.7e-05
0.011185 2.6e-05
0.011188 2.8e-05
0.011411 2.8e-05
0.011184 2.3e-05
0.011238 1.7e-05
0.011164 2.8e-05
0.011103 2.5e-05
0.011102 2.8e-05
0.011193 2.4e-05
0.011117 2.6e-05
0.011723 1.7e-05
0.011483 2.3e-05
0.011224 3.2e-05
0.011216 2.4e-05
0.011222 2.7e-05
0.011275 2.4e-05
0.011197 2.8e-05
0.011217 2.4e-05
0.00853 2.6e-05
0.011412 3.1e-05
0.01257 2.4e-05
0.011309 1.8e-05
0.011436 3e-05
0.011312 3e-05
0.011089 1.9e-05
0.011249 2.8e-05
0.011108 1.8e-05
0.009324 2.5e-05
0.009232 2.1e-05
0.009281 2.4e-05
0.009251 2e-05
0.009214 1.5e-05
0.009239 9e-06
0.0094 2.3e-05
0.009293 1.4e-05
0.009294 1.9e-05
0.007939 3.5e-05
0.009287 1.8e-05
0.010086 3.8e-05
0.00929 2.3e-05
0.009269 2.4e-05
0.00927 1.4e-05
0.009271 1.7e-05
0.009238 2.2e-05
0.009367 2e-05
0.009261 2.1e-05
0.00933 1.8e-05
0.009407 1.6e-05
0.009327 2.5e-05
0.009264 1.6e-05
0.00926 2.1e-05
0.009239 2.4e-05
0.009292 2.2e-05
0.00924 2.3e-05
0.009259 2.2e-05
0.009254 1.7e-05
0.008914 3.3e-05
0.009238 2.3e-05
0.009245 2.6e-05
0.00927 2.4e-05
0.009287 2.6e-05
0.009236 2e-05
0.009243 2.3e-05
0.009504 2.2e-05
0.009219 1.9e-05
0.009216 1.7e-05
0.008442 3.4e-05
0.009285 1.2e-05
0.009251 1.2e-05
0.009748 1.8e-05
0.009265 2e-05
0.009265 1.1e-05
0.009228 2.3e-05
0.009187 1.2e-05
0.010307 3.2e-05
0.009219 2.3e-05
0.008469 1.8e-05
0.009245 2.1e-05
0.009964 4.3e-05
0.009499 1.6e-05
0.009248 2.4e-05
0.00927 1.3e-05
0.00953 1.2e-05
0.010324 2e-05
0.009423 2.5e-05
0.009298 1.8e-05
0.009816 2.3e-05
0.009343 2.7e-05
0.009805 2.1e-05
0.009306 2e-05
0.009277 2.5e-05
0.009268 2.5e-05
0.009682 2.5e-05
0.009243 2.3e-05
0.009244 2e-05
0.009279 2.4e-05
0.009235 2.1e-05
0.009263 2.2e-05
0.009453 1.1e-05
0.009302 1.3e-05
0.009251 1.1e-05
0.009199 2.3e-05
0.012056 3.6e-05
0.009449 1.7e-05
0.010738 2.8e-05
0.00906 2.4e-05
0.009382 1.5e-05
0.00944 2.2e-05
0.009442 2.3e-05
0.009357 2.1e-05
0.009322 2.4e-05
0.009449 2.2e-05
0.009312 2.3e-05
0.013441 3e-05
0.013429 3.4e-05
0.013384 2.6e-05
0.010824 2.5e-05
0.009334 2.6e-05
0.009776 2.6e-05
0.009804 1.7e-05
0.011679 3.1e-05
0.010513 1.8e-05
0.011118 1.8e-05
0.009311 2.4e-05
0.009356 2.3e-05
0.009255 1.2e-05
0.00937 1.3e-05
0.009585 1.7e-05
0.009288 1.7e-05
0.009262 2.3e-05
0.009257 1.2e-05
0.009183 2e-05
0.011084 2.4e-05
0.009049 2e-05
0.009303 2.2e-05
0.009279 2.1e-05
0.00936 2.1e-05
0.00934 2.7e-05
0.009239 2.3e-05
0.00921 2.2e-05
0.009302 2e-05
0.009317 2.6e-05
0.009479 3.4e-05
0.009158 3.7e-05
0.009341 2.8e-05
0.009278 2.7e-05
0.009384 1.6e-05
0.009219 1.5e-05
0.009222 2.4e-05
0.009854 2.8e-05
0.010212 2.4e-05
0.009438 2.5e-05
0.009314 1.2e-05
0.008618 1.6e-05
0.009345 1.6e-05
0.009497 2.2e-05
0.009349 2.6e-05
0.009743 1.6e-05
0.009568 2.4e-05
0.009234 2.1e-05
0.009224 1.2e-05
0.009209 2.5e-05
0.009216 1.9e-05
0.010808 3e-05
0.011207 2.6e-05
0.011143 2.3e-05
0.011138 2.6e-05
0.011105 2.3e-05
0.011093 1.8e-05
0.011115 1.9e-05
0.011145 2.6e-05
0.009151 2.8e-05
0.011256 2.5e-05
0.011761 2.2e-05
0.011224 2.7e-05
0.011175 1.9e-05
0.01122 1.9e-05
0.01121 2.5e-05
0.011192 1.6e-05
0.009123 4.5e-05
0.011245 2.5e-05
0.01148 3e-05
0.011334 2.5e-05
0.011156 1.1e-05
0.011123 2.6e-05
0.011092 2.8e-05
0.01116 2.6e-05
0.011085 2.5e-05
0.011288 2.3e-05
0.01122 2.9e-05
0.011192 2.3e-05
0.011134 2.6e-05
0.011211 2.9e-05
0.01118 2.4e-05
0.011215 2.7e-05
0.01122 2.6e-05
0.010937 2.9e-05
0.011159 2.7e-05
0.011287 1.6e-05
0.011122 2.7e-05
0.011129 2.4e-05
0.01107 1.7e-05
0.011108 2e-05
0.011152 3.1e-05
0.008541 3.8e-05
0.011177 2.2e-05
0.011791 2.6e-05
0.011116 1.4e-05
0.011198 2.7e-05
0.011111 2.7e-05
0.011122 2e-05
0.011102 1.3e-05
0.01014 1.3e-05
0.011315 2.8e-05
0.011419 2.4e-05
0.011165 2.6e-05
0.011119 2.9e-05
0.011088 2.5e-05
0.01113 2.5e-05
0.011152 2.6e-05
0.011117 2.7e-05
0.011211 3e-05
0.011382 2.9e-05
0.011212 2.7e-05
0.011236 2.6e-05
0.011106 2.6e-05
0.011207 2.9e-05
0.011139 1.5e-05
0.011206 2.4e-05
0.01124 1.4e-05
0.01119 1.6e-05
0.011216 2.7e-05
0.011244 2.7e-05
0.011188 2.2e-05
0.011126 2.3e-05
0.01119 2.7e-05
0.011163 2.7e-05
0.01018 2.5e-05
0.011183 2.7e-05
0.011206 1.7e-05
0.011131 2.6e-05
0.011151 2.1e-05
0.011218 2.4e-05
0.011163 2.2e-05
0.011206 2.5e-05
0.008602 2.4e-05
0.01127 2.8e-05
0.011759 2.2e-05
0.011322 3e-05
0.011169 1.7e-05
0.011264 2.1e-05
0.011208 2e-05
0.011148 1.5e-05
0.010427 2.3e-05
0.011314 1.5e-05
0.011398 3.1e-05
0.011253 2.9e-05
0.011152 2e-05
0.011109 1.2e-05
0.01111 2.8e-05
0.011179 2.1e-05
0.011095 2.7e-05
0.011215 2.2e-05
0.011116 2.7e-05
0.011208 1.5e-05
0.011175 3e-05
0.011157 2.7e-05
0.011094 1.5e-05
0.011109 1.5e-05
0.011122 2.6e-05
0.00991 1.9e-05
0.011169 2.7e-05
0.011559 1.5e-05
0.011143 2.7e-05
0.011114 2.8e-05
0.011101 1.6e-05
0.011105 2.8e-05
0.011183 2.9e-05
0.009145 2.5e-05
0.011186 1.8e-05
0.011864 3.4e-05
0.011273 2.7e-05
0.011217 3.2e-05
0.011204 2.9e-05
0.011199 2.8e-05
0.011188 1.3e-05
0.010625 2.9e-05
0.01127 2.6e-05
0.011429 3e-05
0.011211 3.2e-05
0.011155 1.3e-05
0.011232 1.5e-05
0.011128 1.7e-05
0.011148 2.8e-05
0.011104 2.9e-05
0.011241 1.4e-05
0.011296 2.1e-05
0.011235 3.1e-05
0.01117 2.7e-05
0.011175 2.3e-05
0.011179 2.6e-05
0.011165 2.9e-05
0.011207 2.4e-05
0.009284 2.9e-05
0.011159 2.3e-05
0.011507 1.7e-05
0.011225 2.7e-05
0.011152 1.1e-05
0.011203 2.6e-05
0.011142 2.6e-05
0.011199 3.1e-05
0.008104 1.8e-05
0.01121 1.7e-05
0.011567 2.6e-05
0.01124 1.2e-05
0.011203 1.6e-05
0.011148 2.5e-05
0.011181 1.4e-05
0.011195 2e-05
0.011123 2.4e-05
0.011315 1.7e-05
0.01139 2.9e-05
0.011267 1.7e-05
0.009223 1.5e-05
0.009202 2.6e-05
0.009313 2.4e-05
0.009235 1.6e-05
0.009421 2.1e-05
0.009225 1.6e-05
0.008652 1.4e-05
0.009232 1.1e-05
0.009262 2e-05
0.009301 1.5e-05
0.010248 3.2e-05
0.010237 1.9e-05
0.00923 2.3e-05
0.009292 2.4e-05
0.009248 1.9e-05
0.009237 2.3e-05
0.011769 2.1e-05
0.010078 3.7e-05
0.009593 2.1e-05
0.009301 1.3e-05
0.009232 2.1e-05
0.009228 2.3e-05
0.009189 2.3e-05
0.00925 2.5e-05
0.009231 2.7e-05
0.010813 3.2e-05
0.00925 2.4e-05
0.009228 8e-06
0.009321 2.3e-05
0.009259 2.1e-05
0.009278 2.5e-05
0.009461 2.3e-05
0.009515 1.5e-05
0.00923 1.2e-05
0.009262 2.3e-05
0.009084 2.8e-05
0.009317 2.4e-05
0.009333 2.1e-05
0.009372 2.4e-05
0.009284 2e-05
0.009256 1.6e-05
0.009274 8e-06
0.009266 2.3e-05
0.009325 2.4e-05
0.009734 2.4e-05
0.011437 2.4e-05
0.009405 2.6e-05
0.009296 1.5e-05
0.00995 2.6e-05
0.009265 2.3e-05
0.009212 2.3e-05
0.009275 2.5e-05
0.011054 2.6e-05
0.009503 2.5e-05
0.009244 2.4e-05
0.008193 1.9e-05
0.009276 1.4e-05
0.009228 9e-06
0.009855 1e-05
0.009705 2.3e-05
0.009205 1.1e-05
0.009303 2.6e-05
0.009228 2.6e-05
0.009232 2.2e-05
0.009184 1.8e-05
0.00924 3e-05
0.009293 1.5e-05
0.010545 3.8e-05
0.009316 1.9e-05
0.009317 1.6e-05
0.009327 2.4e-05
0.009247 2.4e-05
0.010416 1.6e-05
0.009255 2.1e-05
0.009254 2.1e-05
0.008082 1.9e-05
0.009318 1.7e-05
0.009288 2.6e-05
0.009274 2.4e-05
0.009273 2.6e-05
0.009247 2.6e-05
0.009233 2e-05
0.009202 1.4e-05
0.009186 2e-05
0.009202 1.4e-05
0.008553 2.2e-05
0.009254 1.5e-05
0.009201 1.6e-05
0.009486 1.4e-05
0.009317 1.3e-05
0.011212 1.7e-05
0.009351 2.4e-05
0.009291 2.1e-05
0.009308 2.5e-05
0.009363 2.4e-05
0.009205 2.1e-05
0.00774 1.4e-05
0.007565 1.9e-05
0.009214 2.1e-05
0.009251 2.2e-05
0.009251 2.2e-05
0.009309 1.3e-05
0.009256 1.8e-05
0.0093 2e-05
0.009066 2.1e-05
0.009345 2.5e-05
0.009304 2.3e-05
0.009767 2.5e-05
0.009299 2.5e-05
0.009325 1.6e-05
0.009258 1.2e-05
0.009316 2.5e-05
0.009281 1.7e-05
0.009218 2.5e-05
0.010812 3.4e-05
0.009279 2e-05
0.009237 2.7e-05
0.00927 1.9e-05
0.009311 2.2e-05
0.009212 2.2e-05
0.009186 2.4e-05
0.009246 1.8e-05
0.009224 1.3e-05
0.009235 2.3e-05
0.007933 9e-06
0.00924 1.6e-05
0.009275 2.4e-05
0.009287 2.1e-05
0.00934 1.5e-05
0.009493 1.5e-05
0.01463 3.3e-05
0.009236 2.3e-05
0.009214 1.9e-05
0.00922 2.1e-05
0.008897 2.1e-05
0.009293 2.3e-05
0.009275 2.2e-05
0.009456 2.4e-05
0.009233 2.4e-05
0.009181 2.4e-05
0.009257 1.3e-05
0.00918 1.5e-05
0.009221 2e-05
0.012883 1.6e-05
0.013094 2.1e-05
0.009283 2.2e-05
0.009317 2.1e-05
0.009227 2.3e-05
0.009197 1.9e-05
0.009209 2.3e-05
0.009186 1.5e-05
0.009242 2.2e-05
0.009165 2e-05
0.009192 1.5e-05
0.009215 2.5e-05
0.009287 2.3e-05
0.009447 2.6e-05
0.009265 1.4e-05
0.00919 1.6e-05
0.009199 1.9e-05
0.009209 2e-05
0.009295 2.3e-05
0.00923 1.4e-05
0.009213 2.2e-05
0.011219 2.2e-05
0.011185 3e-05
0.0112 2e-05
0.011135 2.7e-05
0.011104 3e-05
0.011151 2.4e-05
0.011052 2.6e-05
0.011154 2.5e-05
0.008872 2.3e-05
0.011204 3e-05
0.011677 2.8e-05
0.011234 2.6e-05
0.011128 1.8e-05
0.011156 2.2e-05
0.011088 2.5e-05
0.011166 1.5e-05
0.009235 2.4e-05
0.011304 1.4e-05
0.009431 2.2e-05
0.009339 1e-05
0.009302 2.3e-05
0.009302 2.5e-05
0.009324 2.4e-05
0.009301 2.4e-05
0.009275 1.3e-05
0.010159 2.5e-05
0.009375 1.4e-05
0.009466 1.8e-05
0.009461 2.8e-05
0.009338 2.3e-05
0.009286 2.5e-05
0.010121 2.8e-05
0.009331 2.2e-05
0.009305 2.5e-05
0.009279 2e-05
0.009304 1.5e-05
0.011352 3.3e-05
0.009411 1.8e-05
0.00938 1.9e-05
0.009314 2.6e-05
0.009419 1.6e-05
0.009301 2.2e-05
0.009318 1.3e-05
0.009399 2.6e-05
0.009319 2.5e-05
0.009273 1.9e-05
0.009369 1.3e-05
0.009295 2.3e-05
0.009358 2.3e-05
0.009333 2e-05
0.009289 2e-05
0.010276 1.7e-05
0.009506 3.1e-05
0.009316 2.2e-05
0.009279 8e-06
0.008447 2.3e-05
0.009315 2.1e-05
0.009654 2.3e-05
0.009492 2.4e-05
0.009808 2.5e-05
0.009337 2.2e-05
0.009337 1.4e-05
0.009347 1.5e-05
0.009329 1.8e-05
0.00928 2.3e-05
0.009876 1.6e-05
0.009304 2.3e-05
0.009379 2.3e-05
0.009283 2.2e-05
0.00933 2.3e-05
0.009288 1.7e-05
0.009296 1.6e-05
0.00928 2.2e-05
0.009301 2.5e-05
0.008624 3.4e-05
0.00956 2.5e-05
0.009328 2.4e-05
0.009452 2.7e-05
0.009368 2.6e-05
0.009314 2.3e-05
0.009569 2.5e-05
0.009316 1.5e-05
0.009931 2.6e-05
0.009879 3.3e-05
0.00928 2.4e-05
0.010001 2.7e-05
0.009425 2.4e-05
0.009376 2.6e-05
0.009459 2.3e-05
0.009362 2.2e-05
0.009296 2.2e-05
0.009869 3.8e-05
0.013793 2.7e-05
0.010624 2.4e-05
0.009838 2.6e-05
0.009824 1.5e-05
0.010145 8e-06
0.009499 3.7e-05
0.010191 2.8e-05
0.009558 2.5e-05
0.009372 1.4e-05
0.009431 2.5e-05
0.009383 2.7e-05
0.013811 3.8e-05
0.013211 1.9e-05
0.009757 3.2e-05
0.009416 2e-05
0.009389 2.3e-05
0.009412 2.6e-05
0.009817 2.1e-05
0.011269 1.6e-05
0.010064 2.5e-05
0.009759 2.4e-05
0.009709 2.2e-05
0.009661 1.2e-05
0.009931 1.3e-05
0.009659 2.2e-05
0.009894 1.6e-05
0.00939 2.3e-05
0.009291 2.2e-05
0.009329 8e-06
0.008468 2.4e-05
0.009829 2.4e-05
0.009533 3e-05
0.009349 2.1e-05
0.009327 2e-05
0.009266 2.4e-05
0.009625 7e-06
0.009282 2.5e-05
0.009366 1.6e-05
0.009341 1.5e-05
0.009221 2.5e-05
0.009368 2.5e-05
0.009399 2.8e-05
0.009367 2.1e-05
0.009325 2.1e-05
0.009423 1.4e-05
0.009775 2.4e-05
0.009576 2.6e-05
0.009454 2e-05
0.009333 2.2e-05
0.009311 2.3e-05
0.009313 1.7e-05
0.009545 2.8e-05
0.009495 2.6e-05
0.011424 1.7e-05
0.00955 2.7e-05
0.009384 1.3e-05
0.009295 2.4e-05
0.00929 1.7e-05
0.012323 4.2e-05
0.009393 2.4e-05
0.009375 2.2e-05
0.009346 1.3e-05
0.009324 1.5e-05
0.00944 2.5e-05
0.009293 2.4e-05
0.009597 3.2e-05
0.010016 2.9e-05
0.009509 2.1e-05
0.008919 2.3e-05
0.009365 2.5e-05
0.009361 1.4e-05
0.009326 2.1e-05
0.009384 1.2e-05
0.009526 1.7e-05
0.010378 3.9e-05
0.011349 2.3e-05
0.009419 2.3e-05
0.008535 1.2e-05
0.009431 2.8e-05
0.011457 2.1e-05
0.009396 1.5e-05
0.009379 1.6e-05
0.009394 2.5e-05
0.009428 2.4e-05
0.013872 3.4e-05
0.014052 4.3e-05
0.013982 4.1e-05
0.011571 3.4e-05
0.009989 2.3e-05
0.009404 1.3e-05
0.009339 2.4e-05
0.00931 1.4e-05
0.009269 1.5e-05
0.009356 2.6e-05
0.010206 2.2e-05
0.009502 1.5e-05
0.009408 2.1e-05
0.010031 2.5e-05
0.010072 2.6e-05
0.009394 2.3e-05
0.009292 1.3e-05
0.009292 2.4e-05
0.010701 2.6e-05
0.015988 2.4e-05
0.008762 1.5e-05
0.009389 2.4e-05
0.009402 2.5e-05
0.009362 2.1e-05
0.009363 2.2e-05
0.009364 2.6e-05
0.012146 1.9e-05
0.011682 4.4e-05
0.009278 2.3e-05
0.008128 3.4e-05
0.009391 1.3e-05
0.014931 4.4e-05
0.009376 2e-05
0.011491 2.1e-05
0.009333 1.9e-05
0.009308 2e-05
0.009277 2.3e-05
0.010003 2.2e-05
0.012711 3.8e-05
0.011594 2.7e-05
0.009494 2.5e-05
0.009477 2.6e-05
0.009298 1.9e-05
0.009288 1.4e-05
0.00942 2.7e-05
0.009325 1.8e-05
0.013987 2.2e-05
0.01401 3.7e-05
0.013652 3.3e-05
0.013775 3.3e-05
0.010971 3.3e-05
0.00944 2.4e-05
0.009341 1.4e-05
0.009376 2.6e-05
0.009389 2.8e-05
0.010128 5.4e-05
0.015954 3.2e-05
0.009368 2.2e-05
0.00946 2.4e-05
0.009389 2.9e-05
0.009312 2.6e-05
0.009366 2.4e-05
0.009309 1.2e-05
0.009372 2e-05
0.009072 2.1e-05
0.009382 2.5e-05
0.009415 3.3e-05
0.009642 1.9e-05
0.009868 1.6e-05
0.011745 2.9e-05
0.009405 1.6e-05
0.009363 2.6e-05
0.009285 2.5e-05
0.009287 2.3e-05
0.009365 1.6e-05
0.009381 1.1e-05
0.009541 1.9e-05
0.010251 2.2e-05
0.009383 1.2e-05
0.009337 1.4e-05
0.009411 2.4e-05
0.009427 2.7e-05
0.018869 4.8e-05
0.009437 2.6e-05
0.009368 2.4e-05
0.009356 2.4e-05
0.009296 2.6e-05
0.009669 2e-05
0.00932 1.9e-05
0.009334 2.8e-05
0.009294 2.5e-05
0.009318 2.3e-05
0.008842 2.4e-05
