0.014608 0.001168

0.01467 0.000994

0.014613 0.00055

0.01674 0.001113

0.014706 0.000679

0.014653 0.000962

0.014658 0.00058

0.014706 0.00148

0.014616 0.000572

0.014693 0.00092

0.014633 0.001007

0.014749 0.00085

0.014756 0.0008

0.014678 0.000535

0.014649 0.001113

0.014604 0.000955

0.01466 0.001397

0.014767 0.001098

0.014673 0.000725

0.014605 0.000931

0.014603 0.000592

0.014581 0.000526

0.014554 0.000779

0.014592 0.000433

0.014554 0.00082

0.014594 0.001165

0.014561 0.001532

0.014668 0.001364

0.014658 0.000633

0.014625 0.001333

0.01452 0.000593

0.014534 0.000903

0.0147 0.001097

0.01464 0.000928

0.014779 0.000537

0.014535 0.000558

0.014599 0.000565

0.014739 0.000386

0.014756 0.000795

0.014959 0.001073

0.014764 0.001356

0.014731 0.000384

0.014713 0.000461

0.014818 0.001337

0.014688 0.001098

0.014472 0.000763

0.014615 0.001191

0.014713 0.001198

0.014818 0.000501

0.014608 0.000557

0.014659 0.001156

0.014617 0.000909

0.014746 0.000868

0.014724 0.000399

0.014642 0.001061

0.014606 0.00045

0.01459 0.00115

0.014675 0.001107

0.014592 0.000639

0.014643 0.000488

0.014572 0.001574

0.014594 0.000636

0.014571 0.000397

0.01461 0.001078

0.01465 0.001544

0.014635 0.000749

0.014582 0.001068

0.014604 0.000667

0.014615 0.001432

0.014634 0.000635

0.014589 0.000798

0.014699 0.001102

0.014637 0.001221

0.014615 0.001105

0.014646 0.000382

0.014664 0.001588

0.014681 0.00067

0.01465 0.000965

0.014639 0.000789

0.014684 0.000509

0.014635 0.001164

0.014793 0.001547

0.014625 0.001311

0.014696 0.000701

0.015036 0.000958

0.014625 0.001594

0.014584 0.001477

0.014606 0.000524

0.014637 0.001119

0.014715 0.000347

0.014605 0.000889

0.01463 0.001633

0.014686 0.000585

0.014693 0.001377

0.01471 0.001513

0.014555 0.001335

0.014559 0.001679

0.014653 0.001131

0.014645 0.00041

0.014723 0.00158

0.014754 0.001643

0.014675 0.000529

0.014551 0.001101

0.014669 0.00063

0.014711 0.001224

0.014637 0.00101

0.014594 0.000521

0.014714 0.001439

0.014658 0.001363

0.014836 0.00104

0.014668 0.000736

0.014665 0.000728

0.014736 0.001438

0.014688 0.00085

0.014763 0.00149

0.014607 0.001226

0.014657 0.00154

0.014754 0.000866

0.014676 0.000622

0.01469 0.001299

0.01469 0.000626

0.015427 0.001148

0.015161 0.001138

0.01457 0.001248

0.014677 0.001556

0.014596 0.000786

0.014601 0.000441

0.014627 0.001413

0.014709 0.000984

0.014636 0.000591

0.014532 0.00072

0.015723 0.001548

0.015054 0.000467

0.014627 0.001482

0.014576 0.000648

0.014577 0.001242

0.014538 0.000637

0.014691 0.001456

0.014763 0.000868

0.014736 0.00152

0.014667 0.000607

0.014541 0.000686

0.014743 0.000687

0.014561 0.00076

0.014723 0.000777

0.014578 0.000718

0.0146 0.000833

0.014581 0.00101

0.014631 0.001625

0.014606 0.001483

0.014524 0.001418

0.014655 0.000521

0.014826 0.00086

0.014611 0.00144

0.01478 0.000792

0.014758 0.00086

0.014645 0.001409

0.014635 0.000548

0.014616 0.0013

0.014614 0.001274

0.014629 0.000551

0.014612 0.000947

0.014715 0.001176

0.014601 0.001026

0.014614 0.001407

0.014581 0.000382

0.014593 0.001195

0.01456 0.001534

0.01449 0.00077

0.014692 0.000764

0.014576 0.000708

0.014646 0.00116

0.014742 0.000924

0.014591 0.001185

0.014598 0.001005

0.014605 0.000981

0.014779 0.000809

0.01465 0.001053

0.014613 0.000791

0.014647 0.001335

0.015689 0.001635

0.014738 0.001609

0.014623 0.000506

0.014637 0.000773

0.014638 0.000765

0.014649 0.001335

0.01467 0.000702

0.014663 0.00069

0.014682 0.000355

0.014628 0.000893

0.014636 0.000807

0.014665 0.00099

0.014645 0.000581

0.014657 0.000431

0.014703 0.000815

0.014518 0.000576

0.014568 0.00084

0.014694 0.000809

0.014602 0.001074

0.014636 0.000711

0.014661 0.00125

0.01454 0.000983

0.014527 0.000933

0.014693 0.0011

0.014733 0.001236

0.014636 0.000895

0.014519 0.000957

0.014576 0.000823

0.014556 0.000488

0.014595 0.000949

0.014568 0.000791

0.01457 0.000691

0.014553 0.000581

0.014571 0.00103

0.014768 0.000488

0.014518 0.001628

0.014553 0.00118

0.014547 0.001155

0.014565 0.000691

0.014615 0.00154

0.014919 0.001581

0.014582 0.001112

0.01453 0.000799

0.0145 0.001494

0.014781 0.00114

0.014577 0.001509

0.014547 0.000684

0.01456 0.001166

0.01459 0.000566

0.014601 0.000915

0.01458 0.00132

0.014531 0.000405

0.014626 0.000851

0.014638 0.00141

0.014715 0.001538

0.014559 0.001015

0.014713 0.000389

0.014654 0.000961

0.014626 0.000702

0.014566 0.000839

0.014534 0.00058

0.014615 0.000892

0.014558 0.000998

0.014724 0.000538

0.01459 0.001093

0.014596 0.001123

0.014603 0.000507

0.014673 0.001445

0.014753 0.001468

0.014638 0.000812

0.014653 0.000403

0.014581 0.000679

0.014747 0.001199

0.01469 0.001244

0.014722 0.001584

0.014608 0.001246

0.014559 0.000733

0.01457 0.000776

0.01476 0.001652

0.014681 0.001051

0.014775 0.000782

0.014633 0.000806

0.014554 0.000907

0.014647 0.001543

0.014597 0.000693

0.014662 0.001113

0.014602 0.000642

0.01453 0.001498

0.01479 0.000697

0.0146 0.001168

0.014503 0.000823

0.014488 0.00039

0.014559 0.000829

0.014685 0.000835

0.015481 0.000683

0.014621 0.000591

0.014546 0.000419

0.014622 0.000667

0.014736 0.000637

0.014575 0.00052

0.0146 0.000527

0.014672 0.000455

0.014643 0.000926

0.01478 0.000438

0.014573 0.001115

0.014713 0.000351

0.014553 0.00105

0.014506 0.000553

0.014541 0.000954

0.014582 0.00136

0.014606 0.000532

0.014591 0.000548

0.014546 0.000976

0.014601 0.00069

0.01447 0.00086

0.014684 0.000884

0.014513 0.00113

0.014617 0.001353

0.014744 0.001492

0.01459 0.00083

0.014576 0.001068

0.014781 0.001577

0.014651 0.000611

0.014574 0.001548

0.014538 0.0012

0.014662 0.001577

0.014645 0.000853

0.014645 0.000682

0.014638 0.00094

0.014601 0.000685

0.014632 0.000693

0.014517 0.001345

0.014562 0.001435

0.014836 0.000803

0.014551 0.001114

0.014713 0.001501

0.01452 0.000998

0.014654 0.000804

0.014528 0.000427

0.014621 0.00099

0.014576 0.001618

0.014504 0.001666

0.014569 0.001181

0.014572 0.000686

0.01453 0.000802

0.014532 0.001039

0.014506 0.000812

0.014488 0.000819

0.014696 0.000502

0.014524 0.001463

0.014603 0.001105

0.014552 0.000552

0.014581 0.000686

0.014666 0.001517

0.014606 0.001414

0.014556 0.001304

0.014542 0.001

0.014492 0.001517

0.014571 0.000489

0.014554 0.001273

0.014539 0.000549

0.014643 0.001534

0.014582 0.000971

0.014685 0.000741

0.014503 0.001281

0.014573 0.000803

0.014653 0.00079

0.014469 0.000695

0.014527 0.001612

0.01469 0.000456

0.014643 0.001403

0.014528 0.001091

0.014524 0.000831

0.014665 0.000498

0.014476 0.000825

0.014641 0.000977

0.014523 0.000515

0.014568 0.000563

0.014538 0.000584

0.014611 0.000222

0.014545 0.000836

0.014517 0.001095

0.014527 0.000457

0.014546 0.000892

0.014587 0.001045

0.014806 0.001128

0.014613 0.000614

0.014634 0.000834

0.014674 0.000858

0.01461 0.000849

0.014656 0.000744

0.014572 0.001606

0.014679 0.000493

0.014642 0.001119

0.014623 0.000392

0.014747 0.001336

0.014685 0.001177

0.014546 0.000835

0.014537 0.00102

0.01466 0.001548

0.014586 0.00106

0.014874 0.001371

0.014615 0.000954

0.014552 0.000816

0.014658 0.001079

0.014586 0.001006

0.01465 0.000419

0.014582 0.000507

0.014604 0.001452

0.014677 0.000935

0.014612 0.000898

0.014604 0.000573

0.014676 0.00078

0.014777 0.001423

0.014663 0.000677

0.014733 0.001498

0.014596 0.00094

0.014722 0.001013

0.014582 0.000668

0.014692 0.000574

0.0146 0.000589

0.014563 0.000807

0.014603 0.001636

0.014548 0.001577

0.01474 0.001449

0.014558 0.001347

0.014758 0.000564

0.014728 0.000358

0.014615 0.000732

0.014657 0.000771

0.014565 0.001051

0.014575 0.001106

0.014599 0.000857

0.014613 0.001262

0.014677 0.000721

0.014751 0.000811

0.01476 0.000827

0.01462 0.000804

0.014542 0.001044

0.014736 0.001212

0.014571 0.000789

0.014593 0.001508

0.014562 0.000677

0.014545 0.000691

0.014662 0.000732

0.014593 0.000835

0.014625 0.001063

0.014639 0.000791

0.014569 0.001356

0.014724 0.001274

0.014588 0.000771

0.014665 0.001302

0.014576 0.000778

0.014579 0.001422

0.014746 0.000768

0.016418 0.001387

0.014728 0.000986

0.015218 0.001633

0.014709 0.000808

0.01479 0.000874

0.014668 0.000672

0.014651 0.00103

0.014675 0.000792

0.014571 0.001034

0.014681 0.000885

0.014618 0.000536

0.01482 0.000692

0.014581 0.000963

0.014649 0.001027

0.014849 0.001606

0.014625 0.000768

0.014724 0.001148

0.014613 0.001383

0.014629 0.00132

0.01463 0.000968

0.01493 0.000844

0.01485 0.000826

0.014738 0.001268

0.014604 0.001203

0.014789 0.000686

0.014652 0.000696

0.014732 0.001522

0.014601 0.001685

0.014646 0.000677

0.014772 0.00106

0.014739 0.001043

0.014677 0.000885

0.01467 0.001519

0.014723 0.000909

0.01471 0.000383

0.014597 0.00052

0.014688 0.000679

0.014581 0.000891

0.014614 0.000746

0.014687 0.001129

0.01488 0.000571

0.014785 0.001254

0.014654 0.001112

0.014703 0.000962

0.014778 0.00083

0.014568 0.000595

0.014755 0.000881

0.014563 0.001458

0.014739 0.000782

0.014636 0.000627

0.014692 0.00091

0.014744 0.001227

0.014605 0.000903

0.014569 0.00075

0.01482 0.000455

0.014627 0.001453

0.014627 0.000665

0.014501 0.001378

0.014621 0.001005

0.014989 0.000904

0.015749 0.000389

0.014647 0.000935

0.014542 0.000885

0.014545 0.000607

0.014784 0.001362

0.014682 0.001435

0.014683 0.0006

0.014586 0.000568

0.01456 0.000524

0.014622 0.000669

0.014542 0.00075

0.014579 0.001431

0.014659 0.001289

0.014561 0.000799

0.014746 0.000756

0.014662 0.000761

0.014548 0.001424

0.014599 0.000608

0.014586 0.001505

0.014694 0.001168

0.015732 0.00085

0.014625 0.001506

0.014578 0.001521

0.014545 0.00058

0.014711 0.001694

0.014504 0.000308

0.014577 0.00108

0.014522 0.000792

0.014559 0.001261

0.014645 0.001006

0.014558 0.000632

0.014735 0.001139

0.014531 0.0007

0.014647 0.001263

0.014749 0.00086

0.014651 0.000837

0.014569 0.001227

0.014558 0.000802

0.014566 0.000879

0.014642 0.000439

0.014603 0.000754

0.014602 0.000801

0.014661 0.000552

0.014629 0.00062

0.014716 0.000274

0.014635 0.000604

0.014591 0.001275

0.014765 0.000627

0.014641 0.001011

0.014766 0.001079

0.014542 0.000945

0.014555 0.001097

0.014656 0.001518

0.014657 0.00077

0.014593 0.001046

0.014705 0.000847

0.014692 0.000631

0.014734 0.001248

0.014606 0.00099

0.014625 0.001632

0.014673 0.000774

0.014727 0.000833

0.014632 0.001495

0.014891 0.000702

0.014648 0.001563

0.014767 0.000581

0.014711 0.001132

0.014593 0.00152

0.014705 0.000883

0.014581 0.000687

0.014822 0.001152

0.014558 0.001468

0.014621 0.000811

0.01458 0.000448

0.014592 0.000795

0.014579 0.000636

0.014648 0.001246

0.014639 0.001597

0.014614 0.000751

0.014792 0.000542

0.01566 0.001145

0.014902 0.001702

0.014773 0.0007

0.014511 0.000421

0.014687 0.00073

0.014651 0.001378

0.014742 0.000516

0.014669 0.000909

0.014545 0.001533

0.014689 0.000818

0.014669 0.001179

0.014544 0.00093

0.014777 0.001077

0.014629 0.000985

0.01466 0.001238

0.014832 0.001462

0.014655 0.001055

0.014724 0.000856

0.014677 0.000704

0.014687 0.001111

0.014666 0.001168

0.014692 0.000948

0.014655 0.000532

0.014576 0.000759

0.014569 0.001045

0.01467 0.000975

0.01464 0.000985

0.014751 0.001171

0.014641 0.000709

0.014657 0.001394

0.014794 0.001333

0.014762 0.000721

0.014922 0.001103

0.014685 0.001299

0.014674 0.00127

0.014709 0.000517

0.014644 0.001019

0.014679 0.001311

0.014511 0.000797

0.014589 0.000521

0.014599 0.001467

0.014762 0.000721

0.014681 0.00102

0.014659 0.000593

0.014558 0.000554

0.014739 0.000292

0.014539 0.000622

0.014595 0.000956

0.014623 0.000675

0.014475 0.00088

0.014739 0.001302

0.014622 0.001189

0.014565 0.001252

0.014575 0.000986

0.014607 0.001612

0.014728 0.001533

0.01453 0.000841

0.014712 0.001415

0.014555 0.000703

0.014538 0.00083

0.014688 0.001412

0.014761 0.000847

0.014514 0.000915

0.014613 0.00078

0.014582 0.00054

0.014836 0.000904

0.014598 0.000222

0.014572 0.000737

0.014526 0.001147

0.014493 0.000442

0.014579 0.00058

0.014584 0.001256

0.014495 0.000443

0.014621 0.000591

0.01457 0.000994

0.014734 0.000858

0.014624 0.001249

0.014569 0.001011

0.014625 0.001206

0.014644 0.000573

0.014739 0.000736

0.01542 0.000857

0.014699 0.001204

0.014621 0.000899

0.014615 0.001487

0.014772 0.001204

0.014607 0.000509

0.014645 0.001394

0.014639 0.0012

0.014638 0.000616

0.014616 0.000777

0.014572 0.001046

0.014567 0.000604

0.014589 0.000825

0.014621 0.001129

0.01458 0.001493

0.014662 0.000472

0.014639 0.001255

0.014588 0.001095

0.014579 0.000506

0.014746 0.001182

0.015001 0.000914

0.014722 0.00109

0.014567 0.000955

0.014616 0.001262

0.014608 0.001091

0.014587 0.001225

0.014647 0.000812

0.014648 0.000802

0.014614 0.000661

0.014588 0.001044

0.014622 0.000646

0.014768 0.000528

0.014677 0.000711

0.01447 0.000627

0.014547 0.000373

0.014575 0.000836

0.014694 0.000683

0.014577 0.000737

0.014567 0.001136

0.014529 0.000383

0.014545 0.00027

0.014743 0.000831

0.014596 0.000358

0.014539 0.000906

0.014527 0.001393

0.014587 0.000881

0.014566 0.000842

0.014594 0.000852

0.014631 0.001017

0.014585 0.000769

0.014734 0.000382

0.0145 0.001593

0.014631 0.000882

0.014687 0.00066

0.014628 0.000766

0.014706 0.001098

0.014535 0.000515

0.014544 0.001003

0.014515 0.001076

0.014521 0.000437

0.014656 0.001051

0.01463 0.000393

0.014588 0.000811

0.014513 0.001542

0.014513 0.000559

0.014787 0.001041

0.014543 0.00065

0.014537 0.000834

0.014639 0.001431

0.014542 0.001487

0.01466 0.000817

0.014532 0.001322

0.014561 0.001366

0.014554 0.00111

0.014577 0.001531

0.014768 0.000587

0.014559 0.001233

0.014569 0.000768

0.014552 0.001119

0.014547 0.00075

0.014752 0.000596

0.01544 0.000883

0.014614 0.000921

0.014593 0.000886

0.014619 0.000902

0.01487 0.000969

0.014644 0.000675

0.014603 0.001476

0.014614 0.001233

0.014599 0.001182

0.014675 0.00026

0.014599 0.001269

0.014643 0.000778

0.014596 0.001605

0.014603 0.000216

0.014807 0.00084

0.014643 0.000531

0.014587 0.000499

0.014598 0.001174

0.014567 0.001151

0.014667 0.001301

0.015955 0.000718

0.014676 0.000892

0.014612 0.00133

0.014627 0.00135

0.014747 0.001416

0.014696 0.001576

0.01465 0.000975

0.01461 0.001386

0.014715 0.000505

0.014657 0.001334

0.014643 0.000789

0.014622 0.0003

0.014657 0.000553

0.014603 0.001313

0.01479 0.00123

0.014634 0.001005

0.01476 0.001406

0.014661 0.000984

0.014633 0.00158

0.014684 0.001548

0.015495 0.000904

0.01459 0.000726

0.014627 0.000758

0.014561 0.000998

0.014682 0.001536

0.014634 0.001494

0.014669 0.000577

0.014852 0.000562

0.014824 0.001086

0.014706 0.000738

0.014668 0.000913

0.014607 0.000793

0.014592 0.001322

0.014659 0.001002

0.014736 0.000557

0.014641 0.000558

0.014539 0.000339

0.014662 0.000626

0.014701 0.001257

0.014656 0.001324

0.015313 0.000674

0.01463 0.000785

0.014653 0.001026

0.014723 0.000959

0.014738 0.000454

0.014781 0.000866

0.014725 0.000926

0.014737 0.000729

0.014575 0.000788

0.014591 0.001117

0.014648 0.001161

0.014629 0.000556

0.014596 0.00129

0.014619 0.000987

0.014622 0.00044

0.01462 0.000644

0.014638 0.000887

0.014672 0.00053

0.014533 0.001478

0.014716 0.000679

0.015462 0.000958

0.014638 0.001404

0.0146 0.000776

0.014638 0.000694

0.014702 0.000434

0.014624 0.000627

0.014586 0.001293

0.014686 0.000809

0.014636 0.000698

0.014516 0.001149

0.014574 0.001206

0.014614 0.000732

0.014515 0.001488

0.014544 0.001142

0.014593 0.000698

0.014719 0.000668

0.014568 0.000466

0.01443 0.001067

0.014526 0.001063

0.014695 0.001347

0.01454 0.001384

0.014662 0.000482

0.014605 0.000326

0.014523 0.000762

0.014558 0.001356

0.014615 0.000737

0.014524 0.000587

0.014666 0.000578

0.014496 0.000913

0.014443 0.001024

0.014577 0.000271

0.014619 0.000924

0.014539 0.000416

0.014546 0.000838

0.014577 0.001112

0.014612 0.001236

0.01462 0.000872

0.014564 0.000564

0.014531 0.000995

0.014512 0.000475

0.014596 0.001602

0.014663 0.001071

0.014558 0.001248

0.014506 0.000379

0.014518 0.000769

0.014589 0.000658

0.014569 0.001164

0.014605 0.000521

0.014688 0.000845

0.014531 0.00091

0.014635 0.001358

0.014548 0.000818

0.014618 0.000566

0.014559 0.001464

0.014579 0.000978

0.014755 0.001028

0.014525 0.000528

0.014587 0.000639

0.014602 0.000367

0.014673 0.001007

0.014717 0.000906

0.014685 0.000761

0.01461 0.001046

0.014591 0.001276

0.014639 0.000863

0.01475 0.000781

0.014601 0.000478

0.014714 0.001181

0.014654 0.00121

0.014622 0.000923

0.014683 0.000597

0.014546 0.00058

0.014525 0.000857

0.014573 0.001545

0.014577 0.001443

0.014751 0.001273

0.014579 0.001033

0.014604 0.001555

0.014619 0.000563

0.014592 0.000801

0.014659 0.000846

0.014655 0.000838

0.014623 0.000888

0.014587 0.000517

0.014603 0.001502

0.014756 0.000644

0.014573 0.000906

0.014627 0.001173

0.014565 0.000521

0.014594 0.000887

0.014708 0.001639

0.014638 0.000516

0.014708 0.000821

0.014751 0.00115

0.01462 0.000388

0.014775 0.000954

0.014735 0.000833

0.014618 0.00081

0.014739 0.000746

0.014634 0.000482

0.014773 0.001254

0.014831 0.000899

0.0146 0.00082

0.014755 0.000459

0.014613 0.000439

0.014751 0.000745

0.014605 0.001132

0.014714 0.001699

0.0147 0.001007

0.014604 0.000944

0.014664 0.00109

0.014703 0.000679

0.014721 0.000628

0.014635 0.000467

0.014617 0.001296

0.014804 0.000999

0.01456 0.000801

0.014596 0.001278

0.014687 0.001124

0.014556 0.000819

0.01469 0.00093

0.015662 0.000982

0.014722 0.001378

0.014625 0.000467

0.014699 0.001096

0.014703 0.000852

0.014508 0.000831

0.014639 0.001011

0.014734 0.000864

0.014675 0.000521

0.01468 0.001062

0.014524 0.001049

0.014704 0.000586

0.014663 0.001003

0.014599 0.000988

0.014695 0.001395

0.014659 0.001058

0.014692 0.000748

0.014457 0.001624

0.01463 0.00111

0.014636 0.001111

0.016429 0.000357

0.014588 0.000756

0.014683 0.00105

0.014739 0.0009

0.014705 0.001266

0.01463 0.000621

0.014671 0.000953

0.014636 0.001025

0.01459 0.000984

0.014683 0.000545

0.014607 0.001304

0.014601 0.000612

0.014552 0.000851

0.014606 0.000815

0.014697 0.00041

0.014494 0.000629

0.01455 0.000627

0.014608 0.000567

0.014557 0.001266

0.015047 0.000971

0.015664 0.00106

0.014664 0.001097

0.014646 0.000601

0.014556 0.001302

0.014589 0.000636

0.014655 0.001338

0.014579 0.000909

0.014582 0.001318

0.014607 0.000577

0.014543 0.001446

0.014589 0.001418

0.01457 0.001017

0.014509 0.001125

0.014595 0.000781

0.014568 0.001563

0.0147 0.000783

0.014512 0.001362

0.014651 0.000935

0.014581 0.000615

0.014607 0.000789

0.015729 0.000735

0.014726 0.000363

