0.008946 1e-06

0.008617 2e-06

0.00847 2e-06

0.008369 1e-06

0.008343 1e-06

0.008308 2e-06

0.008338 2e-06

0.00859 2e-06

0.008375 1e-06

0.008322 1e-06

0.00839 1e-06

0.008671 2e-06

0.008552 1e-06

0.008376 1e-06

0.008359 1e-06

0.008974 2e-06

0.008403 2e-06

0.008368 1e-06

0.00912 1e-06

0.008432 2e-06

0.008359 1e-06

0.00835 1e-06

0.008437 1e-06

0.008323 1e-06

0.008469 2e-06

0.008436 2e-06

0.008355 1e-06

0.00847 2e-06

0.009133 2e-06

0.008567 2e-06

0.008352 1e-06

0.00839 1e-06

0.008331 2e-06

0.008478 2e-06

0.008428 1e-06

0.008426 1e-06

0.008389 1e-06

0.008419 2e-06

0.008291 1e-06

0.008364 1e-06

0.008374 2e-06

0.008373 1e-06

0.008555 2e-06

0.008477 1e-06

0.008493 1e-06

0.008566 1e-06

0.009072 1e-06

0.008427 1e-06

0.008657 1e-06

0.008495 1e-06

0.008414 2e-06

0.0084 2e-06

0.008439 1e-06

0.008338 1e-06

0.00837 1e-06

0.008378 1e-06

0.008278 1e-06

0.008376 1e-06

0.008376 1e-06

0.008528 2e-06

0.008498 1e-06

0.008376 1e-06

0.008373 2e-06

0.008333 1e-06

0.00835 2e-06

0.008467 2e-06

0.008343 1e-06

0.008258 1e-06

0.008331 1e-06

0.008276 1e-06

0.008329 1e-06

0.008379 1e-06

0.008302 2e-06

0.008417 1e-06

0.008273 1e-06

0.008289 2e-06

0.008303 0

0.008604 1e-06

0.008276 1e-06

0.008392 1e-06

0.00835 1e-06

0.008344 2e-06

0.008371 1e-06

0.008354 2e-06

0.008432 1e-06

0.008443 1e-06

0.0085 1e-06

0.008493 1e-06

0.008727 1e-06

0.00859 1e-06

0.008464 1e-06

0.008712 2e-06

0.008511 1e-06

0.008561 1e-06

0.008535 2e-06

0.008514 2e-06

0.008519 1e-06

0.008505 1e-06

0.008366 2e-06

0.008802 1e-06

0.008556 1e-06

0.008645 1e-06

0.008323 1e-06

0.008331 1e-06

0.008288 1e-06

0.008319 1e-06

0.008425 2e-06

0.00835 1.4e-05

0.008401 1e-06

0.008606 1e-06

0.0085 2e-06

0.008507 2e-06

0.008571 2e-06

0.008335 1e-06

0.008304 1e-06

0.008516 2e-06

0.00842 1e-06

0.008388 1e-06

0.008364 1e-06

0.008454 2e-06

0.008399 1e-06

0.008351 1e-06

0.008345 1e-06

0.008316 1e-06

0.009164 2e-06

0.008438 2e-06

0.008278 1e-06

0.009104 2e-06

0.008414 1e-06

0.008324 1e-06

0.008369 1e-06

0.008396 2e-06

0.008344 1e-06

0.008448 1e-06

0.008433 0

0.008471 1e-06

0.008334 1e-06

0.008407 2e-06

0.0083 1e-06

0.008349 1e-06

0.008299 2e-06

0.008365 2e-06

0.008403 2e-06

0.008324 1e-06

0.008384 1e-06

0.008336 2e-06

0.008252 1e-06

0.008315 1e-06

0.008396 1e-06

0.008241 2e-06

0.008365 1e-06

0.0083 2e-06

0.008327 1e-06

0.008363 2e-06

0.008294 1e-06

0.008525 2e-06

0.008306 1e-06

0.008437 2e-06

0.008359 2e-06

0.008245 1e-06

0.008301 1e-06

0.008568 1e-06

0.008346 1e-06

0.008355 2e-06

0.008311 2e-06

0.008412 1e-06

0.008563 1e-06

0.008634 2e-06

0.008379 2e-06

0.008309 1e-06

0.008353 1e-06

0.008375 2e-06

0.008397 2e-06

0.008465 2e-06

0.008551 1e-06

0.008494 2e-06

0.008435 1e-06

0.008559 2e-06

0.008541 1e-06

0.008461 1e-06

0.008381 1e-06

0.008414 1e-06

0.008339 1e-06

0.008358 1e-06

0.008351 1e-06

0.008328 1e-06

0.008345 2e-06

0.008334 1e-06

0.008354 1e-06

0.008371 1e-06

0.00828 1e-06

0.008279 1e-06

0.008576 1e-06

0.008532 1e-06

0.008404 1e-06

0.008558 2e-06

0.008589 2e-06

0.009524 2e-06

0.008564 2e-06

0.008524 2e-06

0.00857 2e-06

0.008491 2e-06

0.008501 2e-06

0.008577 1e-06

0.008454 1e-06

0.008387 2e-06

0.008416 1e-06

0.008387 2e-06

0.008289 1e-06

0.008413 1e-06

0.008416 2e-06

0.008312 1e-06

0.008327 1e-06

0.008292 1e-06

0.00831 1e-06

0.008438 1e-06

0.008359 1e-06

0.008544 2e-06

0.008467 1e-06

0.008517 2e-06

0.008316 1e-06

0.00831 1e-06

0.008371 3e-06

0.00844 2e-06

0.008355 1e-06

0.008378 1e-06

0.008382 0

0.00844 2e-06

0.008435 1e-06

0.008505 1e-06

0.008295 1e-06

0.008316 1e-06

0.008328 1e-06

0.008291 1e-06

0.008379 1e-06

0.00832 1e-06

0.008358 2e-06

0.008528 2e-06

0.008344 1e-06

0.008419 1e-06

0.008291 1e-06

0.008249 1e-06

0.008321 1e-06

0.008327 2e-06

0.008354 2e-06

0.008299 1e-06

0.008296 1e-06

0.008335 2e-06

0.00837 2e-06

0.008388 1e-06

0.008332 1e-06

0.008354 1e-06

0.00855 1e-06

0.00838 1e-06

0.008295 2e-06

0.008273 1e-06

0.008325 1e-06

0.008315 1e-06

0.008326 2e-06

0.00838 1e-06

0.008312 2e-06

0.008393 1e-06

0.008328 1e-06

0.008361 2e-06

0.008404 2e-06

0.008335 1e-06

0.008306 2e-06

0.008342 1e-06

0.008345 1e-06

0.00836 1e-06

0.008283 1e-06

0.00843 1e-06

0.008392 2e-06

0.008349 2e-06

0.008368 1e-06

0.008373 2e-06

0.008357 1e-06

0.008289 1e-06

0.008331 1e-06

0.008264 1e-06

0.00838 1e-06

0.008385 1e-06

0.008378 1e-06

0.008498 2e-06

0.008576 2e-06

0.008502 2e-06

0.00852 2e-06

0.008484 1e-06

0.008506 1e-06

0.008449 1e-06

0.008489 1e-06

0.008544 1e-06

0.008559 1e-06

0.008489 1e-06

0.008556 2e-06

0.008508 1e-06

0.008582 2e-06

0.008298 1e-06

0.008366 2e-06

0.00846 2e-06

0.008464 2e-06

0.008527 1e-06

0.008589 1e-06

0.008556 1e-06

0.008459 1e-06

0.008463 1e-06

0.00832 2e-06

0.008381 1e-06

0.008403 1e-06

0.008563 2e-06

0.008668 1e-06

0.008608 2e-06

0.008657 1e-06

0.0087 1e-06

0.008677 2e-06

0.008547 2e-06

0.008554 1e-06

0.008539 1e-06

0.008319 2e-06

0.00852 1e-06

0.008472 1e-06

0.008398 1e-06

0.008265 1e-06

0.008323 2e-06

0.008323 2e-06

0.00834 1e-06

0.008362 1e-06

0.00838 1e-06

0.008332 1e-06

0.008297 2e-06

0.008327 1e-06

0.008377 1e-06

0.008293 1e-06

0.008462 1e-06

0.00857 1e-06

0.008457 1e-06

0.008315 2e-06

0.008345 2e-06

0.008273 1e-06

0.008349 1e-06

0.008434 1e-06

0.008341 1e-06

0.008493 2e-06

0.008914 1e-06

0.008508 1e-06

0.00838 1e-06

0.008525 1e-06

0.008424 1e-06

0.008347 1e-06

0.008272 2e-06

0.008337 1e-06

0.008318 2e-06

0.008362 2e-06

0.00843 1e-06

0.008418 1e-06

0.00832 1e-06

0.008373 1e-06

0.008352 2e-06

0.008305 1e-06

0.008408 1e-06

0.008285 1e-06

0.008317 1e-06

0.008259 1e-06

0.008418 1e-06

0.008422 2e-06

0.008504 2e-06

0.008479 1e-06

0.008463 1e-06

0.008386 2e-06

0.008537 2e-06

0.008458 1e-06

0.008505 2e-06

0.008417 1e-06

0.00848 1e-06

0.00856 3e-06

0.008333 1e-06

0.008401 1e-06

0.00833 0

0.008279 1e-06

0.008329 1e-06

0.008462 2e-06

0.008361 1e-06

0.008392 1e-06

0.008357 2e-06

0.008332 2e-06

0.008478 1e-06

0.008389 2e-06

0.008427 2e-06

0.008389 2e-06

0.008364 1e-06

0.008475 2e-06

0.008502 2e-06

0.008338 1e-06

0.008464 1e-06

0.008414 1e-06

0.008434 2e-06

0.008341 2e-06

0.008474 1e-06

0.008663 3e-06

0.008477 1e-06

0.008467 1e-06

0.008366 1e-06

0.008262 1e-06

0.008295 1e-06

0.008376 1e-06

0.008257 1e-06

0.008317 1e-06

0.00842 1e-06

0.008375 1e-06

0.008342 2e-06

0.008348 2e-06

0.008341 1e-06

0.008305 1e-06

0.008368 1e-06

0.00833 1e-06

0.008308 1e-06

0.00931 2e-06

0.008616 1e-06

0.008459 2e-06

0.008382 1e-06

0.008373 1e-06

0.008337 1e-06

0.008315 1e-06

0.008339 2e-06

0.008343 1e-06

0.00834 1e-06

0.008349 1e-06

0.008287 1e-06

0.008406 1e-06

0.008449 1e-06

0.008302 1e-06

0.008344 1e-06

0.008277 1e-06

0.008316 1e-06

0.008352 1e-06

0.008253 1e-06

0.008311 1e-06

0.008255 1e-06

0.008276 2e-06

0.008337 2e-06

0.008396 1e-06

0.008292 1e-06

0.008407 1e-06

0.008284 1e-06

0.008461 1e-06

0.00855 1e-06

0.008518 2e-06

0.008584 2e-06

0.008663 2e-06

0.008342 1e-06

0.008355 1e-06

0.008327 1e-06

0.008292 1e-06

0.008419 2e-06

0.00835 2e-06

0.008286 2e-06

0.008445 1e-06

0.008417 1e-06

0.008268 1e-06

0.008334 1e-06

0.008311 1e-06

0.008285 2e-06

0.008502 1e-06

0.008375 1e-06

0.00848 1e-06

0.008294 1e-06

0.008334 1e-06

0.008321 1e-06

0.008293 1e-06

0.008339 2e-06

0.008531 2e-06

0.008467 2e-06

0.008365 2e-06

0.008453 1e-06

0.008371 1e-06

0.008325 2e-06

0.008348 1e-06

0.008305 1e-06

0.008345 1e-06

0.008297 2e-06

0.008311 1e-06

0.008426 2e-06

0.008319 1e-06

0.008319 1e-06

0.008686 1e-06

0.008408 1e-06

0.008436 1e-06

0.008493 2e-06

0.008291 1e-06

0.009022 1e-06

0.008447 2e-06

0.00837 2e-06

0.008457 2e-06

0.008577 2e-06

0.008614 2e-06

0.008682 2e-06

0.0085 1e-06

0.008334 2e-06

0.008487 1e-06

0.008482 1e-06

0.008311 1e-06

0.008293 2e-06

0.008392 1e-06

0.008257 1e-06

0.008397 1e-06

0.008304 2e-06

0.008377 2e-06

0.008536 1e-06

0.008644 1e-06

0.008428 2e-06

0.008467 2e-06

0.008551 2e-06

0.008311 1e-06

0.008355 2e-06

0.008373 2e-06

0.008622 2e-06

0.008565 2e-06

0.008509 1e-06

0.008479 2e-06

0.008522 1e-06

0.008495 1e-06

0.008353 1e-06

0.00847 2e-06

0.008364 2e-06

0.008371 1e-06

0.008351 1e-06

0.008402 2e-06

0.008375 1e-06

0.008348 2e-06

0.008428 1e-06

0.00829 2e-06

0.008352 1e-06

0.008324 1e-06

0.008315 1e-06

0.008355 2e-06

0.00849 1e-06

0.00839 1e-06

0.008317 1e-06

0.008355 1e-06

0.008421 1e-06

0.008285 1e-06

0.008315 1e-06

0.008449 1e-06

0.008328 2e-06

0.008469 2e-06

0.008621 1e-06

0.008383 1e-06

0.008474 1e-06

0.008491 2e-06

0.008475 1e-06

0.008524 2e-06

0.008486 1e-06

0.008549 1e-06

0.00853 1e-06

0.008537 2e-06

0.008434 1e-06

0.008349 2e-06

0.008371 2e-06

0.008311 1e-06

0.008388 2e-06

0.00829 2e-06

0.008328 1e-06

0.008997 1e-06

0.008556 1e-06

0.008551 2e-06

0.008566 3e-06

0.008514 1e-06

0.008443 2e-06

0.008555 1e-06

0.008516 2e-06

0.00846 1e-06

0.008636 1e-06

0.008557 1e-06

0.008503 1e-06

0.008579 1e-06

0.008566 1e-06

0.008594 1e-06

0.008613 2e-06

0.008457 1e-06

0.008528 2e-06

0.008505 1e-06

0.008358 1e-06

0.008352 2e-06

0.008491 2e-06

0.008637 1e-06

0.008343 1e-06

0.00843 1e-06

0.00829 1e-06

0.008344 1e-06

0.008358 1e-06

0.008421 1e-06

0.008338 1e-06

0.00831 1e-06

0.008396 2e-06

0.008283 1e-06

0.008347 2e-06

0.008284 2e-06

0.008312 1e-06

0.008841 2e-06

0.008512 2e-06

0.008337 1e-06

0.008379 2e-06

0.008324 1e-06

0.008427 2e-06

0.008427 2e-06

0.008386 1e-06

0.008388 2e-06

0.008416 3e-06

0.008532 1e-06

0.008501 2e-06

0.008555 1.7e-05

0.008358 1e-06

0.008559 2e-06

0.008502 1e-06

0.008546 1e-06

0.008545 1e-06

0.008563 2e-06

0.00855 2e-06

0.008513 1e-06

0.008516 2e-06

0.008578 1e-06

0.008411 1e-06

0.008302 1e-06

0.008362 1e-06

0.008507 1e-06

0.008432 1e-06

0.008489 1e-06

0.008458 1e-06

0.008612 3e-06

0.008546 2e-06

0.008605 2e-06

0.008543 1e-06

0.008632 1e-06

0.008474 2e-06

0.008499 1e-06

0.008631 1e-06

0.008522 2e-06

0.008638 2e-06

0.008914 2e-06

0.008546 2e-06

0.00843 1e-06

0.008488 1e-06

0.009215 2e-06

0.008867 2e-06

0.008568 2e-06

0.008679 2e-06

0.008472 2e-06

0.00851 1e-06

0.008424 2e-06

0.008409 2e-06

0.008408 2e-06

0.008461 2e-06

0.008456 1e-06

0.012242 2e-06

0.00931 1e-06

0.008988 3e-06

0.008613 1e-06

0.010408 2e-06

0.011751 3e-06

0.008747 1e-06

0.008541 1e-06

0.00893 5e-06

0.00855 2e-06

0.008608 2e-06

0.012008 2e-06

0.012518 2e-06

0.01297 3e-06

0.012769 4e-06

0.012199 5e-06

0.012481 4e-06

0.01194 2e-06

0.00947 3e-06

0.00922 4e-06

0.009421 2e-06

0.009721 3e-06

0.008889 2e-06

0.008821 4e-06

0.008838 3e-06

0.008931 3e-06

0.011206 3e-06

0.008693 2e-06

0.008926 2e-06

0.009502 4e-06

0.009111 4e-06

0.011048 3e-06

0.009268 2e-06

0.013102 2e-06

0.015051 2e-06

0.010999 2e-06

0.010865 4e-06

0.013048 4e-06

0.01204 3e-06

0.011708 2e-06

0.009693 2e-06

0.008854 2e-06

0.010238 3e-06

0.008891 2e-06

0.008965 2e-06

0.008893 2e-06

0.008866 2e-06

0.012351 3e-06

0.00894 2e-06

0.008923 2e-06

0.010031 3e-06

0.011794 2e-06

0.011368 1e-06

0.011852 2e-06

0.009227 3e-06

0.01146 2e-06

0.009277 2e-06

0.012108 2e-06

0.013543 5e-06

0.009035 4e-06

0.012346 2e-06

0.012244 3e-06

0.011563 3e-06

0.012355 3e-06

0.011508 2e-06

0.01161 5e-06

0.012477 3e-06

0.01259 3e-06

0.011606 5e-06

0.011751 2e-06

0.008681 1e-06

0.008697 1e-06

0.008649 2e-06

0.008637 1e-06

0.00925 2e-06

0.008617 2e-06

0.008475 1e-06

0.008392 2e-06

0.008587 1e-06

0.008403 2e-06

0.008305 1e-06

0.00834 1e-06

0.008642 2e-06

0.010428 1e-06

0.008533 2e-06

0.008964 2e-06

0.008422 2e-06

0.008317 1e-06

0.00864 2e-06

0.008448 1e-06

0.008666 1e-06

0.008591 1e-06

0.008607 2e-06

0.008635 1e-06

0.008598 2e-06

0.008372 1e-06

0.008355 1e-06

0.008495 1e-06

0.008471 1e-06

0.008515 2e-06

0.0087 2e-06

0.00856 2e-06

0.008976 1e-06

0.009521 2e-06

0.009241 2e-06

0.008988 2e-06

0.008694 1e-06

0.009704 1e-06

0.008603 1e-06

0.008641 1e-06

0.008663 2e-06

0.011671 2e-06

0.010275 2e-06

0.0089 2e-06

0.008636 2e-06

0.00863 1e-06

0.009154 2e-06

0.0085 1e-06

0.008697 2e-06

0.008773 3e-06

0.008584 1e-06

0.008546 1e-06

0.008485 1e-06

0.00856 2e-06

0.008635 2e-06

0.008633 1e-06

0.008535 1e-06

0.008529 1e-06

0.00854 2e-06

0.008394 1e-06

0.008801 2e-06

0.009011 1e-06

0.009032 1e-06

0.008572 1e-06

0.008553 2e-06

0.008471 1e-06

0.008409 1e-06

0.008406 1e-06

0.00852 1e-06

0.0083 1e-06

0.008426 2e-06

0.008363 1e-06

0.008467 1e-06

0.008325 1e-06

0.008331 2e-06

0.00841 1e-06

0.008395 1e-06

0.008308 1e-06

0.008401 1e-06

0.008422 2e-06

0.008434 1e-06

0.008434 1e-06

0.008492 2e-06

0.00843 1e-06

0.00857 1e-06

0.008461 1e-06

0.008287 1e-06

0.008309 2e-06

0.008414 1e-06

0.008278 2e-06

0.008441 2e-06

0.008337 1e-06

0.008446 2e-06

0.00829 1e-06

0.008492 2e-06

0.008478 1e-06

0.008525 2e-06

0.008354 1e-06

0.008407 2e-06

0.008386 2e-06

0.008283 1e-06

0.008499 1e-06

0.008404 2e-06

0.008468 1e-06

0.008254 1e-06

0.008338 2e-06

0.008284 1e-06

0.008477 2e-06

0.008529 1e-06

0.008508 2e-06

0.008551 2e-06

0.008584 2e-06

0.008495 1e-06

0.008339 2e-06

0.008334 2e-06

0.008327 2e-06

0.008378 2e-06

0.008331 2e-06

0.008367 1e-06

0.008341 1e-06

0.008433 1e-06

0.008461 2e-06

0.00847 2e-06

0.00856 2e-06

0.008556 2e-06

0.008502 1e-06

0.008544 2e-06

0.008436 2e-06

0.008459 1e-06

0.008483 2e-06

0.008613 2e-06

0.0085 1e-06

0.008451 1e-06

0.008504 2e-06

0.008536 1e-06

0.008349 2e-06

0.008391 2e-06

0.008455 1e-06

0.008467 2e-06

0.00852 2e-06

0.008351 1e-06

0.008448 1e-06

0.008371 1e-06

0.008388 1e-06

0.008344 1e-06

0.008468 1e-06

0.008323 2e-06

0.009057 2e-06

0.00857 1e-06

0.008461 1e-06

0.008394 2e-06

0.009065 1e-06

0.008505 2e-06

0.008336 1e-06

0.008347 2e-06

0.008303 2e-06

0.008337 1e-06

0.008332 1e-06

0.00833 1e-06

0.008294 1e-06

0.008434 2e-06

0.008388 1e-06

0.00838 1e-06

0.008456 2e-06

0.008316 1e-06

0.008387 1e-06

0.008258 1e-06

0.008385 1e-06

0.008301 1e-06

0.008347 1e-06

0.008316 1e-06

0.008341 1e-06

0.008352 1e-06

0.008308 1e-06

0.008514 2e-06

0.008541 1e-06

0.008486 2e-06

0.008533 1e-06

0.008558 2e-06

0.008638 1e-06

0.008452 1e-06

0.008524 3e-06

0.008375 2e-06

0.008389 1e-06

0.008466 1e-06

0.008447 2e-06

0.008311 2e-06

0.008414 2e-06

0.009103 1e-06

0.008411 2e-06

0.008391 1e-06

0.008574 1e-06

0.008489 1e-06

0.008452 1e-06

0.008534 2e-06

0.008391 2e-06

0.008481 1e-06

0.008286 1e-06

0.008318 2e-06

0.008418 1e-06

0.008339 1e-06

0.008401 1e-06

0.008332 1e-06

0.008293 1e-06

0.008308 1e-06

0.008384 2e-06

0.008305 1e-06

0.008394 1e-06

0.008406 1e-06

0.008303 1e-06

0.008387 1e-06

0.008412 1e-06

0.0084 1e-06

0.008398 1e-06

0.008366 1e-06

0.008327 1e-06

0.008377 2e-06

0.008341 1e-06

0.008441 2e-06

0.008285 2e-06

0.008927 3e-06

0.008454 1e-06

0.008357 1e-06

0.008304 1e-06

0.008497 1e-06

0.008328 1e-06

0.008328 1e-06

0.00838 1e-06

0.008551 2e-06

0.008355 2e-06

0.008349 1e-06

0.008372 1e-06

0.008306 1e-06

0.008297 0

0.008317 1e-06

0.00833 2e-06

0.0083 1e-06

0.008387 1e-06

0.008445 2e-06

0.008314 1e-06

0.008485 1e-06

0.008285 2e-06

0.008315 2e-06

0.0083 2e-06

0.008341 1e-06

0.008264 3e-06

0.00837 1e-06

0.008364 1e-06

0.008897 2e-06

0.00852 1e-06

0.008286 1e-06

0.008398 1e-06

0.008294 2e-06

0.008296 1e-06

0.008373 1e-06

0.008289 1e-06

0.008279 1e-06

0.008533 1e-06

0.008343 1e-06

0.008298 1e-06

0.008465 1e-06

0.008347 1e-06

0.009121 2e-06

0.008323 1e-06

0.008292 1e-06

0.008321 1e-06

0.008515 2e-06

0.00852 2e-06

0.008458 2e-06

0.008408 1e-06

0.008422 1e-06

0.008441 1e-06

0.008323 1e-06

0.008286 1e-06

0.008325 1e-06

0.008264 1e-06

0.008392 1e-06

