0.015675 2e-06

0.015105 2e-06

0.015366 3e-06

0.015936 2e-06

0.016138 5e-06

0.015874 2e-06

0.016169 2e-06

0.016084 2e-06

0.015218 2e-06

0.015231 3e-06

0.014976 1e-06

0.015045 2e-06

0.01499 2e-06

0.015033 3e-06

0.015013 2e-06

0.015033 2e-06

0.015397 1e-06

0.015156 2e-06

0.014992 2e-06

0.015405 2e-06

0.015255 2e-06

0.015374 2e-06

0.01523 1e-06

0.015233 2e-06

0.014911 2e-06

0.015045 2e-06

0.014998 2e-06

0.014934 1e-06

0.014927 1e-06

0.01493 1e-06

0.014951 2e-06

0.015585 2e-06

0.015271 2e-06

0.015047 2e-06

0.014937 2e-06

0.015001 2e-06

0.014876 4e-06

0.015427 3e-06

0.015365 2e-06

0.015053 2e-06

0.015181 2e-06

0.015212 2e-06

0.014931 2e-06

0.015013 1e-06

0.015012 3e-06

0.015042 2e-06

0.015052 2e-06

0.014935 1e-06

0.015094 2e-06

0.015229 1e-06

0.015135 2e-06

0.015178 3e-06

0.015092 3e-06

0.015119 1e-06

0.014989 2e-06

0.015082 2e-06

0.015033 2e-06

0.015215 1e-06

0.015032 3e-06

0.014918 2e-06

0.01502 2e-06

0.015192 2e-06

0.015114 2e-06

0.015123 1e-06

0.015835 3e-06

0.016674 3e-06

0.01623 2e-06

0.015008 2e-06

0.015162 2e-06

0.015194 2e-06

0.015048 1e-06

0.015112 1e-06

0.015091 2e-06

0.01506 2e-06

0.01548 1e-06

0.015239 2e-06

0.015336 2e-06

0.015185 2e-06

0.016104 2e-06

0.015124 2e-06

0.015122 1e-06

0.01504 2e-06

0.015129 3e-06

0.015001 4e-06

0.014994 2e-06

0.015156 2e-06

0.015131 2e-06

0.015377 2e-06

0.015096 5e-06

0.01505 2e-06

0.015459 3e-06

0.015626 2e-06

0.015165 2e-06

0.015808 1e-06

0.015341 2e-06

0.015536 3e-06

0.015315 3e-06

0.015519 2e-06

0.015307 2e-06

0.015306 2e-06

0.015332 2e-06

0.015179 2e-06

0.015291 2e-06

0.01518 1e-06

0.01531 1e-06

0.01574 4e-06

0.015085 2e-06

0.015036 4e-06

0.015039 2e-06

0.015003 2e-06

0.015195 1e-06

0.015186 1e-06

0.015068 2e-06

0.015255 1e-06

0.015132 2e-06

0.015102 1e-06

0.015026 2e-06

0.015061 1e-06

0.015154 2e-06

0.015241 1e-06

0.01506 2e-06

0.015209 1e-06

0.01515 2e-06

0.015094 2e-06

0.01497 2e-06

0.015069 1e-06

0.014981 2e-06

0.014963 3e-06

0.015128 1e-06

0.015333 2e-06

0.015105 2e-06

0.015311 2e-06

0.015153 2e-06

0.015084 3e-06

0.015231 2e-06

0.015233 2e-06

0.015078 2e-06

0.015022 1e-06

0.015103 3e-06

0.015144 2e-06

0.015122 1e-06

0.015081 2e-06

0.015193 2e-06

0.015074 2e-06

0.015109 1e-06

0.015051 2e-06

0.01506 2e-06

0.014991 3e-06

0.015026 4e-06

0.015051 1e-06

0.014992 2e-06

0.014947 2e-06

0.015105 3e-06

0.015102 3e-06

0.015608 3e-06

0.016787 3e-06

0.014893 2e-06

0.014574 1e-06

0.014667 3e-06

0.014635 1e-06

0.01542 2e-06

0.014644 1e-06

0.014675 1e-06

0.014928 1e-06

0.01478 2e-06

0.014561 1e-06

0.01497 5e-06

0.014976 1e-06

0.014981 2e-06

0.01501 2e-06

0.015059 1e-06

0.014971 1.5e-05

0.01495 2e-06

0.014949 2e-06

0.014901 1e-06

0.015016 2e-06

0.015035 2e-06

0.014684 3e-06

0.014625 2e-06

0.015882 2e-06

0.015779 1e-06

0.015499 3e-06

0.014678 2e-06

0.014997 2e-06

0.014823 2e-06

0.014692 1e-06

0.01467 1e-06

0.015043 2e-06

0.014925 2e-06

0.014754 1e-06

0.014584 1e-06

0.01477 2e-06

0.014659 2e-06

0.015821 1e-06

0.014613 1e-06

0.01622 2e-06

0.016031 1e-06

0.016118 2e-06

0.016083 2e-06

0.015955 2e-06

0.014807 2e-06

0.016325 2e-06

0.014879 1e-06

0.01499 1e-06

0.016058 2e-06

0.020868 3e-06

0.016569 2e-06

0.015815 1e-06

0.01593 2e-06

0.01587 3e-06

0.016286 3e-06

0.015892 2e-06

0.015858 3e-06

0.01519 2e-06

0.016309 2e-06

0.016166 1e-06

0.016229 2e-06

0.016225 2e-06

0.016112 2e-06

0.016071 2e-06

0.015782 3e-06

0.015016 2e-06

0.015033 2e-06

0.015285 2e-06

0.015379 2e-06

0.015294 1e-06

0.018021 3e-06

0.01509 2e-06

0.015226 2e-06

0.015678 2e-06

0.015408 1e-06

0.015516 1e-06

0.015254 2e-06

0.015465 1e-06

0.015404 1e-06

0.015271 2e-06

0.015451 3e-06

0.015413 2e-06

0.015467 1e-06

0.01532 2e-06

0.015273 1e-06

0.01538 2e-06

0.015301 1e-06

0.015354 2e-06

0.015424 3e-06

0.015123 1e-06

0.015222 2e-06

0.01502 2e-06

0.015022 3e-06

0.015312 2e-06

0.01513 2e-06

0.015027 1e-06

0.015132 1e-06

0.015122 2e-06

0.015394 3e-06

0.015139 1e-06

0.015277 2e-06

0.014924 2e-06

0.015096 2e-06

0.015328 1e-06

0.015127 3e-06

0.015187 2e-06

0.015123 2e-06

0.015201 3e-06

0.015172 2e-06

0.015119 1e-06

0.017623 2e-06

0.01508 1e-06

0.015046 2e-06

0.016416 2e-06

0.016237 2e-06

0.016122 1e-06

0.01595 2e-06

0.015345 2e-06

0.015185 1e-06

0.015044 3e-06

0.014923 2e-06

0.014836 2e-06

0.015199 1e-06

0.015252 2e-06

0.015274 3e-06

0.015194 1e-06

0.015144 2e-06

0.015197 1e-06

0.015299 1e-06

0.015073 2e-06

0.015772 1e-06

0.015073 2e-06

0.01515 2e-06

0.015305 2e-06

0.01528 1e-06

0.015255 1e-06

0.015359 2e-06

0.015206 2e-06

0.015118 2e-06

0.015289 1e-06

0.015026 2e-06

0.015072 1e-06

0.015063 2e-06

0.015198 2e-06

0.015213 2e-06

0.015013 1e-06

0.014954 2e-06

0.015434 1e-06

0.015241 1e-06

0.015358 1.4e-05

0.015642 2e-06

0.015003 1e-06

0.01508 2e-06

0.015245 2e-06

0.015349 2e-06

0.015214 1e-06

0.015342 1e-06

0.015263 1e-06

0.015277 2e-06

0.015091 2e-06

0.015152 2e-06

0.015276 2e-06

0.015157 3e-06

0.015092 1e-06

0.015155 2e-06

0.014943 2e-06

0.015239 2e-06

0.015079 2e-06

0.014978 2e-06

0.015166 2e-06

0.015183 1e-06

0.015067 1e-06

0.015107 1e-06

0.015296 1e-06

0.015044 2e-06

0.015256 2e-06

0.015057 2e-06

0.015242 2e-06

0.015128 2e-06

0.015124 1e-06

0.015091 2e-06

0.015013 2e-06

0.014972 2e-06

0.015188 1e-06

0.015031 1e-06

0.014965 2e-06

0.015259 2e-06

0.015255 2e-06

0.015088 1e-06

0.015088 2e-06

0.015381 2e-06

0.015882 2e-06

0.020712 3e-06

0.015154 2e-06

0.015133 2e-06

0.01524 1e-06

0.015057 2e-06

0.015064 2e-06

0.015117 2e-06

0.015283 2e-06

0.015094 3e-06

0.015038 1e-06

0.015064 2e-06

0.015092 2e-06

0.01505 1e-06

0.01505 3e-06

0.015154 1e-06

0.015119 1e-06

0.015315 2e-06

0.015205 3e-06

0.015076 3e-06

0.01825 3e-06

0.015105 2e-06

0.01512 2e-06

0.015267 1e-06

0.015241 3e-06

0.0161 2e-06

0.015306 2e-06

0.015204 1e-06

0.015218 1e-06

0.01517 2e-06

0.015142 2e-06

0.015213 2e-06

0.015047 3e-06

0.016501 4e-06

0.015287 3e-06

0.0153 1e-06

0.015203 1e-06

0.015785 2e-06

0.015248 2e-06

0.015363 3e-06

0.015936 2e-06

0.015012 1e-06

0.015123 2e-06

0.015231 1e-06

0.015191 1e-06

0.015159 2e-06

0.015247 1e-06

0.01515 1e-06

0.015392 1e-06

0.015211 2e-06

0.015432 1e-06

0.015339 2e-06

0.01517 2e-06

0.015278 2e-06

0.01548 2e-06

0.015267 1e-06

0.015534 2e-06

0.015291 2e-06

0.015959 2e-06

0.015563 1e-06

0.01729 3e-06

0.015088 2e-06

0.014754 2e-06

0.01474 2e-06

0.014804 2e-06

0.01461 1e-06

0.014734 2e-06

0.014847 2e-06

0.014936 2e-06

0.01468 2e-06

0.014717 2e-06

0.014652 2e-06

0.014632 1e-06

0.014667 2e-06

0.014741 3e-06

0.014655 2e-06

0.014584 1e-06

0.014722 2e-06

0.014689 1e-06

0.014752 1e-06

0.01451 1e-06

0.015621 4e-06

0.014949 2e-06

0.014757 2e-06

0.014734 2e-06

0.01492 1e-06

0.014762 1e-06

0.014632 1e-06

0.014722 1e-06

0.01459 2e-06

0.014742 1e-06

0.014616 2e-06

0.014668 2e-06

0.014678 2e-06

0.014643 1e-06

0.014636 1e-06

0.014819 1e-06

0.014625 2e-06

0.014694 2e-06

0.01484 1e-06

0.01479 2e-06

0.014851 2e-06

0.014808 1e-06

0.014661 1e-06

0.014777 2e-06

0.014548 2e-06

0.014566 3e-06

0.014681 2e-06

0.014704 1e-06

0.014738 2e-06

0.014712 2e-06

0.014664 1e-06

0.014595 2e-06

0.014752 2e-06

0.014879 3e-06

0.014832 1e-06

0.014674 1e-06

0.014803 2e-06

0.014665 2e-06

0.014657 2e-06

0.014673 1e-06

0.014658 2e-06

0.015708 2e-06

0.014814 1e-06

0.014716 2e-06

0.014957 2e-06

0.014979 2e-06

0.014899 2e-06

0.014898 2e-06

0.014771 2e-06

0.014891 2e-06

0.01484 2e-06

0.014499 2e-06

0.014672 1e-06

0.014644 2e-06

0.015813 2e-06

0.014688 1e-06

0.014551 2e-06

0.014773 2e-06

0.01469 2e-06

0.014773 2e-06

0.01472 1e-06

0.014883 3e-06

0.014792 1e-06

0.014693 3e-06

0.014729 1e-06

0.014706 2e-06

0.014689 2e-06

0.01476 2e-06

0.014618 1e-06

0.014556 1e-06

0.014764 1e-06

0.014798 1e-06

0.014759 2e-06

0.014859 2e-06

0.014682 2e-06

0.014978 2e-06

0.014797 2e-06

0.014604 1e-06

0.014613 1e-06

0.014689 2e-06

0.014731 1e-06

0.014748 2e-06

0.014562 1e-06

0.014768 2e-06

0.015038 1e-06

0.015139 3e-06

0.015105 2e-06

0.015102 2e-06

0.015117 2e-06

0.015065 2e-06

0.015387 2e-06

0.015756 1e-06

0.016465 1e-06

0.015003 2e-06

0.015095 2e-06

0.015304 2e-06

0.015031 1e-06

0.015008 1e-06

0.014707 2e-06

0.015035 2e-06

0.015173 1e-06

0.014881 1e-06

0.014839 2e-06

0.015947 2e-06

0.01499 1e-06

0.021014 6e-06

0.016101 2e-06

0.015321 3e-06

0.015322 2e-06

0.015457 1e-06

0.015404 2e-06

0.015529 2e-06

0.015401 2e-06

0.015733 1e-06

0.014941 2e-06

0.021342 3e-06

0.015511 1e-06

0.015483 2e-06

0.015493 1e-06

0.01583 1e-06

0.01576 2e-06

0.01587 3e-06

0.017061 5e-06

0.015557 2e-06

0.015257 3e-06

0.015423 2e-06

0.01502 2e-06

0.015228 3e-06

0.015427 1e-06

0.015485 2e-06

0.015614 2e-06

0.016725 1e-06

0.015522 1e-06

0.016685 2e-06

0.01481 2e-06

0.015441 2e-06

0.014958 2e-06

0.015084 3e-06

0.014994 2e-06

0.015048 1e-06

0.014988 2e-06

0.015018 2e-06

0.014941 2e-06

0.015026 2e-06

0.014755 2e-06

0.014783 2e-06

0.014621 2e-06

0.014772 1e-06

0.015128 1e-06

0.015031 3e-06

0.01501 2e-06

0.020266 4e-06

0.014866 2e-06

0.014937 1e-06

0.017544 2e-06

0.015277 2e-06

0.015126 2e-06

0.015384 1e-06

0.015929 3e-06

0.015341 2e-06

0.015127 2e-06

0.015124 1e-06

0.015862 2e-06

0.01499 2e-06

0.015173 2e-06

0.015214 2e-06

0.015179 2e-06

0.017635 2e-06

0.015833 2e-06

0.015431 2e-06

0.015484 2e-06

0.015618 1e-06

0.015393 2e-06

0.015531 1e-06

0.015368 2e-06

0.018201 2e-06

0.01572 7e-06

0.015858 5e-06

0.017068 2e-06

0.016653 1e-06

0.016245 2e-06

0.015698 3e-06

0.016791 2e-06

0.015217 2e-06

0.016178 1e-06

0.01549 2e-06

0.016016 2e-06

0.015379 1e-06

0.01546 2e-06

0.01728 2e-06

0.018278 4e-06

0.016124 2e-06

0.015477 2e-06

0.022777 3e-06

0.01643 3e-06

0.015675 3e-06

0.02275 3e-06

0.015977 3e-06

0.016476 1e-06

0.01655 2e-06

0.015415 2e-06

0.015054 1e-06

0.015004 1e-06

0.014727 1e-06

0.014682 2e-06

0.014616 1e-06

0.014926 2e-06

0.014619 1e-06

0.014743 1e-06

0.014774 2e-06

0.014783 1e-06

0.014608 2e-06

0.014562 1e-06

0.01484 2e-06

0.0147 1e-06

0.014579 2e-06

0.014735 2e-06

0.01535 1e-06

0.015023 1e-06

0.014768 2e-06

0.01568 2e-06

0.014754 2e-06

0.014825 2e-06

0.015131 1e-06

0.015244 1e-06

0.015377 2e-06

0.015186 2e-06

0.015201 1e-06

0.015655 3e-06

0.014942 2e-06

0.015089 1e-06

0.015048 2e-06

0.014879 2e-06

0.015331 2e-06

0.015068 1e-06

0.014903 1e-06

0.015344 1e-06

0.015418 1e-06

0.015238 2e-06

0.015575 1e-06

0.015127 2e-06

0.015449 2e-06

0.014986 2e-06

0.015688 2e-06

0.015389 1e-06

0.01538 1e-06

0.015406 1e-06

0.015205 3e-06

0.014958 2e-06

0.015195 2e-06

0.015205 3e-06

0.014932 3e-06

0.014782 2e-06

0.017331 2e-06

0.015533 2e-06

0.015362 2e-06

0.021133 2e-06

0.018316 3e-06

0.015549 2e-06

0.021635 1e-06

0.019013 1e-06

0.015075 2e-06

0.015071 3e-06

0.01824 6e-06

0.015169 3e-06

0.015369 2e-06

0.015876 2e-06

0.015697 2e-06

0.015063 2e-06

0.015041 1e-06

0.014931 1e-06

0.014666 2e-06

0.014767 2e-06

0.015151 1e-06

0.017299 5e-06

0.016671 3e-06

0.01719 4e-06

0.016982 9e-06

0.015446 2e-06

0.015174 1e-06

0.015019 3e-06

0.015111 2e-06

0.015563 2e-06

0.015114 2e-06

0.015033 1e-06

0.015446 2e-06

0.014768 2e-06

0.014882 1e-06

0.014674 2e-06

0.015157 2e-06

0.015158 2e-06

0.015142 2e-06

0.015158 2e-06

0.015176 1e-06

0.01506 2e-06

0.015167 2e-06

0.014851 2e-06

0.014602 1e-06

0.01463 2e-06

0.020023 2e-06

0.016978 2e-06

0.018456 3e-06

0.016717 2e-06

0.016278 2e-06

0.015117 2e-06

0.014656 1e-06

0.014643 1e-06

0.014715 2e-06

0.014522 2e-06

0.014539 2e-06

0.014913 2e-06

0.014647 2e-06

0.014821 2e-06

0.014917 2e-06

0.015161 4e-06

0.015089 3e-06

0.014768 1e-06

0.023417 3e-06

0.017437 2e-06

0.022246 2e-06

0.01556 3e-06

0.019986 2e-06

0.016776 6e-06

0.017494 1e-06

0.017381 2e-06

0.019689 3e-06

0.016454 3e-06

0.016954 3e-06

0.015966 2e-06

0.016326 2e-06

0.015326 3e-06

0.015132 2e-06

0.014985 2e-06

0.015216 2e-06

0.014797 2e-06

0.014923 2e-06

0.015518 1e-06

0.015254 1e-06

0.015368 3e-06

0.015131 2e-06

0.015888 2e-06

0.01603 2e-06

0.014896 2e-06

0.014923 1e-06

0.015055 2e-06

0.014936 2e-06

0.015031 2e-06

0.015197 1e-06

0.015063 2e-06

0.014999 1e-06

0.014738 2e-06

0.014831 2e-06

0.014979 2e-06

0.015066 2e-06

0.015192 1e-06

0.015725 1e-06

0.015114 2e-06

0.014964 2e-06

0.015866 2e-06

0.015066 2e-06

0.015221 2e-06

0.015208 2e-06

0.014834 2e-06

0.014816 2e-06

0.015099 1e-06

0.014952 2e-06

0.014799 2e-06

0.014706 2e-06

0.01461 1e-06

0.015404 1e-06

0.015491 2e-06

0.017206 3e-06

0.015227 1e-06

0.015303 2e-06

0.014964 2e-06

0.015585 2e-06

0.015585 1e-06

0.015249 2e-06

0.015288 2e-06

0.016096 2e-06

0.015515 2e-06

0.015457 2e-06

0.014964 2e-06

0.014996 2e-06

0.014823 1e-06

0.015672 3e-06

0.0158 2e-06

0.015574 3e-06

0.015733 2e-06

0.015256 2e-06

0.015223 2e-06

0.015223 2e-06

0.020086 2e-06

0.015367 2e-06

0.015715 3e-06

0.016118 2e-06

0.015717 1e-06

0.0155 1e-06

0.016165 3e-06

0.015143 1e-06

0.015031 3e-06

0.014712 3e-06

0.014602 1e-06

0.014545 1e-06

0.015024 1e-06

0.014967 3e-06

0.014855 2e-06

0.01461 2e-06

0.014783 2e-06

0.014583 2e-06

0.014623 1e-06

0.014626 1e-06

0.014719 1e-06

0.014702 1e-06

0.014708 2e-06

0.014721 1e-06

0.014797 1e-06

0.014624 2e-06

0.014642 1e-06

0.014868 2e-06

0.014742 2e-06

0.014832 1e-06

0.014799 1e-06

0.014737 1e-06

0.014886 2e-06

0.014748 2e-06

0.01467 1e-06

0.014659 2e-06

0.014717 1.3e-05

0.014584 1e-06

0.01451 1e-06

0.014545 2e-06

0.014891 2e-06

0.014705 2e-06

0.014537 2e-06

0.014566 1e-06

0.014585 2e-06

0.014733 1e-06

0.014785 2e-06

0.014573 1e-06

0.014727 2e-06

0.014759 2e-06

0.014699 2e-06

0.014796 2e-06

0.014784 2e-06

0.014769 1e-06

0.014719 2e-06

0.014654 2e-06

0.014662 2e-06

0.014649 1e-06

0.014453 3e-06

0.014538 1e-06

0.014728 2e-06

0.014724 2e-06

0.014815 1e-06

0.014523 4e-06

0.014584 2e-06

0.014612 2e-06

0.014698 2e-06

0.014598 2e-06

0.014669 2e-06

0.014733 2e-06

0.014777 3e-06

0.014817 2e-06

0.014737 2e-06

0.014691 1e-06

0.014673 2e-06

0.014672 1e-06

0.014637 2e-06

0.01462 2e-06

0.014654 1e-06

0.014738 1e-06

0.014513 2e-06

0.014485 2e-06

0.014656 1e-06

0.014565 1e-06

0.014515 3e-06

0.014583 2e-06

0.014641 2e-06

0.014731 2e-06

0.014716 1e-06

0.01459 1e-06

0.014592 2e-06

0.014631 1e-06

0.014575 2e-06

0.014655 2e-06

0.014551 2e-06

0.014615 2e-06

0.014576 1e-06

0.01469 1e-06

0.014651 2e-06

0.014648 2e-06

0.014726 2e-06

0.014499 1e-06

0.014516 2e-06

0.014615 1e-06

0.014573 1e-06

0.014461 2e-06

0.014563 1e-06

0.014683 3e-06

0.014758 2e-06

0.014511 2e-06

0.014688 2e-06

0.014583 2e-06

0.015488 2e-06

0.014754 2e-06

0.014615 2e-06

0.014576 1e-06

0.01463 2e-06

0.014692 2e-06

0.014596 2e-06

0.014534 3e-06

0.014647 2e-06

0.014665 1e-06

0.014544 1e-06

0.014475 2e-06

0.014743 1e-06

0.014508 2e-06

0.014533 1e-06

0.014577 1e-06

0.014493 1e-06

0.014714 2e-06

0.014673 1e-06

0.014496 2e-06

0.014656 2e-06

0.014588 2e-06

0.014741 2e-06

0.014623 1e-06

0.014589 1e-06

0.014662 2e-06

0.014625 2e-06

0.014678 2e-06

0.01451 2e-06

0.014655 2e-06

0.014672 1e-06

0.014598 1e-06

0.014592 1e-06

0.01466 2e-06

0.014652 2e-06

0.014586 1e-06

0.014593 2e-06

0.014498 2e-06

0.014551 2e-06

0.014539 2e-06

0.015204 2e-06

0.014537 1e-06

0.014517 1e-06

0.014649 1e-06

0.014614 4e-06

0.014768 3e-06

0.014621 2e-06

0.014563 1e-06

0.01463 1e-06

0.014581 1e-06

0.01463 1e-06

0.014565 3e-06

0.01453 1e-06

0.014583 3e-06

0.01473 1e-06

0.01464 2e-06

0.014622 2e-06

0.01452 1e-06

0.014553 1e-06

0.014544 2e-06

0.014599 1e-06

0.015085 2e-06

0.014775 2e-06

0.014521 2e-06

0.014626 1e-06

0.014655 2e-06

0.014545 3e-06

0.014646 2e-06

