0.004543 2e-06
0.004376 4e-06
0.004343 4e-06
0.004309 4e-06
0.004309 4e-06
0.004391 4e-06
0.004316 4e-06
0.004303 4e-06
0.004304 2e-06
0.004274 5e-06
0.004334 4e-06
0.004336 4e-06
0.004602 2e-06
0.004402 4e-06
0.004418 4e-06
0.004638 3e-06
0.004302 4e-06
0.004298 4e-06
0.004291 4e-06
0.004309 4e-06
0.004289 5e-06
0.004276 4e-06
0.003967 3e-06
0.004147 4e-06
0.004863 9e-06
0.004346 3e-06
0.006992 6e-06
0.004605 4e-06
0.004362 4e-06
0.004312 4e-06
0.004313 5e-06
0.004288 4e-06
0.004326 2e-06
0.005015 4e-06
0.004319 4e-06
0.004388 3e-06
0.004305 3e-06
0.004283 3e-06
0.004296 3e-06
0.005148 5e-06
0.004488 4e-06
0.004307 4e-06
0.004838 3e-06
0.004607 4e-06
0.004337 3e-06
0.004315 4e-06
0.004341 5e-06
0.004285 4e-06
0.004339 4e-06
0.004359 4e-06
0.004382 3e-06
0.004319 3e-06
0.006321 4e-06
0.004293 4e-06
0.004333 3e-06
0.004374 4e-06
0.004376 4e-06
0.004611 5e-06
0.00447 5e-06
0.004496 3e-06
0.004316 6e-06
0.004295 5e-06
0.004292 5e-06
0.004293 5e-06
0.004229 5e-06
0.003625 4e-06
0.004304 5e-06
0.004283 4e-06
0.004311 5e-06
0.004309 5e-06
0.00435 8e-06
0.004372 5e-06
0.004314 4e-06
0.004449 4e-06
0.004326 5e-06
0.004319 5e-06
0.004281 4e-06
0.0043 4e-06
0.004302 5e-06
0.004296 4e-06
0.004302 5e-06
0.004292 5e-06
0.004309 5e-06
0.007643 6e-06
0.006731 7e-06
0.007655 7e-06
0.004776 4e-06
0.004353 3e-06
0.004316 3e-06
0.004344 5e-06
0.004364 4e-06
0.004297 4e-06
0.0043 5e-06
0.005501 6e-06
0.004307 4e-06
0.004308 5e-06
0.004386 5e-06
0.0044 5e-06
0.004435 4e-06
0.004433 4e-06
0.004341 5e-06
0.004303 6e-06
0.004308 5e-06
0.004294 4e-06
0.004301 5e-06
0.004294 3e-06
0.003732 4e-06
0.00429 3e-06
0.004511 5e-06
0.004534 5e-06
0.004353 3e-06
0.004397 4e-06
0.004428 3e-06
0.004533 2e-06
0.004386 6e-06
0.004311 2e-06
0.004328 4e-06
0.004305 4e-06
0.004313 4e-06
0.004304 6e-06
0.004321 6e-06
0.004304 5e-06
0.004323 6e-06
0.004301 5e-06
0.004316 4e-06
0.004304 5e-06
0.0043 5e-06
0.004299 4e-06
0.004336 4e-06
0.005254 5e-06
0.005205 5e-06
0.005194 4e-06
0.005373 7e-06
0.00526 3e-06
0.00526 5e-06
0.005197 5e-06
0.005206 4e-06
0.005208 4e-06
0.00522 4e-06
0.005201 4e-06
0.005212 5e-06
0.005177 5e-06
0.005198 4e-06
0.005181 4e-06
0.005224 4e-06
0.005186 5e-06
0.004303 3e-06
0.005267 6e-06
0.005231 5e-06
0.005223 5e-06
0.00541 5e-06
0.005229 4e-06
0.005269 6e-06
0.005203 3e-06
0.005253 5e-06
0.005233 4e-06
0.005205 2e-06
0.0052 4e-06
0.005206 4e-06
0.005204 3e-06
0.005209 4e-06
0.005192 4e-06
0.005259 5e-06
0.005195 4e-06
0.004121 4e-06
0.005218 6e-06
0.005271 3e-06
0.005243 5e-06
0.005496 7e-06
0.005209 5e-06
0.005284 5e-06
0.005217 3e-06
0.005211 3e-06
0.005238 3e-06
0.005214 5e-06
0.005199 3e-06
0.005214 3e-06
0.005191 5e-06
0.005211 4e-06
0.005193 3e-06
0.005261 4e-06
0.005224 5e-06
0.004279 4e-06
0.005201 5e-06
0.005224 3e-06
0.005199 5e-06
0.005398 5e-06
0.005231 4e-06
0.005256 4e-06
0.005211 3e-06
0.005214 5e-06
0.00519 3e-06
0.005205 5e-06
0.005219 5e-06
0.005221 4e-06
0.005196 5e-06
0.005217 3e-06
0.005203 4e-06
0.005202 4e-06
0.005206 5e-06
0.004308 4e-06
0.005201 4e-06
0.005223 3e-06
0.005216 3e-06
0.005385 3e-06
0.005228 4e-06
0.005322 5e-06
0.005219 4e-06
0.005228 4e-06
0.005202 7e-06
0.005249 4e-06
0.005208 4e-06
0.005236 5e-06
0.005203 4e-06
0.005205 5e-06
0.005188 5e-06
0.00521 5e-06
0.005271 6e-06
0.004455 5e-06
0.005266 4e-06
0.005262 4e-06
0.0052 5e-06
0.005434 6e-06
0.005219 4e-06
0.005217 4e-06
0.005185 4e-06
0.005269 4e-06
0.005237 2e-06
0.005214 5e-06
0.005186 5e-06
0.005219 4e-06
0.005203 5e-06
0.005215 3e-06
0.0052 4e-06
0.005227 4e-06
0.005209 5e-06
0.004473 5e-06
0.005217 4e-06
0.005222 5e-06
0.005213 4e-06
0.005396 7e-06
0.00521 4e-06
0.005237 6e-06
0.005208 4e-06
0.005223 4e-06
0.005193 5e-06
0.005249 4e-06
0.005204 5e-06
0.005207 2e-06
0.005176 5e-06
0.005213 3e-06
0.005185 3e-06
0.005213 5e-06
0.00519 5e-06
0.004499 5e-06
0.005202 4e-06
0.005234 6e-06
0.005209 6e-06
0.005419 6e-06
0.005282 4e-06
0.005287 4e-06
0.00521 5e-06
0.005217 4e-06
0.005204 3e-06
0.005241 4e-06
0.00519 4e-06
0.005217 4e-06
0.005208 4e-06
0.005234 5e-06
0.005207 5e-06
0.005274 4e-06
0.005248 5e-06
0.004599 5e-06
0.005206 5e-06
0.00522 3e-06
0.005186 4e-06
0.005692 6e-06
0.00521 5e-06
0.005242 4e-06
0.005194 5e-06
0.005228 4e-06
0.005234 4e-06
0.005217 4e-06
0.005216 4e-06
0.005221 4e-06
0.005196 4e-06
0.005223 5e-06
0.005195 5e-06
0.005218 5e-06
0.00473 3e-06
0.004322 5e-06
0.005189 4e-06
0.005222 4e-06
0.005207 5e-06
0.005406 7e-06
0.005219 4e-06
0.005268 5e-06
0.005258 6e-06
0.005209 3e-06
0.005213 2e-06
0.005237 5e-06
0.005204 5e-06
0.005218 4e-06
0.005221 5e-06
0.005218 4e-06
0.005197 4e-06
0.005213 3e-06
0.005202 5e-06
0.004437 6e-06
0.005221 6e-06
0.005255 4e-06
0.005235 3e-06
0.005508 4e-06
0.005212 4e-06
0.005225 5e-06
0.005204 4e-06
0.00522 3e-06
0.005199 4e-06
0.005223 7e-06
0.0052 4e-06
0.005214 4e-06
0.005198 3e-06
0.005224 4e-06
0.0052 4e-06
0.00521 3e-06
0.005188 4e-06
0.004603 5e-06
0.005235 4e-06
0.005237 6e-06
0.005226 5e-06
0.005811 4e-06
0.005217 4e-06
0.005245 5e-06
0.005227 5e-06
0.005204 4e-06
0.005189 6e-06
0.005209 5e-06
0.005196 5e-06
0.005235 3e-06
0.005212 4e-06
0.005205 4e-06
0.005187 4e-06
0.005255 4e-06
0.004909 3e-06
0.005118 4e-06
0.005212 5e-06
0.005242 3e-06
0.005196 3e-06
0.005751 5e-06
0.005196 4e-06
0.00527 4e-06
0.00525 4e-06
0.005268 3e-06
0.00523 5e-06
0.005216 4e-06
0.005193 4e-06
0.005208 4e-06
0.005198 5e-06
0.005237 5e-06
0.005193 4e-06
0.005258 4e-06
0.00404 5e-06
0.005247 4e-06
0.005319 5e-06
0.005276 4e-06
0.005282 4e-06
0.00563 4e-06
0.005227 5e-06
0.005221 5e-06
0.005205 3e-06
0.005212 4e-06
0.005203 4e-06
0.005209 4e-06
0.005191 3e-06
0.005224 5e-06
0.00519 3e-06
0.005332 4e-06
0.005201 4e-06
0.005225 5e-06
0.004439 4e-06
0.005224 3e-06
0.00523 4e-06
0.005276 3e-06
0.005352 4e-06
0.0053 4e-06
0.005202 5e-06
0.005235 4e-06
0.005199 4e-06
0.00521 4e-06
0.005223 4e-06
0.005258 5e-06
0.005258 4e-06
0.005212 4e-06
0.005219 5e-06
0.00521 4e-06
0.005192 3e-06
0.005247 3e-06
0.003997 2e-06
0.005238 3e-06
0.005235 3e-06
0.005231 4e-06
0.005392 4e-06
0.005333 3e-06
0.005217 4e-06
0.005233 6e-06
0.005213 4e-06
0.005219 5e-06
0.005184 3e-06
0.00522 4e-06
0.005223 4e-06
0.005257 4e-06
0.005252 4e-06
0.005262 5e-06
0.005229 4e-06
0.005218 4e-06
0.004381 4e-06
0.005286 5e-06
0.005223 4e-06
0.005214 5e-06
0.005323 5e-06
0.005251 5e-06
0.005224 6e-06
0.005287 5e-06
0.005249 4e-06
0.005224 3e-06
0.005178 4e-06
0.005238 5e-06
0.005238 6e-06
0.005247 5e-06
0.005237 4e-06
0.005251 4e-06
0.005182 5e-06
0.005225 4e-06
0.003743 4e-06
0.005291 3e-06
0.005212 6e-06
0.005244 5e-06
0.005292 5e-06
0.005295 4e-06
0.005247 4e-06
0.005223 4e-06
0.005239 3e-06
0.005258 5e-06
0.005199 4e-06
0.005255 6e-06
0.005194 3e-06
0.005249 4e-06
0.005208 3e-06
0.005213 4e-06
0.005211 4e-06
0.005217 6e-06
0.004316 3e-06
0.005294 5e-06
0.005225 5e-06
0.005244 3e-06
0.00532 5e-06
0.005277 4e-06
0.005301 5e-06
0.005223 4e-06
0.005204 4e-06
0.005217 2e-06
0.005201 3e-06
0.005244 4e-06
0.005202 4e-06
0.005214 4e-06
0.005201 5e-06
0.005215 5e-06
0.005205 4e-06
0.005201 2e-06
0.003687 2e-06
0.005263 3e-06
0.005208 4e-06
0.005216 4e-06
0.00528 5e-06
0.005266 3e-06
0.005267 4e-06
0.00529 5e-06
0.005221 4e-06
0.005227 5e-06
0.005215 5e-06
0.005233 4e-06
0.005234 4e-06
0.005261 5e-06
0.005251 4e-06
0.005286 5e-06
0.005194 4e-06
0.005253 5e-06
0.004301 4e-06
0.005293 3e-06
0.004373 6e-06
0.004337 6e-06
0.004297 6e-06
0.004331 5e-06
0.004322 3e-06
0.004303 5e-06
0.004314 3e-06
0.00432 5e-06
0.004327 4e-06
0.004314 4e-06
0.0043 6e-06
0.004316 4e-06
0.004301 5e-06
0.00433 4e-06
0.004318 5e-06
0.004344 5e-06
0.004322 5e-06
0.004292 5e-06
0.004326 4e-06
0.004287 4e-06
0.003874 4e-06
0.004334 4e-06
0.00432 4e-06
0.004577 4e-06
0.004566 4e-06
0.004549 1.1e-05
0.004487 3e-06
0.004403 2e-06
0.004321 5e-06
0.00435 3e-06
0.004309 4e-06
0.004307 4e-06
0.004292 6e-06
0.004314 3e-06
0.004295 2e-06
0.004345 3e-06
0.004561 4e-06
0.004393 3e-06
0.004509 4e-06
0.004534 4e-06
0.00432 4e-06
0.004337 4e-06
0.004323 4e-06
0.004336 5e-06
0.004299 4e-06
0.004309 5e-06
0.0043 4e-06
0.004427 4e-06
0.004311 4e-06
0.004355 4e-06
0.004353 3e-06
0.004526 4e-06
0.004519 3e-06
0.004333 3e-06
0.004305 4e-06
0.004328 3e-06
0.004303 2e-06
0.004349 4e-06
0.004307 4e-06
0.004322 5e-06
0.00431 4e-06
0.004494 3e-06
0.004317 5e-06
0.003972 3e-06
0.00435 4e-06
0.004696 5e-06
0.004774 5e-06
0.004326 4e-06
0.004337 3e-06
0.004362 4e-06
0.004315 5e-06
0.004355 7e-06
0.004287 3e-06
0.004296 3e-06
0.004303 4e-06
0.004308 2e-06
0.004302 3e-06
0.004298 2e-06
0.004392 6e-06
0.004443 6e-06
0.004537 4e-06
0.004398 5e-06
0.004379 6e-06
0.004517 5e-06
0.004629 5e-06
0.004416 3e-06
0.004329 6e-06
0.00432 7e-06
0.004315 4e-06
0.004308 5e-06
0.004306 5e-06
0.004339 6e-06
0.004353 4e-06
0.004328 4e-06
0.00432 4e-06
0.004327 4e-06
0.004309 5e-06
0.004344 4e-06
0.004314 3e-06
0.004363 3e-06
0.004332 4e-06
0.004326 4e-06
0.004309 4e-06
0.004321 3e-06
0.004313 2e-06
0.004318 4e-06
0.00433 3e-06
0.004342 4e-06
0.00435 4e-06
0.004389 3e-06
0.004308 4e-06
0.004373 8e-06
0.004337 5e-06
0.004393 5e-06
0.00434 4e-06
0.004323 4e-06
0.004322 4e-06
0.004315 4e-06
0.004309 4e-06
0.004302 4e-06
0.004294 4e-06
0.004344 4e-06
0.004313 4e-06
0.004324 4e-06
0.008071 8e-06
0.004346 3e-06
0.004332 3e-06
0.008019 4e-06
0.004328 4e-06
0.00432 4e-06
0.004314 4e-06
0.004328 5e-06
0.004297 5e-06
0.004334 4e-06
0.004346 4e-06
0.004324 3e-06
0.004306 5e-06
0.004322 4e-06
0.004292 5e-06
0.00431 5e-06
0.004478 4e-06
0.004585 4e-06
0.004336 5e-06
0.004336 4e-06
0.004306 4e-06
0.004327 3e-06
0.004305 4e-06
0.004301 4e-06
0.004304 4e-06
0.004323 2e-06
0.003759 4e-06
0.004327 3e-06
0.004336 3e-06
0.004503 5e-06
0.004367 3e-06
0.004428 4e-06
0.004372 5e-06
0.004351 3e-06
0.004339 5e-06
0.004324 4e-06
0.004306 4e-06
0.004305 4e-06
0.004296 4e-06
0.004367 3e-06
0.004315 4e-06
0.004362 5e-06
0.004313 6e-06
0.004314 5e-06
0.005307 5e-06
0.004354 5e-06
0.004449 4e-06
0.004347 4e-06
0.004334 5e-06
0.00435 5e-06
0.004304 4e-06
0.00433 3e-06
0.004305 4e-06
0.004361 5e-06
0.004386 4e-06
0.004397 4e-06
0.004385 3e-06
0.006833 5e-06
0.004304 4e-06
0.00432 4e-06
0.004299 5e-06
0.004309 5e-06
0.004402 4e-06
0.004324 3e-06
0.004298 5e-06
0.004334 3e-06
0.004306 3e-06
0.004313 3e-06
0.004298 3e-06
0.004741 5e-06
0.004343 4e-06
0.004375 3e-06
0.004292 2e-06
0.004508 4e-06
0.004333 5e-06
0.00434 4e-06
0.004311 3e-06
0.004334 4e-06
0.004315 4e-06
0.004318 4e-06
0.004315 3e-06
0.004343 2e-06
0.004306 3e-06
0.004319 3e-06
0.004343 4e-06
0.004339 4e-06
0.004326 5e-06
0.004316 3e-06
0.005566 5e-06
0.005568 5e-06
0.0055 3e-06
0.005406 6e-06
0.004339 5e-06
0.004381 5e-06
0.004311 4e-06
0.00432 3e-06
0.004285 4e-06
0.004299 5e-06
0.004329 6e-06
0.005657 4e-06
0.005482 2e-06
0.005539 5e-06
0.005546 4e-06
0.006496 4e-06
0.004313 4e-06
0.004327 5e-06
0.004299 5e-06
0.004312 4e-06
0.003643 3e-06
0.004308 5e-06
0.004291 4e-06
0.00502 7e-06
0.004325 4e-06
0.007581 6e-06
0.007 4e-06
0.006683 4e-06
0.006586 5e-06
0.004361 3e-06
0.004314 4e-06
0.004316 4e-06
0.004289 4e-06
0.004345 5e-06
0.004312 3e-06
0.005808 3e-06
0.0043 2e-06
0.004323 4e-06
0.004307 4e-06
0.004316 3e-06
0.004534 4e-06
0.004533 3e-06
0.004309 5e-06
0.004324 4e-06
0.004303 4e-06
0.004337 3e-06
0.0043 3e-06
0.004309 5e-06
0.00429 3e-06
0.00433 4e-06
0.005422 7e-06
0.00649 6e-06
0.007464 4e-06
0.006642 8e-06
0.004316 3e-06
0.004309 4e-06
0.004307 3e-06
0.004331 3e-06
0.004308 3e-06
0.00372 3e-06
0.004308 3e-06
0.005659 6e-06
0.004322 3e-06
0.00434 4e-06
0.004372 4e-06
0.004328 5e-06
0.005139 4e-06
0.005345 5e-06
0.00534 6e-06
0.004315 4e-06
0.004298 4e-06
0.004322 4e-06
0.004297 4e-06
0.004304 4e-06
0.004344 3e-06
0.005728 3e-06
0.005253 3e-06
0.00505 6e-06
0.005076 5e-06
0.004686 4e-06
0.005077 5e-06
0.00446 3e-06
0.004337 4e-06
0.004304 4e-06
0.004332 4e-06
0.004335 4e-06
0.004301 3e-06
0.004327 4e-06
0.004306 3e-06
0.004343 3e-06
0.004291 5e-06
0.004319 3e-06
0.004305 5e-06
0.004341 3e-06
0.004347 5e-06
0.004338 5e-06
0.004384 3e-06
0.004349 3e-06
0.004329 5e-06
0.004355 5e-06
0.004308 4e-06
0.003809 2e-06
0.004333 3e-06
0.004325 3e-06
0.004352 5e-06
0.006716 1.4e-05
0.004594 5e-06
0.00434 3e-06
0.00431 5e-06
0.004327 3e-06
0.004315 4e-06
0.004444 5e-06
0.004589 4e-06
0.004317 4e-06
0.004282 4e-06
0.004309 3e-06
0.004304 3e-06
0.004504 3e-06
0.004295 2e-06
0.00459 5e-06
0.004345 4e-06
0.004335 3e-06
0.004305 3e-06
0.004326 4e-06
0.004313 5e-06
0.004496 3e-06
0.004535 3e-06
0.004346 3e-06
0.004372 5e-06
0.004319 4e-06
0.004302 4e-06
0.004542 3e-06
0.004309 4e-06
0.004352 4e-06
0.004328 4e-06
0.00433 3e-06
0.004353 4e-06
0.004343 4e-06
0.004319 3e-06
0.004338 3e-06
0.004319 4e-06
0.0043 4e-06
0.004316 3e-06
0.004307 2e-06
0.003959 3e-06
0.004323 3e-06
0.004319 2e-06
0.004325 4e-06
0.004334 4e-06
0.004336 2e-06
0.004581 4e-06
0.004547 5e-06
0.004309 4e-06
0.004349 3e-06
0.00431 1e-06
0.004331 4e-06
0.004311 4e-06
0.004314 5e-06
0.004307 2e-06
0.004313 3e-06
0.004315 4e-06
0.004326 3e-06
0.00433 5e-06
0.004328 3e-06
0.004303 5e-06
0.004318 5e-06
0.004331 4e-06
0.005193 4e-06
0.004353 4e-06
0.004401 5e-06
0.004317 4e-06
0.004354 3e-06
0.00433 4e-06
0.004302 4e-06
0.004306 3e-06
0.00432 4e-06
0.004314 4e-06
0.004447 4e-06
0.00735 7e-06
0.00659 4e-06
0.007876 5e-06
0.004357 4e-06
0.004305 5e-06
0.004327 6e-06
0.004297 4e-06
0.004309 3e-06
0.003991 4e-06
0.004316 3e-06
0.004305 5e-06
0.004333 5e-06
0.00438 4e-06
0.004347 6e-06
0.004336 5e-06
0.004321 5e-06
0.004337 5e-06
0.004538 4e-06
0.004649 6e-06
0.004334 4e-06
0.004307 5e-06
0.004324 3e-06
0.004303 5e-06
0.004306 4e-06
0.004731 4e-06
0.005574 5e-06
0.004483 4e-06
0.004363 4e-06
0.00437 3e-06
0.004174 4e-06
0.004307 5e-06
0.004321 4e-06
0.004346 4e-06
0.004328 4e-06
0.004349 5e-06
0.004358 4e-06
0.004352 3e-06
0.004321 4e-06
0.006157 5e-06
0.004358 4e-06
0.007253 8e-06
0.004329 4e-06
0.004344 4e-06
0.004336 4e-06
0.004293 4e-06
0.00447 5e-06
0.004322 4e-06
0.00433 4e-06
0.004312 5e-06
0.004307 4e-06
0.004017 4e-06
0.004339 3e-06
0.004608 4e-06
0.004346 4e-06
0.004352 4e-06
0.004346 2e-06
0.00436 4e-06
0.005333 3e-06
0.007567 8e-06
0.004351 5e-06
0.004312 3e-06
0.004319 2e-06
0.004306 5e-06
0.004329 4e-06
0.004323 3e-06
0.004321 4e-06
0.004328 4e-06
0.00431 4e-06
0.004307 5e-06
0.004324 5e-06
0.004299 3e-06
0.004415 4e-06
0.005259 4e-06
0.005229 4e-06
0.005203 4e-06
0.005382 3e-06
0.005223 5e-06
0.00526 3e-06
0.005201 3e-06
0.005216 5e-06
0.005209 3e-06
0.005227 5e-06
0.0052 4e-06
0.005266 5e-06
0.005228 4e-06
0.005221 6e-06
0.005213 3e-06
0.005216 4e-06
0.005192 3e-06
0.003838 3e-06
0.005253 3e-06
0.005256 6e-06
0.005233 5e-06
0.005315 5e-06
0.005252 5e-06
0.005242 5e-06
0.005225 4e-06
0.005219 5e-06
0.005206 5e-06
0.005283 4e-06
0.005225 6e-06
0.005214 3e-06
0.0052 4e-06
0.005209 4e-06
0.005172 4e-06
0.005226 4e-06
0.005197 5e-06
0.004303 3e-06
0.005269 4e-06
0.005238 3e-06
0.00521 4e-06
0.005299 6e-06
0.005224 5e-06
0.005232 3e-06
0.005202 4e-06
0.005217 3e-06
0.005198 5e-06
0.00523 4e-06
0.005204 4e-06
0.00522 4e-06
0.005209 5e-06
