0.009322 0.000141
0.010319 7.2e-05
0.009945 6.3e-05
0.00933 0.000143
0.009312 0.000139
0.009297 0.000133
0.009354 0.000135
0.009349 5.2e-05
0.009338 8.5e-05
0.010705 0.000107
0.009328 0.000101
0.009395 0.000137
0.009332 0.000129
0.009281 0.000142
0.011066 6.5e-05
0.011448 9.5e-05
0.009296 0.000137
0.012072 0.000176
0.009347 7.1e-05
0.009282 0.000113
0.011473 0.000206
0.009854 8.3e-05
0.00937 8e-05
0.009403 6.8e-05
0.009293 0.000135
0.009283 0.000105
0.009287 0.000147
0.009312 0.000146
0.00931 0.000113
0.00937 9.6e-05
0.009389 0.000123
0.009332 8.9e-05
0.009332 0.000135
0.009296 7.4e-05
0.012034 6.5e-05
0.012286 0.000136
0.009363 6.7e-05
0.009379 7.8e-05
0.00933 0.000105
0.009373 7.9e-05
0.009362 8.6e-05
0.010256 0.000139
0.009307 6e-05
0.011557 6.9e-05
0.00929 0.00011
0.009309 0.000107
0.008095 6.2e-05
0.009332 4.3e-05
0.009604 0.000145
0.010354 0.000142
0.010794 0.000125
0.009319 0.000143
0.009278 0.000136
0.009263 0.000126
0.009436 0.000142
0.010469 5.6e-05
0.009406 7.3e-05
0.009376 8.6e-05
0.009404 0.000142
0.009291 0.000138
0.009279 5.7e-05
0.009294 0.000114
0.011506 0.000155
0.010674 0.000182
0.009276 4.7e-05
0.009035 0.000144
0.00934 0.000134
0.009385 0.000131
0.009349 0.000132
0.009499 0.000125
0.009311 8.7e-05
0.010299 7.5e-05
0.009301 0.000136
0.009262 5.6e-05
0.009047 5e-05
0.009306 4.2e-05
0.009319 9e-05
0.009372 7.5e-05
0.009322 0.000142
0.009276 0.000119
0.009315 5.6e-05
0.009236 0.000149
0.00929 0.000104
0.009307 9e-05
0.009294 0.000162
0.00934 0.000106
0.009524 7.6e-05
0.009349 7.5e-05
0.009359 0.000145
0.009283 0.000133
0.009324 0.000139
0.009669 0.00014
0.009271 0.000111
0.009261 0.00014
0.009353 7.2e-05
0.009287 0.000124
0.009442 0.000124
0.009355 7.1e-05
0.00931 0.000145
0.009306 9.7e-05
0.009307 0.000146
0.009274 0.000119
0.009293 0.000135
0.009331 6.2e-05
0.009404 8.6e-05
0.009361 0.000139
0.00945 9.4e-05
0.009328 0.000125
0.009295 0.000119
0.009266 8.8e-05
0.009298 7e-05
0.009276 0.000136
0.009306 8.5e-05
0.009289 9.2e-05
0.009313 0.000121
0.009321 6.6e-05
0.009377 9.6e-05
0.009316 7.5e-05
0.009331 7.9e-05
0.009411 0.000101
0.009737 0.0002
0.009293 6.9e-05
0.009302 0.000141
0.008315 6.3e-05
0.009324 0.000135
0.009339 0.000108
0.009432 0.000139
0.009345 8.8e-05
0.009346 0.000113
0.009288 6.7e-05
0.009346 0.000134
0.009228 0.000117
0.009506 0.00015
0.010522 5.4e-05
0.009386 8.4e-05
0.009366 0.000151
0.009358 0.000109
0.009302 8.9e-05
0.009284 0.000137
0.011767 7.7e-05
0.01028 5.1e-05
0.009285 0.00014
0.009275 8.3e-05
0.009291 9e-05
0.010094 0.000201
0.009569 0.000139
0.009399 0.00013
0.010981 0.000177
0.009345 8.7e-05
0.009306 0.000106
0.009368 0.000141
0.009363 0.000131
0.008504 0.000145
0.009758 0.000113
0.00938 0.000137
0.009889 0.000137
0.009356 7.5e-05
0.009323 0.000139
0.00932 0.000129
0.009348 0.000134
0.009343 0.000109
0.009302 9.1e-05
0.01127 0.000147
0.009303 0.000103
0.009428 9.3e-05
0.009375 8.2e-05
0.009325 7.6e-05
0.009802 8e-05
0.009387 0.000108
0.009343 0.000116
0.0093 0.000138
0.009065 3.9e-05
0.009348 7.7e-05
0.009277 7.3e-05
0.010455 0.000143
0.010566 0.000215
0.009322 0.000129
0.00928 7.5e-05
0.00926 9.8e-05
0.00926 0.000141
0.01276 0.000195
0.009586 0.000143
0.012692 0.000152
0.009406 7.2e-05
0.009313 6e-05
0.009323 6.6e-05
0.012082 0.000137
0.01293 9.5e-05
0.009331 0.000143
0.008528 3.2e-05
0.009319 7e-05
0.009277 0.000126
0.011991 0.000225
0.009329 0.000145
0.009386 0.000102
0.009329 0.000146
0.00926 0.000159
0.00928 0.000102
0.009393 0.000144
0.009327 7.3e-05
0.009445 0.000149
0.00976 9.7e-05
0.009308 0.000101
0.009282 7.9e-05
0.009294 0.000102
0.009315 7.3e-05
0.010178 9.2e-05
0.009273 8.4e-05
0.008589 8.6e-05
0.009319 0.000102
0.009343 7.9e-05
0.009354 0.000116
0.009328 0.000139
0.00998 8.5e-05
0.009355 8.7e-05
0.009302 8.8e-05
0.009348 9.1e-05
0.009257 0.000135
0.00932 6.5e-05
0.0095 5.6e-05
0.009474 0.000109
0.009641 0.000115
0.013602 4.5e-05
0.009377 7.2e-05
0.009335 0.000148
0.010159 0.000161
0.017118 0.00018
0.009901 8.4e-05
0.010763 0.000115
0.009541 5.9e-05
0.011467 0.000258
0.011197 0.0001
0.012257 0.000147
0.01359 0.000209
0.013428 0.00013
0.009845 0.000144
0.0095 0.000101
0.011298 6.7e-05
0.009514 7.6e-05
0.009333 0.000136
0.010859 0.000151
0.013206 0.000119
0.013676 9.3e-05
0.013505 0.000197
0.013524 0.000116
0.013262 0.000202
0.013184 0.000159
0.013626 0.000175
0.013493 0.000103
0.009366 6.8e-05
0.009413 0.000125
0.00937 5.7e-05
0.009342 0.000142
0.010661 0.000141
0.013786 0.000186
0.013321 0.000189
0.013352 6.4e-05
0.01119 0.000152
0.009391 7.9e-05
0.010126 0.000117
0.009427 6.4e-05
0.013766 0.000184
0.013802 0.00019
0.009404 0.000131
0.00934 0.000136
0.009322 0.000145
0.008519 0.00013
0.009372 0.000152
0.010838 0.000152
0.009381 0.000141
0.013051 0.000116
0.010859 0.000139
0.009888 4.1e-05
0.012124 0.000157
0.009396 0.000142
0.008847 0.000133
0.009325 0.000111
0.009743 0.000104
0.013023 0.00017
0.010932 8.8e-05
0.00981 0.000186
0.00989 0.000145
0.012673 0.000113
0.00934 0.000148
0.010709 0.00015
0.009429 6.5e-05
0.009501 0.000158
0.009349 0.000126
0.009273 0.000122
0.009313 0.000144
0.010375 0.000177
0.0093 9.5e-05
0.009303 0.000111
0.009014 0.000106
0.009312 0.000142
0.009299 8.9e-05
0.012173 0.00013
0.012472 6.4e-05
0.00931 0.00012
0.009285 0.000134
0.009307 0.00014
0.009341 0.000127
0.009336 9.1e-05
0.011138 0.000127
0.009345 0.000132
0.009857 8.7e-05
0.009307 0.000113
0.009273 0.000148
0.009277 7.9e-05
0.009275 8.7e-05
0.009314 0.000137
0.00927 8.2e-05
0.009306 7.5e-05
0.009358 0.00012
0.009317 0.000132
0.00936 0.000143
0.009651 6.8e-05
0.009418 0.000143
0.009411 8.7e-05
0.010457 0.000114
0.009403 0.000126
0.009286 0.000142
0.008343 0.000146
0.009362 7.4e-05
0.009383 0.000134
0.009534 9.5e-05
0.01157 8.5e-05
0.00929 0.000138
0.011376 0.000169
0.013235 0.000114
0.014416 0.000146
0.00958 0.000155
0.009421 8.1e-05
0.01087 7.8e-05
0.009424 8.1e-05
0.009581 0.000171
0.009365 3.2e-05
0.009381 0.000144
0.009391 0.000116
0.009427 9.4e-05
0.010371 9.4e-05
0.009471 0.00016
0.009961 0.000118
0.009846 4.2e-05
0.009404 0.000145
0.010872 0.000147
0.009405 0.000116
0.009638 0.000156
0.009449 0.00013
0.011836 0.00015
0.01033 0.000129
0.009523 0.000119
0.009396 0.000149
0.009469 0.000149
0.009494 0.000105
0.009581 7.3e-05
0.00933 0.000143
0.009357 6.4e-05
0.009332 0.000136
0.009319 2.6e-05
0.009353 0.000141
0.010107 0.000186
0.010411 0.000165
0.009418 0.000139
0.009362 0.000156
0.009411 0.000136
0.009416 0.00013
0.009344 0.000125
0.00936 0.000127
0.009776 0.000146
0.00964 8.6e-05
0.010203 0.000134
0.009359 0.000104
0.009356 0.00013
0.009362 0.000116
0.009257 6.4e-05
0.009442 0.000135
0.010359 0.000148
0.010616 0.000153
0.009557 8.1e-05
0.009356 7.4e-05
0.009298 0.000106
0.009311 0.000133
0.009427 0.000101
0.009545 0.000101
0.009831 7.1e-05
0.009318 8e-05
0.007919 0.000148
0.009316 0.000142
0.009758 4.8e-05
0.009376 0.000141
0.009318 0.000139
0.00936 8.6e-05
0.009316 4.5e-05
0.010682 0.000216
0.01098 0.0002
0.010643 0.000112
0.009701 0.000147
0.009405 5.4e-05
0.009392 0.0001
0.009377 0.00011
0.009837 0.000167
0.010434 0.000177
0.009465 0.000132
0.009582 0.000114
0.009764 6.9e-05
0.009673 8.7e-05
0.010635 0.000103
0.010501 0.000111
0.009337 8.9e-05
0.009373 0.00014
0.012069 0.000151
0.009306 0.000111
0.009283 0.000118
0.009324 7.8e-05
0.011765 0.000146
0.009422 0.000129
0.010158 6.2e-05
0.010581 0.000104
0.011343 0.000138
0.009905 9.4e-05
0.011163 0.00017
0.009658 0.000147
0.009371 8.1e-05
0.013357 0.000199
0.013528 0.000184
0.011257 0.000156
0.011962 0.000104
0.011708 0.000171
0.01154 6.6e-05
0.011742 0.000197
0.012373 0.000182
0.011647 0.000124
0.011539 0.000152
0.011577 5e-05
0.01157 4.8e-05
0.01151 0.0001
0.011574 6e-05
0.011428 0.000167
0.011363 0.000117
0.011375 0.000183
0.011266 9.4e-05
0.011212 0.000172
0.0112 0.000165
0.011254 4.9e-05
0.011313 0.000168
0.011212 0.000174
0.010259 8.1e-05
0.011304 0.000114
0.011227 0.000163
0.011281 0.000179
0.011184 0.000131
0.011189 0.000113
0.011168 0.00015
0.011167 0.000102
0.0091 0.000117
0.011194 0.000146
0.011596 0.000168
0.01119 0.000164
0.011267 0.000153
0.011211 0.000149
0.011274 0.000178
0.011314 0.000174
0.008361 0.000123
0.011226 0.000108
0.011984 0.00018
0.011282 0.0001
0.011228 0.000109
0.011155 6.8e-05
0.011242 0.000151
0.011171 8.3e-05
0.009852 0.000146
0.011247 0.000154
0.011734 0.000141
0.011236 8.2e-05
0.01118 0.000105
0.011182 0.000165
0.011161 9.3e-05
0.011187 0.000175
0.010043 7.8e-05
0.011333 0.000139
0.011662 0.000148
0.011249 0.000163
0.011179 0.000159
0.011174 4.2e-05
0.011141 7.3e-05
0.011126 0.000128
0.010549 9.6e-05
0.011256 0.000162
0.011297 0.000161
0.011169 0.000139
0.011189 0.00017
0.011281 0.00014
0.011199 9.9e-05
0.01114 8.5e-05
0.01111 9.8e-05
0.011197 0.000137
0.01124 0.000168
0.011213 0.00016
0.01115 0.000164
0.01118 9e-05
0.011111 0.000154
0.011102 0.000139
0.011102 9.8e-05
0.010732 0.00013
0.011228 5.2e-05
0.011209 6.7e-05
0.011223 0.000144
0.011242 0.000162
0.011137 0.000106
0.011193 9.4e-05
0.01116 0.000165
0.009183 0.000172
0.011175 0.000164
0.011879 0.000139
0.01115 0.00011
0.01123 0.000104
0.0111 9.1e-05
0.011199 0.000162
0.01117 0.00013
0.007844 0.000159
0.01123 0.000169
0.011684 0.00017
0.011206 9.1e-05
0.011233 0.000108
0.011137 0.000119
0.011177 0.000168
0.011202 0.00017
0.010133 0.000172
0.011218 0.000132
0.011734 0.000106
0.011215 0.000137
0.011149 0.000133
0.01126 0.000112
0.011234 0.000112
0.01111 0.000146
0.008076 6.6e-05
0.011179 0.000103
0.011812 9.1e-05
0.011206 5.4e-05
0.011111 0.000158
0.011186 9e-05
0.01112 6.3e-05
0.011137 5.8e-05
0.009473 9.4e-05
0.011216 7.9e-05
0.011547 0.000173
0.011222 6.5e-05
0.01123 0.000168
0.011157 0.000125
0.011323 0.000155
0.011156 0.000135
0.010993 0.000127
0.011204 0.000145
0.011251 0.000114
0.011185 9.8e-05
0.011147 0.000122
0.011204 0.000112
0.011129 0.000168
0.011102 0.000114
0.011147 0.000121
0.011235 0.000113
0.011199 0.0001
0.011187 0.000157
0.011238 0.000138
0.011185 0.000151
0.009207 7.7e-05
0.009201 6.4e-05
0.009262 0.000137
0.00918 7.3e-05
0.00924 0.000119
0.009262 0.0001
0.009359 6.8e-05
0.009241 0.000132
0.009205 0.000137
0.009355 0.000102
0.009355 0.000137
0.009282 0.000103
0.009477 0.000146
0.008635 7.4e-05
0.009247 9.7e-05
0.009209 6.4e-05
0.009201 0.0001
0.009359 0.000116
0.009611 0.00014
0.009206 4.8e-05
0.00783 9.6e-05
0.007363 7.4e-05
0.007491 0.000103
0.009249 0.000137
0.009303 4e-05
0.00947 9.4e-05
0.009503 0.00011
0.009296 7.1e-05
0.009336 8.9e-05
0.007949 0.000134
0.009218 0.000128
0.00936 0.000145
0.009777 0.000145
0.00925 0.000142
0.009223 0.000142
0.009216 0.000132
0.009214 7.8e-05
0.009187 0.000105
0.009257 8.4e-05
0.009491 0.000142
0.009284 9.3e-05
0.009335 0.000194
0.009226 0.000124
0.009374 0.000125
0.009301 0.000139
0.009347 9e-05
0.009637 0.00014
0.009215 0.000116
0.009234 7.8e-05
0.008668 0.000136
0.009234 0.000138
0.00924 0.000142
0.009449 7.2e-05
0.009206 7.5e-05
0.009521 0.0001
0.00921 0.000147
0.009207 0.000112
0.009203 0.000113
0.009202 0.000134
0.00921 0.000128
0.009361 0.000145
0.009464 0.000109
0.009302 0.000116
0.009252 8.2e-05
0.011761 0.000134
0.009219 0.00011
0.009822 6.2e-05
0.009262 0.000135
0.009446 0.000136
0.00926 0.000128
0.009276 3.7e-05
0.009557 0.000145
0.009253 9.1e-05
0.009245 0.000145
0.009673 6e-05
0.009205 0.000143
0.009252 0.000155
0.009369 0.000133
0.009053 0.000121
0.009238 0.000119
0.00928 7.9e-05
0.009387 0.000135
0.009265 0.000143
0.009217 0.000139
0.009272 8.6e-05
0.009191 9.9e-05
0.009186 0.00016
0.009239 6.1e-05
0.009176 0.000114
0.009268 0.000138
0.009267 9.5e-05
0.009293 4.9e-05
0.010482 7.5e-05
0.009332 6.1e-05
0.009233 0.00013
0.009307 8.6e-05
0.00923 0.000119
0.010246 7.2e-05
0.008265 0.000102
0.009248 0.00011
0.009237 6.3e-05
0.009316 7.7e-05
0.009262 0.000115
0.009247 0.000148
0.009242 5.8e-05
0.009222 0.000119
0.009205 8.5e-05
0.009217 0.000139
0.0089 0.000127
0.009588 0.000134
0.009372 0.000103
0.009304 0.000107
0.009241 0.000106
0.009223 7.3e-05
0.009197 0.000136
0.009234 0.000132
0.009225 0.000134
0.009238 0.000141
0.008259 0.000119
0.009251 0.000139
0.009269 7.5e-05
0.009267 0.000146
0.009232 8.6e-05
0.009234 0.000108
0.009248 0.000118
0.009223 6.9e-05
0.009223 8.4e-05
0.009245 0.000147
0.007885 8.3e-05
0.010349 0.000142
0.009287 0.000145
0.009713 0.000115
0.009225 0.000129
0.009186 0.000134
0.00925 0.000113
0.009186 8.9e-05
0.009287 9.5e-05
0.009573 2.6e-05
0.009046 0.000104
0.009288 6.5e-05
0.009265 0.000144
0.009242 0.000127
0.009242 0.000115
0.009918 5.5e-05
0.010423 0.000123
0.009241 0.000138
0.009251 0.000144
0.009243 5.1e-05
0.009224 0.000154
0.009251 8.2e-05
0.00945 9.1e-05
0.009268 0.000133
0.009227 0.000107
0.009224 0.000139
0.00922 0.000135
0.009303 5.9e-05
0.009196 0.000103
0.009769 8.1e-05
0.00929 0.000152
0.009292 8.2e-05
0.009466 0.000141
0.00924 0.00014
0.009213 0.000139
0.009217 0.000141
0.009231 0.000132
0.009217 0.000126
0.009261 0.000108
0.009205 8.9e-05
0.009288 5.1e-05
0.009223 0.000117
0.009389 0.000137
0.00941 4.5e-05
0.009301 6.1e-05
0.009226 7e-05
0.009277 0.000146
0.009206 0.000111
0.009294 0.000106
0.009294 0.000133
0.009308 0.000151
0.009315 9.4e-05
0.010411 0.00016
0.009838 0.000122
0.009246 8.3e-05
0.00918 0.000106
0.009252 0.000145
0.012551 8.6e-05
0.009623 0.00018
0.009481 0.000157
0.009226 0.000104
0.009214 9.9e-05
0.009239 7.9e-05
0.009223 0.000135
0.009445 5.3e-05
0.009294 0.000128
0.009526 2.9e-05
0.009226 8.8e-05
0.009221 0.000106
0.007731 5.4e-05
0.009228 7.4e-05
0.009476 8.7e-05
0.009316 7.2e-05
0.009221 0.000142
0.009223 0.000116
0.009213 8.2e-05
0.009214 0.000135
0.00918 0.000137
0.010301 0.000101
0.00943 9.3e-05
0.00942 6.9e-05
0.00935 0.000113
0.009315 7.6e-05
0.00925 0.000124
0.009237 0.000112
0.00921 6.3e-05
0.009593 0.00014
0.009241 0.000134
0.009202 9e-05
0.008486 0.00011
0.009268 0.000141
0.009244 0.000106
0.009277 0.000119
0.009269 0.000105
0.009219 0.000135
0.009219 0.000138
0.009201 6.5e-05
0.009229 5e-05
0.00929 0.000117
0.009146 0.000131
0.009278 9.1e-05
0.009275 0.000102
0.009287 0.000129
0.009216 5.3e-05
0.009262 0.000118
0.009223 0.000116
0.009485 0.000137
0.009478 0.00013
0.009238 9e-05
0.008626 5e-05
0.009253 0.000136
0.009241 7e-05
0.009217 7.5e-05
0.009803 0.000135
0.011325 0.000149
0.009286 3.8e-05
0.009295 0.000129
0.009209 0.000145
0.009218 5.2e-05
0.009192 9.8e-05
0.009575 0.000156
0.010495 7.8e-05
0.009418 0.000131
0.00923 0.000136
0.00934 0.00014
0.009238 0.000117
0.009257 0.000109
0.009517 0.000149
0.009496 0.000158
0.00949 9.8e-05
0.009319 0.000137
0.009279 0.00014
0.009267 0.0001
0.009209 6.5e-05
0.010188 0.000117
0.009645 4.7e-05
0.009231 0.000142
0.009193 0.000105
0.009104 0.000152
0.009243 9.7e-05
0.009261 0.00014
0.009312 0.000148
0.009277 0.00012
0.009265 0.000134
0.009305 0.00014
0.00921 5.4e-05
0.009219 0.000136
0.00931 0.000136
0.009254 0.000148
0.009298 0.000141
0.009321 0.000148
0.009341 0.000145
0.009273 7.8e-05
0.009295 8.5e-05
0.009277 8.1e-05
0.009259 0.000142
0.009253 0.000141
0.009215 0.000131
0.008852 0.000139
0.009213 5.9e-05
0.009263 4.3e-05
0.00926 0.000139
0.009244 0.00013
0.00934 0.000142
0.00934 0.000139
0.009326 0.00014
0.009331 0.000153
0.009256 0.000141
0.00928 7.8e-05
0.009289 0.000143
0.010515 8.4e-05
0.009432 6.7e-05
0.009239 0.000123
0.009193 8.6e-05
0.009216 0.000105
0.009201 0.000141
0.009257 0.000131
0.009522 5.7e-05
0.009313 0.000146
0.009299 0.000104
0.009387 0.000111
0.009285 8.6e-05
0.00927 0.000135
0.00927 0.000126
0.009252 0.000132
0.009739 0.000129
0.009262 7.9e-05
0.008984 0.000101
0.009283 0.000139
0.009301 9.1e-05
0.009312 0.000144
0.00968 0.000107
0.010071 0.000106
0.009247 8.4e-05
0.009194 0.000118
0.009222 6.5e-05
0.010716 0.000134
0.010091 0.000122
0.011023 0.000145
0.009941 0.000112
0.009283 9.2e-05
0.009266 9.3e-05
0.009216 0.000134
0.009191 0.0001
0.009438 0.000152
0.009365 8.9e-05
0.009672 6.4e-05
0.008775 8.9e-05
0.009277 0.000113
0.009339 0.00011
0.009314 0.00011
0.009441 0.0001
0.009297 5.1e-05
0.009252 6.3e-05
0.009269 9.4e-05
0.009219 0.000143
0.009722 0.000142
0.009133 4.5e-05
0.010849 9.2e-05
0.011397 5.2e-05
0.011973 8.1e-05
0.009235 8.9e-05
0.00925 7.5e-05
0.009192 7.9e-05
0.010675 0.000141
0.011239 0.000139
0.008419 8.6e-05
0.009284 8.2e-05
0.009346 0.000153
0.009361 9.4e-05
0.009229 0.000141
0.012168 4.8e-05
0.011926 0.000163
0.009201 0.000141
0.009221 8.5e-05
0.008394 4.4e-05
0.010532 9.2e-05
0.011057 0.00013
0.009261 0.000109
0.009252 0.000146
0.009173 6.6e-05
0.009187 5.5e-05
0.009235 0.000125
0.011168 7.8e-05
0.009247 0.000132
0.009279 7.6e-05
0.009246 7.4e-05
0.009321 9.7e-05
0.009264 0.000134
0.009196 9.4e-05
0.010953 8.4e-05
0.010907 7.6e-05
0.010467 8.3e-05
0.009234 0.000126
0.008992 0.000146
0.009246 4.3e-05
0.009263 8.9e-05
0.010046 0.000154
0.010338 0.000127
0.010595 6.1e-05
0.009261 3.2e-05
0.009242 0.000131
0.009279 0.000114
0.009215 6.8e-05
0.011607 0.000146
0.01112 0.000103
0.009638 7.5e-05
0.009372 7.9e-05
0.009222 0.000139
0.009203 7.2e-05
0.009209 0.000102
0.009237 0.000131
0.016299 0.000282
0.008346 6.6e-05
0.009316 0.000141
0.009482 9.5e-05
0.009281 6.6e-05
0.009364 0.000101
0.011437 0.000137
0.009383 0.000128
0.009345 7.9e-05
0.009253 8.8e-05
0.009257 0.00011
0.008638 0.000142
0.010957 0.000115
0.009865 0.000134
0.009316 0.000114
0.012144 9.6e-05
0.009269 0.00014
0.009254 0.000124
0.009324 0.000131
0.010864 8.6e-05
0.009801 0.000141
0.009768 8.2e-05
0.00947 7.6e-05
0.009242 7.5e-05
0.009252 0.000133
0.009185 9.8e-05
0.009595 9.7e-05
0.009236 8.9e-05
0.009303 0.00013
0.009495 0.000119
0.009292 0.000116
0.009234 7.2e-05
0.009513 0.000125
0.009435 0.000184
