0.031086 6.5e-05

0.034392 7.3e-05

0.031238 4.5e-05

0.031526 3.6e-05

0.031191 6.4e-05

0.032638 6.9e-05

0.0312 5.5e-05

0.031145 5.6e-05

0.031184 3.5e-05

0.030971 6e-05

0.031208 6.4e-05

0.030945 6.5e-05

0.031365 6.4e-05

0.031029 3.3e-05

0.032539 5.7e-05

0.031151 5e-05

0.03113 5.6e-05

0.031181 6.6e-05

0.031072 6.6e-05

0.032535 3.9e-05

0.038334 6.1e-05

0.03123 3.8e-05

0.031426 3.5e-05

0.031249 3e-05

0.03443 3.5e-05

0.031332 4.1e-05

0.031441 5.2e-05

0.0314 2.4e-05

0.031116 6.5e-05

0.031253 6e-05

0.031176 3.7e-05

0.031319 5.9e-05

0.031072 6.2e-05

0.030979 6.2e-05

0.031292 6.2e-05

0.031094 3.8e-05

0.03119 6.7e-05

0.031569 5.3e-05

0.031189 3.9e-05

0.032235 7.4e-05

0.031272 6.2e-05

0.032301 6.3e-05

0.031179 8e-05

0.032001 8.6e-05

0.031609 7.9e-05

0.03151 6.7e-05

0.031508 6.7e-05

0.031021 4.1e-05

0.031531 6.1e-05

0.031409 1.8e-05

0.031234 4.9e-05

0.031904 6.5e-05

0.032662 5.6e-05

0.031634 6.8e-05

0.031342 4.6e-05

0.033891 8e-05

0.031292 4.2e-05

0.031249 4.5e-05

0.03192 3.5e-05

0.032613 5.1e-05

0.033207 6.4e-05

0.033201 6.6e-05

0.031898 6.7e-05

0.031393 1.7e-05

0.033309 3.4e-05

0.03137 4.1e-05

0.032216 3.9e-05

0.031436 7.6e-05

0.031645 7e-05

0.035284 0.00012

0.031435 3.2e-05

0.032977 4.8e-05

0.037677 6.9e-05

0.033415 9.9e-05

0.031851 3e-05

0.037721 9.3e-05

0.0334 8e-05

0.031922 6.3e-05

0.031285 4.7e-05

0.031352 6e-05

0.031559 5.4e-05

0.031009 5.4e-05

0.0312 2.2e-05

0.032709 6.3e-05

0.031906 5.6e-05

0.03154 3.3e-05

0.032116 6e-05

0.031079 5.8e-05

0.034226 8.3e-05

0.031876 2.6e-05

0.031263 3.8e-05

0.032741 7.6e-05

0.033251 4.3e-05

0.031759 6.6e-05

0.0319 6.5e-05

0.057477 0.000124

0.033026 5.1e-05

0.031276 6.5e-05

0.032518 6.3e-05

0.031197 4.2e-05

0.031526 6.2e-05

0.030913 6.3e-05

0.041761 0.000119

0.033854 4.2e-05

0.031732 4.3e-05

0.031043 3.6e-05

0.037679 7.2e-05

0.032753 4e-05

0.032213 5.1e-05

0.03801 8.6e-05

0.03302 8.1e-05

0.031214 6.4e-05

0.03167 6.3e-05

0.031084 6.1e-05

0.031057 6.2e-05

0.031174 6.2e-05

0.031065 3.8e-05

0.03159 6.1e-05

0.031152 6.2e-05

0.030894 5.9e-05

0.031486 6.3e-05

0.031257 6.4e-05

0.031012 5.5e-05

0.030958 6e-05

0.031953 2.1e-05

0.031632 6.6e-05

0.032231 6.6e-05

0.032065 6.6e-05

0.031084 6e-05

0.032033 5.1e-05

0.031969 7e-05

0.031074 5.7e-05

0.031263 6.5e-05

0.031198 6.3e-05

0.031301 8.4e-05

0.031129 5.8e-05

0.031074 3.2e-05

0.031474 4.3e-05

0.031051 4.7e-05

0.03183 6.6e-05

0.031145 5.5e-05

0.031075 5.4e-05

0.031104 6.2e-05

0.032069 4.7e-05

0.031439 5.9e-05

0.031171 5e-05

0.031214 8.3e-05

0.031043 6.1e-05

0.031095 5.8e-05

0.030991 3.3e-05

0.031095 6.5e-05

0.031218 5.4e-05

0.031172 2.9e-05

0.031501 6.1e-05

0.031661 6.1e-05

0.038321 7.1e-05

0.031234 5.4e-05

0.031024 6.3e-05

0.03145 6.5e-05

0.03137 5.9e-05

0.031223 5.8e-05

0.031084 5.9e-05

0.032522 6.6e-05

0.031233 4.7e-05

0.031309 5.2e-05

0.031445 6.3e-05

0.031602 5.1e-05

0.031133 6.7e-05

0.031161 6e-05

0.031282 6e-05

0.031064 6.3e-05

0.030938 4e-05

0.031659 2.9e-05

0.031 3.5e-05

0.031343 3.8e-05

0.031285 3.9e-05

0.031409 4.3e-05

0.031646 7e-05

0.031315 6e-05

0.031089 5.4e-05

0.031256 6.2e-05

0.032462 5.2e-05

0.030904 5.7e-05

0.031315 6.7e-05

0.031663 5.5e-05

0.031847 6.5e-05

0.03142 6.2e-05

0.031256 6.4e-05

0.031206 6.1e-05

0.031838 3.3e-05

0.031329 6.7e-05

0.031625 4.7e-05

0.031143 6e-05

0.031524 5.2e-05

0.031048 3.4e-05

0.031352 6.1e-05

0.031947 6.5e-05

0.031954 6.4e-05

0.03136 5.6e-05

0.031907 5.2e-05

0.031672 6.8e-05

0.032863 4.5e-05

0.03234 7.5e-05

0.031447 3.7e-05

0.032093 7.2e-05

0.032276 6e-05

0.031122 6.4e-05

0.031177 6.4e-05

0.031325 3.3e-05

0.031804 4.3e-05

0.031273 6.6e-05

0.031257 7e-05

0.031407 6.1e-05

0.031272 5.4e-05

0.031144 3.8e-05

0.031052 6.1e-05

0.031133 6.3e-05

0.031136 6.1e-05

0.031121 7.6e-05

0.03114 6.3e-05

0.031103 6.4e-05

0.031092 6.2e-05

0.031281 6.7e-05

0.031172 6.3e-05

0.031077 5.8e-05

0.030982 2.2e-05

0.031337 5.6e-05

0.03115 6.4e-05

0.030863 4e-05

0.031351 6.4e-05

0.031084 4.9e-05

0.030938 6.1e-05

0.031072 4.7e-05

0.031071 4.8e-05

0.031585 6.5e-05

0.030975 6.3e-05

0.031508 6.1e-05

0.031718 4.1e-05

0.031116 6.4e-05

0.032246 5.4e-05

0.031719 6.5e-05

0.032353 6.3e-05

0.031029 6.3e-05

0.031162 5.7e-05

0.031218 6e-05

0.031115 5.9e-05

0.030924 6.1e-05

0.031953 6.6e-05

0.031372 3.6e-05

0.031067 6.3e-05

0.031261 7.5e-05

0.031121 6.2e-05

0.031126 6.5e-05

0.031223 6e-05

0.031284 5.7e-05

0.031823 6.4e-05

0.031135 3.1e-05

0.031025 6.3e-05

0.031259 5.4e-05

0.031106 4.7e-05

0.031147 6.3e-05

0.031109 6e-05

0.031146 6.4e-05

0.031128 7.7e-05

0.031165 6.4e-05

0.031367 6.6e-05

0.03175 9.3e-05

0.031348 6.5e-05

0.031102 5.6e-05

0.031323 6.6e-05

0.031186 5.5e-05

0.031096 6.1e-05

0.031135 6.5e-05

0.031017 5.7e-05

0.031216 6.9e-05

0.031164 5.1e-05

0.031067 5.6e-05

0.031281 6.4e-05

0.031091 5.8e-05

0.031315 5.8e-05

0.031109 3.7e-05

0.03103 4.4e-05

0.031081 6.6e-05

0.031079 4e-05

0.031007 5.8e-05

0.031065 4.4e-05

0.031225 3.3e-05

0.032112 6.2e-05

0.031698 5.3e-05

0.031612 6.3e-05

0.031215 5.7e-05

0.031226 4e-05

0.03095 6.1e-05

0.03099 6e-05

0.031141 6e-05

0.031448 3.8e-05

0.031256 4.3e-05

0.031122 6.4e-05

0.031278 4.7e-05

0.031207 5.3e-05

0.03107 6.1e-05

0.031135 6.2e-05

0.031149 4.4e-05

0.031053 5.5e-05

0.031209 6.2e-05

0.031327 4.5e-05

0.031305 6e-05

0.031182 6.2e-05

0.031255 6.6e-05

0.030994 6e-05

0.031177 3.6e-05

0.031178 4.7e-05

0.031079 6.1e-05

0.030952 4.5e-05

0.031317 6.1e-05

0.031183 5.1e-05

0.031172 4.5e-05

0.031258 6.1e-05

0.031191 6.5e-05

0.031226 4.4e-05

0.031121 4.5e-05

0.031091 6.1e-05

0.031226 6.4e-05

0.030978 5.6e-05

0.031214 6.4e-05

0.031136 3.5e-05

0.03156 6.1e-05

0.030985 5.9e-05

0.031115 3.3e-05

0.031192 4.8e-05

0.031165 5.4e-05

0.031042 7.6e-05

0.031057 2.8e-05

0.031369 6.4e-05

0.031288 6.4e-05

0.031072 6.4e-05

0.034972 6.7e-05

0.031009 6.3e-05

0.030997 6e-05

0.031051 5.8e-05

0.031125 4.3e-05

0.031086 2.4e-05

0.030981 7.8e-05

0.031256 4.2e-05

0.031107 6.2e-05

0.031214 6.2e-05

0.031211 5e-05

0.031071 5.3e-05

0.031128 6.4e-05

0.031021 6.3e-05

0.031063 6.2e-05

0.031126 6.1e-05

0.032382 7.2e-05

0.03172 6.4e-05

0.031115 3.7e-05

0.031692 6.6e-05

0.031182 2.7e-05

0.031007 6e-05

0.031232 6.7e-05

0.031046 6.1e-05

0.031096 4.7e-05

0.031095 4.4e-05

0.03123 2.9e-05

0.03131 6e-05

0.031437 4.3e-05

0.031428 6.3e-05

0.031164 6.2e-05

0.031145 5.4e-05

0.031165 5.4e-05

0.031005 3.3e-05

0.031039 6.4e-05

0.031022 6.1e-05

0.031106 3.7e-05

0.03117 5.8e-05

0.031298 4e-05

0.031 6.2e-05

0.031101 6.3e-05

0.031045 5.8e-05

0.031352 5.2e-05

0.031239 6e-05

0.031098 4.7e-05

0.031162 4.1e-05

0.031277 6e-05

0.031267 6.2e-05

0.031074 5.3e-05

0.030958 6.9e-05

0.031176 6e-05

0.031634 3.4e-05

0.031083 6.3e-05

0.031103 5.9e-05

0.031277 6.3e-05

0.031195 6.6e-05

0.031252 5.9e-05

0.031248 5.5e-05

0.031107 6.2e-05

0.031146 6.5e-05

0.031128 2.6e-05

0.031246 3.8e-05

0.031191 2.4e-05

0.031269 6.1e-05

0.031094 6.1e-05

0.031076 6.3e-05

0.03109 4.6e-05

0.031129 6.2e-05

0.031076 5e-05

0.031204 6e-05

0.031063 5e-05

0.03106 4e-05

0.030995 6.1e-05

0.032528 4e-05

0.031294 5.6e-05

0.031107 5.6e-05

0.031201 6.4e-05

0.031321 5.4e-05

0.031172 5.1e-05

0.031182 6.1e-05

0.031187 4.2e-05

0.031198 6.5e-05

0.031064 3.6e-05

0.03109 6.2e-05

0.031068 3.1e-05

0.031143 6.6e-05

0.031722 6.6e-05

0.032277 6.9e-05

0.031377 6.6e-05

0.031541 6.4e-05

0.0311 5.3e-05

0.032561 3.3e-05

0.032382 6.2e-05

0.031035 5.2e-05

0.031041 3.5e-05

0.031307 3.7e-05

0.030901 2.3e-05

0.031084 5e-05

0.031125 5.5e-05

0.031139 4.7e-05

0.031184 3.9e-05

0.031469 6.1e-05

0.030862 6.1e-05

0.031049 5.8e-05

0.031243 6.6e-05

0.031015 6.2e-05

0.030968 6.4e-05

0.031105 4.9e-05

0.031093 5.9e-05

0.030981 5.2e-05

0.031048 5.3e-05

0.032583 7e-05

0.031933 7e-05

0.031621 6.2e-05

0.031098 6.3e-05

0.031011 5.7e-05

0.031 4e-05

0.031261 6.9e-05

0.031086 5e-05

0.031909 6.5e-05

0.032093 5.2e-05

0.03191 6.2e-05

0.03396 1.6e-05

0.032188 6.7e-05

0.031184 6.1e-05

0.031372 3e-05

0.03198 6.8e-05

0.032225 6.8e-05

0.031856 6.7e-05

0.031159 6.7e-05

0.031157 5.6e-05

0.031082 5.3e-05

0.032042 6.8e-05

0.031933 4e-05

0.031017 6.1e-05

0.031158 5.3e-05

0.031731 5.7e-05

0.031669 7.2e-05

0.031979 6.6e-05

0.03135 6.1e-05

0.031633 7e-05

0.032083 6.1e-05

0.03163 6.6e-05

0.031999 6.6e-05

0.032237 5.9e-05

0.032983 6.7e-05

0.031378 9.4e-05

0.032671 4.5e-05

0.034831 7.6e-05

0.03297 4.1e-05

0.032544 8.4e-05

0.032947 7.5e-05

0.031606 3e-05

0.031347 6.7e-05

0.033171 8.2e-05

0.039245 0.000117

0.056868 8.7e-05

0.058001 0.000131

0.041838 8.6e-05

0.035071 6.4e-05

0.03307 7.2e-05

0.03266 0.000123

0.034928 7e-05

0.033376 4.2e-05

0.037517 7.5e-05

0.0317 0.000116

0.031987 6.6e-05

0.031446 6.5e-05

0.031722 6.2e-05

0.031521 8.2e-05

0.034681 4.2e-05

0.031029 5.6e-05

0.031406 6.2e-05

0.032775 5.5e-05

0.03345 6.9e-05

0.031846 7.5e-05

0.031218 6.4e-05

0.031714 3.7e-05

0.030925 3.6e-05

0.032017 6.4e-05

0.03126 3.7e-05

0.030919 6e-05

0.031874 6.8e-05

0.031753 4.5e-05

0.03329 6.1e-05

0.032859 3.3e-05

0.031796 6.9e-05

0.038385 0.000124

0.033371 5.6e-05

0.04068 7e-05

0.03255 5e-05

0.032542 7e-05

0.037691 7.9e-05

0.037318 0.000156

0.038337 6.5e-05

0.032823 6.5e-05

0.032246 7.3e-05

0.032893 9e-05

0.033455 6.6e-05

0.032613 6.4e-05

0.031839 6.2e-05

0.032404 5.5e-05

0.033825 0.000106

0.03215 5e-05

0.031634 7.1e-05

0.032012 7e-05

0.035166 0.000101

0.035825 5.6e-05

0.033762 9.9e-05

0.032484 8.2e-05

0.03474 3.3e-05

0.034327 4.1e-05

0.033435 6.9e-05

0.043383 0.000111

0.032964 7.2e-05

0.033261 6.9e-05

0.033302 4.7e-05

0.037339 9.3e-05

0.032843 7.3e-05

0.034692 7.2e-05

0.033932 8.4e-05

0.033382 8.9e-05

0.035554 4.4e-05

0.033014 7.7e-05

0.032834 9.7e-05

0.031689 6.6e-05

0.035113 5.9e-05

0.034914 0.000113

0.035767 7.3e-05

0.033245 8.5e-05

0.033299 7.9e-05

0.032731 8.3e-05

0.033507 7.7e-05

0.035727 4.6e-05

0.03585 6.2e-05

0.034542 9.3e-05

0.033712 8.4e-05

0.033624 8.5e-05

0.033735 7.8e-05

0.032352 6.7e-05

0.040227 8.4e-05

0.031876 5.7e-05

0.031363 6.3e-05

0.030986 2.7e-05

0.033271 5.7e-05

0.034233 2.9e-05

0.034853 6.1e-05

0.032672 7e-05

0.031195 6.1e-05

0.031545 6.8e-05

0.031186 4e-05

0.031052 6e-05

0.031215 5.8e-05

0.030916 6.1e-05

0.031188 3.9e-05

0.034183 7.3e-05

0.031456 6.9e-05

0.032664 8e-05

0.032549 7e-05

0.031184 5.5e-05

0.031009 6.2e-05

0.031586 6.4e-05

0.032082 6.9e-05

0.031138 4.8e-05

0.0312 6.2e-05

0.031214 4.4e-05

0.031121 6.2e-05

0.031072 3.8e-05

0.031281 6.5e-05

0.03087 5.7e-05

0.030851 4.8e-05

0.031133 4.1e-05

0.030829 3.4e-05

0.031607 5.7e-05

0.032322 3.9e-05

0.031206 6.4e-05

0.031283 2.6e-05

0.033103 4.9e-05

0.030959 6.4e-05

0.031491 4.6e-05

0.03237 7e-05

0.032094 7.1e-05

0.032133 5.8e-05

0.032677 7.3e-05

0.031039 4.9e-05

0.032876 6.9e-05

0.032264 7e-05

0.031332 6.2e-05

0.032201 4.4e-05

0.031194 4.7e-05

0.033363 6.2e-05

0.033303 2.8e-05

0.032601 6.7e-05

0.03398 6.8e-05

0.031852 6e-05

0.031136 5.4e-05

0.031114 8.3e-05

0.031652 5.8e-05

0.033367 5.2e-05

0.032713 5.8e-05

0.033305 7.4e-05

0.03201 7.3e-05

0.033146 7.4e-05

0.033034 0.000114

0.032454 7.3e-05

0.033275 5.8e-05

0.030988 5.7e-05

0.031137 5.4e-05

0.032939 7.7e-05

0.033739 7.7e-05

0.032455 6.7e-05

0.032344 6.7e-05

0.033644 7.9e-05

0.031591 4.4e-05

0.031954 4.8e-05

0.031802 3.5e-05

0.033024 6e-05

0.031176 3.3e-05

0.03101 6.5e-05

0.030914 6.1e-05

0.031005 6.4e-05

0.033226 7.4e-05

0.03217 7e-05

0.033787 6.3e-05

0.034104 6.9e-05

0.032393 6.3e-05

0.031529 8.2e-05

0.031068 6.3e-05

0.031242 6.1e-05

0.033613 6.3e-05

0.034333 7.9e-05

0.032293 7.1e-05

0.03147 6.8e-05

0.033644 6.4e-05

0.034951 7.2e-05

0.032897 4.3e-05

0.030876 6.2e-05

0.030969 4.5e-05

0.035013 4.7e-05

0.03258 5.5e-05

0.032601 5.5e-05

0.038426 6.4e-05

0.032754 5.5e-05

0.033756 7.2e-05

0.031943 6.7e-05

0.031012 6e-05

0.031005 6.6e-05

0.038786 0.000171

0.031202 5.8e-05

0.031096 6e-05

0.030756 3.5e-05

0.03102 5.9e-05

0.03093 6.1e-05

0.030771 3.9e-05

0.031082 5e-05

0.031092 6.6e-05

0.030902 3.4e-05

0.033752 4.6e-05

0.034907 6.7e-05

0.032257 6.6e-05

0.031806 4.6e-05

0.032489 7.5e-05

0.03222 4.1e-05

0.034522 4.2e-05

0.036471 6.2e-05

0.031106 5.5e-05

0.032244 5.3e-05

0.032309 7.3e-05

0.033314 6.5e-05

0.032748 9.4e-05

0.03278 6.5e-05

0.031997 3.7e-05

0.032179 8e-05

0.03199 8.4e-05

0.034199 5e-05

0.033636 7.8e-05

0.034294 0.000113

0.033175 3.9e-05

0.033022 7.6e-05

0.036012 9.9e-05

0.033957 9.7e-05

0.033276 7.2e-05

0.033981 7.5e-05

0.033574 6.6e-05

0.033325 8.5e-05

0.035431 6.6e-05

0.033259 7.8e-05

0.032049 6.7e-05

0.033795 7.6e-05

0.031068 6.3e-05

0.031595 4.3e-05

0.031189 3.5e-05

0.031035 6.3e-05

0.030877 3.7e-05

0.030984 6.1e-05

0.033597 7.6e-05

0.033317 4.1e-05

0.033369 6.5e-05

0.032436 3.5e-05

0.032026 6.7e-05

0.037436 8.4e-05

0.033408 7.1e-05

0.034442 5.1e-05

0.033907 6.1e-05

0.033195 8.8e-05

0.033145 4.5e-05

0.032425 8.2e-05

0.033074 5.6e-05

0.031174 3.7e-05

0.031844 6.2e-05

0.030972 6.5e-05

0.03088 4.1e-05

0.031623 6.3e-05

0.031159 6.6e-05

0.03082 6.4e-05

0.031051 6.4e-05

0.031154 6.5e-05

0.030894 6.1e-05

0.03112 4.2e-05

0.031102 3.6e-05

0.031138 4.8e-05

0.031307 6.6e-05

0.031135 4.8e-05

0.030833 4.5e-05

0.031009 5.9e-05

0.031245 6.4e-05

0.031145 5.4e-05

0.031035 2.7e-05

0.031043 6.4e-05

0.031059 4.1e-05

0.031009 5.7e-05

0.030863 6.4e-05

0.033133 6.1e-05

0.03121 6.1e-05

0.031148 6.3e-05

0.031247 6.1e-05

0.030875 4.6e-05

0.031031 4.3e-05

0.031021 3.3e-05

0.031771 4.3e-05

0.032896 9.4e-05

0.031882 6.6e-05

0.031569 6.4e-05

0.032301 8e-05

0.031065 6.7e-05

0.031177 4.1e-05

0.032863 7.2e-05

0.032751 8.2e-05

0.031087 4.9e-05

0.030773 6.2e-05

0.031212 6.2e-05

0.035446 8.1e-05

0.03126 5.8e-05

0.031296 4.8e-05

0.032648 7.7e-05

0.032826 9.1e-05

0.032264 5.3e-05

0.032481 6.7e-05

0.032338 7.1e-05

0.032849 4.1e-05

0.032321 7.2e-05

0.032346 6.6e-05

0.032176 8.2e-05

0.031248 6.2e-05

0.031404 6.1e-05

0.031909 6.5e-05

0.031399 5.3e-05

0.03189 6.3e-05

0.032117 7.4e-05

0.031871 6e-05

0.030943 5.8e-05

0.03079 6.5e-05

0.031097 3.4e-05

0.031279 6.5e-05

0.031386 6e-05

0.032063 7e-05

0.030991 6e-05

0.031025 6.5e-05

0.031101 4e-05

0.031129 8.5e-05

0.030958 5.1e-05

0.031011 5.8e-05

0.031126 3.9e-05

0.032021 6.8e-05

0.031773 3.5e-05

0.030916 3.1e-05

0.03101 6.7e-05

0.030844 3.4e-05

0.030886 6.5e-05

0.032964 5.5e-05

0.031165 2.2e-05

0.032275 6.5e-05

0.031302 5.9e-05

0.031074 6.5e-05

0.031107 4.4e-05

0.030906 5.7e-05

0.031356 5.6e-05

0.031019 4.4e-05

0.030944 6.2e-05

0.031235 6.1e-05

0.03263 6.3e-05

0.03302 7.2e-05

0.032601 8.3e-05

0.032349 6.4e-05

0.031781 7.7e-05

0.033615 5.2e-05

0.033086 5.4e-05

0.033253 6.3e-05

0.031684 3.6e-05

0.031136 6.8e-05

0.031541 4.8e-05

0.031379 6.5e-05

0.031314 4.4e-05

0.03118 4.5e-05

0.031302 6.6e-05

0.031313 4.1e-05

0.031284 5.8e-05

0.031658 9.2e-05

0.031081 6.4e-05

0.031133 2.1e-05

0.031198 4.9e-05

0.031064 6.4e-05

0.031382 6.6e-05

0.031663 6.6e-05

0.031316 4e-05

0.031003 4.7e-05

0.032243 4.6e-05

0.033037 7.9e-05

0.033321 8.3e-05

0.031533 5e-05

0.032477 7.9e-05

0.032989 7.2e-05

0.031206 6.1e-05

0.032097 4.7e-05

0.031954 4e-05

0.035775 0.000105

0.031467 5.9e-05

0.031186 4e-05

0.031439 6.5e-05

0.031186 6.2e-05

0.031448 3.1e-05

0.032758 0.000124

0.031312 3.3e-05

0.031985 6.6e-05

0.031174 5.8e-05

0.032674 2.3e-05

0.031186 5.4e-05

0.03129 5.6e-05

0.031625 6.2e-05

0.031191 5.3e-05

0.03116 4.3e-05

0.03106 6.3e-05

0.031477 6.2e-05

0.031147 6.2e-05

0.031068 6.1e-05

0.031313 5.4e-05

0.031451 5e-05

0.031082 4.4e-05

0.033511 6e-05

0.032979 7.3e-05

0.033125 7.7e-05

0.032581 2.8e-05

0.032447 6.7e-05

0.032288 6.9e-05

0.039501 4.6e-05

0.033287 7.7e-05

0.031865 4.4e-05

0.031282 4.2e-05

0.031077 6.1e-05

0.031298 6.3e-05

0.031164 3.6e-05

0.031171 3.3e-05

0.033891 4.7e-05

0.032997 7.1e-05

0.032947 6.5e-05

0.031158 4.7e-05

0.031188 6.1e-05

0.031062 5.9e-05

0.031048 3.3e-05

0.032577 7.6e-05

0.033226 7.4e-05

0.033907 4.3e-05

0.031527 6.4e-05

0.031059 5.8e-05

0.03115 6.3e-05

0.031367 8.1e-05

0.031432 7.1e-05

0.03334 3.3e-05

0.033338 7.5e-05

0.033389 7.2e-05

0.032509 7.3e-05

0.032898 8.7e-05

0.035892 0.000123

0.032049 0.000117

0.033594 3e-05

0.033443 6.8e-05

0.032496 3.6e-05

0.032277 7.6e-05

0.032144 4.8e-05

0.032735 5.9e-05

0.03222 6.5e-05

0.034004 4.5e-05

0.032185 6.3e-05

0.031283 3.1e-05

0.031824 6.5e-05

0.031051 3e-05

0.031119 5.8e-05

0.03204 6.5e-05

0.031432 4.6e-05

0.031469 5.4e-05

0.031247 6.5e-05

0.03104 6e-05

0.031079 6.2e-05

0.031619 6.7e-05

0.031863 6.3e-05

0.031395 3.3e-05

0.031631 6.6e-05

0.031875 7.3e-05

0.032195 6.4e-05

0.031523 5.9e-05

0.033924 8.2e-05

0.032172 6.8e-05

0.03139 3.1e-05

0.03212 6.3e-05

0.032081 6.6e-05

0.03249 3.8e-05

0.032104 5.7e-05

0.033323 6.8e-05

0.032081 3.4e-05

0.032475 6.8e-05

0.032365 5.3e-05

0.032518 3.9e-05

0.032907 9.7e-05

0.032783 6.8e-05

0.047595 9.2e-05

0.038109 7.3e-05

0.034939 8.7e-05

0.035264 5.9e-05

0.031373 4.8e-05

0.035454 5.9e-05

0.033368 5.5e-05

0.03204 6.6e-05

0.032704 6.6e-05

0.032785 6e-05

0.033357 7e-05

0.034941 7.5e-05

0.031634 6.2e-05

0.032463 6.8e-05

0.032421 6.2e-05

0.032863 7.1e-05

0.031225 5.2e-05

0.031389 6.2e-05

0.031392 5.7e-05

0.03115 6.4e-05

0.031229 6.7e-05

0.031273 6.2e-05

0.031129 6.6e-05

0.031206 4.8e-05

0.031526 4.4e-05

0.031512 6.2e-05

0.031094 6.2e-05

0.031036 5e-05

0.031021 3.2e-05

0.031039 3.8e-05

