0.016905 8e-06
0.015191 7e-06
0.016273 1.1e-05
0.016155 9e-06
0.016187 7e-06
0.016245 1e-05
0.018308 1.2e-05
0.016266 1.2e-05
0.016364 9e-06
0.016236 9e-06
0.016181 1.1e-05
0.016176 1.1e-05
0.015288 6e-06
0.016251 1e-05
0.016743 1e-05
0.016324 9e-06
0.016183 9e-06
0.016215 9e-06
0.015931 1e-05
0.016379 1.1e-05
0.016444 7e-06
0.016298 9e-06
0.017467 7e-06
0.016264 5e-06
0.016268 8e-06
0.017879 1.1e-05
0.017923 8e-06
0.016536 8e-06
0.016107 8e-06
0.015105 8e-06
0.016838 7e-06
0.016322 9e-06
0.016229 5e-06
0.016254 6e-06
0.016162 8e-06
0.016286 8e-06
0.016387 1.1e-05
0.016366 8e-06
0.016223 7e-06
0.016238 7e-06
0.016187 9e-06
0.016369 6e-06
0.018058 7e-06
0.018508 9e-06
0.016251 6e-06
0.016205 8e-06
0.014155 9e-06
0.016337 8e-06
0.016455 9e-06
0.016309 9e-06
0.017684 9e-06
0.016252 7e-06
0.016258 9e-06
0.016477 1.1e-05
0.016697 6e-06
0.016189 9e-06
0.016312 6e-06
0.016374 1.2e-05
0.01661 8e-06
0.016307 9e-06
0.016152 1.1e-05
0.016143 1.1e-05
0.016303 8e-06
0.014671 9e-06
0.016224 1e-05
0.016331 9e-06
0.019518 1.1e-05
0.023854 1.5e-05
0.015243 9e-06
0.017526 1e-05
0.01638 9e-06
0.016176 8e-06
0.016156 4e-06
0.017015 7e-06
0.016267 5e-06
0.016588 7e-06
0.016408 1.1e-05
0.016413 9e-06
0.016222 9e-06
0.015139 7e-06
0.016237 7e-06
0.01658 1.1e-05
0.016223 6e-06
0.01619 9e-06
0.016135 8e-06
0.01601 6e-06
0.01592 8e-06
0.01625 1e-05
0.016222 9e-06
0.018001 9e-06
0.016432 1e-05
0.016329 8e-06
0.016251 1e-05
0.016164 6e-06
0.016225 8e-06
0.016216 1e-05
0.016403 6e-06
0.016693 8e-06
0.01621 5e-06
0.016164 9e-06
0.016158 7e-06
0.015634 7e-06
0.016277 9e-06
0.016771 5e-06
0.016879 5e-06
0.022237 6e-06
0.016186 8e-06
0.016204 5e-06
0.016466 9e-06
0.017021 8e-06
0.01621 8e-06
0.016147 9e-06
0.015678 6e-06
0.01639 9e-06
0.016221 7e-06
0.016166 8e-06
0.016056 9e-06
0.016674 6e-06
0.016168 1.3e-05
0.017053 8e-06
0.016342 9e-06
0.016394 1.1e-05
0.018402 8e-06
0.016435 1e-05
0.017917 1.3e-05
0.017856 1.1e-05
0.01686 8e-06
0.017224 5e-06
0.016829 1.1e-05
0.016718 1e-05
0.016587 1e-05
0.01657 7e-06
0.016535 9e-06
0.01636 9e-06
0.016127 8e-06
0.017442 1.2e-05
0.016929 8e-06
0.017698 9e-06
0.016271 8e-06
0.016236 1e-05
0.016365 8e-06
0.016949 1.1e-05
0.016245 7e-06
0.023885 1.2e-05
0.016484 8e-06
0.016336 6e-06
0.016819 1.6e-05
0.016444 1e-05
0.024208 1e-05
0.024138 1.6e-05
0.016677 7e-06
0.01637 9e-06
0.016181 7e-06
0.016827 9e-06
0.016256 8e-06
0.014727 9e-06
0.01649 1.2e-05
0.017053 1e-05
0.019428 1.2e-05
0.022263 9e-06
0.015265 1.1e-05
0.021366 1.7e-05
0.023298 1.3e-05
0.022654 1.4e-05
0.023438 9e-06
0.023711 1.5e-05
0.016483 1e-05
0.016465 9e-06
0.022563 1.2e-05
0.023204 9e-06
0.022552 1.2e-05
0.021369 1.1e-05
0.016343 9e-06
0.016333 9e-06
0.016276 9e-06
0.016332 7e-06
0.016219 3e-06
0.016169 9e-06
0.017468 1e-05
0.014827 1.1e-05
0.016365 1.1e-05
0.016295 9e-06
0.016255 9e-06
0.016286 8e-06
0.016136 9e-06
0.016225 7e-06
0.018083 6e-06
0.016253 7e-06
0.01641 1.1e-05
0.016284 8e-06
0.020862 7e-06
0.016694 9e-06
0.016288 8e-06
0.016346 7e-06
0.016389 8e-06
0.016289 9e-06
0.016222 9e-06
0.016479 1e-05
0.018433 8e-06
0.016306 8e-06
0.01624 8e-06
0.015379 2.7e-05
0.021333 7e-06
0.016289 8e-06
0.016134 7e-06
0.016226 9e-06
0.016292 6e-06
0.016273 1e-05
0.016371 8e-06
0.016246 7e-06
0.017649 9e-06
0.016277 8e-06
0.015237 1e-05
0.016296 1e-05
0.017029 9e-06
0.016304 8e-06
0.016167 7e-06
0.016183 6e-06
0.016365 8e-06
0.016348 8e-06
0.016218 8e-06
0.016211 8e-06
0.017735 7e-06
0.016336 1e-05
0.01646 9e-06
0.016277 1.1e-05
0.016206 7e-06
0.01626 7e-06
0.016342 8e-06
0.01654 8e-06
0.017916 8e-06
0.016293 7e-06
0.016295 6e-06
0.016245 1e-05
0.016241 2.6e-05
0.016583 1e-05
0.016381 6e-06
0.016489 1.1e-05
0.016261 5e-06
0.016344 8e-06
0.016316 9e-06
0.016512 7e-06
0.017329 7e-06
0.018274 8e-06
0.016314 1e-05
0.016263 1e-05
0.016629 1.2e-05
0.016351 9e-06
0.016214 9e-06
0.016246 8e-06
0.016291 1e-05
0.016329 8e-06
0.016292 9e-06
0.016229 9e-06
0.016493 9e-06
0.016283 1.1e-05
0.015187 8e-06
0.016328 7e-06
0.01665 9e-06
0.016276 9e-06
0.016193 5e-06
0.016236 7e-06
0.016301 8e-06
0.017118 1.1e-05
0.0164 1.1e-05
0.016179 7e-06
0.01649 8e-06
0.016234 6e-06
0.01641 9e-06
0.016332 1e-05
0.016274 8e-06
0.016172 7e-06
0.016544 9e-06
0.014882 8e-06
0.016261 8e-06
0.016403 1e-05
0.016198 1e-05
0.016227 6e-06
0.016233 9e-06
0.016373 1e-05
0.016453 9e-06
0.016334 8e-06
0.016637 7e-06
0.016265 9e-06
0.016152 9e-06
0.016315 8e-06
0.01628 8e-06
0.01625 5e-06
0.016207 9e-06
0.016164 6e-06
0.016304 8e-06
0.016363 1e-05
0.016332 9e-06
0.016704 4e-06
0.016342 8e-06
0.016284 6e-06
0.016288 7e-06
0.016511 1e-05
0.016299 8e-06
0.016222 7e-06
0.016267 8e-06
0.015217 5e-06
0.016334 1e-05
0.018319 8e-06
0.016331 1.2e-05
0.017493 1e-05
0.017085 1e-05
0.016382 1.1e-05
0.016453 6e-06
0.016311 9e-06
0.01632 6e-06
0.016254 1.2e-05
0.016161 6e-06
0.016397 1e-05
0.016321 1.1e-05
0.01628 1e-05
0.016278 1.1e-05
0.016229 1e-05
0.016499 1.2e-05
0.016487 1.1e-05
0.016539 1.1e-05
0.016322 8e-06
0.016435 1e-05
0.016343 9e-06
0.016396 1.1e-05
0.016746 1.1e-05
0.016405 1.1e-05
0.016256 1e-05
0.016246 1.1e-05
0.015766 8e-06
0.016319 1e-05
0.016436 1e-05
0.016409 1.1e-05
0.016314 8e-06
0.016385 9e-06
0.016277 9e-06
0.016615 1.3e-05
0.016288 1e-05
0.016355 1.1e-05
0.016505 8e-06
0.01657 1.1e-05
0.016361 4e-06
0.016393 7e-06
0.016261 6e-06
0.016173 6e-06
0.01623 7e-06
0.016041 1e-05
0.016339 8e-06
0.016354 5e-06
0.016321 7e-06
0.017826 6e-06
0.01708 8e-06
0.016332 5e-06
0.016543 7e-06
0.018444 7e-06
0.016636 1.1e-05
0.016375 1e-05
0.016038 7e-06
0.016913 1.1e-05
0.016638 1.1e-05
0.016292 9e-06
0.016224 1e-05
0.016659 7e-06
0.01662 7e-06
0.016569 1.9e-05
0.016288 1e-05
0.016595 1e-05
0.016446 1e-05
0.016343 9e-06
0.016786 1.1e-05
0.017344 9e-06
0.016294 8e-06
0.016252 8e-06
0.016171 9e-06
0.015634 9e-06
0.016475 8e-06
0.016334 7e-06
0.016458 7e-06
0.016614 7e-06
0.01947 8e-06
0.016406 1e-05
0.016363 7e-06
0.02002 1.4e-05
0.016224 8e-06
0.023132 1.1e-05
0.016852 1e-05
0.016387 9e-06
0.016289 6e-06
0.016138 8e-06
0.017291 8e-06
0.017355 1.1e-05
0.016916 9e-06
0.016864 1.2e-05
0.01636 6e-06
0.017814 1e-05
0.016299 8e-06
0.016377 7e-06
0.016317 8e-06
0.016287 9e-06
0.016183 8e-06
0.016214 9e-06
0.014837 9e-06
0.016345 1e-05
0.017207 9e-06
0.016251 8e-06
0.016305 8e-06
0.022781 1.6e-05
0.016344 9e-06
0.016892 8e-06
0.016194 7e-06
0.018519 8e-06
0.016588 8e-06
0.01515 8e-06
0.016252 1.1e-05
0.01657 7e-06
0.016238 8e-06
0.016208 9e-06
0.016192 8e-06
0.017495 1e-05
0.016493 7e-06
0.016284 1.1e-05
0.016236 5e-06
0.017709 8e-06
0.015241 7e-06
0.016428 1e-05
0.016283 6e-06
0.018141 8e-06
0.016211 6e-06
0.016174 7e-06
0.015831 8e-06
0.016466 9e-06
0.017126 6e-06
0.016205 6e-06
0.016535 8e-06
0.019939 8e-06
0.016291 9e-06
0.016254 8e-06
0.016143 7e-06
0.016297 8e-06
0.016201 8e-06
0.014778 6e-06
0.016299 7e-06
0.016305 8e-06
0.01633 8e-06
0.016239 8e-06
0.016165 9e-06
0.016354 8e-06
0.017222 8e-06
0.016267 8e-06
0.016178 8e-06
0.016711 8e-06
0.016069 7e-06
0.016386 9e-06
0.016273 7e-06
0.016234 6e-06
0.016195 7e-06
0.016206 9e-06
0.014646 9e-06
0.020834 9e-06
0.016327 8e-06
0.016153 7e-06
0.016405 9e-06
0.017871 1e-05
0.016353 4e-06
0.016304 5e-06
0.01625 8e-06
0.016297 9e-06
0.016223 6e-06
0.015009 7e-06
0.016245 1e-05
0.016374 9e-06
0.016371 4e-06
0.016198 4e-06
0.016195 9e-06
0.016308 9e-06
0.016552 1e-05
0.01639 9e-06
0.016231 4e-06
0.01627 8e-06
0.015858 5e-06
0.016468 9e-06
0.016304 8e-06
0.016333 1e-05
0.016258 1e-05
0.016377 1e-05
0.017125 8e-06
0.018067 1.6e-05
0.023386 1.2e-05
0.023606 1e-05
0.019605 5e-06
0.016363 1.1e-05
0.016325 7e-06
0.016256 8e-06
0.017379 6e-06
0.016407 9e-06
0.016321 1e-05
0.016367 2.9e-05
0.016403 1e-05
0.016436 8e-06
0.016356 9e-06
0.016218 8e-06
0.016336 1e-05
0.016344 9e-06
0.016301 9e-06
0.016337 6e-06
0.019804 1.3e-05
0.016605 1.2e-05
0.016696 1e-05
0.016352 1.1e-05
0.016255 1.2e-05
0.016263 8e-06
0.016325 9e-06
0.016731 6e-06
0.016774 1e-05
0.016712 8e-06
0.016376 7e-06
0.016297 1e-05
0.016981 8e-06
0.016282 8e-06
0.016266 9e-06
0.016742 1e-05
0.016339 9e-06
0.016246 8e-06
0.016253 9e-06
0.016641 9e-06
0.016413 9e-06
0.016349 1e-05
0.016249 8e-06
0.016179 6e-06
0.016253 7e-06
0.016242 8e-06
0.016217 4e-06
0.016209 7e-06
0.016331 7e-06
0.015645 9e-06
0.016584 9e-06
0.016306 8e-06
0.016235 8e-06
0.01632 6e-06
0.016265 9e-06
0.01628 1e-05
0.01662 7e-06
0.016384 8e-06
0.01617 5e-06
0.016511 9e-06
0.019875 9e-06
0.016347 1e-05
0.016393 7e-06
0.016334 9e-06
0.01645 5e-06
0.016286 9e-06
0.016402 7e-06
0.016764 1e-05
0.016468 9e-06
0.018649 5e-06
0.016437 9e-06
0.014798 6e-06
0.016338 6e-06
0.016315 9e-06
0.016132 9e-06
0.016167 6e-06
0.016249 9e-06
0.016297 9e-06
0.016481 8e-06
0.016368 5e-06
0.017159 5e-06
0.01646 1e-05
0.016254 6e-06
0.016337 1e-05
0.016731 9e-06
0.016311 7e-06
0.016251 7e-06
0.016402 1e-05
0.016672 1e-05
0.01641 6e-06
0.01635 9e-06
0.016358 9e-06
0.01697 7e-06
0.016572 9e-06
0.016231 8e-06
0.01645 8e-06
0.016704 8e-06
0.016705 8e-06
0.016329 8e-06
0.016276 8e-06
0.016872 7e-06
0.016301 9e-06
0.016247 8e-06
0.016142 8e-06
0.018068 8e-06
0.016389 1e-05
0.018522 1.2e-05
0.017158 7e-06
0.016278 9e-06
0.016226 7e-06
0.015948 4e-06
0.016292 7e-06
0.017052 8e-06
0.016297 8e-06
0.01633 7e-06
0.016386 1e-05
0.017964 1e-05
0.016961 8e-06
0.016363 9e-06
0.016558 8e-06
0.016708 1e-05
0.022442 9e-06
0.019694 1.7e-05
0.016344 7e-06
0.017578 1.2e-05
0.016243 7e-06
0.018052 1.2e-05
0.019461 9e-06
0.016392 9e-06
0.017311 9e-06
0.016335 6e-06
0.01616 9e-06
0.018235 8e-06
0.016645 8e-06
0.016253 8e-06
0.016272 1e-05
0.017966 1.4e-05
0.017444 1.3e-05
0.016649 3.4e-05
0.016369 7e-06
0.016455 9e-06
0.016201 9e-06
0.016368 7e-06
0.016535 1e-05
0.016971 1e-05
0.018929 2.2e-05
0.016279 9e-06
0.016369 9e-06
0.014944 5e-06
0.016406 1e-05
0.017123 8e-06
0.016358 8e-06
0.016282 6e-06
0.014402 9e-06
0.016272 9e-06
0.016211 7e-06
0.016423 8e-06
0.014394 8e-06
0.013375 5e-06
0.016228 6e-06
0.016249 6e-06
0.01634 9e-06
0.014476 8e-06
0.016282 9e-06
0.016256 1e-05
0.016249 7e-06
0.016235 7e-06
0.01623 9e-06
0.016271 9e-06
0.016656 1.4e-05
0.016328 9e-06
0.016285 7e-06
0.016259 9e-06
0.016254 5e-06
0.016407 9e-06
0.016341 9e-06
0.016298 8e-06
0.016239 8e-06
0.016247 8e-06
0.014466 8e-06
0.016357 9e-06
0.016341 1e-05
0.016223 9e-06
0.016227 1e-05
0.016314 9e-06
0.016264 9e-06
0.016516 8e-06
0.016331 4e-06
0.016791 8e-06
0.018198 1.2e-05
0.017903 6e-06
0.017974 7e-06
0.016726 1.1e-05
0.016365 1e-05
0.016233 1.2e-05
0.016238 1.1e-05
0.016291 1.1e-05
0.016562 1e-05
0.016371 1.2e-05
0.016314 5e-06
0.016317 9e-06
0.015585 8e-06
0.01626 9e-06
0.016555 9e-06
0.016373 9e-06
0.016267 9e-06
0.016214 6e-06
0.016402 9e-06
0.018282 1.1e-05
0.016339 7e-06
0.016693 1.1e-05
0.016325 9e-06
0.015825 7e-06
0.016272 1.1e-05
0.016342 9e-06
0.016255 8e-06
0.016425 9e-06
0.016292 1.1e-05
0.016332 9e-06
0.016555 1.1e-05
0.016465 5e-06
0.016305 1e-05
0.016222 7e-06
0.016244 9e-06
0.018481 9e-06
0.016354 9e-06
0.016426 8e-06
0.016216 4e-06
0.016246 1e-05
0.015178 7e-06
0.016481 5e-06
0.016338 8e-06
0.018501 7e-06
0.016185 6e-06
0.01616 7e-06
0.016492 5e-06
0.018389 7e-06
0.016351 1e-05
0.0162 9e-06
0.016176 9e-06
0.015395 1e-05
0.016318 9e-06
0.016692 8e-06
0.016291 9e-06
0.016316 8e-06
0.016324 8e-06
0.017286 5e-06
0.018032 8e-06
0.021442 1e-05
0.016413 9e-06
0.017337 1e-05
0.018738 9e-06
0.016887 9e-06
0.016646 8e-06
0.017737 9e-06
0.016312 8e-06
0.016154 6e-06
0.016267 4e-06
0.016311 8e-06
0.016248 9e-06
0.01629 8e-06
0.016215 8e-06
0.014887 9e-06
0.016485 9e-06
0.01708 7e-06
0.016764 8e-06
0.016684 1e-05
0.01649 9e-06
0.016366 1e-05
0.017789 9e-06
0.016713 9e-06
0.01686 6e-06
0.016469 1e-05
0.01451 9e-06
0.019442 1e-05
0.01638 8e-06
0.016446 8e-06
0.016422 7e-06
0.016453 9e-06
0.016398 9e-06
0.0173 1e-05
0.01682 8e-06
0.01639 5e-06
0.016394 8e-06
0.017133 1.2e-05
0.020337 1.1e-05
0.01975 1.3e-05
0.016498 8e-06
0.017065 9e-06
0.014428 8e-06
0.016664 1e-05
0.016341 7e-06
0.017657 1e-05
0.01632 7e-06
0.016279 8e-06
0.016809 8e-06
0.01693 7e-06
0.016449 1e-05
0.016325 1.1e-05
0.016374 1.1e-05
0.016639 1.2e-05
0.016907 1.5e-05
0.017066 1.2e-05
0.023518 1e-05
0.023255 1.4e-05
0.017516 9e-06
0.016485 1.6e-05
0.016341 5e-06
0.017585 1e-05
0.01679 1.3e-05
0.016085 9e-06
0.016384 1.1e-05
0.016401 7e-06
0.016284 6e-06
0.016524 1e-05
0.022992 1.2e-05
0.016453 9e-06
0.01631 7e-06
0.016262 6e-06
0.016266 7e-06
0.016176 9e-06
0.016389 8e-06
0.016511 8e-06
0.016295 8e-06
0.016541 8e-06
0.016249 8e-06
0.016419 8e-06
0.016373 1e-05
0.016287 9e-06
0.016325 1e-05
0.016363 1.1e-05
0.016236 8e-06
0.016569 1.1e-05
0.016521 1.1e-05
0.01629 7e-06
0.016874 1.1e-05
0.017223 1e-05
0.016729 8e-06
0.016434 8e-06
0.016477 1e-05
0.016378 9e-06
0.016306 8e-06
0.016257 1e-05
0.016265 7e-06
0.018049 8e-06
0.016337 9e-06
0.016321 1e-05
0.016236 8e-06
0.016332 9e-06
0.016485 1e-05
0.01646 9e-06
0.016541 7e-06
0.016282 8e-06
0.016398 9e-06
0.016571 9e-06
0.016445 1e-05
0.023874 1.3e-05
0.019243 9e-06
0.016339 7e-06
0.016168 9e-06
0.016459 8e-06
0.017767 9e-06
0.023927 1e-05
0.020151 8e-06
0.014794 1e-05
0.016355 7e-06
0.016349 8e-06
0.018605 5e-06
0.016272 6e-06
0.016395 7e-06
0.016347 9e-06
0.016457 9e-06
0.016385 8e-06
0.016269 7e-06
0.016315 9e-06
0.016669 7e-06
0.016399 9e-06
0.016373 7e-06
0.01622 9e-06
0.016281 5e-06
0.016282 7e-06
0.016396 6e-06
0.016458 6e-06
0.016565 1e-05
0.021881 1.1e-05
0.016569 1e-05
0.015414 1e-05
0.016875 9e-06
0.016369 1e-05
0.016403 1e-05
0.01624 7e-06
0.016242 1e-05
0.016342 1e-05
0.01653 6e-06
0.016239 7e-06
0.018129 1.3e-05
0.016213 9e-06
0.014808 5e-06
0.016247 8e-06
0.017941 5e-06
0.016354 6e-06
0.016391 1e-05
0.016356 6e-06
0.017239 7e-06
0.016479 8e-06
0.016633 8e-06
0.016246 5e-06
0.016352 1e-05
0.015012 8e-06
0.016367 6e-06
0.017216 6e-06
0.016256 8e-06
0.016318 8e-06
0.016259 9e-06
0.016479 9e-06
0.016402 1e-05
0.016812 1e-05
0.016378 9e-06
0.016296 7e-06
0.017265 8e-06
0.017154 1.1e-05
0.016469 8e-06
0.016264 8e-06
0.016622 5e-06
0.016231 8e-06
0.016247 1e-05
0.016686 1e-05
0.017203 8e-06
0.016395 9e-06
0.016307 8e-06
0.015155 4e-06
0.016423 1.1e-05
0.016369 8e-06
0.01625 1.2e-05
0.022825 1e-05
0.016342 9e-06
0.016406 8e-06
0.01804 8e-06
0.016259 9e-06
0.016287 5e-06
0.016274 9e-06
0.014831 1e-05
0.016269 7e-06
0.01791 9e-06
0.016362 8e-06
0.017979 1.2e-05
0.01828 1e-05
0.016585 1e-05
0.01638 8e-06
0.016345 8e-06
0.016236 9e-06
0.023773 1e-05
0.016404 1.1e-05
0.016816 2e-05
0.016393 6e-06
0.016301 7e-06
0.016314 7e-06
0.016278 8e-06
0.016613 9e-06
0.017411 9e-06
0.016248 9e-06
0.016242 7e-06
0.017902 9e-06
0.016337 8e-06
0.016429 9e-06
0.016305 6e-06
0.016211 8e-06
0.017472 1e-05
0.015492 1.2e-05
0.016318 1e-05
0.016332 8e-06
0.017012 8e-06
0.017318 9e-06
0.01628 7e-06
0.016248 8e-06
0.016462 8e-06
0.016392 1e-05
0.021047 6e-06
0.017004 1.1e-05
0.016589 1e-05
0.016727 1e-05
0.016582 9e-06
0.016685 1e-05
0.016542 1.2e-05
0.015868 8e-06
0.01672 1.1e-05
0.016402 7e-06
0.016583 9e-06
0.016361 8e-06
0.016346 8e-06
0.016586 9e-06
0.01781 1.2e-05
0.016277 9e-06
0.016125 1.1e-05
0.016223 9e-06
0.01565 9e-06
0.02063 1.4e-05
0.016502 8e-06
0.016385 8e-06
0.016628 1.1e-05
0.016178 8e-06
0.016518 8e-06
0.023977 1.4e-05
0.01643 1.3e-05
0.016376 7e-06
0.016235 9e-06
0.016237 8e-06
0.018138 6e-06
0.016285 1e-05
0.016262 8e-06
0.016272 5e-06
0.01637 6e-06
0.016379 8e-06
0.016294 5e-06
0.017711 9e-06
