0.014609 2.4e-05

0.014799 3.4e-05

0.014598 3.5e-05

0.015249 2.6e-05

0.014751 2.3e-05

0.01458 4.2e-05

0.014766 3e-05

0.014662 3.4e-05

0.014586 3.1e-05

0.014863 3.3e-05

0.01459 1.4e-05

0.014716 2.5e-05

0.014638 3.3e-05

0.014543 3.3e-05

0.016014 3.6e-05

0.014547 3.3e-05

0.014526 2.9e-05

0.014702 2.9e-05

0.014719 3.2e-05

0.014527 3.3e-05

0.014592 3.9e-05

0.01449 3.3e-05

0.014663 3e-05

0.014535 2.9e-05

0.014612 1.8e-05

0.014537 3.2e-05

0.014547 2.2e-05

0.014675 3.2e-05

0.014716 3.4e-05

0.014623 3.2e-05

0.014632 3.2e-05

0.014584 1.9e-05

0.01454 3.3e-05

0.014568 3.4e-05

0.014589 3.1e-05

0.01526 3.4e-05

0.01457 2.7e-05

0.014597 3.2e-05

0.014777 2.5e-05

0.014622 1.9e-05

0.014569 3.2e-05

0.014605 3.2e-05

0.014517 3.1e-05

0.014723 3.2e-05

0.014763 2.9e-05

0.014601 2.9e-05

0.014495 2.1e-05

0.014621 1.8e-05

0.014626 3.3e-05

0.014744 3.3e-05

0.014753 3.3e-05

0.015661 2.2e-05

0.014731 1.9e-05

0.01451 3e-05

0.014545 1.8e-05

0.014608 3.2e-05

0.014807 1.5e-05

0.014618 3.3e-05

0.014586 3.3e-05

0.014741 3.5e-05

0.014636 3.1e-05

0.014642 2.5e-05

0.014621 2.2e-05

0.014518 2.4e-05

0.01464 3.4e-05

0.014622 2.2e-05

0.01456 2.2e-05

0.01462 3.2e-05

0.014515 1.3e-05

0.014729 2.3e-05

0.014822 3.3e-05

0.014634 3.2e-05

0.014818 3.4e-05

0.014584 1.7e-05

0.014559 2.8e-05

0.014678 2.7e-05

0.01456 3.4e-05

0.014718 3e-05

0.014608 1.6e-05

0.014533 2.3e-05

0.014714 2.8e-05

0.014771 3.4e-05

0.014564 2.6e-05

0.014562 3.3e-05

0.014532 3.5e-05

0.014612 1.9e-05

0.014584 3.3e-05

0.014523 3.5e-05

0.014626 3.3e-05

0.014581 1.6e-05

0.014731 3.1e-05

0.014656 3.2e-05

0.014522 4.5e-05

0.0147 3.5e-05

0.014592 3.4e-05

0.014645 3.2e-05

0.01462 3.5e-05

0.014595 3.1e-05

0.014797 3.2e-05

0.014621 3.5e-05

0.014546 2.3e-05

0.01458 3.2e-05

0.014545 1.6e-05

0.014643 3.3e-05

0.014645 3.2e-05

0.014587 2.7e-05

0.014553 1.9e-05

0.014544 2.4e-05

0.014643 3.4e-05

0.01463 3.2e-05

0.014564 3e-05

0.014873 3.5e-05

0.014711 3.3e-05

0.014637 3.5e-05

0.01475 3e-05

0.014735 3.2e-05

0.014689 3.3e-05

0.014682 2.3e-05

0.014657 3.7e-05

0.014815 1.8e-05

0.014748 2.9e-05

0.014543 2.1e-05

0.014582 3.4e-05

0.014561 2e-05

0.014556 1.5e-05

0.014565 3.5e-05

0.014574 3.3e-05

0.014615 3.3e-05

0.014682 3.2e-05

0.014494 3.3e-05

0.014565 3.2e-05

0.014673 3e-05

0.014715 2.3e-05

0.015695 3.4e-05

0.014645 3e-05

0.014712 3.4e-05

0.014623 3.5e-05

0.014708 1.6e-05

0.014655 3.4e-05

0.014641 3.2e-05

0.014738 3e-05

0.014641 3e-05

0.014662 3.3e-05

0.014712 3.5e-05

0.014559 3.2e-05

0.014706 3.5e-05

0.014549 2.5e-05

0.014549 2.1e-05

0.014506 3.4e-05

0.014587 1.8e-05

0.014636 2.3e-05

0.014507 3.3e-05

0.014624 3.5e-05

0.014642 3.2e-05

0.014648 2e-05

0.014517 2.5e-05

0.014785 3.1e-05

0.01462 1.9e-05

0.014725 2e-05

0.01462 1.6e-05

0.014848 6.6e-05

0.01485 2.6e-05

0.014695 2.6e-05

0.014708 3e-05

0.01458 3.4e-05

0.014678 1.8e-05

0.014683 3.5e-05

0.014645 9e-06

0.014662 2.1e-05

0.014665 3.3e-05

0.014605 3.5e-05

0.014547 3.3e-05

0.01459 3.5e-05

0.014506 3.4e-05

0.014616 3.4e-05

0.014629 3.5e-05

0.014591 3.2e-05

0.014673 2.5e-05

0.014762 3.1e-05

0.014657 1.9e-05

0.014555 3.6e-05

0.015674 2.7e-05

0.01467 3.2e-05

0.014552 4.2e-05

0.014665 3.1e-05

0.014726 2.5e-05

0.014675 2.3e-05

0.014573 3.3e-05

0.014626 3.1e-05

0.014595 2.5e-05

0.014565 3.9e-05

0.014586 2.4e-05

0.014579 3.3e-05

0.014465 3.2e-05

0.01464 2.3e-05

0.014679 3.9e-05

0.014576 1.5e-05

0.014577 3.2e-05

0.014639 2.1e-05

0.014602 3.2e-05

0.0147 2.6e-05

0.014729 2.4e-05

0.015798 3.1e-05

0.014733 1.8e-05

0.014541 3e-05

0.014822 2.7e-05

0.014646 3.5e-05

0.014701 2.1e-05

0.014726 3.3e-05

0.014617 3.5e-05

0.014604 3.3e-05

0.014691 3.4e-05

0.014649 3.6e-05

0.014691 2e-05

0.014543 3.4e-05

0.014646 2.7e-05

0.01464 3.4e-05

0.014607 2.1e-05

0.014616 1.8e-05

0.014589 2.4e-05

0.014625 3.5e-05

0.01452 2.8e-05

0.014591 3.2e-05

0.015165 1.1e-05

0.014637 3.5e-05

0.014577 2e-05

0.014675 1.9e-05

0.014619 3.5e-05

0.014806 3.2e-05

0.014803 2.8e-05

0.014629 3.3e-05

0.014735 2.9e-05

0.014566 2.7e-05

0.014609 2.9e-05

0.014726 1.9e-05

0.014604 2.9e-05

0.01467 3.5e-05

0.014701 3.6e-05

0.014616 2.8e-05

0.01451 3.5e-05

0.014565 3.4e-05

0.014783 3.3e-05

0.014671 2.5e-05

0.014595 3.4e-05

0.014573 3e-05

0.014749 3.4e-05

0.014655 3.5e-05

0.014762 2.7e-05

0.014664 1.9e-05

0.014609 3.4e-05

0.014749 2.2e-05

0.014652 3.2e-05

0.014698 3.5e-05

0.014782 3.4e-05

0.014668 3.4e-05

0.014643 3.7e-05

0.014563 2.9e-05

0.014729 2.3e-05

0.014672 2.3e-05

0.014519 3.4e-05

0.014711 2.3e-05

0.014601 3.2e-05

0.014665 2.4e-05

0.014587 3.4e-05

0.014548 3.4e-05

0.014735 1.5e-05

0.014596 3.2e-05

0.01457 2.5e-05

0.014608 3.4e-05

0.014743 1.7e-05

0.014559 3.7e-05

0.014622 3e-05

0.014624 1.6e-05

0.014655 1.9e-05

0.014618 2.4e-05

0.014641 3.1e-05

0.014686 3.2e-05

0.014594 2.3e-05

0.014869 3.3e-05

0.014701 2e-05

0.014654 3e-05

0.014618 4.1e-05

0.014595 2.9e-05

0.014652 1.2e-05

0.014696 3.4e-05

0.014666 2.7e-05

0.014693 3.1e-05

0.014581 2.6e-05

0.014639 3.5e-05

0.014624 3.5e-05

0.014638 3.2e-05

0.014501 3.4e-05

0.01454 3e-05

0.014578 2.8e-05

0.014665 3.2e-05

0.014829 3.4e-05

0.014577 1.6e-05

0.014683 3.1e-05

0.014663 3.2e-05

0.014724 2.4e-05

0.014686 2.5e-05

0.014586 1.2e-05

0.01476 2.9e-05

0.014674 3.5e-05

0.014718 2.7e-05

0.014681 3.1e-05

0.014589 3.4e-05

0.014706 3.4e-05

0.014575 3.3e-05

0.014532 3.5e-05

0.014546 3.6e-05

0.01467 3.4e-05

0.014654 1.8e-05

0.015156 4.7e-05

0.01477 3.3e-05

0.014536 3.1e-05

0.014627 3.2e-05

0.014554 3.3e-05

0.015002 2.4e-05

0.014563 3.1e-05

0.014683 2.6e-05

0.014647 2.3e-05

0.01465 3.3e-05

0.014596 2.9e-05

0.014625 3.4e-05

0.014777 2.8e-05

0.014707 2.5e-05

0.01563 1.8e-05

0.01498 3.5e-05

0.014686 3.3e-05

0.014798 4.3e-05

0.014567 3.4e-05

0.014635 3.5e-05

0.014634 2.1e-05

0.014726 3.4e-05

0.014601 3.1e-05

0.014572 3.2e-05

0.014584 3.2e-05

0.014561 3.5e-05

0.014528 2.4e-05

0.014582 2.1e-05

0.014728 2.5e-05

0.014601 3.4e-05

0.01454 3.5e-05

0.014592 3.3e-05

0.01471 1.9e-05

0.014612 3.2e-05

0.014631 2.9e-05

0.015007 1.9e-05

0.014762 3.1e-05

0.01469 3.6e-05

0.014781 3.7e-05

0.014702 2e-05

0.014681 2.3e-05

0.014699 3e-05

0.014544 3.2e-05

0.014722 3.6e-05

0.01459 2.8e-05

0.014533 3.1e-05

0.014557 4.8e-05

0.014522 2.7e-05

0.014594 3.2e-05

0.014651 1.9e-05

0.014598 3e-05

0.015796 2.1e-05

0.014714 3.4e-05

0.014917 1.6e-05

0.014752 3e-05

0.014813 1.9e-05

0.014738 3e-05

0.014644 3.5e-05

0.014578 2.7e-05

0.014834 3.2e-05

0.014803 2.2e-05

0.014661 1.8e-05

0.014872 1.8e-05

0.014667 4.5e-05

0.014664 3.5e-05

0.014803 3.5e-05

0.014656 4.7e-05

0.014591 2.8e-05

0.0146 2.1e-05

0.014624 3.3e-05

0.014606 3.4e-05

0.014481 3.4e-05

0.014649 3.4e-05

0.014593 3.1e-05

0.014559 3.3e-05

0.014642 3.2e-05

0.014549 3.1e-05

0.01466 3.4e-05

0.014523 3.2e-05

0.014542 3.6e-05

0.014734 2e-05

0.014742 2.6e-05

0.014806 3.3e-05

0.014695 1.8e-05

0.014694 2.3e-05

0.014702 2.7e-05

0.014533 3.3e-05

0.014607 3.2e-05

0.014596 2.2e-05

0.014627 1.7e-05

0.014703 3.4e-05

0.01461 3.3e-05

0.014656 1.9e-05

0.014658 3.3e-05

0.014572 3.3e-05

0.014512 3.4e-05

0.014641 3.2e-05

0.014552 3.4e-05

0.014572 3.2e-05

0.014735 1.6e-05

0.014634 3.4e-05

0.014633 2.5e-05

0.014658 2.5e-05

0.014604 3.3e-05

0.014727 3.6e-05

0.014598 3.1e-05

0.014754 3.3e-05

0.014628 3.1e-05

0.014677 2.5e-05

0.014544 1.9e-05

0.014528 2.3e-05

0.01469 2.4e-05

0.014636 3.4e-05

0.014567 3.3e-05

0.014671 3.1e-05

0.014622 3e-05

0.014751 3.3e-05

0.014531 2.9e-05

0.014545 3.3e-05

0.014565 2.5e-05

0.014566 2.3e-05

0.014518 3.3e-05

0.014667 2.8e-05

0.014632 3.7e-05

0.014629 1.6e-05

0.014782 2.3e-05

0.014667 1.6e-05

0.014694 3.3e-05

0.0146 1.9e-05

0.014626 3.7e-05

0.014626 3.2e-05

0.014636 3.4e-05

0.014814 2.6e-05

0.014537 2.8e-05

0.014486 3.1e-05

0.014539 3.3e-05

0.014584 3.3e-05

0.014666 3.1e-05

0.014574 2.2e-05

0.014587 2.9e-05

0.014584 3.3e-05

0.014672 3.6e-05

0.014506 9e-06

0.014866 1.7e-05

0.014612 1.5e-05

0.014829 3.3e-05

0.014682 3.3e-05

0.014652 2.7e-05

0.014655 2.5e-05

0.014686 3.7e-05

0.014713 2.4e-05

0.01475 2.4e-05

0.014592 2.7e-05

0.014765 2.1e-05

0.014645 1.8e-05

0.014536 2.8e-05

0.014552 3.2e-05

0.014551 3.5e-05

0.014663 3.5e-05

0.014625 3e-05

0.015008 6.8e-05

0.014671 2.7e-05

0.014671 3.1e-05

0.014564 2.2e-05

0.014513 3.5e-05

0.014677 3.3e-05

0.0147 3.3e-05

0.014674 2.4e-05

0.014547 3.6e-05

0.014647 4.9e-05

0.01471 3e-05

0.014578 1.9e-05

0.01471 2.8e-05

0.014605 3.5e-05

0.014761 2.7e-05

0.014714 2.2e-05

0.014548 3.4e-05

0.014581 3.1e-05

0.014507 2.7e-05

0.014687 3.3e-05

0.014558 3.3e-05

0.015436 3.7e-05

0.014622 1.3e-05

0.014623 1.9e-05

0.014641 3.5e-05

0.014642 3.2e-05

0.01454 2.8e-05

0.014586 3.2e-05

0.014611 3e-05

0.014559 3e-05

0.014613 2e-05

0.014652 3.3e-05

0.014653 1.8e-05

0.014726 3.7e-05

0.014554 3.5e-05

0.014789 2.8e-05

0.014616 3.2e-05

0.014612 2.1e-05

0.014512 2.3e-05

0.014695 3.5e-05

0.014689 2e-05

0.014517 3.3e-05

0.015378 3.2e-05

0.014599 2.2e-05

0.014548 3.1e-05

0.014598 3.6e-05

0.014605 3.2e-05

0.014588 3.3e-05

0.014539 3.1e-05

0.014521 2.2e-05

0.014529 3.3e-05

0.01458 3.3e-05

0.014711 3.3e-05

0.014703 3.1e-05

0.014665 3.2e-05

0.014626 3.3e-05

0.014815 2.1e-05

0.014655 2.5e-05

0.014589 3.5e-05

0.01465 2.2e-05

0.014593 2.7e-05

0.014669 1.5e-05

0.014552 3.5e-05

0.015751 3.2e-05

0.01459 3.2e-05

0.014597 3.1e-05

0.014666 2.1e-05

0.014564 3.4e-05

0.014592 2.8e-05

0.014649 2.8e-05

0.014626 4.4e-05

0.01463 3.2e-05

0.014624 2.6e-05

0.014718 3.6e-05

0.014714 3e-05

0.014643 1.1e-05

0.014709 3.4e-05

0.01472 2.3e-05

0.014629 3.2e-05

0.014527 3.4e-05

0.014554 3.2e-05

0.014644 3.3e-05

0.01468 2.1e-05

0.014575 3.4e-05

0.014994 3.2e-05

0.014588 3.2e-05

0.014554 2.7e-05

0.0147 3.1e-05

0.014637 3.1e-05

0.014649 3.4e-05

0.014628 1.9e-05

0.014533 3.1e-05

0.014527 2.8e-05

0.014623 3.4e-05

0.014547 3.2e-05

0.014529 2e-05

0.014783 3.5e-05

0.014693 3.4e-05

0.014773 2.5e-05

0.014633 2.2e-05

0.014589 3.3e-05

0.014674 2.4e-05

0.014638 2.3e-05

0.014865 2.6e-05

0.014601 1.8e-05

0.014704 2.9e-05

0.014874 3.5e-05

0.014733 3.5e-05

0.014671 3.3e-05

0.014665 1.2e-05

0.014554 3.4e-05

0.014588 3.4e-05

0.014523 3.5e-05

0.014606 1.9e-05

0.014596 3.3e-05

0.014578 3.4e-05

0.014597 3.3e-05

0.01451 2.5e-05

0.014581 2.6e-05

0.014717 2.1e-05

0.014632 1.8e-05

0.01478 1.9e-05

0.014765 3.2e-05

0.014668 3.3e-05

0.014624 3.3e-05

0.014534 2.8e-05

0.014751 3.4e-05

0.014538 3.5e-05

0.014602 3.4e-05

0.014656 3.3e-05

0.014602 3.2e-05

0.01458 3e-05

0.014597 3.6e-05

0.014515 3.2e-05

0.014644 2.5e-05

0.01459 3.1e-05

0.014516 2.5e-05

0.014582 3.1e-05

0.014538 3.5e-05

0.014704 2.6e-05

0.014696 3.3e-05

0.014636 3.5e-05

0.014638 3.4e-05

0.014729 3.7e-05

0.014532 2e-05

0.014679 3.4e-05

0.014536 3.3e-05

0.014658 3.3e-05

0.01455 3.3e-05

0.014538 3.6e-05

0.014671 3.5e-05

0.0146 2.9e-05

0.014537 3.3e-05

0.014606 1.9e-05

0.014586 3.2e-05

0.014722 3.4e-05

0.014673 3.4e-05

0.01464 3.5e-05

0.014583 4.5e-05

0.014577 3.4e-05

0.014639 3.4e-05

0.014659 1.3e-05

0.014607 2.8e-05

0.014565 3.3e-05

0.014663 2.2e-05

0.014685 3.2e-05

0.014717 3.6e-05

0.014584 2.4e-05

0.014654 3.4e-05

0.014634 4.9e-05

0.014616 3.5e-05

0.014702 3.3e-05

0.014636 3.5e-05

0.014727 2.1e-05

0.014586 2.7e-05

0.014629 3.5e-05

0.014643 2.3e-05

0.014474 3.4e-05

0.01453 1.9e-05

0.014571 2e-05

0.014564 2e-05

0.014641 3.6e-05

0.014591 3.3e-05

0.01454 3.4e-05

0.01455 3.4e-05

0.014556 1.5e-05

0.014646 3.2e-05

0.014641 3.7e-05

0.014575 3.6e-05

0.014636 2e-05

0.014789 3.2e-05

0.014647 3.5e-05

0.014704 3.1e-05

0.014565 2.1e-05

0.014597 3.2e-05

0.014667 3.1e-05

0.014615 3.4e-05

0.014659 3.4e-05

0.014651 2.4e-05

0.014584 3.4e-05

0.014607 3.3e-05

0.01457 3.3e-05

0.014638 3.6e-05

0.014546 3.2e-05

0.014614 3.3e-05

0.014508 3.2e-05

0.014716 3.4e-05

0.014657 3.5e-05

0.014625 1.5e-05

0.014887 4.3e-05

0.014737 2.8e-05

0.014698 2.3e-05

0.014603 3.3e-05

0.014756 2e-05

0.014694 1.8e-05

0.014722 3.4e-05

0.014593 2.7e-05

0.01458 3.2e-05

0.014592 2.4e-05

0.014641 3.3e-05

0.014489 3.2e-05

0.014546 3.7e-05

0.014629 5e-05

0.01468 3.2e-05

0.01452 3e-05

0.014636 3e-05

0.014512 3.4e-05

0.014595 3.3e-05

0.014632 3.2e-05

0.01454 3.3e-05

0.015721 4.3e-05

0.014655 3.3e-05

0.014693 3.6e-05

0.014665 3.4e-05

0.014601 2.8e-05

0.014623 3.1e-05

0.014693 3.2e-05

0.014514 3.8e-05

0.014546 2.5e-05

0.014584 3.3e-05

0.01479 3.6e-05

0.014615 3.4e-05

0.014603 3.4e-05

0.014542 3.2e-05

0.014727 2.9e-05

0.014551 2e-05

0.014553 1.9e-05

0.014533 3.6e-05

0.01454 3.3e-05

0.014662 2.4e-05

0.014649 3.1e-05

0.015457 4.3e-05

0.014517 2.5e-05

0.014672 3.2e-05

0.01474 1.8e-05

0.014595 3.3e-05

0.014738 3.3e-05

0.014722 2.8e-05

0.014615 1.8e-05

0.014572 3.1e-05

0.014673 2e-05

0.014596 1.6e-05

0.014553 3.1e-05

0.014595 3.4e-05

0.014602 3.5e-05

0.014697 3.4e-05

0.01467 3.1e-05

0.014576 3.3e-05

0.014469 2.9e-05

0.014591 2.7e-05

0.014616 3.2e-05

0.01454 1.9e-05

0.015415 3.8e-05

0.014668 2e-05

0.014618 3.4e-05

0.014617 3.5e-05

0.01464 3e-05

0.014611 3.5e-05

0.014627 2.9e-05

0.014657 3.5e-05

0.014593 3.4e-05

0.014612 1.8e-05

0.014546 2.2e-05

0.014554 3e-05

0.014619 3.1e-05

0.014617 2.7e-05

0.01473 2.9e-05

0.014598 1.8e-05

0.014619 3.5e-05

0.014552 3.2e-05

0.014833 3.2e-05

0.014646 3.1e-05

0.014693 3.4e-05

0.014581 3.3e-05

0.014562 2.6e-05

0.014676 2.2e-05

0.014737 2.8e-05

0.014727 1.7e-05

0.01465 3e-05

0.014728 3.5e-05

0.014655 3.3e-05

0.0146 1.4e-05

0.014576 3.1e-05

0.014545 4.8e-05

0.014517 3.4e-05

0.014595 2.2e-05

0.014581 3.1e-05

0.014818 3e-05

0.014542 3.2e-05

0.014592 3.1e-05

0.014621 2.6e-05

0.014594 3.3e-05

0.014631 2.6e-05

0.014573 2.5e-05

0.014692 3.3e-05

0.014574 1.7e-05

0.014591 3.2e-05

0.014662 4.8e-05

0.014606 2.7e-05

0.014631 3.6e-05

0.014636 2.5e-05

0.014708 4.6e-05

0.014697 3.4e-05

0.014613 3e-05

0.014705 3e-05

0.014583 3.5e-05

0.014498 3.7e-05

0.014555 3.4e-05

0.014805 3.4e-05

0.014543 2.5e-05

0.014601 3.3e-05

0.014595 2.3e-05

0.014601 1.9e-05

0.014607 3.2e-05

0.014547 2.9e-05

0.014577 1.2e-05

0.014558 3.4e-05

0.014605 3.4e-05

0.014745 3.2e-05

0.014515 3.3e-05

0.014668 2.9e-05

0.014718 2.1e-05

0.0146 1.8e-05

0.014703 2.1e-05

0.014627 3.3e-05

0.014586 3.3e-05

0.014591 2.4e-05

0.014608 1.2e-05

0.014651 3.3e-05

0.014886 3.4e-05

0.014556 3.4e-05

0.01457 3.4e-05

0.014624 2.5e-05

0.014617 1.3e-05

0.014725 2.8e-05

0.014568 3.5e-05

0.014714 3.4e-05

0.014856 2.3e-05

0.01464 3.2e-05

0.0147 3.2e-05

0.014577 1.9e-05

0.014565 3.4e-05

0.014741 3.1e-05

0.01461 2.1e-05

0.014723 2.9e-05

0.01461 3.5e-05

0.014611 3e-05

0.01452 2.2e-05

0.014586 2.9e-05

0.014627 2.7e-05

0.014636 2.7e-05

0.014579 1.9e-05

0.014592 3.1e-05

0.014563 3.2e-05

0.014681 3.2e-05

0.014627 3.5e-05

0.014509 3.5e-05

0.014659 3.3e-05

0.014586 2.3e-05

0.015251 3.4e-05

0.014891 3.3e-05

0.014633 1.9e-05

0.014623 3.2e-05

0.014696 3.1e-05

0.014615 3.4e-05

0.014729 2.1e-05

0.014569 2.9e-05

0.014592 9e-06

0.014582 1.6e-05

0.014566 3.4e-05

0.014636 4.8e-05

0.014758 3.4e-05

0.014538 3.3e-05

0.014565 1.5e-05

0.014664 2.6e-05

0.01476 1.9e-05

0.014683 4.3e-05

0.014676 2.6e-05

0.014656 3.1e-05

0.014596 3.3e-05

0.014585 3.4e-05

0.01474 3.2e-05

0.014568 3e-05

0.014526 3.3e-05

0.014572 3e-05

0.014809 2.7e-05

0.014672 2.4e-05

0.014738 3.2e-05

0.014638 2.9e-05

0.014549 3.2e-05

0.014572 1.7e-05

0.015137 3.6e-05

0.014659 2.1e-05

0.014502 2.4e-05

0.014545 3.6e-05

0.014638 1.4e-05

0.014619 3.1e-05

0.014652 2.3e-05

0.014615 3.4e-05

0.014565 2.3e-05

0.014564 3.2e-05

0.014561 3e-05

0.014704 2.3e-05

0.014569 3.4e-05

0.014807 4.6e-05

0.014587 1e-05

0.014588 1.8e-05

0.014665 3.2e-05

0.014567 2.3e-05

0.01459 2.5e-05

0.014637 3.3e-05

0.014564 3.5e-05

0.014656 3.5e-05

0.014656 3.5e-05

0.014544 3.4e-05

0.014597 2.9e-05

0.014562 1.5e-05

0.014564 1.9e-05

0.014591 3.4e-05

0.015479 3.4e-05

0.014616 3.3e-05

0.014617 3e-05

0.014664 3e-05

0.014713 3.2e-05

0.014631 3e-05

0.014586 3.4e-05

0.014645 3.4e-05

0.014668 3e-05

0.014707 3.2e-05

0.014583 2.1e-05

0.014573 6.1e-05

0.014486 2.4e-05

0.014621 2.1e-05

0.014781 2.1e-05

0.014602 3.6e-05

0.014582 3.2e-05

0.014568 3.4e-05

0.014578 3.5e-05

0.014637 3.3e-05

0.014624 3.2e-05

0.01544 4.1e-05

0.01461 3.1e-05

0.014751 1.9e-05

0.014546 3.6e-05

0.014746 2.4e-05

0.014606 1.9e-05

0.014576 3.1e-05

0.01548 4.4e-05

0.014617 3.5e-05

0.014578 3.1e-05

0.014633 3.1e-05

0.014592 2.5e-05

0.014512 3.3e-05

0.014532 3.4e-05

0.014852 1.9e-05

0.01466 2e-05

0.014606 3e-05

0.014538 3.1e-05

0.014693 2.1e-05

0.014612 4.7e-05

0.014506 3.3e-05

0.015671 3.5e-05

0.014553 3.1e-05

0.014607 2.2e-05

0.014527 1.3e-05

0.014686 1.5e-05

0.014634 3.2e-05

0.014679 3.5e-05

0.014628 2.3e-05

0.014592 3.4e-05

0.014597 2.9e-05

0.014856 3.7e-05

0.014572 2.3e-05

0.014585 3.3e-05

0.014716 3.3e-05

0.014767 3.5e-05

0.014582 3.2e-05

0.014555 3.5e-05

0.014621 3.1e-05

0.014836 3.4e-05

0.014637 3.5e-05

0.014509 3.1e-05

0.015978 3.4e-05

0.014775 2.8e-05

0.014485 3e-05

0.014623 3.5e-05

0.014654 2e-05

0.014512 3.2e-05

0.014758 2.2e-05

0.014541 2.7e-05

0.014599 2.1e-05

0.014551 2.9e-05

0.014451 3.3e-05

0.014505 3.2e-05

0.014539 3.3e-05

0.014648 3e-05

0.014666 3.5e-05

0.014585 3.5e-05

0.01452 3.1e-05

0.014544 3.4e-05

0.014526 3.5e-05

0.014682 3.5e-05

0.014566 1.9e-05

0.014718 3e-05

0.014606 3.3e-05

0.014665 2.8e-05

0.014556 2.2e-05

