0.003943 4.8e-05

0.004011 3.5e-05

0.004124 4.4e-05

0.00396 5.4e-05

0.003931 4.1e-05

0.003984 3.7e-05

0.003947 4.1e-05

0.003914 3e-05

0.00398 5.7e-05

0.004116 5.5e-05

0.004123 3.9e-05

0.004018 5.5e-05

0.005248 0.000186

0.005544 6.9e-05

0.004144 5.3e-05

0.005547 5e-05

0.004083 4.6e-05

0.004076 5.1e-05

0.004059 3.1e-05

0.003969 3.4e-05

0.003928 3.1e-05

0.00394 4.6e-05

0.003984 4.3e-05

0.003977 6.1e-05

0.003967 6.5e-05

0.004025 3.8e-05

0.003988 5.2e-05

0.003988 3.5e-05

0.004025 4.8e-05

0.004119 7.1e-05

0.00403 6.8e-05

0.004006 3.7e-05

0.004012 6.9e-05

0.006029 9.9e-05

0.005102 7.6e-05

0.006123 9.5e-05

0.005833 7.6e-05

0.004182 8.5e-05

0.004097 4.9e-05

0.004195 4.4e-05

0.004063 2.4e-05

0.00401 2.7e-05

0.004014 3.6e-05

0.003988 7.3e-05

0.004007 3.5e-05

0.00401 6.3e-05

0.003952 5.3e-05

0.003912 5.4e-05

0.003907 4.2e-05

0.003981 3.3e-05

0.003874 6.4e-05

0.004025 5.1e-05

0.003893 5.8e-05

0.003969 1.8e-05

0.003942 4.1e-05

0.00394 2.9e-05

0.00396 4.5e-05

0.00401 4.5e-05

0.003989 5e-05

0.003989 3.3e-05

0.004158 6.6e-05

0.003954 2.4e-05

0.004152 4.7e-05

0.003949 5.7e-05

0.003938 6e-05

0.003936 6.3e-05

0.003906 5.8e-05

0.003875 3.7e-05

0.003894 6.1e-05

0.003904 3.3e-05

0.00396 5.2e-05

0.00391 5.3e-05

0.003945 3.8e-05

0.003853 4.1e-05

0.003911 4.4e-05

0.003869 4.9e-05

0.003899 4.3e-05

0.003899 5e-05

0.003847 4.4e-05

0.003872 6e-05

0.003874 3.5e-05

0.003851 4e-05

0.003862 4.8e-05

0.003892 6.5e-05

0.003851 3.9e-05

0.003845 4.1e-05

0.004005 9.1e-05

0.003908 6.6e-05

0.003914 6.4e-05

0.004259 6.4e-05

0.004036 4e-05

0.003945 6.4e-05

0.003898 2.7e-05

0.003899 5.3e-05

0.00385 6.5e-05

0.003909 4.9e-05

0.003905 6.8e-05

0.003883 9.3e-05

0.003884 5.9e-05

0.003838 4.8e-05

0.003839 2.6e-05

0.003931 2.4e-05

0.003879 6.2e-05

0.003826 3.9e-05

0.003832 2.4e-05

0.003844 5.6e-05

0.003884 6.3e-05

0.003848 5.1e-05

0.003836 3.8e-05

0.003898 3.1e-05

0.003883 5e-05

0.003861 3.3e-05

0.00383 3.1e-05

0.003836 6.4e-05

0.003893 3.6e-05

0.003868 5.7e-05

0.003893 6e-05

0.003869 6.3e-05

0.003882 6.4e-05

0.003889 3.7e-05

0.003835 5.8e-05

0.003842 5.4e-05

0.003914 4.2e-05

0.00386 5.9e-05

0.003844 4e-05

0.003851 2.8e-05

0.004063 6e-05

0.003891 2.9e-05

0.003867 5.4e-05

0.003878 2.5e-05

0.003858 4.9e-05

0.003919 5.3e-05

0.003875 6.2e-05

0.003869 5.6e-05

0.003846 6.3e-05

0.00386 4.1e-05

0.004249 2.2e-05

0.003966 6.3e-05

0.003897 5.7e-05

0.003879 6.2e-05

0.003876 5.5e-05

0.003891 4.9e-05

0.003846 2.6e-05

0.003821 5.4e-05

0.003837 3e-05

0.003886 4.7e-05

0.003927 2.4e-05

0.003866 6.5e-05

0.003891 6.3e-05

0.003931 3.7e-05

0.003871 6.2e-05

0.003835 3.1e-05

0.00386 4.9e-05

0.003968 4.2e-05

0.003896 4e-05

0.003869 5.3e-05

0.003872 6.2e-05

0.00398 5.3e-05

0.003854 4.4e-05

0.0039 5.6e-05

0.003842 3.9e-05

0.003959 6.6e-05

0.003867 6.3e-05

0.003933 3.3e-05

0.003872 5.2e-05

0.004049 5.2e-05

0.003918 5.1e-05

0.003913 3.7e-05

0.003974 3e-05

0.004028 4.7e-05

0.004018 4.8e-05

0.003951 5.7e-05

0.003928 5.9e-05

0.004042 1.9e-05

0.004002 6.3e-05

0.004023 6.9e-05

0.003936 2.1e-05

0.003928 4.5e-05

0.003924 6.8e-05

0.003865 2.1e-05

0.003877 6e-05

0.003904 3.7e-05

0.003923 6.4e-05

0.003861 6.5e-05

0.00388 2.7e-05

0.003874 5.7e-05

0.003897 5.9e-05

0.003864 2.4e-05

0.003866 5.4e-05

0.003894 6.4e-05

0.004079 6.5e-05

0.004237 2.2e-05

0.003848 1.9e-05

0.003881 3.4e-05

0.003895 3.7e-05

0.003898 4.1e-05

0.003891 6.2e-05

0.003917 5.4e-05

0.003855 4.1e-05

0.003922 3.8e-05

0.003872 5.9e-05

0.003921 6.3e-05

0.003889 6.5e-05

0.003861 4.7e-05

0.004045 3.5e-05

0.004009 4.7e-05

0.003942 6.3e-05

0.004004 5e-05

0.003875 3.2e-05

0.00401 7.2e-05

0.003951 1.5e-05

0.004031 5.1e-05

0.003912 6.1e-05

0.003924 3.4e-05

0.003997 3.5e-05

0.003977 2.2e-05

0.004259 3.3e-05

0.003922 6.1e-05

0.003934 6.1e-05

0.003994 6.5e-05

0.003932 3.9e-05

0.003984 5e-05

0.003924 8.7e-05

0.004019 5.7e-05

0.00394 6.4e-05

0.003939 2.4e-05

0.003977 4.3e-05

0.003938 3.3e-05

0.003929 6.3e-05

0.003955 6.3e-05

0.003944 5.8e-05

0.003996 5.3e-05

0.003926 4e-05

0.004065 3.4e-05

0.003906 6.3e-05

0.004062 2.4e-05

0.003989 5.7e-05

0.003922 5.9e-05

0.004005 3.6e-05

0.003908 6.2e-05

0.003864 3.2e-05

0.00384 9.1e-05

0.003953 6e-05

0.003891 4e-05

0.003849 6e-05

0.003899 6.2e-05

0.003859 2.5e-05

0.003891 4.4e-05

0.003864 3.6e-05

0.003837 6.4e-05

0.003875 5.8e-05

0.003875 5.1e-05

0.003942 6.8e-05

0.003902 6.3e-05

0.003885 6.8e-05

0.003922 4.8e-05

0.003906 6.1e-05

0.003838 5.1e-05

0.003834 4.2e-05

0.003831 5.1e-05

0.003905 5.1e-05

0.004246 3.1e-05

0.003904 6.6e-05

0.003837 3.9e-05

0.003861 1.6e-05

0.003876 6.1e-05

0.00384 6.2e-05

0.003898 5.7e-05

0.003844 5.2e-05

0.00387 6.8e-05

0.003842 6.1e-05

0.003837 4.8e-05

0.003856 5.4e-05

0.003882 6.5e-05

0.003849 6.3e-05

0.003886 6.4e-05

0.003889 6.1e-05

0.003882 4.2e-05

0.003889 5.1e-05

0.003838 4.9e-05

0.003844 6.6e-05

0.003848 4.2e-05

0.003848 6.1e-05

0.003888 4.1e-05

0.003841 3.5e-05

0.003846 6.2e-05

0.003847 5.7e-05

0.003873 5.3e-05

0.003861 6.1e-05

0.003839 4.7e-05

0.003851 4.4e-05

0.003968 7e-05

0.003872 6.6e-05

0.003837 3.3e-05

0.003868 6.5e-05

0.003847 2.8e-05

0.003943 4.3e-05

0.003869 3.8e-05

0.003841 6e-05

0.003856 3.9e-05

0.00387 6.1e-05

0.00389 5e-05

0.003901 3.2e-05

0.004032 3.2e-05

0.00384 5.6e-05

0.003949 4.7e-05

0.003837 4.2e-05

0.003877 6.4e-05

0.003836 4e-05

0.003865 6e-05

0.00384 5.2e-05

0.003854 4.4e-05

0.00384 4.6e-05

0.003863 5.9e-05

0.003838 5.6e-05

0.003889 2.1e-05

0.003864 3.4e-05

0.003866 5e-05

0.003915 6.4e-05

0.003891 3.5e-05

0.003863 6.2e-05

0.003838 4.1e-05

0.003858 6.1e-05

0.004033 3.7e-05

0.003858 2.6e-05

0.003841 3.3e-05

0.003832 6.1e-05

0.003873 5.8e-05

0.003838 6.6e-05

0.003844 6.4e-05

0.003938 5.2e-05

0.00391 5.4e-05

0.00382 3.7e-05

0.003835 6.4e-05

0.003841 6.2e-05

0.003916 6.2e-05

0.003896 4.9e-05

0.003852 6.5e-05

0.00384 4.2e-05

0.004019 4.9e-05

0.003856 6e-05

0.00384 1.9e-05

0.003874 6e-05

0.003855 4.4e-05

0.003914 4.1e-05

0.0039 4.3e-05

0.003837 5.8e-05

0.003923 5.3e-05

0.003833 2.7e-05

0.003933 6.2e-05

0.003845 6e-05

0.003845 3.7e-05

0.003872 5.8e-05

0.003903 4.6e-05

0.00393 6.6e-05

0.004001 5.6e-05

0.003882 4.6e-05

0.003909 5.8e-05

0.003867 1.7e-05

0.003861 2.8e-05

0.003856 6.5e-05

0.003896 6.7e-05

0.003896 4.9e-05

0.003967 5.1e-05

0.003991 3.6e-05

0.004013 4.7e-05

0.003847 6.1e-05

0.003964 6.1e-05

0.003893 5.1e-05

0.003958 5.1e-05

0.004031 6.9e-05

0.003978 4.2e-05

0.003861 2.7e-05

0.00391 6.6e-05

0.003848 3.8e-05

0.003897 4.9e-05

0.003952 4.8e-05

0.003881 4.6e-05

0.00387 2.8e-05

0.003885 3e-05

0.003858 5.9e-05

0.003922 3.7e-05

0.003974 6.9e-05

0.003996 6.1e-05

0.003928 4.8e-05

0.003898 6.5e-05

0.003874 9.4e-05

0.003831 6.6e-05

0.00385 4e-05

0.003862 4.4e-05

0.003872 3.5e-05

0.003888 6.2e-05

0.00388 5.5e-05

0.003878 2.2e-05

0.003871 2.7e-05

0.004004 3.3e-05

0.003944 2.9e-05

0.003963 4.2e-05

0.003899 6.3e-05

0.003976 5.1e-05

0.003928 3.2e-05

0.00385 3e-05

0.003835 3.4e-05

0.003937 5.1e-05

0.003872 6e-05

0.003863 3.7e-05

0.003845 5.9e-05

0.003855 5.1e-05

0.004007 4.6e-05

0.003865 3.5e-05

0.004087 4.1e-05

0.003895 4.9e-05

0.003874 7.4e-05

0.003984 5.2e-05

0.003877 6.4e-05

0.003872 6e-05

0.003869 6.7e-05

0.003898 5.7e-05

0.004003 6.4e-05

0.003875 3.3e-05

0.0039 5.8e-05

0.004025 7.8e-05

0.003948 2.4e-05

0.003869 6.4e-05

0.004026 6.1e-05

0.003854 4.7e-05

0.004055 2.5e-05

0.003878 4.3e-05

0.003869 3.8e-05

0.003863 4.4e-05

0.003847 6.5e-05

0.003893 3e-05

0.003908 6e-05

0.003867 5.1e-05

0.003829 6.2e-05

0.003868 6.3e-05

0.003882 4.7e-05

0.003935 6.4e-05

0.00396 5.7e-05

0.003942 5e-05

0.003953 9.9e-05

0.004053 4.2e-05

0.003963 3.3e-05

0.003916 2.8e-05

0.004034 5.8e-05

0.003907 4.8e-05

0.003953 5.8e-05

0.003972 6.3e-05

0.003996 4.1e-05

0.003984 2.9e-05

0.003953 4.5e-05

0.003959 4.9e-05

0.003981 4.1e-05

0.003966 5.7e-05

0.003964 6.9e-05

0.004487 4.1e-05

0.004018 4.8e-05

0.004007 3.7e-05

0.00401 4.3e-05

0.004058 6e-05

0.003917 5.9e-05

0.004036 7.9e-05

0.003883 4.4e-05

0.004035 3.4e-05

0.004076 6.4e-05

0.00395 3.3e-05

0.004067 6.2e-05

0.003982 5.3e-05

0.00398 3.8e-05

0.004068 4.7e-05

0.00394 6.2e-05

0.00402 4.1e-05

0.003941 3.3e-05

0.004016 5.2e-05

0.004032 6e-05

0.003902 5.8e-05

0.003947 2.2e-05

0.003877 4.5e-05

0.003882 4.3e-05

0.00383 3.3e-05

0.003933 4.7e-05

0.00387 6.2e-05

0.004073 5.8e-05

0.003871 3.8e-05

0.003884 5.5e-05

0.003894 4.5e-05

0.00388 6.7e-05

0.00387 3.4e-05

0.003962 6.2e-05

0.003978 3.1e-05

0.003861 6.3e-05

0.003833 3.1e-05

0.003922 3.7e-05

0.003905 4.4e-05

0.003955 3.9e-05

0.003862 6.2e-05

0.003952 5.8e-05

0.00386 2.9e-05

0.003877 4.1e-05

0.00383 2.2e-05

0.003945 4.2e-05

0.003877 6e-05

0.003881 2.7e-05

0.003899 3.9e-05

0.003908 3.7e-05

0.003927 6e-05

0.003916 6.7e-05

0.003869 3.3e-05

0.003922 4.5e-05

0.003989 4.3e-05

0.003882 6.2e-05

0.003861 6.6e-05

0.003888 2.1e-05

0.003863 3.9e-05

0.003939 2.7e-05

0.003884 5.2e-05

0.003883 5.4e-05

0.003861 4.1e-05

0.003872 4.3e-05

0.003869 5.1e-05

0.003858 6.2e-05

0.003864 6.5e-05

0.003881 5.9e-05

0.00396 2.4e-05

0.003896 5.5e-05

0.003857 5.6e-05

0.003842 4.3e-05

0.003888 6.4e-05

0.003908 5.5e-05

0.003918 4.5e-05

0.00393 6.4e-05

0.003892 6.1e-05

0.003857 4.4e-05

0.003864 4.6e-05

0.003875 6.7e-05

0.003965 6.6e-05

0.003869 6.3e-05

0.003907 6.2e-05

0.00389 3.8e-05

0.003887 4.4e-05

0.003857 4.4e-05

0.003865 6.4e-05

0.003872 4.7e-05

0.003877 2e-05

0.003877 9e-06

0.003888 1.3e-05

0.003982 4.5e-05

0.00394 2.6e-05

0.003886 5.4e-05

0.003939 7e-05

0.003908 6.5e-05

0.003954 6.4e-05

0.003885 7.6e-05

0.003986 6.7e-05

0.003968 6.4e-05

0.003981 6.3e-05

0.003968 6.4e-05

0.003955 5.5e-05

0.003954 4.9e-05

0.003914 2.7e-05

0.003872 3.1e-05

0.003917 8.1e-05

0.003937 5.2e-05

0.003929 6.3e-05

0.003856 5.3e-05

0.003865 2e-05

0.003963 6e-05

0.003907 5.7e-05

0.003983 8.3e-05

0.004018 6.7e-05

0.004116 6e-05

0.003929 7e-05

0.003935 6.2e-05

0.003968 2e-05

0.003949 6.2e-05

0.003956 6.9e-05

0.003979 5.6e-05

0.003962 3e-05

0.003923 3.8e-05

0.003938 6e-05

0.004017 5.2e-05

0.003964 3.9e-05

0.003954 3.3e-05

0.003978 6.5e-05

0.003992 5.8e-05

0.003958 3.2e-05

0.003944 5.9e-05

0.003947 3.6e-05

0.003928 6.1e-05

0.003841 5.4e-05

0.003842 1.4e-05

0.003875 3.7e-05

0.00395 6.7e-05

0.003849 6.5e-05

0.00384 3.2e-05

0.003885 3.6e-05

0.003911 6.3e-05

0.00386 3.5e-05

0.003833 5.5e-05

0.004197 3e-05

0.003926 3.7e-05

0.00384 5.5e-05

0.003866 6.1e-05

0.003861 5.8e-05

0.003936 5.2e-05

0.003933 6.1e-05

0.003822 3e-05

0.003886 4.4e-05

0.003922 6.3e-05

0.005518 7.1e-05

0.003881 5.4e-05

0.004018 6.8e-05

0.00393 5.1e-05

0.003859 3.7e-05

0.00457 6e-05

0.003999 6.7e-05

0.003926 3.9e-05

0.003939 6.6e-05

0.00383 5.2e-05

0.003873 5.8e-05

0.003912 2.6e-05

0.00386 6.7e-05

0.003936 6.9e-05

0.003861 6.4e-05

0.003906 5.2e-05

0.00387 5.7e-05

0.003876 3.6e-05

0.003841 6.1e-05

0.003886 3.4e-05

0.003871 3.5e-05

0.003842 5e-05

0.003842 4.2e-05

0.003887 6.8e-05

0.003867 3.8e-05

0.004011 3.3e-05

0.003888 6.1e-05

0.003881 6.2e-05

0.003894 2.9e-05

0.003843 3.3e-05

0.003866 3.6e-05

0.003932 3.4e-05

0.003944 5.7e-05

0.004046 2.7e-05

0.003899 5.2e-05

0.003976 3.5e-05

0.00397 3.4e-05

0.003958 3.1e-05

0.004013 5.4e-05

0.003997 6.5e-05

0.003999 4.2e-05

0.003953 4.9e-05

0.003942 6.3e-05

0.003935 6.3e-05

0.003947 6.6e-05

0.003988 4.3e-05

0.003936 6.6e-05

0.003933 3.8e-05

0.003942 2.9e-05

0.003939 4.7e-05

0.003871 5.1e-05

0.00396 6.1e-05

0.00396 2.4e-05

0.003927 6.2e-05

0.003893 3.6e-05

0.003935 3.5e-05

0.003995 5.3e-05

0.003961 5.1e-05

0.003951 6.3e-05

0.00392 4.1e-05

0.00396 7.3e-05

0.003937 6.1e-05

0.00393 5.6e-05

0.00395 5.7e-05

0.003915 2.8e-05

0.003932 5.3e-05

0.003928 2.8e-05

0.003946 3.3e-05

0.003868 5.7e-05

0.003867 6.9e-05

0.003881 5.9e-05

0.004177 7.9e-05

0.003996 6.5e-05

0.00396 4.8e-05

0.003987 6.3e-05

0.004003 6.8e-05

0.004087 4.2e-05

0.004063 5.5e-05

0.003911 5.5e-05

0.004084 4.3e-05

0.003916 3.6e-05

0.003916 3.7e-05

0.003874 6.7e-05

0.003832 3.4e-05

0.003874 3.5e-05

0.004012 4.6e-05

0.003893 6.1e-05

0.003911 4.7e-05

0.003893 6.2e-05

0.003919 3.8e-05

0.003941 2.9e-05

0.003876 6.3e-05

0.003869 2.9e-05

0.00395 7.7e-05

0.003947 3.6e-05

0.003946 4.3e-05

0.003882 2.3e-05

0.003845 3.9e-05

0.003956 4.6e-05

0.003833 6.2e-05

0.003833 3.6e-05

0.003861 6.5e-05

0.003902 3.5e-05

0.003904 2.8e-05

0.003857 6.3e-05

0.003921 6.2e-05

0.003886 5.4e-05

0.003865 5.2e-05

0.00383 5.2e-05

0.003873 3.5e-05

0.003867 3.4e-05

0.003911 4.8e-05

0.003847 3.4e-05

0.003877 6.7e-05

0.003893 5.2e-05

0.003844 5.4e-05

0.003878 6.2e-05

0.003982 6e-05

0.00392 5.9e-05

0.003965 4e-05

0.003973 6.6e-05

0.004094 5e-05

0.00402 3.3e-05

0.004002 3.4e-05

0.004026 4.4e-05

0.004024 6.3e-05

0.004365 2.6e-05

0.004001 6.4e-05

0.003909 5.7e-05

0.003896 5e-05

0.003911 6.1e-05

0.004002 3.7e-05

0.003943 6.2e-05

0.003868 2.4e-05

0.00389 2.9e-05

0.003894 6.4e-05

0.003877 5.1e-05

0.003874 6.1e-05

0.003906 5.5e-05

0.003835 4.4e-05

0.003878 6.2e-05

0.003843 4.6e-05

0.003913 6.4e-05

0.003868 7.9e-05

0.003856 4.5e-05

0.003873 5.6e-05

0.003879 3.8e-05

0.00394 4.7e-05

0.003832 3.7e-05

0.003851 3.5e-05

0.003913 4.8e-05

0.003859 1.8e-05

0.003855 6e-05

0.003887 3.5e-05

0.003951 3.1e-05

0.003963 5.6e-05

0.004044 3.9e-05

0.003895 5.3e-05

0.004025 5e-05

0.00401 6.5e-05

0.003977 6.4e-05

0.003977 6.7e-05

0.003949 2.6e-05

0.004008 2.2e-05

0.004046 5e-05

0.003997 3.1e-05

0.003951 4e-05

0.003974 4.6e-05

0.00393 6.7e-05

0.003884 5.3e-05

0.004007 3.7e-05

0.003912 6.4e-05

0.003866 2.1e-05

0.003865 3.9e-05

0.003909 6e-05

0.003921 6.3e-05

0.003927 4.9e-05

0.00385 6.7e-05

0.003847 3.4e-05

0.003858 6.2e-05

0.003867 2.9e-05

0.003875 6.3e-05

0.003842 6.7e-05

0.003912 4.4e-05

0.003882 5.5e-05

0.00386 5.8e-05

0.003837 4.1e-05

0.003853 5.7e-05

0.003818 5.3e-05

0.003859 5e-05

0.003841 5.1e-05

0.003937 6.4e-05

0.003849 5.7e-05

0.003888 2.3e-05

0.003937 5.9e-05

0.003895 5.8e-05

0.003895 5.6e-05

0.00394 6e-05

0.003901 4e-05

0.00396 5.9e-05

0.0039 3.1e-05

0.003841 7.5e-05

0.003889 6e-05

0.003992 6.3e-05

0.003948 6.3e-05

0.003902 5.6e-05

0.003931 5.9e-05

0.003993 4e-05

0.003939 4e-05

0.003914 4.7e-05

0.003924 4.8e-05

0.004007 6.4e-05

0.003982 2.4e-05

0.00401 4.5e-05

0.003949 7.9e-05

0.003931 6e-05

0.004003 6.3e-05

0.003935 4.4e-05

0.003922 3.8e-05

0.003872 6.4e-05

0.003915 4.6e-05

0.003837 6.3e-05

0.003865 3.2e-05

0.003895 6.5e-05

0.003907 6.2e-05

0.003867 6.4e-05

0.003901 4.9e-05

0.003818 5.9e-05

0.00389 4.8e-05

0.003828 4.3e-05

0.003981 6.5e-05

0.003867 5.7e-05

0.004022 6.2e-05

0.003836 5.9e-05

0.003929 3.3e-05

0.003868 4.6e-05

0.003879 2.9e-05

0.003856 6.8e-05

0.003854 2.5e-05

0.003845 4.8e-05

0.003889 6.1e-05

0.003895 6.7e-05

0.003866 4.9e-05

0.00393 6.6e-05

0.003944 6.2e-05

0.003866 2.3e-05

0.003949 5.6e-05

0.003839 6.6e-05

0.003927 4.5e-05

0.004588 7.2e-05

0.003906 6.2e-05

0.003871 6.6e-05

0.003921 4e-05

0.00384 2e-05

0.003866 5.9e-05

0.003891 6.3e-05

0.00389 2.8e-05

0.003843 6.2e-05

0.003874 4.1e-05

0.003902 6.7e-05

0.003853 7.2e-05

0.003841 6.3e-05

0.003858 6.4e-05

0.003867 2.4e-05

0.003913 3.2e-05

0.003835 3.7e-05

0.003841 2.2e-05

0.003863 4e-05

0.003897 2.9e-05

0.003836 5.6e-05

0.003963 5.5e-05

0.003835 3.7e-05

0.00392 4.2e-05

0.003873 5.8e-05

0.003835 3.4e-05

0.003833 5.9e-05

0.003912 6.3e-05

0.003829 6.4e-05

0.003874 3.5e-05

0.003869 6.4e-05

0.003858 3.4e-05

0.003861 3.1e-05

0.003982 5.3e-05

0.003942 6.5e-05

0.003872 6.6e-05

0.00389 4.1e-05

0.003863 4.3e-05

0.003901 5.5e-05

0.003836 6.3e-05

0.003824 4.3e-05

0.003868 6.2e-05

0.003832 6.3e-05

0.003836 4.1e-05

0.003891 6.3e-05

0.003868 2.9e-05

0.003941 6e-05

0.003857 5.8e-05

0.003833 6.5e-05

0.003876 6.2e-05

0.003842 3.5e-05

0.003845 6.6e-05

0.003862 5e-05

0.003842 3.6e-05

0.00393 4.1e-05

0.003866 3.8e-05

0.003873 5.8e-05

0.003838 4.3e-05

0.003872 6.4e-05

0.004019 4.2e-05

0.003896 6.3e-05

0.003861 4.8e-05

0.003911 5e-05

0.003863 5.7e-05

0.00388 5.8e-05

0.00388 4.4e-05

0.003892 5.4e-05

0.003895 2.7e-05

0.003888 6.4e-05

0.0039 6.1e-05

0.003923 2.1e-05

0.003844 5.9e-05

0.003863 6e-05

0.003908 5.2e-05

0.003931 5.7e-05

0.003948 5.5e-05

0.003931 6.2e-05

0.003892 6.1e-05

0.003903 6.6e-05

0.003843 4.7e-05

0.003848 4.6e-05

0.003881 3.7e-05

0.003882 3e-05

0.003834 6e-05

0.003866 2.7e-05

0.003901 3.4e-05

0.003962 2.7e-05

0.003829 6.2e-05

0.003853 6.1e-05

0.003868 5.2e-05

0.003869 4.9e-05

0.003836 2.4e-05

0.003881 5.8e-05

0.003861 4.1e-05

0.00393 4.4e-05

0.003913 6.2e-05

0.003877 7.9e-05

0.003966 6.6e-05

0.003911 3.5e-05

0.003844 6.4e-05

0.003858 6.7e-05

0.0039 3.2e-05

0.003915 4.7e-05

0.003872 3.1e-05

0.003848 5.4e-05

0.003894 5.7e-05

0.003904 5.8e-05

0.00386 5.8e-05

0.003863 4.6e-05

0.003936 6e-05

0.00388 6.4e-05

0.003862 3.4e-05

0.003832 3.1e-05

0.003907 4.4e-05

0.003844 5.8e-05

0.003866 5.8e-05

0.003889 3.6e-05

0.0039 3.7e-05

0.00389 5.4e-05

0.003843 6.2e-05

0.00386 6e-05

0.00391 3.3e-05

0.003867 3.6e-05

0.00387 2.8e-05

0.003838 4.7e-05

0.003929 3.5e-05

0.003868 3.2e-05

0.003846 3.9e-05

0.00386 4.2e-05

0.003903 3.7e-05

0.003863 3.5e-05

0.003876 6.4e-05

0.003894 6.4e-05

0.003912 4.4e-05

0.003859 6.6e-05

0.003867 5.2e-05

0.003884 7.1e-05

0.003854 4e-05

0.003885 4.6e-05

0.003835 6.2e-05

0.003855 2.1e-05

0.003861 4.6e-05

