0.00118 3.9e-05

0.001206 0.000108

0.0012 0.000143

0.001202 8.5e-05

0.001188 0.000113

0.0012 4.3e-05

0.001186 0.00014

0.001211 0.000111

0.001186 0.000124

0.001203 0.000127

0.001195 9.2e-05

0.001223 4.6e-05

0.001187 7.9e-05

0.00118 7.3e-05

0.00116 8.4e-05

0.001198 0.000132

0.001244 0.000149

0.001209 9.9e-05

0.001185 4.1e-05

0.001186 3.4e-05

0.001242 4.2e-05

0.001187 9.9e-05

0.00118 3e-05

0.001189 8.5e-05

0.001303 7.7e-05

0.001208 5.1e-05

0.001173 3.3e-05

0.001186 8.6e-05

0.001162 0.000132

0.001221 4.5e-05

0.001213 9.4e-05

0.001212 5.7e-05

0.001184 6.7e-05

0.001196 0.000106

0.001192 0.000108

0.001192 8.9e-05

0.001763 0.000123

0.001757 0.000163

0.001612 0.000135

0.001731 0.00018

0.001409 7.2e-05

0.001522 6.6e-05

0.001516 0.000123

0.001758 9.6e-05

0.001659 0.000165

0.001454 5.4e-05

0.001282 0.000132

0.00137 0.000107

0.001241 0.000158

0.001254 5.2e-05

0.001208 0.000179

0.001441 7.1e-05

0.001754 9.1e-05

0.001336 0.000116

0.00126 0.000105

0.001194 6.5e-05

0.001201 7.5e-05

0.001191 4.9e-05

0.001203 0.000131

0.001205 9.6e-05

0.001195 0.000101

0.001199 7.4e-05

0.001256 8.6e-05

0.001258 6.8e-05

0.001199 0.000139

0.001194 9e-05

0.001259 7.6e-05

0.00121 8.5e-05

0.001196 0.00012

0.001194 0.00013

0.001188 8.5e-05

0.001204 6.4e-05

0.00119 5.9e-05

0.001199 8.4e-05

0.001257 0.000114

0.001217 4.5e-05

0.001204 5.5e-05

0.001207 8.4e-05

0.001208 0.000136

0.00122 9.8e-05

0.001276 8.5e-05

0.001216 6.4e-05

0.001192 7.5e-05

0.001363 7.3e-05

0.001186 7.6e-05

0.001161 6.2e-05

0.001158 9.4e-05

0.001157 7.6e-05

0.001208 0.00015

0.001164 4.9e-05

0.001198 7.5e-05

0.00119 3.4e-05

0.001184 4.6e-05

0.001189 7.9e-05

0.001181 0.000135

0.001186 0.000134

0.001295 8.6e-05

0.001186 7.3e-05

0.001182 7.6e-05

0.001162 7.6e-05

0.001148 0.000108

0.001191 4.9e-05

0.00121 4.1e-05

0.001187 9.7e-05

0.001216 7.4e-05

0.00121 4.6e-05

0.001192 7.2e-05

0.001191 7.4e-05

0.001189 0.00013

0.001241 3.1e-05

0.00116 0.000127

0.001192 0.000126

0.001182 0.000146

0.001193 7.6e-05

0.001175 4.9e-05

0.001199 9e-05

0.001197 6.7e-05

0.001199 0.000129

0.001182 6.7e-05

0.001259 5.8e-05

0.001186 8.1e-05

0.001197 0.000142

0.00119 6.2e-05

0.001155 0.000134

0.001208 0.00014

0.001156 2.9e-05

0.001209 0.000135

0.001158 6e-05

0.001161 0.000127

0.00116 5e-05

0.001209 6.9e-05

0.001188 7.2e-05

0.001187 3.3e-05

0.001189 0.000126

0.001155 5.4e-05

0.001175 6.8e-05

0.001208 9.6e-05

0.001187 0.000144

0.001182 5.2e-05

0.00128 8.6e-05

0.0012 5.3e-05

0.001197 7.9e-05

0.001185 9.4e-05

0.001204 8.2e-05

0.001188 7.5e-05

0.001162 8e-05

0.00118 4.9e-05

0.001178 0.000183

0.001152 7.4e-05

0.001221 9e-05

0.00118 6.9e-05

0.001192 7.1e-05

0.001826 0.000127

0.001783 0.000105

0.00163 0.000179

0.001778 0.000118

0.001361 0.000131

0.001825 0.000144

0.001679 0.000125

0.001811 0.000165

0.001737 6.9e-05

0.001708 0.000127

0.001722 0.000112

0.001211 0.000141

0.001222 0.000122

0.001244 7.4e-05

0.001257 0.000157

0.001222 6.1e-05

0.00136 5.2e-05

0.001204 7.8e-05

0.001198 6.2e-05

0.001191 0.000142

0.001199 8.3e-05

0.00122 9.4e-05

0.001208 9.2e-05

0.001196 0.000123

0.001195 8.8e-05

0.001261 5.8e-05

0.001197 5.8e-05

0.001216 5.2e-05

0.001216 6.9e-05

0.001206 8.3e-05

0.001191 8.4e-05

0.001204 9.8e-05

0.001183 8.7e-05

0.001188 4.9e-05

0.001186 5.9e-05

0.001187 0.000111

0.00116 5.1e-05

0.001163 7.6e-05

0.001155 0.00015

0.00116 0.000105

0.001188 6.9e-05

0.001189 8.1e-05

0.001213 0.000104

0.001257 4.5e-05

0.00118 0.000108

0.001154 8.5e-05

0.001155 6.6e-05

0.001203 0.000158

0.001496 0.000129

0.001171 0.000151

0.001213 0.00012

0.001161 5.5e-05

0.001185 0.000154

0.001164 4.5e-05

0.001162 4.5e-05

0.001251 0.000117

0.001217 7.4e-05

0.001166 0.000141

0.001184 8.5e-05

0.001205 5.9e-05

0.001186 8.9e-05

0.001162 6.4e-05

0.001149 9.7e-05

0.001162 8.8e-05

0.00116 8.1e-05

0.001161 7.2e-05

0.001159 8.4e-05

0.001163 0.000123

0.001217 7.9e-05

0.001202 0.000147

0.001181 0.000101

0.001282 0.000121

0.001205 8.6e-05

0.001195 0.000115

0.001184 2.8e-05

0.00116 8.1e-05

0.001188 0.000205

0.001191 0.000126

0.001158 0.000107

0.001154 0.000105

0.001155 7.1e-05

0.001216 3.8e-05

0.001259 0.00011

0.001196 7.6e-05

0.001174 0.000137

0.001232 0.000121

0.001218 7.9e-05

0.00116 8.4e-05

0.001178 4e-05

0.001269 6.9e-05

0.001197 0.000121

0.001222 5.4e-05

0.001189 9.5e-05

0.001185 0.00011

0.001218 0.000143

0.001194 9.1e-05

0.001184 9.4e-05

0.001191 5.1e-05

0.001181 0.000137

0.001205 5.6e-05

0.00116 7.5e-05

0.001163 0.000129

0.001198 5.6e-05

0.001178 0.000136

0.001173 8.6e-05

0.001158 0.000114

0.001185 0.000146

0.001267 7.8e-05

0.001589 0.000145

0.001195 9.4e-05

0.001204 0.00014

0.001196 4e-05

0.001181 5e-05

0.001178 8.3e-05

0.001215 6.1e-05

0.001187 6.9e-05

0.001184 9.4e-05

0.001195 7.4e-05

0.001155 7.9e-05

0.001168 8.9e-05

0.001153 5.1e-05

0.001185 8.4e-05

0.001158 5.9e-05

0.001186 0.00012

0.001159 0.000121

0.001157 3.6e-05

0.001168 8.1e-05

0.001165 6.8e-05

0.001159 5.8e-05

0.001167 0.000143

0.001187 0.000122

0.001197 0.000125

0.001204 3.2e-05

0.001188 8.7e-05

0.001176 8.7e-05

0.001198 7.1e-05

0.001155 3.5e-05

0.001202 0.000143

0.001153 0.000145

0.001169 0.00017

0.001155 9.9e-05

0.001185 6.7e-05

0.001152 0.00012

0.001155 0.000108

0.001154 3.8e-05

0.001165 9.1e-05

0.00118 0.000153

0.0012 6.3e-05

0.001186 9.3e-05

0.001222 5.7e-05

0.001157 5e-05

0.001159 8.9e-05

0.001154 7.6e-05

0.001176 6.6e-05

0.001186 0.000136

0.001163 9.3e-05

0.001193 0.000118

0.001195 0.000147

0.001211 5.9e-05

0.001499 0.000216

0.001545 0.000158

0.001816 0.000129

0.001733 0.000111

0.001779 0.000168

0.001734 0.00018

0.001688 9.7e-05

0.001257 0.000119

0.001382 7.8e-05

0.0013 0.000189

0.0013 4.5e-05

0.001237 4.8e-05

0.001243 0.000141

0.001205 7.5e-05

0.001267 7.8e-05

0.001196 4e-05

0.001195 8.8e-05

0.0012 4.5e-05

0.00122 0.000124

0.001187 0.000115

0.001203 6.9e-05

0.001229 9e-05

0.001218 0.000144

0.001194 0.000112

0.00119 0.000123

0.001201 9e-05

0.001258 4.7e-05

0.001191 9.3e-05

0.001191 0.000144

0.001181 0.000109

0.001192 8e-05

0.00118 0.0001

0.001329 0.000125

0.001244 6.7e-05

0.001202 3.8e-05

0.001187 6.2e-05

0.001204 8e-05

0.001193 9.5e-05

0.001191 8.7e-05

0.001195 0.00011

0.001197 4.6e-05

0.001179 8.6e-05

0.001265 5.2e-05

0.001198 8.9e-05

0.00137 0.000161

0.001196 5.6e-05

0.001197 9.3e-05

0.001199 0.000116

0.0012 6.1e-05

0.001198 0.000107

0.001194 6.9e-05

0.001185 0.000101

0.001204 8e-05

0.001178 7.8e-05

0.001205 0.000111

0.001186 8.4e-05

0.001162 6.5e-05

0.001185 8.2e-05

0.001172 0.000115

0.0012 6.7e-05

0.001168 0.000141

0.001186 0.000167

0.001165 0.00013

0.001199 5.6e-05

0.001199 0.000108

0.001194 0.000135

0.001187 7.6e-05

0.001233 0.000112

0.001267 0.000171

0.001193 3.4e-05

0.001198 6.4e-05

0.001193 0.000138

0.001193 8.8e-05

0.001188 8.4e-05

0.001189 7.4e-05

0.001187 0.000116

0.001261 8.8e-05

0.001191 5e-05

0.001195 0.000109

0.001161 3.1e-05

0.001154 0.000111

0.001157 5.6e-05

0.001153 3e-05

0.001155 7.1e-05

0.00119 4.7e-05

0.001806 9.1e-05

0.001541 0.000149

0.001761 9.1e-05

0.001793 0.000151

0.001653 8.4e-05

0.001405 0.000112

0.001778 0.000131

0.001694 0.000142

0.001738 0.000135

0.001705 0.000143

0.00125 8.3e-05

0.001206 0.000123

0.001735 6.6e-05

0.00134 0.000145

0.001306 5.7e-05

0.001206 7.3e-05

0.001261 6.4e-05

0.001231 0.000135

0.001231 0.000121

0.001185 4.8e-05

0.001188 6.9e-05

0.001191 4.9e-05

0.00118 4.5e-05

0.001191 3.9e-05

0.00119 7.5e-05

0.001221 0.000127

0.001159 6.9e-05

0.001185 0.000105

0.001186 7.7e-05

0.001192 0.000136

0.00124 0.000117

0.001158 0.000118

0.001192 6e-05

0.001159 8.1e-05

0.001159 6.9e-05

0.001157 5.2e-05

0.001157 6.7e-05

0.001189 0.000113

0.00121 7.2e-05

0.001193 0.00015

0.001181 8.6e-05

0.00116 9.5e-05

0.001183 0.000143

0.001161 8.5e-05

0.001182 0.000124

0.001168 8.7e-05

0.001145 4.5e-05

0.001155 0.000139

0.001173 5e-05

0.001185 0.000111

0.001155 0.000108

0.001171 9.2e-05

0.001156 4.3e-05

0.001269 8.3e-05

0.001165 9.7e-05

0.001216 0.000105

0.001154 7.3e-05

0.001159 4.1e-05

0.001184 6.2e-05

0.001157 5.6e-05

0.001158 6.1e-05

0.001153 7.4e-05

0.001164 0.000114

0.001158 8.5e-05

0.001202 0.000112

0.001205 0.000144

0.001181 8.5e-05

0.001193 0.000125

0.001202 7e-05

0.001245 0.000119

0.001201 7.2e-05

0.001188 0.000131

0.001193 9.2e-05

0.001293 4.5e-05

0.001193 0.000125

0.001194 8.1e-05

0.00117 7.7e-05

0.001158 8.9e-05

0.001191 0.000117

0.001189 7.1e-05

0.001163 5.7e-05

0.00121 0.000133

0.001242 0.000146

0.001165 5.5e-05

0.001158 5.9e-05

0.001159 0.000129

0.001163 0.000138

0.001157 9.5e-05

0.001154 5.2e-05

0.00116 9.5e-05

0.001616 0.000138

0.001762 0.000152

0.001753 0.000126

0.001729 6.4e-05

0.001795 0.000137

0.001713 0.000176

0.00168 0.000172

0.001647 0.00016

0.001249 0.000158

0.001249 0.000125

0.00123 0.000116

0.001217 9.1e-05

0.001201 4.4e-05

0.001221 6.4e-05

0.001269 6e-05

0.001212 0.000121

0.001278 5e-05

0.001209 9.3e-05

0.001271 0.000137

0.001281 8e-05

0.001183 0.000139

0.001185 7.8e-05

0.001261 9.2e-05

0.001216 0.000155

0.001203 7.1e-05

0.001194 0.000142

0.001265 6.2e-05

0.001196 7.8e-05

0.0012 4.9e-05

0.001203 5.7e-05

0.001182 5.9e-05

0.001198 0.000123

0.001189 0.000135

0.001196 7.2e-05

0.00119 5.5e-05

0.001198 0.000142

0.001184 8.5e-05

0.00119 5.7e-05

0.001183 8.4e-05

0.001174 0.000136

0.00124 0.000119

0.001158 6.3e-05

0.001182 0.000115

0.001225 0.000138

0.001185 7.4e-05

0.001162 0.000143

0.00133 0.000153

0.001187 0.00011

0.001186 9.7e-05

0.001191 0.000136

0.001174 5e-05

0.001161 8.5e-05

0.001153 0.000126

0.001155 4.5e-05

0.001151 0.000103

0.00116 0.00014

0.001169 3.4e-05

0.001188 7.7e-05

0.00116 5.7e-05

0.001188 6.3e-05

0.001151 7.3e-05

0.001158 8e-05

0.001179 0.000114

0.001181 7.2e-05

0.001224 7.3e-05

0.001165 0.000111

0.001154 5e-05

0.00122 5.2e-05

0.001199 0.00014

0.001169 0.000103

0.001212 7.7e-05

0.001221 0.000131

0.00122 7.2e-05

0.001186 9.7e-05

0.001256 4e-05

0.00121 0.000141

0.001161 5e-05

0.001154 8.4e-05

0.00116 0.000129

0.001164 6.6e-05

0.00119 9.2e-05

0.001159 4.6e-05

0.001164 5.3e-05

0.001249 0.00014

0.001193 7.4e-05

0.001193 5.6e-05

0.00121 7.2e-05

0.001271 7.5e-05

0.00116 6.9e-05

0.00116 2.8e-05

0.00118 0.000115

0.001169 9.3e-05

0.001158 7.5e-05

0.001187 8.5e-05

0.00116 0.00013

0.001183 4.4e-05

0.001757 0.000185

0.001461 0.000131

0.001779 0.000231

0.001688 0.000244

0.001845 0.000118

0.001752 0.000109

0.001734 0.0001

0.001755 0.000105

0.00121 7.7e-05

0.001253 6.9e-05

0.00128 5.6e-05

0.001205 2.9e-05

0.0012 8.1e-05

0.001228 0.000123

0.001201 7.1e-05

0.00118 7.2e-05

0.001234 8.6e-05

0.001197 2.7e-05

0.001156 0.000123

0.001174 5.3e-05

0.001151 9.1e-05

0.001187 4.6e-05

0.001219 0.000125

0.001193 9.7e-05

0.00119 8.7e-05

0.001228 7.5e-05

0.001157 3.1e-05

0.001195 7.4e-05

0.001196 0.000147

0.001258 0.000118

0.001187 9.1e-05

0.00117 0.0001

0.001193 0.000141

0.001162 7e-05

0.00119 0.000113

0.00125 9.6e-05

0.001223 0.000104

0.001153 0.000154

0.001155 0.000141

0.00117 0.000173

0.001152 7.1e-05

0.001158 2.9e-05

0.001228 9.1e-05

0.001157 4.2e-05

0.001159 4.5e-05

0.001163 0.000134

0.001214 0.000113

0.001172 0.000101

0.001221 6.2e-05

0.001164 7.1e-05

0.001184 6.3e-05

0.001159 7.2e-05

0.001155 7.8e-05

0.001161 6.7e-05

0.001187 5.9e-05

0.001217 4.7e-05

0.00125 6.7e-05

0.001191 7.6e-05

0.001207 7.8e-05

0.001158 3.1e-05

0.001159 0.000145

0.001233 5.1e-05

0.001198 7.2e-05

0.001161 4.8e-05

0.001146 0.00014

0.001164 4.3e-05

0.001159 0.000116

0.001192 6.1e-05

0.001173 0.000132

0.001162 5.4e-05

0.001159 6.6e-05

0.001216 9.2e-05

0.001158 7.7e-05

0.001189 6.8e-05

0.001211 6.4e-05

0.001156 8.7e-05

0.001151 8.4e-05

0.001166 0.000147

0.001159 7.5e-05

0.001209 9.8e-05

0.001188 8.7e-05

0.001202 5.2e-05

0.001194 7.1e-05

0.001192 8.7e-05

0.001191 6.3e-05

0.001187 8.5e-05

0.001183 0.000141

0.001216 7.5e-05

0.001197 8.9e-05

0.001198 6.3e-05

0.001193 3.9e-05

0.001183 0.00015

0.001184 2.6e-05

0.001345 6.7e-05

0.001335 0.000147

0.001233 7.8e-05

0.001179 8.5e-05

0.001195 8.1e-05

0.001182 5.2e-05

0.001242 0.000102

0.001247 0.000127

0.001156 5.1e-05

0.001173 6.5e-05

0.001197 0.000132

0.001215 6.7e-05

0.00116 7.7e-05

0.00115 5.8e-05

0.001159 4e-05

0.001181 6e-05

0.001167 8.3e-05

0.001158 0.000104

0.001168 6.3e-05

0.001206 7.2e-05

0.001224 6.3e-05

0.001211 0.000147

0.001204 0.000125

0.001188 0.000121

0.001319 0.000111

0.001235 6e-05

0.001194 0.000132

0.001207 7.3e-05

0.001168 0.000143

0.001194 0.000129

0.001192 7.7e-05

0.001177 7.8e-05

0.001163 8.5e-05

0.00116 7.2e-05

0.001161 0.000105

0.001159 6.7e-05

0.001163 4.7e-05

0.001154 0.000119

0.001165 6.7e-05

0.00115 0.000115

0.001165 4.3e-05

0.001352 6.5e-05

0.001187 6.8e-05

0.001184 0.000126

0.001212 0.000148

0.001161 8.8e-05

0.001162 5.3e-05

0.001161 0.000103

0.00116 0.00011

0.001157 4.6e-05

0.001161 5.9e-05

0.001161 7.3e-05

0.001209 6.9e-05

0.001224 0.000131

0.001196 3.8e-05

0.001159 0.000136

0.001194 4.5e-05

0.001283 9.6e-05

0.001197 0.0001

0.001188 6.3e-05

0.001186 5.8e-05

0.00119 4.2e-05

0.001155 4.5e-05

0.00116 0.000116

0.001159 4.9e-05

0.001167 6.1e-05

0.001195 3.4e-05

0.001186 7.4e-05

0.001159 0.000115

0.001159 0.000127

0.00118 6.7e-05

0.00123 0.000121

0.001165 0.00012

0.001157 6.6e-05

0.001193 0.000193

0.001153 0.000126

0.001164 2.9e-05

0.001154 4.2e-05

0.001471 8e-05

0.001733 0.000134

0.001781 0.000207

0.001772 0.000146

0.001462 0.000178

0.001256 0.000114

0.001644 9.8e-05

0.001484 0.000142

0.001607 7.9e-05

0.001326 0.000102

0.001305 0.000157

0.0013 6.8e-05

0.001207 9e-05

0.001201 7.2e-05

0.001187 4.9e-05

0.001285 0.000146

0.001243 0.000108

0.001222 7e-05

0.001193 6.6e-05

0.001199 8.3e-05

0.0012 0.0001

0.001196 0.000157

0.001191 0.000137

0.001184 3.6e-05

0.001196 9.8e-05

0.001171 0.000144

0.001162 8.1e-05

0.001249 0.000111

0.001178 0.000181

0.001208 6.9e-05

0.001167 7.1e-05

0.001154 0.000125

0.001207 6.7e-05

0.001234 0.000111

0.001402 0.000121

0.001547 0.000146

0.001221 7.2e-05

0.001301 0.000106

0.001237 6.8e-05

0.001194 5.6e-05

0.001234 9.1e-05

0.001214 5.5e-05

0.001203 0.000112

0.001192 9.3e-05

0.001199 0.00013

0.001196 0.000122

0.001208 3.5e-05

0.001169 9.8e-05

0.001198 0.000104

0.001182 0.000146

0.001163 5.6e-05

0.001175 5.2e-05

0.00117 5.1e-05

0.001159 5.7e-05

0.00121 3.4e-05

0.001179 8.4e-05

0.001358 0.000105

0.001187 0.000139

0.001189 4.9e-05

0.001156 8.3e-05

0.001231 6.2e-05

0.001159 5.7e-05

0.001164 8.5e-05

0.001194 4e-05

0.001186 9.4e-05

0.0016 0.000185

0.001323 0.000101

0.001172 6.9e-05

0.001205 0.000132

0.001188 9.8e-05

0.001196 5.5e-05

0.001157 4.7e-05

0.00126 0.000113

0.001254 8.5e-05

0.001191 4.8e-05

0.001185 8.6e-05

0.001189 9e-05

0.001161 8.5e-05

0.001191 9.5e-05

0.001196 6.2e-05

0.001187 8.5e-05

0.001183 9.5e-05

0.001162 0.000102

0.001742 0.000211

0.001737 0.000113

0.001641 0.000146

0.001677 0.000126

0.001654 4.1e-05

0.001658 0.000196

0.00129 0.000106

0.001306 4.2e-05

0.001231 0.000124

0.001231 0.000104

0.001253 0.00011

0.001237 3.5e-05

0.001223 3.8e-05

0.001214 0.000138

0.001231 0.000122

0.001243 5.9e-05

0.001211 4.2e-05

0.001225 3.9e-05

0.001193 6.2e-05

0.001215 8.2e-05

0.001199 0.000162

0.001288 0.000137

0.001194 0.000123

0.001202 0.000114

0.001191 0.000105

0.001209 9.4e-05

0.0012 0.000108

0.001198 7.7e-05

0.001189 8.3e-05

0.001208 6.9e-05

0.001245 0.000153

0.001229 6.3e-05

0.001198 7.5e-05

0.001204 9.4e-05

0.001195 6.3e-05

0.001202 7.9e-05

0.001185 0.0001

0.001197 8.7e-05

0.001254 0.000116

0.00119 0.000123

0.001185 0.000121

0.001238 0.000121

0.001211 6.9e-05

0.001204 9.3e-05

0.001207 8.7e-05

0.001197 7.1e-05

0.001183 9.3e-05

0.001193 0.00012

0.001183 7.4e-05

0.001176 7.2e-05

0.001149 7.3e-05

0.001183 6e-05

0.001159 7.4e-05

0.001161 6.8e-05

0.001147 0.000148

0.001248 8.2e-05

0.001157 4.2e-05

0.001268 8.6e-05

0.001172 6.5e-05

0.001158 7.5e-05

0.001162 4e-05

0.001188 7.2e-05

0.001216 5.8e-05

0.001187 0.000125

0.001225 9.3e-05

0.001191 5.6e-05

0.001155 0.000114

0.0012 5.2e-05

0.001179 0.000104

0.00116 8.9e-05

0.001207 0.000151

0.001159 9.2e-05

0.001159 0.000115

0.001155 3.5e-05

0.00115 7.5e-05

0.001174 0.000117

0.001153 0.000148

0.001161 6.9e-05

0.001184 8.6e-05

0.001193 9.8e-05

0.001191 0.000108

0.001214 8.2e-05

0.001184 8.2e-05

0.001211 7.8e-05

0.001184 4.5e-05

0.001193 7.8e-05

0.001218 7.2e-05

0.001193 0.000117

0.001152 8.1e-05

0.001192 7.4e-05

0.001228 0.000114

0.001223 7.2e-05

0.001201 0.000115

0.001221 6.9e-05

0.001228 7e-05

0.001192 8.7e-05

0.001267 8.4e-05

0.001201 0.00015

0.001212 9.7e-05

0.001196 4.5e-05

0.001154 6.2e-05

0.001153 7.3e-05

0.001156 4.3e-05

0.001167 0.000124

0.001161 9.8e-05

0.001157 7.2e-05

0.001216 7.7e-05

0.00116 0.000114

0.001177 3.8e-05

0.001236 0.000109

0.001215 9.9e-05

0.00117 0.000105

0.00118 0.000131

0.001274 8e-05

0.001173 7.6e-05

0.001156 6.8e-05

0.001189 0.00011

0.001181 4e-05

0.001157 3.5e-05

0.001167 3.8e-05

0.001157 0.000115

0.00116 0.000114

0.001266 0.000103

0.001238 0.000119

0.001206 0.000103

0.001194 9.3e-05

0.001183 0.000146

0.001161 4.6e-05

0.001149 7.9e-05

0.001156 4.4e-05

0.001156 8.5e-05

0.001155 6e-05

0.001145 8.3e-05

0.001199 7e-05

0.001154 8e-05

0.001262 0.000102

0.001213 0.000104

0.001199 6.2e-05

0.001175 6.8e-05

0.001164 7.9e-05

0.001153 0.000119

0.001158 0.000118

0.001187 0.000127

0.001194 7.7e-05

0.001151 7.8e-05

0.001199 5.5e-05

0.001157 0.00011

0.001158 4.6e-05

0.001208 0.00012

0.001195 5.8e-05

0.001198 0.000119

0.00116 0.000152

0.001201 0.000152

0.001163 5.4e-05

0.001153 6.8e-05

0.001166 7e-05

0.001158 0.000134

0.001163 0.000131

0.001186 5.4e-05

0.001156 6.7e-05

0.001157 0.000114

0.001218 0.000138

0.001184 7.4e-05

0.001167 6.7e-05

