0.009709 4e-06
0.009144 6e-06
0.012048 7e-06
0.009189 5e-06
0.009559 4e-06
0.009915 8e-06
0.009226 7e-06
0.009139 4e-06
0.009187 6e-06
0.009192 7e-06
0.010422 6e-06
0.012104 2e-06
0.009191 6e-06
0.007962 4e-06
0.009195 6e-06
0.009178 6e-06
0.010668 7e-06
0.009606 5e-06
0.00946 6e-06
0.009222 3e-06
0.009149 7e-06
0.009173 6e-06
0.009125 3e-06
0.008628 3e-06
0.009673 7e-06
0.009285 8e-06
0.009232 6e-06
0.00918 5e-06
0.009154 7e-06
0.009131 4e-06
0.010024 1.2e-05
0.009403 7e-06
0.01007 8e-06
0.009267 7e-06
0.009285 1.8e-05
0.009231 6e-06
0.009246 6e-06
0.009206 4e-06
0.009433 6e-06
0.009189 5e-06
0.009199 6e-06
0.009146 5e-06
0.008612 6e-06
0.009264 7e-06
0.010171 8e-06
0.00956 6e-06
0.009261 5e-06
0.009144 3e-06
0.009203 4e-06
0.009161 5e-06
0.009317 8e-06
0.009166 4e-06
0.009202 6e-06
0.009266 5e-06
0.009254 5e-06
0.009231 6e-06
0.009193 5e-06
0.009356 5e-06
0.009506 6e-06
0.009657 5e-06
0.009229 4e-06
0.00917 6e-06
0.008435 7e-06
0.009206 5e-06
0.010243 7e-06
0.009649 8e-06
0.009355 5e-06
0.0092 5e-06
0.009171 6e-06
0.009206 5e-06
0.009177 6e-06
0.00919 4e-06
0.009485 7e-06
0.009439 7e-06
0.009352 1.7e-05
0.009209 6e-06
0.009202 6e-06
0.00915 5e-06
0.009419 5e-06
0.009394 5e-06
0.009396 5e-06
0.009214 6e-06
0.009319 4e-06
0.009214 6e-06
0.00925 5e-06
0.009502 6e-06
0.0095 6e-06
0.009309 5e-06
0.009198 5e-06
0.009168 5e-06
0.009175 6e-06
0.009171 5e-06
0.009654 5e-06
0.009329 6e-06
0.009333 8e-06
0.009322 3e-06
0.009198 6e-06
0.009183 6e-06
0.00923 4e-06
0.009302 6e-06
0.009196 6e-06
0.009333 6e-06
0.009352 6e-06
0.009232 6e-06
0.009251 8e-06
0.009272 6e-06
0.010103 6e-06
0.009208 6e-06
0.009227 6e-06
0.009189 6e-06
0.009207 6e-06
0.009169 5e-06
0.008388 7e-06
0.009235 6e-06
0.009614 8e-06
0.011256 6e-06
0.010314 9e-06
0.009205 6e-06
0.009213 6e-06
0.009191 6e-06
0.00921 6e-06
0.009271 7e-06
0.009244 9e-06
0.009568 6e-06
0.009333 4e-06
0.009239 5e-06
0.009161 6e-06
0.009619 7e-06
0.009949 7e-06
0.009291 5e-06
0.010673 6e-06
0.009171 4e-06
0.00936 8e-06
0.009312 6e-06
0.009634 8e-06
0.009535 7e-06
0.009428 4e-06
0.009194 6e-06
0.009167 6e-06
0.009165 4e-06
0.009142 5e-06
0.009227 6e-06
0.009444 5e-06
0.009252 5e-06
0.009793 6e-06
0.009214 6e-06
0.00921 3e-06
0.009176 5e-06
0.009311 5e-06
0.009271 6e-06
0.00921 5e-06
0.009191 5e-06
0.009204 6e-06
0.009216 6e-06
0.009328 7e-06
0.009567 8e-06
0.010643 6e-06
0.009214 6e-06
0.009165 6e-06
0.009206 5e-06
0.009192 5e-06
0.009175 6e-06
0.011432 7e-06
0.012054 7e-06
0.010704 1e-05
0.009259 7e-06
0.009286 6e-06
0.009213 5e-06
0.009209 4e-06
0.009734 4e-06
0.0093 5e-06
0.009297 7e-06
0.009245 4e-06
0.009196 5e-06
0.009289 5e-06
0.0092 6e-06
0.009483 6e-06
0.009191 5e-06
0.009194 7e-06
0.009208 5e-06
0.009212 3e-06
0.009221 7e-06
0.009298 7e-06
0.009565 7e-06
0.00955 7e-06
0.00942 4e-06
0.009217 6e-06
0.009233 6e-06
0.009183 3e-06
0.009167 6e-06
0.009775 4e-06
0.009214 7e-06
0.009347 6e-06
0.009292 7e-06
0.009299 6e-06
0.009196 7e-06
0.009188 4e-06
0.009293 3e-06
0.009306 4e-06
0.009305 6e-06
0.009291 3e-06
0.009207 7e-06
0.009225 8e-06
0.009253 6e-06
0.009921 6e-06
0.01103 7e-06
0.009244 6e-06
0.009226 6e-06
0.009184 6e-06
0.009149 4e-06
0.009179 5e-06
0.00896 6e-06
0.009303 6e-06
0.009321 6e-06
0.009308 6e-06
0.009377 6e-06
0.009302 2e-06
0.009198 4e-06
0.009219 4e-06
0.009336 6e-06
0.009197 5e-06
0.009079 6e-06
0.009203 6e-06
0.009185 6e-06
0.009322 6e-06
0.00928 7e-06
0.009253 5e-06
0.009651 8e-06
0.009238 7e-06
0.009213 6e-06
0.009166 5e-06
0.009181 6e-06
0.009582 7e-06
0.009931 4e-06
0.010403 3e-06
0.009456 5e-06
0.009192 6e-06
0.010503 7e-06
0.009187 5e-06
0.009244 6e-06
0.009579 7e-06
0.009362 7e-06
0.009249 7e-06
0.009203 6e-06
0.009501 7e-06
0.009194 3e-06
0.009237 5e-06
0.009507 5e-06
0.009402 4e-06
0.00925 6e-06
0.009237 4e-06
0.009197 5e-06
0.009223 6e-06
0.010076 7e-06
0.012221 6e-06
0.012735 7e-06
0.009197 5e-06
0.009175 5e-06
0.009175 5e-06
0.00919 6e-06
0.00936 6e-06
0.009151 5e-06
0.009235 5e-06
0.009254 5e-06
0.009266 5e-06
0.009235 6e-06
0.009179 6e-06
0.009205 6e-06
0.009192 6e-06
0.009241 4e-06
0.009223 4e-06
0.00893 5e-06
0.009226 7e-06
0.009208 6e-06
0.010134 6e-06
0.010823 7e-06
0.009715 7e-06
0.009215 4e-06
0.009195 6e-06
0.009161 6e-06
0.009158 6e-06
0.009521 8e-06
0.010666 7e-06
0.009722 6e-06
0.00958 7e-06
0.009215 5e-06
0.009216 7e-06
0.009166 6e-06
0.009282 4e-06
0.009452 6e-06
0.009246 5e-06
0.008709 6e-06
0.009258 4e-06
0.009186 9e-06
0.009259 4e-06
0.009585 5e-06
0.00925 5e-06
0.009353 6e-06
0.009352 7e-06
0.009266 4e-06
0.009191 8e-06
0.007838 3e-06
0.009729 7e-06
0.009608 1.1e-05
0.009505 6e-06
0.009238 5e-06
0.009209 6e-06
0.009172 8e-06
0.009263 8e-06
0.009579 7e-06
0.011089 9e-06
0.009246 1e-05
0.009204 5e-06
0.009307 7e-06
0.009301 8e-06
0.009266 4e-06
0.009205 7e-06
0.010121 6e-06
0.00929 8e-06
0.00919 7e-06
0.009212 7e-06
0.009141 6e-06
0.009194 7e-06
0.009274 9e-06
0.009259 6e-06
0.00923 6e-06
0.009176 6e-06
0.009176 7e-06
0.009178 9e-06
0.009176 7e-06
0.009207 5e-06
0.009315 7e-06
0.009343 7e-06
0.009304 9e-06
0.009301 6e-06
0.009199 6e-06
0.009276 6e-06
0.009321 7e-06
0.009245 7e-06
0.009193 8e-06
0.009285 6e-06
0.009168 8e-06
0.009218 7e-06
0.009351 8e-06
0.009395 9e-06
0.00941 8e-06
0.00925 9e-06
0.009197 5e-06
0.009179 7e-06
0.009183 8e-06
0.009378 6e-06
0.009509 5e-06
0.009521 5e-06
0.009271 5e-06
0.009263 6e-06
0.009247 4e-06
0.009194 5e-06
0.00933 5e-06
0.009704 4e-06
0.009223 3e-06
0.009233 7e-06
0.007735 4e-06
0.009244 4e-06
0.009244 4e-06
0.009275 7e-06
0.009506 6e-06
0.009746 6e-06
0.009892 7e-06
0.009203 6e-06
0.009247 7e-06
0.009195 5e-06
0.009214 6e-06
0.009411 5e-06
0.009277 7e-06
0.009258 6e-06
0.009187 3e-06
0.009234 6e-06
0.009177 5e-06
0.009205 5e-06
0.009203 7e-06
0.009195 6e-06
0.009313 5e-06
0.009372 6e-06
0.009235 7e-06
0.009263 6e-06
0.009231 8e-06
0.00925 5e-06
0.009209 6e-06
0.009245 6e-06
0.009204 5e-06
0.009189 6e-06
0.008927 5e-06
0.010095 6e-06
0.009827 6e-06
0.009253 5e-06
0.009228 3e-06
0.009178 5e-06
0.009191 5e-06
0.009212 3e-06
0.009232 6e-06
0.00924 6e-06
0.009207 7e-06
0.00924 6e-06
0.009277 7e-06
0.009295 7e-06
0.009197 7e-06
0.009237 7e-06
0.009228 5e-06
0.009661 3e-06
0.009194 5e-06
0.009198 5e-06
0.007916 3e-06
0.009306 6e-06
0.009379 7e-06
0.009258 6e-06
0.010568 6e-06
0.009316 5e-06
0.009184 5e-06
0.009195 5e-06
0.009194 6e-06
0.012561 6e-06
0.013884 6e-06
0.009241 6e-06
0.00929 5e-06
0.009189 7e-06
0.00918 5e-06
0.009233 2e-06
0.009221 7e-06
0.009191 7e-06
0.009188 4e-06
0.008806 5e-06
0.009238 8e-06
0.009238 4e-06
0.009334 6e-06
0.009241 7e-06
0.010526 7e-06
0.009256 7e-06
0.00917 6e-06
0.00918 8e-06
0.009151 6e-06
0.009859 7e-06
0.009371 8e-06
0.009259 8e-06
0.010191 7e-06
0.00921 9e-06
0.009181 1.1e-05
0.009162 8e-06
0.009569 7e-06
0.009886 9e-06
0.010052 6e-06
0.009913 3e-06
0.009236 5e-06
0.009231 5e-06
0.009338 6e-06
0.009257 7e-06
0.009513 7e-06
0.009226 7e-06
0.010866 6e-06
0.009186 8e-06
0.009141 6e-06
0.008823 6e-06
0.009288 7e-06
0.011191 6e-06
0.009581 6e-06
0.009261 6e-06
0.009241 7e-06
0.009231 6e-06
0.00919 7e-06
0.00922 6e-06
0.009228 6e-06
0.008644 7e-06
0.010378 1.2e-05
0.009228 6e-06
0.009236 6e-06
0.009252 5e-06
0.009196 5e-06
0.009215 4e-06
0.009215 4e-06
0.009225 6e-06
0.009168 4e-06
0.009125 6e-06
0.009519 8e-06
0.009283 7e-06
0.009282 7e-06
0.009253 5e-06
0.009228 6e-06
0.009189 5e-06
0.009248 5e-06
0.009236 7e-06
0.009564 5e-06
0.00956 9e-06
0.009429 4e-06
0.009266 4e-06
0.009264 7e-06
0.009205 5e-06
0.009172 5e-06
0.009581 6e-06
0.010345 6e-06
0.009333 5e-06
0.009195 7e-06
0.007859 4e-06
0.009195 5e-06
0.009199 7e-06
0.00939 6e-06
0.009327 9e-06
0.009526 7e-06
0.009283 6e-06
0.009191 4e-06
0.009176 7e-06
0.009215 6e-06
0.008126 8e-06
0.009258 6e-06
0.009271 7e-06
0.009257 5e-06
0.009252 6e-06
0.009215 6e-06
0.009231 6e-06
0.009206 5e-06
0.009535 4e-06
0.009762 5e-06
0.008475 5e-06
0.009248 5e-06
0.009216 8e-06
0.009253 5e-06
0.009258 5e-06
0.009225 5e-06
0.009234 6e-06
0.00924 6e-06
0.009181 3e-06
0.009192 6e-06
0.00797 5e-06
0.009285 3e-06
0.009668 8e-06
0.009276 6e-06
0.009294 6e-06
0.00922 5e-06
0.009217 5e-06
0.009194 5e-06
0.009228 5e-06
0.009231 7e-06
0.009038 4e-06
0.009269 5e-06
0.009267 7e-06
0.009317 5e-06
0.009208 3e-06
0.009413 6e-06
0.009529 5e-06
0.00927 8e-06
0.009488 5e-06
0.009945 7e-06
0.009078 5e-06
0.009172 7e-06
0.009273 3e-06
0.010232 1.1e-05
0.011121 4e-06
0.009223 5e-06
0.009994 6e-06
0.009155 4e-06
0.009178 5e-06
0.011276 8e-06
0.013039 9e-06
0.00928 5e-06
0.009392 3e-06
0.009218 7e-06
0.009231 5e-06
0.011747 1e-05
0.009859 5e-06
0.009527 4e-06
0.009274 6e-06
0.008256 4e-06
0.009209 4e-06
0.009197 7e-06
0.009505 3e-06
0.011937 7e-06
0.009548 5e-06
0.009205 5e-06
0.009175 5e-06
0.009179 5e-06
0.009216 6e-06
0.013481 7e-06
0.009313 7e-06
0.009353 7e-06
0.0092 7e-06
0.009201 8e-06
0.009205 7e-06
0.013591 8e-06
0.009266 7e-06
0.009229 5e-06
0.007869 7e-06
0.009217 5e-06
0.009213 8e-06
0.011113 8e-06
0.011734 7e-06
0.009259 7e-06
0.009188 7e-06
0.009196 6e-06
0.009236 5e-06
0.009179 7e-06
0.016032 1.2e-05
0.010471 7e-06
0.009985 5e-06
0.009202 4e-06
0.009213 7e-06
0.009178 7e-06
0.009693 4e-06
0.011103 7e-06
0.010513 3e-06
0.010125 7e-06
0.009217 3e-06
0.00926 5e-06
0.009427 7e-06
0.010084 8e-06
0.009222 7e-06
0.009221 8e-06
0.009216 8e-06
0.009194 7e-06
0.008627 7e-06
0.009225 7e-06
0.009237 7e-06
0.009294 8e-06
0.009259 7e-06
0.009262 7e-06
0.009222 5e-06
0.009205 8e-06
0.009238 7e-06
0.00924 5e-06
0.009236 6e-06
0.009517 5e-06
0.010184 6e-06
0.009282 7e-06
0.009206 6e-06
0.009165 5e-06
0.009241 7e-06
0.009234 3e-06
0.009238 5e-06
0.009198 6e-06
0.009208 6e-06
0.009227 6e-06
0.0092 6e-06
0.009498 7e-06
0.009224 7e-06
0.009225 6e-06
0.009246 7e-06
0.009185 6e-06
0.009391 8e-06
0.009258 8e-06
0.009232 4e-06
0.009304 4e-06
0.009274 5e-06
0.009355 1e-05
0.009289 5e-06
0.009205 5e-06
0.009271 6e-06
0.009205 5e-06
0.009228 6e-06
0.009228 7e-06
0.009255 6e-06
0.007864 9e-06
0.009229 4e-06
0.009208 6e-06
0.009296 6e-06
0.009617 6e-06
0.010098 6e-06
0.009293 8e-06
0.00922 4e-06
0.009212 6e-06
0.009202 6e-06
0.009159 6e-06
0.010062 7e-06
0.009301 2.1e-05
0.009246 6e-06
0.009199 5e-06
0.009204 5e-06
0.009166 5e-06
0.009422 8e-06
0.012632 3e-06
0.010291 7e-06
0.009248 6e-06
0.009315 6e-06
0.009397 6e-06
0.009258 5e-06
0.010293 5e-06
0.013601 8e-06
0.009224 6e-06
0.009223 4e-06
0.009203 6e-06
0.007864 6e-06
0.010491 6e-06
0.009743 5e-06
0.009269 5e-06
0.009255 5e-06
0.0092 6e-06
0.009186 4e-06
0.009174 5e-06
0.009295 6e-06
0.009298 5e-06
0.009113 6e-06
0.009246 5e-06
0.009222 6e-06
0.009227 4e-06
0.009223 6e-06
0.009208 6e-06
0.009224 4e-06
0.009216 6e-06
0.009491 6e-06
0.009195 5e-06
0.008745 6e-06
0.009203 8e-06
0.009228 5e-06
0.00943 7e-06
0.009308 4e-06
0.009298 8e-06
0.009241 5e-06
0.009224 6e-06
0.009216 5e-06
0.009178 4e-06
0.008368 4e-06
0.009293 5e-06
0.00922 6e-06
0.009188 5e-06
0.009189 7e-06
0.009181 6e-06
0.009223 4e-06
0.009259 6e-06
0.009328 6e-06
0.008402 6e-06
0.009237 7e-06
0.009187 6e-06
0.009254 4e-06
0.009883 7e-06
0.009451 6e-06
0.009248 5e-06
0.00848 4e-06
0.00924 5e-06
0.009226 6e-06
0.009227 6e-06
0.009293 6e-06
0.009437 6e-06
0.009419 5e-06
0.009412 8e-06
0.00919 5e-06
0.009189 3e-06
0.008132 6e-06
0.010378 5e-06
0.009241 5e-06
0.010126 6e-06
0.00931 4e-06
0.009267 6e-06
0.009246 5e-06
0.009185 6e-06
0.009629 1.1e-05
0.009922 1.3e-05
0.01089 6e-06
0.009231 8e-06
0.009361 8e-06
0.009214 5e-06
0.009736 1.5e-05
0.011822 6e-06
0.009864 6e-06
0.009278 6e-06
0.00919 6e-06
0.008938 3e-06
0.009272 6e-06
0.01121 8e-06
0.010254 8e-06
0.010806 6e-06
0.009251 5e-06
0.009216 6e-06
0.009183 6e-06
0.009203 4e-06
0.01307 5e-06
0.012104 1.3e-05
0.009301 6e-06
0.009299 6e-06
0.009202 4e-06
0.009188 6e-06
0.009387 6e-06
0.00964 5e-06
0.009275 6e-06
0.009357 7e-06
0.009899 4e-06
0.009225 3e-06
0.009194 4e-06
0.009266 5e-06
0.010156 4e-06
0.011143 6e-06
0.009474 6e-06
0.009219 5e-06
0.009225 5e-06
0.009195 6e-06
0.007659 2e-06
0.009261 5e-06
0.009266 7e-06
0.009546 9e-06
0.009287 6e-06
0.009195 5e-06
0.009179 5e-06
0.009181 4e-06
0.009983 6e-06
0.009231 7e-06
0.008445 5e-06
0.009251 5e-06
0.009234 4e-06
0.009265 7e-06
0.009238 6e-06
0.009253 3e-06
0.009209 5e-06
0.009232 7e-06
0.009449 8e-06
0.009247 6e-06
0.007848 5e-06
0.009957 7e-06
0.009309 5e-06
0.009472 4e-06
0.009497 7e-06
0.009466 8e-06
0.009188 8e-06
0.009193 9e-06
0.009188 5e-06
0.009203 6e-06
0.009448 4e-06
0.009517 7e-06
0.009252 4e-06
0.009312 7e-06
0.009193 5e-06
0.009185 4e-06
0.010252 5e-06
0.009243 7e-06
0.009226 5e-06
0.009212 5e-06
0.009056 5e-06
0.009236 6e-06
0.00921 6e-06
0.009348 6e-06
0.009267 8e-06
0.009241 8e-06
0.009199 8e-06
0.009179 7e-06
0.009191 8e-06
0.0092 8e-06
0.009212 8e-06
0.009238 8e-06
0.009255 6e-06
0.009675 6e-06
0.009281 8e-06
0.009187 6e-06
0.0092 3e-06
0.009478 8e-06
0.010296 6e-06
0.010254 6e-06
0.009217 6e-06
0.009216 6e-06
0.00919 4e-06
0.009371 7e-06
0.009269 6e-06
0.015174 5e-06
0.009232 6e-06
0.009189 4e-06
0.009179 5e-06
0.009236 8e-06
0.00896 7e-06
0.009264 7e-06
0.009329 8e-06
0.009423 6e-06
0.009251 6e-06
0.009206 4e-06
0.009289 5e-06
0.009216 5e-06
0.010649 5e-06
0.009226 6e-06
0.009388 5e-06
0.009259 6e-06
0.009335 5e-06
0.009262 6e-06
0.00928 6e-06
0.015566 4e-06
0.00937 7e-06
0.012148 6e-06
0.009213 6e-06
0.008851 5e-06
0.009282 6e-06
0.013835 8e-06
0.00934 5e-06
0.009269 6e-06
0.009196 6e-06
0.009163 5e-06
0.009187 5e-06
0.009604 5e-06
0.00942 6e-06
0.009582 5e-06
0.009233 6e-06
0.00931 6e-06
0.009336 6e-06
0.00928 4e-06
0.009238 6e-06
0.009205 7e-06
0.009234 6e-06
0.009215 5e-06
0.009195 5e-06
0.008771 7e-06
0.009249 6e-06
0.009288 6e-06
0.009319 8e-06
0.009252 6e-06
0.009223 5e-06
0.009223 6e-06
0.009217 4e-06
0.009196 7e-06
0.009427 7e-06
0.008995 7e-06
0.009402 6e-06
0.009292 8e-06
0.009269 4e-06
0.009188 5e-06
0.009196 5e-06
0.009353 7e-06
0.009463 5e-06
0.009228 5e-06
0.009225 7e-06
0.008261 6e-06
0.009255 4e-06
0.00924 7e-06
0.00948 6e-06
0.009256 7e-06
0.009243 6e-06
0.009244 3e-06
0.009256 7e-06
0.0092 6e-06
0.009203 6e-06
0.009036 6e-06
0.00927 5e-06
0.009278 6e-06
0.00933 5e-06
0.009194 6e-06
0.009217 6e-06
0.009178 4e-06
0.010026 5e-06
0.011174 8e-06
0.009218 5e-06
0.00863 7e-06
0.009263 5e-06
0.00921 6e-06
0.009337 7e-06
0.009232 6e-06
0.009245 5e-06
0.011042 6e-06
0.010465 3e-06
0.009203 7e-06
0.009234 5e-06
0.008078 5e-06
0.009344 5e-06
0.009307 4e-06
0.009489 7e-06
0.00942 4e-06
0.009233 6e-06
0.009218 6e-06
0.009253 7e-06
0.009505 7e-06
0.009858 8e-06
0.009377 6e-06
0.00929 9e-06
0.009312 7e-06
0.009301 5e-06
0.009244 5e-06
0.009476 7e-06
0.009361 6e-06
0.009249 6e-06
0.009217 7e-06
0.009188 6e-06
0.008733 4e-06
0.009276 7e-06
0.00949 8e-06
0.009523 6e-06
0.009324 6e-06
0.009368 6e-06
0.009309 6e-06
0.009281 6e-06
0.009265 5e-06
0.009338 4e-06
0.009337 5e-06
0.009337 7e-06
0.009547 7e-06
0.00944 6e-06
0.009331 9e-06
0.009321 8e-06
0.010008 4e-06
0.009348 6e-06
0.009358 8e-06
0.009265 5e-06
0.009254 4e-06
0.009305 7e-06
0.012049 7e-06
0.010611 9e-06
0.009297 6e-06
0.009274 6e-06
0.009301 4e-06
0.009186 7e-06
0.009193 1e-05
0.00895 8e-06
0.00962 6e-06
