0.001328 1e-06

0.001214 1e-06

0.001213 2e-06

0.001211 1e-06

0.001185 1e-06

0.001376 1e-06

0.001195 1e-06

0.001185 1e-06

0.001184 1e-06

0.001194 0

0.001185 1e-06

0.001182 1e-06

0.001186 0

0.001568 2e-06

0.0012 1e-06

0.001183 1e-06

0.001181 0

0.00118 1e-06

0.001511 1e-06

0.001185 1e-06

0.001152 1e-06

0.001189 1e-06

0.00119 1e-06

0.001188 1e-06

0.001171 1e-06

0.001179 1e-06

0.001148 1e-06

0.001349 1e-06

0.001158 1e-06

0.001177 1e-06

0.001599 1e-06

0.001186 0

0.001177 1e-06

0.00121 1e-06

0.00119 1e-06

0.001179 1e-06

0.001179 1e-06

0.001161 1e-06

0.001186 1e-06

0.001241 1e-06

0.001156 1e-06

0.001153 2e-06

0.001232 1e-06

0.00119 1e-06

0.001153 1e-06

0.001157 1e-06

0.001148 1e-06

0.001181 1e-06

0.001148 1e-06

0.001182 1e-06

0.001188 1e-06

0.001221 1e-06

0.001156 1e-06

0.001166 1e-06

0.001154 1e-06

0.001153 0

0.001154 1e-06

0.001191 1e-06

0.001184 1e-06

0.001187 1e-06

0.001178 1e-06

0.001226 1e-06

0.001191 2e-06

0.0012 1e-06

0.001189 1e-06

0.001193 1e-06

0.001178 1e-06

0.001159 1e-06

0.001154 1e-06

0.001178 1e-06

0.001175 1e-06

0.001157 1e-06

0.001224 1e-06

0.001723 2e-06

0.001368 2e-06

0.001221 1e-06

0.001232 2e-06

0.001354 1e-06

0.001703 2e-06

0.001694 3e-06

0.001498 2e-06

0.001433 1e-06

0.00155 3e-06

0.001651 1e-06

0.001639 1e-06

0.00151 2e-06

0.00132 1e-06

0.001473 2e-06

0.001551 2e-06

0.001256 1e-06

0.001213 1e-06

0.00125 1e-06

0.001603 2e-06

0.001399 1e-06

0.001461 2e-06

0.001585 3e-06

0.001466 2e-06

0.001316 1e-06

0.001572 1e-06

0.001509 2e-06

0.001694 2e-06

0.001265 1e-06

0.001204 1e-06

0.001233 1e-06

0.001561 2e-06

0.00128 1e-06

0.001245 2e-06

0.001453 1e-06

0.001286 2e-06

0.001224 2e-06

0.001305 2e-06

0.001666 2e-06

0.001459 1e-06

0.001418 2e-06

0.001807 1e-06

0.001747 1e-06

0.001732 2e-06

0.001698 1e-06

0.001764 1e-06

0.001751 2e-06

0.001733 2e-06

0.001698 1e-06

0.001222 1e-06

0.001196 1e-06

0.001186 1e-06

0.001249 2e-06

0.001192 2e-06

0.001213 1e-06

0.001214 1e-06

0.001211 1e-06

0.001186 1e-06

0.001216 1e-06

0.001184 1e-06

0.001206 1e-06

0.001189 1e-06

0.00121 1e-06

0.00119 0

0.00121 0

0.001244 2e-06

0.001211 2e-06

0.001186 1e-06

0.001706 2e-06

0.001616 1e-06

0.001432 1e-06

0.001601 3e-06

0.001733 2e-06

0.001716 2e-06

0.001455 2e-06

0.001778 2e-06

0.001201 0

0.00118 1e-06

0.001631 1e-06

0.001178 1e-06

0.001183 1e-06

0.001385 1e-06

0.001712 1e-06

0.001784 4e-06

0.001775 3e-06

0.001756 2e-06

0.001732 1e-06

0.001654 2e-06

0.001755 2e-06

0.001717 2e-06

0.001673 1e-06

0.001242 2e-06

0.001245 1e-06

0.001299 2e-06

0.001226 2e-06

0.001294 1e-06

0.001215 1e-06

0.001197 1e-06

0.001283 1e-06

0.001191 1e-06

0.001196 0

0.001197 1e-06

0.001199 1e-06

0.001189 1e-06

0.001191 0

0.001145 1e-06

0.001192 1e-06

0.001157 1e-06

0.001156 1e-06

0.001264 2e-06

0.001158 2e-06

0.001176 1e-06

0.001295 1e-06

0.001189 1e-06

0.001158 1e-06

0.00122 1e-06

0.00119 1e-06

0.001258 1e-06

0.001194 1e-06

0.001256 1e-06

0.001184 1e-06

0.001149 1e-06

0.001209 1e-06

0.001154 1e-06

0.001221 1e-06

0.001153 1e-06

0.001152 1e-06

0.001181 1e-06

0.001157 1e-06

0.00121 1e-06

0.001216 1e-06

0.001219 1e-06

0.001158 1e-06

0.001147 1e-06

0.001155 1e-06

0.001177 1e-06

0.001236 1e-06

0.001185 0

0.001193 1e-06

0.001175 2e-06

0.0012 1e-06

0.001179 0

0.001256 1e-06

0.001237 1e-06

0.001189 1e-06

0.001261 1e-06

0.001164 0

0.001174 1e-06

0.001163 1e-06

0.001166 1e-06

0.001193 1e-06

0.001155 1e-06

0.001195 1e-06

0.001178 0

0.001216 1e-06

0.001206 1e-06

0.001256 1e-06

0.0012 1e-06

0.001268 1e-06

0.001188 1e-06

0.001207 1e-06

0.001653 2e-06

0.001472 1e-06

0.001274 1e-06

0.001213 1e-06

0.001185 0

0.00122 1e-06

0.001198 1e-06

0.001222 0

0.001189 1e-06

0.001224 1e-06

0.001184 1e-06

0.00124 1e-06

0.001154 1e-06

0.001191 1e-06

0.001191 1e-06

0.001195 1e-06

0.001155 1e-06

0.001166 0

0.001151 1e-06

0.001162 1e-06

0.001188 2e-06

0.001222 1e-06

0.001184 1e-06

0.001206 1e-06

0.001154 1e-06

0.001164 1e-06

0.001159 0

0.001224 1e-06

0.00148 1e-06

0.001205 1e-06

0.001205 0

0.001217 1e-06

0.001173 1e-06

0.001207 1e-06

0.001181 1e-06

0.001178 1e-06

0.001191 0

0.001196 1e-06

0.001191 0

0.001176 0

0.001155 1e-06

0.001184 0

0.001192 1e-06

0.001183 1e-06

0.001215 1e-06

0.001219 1e-06

0.001236 1e-06

0.001203 0

0.001204 1e-06

0.001195 1e-06

0.001188 0

0.001199 1e-06

0.001192 1e-06

0.001167 0

0.001164 0

0.001229 1e-06

0.001144 0

0.001202 1e-06

0.00118 1e-06

0.001154 1e-06

0.001152 1e-06

0.00116 1e-06

0.001178 1e-06

0.001163 1e-06

0.001155 1e-06

0.001165 0

0.001215 1e-06

0.00118 0

0.001179 1e-06

0.001154 1e-06

0.001148 1e-06

0.001154 1e-06

0.00115 1e-06

0.001164 1e-06

0.001157 1e-06

0.001204 1e-06

0.001182 1e-06

0.001162 0

0.001154 0

0.001164 1e-06

0.001196 1e-06

0.001193 1e-06

0.001651 1e-06

0.001165 1e-06

0.001193 0

0.001196 0

0.001147 1e-06

0.001204 1e-06

0.0012 1e-06

0.001192 1e-06

0.001184 1e-06

0.001172 1e-06

0.001154 1e-06

0.001193 1e-06

0.001153 1e-06

0.001189 1e-06

0.00128 1e-06

0.001196 1e-06

0.001146 1e-06

0.001173 1e-06

0.001183 1e-06

0.001223 1e-06

0.001195 1e-06

0.001287 1e-06

0.001154 1e-06

0.001161 1e-06

0.001154 1e-06

0.00118 0

0.001173 1e-06

0.001181 1e-06

0.001151 2e-06

0.001162 1e-06

0.001154 2e-06

0.001169 1e-06

0.001205 0

0.001221 0

0.001171 1e-06

0.001161 1e-06

0.001151 1e-06

0.001247 0

0.001148 1e-06

0.001158 1e-06

0.001159 1e-06

0.001164 1e-06

0.001144 1e-06

0.001208 1e-06

0.001157 1e-06

0.001168 0

0.001207 1e-06

0.001159 1e-06

0.001153 1e-06

0.001157 0

0.001154 1e-06

0.001161 1e-06

0.001155 1e-06

0.00116 1e-06

0.001194 1e-06

0.001265 0

0.001152 1e-06

0.001164 1e-06

0.001184 1e-06

0.001191 1e-06

0.001159 1e-06

0.001269 1e-06

0.00116 1e-06

0.001168 1e-06

0.001156 1e-06

0.001159 0

0.001149 1e-06

0.00119 0

0.001218 1e-06

0.001191 1e-06

0.00119 1e-06

0.001156 1e-06

0.001181 1e-06

0.001167 1e-06

0.001228 1e-06

0.00116 2e-06

0.001169 1e-06

0.001189 1e-06

0.001159 0

0.001164 1e-06

0.001247 1e-06

0.001214 1e-06

0.001235 1e-06

0.001282 1e-06

0.001199 1e-06

0.001194 1e-06

0.001155 1e-06

0.001159 1e-06

0.001184 2e-06

0.001163 1e-06

0.001159 1e-06

0.00116 1e-06

0.001145 1e-06

0.001158 1e-06

0.001214 1e-06

0.001206 1e-06

0.001186 1e-06

0.001174 1e-06

0.001156 1e-06

0.001203 1e-06

0.001154 1e-06

0.001164 1e-06

0.001174 1e-06

0.001168 1e-06

0.001187 1e-06

0.001154 1e-06

0.001186 1e-06

0.001191 1e-06

0.001215 1e-06

0.001176 1e-06

0.001152 0

0.001172 0

0.00118 1e-06

0.001157 1e-06

0.001175 1e-06

0.001194 1e-06

0.001177 1e-06

0.001202 1e-06

0.001179 1e-06

0.001198 1e-06

0.001172 0

0.001188 1e-06

0.001178 1e-06

0.001245 1e-06

0.001146 1e-06

0.001203 1e-06

0.001171 1e-06

0.001199 1e-06

0.001193 1e-06

0.001343 2e-06

0.001154 1e-06

0.001193 1e-06

0.001179 0

0.001185 1e-06

0.00118 0

0.001186 1e-06

0.001177 1e-06

0.001186 1e-06

0.001198 0

0.00116 1e-06

0.001185 0

0.001163 0

0.001165 1e-06

0.001191 1e-06

0.001186 1e-06

0.001198 1e-06

0.001217 1e-06

0.00119 0

0.001157 1e-06

0.001177 1e-06

0.001219 1e-06

0.001183 1e-06

0.001155 1e-06

0.001164 1e-06

0.001155 1e-06

0.001235 1e-06

0.001622 2e-06

0.001267 1e-06

0.001152 1e-06

0.001233 1e-06

0.001194 1e-06

0.001203 1e-06

0.001183 1e-06

0.001198 1e-06

0.001155 0

0.001248 1e-06

0.001153 0

0.00116 1e-06

0.001152 0

0.001161 1e-06

0.00115 1e-06

0.001163 1e-06

0.001154 1e-06

0.001161 1e-06

0.001154 1e-06

0.001158 1e-06

0.001149 1e-06

0.001235 1e-06

0.001161 0

0.001164 1e-06

0.001153 1e-06

0.001152 1e-06

0.001154 1e-06

0.00117 0

0.001163 1e-06

0.001163 1e-06

0.00118 1e-06

0.001149 0

0.001153 1e-06

0.001157 1e-06

0.001179 1e-06

0.001214 1e-06

0.001143 1e-06

0.001155 1e-06

0.001157 1e-06

0.001312 1e-06

0.001185 1e-06

0.00121 1e-06

0.001149 1e-06

0.001184 1e-06

0.001158 1e-06

0.001162 0

0.001158 1e-06

0.001158 1e-06

0.001179 1e-06

0.001159 1e-06

0.001203 1e-06

0.001168 0

0.001175 1e-06

0.001165 1e-06

0.001145 1e-06

0.001165 1e-06

0.00115 1e-06

0.001158 1e-06

0.00115 1e-06

0.001177 1e-06

0.001146 1e-06

0.001411 2e-06

0.001239 2e-06

0.001199 1e-06

0.001191 1e-06

0.001216 0

0.001149 1e-06

0.001159 1e-06

0.001171 1e-06

0.001158 1e-06

0.001153 1e-06

0.001159 1e-06

0.001183 1e-06

0.001225 0

0.001163 1e-06

0.001193 1e-06

0.001205 1e-06

0.001202 1e-06

0.001183 1e-06

0.001159 1e-06

0.001175 1e-06

0.00116 1e-06

0.001179 1e-06

0.001161 1e-06

0.001148 1e-06

0.001195 1e-06

0.001182 1e-06

0.001195 1e-06

0.001176 1e-06

0.00118 0

0.00115 1e-06

0.00118 1e-06

0.001154 1e-06

0.001161 1e-06

0.001146 0

0.001157 1e-06

0.001149 1e-06

0.001158 1e-06

0.001186 1e-06

0.001168 1e-06

0.001241 1e-06

0.001155 1e-06

0.001148 1e-06

0.001193 1e-06

0.001154 1e-06

0.001165 1e-06

0.001149 0

0.001163 0

0.001152 1e-06

0.001218 1e-06

0.00119 0

0.001184 1e-06

0.001156 1e-06

0.001156 1e-06

0.001152 1e-06

0.00116 1e-06

0.001198 1e-06

0.001224 1e-06

0.001182 1e-06

0.001168 1e-06

0.001188 0

0.00119 1e-06

0.001209 1e-06

0.001215 1e-06

0.001189 0

0.001159 1e-06

0.001154 0

0.001212 0

0.001155 1e-06

0.001157 0

0.001154 1e-06

0.00119 1e-06

0.001179 1e-06

0.001189 0

0.00123 1e-06

0.001213 1e-06

0.001149 1e-06

0.001172 1e-06

0.00115 1e-06

0.00116 1e-06

0.00115 1e-06

0.001168 1e-06

0.001149 1e-06

0.001165 1e-06

0.001208 1e-06

0.001164 1e-06

0.001187 1e-06

0.001164 1e-06

0.001171 1e-06

0.001163 1e-06

0.001175 0

0.001159 1e-06

0.001158 1e-06

0.001189 1e-06

0.001161 0

0.001179 0

0.001152 0

0.001199 0

0.00122 1e-06

0.001197 1e-06

0.001176 1e-06

0.001164 1e-06

0.001149 1e-06

0.001159 1e-06

0.001184 1e-06

0.001161 1e-06

0.001178 1e-06

0.001163 1e-06

0.001158 1e-06

0.001167 0

0.001187 1e-06

0.001167 1e-06

0.001153 1e-06

0.001179 1e-06

0.001154 1e-06

0.001187 1e-06

0.001267 1e-06

0.001185 1e-06

0.00166 1e-06

0.001313 1e-06

0.001179 1e-06

0.001189 1e-06

0.001171 1e-06

0.001161 1e-06

0.001197 1e-06

0.001232 1e-06

0.001185 0

0.001204 1e-06

0.001161 1e-06

0.001173 1e-06

0.001153 1e-06

0.001215 0

0.00118 1e-06

0.001152 1e-06

0.00119 1e-06

0.001161 1e-06

0.001184 1e-06

0.001186 1e-06

0.001188 0

0.001169 1e-06

0.00115 1e-06

0.001163 1e-06

0.001162 1e-06

0.001223 1e-06

0.001153 1e-06

0.001216 1e-06

0.00115 0

0.001181 0

0.001185 1e-06

0.001199 1e-06

0.001165 1e-06

0.001218 1e-06

0.001181 1e-06

0.00116 1e-06

0.001145 1e-06

0.00115 1e-06

0.001153 1e-06

0.001187 1e-06

0.001182 1e-06

0.001165 0

0.001155 1e-06

0.001163 1e-06

0.001181 1e-06

0.001186 1e-06

0.001201 0

0.001173 1e-06

0.001231 1e-06

0.00121 1e-06

0.001154 0

0.001156 1e-06

0.001177 1e-06

0.00118 1e-06

0.001316 0

0.001167 1e-06

0.001154 1e-06

0.001193 1e-06

0.001176 1e-06

0.001166 1e-06

0.00115 1e-06

0.001163 1e-06

0.001152 1e-06

0.00116 1e-06

0.001152 1e-06

0.00116 1e-06

0.001172 1e-06

0.001191 1e-06

0.001182 1e-06

0.001192 1e-06

0.001143 1e-06

0.001191 1e-06

0.001146 0

0.001191 0

0.001174 1e-06

0.001201 1e-06

0.001154 1e-06

0.001164 1e-06

0.001158 1e-06

0.001168 1e-06

0.001184 1e-06

0.001227 0

0.0013 1e-06

0.001202 1e-06

0.001184 1e-06

0.001234 1e-06

0.001241 2e-06

0.001157 1e-06

0.001153 1e-06

0.001163 0

0.001153 1e-06

0.001154 1e-06

0.001152 0

0.001194 0

0.00117 0

0.001194 1e-06

0.00118 1e-06

0.001222 1e-06

0.001158 1e-06

0.001155 1e-06

0.001183 1e-06

0.00119 1e-06

0.001167 1e-06

0.001194 0

0.001146 1e-06

0.001157 1e-06

0.001152 1e-06

0.001163 1e-06

0.001158 0

0.001156 1e-06

0.001149 1e-06

0.001156 0

0.001155 1e-06

0.001166 0

0.001151 1e-06

0.001163 1e-06

0.00121 0

0.001178 1e-06

0.001212 1e-06

0.00122 1e-06

0.001215 1e-06

0.001165 1e-06

0.001147 1e-06

0.001153 0

0.001155 1e-06

0.001153 1e-06

0.001176 1e-06

0.001162 2e-06

0.001172 1e-06

0.001224 1e-06

0.001178 1e-06

0.001189 1e-06

0.001183 1e-06

0.001193 1e-06

0.001183 0

0.001175 1e-06

0.001242 1e-06

0.001167 1e-06

0.001151 1e-06

0.001163 1e-06

0.001159 1e-06

0.001182 1e-06

0.00118 1e-06

0.001191 1e-06

0.001182 1e-06

0.001164 1e-06

0.001149 1e-06

0.001172 0

0.001146 1e-06

0.001185 1e-06

0.001154 0

0.001162 1e-06

0.001152 1e-06

0.001195 1e-06

0.00119 0

0.001239 1e-06

0.001213 1e-06

0.00128 1e-06

0.001202 1e-06

0.001189 1e-06

0.001183 1e-06

0.001187 1e-06

0.001178 1e-06

0.001186 1e-06

0.001181 1e-06

0.001204 1e-06

0.001177 1e-06

0.001188 1e-06

0.001186 1e-06

0.001194 0

0.001178 1e-06

0.001193 0

0.001153 1e-06

0.001165 1e-06

0.001158 1e-06

0.001209 1e-06

0.001196 0

0.001156 1e-06

0.001148 1e-06

0.001215 1e-06

0.001155 1e-06

0.001165 0

0.001159 1e-06

0.001188 1e-06

0.001188 1e-06

0.001173 1e-06

0.00115 1e-06

0.00116 1e-06

0.001147 1e-06

0.001166 0

0.001164 1e-06

0.001166 1e-06

0.001148 1e-06

0.001161 1e-06

0.001155 1e-06

0.001164 1e-06

0.001152 1e-06

0.00119 1e-06

0.001156 1e-06

0.001174 1e-06

0.001166 1e-06

0.001171 1e-06

0.001154 1e-06

0.00117 1e-06

0.00116 1e-06

0.001157 1e-06

0.001154 1e-06

0.001188 0

0.001174 1e-06

0.001165 1e-06

0.001155 0

0.001191 1e-06

0.001213 1e-06

0.001162 1e-06

0.001153 1e-06

0.001157 1e-06

0.001204 1e-06

0.001156 1e-06

0.001163 0

0.001214 1e-06

0.001152 1e-06

0.001159 0

0.001195 1e-06

0.00119 1e-06

0.001154 1e-06

0.001169 1e-06

0.001158 1e-06

0.001175 1e-06

0.001161 1e-06

0.001189 1e-06

0.001175 1e-06

0.001189 1e-06

0.00115 1e-06

0.001163 1e-06

0.00115 1e-06

0.001168 1e-06

0.001257 1e-06

0.001155 1e-06

0.001172 1e-06

0.001198 1e-06

0.001166 1e-06

0.00116 1e-06

0.001176 1e-06

0.00116 1e-06

0.001145 0

0.001163 1e-06

0.001158 0

0.001166 1e-06

0.001179 1e-06

0.001162 1e-06

0.00115 1e-06

0.001204 1e-06

0.001172 1e-06

0.001173 1e-06

0.001157 0

0.001156 1e-06

0.001192 0

0.001162 1e-06

0.001178 1e-06

0.001166 1e-06

0.001177 1e-06

0.00116 1e-06

0.001148 1e-06

0.001175 1e-06

0.001153 1e-06

0.001161 1e-06

0.001149 1e-06

0.001222 1e-06

0.001187 1e-06

0.0012 0

0.001188 1e-06

0.001194 1e-06

0.001166 1e-06

0.001159 1e-06

0.001154 1e-06

0.001166 1e-06

0.001149 0

0.001158 1e-06

0.00115 1e-06

0.001194 1e-06

0.001185 0

0.001188 1e-06

0.00118 1e-06

0.001199 1e-06

0.00118 0

0.001197 1e-06

0.001198 0

0.001159 1e-06

0.001155 1e-06

0.00116 1e-06

0.00115 1e-06

0.001195 1e-06

0.001181 0

0.001229 1e-06

0.001217 1e-06

0.001159 1e-06

0.001148 0

0.001161 1e-06

0.001146 1e-06

0.001159 1e-06

0.001144 1e-06

0.001153 1e-06

0.001153 1e-06

0.001165 0

0.001202 1e-06

0.001155 1e-06

0.001153 1e-06

0.001202 1e-06

0.001163 1e-06

0.001163 1e-06

0.001154 0

0.001197 1e-06

0.001149 1e-06

0.001199 2e-06

0.001157 1e-06

0.001162 1e-06

0.001187 1e-06

0.001161 1e-06

0.001156 0

0.00116 1e-06

0.001159 1e-06

0.001164 1e-06

0.001202 1e-06

0.001163 0

0.00115 1e-06

0.001167 1e-06

0.001235 1e-06

0.001203 1e-06

0.001149 1e-06

0.001159 1e-06

0.001193 0

0.001161 1e-06

0.001279 0

0.001163 1e-06

0.001157 1e-06

0.001209 1e-06

0.001167 1e-06

0.001193 1e-06

0.00118 1e-06

0.001198 1e-06

0.001156 1e-06

0.001188 1e-06

0.001158 1e-06

0.001161 1e-06

0.00115 0

0.00118 1e-06

0.001153 0

0.00116 1e-06

0.001237 1e-06

0.00122 1e-06

