0.034262 0.006951
0.04878 0.006557
0.034649 0.010436
0.03435 0.011572
0.034038 0.010772
0.03849 0.010495
0.034023 0.010828
0.034276 0.007951
0.034377 0.013455
0.034982 0.014862
0.034133 0.006849
0.042986 0.014796
0.033955 0.009675
0.052301 0.013005
0.03445 0.00847
0.042241 0.015492
0.034503 0.0096
0.03429 0.014114
0.035023 0.008416
0.034344 0.013301
0.043634 0.010358
0.035358 0.006404
0.034239 0.018112
0.035127 0.010229
0.034248 0.013782
0.034913 0.012068
0.0339 0.008804
0.034919 0.007858
0.034105 0.00921
0.034226 0.010329
0.03395 0.009688
0.034576 0.009892
0.034271 0.007387
0.03272 0.00708
0.033927 0.007773
0.034472 0.01249
0.034128 0.008827
0.034028 0.007746
0.034437 0.014464
0.034329 0.00758
0.034765 0.010879
0.034358 0.008997
0.03524 0.010671
0.03444 0.010964
0.03429 0.011978
0.034726 0.009316
0.034393 0.009381
0.034496 0.01411
0.034141 0.01178
0.03489 0.014626
0.034759 0.010559
0.049504 0.010583
0.036572 0.011511
0.034934 0.010552
0.039814 0.009143
0.034754 0.014352
0.035456 0.011279
0.034119 0.011282
0.038099 0.016648
0.034687 0.009604
0.043485 0.014763
0.034494 0.013395
0.034768 0.011201
0.045512 0.018214
0.042073 0.01482
0.034608 0.007635
0.034316 0.010209
0.035543 0.01049
0.034742 0.009866
0.035245 0.008595
0.033963 0.012787
0.036098 0.014519
0.034583 0.010253
0.03539 0.007459
0.034259 0.012733
0.034915 0.010766
0.042869 0.011548
0.042301 0.014109
0.033078 0.013211
0.035043 0.009312
0.035031 0.008586
0.034004 0.011857
0.033224 0.010931
0.034371 0.01301
0.032846 0.01031
0.038256 0.012177
0.033115 0.009923
0.047498 0.011994
0.043107 0.013808
0.034087 0.012645
0.035081 0.006115
0.034056 0.012384
0.034765 0.011144
0.03417 0.00719
0.035043 0.01185
0.034177 0.009501
0.047757 0.011122
0.034326 0.009341
0.043177 0.010056
0.037419 0.010173
0.038391 0.010155
0.034082 0.008327
0.034718 0.007124
0.03403 0.010541
0.034085 0.010715
0.03401 0.010164
0.03416 0.014478
0.034513 0.011096
0.034115 0.007762
0.034105 0.008538
0.034344 0.011033
0.034092 0.012598
0.033622 0.013876
0.034601 0.008038
0.033505 0.009432
0.036281 0.010004
0.032235 0.012137
0.035547 0.009329
0.032987 0.010711
0.034229 0.012725
0.035217 0.013188
0.035393 0.011355
0.032997 0.013046
0.045374 0.009248
0.033411 0.013702
0.048742 0.00896
0.034848 0.01445
0.034627 0.008514
0.042749 0.012865
0.034413 0.011856
0.03554 0.014286
0.034034 0.008091
0.034708 0.0066
0.034102 0.005674
0.034886 0.007788
0.034178 0.01059
0.033283 0.006049
0.034603 0.009742
0.034228 0.008115
0.035085 0.01102
0.034127 0.013006
0.045454 0.010436
0.034239 0.009599
0.034731 0.010881
0.034457 0.006218
0.034286 0.006476
0.034383 0.011309
0.034915 0.006106
0.034293 0.007944
0.034267 0.011678
0.034059 0.009911
0.034079 0.011292
0.034053 0.01069
0.034149 0.012094
0.03395 0.008924
0.028756 0.005752
0.033927 0.014289
0.034676 0.010085
0.03397 0.010314
0.034264 0.012397
0.034089 0.013065
0.034332 0.010906
0.034351 0.011483
0.034178 0.011654
0.034468 0.010539
0.033849 0.007943
0.034589 0.007908
0.032859 0.00752
0.034664 0.010687
0.034642 0.00858
0.034372 0.011572
0.034169 0.009266
0.034222 0.017165
0.034118 0.010831
0.034058 0.010263
0.034353 0.008609
0.034892 0.00796
0.034277 0.007401
0.041673 0.006912
0.041539 0.014926
0.041738 0.01056
0.037078 0.014678
0.042101 0.012642
0.042594 0.013885
0.040877 0.009518
0.041322 0.011987
0.035308 0.012057
0.034942 0.010969
0.03279 0.008843
0.034027 0.009818
0.038333 0.008661
0.034285 0.008298
0.03206 0.008092
0.034012 0.012828
0.0343 0.010088
0.034216 0.014108
0.03381 0.009844
0.034482 0.013526
0.034431 0.012776
0.034037 0.011448
0.034043 0.009209
0.034098 0.007761
0.034314 0.009557
0.034792 0.010909
0.034353 0.010024
0.035382 0.008878
0.034026 0.01058
0.03456 0.010544
0.033974 0.008051
0.034263 0.011463
0.034106 0.012388
0.034366 0.009782
0.03448 0.011225
0.034229 0.011247
0.034249 0.01137
0.034268 0.012458
0.034175 0.009976
0.032466 0.009698
0.03404 0.008746
0.032549 0.012035
0.03412 0.006613
0.034027 0.004432
0.034219 0.006012
0.034259 0.009764
0.035292 0.010056
0.03415 0.011262
0.034881 0.011739
0.03423 0.012208
0.03506 0.009684
0.0548 0.010523
0.036054 0.006744
0.035633 0.008147
0.035015 0.011293
0.035125 0.009593
0.035789 0.008368
0.034094 0.014203
0.035149 0.009373
0.034246 0.008132
0.034741 0.00911
0.034421 0.008956
0.037554 0.008206
0.034392 0.011959
0.033944 0.007961
0.034466 0.007383
0.031992 0.014641
0.036347 0.009479
0.032304 0.008864
0.037318 0.006816
0.037305 0.008686
0.034214 0.010237
0.041668 0.015689
0.034423 0.01081
0.047334 0.010659
0.037918 0.00891
0.032256 0.013527
0.034717 0.011382
0.032761 0.008306
0.037135 0.010313
0.034497 0.011783
0.034512 0.007017
0.034552 0.010196
0.035045 0.010367
0.032949 0.008485
0.034381 0.012804
0.033118 0.005501
0.035723 0.011741
0.03466 0.009654
0.035657 0.013702
0.034499 0.011812
0.03445 0.007788
0.03525 0.010178
0.034518 0.009609
0.032623 0.014638
0.034309 0.00989
0.036308 0.016242
0.035468 0.008182
0.034784 0.013794
0.034511 0.011553
0.034933 0.012615
0.034558 0.009055
0.036543 0.007263
0.035447 0.010248
0.033161 0.013007
0.034323 0.013358
0.033524 0.014778
0.034298 0.008379
0.034114 0.008765
0.034901 0.014437
0.034474 0.014762
0.034175 0.010786
0.034825 0.007372
0.034463 0.005937
0.032377 0.011836
0.034897 0.009023
0.033633 0.010122
0.034287 0.012771
0.032989 0.013913
0.034309 0.009684
0.034531 0.008801
0.034579 0.012974
0.034972 0.014867
0.034281 0.011338
0.034312 0.012264
0.035396 0.012623
0.034306 0.013736
0.03435 0.007886
0.035229 0.009579
0.034358 0.009611
0.034707 0.007321
0.036091 0.00845
0.034078 0.011084
0.038984 0.015575
0.035541 0.011156
0.034955 0.008463
0.034571 0.012768
0.035903 0.009522
0.034427 0.011097
0.037488 0.011846
0.034835 0.009936
0.03455 0.012779
0.034797 0.012707
0.042139 0.008782
0.039037 0.010205
0.034988 0.012217
0.040294 0.009882
0.040927 0.012171
0.044829 0.013654
0.034489 0.007307
0.036686 0.012579
0.034057 0.010767
0.034222 0.010072
0.034642 0.012068
0.034426 0.015491
0.034982 0.010254
0.034281 0.007243
0.03409 0.006632
0.046387 0.011959
0.034162 0.006709
0.037068 0.014221
0.03352 0.00976
0.034102 0.006441
0.034025 0.007267
0.03493 0.009445
0.034278 0.012023
0.03428 0.011496
0.034003 0.010032
0.036193 0.010872
0.034075 0.011907
0.03712 0.010409
0.034344 0.007609
0.050914 0.010404
0.034143 0.012556
0.034884 0.014722
0.035016 0.010718
0.03461 0.007748
0.034117 0.00786
0.034777 0.008299
0.034115 0.00885
0.034367 0.009664
0.031417 0.013456
0.034407 0.013778
0.035176 0.008574
0.034202 0.010242
0.034296 0.010908
0.034398 0.012984
0.036958 0.012123
0.034272 0.011911
0.034908 0.00966
0.033964 0.009763
0.03443 0.008416
0.034786 0.010429
0.034653 0.008378
0.034283 0.013055
0.033452 0.006391
0.034496 0.008808
0.032493 0.007121
0.034734 0.011381
0.033865 0.014504
0.048205 0.008744
0.033424 0.007724
0.050189 0.01217
0.035043 0.008647
0.034337 0.008191
0.032782 0.008765
0.034367 0.009942
0.032278 0.01686
0.038658 0.01623
0.034511 0.010419
0.03635 0.008717
0.035075 0.014076
0.035753 0.013773
0.035692 0.014355
0.034572 0.012188
0.034866 0.01015
0.034247 0.010387
0.044013 0.006088
0.034483 0.009941
0.051769 0.009559
0.034164 0.01452
0.034321 0.009
0.034373 0.010223
0.034618 0.004376
0.034091 0.008312
0.03444 0.01241
0.035011 0.010429
0.036517 0.010879
0.038312 0.007694
0.047709 0.01514
0.036888 0.01584
0.048269 0.014048
0.050682 0.016052
0.034779 0.015393
0.034288 0.01477
0.034476 0.00632
0.034819 0.009161
0.035622 0.008224
0.034567 0.00895
0.035202 0.013056
0.034519 0.015167
0.032647 0.014724
0.034386 0.013193
0.035382 0.013268
0.034624 0.015091
0.035683 0.012149
0.035227 0.016695
0.03983 0.006732
0.033967 0.004273
0.040996 0.010201
0.036103 0.017598
0.035674 0.01177
0.034197 0.009734
0.035071 0.006263
0.034009 0.011759
0.035712 0.009507
0.03452 0.009761
0.034724 0.010544
0.034084 0.010216
0.034559 0.007948
0.034395 0.014104
0.034354 0.011596
0.034125 0.007533
0.032561 0.007904
0.034173 0.007408
0.035001 0.011764
0.03491 0.009594
0.034239 0.007319
0.034138 0.007508
0.034091 0.01269
0.034541 0.006573
0.034233 0.007437
0.034652 0.010068
0.03428 0.01281
0.036211 0.006407
0.034961 0.006968
0.034164 0.014337
0.034128 0.013628
0.03469 0.008801
0.034265 0.01156
0.034799 0.006265
0.034089 0.013489
0.034041 0.008114
0.034237 0.010251
0.033056 0.00893
0.034445 0.005073
0.03399 0.006801
0.03411 0.007119
0.034506 0.010883
0.034819 0.009101
0.034063 0.011152
0.034877 0.011364
0.034174 0.013221
0.035757 0.010716
0.034237 0.008299
0.049396 0.011244
0.03413 0.007142
0.045222 0.007966
0.033968 0.007491
0.034476 0.008312
0.034632 0.011181
0.034799 0.012186
0.034327 0.009941
0.035417 0.012774
0.034026 0.01154
0.035039 0.011195
0.034082 0.00647
0.034749 0.009118
0.034186 0.012725
0.034693 0.007655
0.035078 0.013319
0.034492 0.010263
0.034825 0.014049
0.036472 0.008066
0.03519 0.00721
0.034888 0.008555
0.034666 0.011671
0.037281 0.00938
0.036536 0.009654
0.034485 0.010672
0.035326 0.008388
0.034083 0.013987
0.034082 0.011085
0.034202 0.014614
0.034132 0.00903
0.03266 0.01227
0.034763 0.013538
0.033512 0.015701
0.034202 0.0111
0.034551 0.01265
0.035973 0.014076
0.034601 0.012825
0.034312 0.011774
0.036316 0.01344
0.034671 0.008645
0.0347 0.008779
0.034594 0.011823
0.033709 0.015203
0.037964 0.011441
0.037138 0.009913
0.0341 0.010459
0.034474 0.005662
0.034501 0.015333
0.032688 0.012356
0.034875 0.011655
0.032934 0.012797
0.043864 0.011967
0.034954 0.011641
0.034513 0.012935
0.035021 0.008315
0.034275 0.009327
0.03444 0.012491
0.034212 0.005849
0.032978 0.013009
0.034341 0.009897
0.034848 0.008803
0.035518 0.012429
0.032481 0.01171
0.034063 0.012463
0.032623 0.01346
0.03409 0.008771
0.031839 0.006303
0.034035 0.008708
0.034468 0.014859
0.03421 0.008275
0.034211 0.009851
0.034365 0.012204
0.034634 0.012183
0.03413 0.009749
0.034069 0.011921
0.03451 0.012294
0.034147 0.010391
0.035041 0.009498
0.034473 0.011729
0.035048 0.012706
0.03411 0.00634
0.034477 0.010898
0.034299 0.00738
0.034147 0.011101
0.034089 0.011268
0.034552 0.008538
0.034267 0.007818
0.032197 0.009031
0.034233 0.00867
0.033726 0.006769
0.03422 0.00853
0.033243 0.011552
0.034208 0.014541
0.032424 0.013414
0.034194 0.012061
0.031976 0.007813
0.034443 0.012342
0.034186 0.010365
0.034226 0.00786
0.034041 0.007509
0.034169 0.009707
0.033974 0.009021
0.034804 0.008413
0.034474 0.012612
0.03668 0.010887
0.034511 0.011996
0.036024 0.010533
0.034816 0.01007
0.03493 0.008313
0.034673 0.012116
0.050244 0.008441
0.034263 0.010978
0.035122 0.007266
0.038699 0.005355
0.034775 0.014083
0.050061 0.007927
0.039258 0.010021
0.034064 0.014394
0.045947 0.011261
0.034265 0.006795
0.034602 0.010945
0.034015 0.009845
0.034155 0.010047
0.03454 0.010631
0.035009 0.01228
0.034047 0.007096
0.034786 0.010551
0.034083 0.00907
0.034506 0.011076
0.034058 0.006206
0.034377 0.011126
0.034131 0.008561
0.033993 0.013601
0.034098 0.008725
0.03686 0.010604
0.034073 0.011454
0.03223 0.010823
0.034293 0.007423
0.033431 0.012696
0.034273 0.012289
0.033377 0.007876
0.034394 0.01126
0.033928 0.008647
0.049786 0.013655
0.034068 0.01047
0.03425 0.014148
0.034088 0.006445
0.037616 0.009573
0.036351 0.007905
0.034521 0.011965
0.034608 0.007357
0.036968 0.009606
0.034202 0.014413
0.043266 0.014033
0.035869 0.009584
0.047152 0.013419
0.034792 0.010199
0.034089 0.011552
0.034734 0.007142
0.033996 0.006051
0.03423 0.009746
0.034061 0.008257
0.031989 0.009129
0.034026 0.006694
0.033713 0.010532
0.034172 0.010664
0.03406 0.012002
0.034212 0.007387
0.034089 0.008147
0.034736 0.009416
0.034077 0.014065
0.035545 0.007131
0.03536 0.012919
0.034936 0.01039
0.035009 0.012023
0.036143 0.011924
0.034022 0.01104
0.034053 0.008373
0.034393 0.008098
0.034665 0.007641
0.034465 0.010522
0.036065 0.00887
0.034213 0.012099
0.03565 0.010442
0.034105 0.011415
0.036974 0.011159
0.034633 0.01244
0.043901 0.01024
0.034143 0.007334
0.034804 0.005092
0.034084 0.010052
0.034574 0.009406
0.034095 0.012263
0.034154 0.01061
0.034064 0.011334
0.033757 0.014842
0.034104 0.008233
0.032714 0.008479
0.035282 0.015296
0.034737 0.008673
0.034066 0.010862
0.032285 0.013199
0.040827 0.013766
0.040472 0.009233
0.034163 0.007899
0.032637 0.013752
0.035114 0.007437
0.033692 0.013239
0.035375 0.010571
0.033576 0.014401
0.038085 0.007774
0.034571 0.014531
0.034178 0.010213
0.035486 0.013137
0.034256 0.007995
0.034217 0.00752
0.034209 0.008561
0.032549 0.012994
0.034524 0.008451
0.032879 0.005715
0.03442 0.007149
0.035596 0.013923
0.034417 0.007426
0.034141 0.009565
0.034538 0.013431
0.034657 0.007148
0.035022 0.007991
0.034117 0.006479
0.034637 0.009738
0.034962 0.014012
0.0351 0.007084
0.034397 0.008112
0.034846 0.012081
0.034397 0.007266
0.035517 0.010329
0.034187 0.012311
0.034977 0.014733
0.03478 0.008199
0.034337 0.008517
0.043887 0.007738
0.035804 0.014952
0.034756 0.009465
0.035636 0.009753
0.034267 0.009779
0.036137 0.006432
0.034351 0.010807
0.034886 0.01045
0.034459 0.008146
0.034429 0.012327
0.034233 0.009545
0.034251 0.008524
0.034062 0.007579
0.033458 0.008032
0.034244 0.008381
0.03289 0.008104
0.034178 0.009685
0.034047 0.010834
0.034225 0.008324
0.03428 0.009022
0.034741 0.013401
0.034248 0.013336
0.034047 0.008334
0.034369 0.010155
0.03466 0.007985
0.034251 0.011598
0.034331 0.00779
0.034458 0.007925
0.035044 0.009599
0.034197 0.014177
0.03607 0.007641
0.034192 0.011585
0.034505 0.007812
0.034807 0.009499
0.034206 0.008061
0.034478 0.01327
0.034291 0.014654
0.034181 0.011959
0.0343 0.008239
0.036475 0.012679
0.036061 0.011725
0.034337 0.014439
0.050541 0.016975
0.034262 0.012321
0.042235 0.009135
0.03414 0.007254
0.035001 0.008712
0.034119 0.007245
0.034747 0.009492
0.034138 0.008389
0.034162 0.013612
0.034437 0.008943
0.034747 0.014502
0.034301 0.012632
0.034487 0.008891
0.03495 0.011806
0.034725 0.007632
0.032049 0.008617
0.0345 0.011245
0.033964 0.008642
0.034139 0.009024
0.032731 0.007513
0.034353 0.010207
0.033141 0.014098
0.03411 0.011826
0.034101 0.0109
0.034604 0.013236
0.034434 0.00903
0.034288 0.01146
0.032461 0.014382
0.034239 0.01374
0.033509 0.009088
0.034188 0.006393
0.032561 0.008567
0.034145 0.013802
0.033051 0.010608
0.034282 0.011082
0.032589 0.007888
0.035471 0.008858
0.034357 0.011666
0.040755 0.010718
0.032725 0.014596
0.03831 0.013707
0.034191 0.014621
0.035269 0.01018
0.042762 0.013506
0.034304 0.01159
0.040695 0.00813
0.034805 0.009266
0.035522 0.008688
0.034134 0.006063
0.03518 0.005228
0.034211 0.008415
0.033018 0.011073
0.03426 0.006789
0.032627 0.009924
0.034207 0.008274
0.034253 0.010537
0.03463 0.01167
0.034111 0.01105
0.034126 0.009166
0.034135 0.00906
0.034102 0.010605
0.034047 0.010429
0.034774 0.012756
0.034974 0.012664
0.034326 0.007993
0.035459 0.010127
0.034216 0.012024
0.035559 0.012382
0.03688 0.01144
0.034221 0.008896
0.034755 0.009438
0.034392 0.004751
0.03438 0.009776
0.034495 0.013792
0.041283 0.012522
0.037692 0.011182
0.039356 0.008887
0.034344 0.01519
0.035308 0.011686
0.035533 0.010614
0.044544 0.011054
0.035286 0.014101
0.034408 0.008271
0.035373 0.008729
0.034111 0.011064
0.03473 0.008844
0.034435 0.008422
0.043025 0.013249
0.043373 0.012114
0.04171 0.017126
0.038579 0.018313
0.041267 0.014963
0.041771 0.01014
0.041276 0.006065
0.041633 0.012857
0.039672 0.014211
0.041218 0.01608
0.042843 0.009947
0.041605 0.009247
0.041537 0.012964
0.03764 0.01172
0.034096 0.00795
0.032556 0.012707
0.034233 0.013945
0.033177 0.006577
0.035417 0.012615
0.035071 0.010372
0.034097 0.007784
0.03288 0.014252
0.034062 0.010966
0.032309 0.012063
0.034069 0.008632
0.034036 0.013106
0.03458 0.00785
0.034069 0.007623
0.034166 0.012944
0.034101 0.009224
0.034517 0.010388
0.034577 0.006789
0.034868 0.008829
0.03447 0.012003
0.035621 0.01198
0.034247 0.013961
0.03492 0.007545
0.034034 0.011416
0.035781 0.011499
0.034722 0.008689
0.034643 0.00976
0.034028 0.010829
0.034403 0.014222
0.034373 0.012364
0.036076 0.013619
0.034076 0.005609
0.034161 0.009082
0.033968 0.008602
0.034152 0.015242
0.034002 0.009409
0.034482 0.005872
0.033901 0.011704
0.03326 0.012829
0.034058 0.009963
0.032867 0.005546
0.034125 0.009374
0.034639 0.008763
0.034788 0.009602
0.03519 0.015342
0.034123 0.006897
0.034176 0.012435
0.03422 0.008996
0.035671 0.008735
0.035003 0.011733
0.035873 0.011514
0.03468 0.007562
0.034411 0.005367
0.034513 0.011579
0.03426 0.010601
0.034137 0.013109
0.034141 0.008011
0.034561 0.006887
0.034205 0.012382
0.034063 0.009225
0.034215 0.01014
0.03335 0.010231
0.047652 0.015901
0.047809 0.013281
0.04588 0.014289
0.047662 0.00628
0.048433 0.011228
0.039229 0.012026
0.034498 0.008632
0.032651 0.012779
0.034494 0.011939
0.033151 0.012794
0.03459 0.008586
0.03294 0.010287
0.034503 0.013459
0.034314 0.011038
0.034442 0.009458
0.032744 0.01028
0.034377 0.007828
0.034395 0.014136
0.034329 0.008295
0.034137 0.011679
0.034611 0.006708
0.034383 0.010802
0.034639 0.009315
0.034338 0.011629
0.034549 0.007089
0.034412 0.010287
0.034655 0.01193
0.034533 0.005222
0.035134 0.012361
0.034329 0.006021
0.035466 0.00985
0.034382 0.007234
0.034895 0.006992
0.034378 0.008386
0.034551 0.012511
0.034423 0.01121
0.034527 0.006764
0.034414 0.010479
0.033047 0.014515
0.034454 0.010227
0.034197 0.014198
0.034326 0.012776
0.034635 0.006601
0.034535 0.008122
0.032309 0.011882
0.034514 0.004898
0.033025 0.010536
0.034424 0.008049
0.034567 0.012043
0.034416 0.011371
0.034387 0.007913
0.035622 0.009371
0.034377 0.011381
0.034293 0.010896
0.033632 0.01469
0.034666 0.010784
0.031989 0.00585
0.034517 0.010202
0.034625 0.010428
0.034389 0.010182
0.034265 0.014727
0.034459 0.009893
0.034416 0.01097
0.034519 0.009941
0.034353 0.009402
0.034671 0.01044
0.034323 0.008264
0.034758 0.013237
0.034276 0.00886
0.034443 0.007735
0.034506 0.011395
0.034996 0.009651
0.034477 0.007129
0.035285 0.013532
0.034421 0.010848
0.035687 0.009429
0.034399 0.010422
0.035363 0.011989
0.034483 0.010004
0.035088 0.005489
0.034409 0.008266
0.034611 0.012898
0.034822 0.008408
