0.008862 0.001617

0.00885 0.002441

0.009194 0.002851

0.009604 0.003256

0.008721 0.001462

0.008743 0.003083

0.008567 0.001935

0.008678 0.002486

0.008675 0.003283

0.008519 0.002356

0.008569 0.002562

0.008548 0.002304

0.008627 0.002346

0.008591 0.002216

0.008619 0.003249

0.008682 0.00241

0.00856 0.001726

0.009352 0.003286

0.008575 0.003333

0.008544 0.003023

0.008577 0.001815

0.008636 0.001905

0.00872 0.001745

0.008702 0.001365

0.009047 0.002995

0.008722 0.003057

0.008645 0.00351

0.008627 0.00304

0.009279 0.002411

0.009432 0.004532

0.009105 0.002935

0.008765 0.002723

0.008707 0.002915

0.008665 0.003115

0.008549 0.002507

0.008629 0.001954

0.008493 0.003262

0.00857 0.001577

0.008513 0.002066

0.008548 0.002065

0.008434 0.002136

0.008533 0.001462

0.008407 0.002916

0.008587 0.00267

0.00861 0.001078

0.008536 0.002887

0.008557 0.003133

0.008646 0.002938

0.00862 0.001765

0.008491 0.003078

0.008567 0.002526

0.008837 0.003048

0.008572 0.003078

0.008473 0.00322

0.008479 0.001741

0.008513 0.002843

0.008518 0.003023

0.008307 0.00158

0.008542 0.002863

0.008497 0.002618

0.00864 0.002401

0.00857 0.00319

0.008743 0.00347

0.008444 0.002636

0.008401 0.002681

0.008992 0.002355

0.008523 0.001865

0.008458 0.001683

0.008435 0.001664

0.008318 0.002556

0.008443 0.002842

0.00836 0.003203

0.008512 0.002873

0.00935 0.002864

0.009031 0.002124

0.008663 0.00303

0.008672 0.001709

0.00871 0.002139

0.008757 0.00244

0.008769 0.00266

0.00852 0.001729

0.008621 0.002393

0.009192 0.002649

0.009845 0.002827

0.00937 0.001742

0.009073 0.003446

0.008551 0.002605

0.008583 0.002772

0.008779 0.002036

0.008661 0.001731

0.008586 0.002607

0.008728 0.002162

0.00984 0.002322

0.008598 0.003705

0.008847 0.002754

0.008557 0.001901

0.00865 0.002326

0.012583 0.003544

0.012497 0.003066

0.013029 0.004157

0.012993 0.005127

0.01296 0.002982

0.013233 0.003027

0.012571 0.005398

0.013013 0.00657

0.014203 0.006996

0.013855 0.00641

0.012984 0.00452

0.01317 0.0071

0.014143 0.004254

0.014451 0.003136

0.012654 0.004999

0.01236 0.00305

0.011941 0.006267

0.012766 0.005868

0.012637 0.003948

0.012975 0.005172

0.011672 0.005136

0.009467 0.00599

0.011871 0.003279

0.013001 0.004502

0.011172 0.003502

0.010935 0.003573

0.012201 0.002144

0.009457 0.003579

0.008935 0.002057

0.011078 0.004583

0.01016 0.002974

0.009047 0.001967

0.008857 0.003949

0.008921 0.003504

0.009513 0.003393

0.008762 0.003314

0.00899 0.004021

0.008937 0.003718

0.008828 0.002683

0.008849 0.003064

0.00888 0.001933

0.008806 0.002544

0.009415 0.002249

0.008753 0.003212

0.009916 0.002619

0.008656 0.002441

0.008785 0.002973

0.008725 0.001503

0.010721 0.003113

0.008713 0.001812

0.008837 0.002156

0.008688 0.005788

0.009521 0.001244

0.009381 0.002174

0.008542 0.00241

0.008469 0.002438

0.008536 0.002745

0.008312 0.002521

0.008397 0.003358

0.008527 0.002762

0.008661 0.002566

0.009033 0.003499

0.008532 0.001811

0.008798 0.003068

0.008541 0.002937

0.008441 0.00322

0.00855 0.002707

0.008675 0.002852

0.008452 0.001931

0.008348 0.002761

0.008447 0.002851

0.009559 0.001563

0.008401 0.001774

0.008375 0.001584

0.008472 0.003293

0.008922 0.002514

0.008891 0.002015

0.008607 0.001999

0.008492 0.001782

0.008377 0.002524

0.008592 0.001981

0.008478 0.002144

0.008358 0.001793

0.008671 0.002235

0.008394 0.002787

0.00838 0.002489

0.008335 0.00272

0.00835 0.001597

0.008405 0.002729

0.008366 0.003259

0.00832 0.001976

0.009214 0.002813

0.008289 0.001561

0.00834 0.002122

0.008403 0.002152

0.008392 0.003046

0.008373 0.0027

0.008376 0.001244

0.008423 0.002291

0.008366 0.002667

0.008342 0.00195

0.008421 0.002518

0.008365 0.002388

0.008354 0.002499

0.008362 0.003276

0.008356 0.002755

0.008261 0.001974

0.008328 0.002103

0.008484 0.002107

0.008295 0.002046

0.008309 0.002398

0.008359 0.003352

0.008331 0.002215

0.008407 0.003733

0.008476 0.002943

0.008368 0.002449

0.008364 0.003017

0.00829 0.002262

0.008407 0.002267

0.008291 0.003136

0.00836 0.003277

0.008336 0.003077

0.008381 0.002908

0.008339 0.003348

0.008449 0.002791

0.008325 0.001884

0.008362 0.002854

0.008329 0.002305

0.008382 0.002816

0.008293 0.002097

0.008307 0.003347

0.008358 0.001941

0.008287 0.002763

0.008258 0.002053

0.00844 0.002126

0.00828 0.001888

0.008346 0.002796

0.008361 0.002614

0.008466 0.001685

0.008448 0.001644

0.008334 0.002178

0.008285 0.003161

0.008393 0.001553

0.008305 0.002949

0.009085 0.002734

0.008496 0.002363

0.008343 0.002264

0.008382 0.002417

0.008522 0.002259

0.008447 0.00261

0.008407 0.002652

0.008389 0.002406

0.008392 0.002715

0.008365 0.002491

0.009858 0.002106

0.009624 0.002187

0.008402 0.002632

0.008369 0.002269

0.008371 0.002876

0.008353 0.002028

0.008296 0.002658

0.008333 0.001601

0.008565 0.002926

0.008306 0.002347

0.008327 0.002276

0.008345 0.002508

0.008309 0.002731

0.008266 0.002566

0.008398 0.001472

0.008459 0.002357

0.008353 0.003274

0.008291 0.003231

0.008374 0.002885

0.008362 0.002632

0.008316 0.002796

0.008431 0.002791

0.008363 0.003085

0.008306 0.002847

0.00839 0.002465

0.009206 0.001675

0.008402 0.00258

0.008525 0.002293

0.008435 0.002753

0.008352 0.001372

0.008309 0.002824

0.008503 0.002829

0.008307 0.003266

0.008395 0.00235

0.008421 0.002887

0.008304 0.00233

0.008448 0.003206

0.008332 0.002945

0.008287 0.002642

0.008321 0.00191

0.008341 0.002088

0.008397 0.002667

0.008359 0.001973

0.008338 0.001455

0.008345 0.001417

0.008403 0.003113

0.008364 0.002746

0.008364 0.003055

0.008452 0.002434

0.00832 0.00246

0.008341 0.00277

0.008369 0.003211

0.008415 0.001957

0.008452 0.002735

0.008327 0.002404

0.008325 0.001783

0.008992 0.002622

0.00827 0.002141

0.0084 0.002481

0.008333 0.002721

0.008367 0.00208

0.00829 0.002805

0.008472 0.002299

0.008299 0.002208

0.008305 0.001873

0.008356 0.001304

0.00832 0.001833

0.0085 0.002235

0.008353 0.001444

0.008348 0.002141

0.008543 0.002318

0.008354 0.002048

0.008679 0.002272

0.008517 0.002674

0.00837 0.002278

0.008312 0.003255

0.00845 0.002347

0.008361 0.002302

0.008425 0.002155

0.008365 0.002626

0.008421 0.002372

0.008288 0.001449

0.008345 0.002755

0.009385 0.002367

0.008381 0.002014

0.008337 0.002915

0.008369 0.003167

0.008568 0.00212

0.008464 0.002464

0.008539 0.001445

0.00866 0.002455

0.008653 0.002364

0.00865 0.001538

0.008599 0.002764

0.00832 0.001797

0.008337 0.002921

0.008376 0.002505

0.008342 0.001716

0.009112 0.002982

0.008548 0.0016

0.008491 0.001484

0.008493 0.003189

0.008542 0.002638

0.008533 0.002055

0.008529 0.00298

0.008515 0.002435

0.008555 0.001539

0.008531 0.002063

0.008572 0.003064

0.009135 0.002239

0.008611 0.002517

0.008427 0.002854

0.0084 0.001893

0.009557 0.001558

0.008494 0.002055

0.008574 0.003039

0.008406 0.001771

0.008308 0.001415

0.008885 0.002124

0.008607 0.001956

0.008982 0.002452

0.008558 0.002537

0.008492 0.003268

0.008426 0.002496

0.008542 0.002629

0.008565 0.002526

0.008935 0.002783

0.011577 0.002534

0.011921 0.003538

0.008971 0.002882

0.009862 0.003797

0.008641 0.003454

0.008769 0.003213

0.008649 0.001723

0.008563 0.002791

0.009336 0.003406

0.014035 0.00567

0.009246 0.002985

0.008788 0.002615

0.009034 0.002843

0.008695 0.002072

0.008597 0.00215

0.008699 0.002277

0.00871 0.002579

0.008628 0.002425

0.009432 0.003514

0.009233 0.00374

0.00869 0.00226

0.00878 0.002911

0.008668 0.003012

0.008609 0.002304

0.008518 0.002409

0.00853 0.002715

0.008491 0.001688

0.008643 0.001584

0.010147 0.002312

0.008436 0.002922

0.008525 0.002112

0.008543 0.001522

0.008667 0.001849

0.010052 0.00264

0.008598 0.003351

0.008578 0.002315

0.010691 0.004396

0.008932 0.002676

0.008801 0.002455

0.008868 0.001827

0.008967 0.003942

0.009174 0.001919

0.009532 0.006346

0.012691 0.004929

0.013031 0.005458

0.012193 0.006104

0.011718 0.003751

0.011626 0.003169

0.008966 0.002961

0.008982 0.002718

0.008652 0.003464

0.008872 0.002205

0.010616 0.006952

0.009855 0.003424

0.009112 0.002887

0.008811 0.002465

0.00886 0.003474

0.008908 0.002777

0.009134 0.002047

0.009167 0.003373

0.008955 0.002614

0.012149 0.00357

0.009082 0.003842

0.010028 0.002732

0.00881 0.003616

0.008811 0.002604

0.008744 0.003567

0.008839 0.002954

0.009631 0.003439

0.011715 0.002899

0.009342 0.003398

0.010424 0.004729

0.009301 0.003581

0.01009 0.002622

0.009076 0.003825

0.009007 0.003811

0.008837 0.003202

0.008981 0.003546

0.009145 0.003512

0.009216 0.002737

0.009407 0.00384

0.009326 0.002248

0.009143 0.004031

0.008983 0.002099

0.010981 0.002958

0.013956 0.005638

0.008899 0.002472

0.009015 0.00331

0.008785 0.003078

0.008811 0.003168

0.008862 0.006724

0.009087 0.002595

0.008989 0.002786

0.008976 0.002213

0.00875 0.003322

0.008976 0.002227

0.010268 0.002116

0.009884 0.001745

0.008867 0.002653

0.009044 0.003276

0.010368 0.00431

0.00982 0.00412

0.00932 0.002233

0.008941 0.004974

0.008961 0.003464

0.008654 0.003468

0.008624 0.003465

0.008409 0.00227

0.008344 0.001546

0.008278 0.003352

0.008418 0.002124

0.008271 0.001606

0.008285 0.002297

0.00828 0.002923

0.00847 0.001936

0.008457 0.002905

0.008381 0.002605

0.008324 0.001335

0.008333 0.002852

0.008262 0.002761

0.008259 0.003887

0.008505 0.002497

0.008302 0.002841

0.011729 0.004069

0.008493 0.002907

0.008452 0.00299

0.008422 0.003305

0.008492 0.002084

0.008283 0.001603

0.008286 0.002248

0.008387 0.003025

0.008325 0.002792

0.008314 0.001971

0.008513 0.001558

0.008432 0.002076

0.00845 0.001992

0.008399 0.002744

0.008594 0.00249

0.008648 0.002937

0.008488 0.001625

0.008305 0.002768

0.008379 0.002337

0.008234 0.002076

0.008216 0.002747

0.008297 0.001479

0.00828 0.002058

0.008361 0.002529

0.008454 0.002541

0.008568 0.002017

0.008515 0.003352

0.008409 0.002846

0.008448 0.002706

0.008585 0.002308

0.008556 0.003091

0.00846 0.002046

0.008522 0.003426

0.008455 0.002861

0.008459 0.002655

0.00873 0.001952

0.008291 0.002706

0.008287 0.003269

0.008483 0.003505

0.008431 0.00175

0.008541 0.002616

0.008507 0.002039

0.008671 0.001773

0.008695 0.002187

0.00858 0.002032

0.008538 0.002852

0.008564 0.002431

0.008442 0.002037

0.008436 0.003364

0.008481 0.001903

0.00849 0.002129

0.008408 0.002183

0.008467 0.003231

0.00831 0.002128

0.008396 0.002809

0.008316 0.00302

0.00838 0.001992

0.008322 0.003043

0.008284 0.002192

0.008306 0.00202

0.008435 0.002127

0.008433 0.002497

0.008417 0.00305

0.008554 0.003312

0.008406 0.002681

0.008396 0.002475

0.008804 0.001802

0.008369 0.00243

0.008381 0.002557

0.008481 0.003062

0.00834 0.001713

0.008463 0.002091

0.008289 0.001495

0.008522 0.00164

0.008578 0.001708

0.008416 0.002504

0.008548 0.001816

0.008615 0.002417

0.008569 0.003394

0.00848 0.002355

0.008508 0.002879

0.008496 0.002481

0.008498 0.001756

0.008527 0.002738

0.008498 0.002328

0.008827 0.002682

0.008618 0.003094

0.008549 0.002161

0.008629 0.00317

0.008525 0.001719

0.008574 0.0025

0.008624 0.00148

0.008537 0.002303

0.00855 0.002102

0.008647 0.00284

0.00853 0.002845

0.008605 0.00209

0.008702 0.002057

0.008643 0.002391

0.008551 0.001954

0.008668 0.00301

0.008482 0.002028

0.008476 0.003162

0.008436 0.002286

0.008391 0.003271

0.008355 0.001869

0.008335 0.002875

0.008537 0.002017

0.008367 0.003235

0.008566 0.002609

0.008281 0.00243

0.008303 0.002215

0.008332 0.002523

0.008243 0.002453

0.008317 0.002221

0.008419 0.002341

0.011146 0.004856

0.012623 0.005252

0.012588 0.003576

0.00933 0.002868

0.009868 0.002134

0.0093 0.002762

0.01023 0.003092

0.013739 0.004074

0.010303 0.002507

0.009287 0.001781

0.009591 0.001713

0.009014 0.003494

0.008739 0.003094

0.008847 0.002079

0.008896 0.003025

0.009394 0.003447

0.008501 0.002661

0.00851 0.002833

0.009773 0.002108

0.008553 0.002136

0.008643 0.002843

0.008543 0.002007

0.008536 0.0026

0.008489 0.002278

0.008526 0.001096

0.008632 0.003036

0.008603 0.002976

0.012251 0.002705

0.008665 0.002243

0.008407 0.002618

0.008455 0.002098

0.008545 0.00142

0.008444 0.001956

0.008328 0.003367

0.008552 0.00274

0.008487 0.001535

0.008324 0.003038

0.008569 0.002465

0.00852 0.002028

0.008682 0.003289

0.008515 0.002994

0.008997 0.004146

0.008717 0.001574

0.008778 0.001938

0.00912 0.001717

0.009402 0.002083

0.012779 0.004739

0.009126 0.003249

0.00881 0.002545

0.008641 0.002108

0.008765 0.002956

0.008902 0.001966

0.008785 0.002235

0.008547 0.001617

0.00845 0.002935

0.00851 0.00223

0.008497 0.002556

0.008507 0.001684

0.0085 0.002177

0.008668 0.003486

0.008494 0.003319

0.00989 0.005727

0.009121 0.002586

0.009183 0.003046

0.009309 0.003022

0.008571 0.003094

0.009814 0.003337

0.008811 0.002177

0.009288 0.001713

0.00892 0.001928

0.008749 0.003199

0.008766 0.002331

0.008541 0.003647

0.008521 0.002202

0.009409 0.003411

0.00858 0.001635

0.008914 0.002468

0.008579 0.003447

0.008539 0.002746

0.008666 0.00332

0.008656 0.00213

0.00865 0.001906

0.008657 0.001828

0.008604 0.002484

0.008558 0.002186

0.008489 0.003048

0.008436 0.002985

0.008406 0.001723

0.00833 0.002548

0.008627 0.002427

0.00838 0.003178

0.008693 0.003013

0.009881 0.002276

0.008495 0.001757

0.008576 0.003107

0.008512 0.002306

0.008486 0.003157

0.00865 0.003581

0.010027 0.002414

0.008703 0.001744

0.0087 0.002491

0.008725 0.003493

0.008893 0.00272

0.008601 0.002645

0.008622 0.002791

0.008681 0.002233

0.008594 0.002587

0.008604 0.002558

0.008427 0.003196

0.008514 0.002714

0.008564 0.00217

0.00847 0.003545

0.008713 0.003012

0.008646 0.002817

0.008689 0.002263

0.008992 0.002388

0.008701 0.002014

0.008486 0.00345

0.012559 0.004899

0.008915 0.001691

0.008622 0.002841

0.008511 0.002439

0.008617 0.002167

0.008761 0.001917

0.008636 0.003725

0.008609 0.003037

0.010479 0.003328

0.009182 0.002066

0.013208 0.001815

0.010668 0.0018

0.009274 0.002418

0.009011 0.002563

0.009262 0.001673

0.008934 0.002159

0.008793 0.001727

0.009183 0.00217

0.008897 0.003147

0.008804 0.003144

0.00872 0.00202

0.010462 0.002936

0.009233 0.00226

0.009318 0.001824

0.009858 0.002557

0.009214 0.003335

0.00931 0.003643

0.009628 0.001936

0.009659 0.002155

0.010516 0.001853

0.009828 0.003614

0.009307 0.002923

0.008901 0.004367

0.00858 0.002918

0.008919 0.003119

0.011758 0.001918

0.010069 0.002445

0.012163 0.004358

0.008929 0.003645

0.008752 0.002195

0.011004 0.002351

0.009064 0.002709

0.008744 0.002671

0.008593 0.002733

0.009347 0.003353

0.009854 0.003193

0.00862 0.003721

0.008839 0.001686

0.008778 0.002045

0.008899 0.002588

0.011042 0.002295

0.010594 0.003369

0.009268 0.003242

0.011702 0.004191

0.00983 0.002733

0.010817 0.003574

0.010096 0.004359

0.011026 0.003816

0.010594 0.004524

0.008863 0.0026

0.00982 0.002352

0.009432 0.002189

0.009395 0.00304

0.010196 0.002961

0.009542 0.00447

0.009528 0.003918

0.008901 0.002774

0.008691 0.00265

0.008547 0.003281

0.008595 0.002254

0.008559 0.001964

0.00864 0.002217

0.008565 0.001587

0.008953 0.00283

0.008623 0.003052

0.008569 0.003484

0.008667 0.003142

0.008559 0.003411

0.00862 0.002747

0.00843 0.001564

0.008528 0.002527

0.008331 0.002569

0.008352 0.001962

0.00844 0.002641

0.008376 0.00265

0.008561 0.003438

0.008642 0.001819

0.008798 0.002041

0.008666 0.00237

0.00902 0.002535

0.009037 0.002774

0.008576 0.002062

0.008496 0.002231

0.008399 0.003279

0.008514 0.002136

0.009116 0.003016

0.008419 0.001491

0.008475 0.002507

0.008471 0.002255

0.00841 0.002569

0.00839 0.002699

0.008378 0.002059

0.008442 0.003369

0.008322 0.002788

0.008379 0.002666

0.008395 0.001771

0.00836 0.002778

0.008491 0.002725

0.0085 0.003019

0.009379 0.002527

0.008568 0.002332

0.00859 0.002656

0.009331 0.001912

0.008481 0.001678

0.008721 0.003092

0.008499 0.002901

0.009195 0.002589

0.009376 0.002015

0.009274 0.00225

0.008556 0.003381

0.009473 0.003199

0.008574 0.002685

0.008654 0.002482

0.008456 0.002509

0.008521 0.003205

0.009763 0.002894

0.008466 0.001822

0.014464 0.003092

0.012448 0.003188

0.008785 0.002973

0.008753 0.00237

0.011241 0.003744

0.009761 0.00221

0.011582 0.003477

0.0091 0.003389

0.009959 0.002759

0.008688 0.0033

0.008532 0.002262

0.008831 0.002856

0.01248 0.003584

0.009928 0.002423

0.008973 0.004668

0.013173 0.002751

0.008595 0.003028

0.008704 0.002933

0.008426 0.001996

0.008667 0.002684

0.008539 0.001986

0.008477 0.002933

0.008992 0.002083

0.009291 0.002748

0.009132 0.002496

0.00925 0.001977

0.008601 0.002722

0.008572 0.003618

0.008521 0.003628

0.008594 0.00235

0.008539 0.002132

0.008514 0.002135

0.008551 0.002425

0.008565 0.001832

0.00867 0.00332

0.008583 0.002258

0.008889 0.002321

0.008551 0.001998

0.008646 0.001414

0.008885 0.00293

0.008622 0.002093

0.008943 0.003474

0.008498 0.002794

0.008383 0.002552

0.008716 0.003466

0.008755 0.001974

0.008574 0.002525

0.009519 0.003188

0.008466 0.001743

0.008616 0.001999

0.008571 0.00333

0.008397 0.002976

0.008478 0.002802

0.00845 0.002586

0.008358 0.001942

0.008358 0.003026

0.008549 0.003722

0.008383 0.001572

0.008584 0.00289

0.008621 0.002932

0.008584 0.002548

0.008713 0.002144

0.008573 0.002822

0.008583 0.002297

0.008673 0.002317

0.008565 0.001792

0.008533 0.002313

0.008532 0.002097

0.009272 0.005382

0.01254 0.003779

0.008757 0.002291

0.008683 0.003059

0.008935 0.002594

0.009067 0.003325

0.009296 0.00227

0.008943 0.002294

0.009129 0.002013

0.009092 0.002384

0.009122 0.002762

0.008807 0.003155

0.008904 0.003442

0.008671 0.001882

0.008685 0.002777

0.00867 0.002291

0.00869 0.002621

0.008579 0.003356

0.008875 0.003528

0.008551 0.00305

0.00858 0.002378

0.008572 0.002264

0.008565 0.002331

0.008849 0.002956

0.00852 0.003618

0.008642 0.003018

0.008571 0.001764

0.008491 0.001493

0.008516 0.003022

0.008616 0.002145

0.008968 0.001988

0.008795 0.003449

0.008643 0.003305

0.008545 0.002621

0.00849 0.003456

0.008537 0.002268

0.008529 0.002048

0.008637 0.002459

0.008525 0.002121

0.008604 0.002355

0.008677 0.002294

0.008707 0.001576

0.009251 0.002569

0.008625 0.002762

0.008587 0.002504

0.008738 0.002589

0.008706 0.00333

0.008709 0.002821

0.009351 0.002748

0.008981 0.002885

0.008923 0.002562

0.00901 0.003384

0.008795 0.00184

0.009207 0.002288

0.008635 0.003308

0.00884 0.002558

0.008809 0.001314

0.008665 0.002213

0.00887 0.001465

0.008607 0.001662

0.008614 0.00316

0.008543 0.001943

0.008497 0.002377

0.008549 0.002619

0.008528 0.002553

0.008546 0.001797

0.008534 0.002038

0.008589 0.002633

0.008531 0.001734

0.008763 0.00233

