0.019888 0.000245
0.019699 0.000281
0.019657 0.000221
0.016817 0.00021
0.020978 0.000256
0.019701 0.000178
0.019586 0.000147
0.019708 8.8e-05
0.019451 0.000172
0.01982 0.000149
0.019639 0.000124
0.01956 0.000131
0.015509 0.000237
0.020673 0.000227
0.019731 0.000149
0.019687 0.000256
0.019638 0.000123
0.019735 0.00027
0.019931 0.000189
0.019749 0.000275
0.019572 0.000263
0.017505 0.000235
0.02006 0.000224
0.019874 0.000177
0.019709 0.000222
0.019648 0.000142
0.019793 9.4e-05
0.016416 7.2e-05
0.016294 0.000105
0.016248 0.000145
0.016234 0.000241
0.014448 6.1e-05
0.017288 0.000241
0.016299 0.000156
0.016227 0.000239
0.016261 0.00019
0.016459 0.000187
0.016312 0.000223
0.016475 0.000237
0.016226 0.00024
0.016189 0.000225
0.016263 0.000195
0.016619 6.7e-05
0.017462 0.000179
0.016432 0.000223
0.016399 0.000241
0.016439 0.000203
0.0163 0.000226
0.016336 0.000247
0.016615 0.000248
0.01628 0.000174
0.016286 0.000243
0.016249 0.000136
0.016126 0.00011
0.016498 0.000199
0.016343 8.9e-05
0.016264 0.000171
0.016356 0.000224
0.016192 0.000235
0.015745 0.000239
0.016524 0.000168
0.016315 0.000237
0.01621 0.000199
0.016176 0.000226
0.016345 0.000209
0.016321 0.00021
0.016345 0.000181
0.016239 0.000227
0.016227 0.000185
0.016341 0.000236
0.015067 0.000196
0.016431 0.000245
0.016295 0.000181
0.016491 0.000139
0.016245 0.000238
0.016252 0.000219
0.016347 0.000212
0.016675 0.000103
0.016226 0.000145
0.016223 0.000202
0.016272 0.00012
0.016055 0.000212
0.016386 0.00014
0.016357 0.000194
0.016313 0.000148
0.016234 0.000137
0.016207 0.000149
0.015497 0.000261
0.017415 7.9e-05
0.016304 0.000198
0.016132 0.000192
0.016207 0.000196
0.016344 0.000184
0.016297 0.000172
0.016289 0.000239
0.016271 0.000157
0.016446 0.000241
0.016194 0.000172
0.015037 0.000208
0.01629 0.000133
0.016377 0.000245
0.016301 0.000105
0.016232 0.000191
0.016214 0.000116
0.016484 0.000136
0.016688 0.0002
0.01627 0.000191
0.01626 0.000112
0.016208 0.00016
0.015134 8.4e-05
0.01627 0.000223
0.016414 7.1e-05
0.016251 0.000143
0.016416 0.000219
0.016314 0.000178
0.016335 0.000231
0.016481 0.00016
0.016282 0.00011
0.01619 0.000209
0.016231 7.4e-05
0.015601 0.00022
0.016458 0.000255
0.01637 0.000237
0.016227 0.000233
0.016281 0.000208
0.016308 0.000218
0.0163 0.00022
0.016414 0.000182
0.016306 0.000197
0.016289 0.000242
0.016251 0.00012
0.015556 0.000254
0.016407 0.000121
0.01637 0.000159
0.016232 0.000214
0.016342 0.000176
0.016394 0.000121
0.016456 0.000121
0.016439 0.00014
0.017312 0.000172
0.017158 0.000229
0.017103 0.000175
0.016502 0.000238
0.016543 8.6e-05
0.016354 0.000221
0.016278 0.000234
0.016529 0.000199
0.01632 0.000165
0.017597 0.000199
0.018778 0.000249
0.016397 0.0002
0.01634 6.2e-05
0.016201 8.5e-05
0.016369 0.000131
0.01657 0.000236
0.016324 9.7e-05
0.016534 0.000143
0.016342 0.000129
0.015636 0.000176
0.016589 0.000211
0.018823 0.000145
0.016352 0.000198
0.016519 0.000239
0.01651 0.000239
0.016651 0.000206
0.017036 0.000246
0.016343 0.000233
0.016311 0.000139
0.01638 0.000186
0.015418 0.000182
0.016426 0.000119
0.016362 0.000243
0.016322 0.00016
0.016258 0.00023
0.016304 0.000189
0.016328 0.000233
0.016626 0.000249
0.016412 0.000103
0.016277 0.000154
0.01627 0.000205
0.016457 0.000242
0.016421 0.000141
0.016336 0.000143
0.016333 0.000203
0.016315 0.000182
0.016346 0.000142
0.015644 0.000142
0.016318 0.000127
0.016215 0.000207
0.016287 0.000236
0.016272 0.000108
0.016234 0.000207
0.017296 0.000225
0.016426 0.000201
0.016269 0.000238
0.016294 0.00021
0.01627 0.000168
0.015794 0.000176
0.01633 0.00019
0.016326 0.000177
0.016291 0.000133
0.017751 0.000251
0.018422 0.000255
0.01639 0.000235
0.016386 0.00024
0.016299 0.000165
0.023136 0.000145
0.016532 0.000219
0.016489 0.000256
0.016567 0.000184
0.016357 0.000116
0.016391 0.000142
0.016403 0.000132
0.015 9.7e-05
0.016248 8.2e-05
0.0164 0.000208
0.016362 9e-05
0.016214 0.000169
0.016171 0.000231
0.016299 0.0002
0.017736 9.1e-05
0.016316 0.000219
0.016171 0.000199
0.016241 0.000207
0.01625 5.6e-05
0.016377 0.000164
0.016269 0.0002
0.016193 0.000226
0.016424 0.00023
0.016288 0.000239
0.015209 0.0002
0.016366 0.000322
0.016366 0.000131
0.016288 0.000176
0.016238 8.6e-05
0.016233 0.000226
0.016703 8.9e-05
0.016557 0.000231
0.016729 0.000164
0.016285 0.000146
0.016453 0.000229
0.015708 0.000138
0.016944 0.000153
0.016477 0.000247
0.018536 0.000154
0.016703 0.000249
0.016438 0.000233
0.016669 0.000137
0.016696 0.000245
0.016349 0.000214
0.016345 0.000229
0.01632 6.5e-05
0.019651 0.000139
0.019943 0.000102
0.016336 0.000239
0.01629 0.000126
0.01629 0.000235
0.020378 0.000326
0.016676 0.000196
0.016338 0.000188
0.016326 0.000208
0.016251 0.000214
0.015173 0.000244
0.016441 9.9e-05
0.016605 0.000226
0.016216 0.000153
0.016231 0.000236
0.016208 0.000231
0.016272 0.000169
0.016628 0.000238
0.016224 0.000228
0.016219 0.000215
0.01645 0.000247
0.014526 0.000243
0.016262 0.000171
0.016392 0.000243
0.016301 0.000233
0.016255 8.1e-05
0.016247 0.000152
0.016314 0.000211
0.017569 0.000261
0.016305 0.000236
0.016262 0.000152
0.016244 0.000127
0.016599 0.000215
0.014161 0.000135
0.016379 0.00024
0.016205 0.000236
0.017825 0.000211
0.016874 0.000216
0.017074 0.000236
0.016452 0.000233
0.016335 6.5e-05
0.016375 0.000234
0.016301 0.000161
0.016327 0.000234
0.016617 0.00021
0.016323 0.000294
0.017527 0.000131
0.016833 0.000173
0.015638 0.000311
0.016311 0.00021
0.016395 0.000111
0.018357 0.000193
0.016598 0.000198
0.01632 0.000233
0.01631 0.000123
0.022334 0.000273
0.017424 0.000191
0.016245 0.000194
0.016334 0.000146
0.016578 0.000242
0.016609 0.000224
0.016425 0.00024
0.016266 0.000177
0.01625 0.00014
0.016865 0.000125
0.016808 0.000169
0.01633 0.00021
0.016285 0.000145
0.016414 0.000186
0.016401 0.000233
0.016328 0.000133
0.016968 0.00019
0.023897 0.000296
0.023144 0.000245
0.016303 0.000236
0.016296 0.00023
0.016724 0.000209
0.023903 0.000325
0.024022 0.000173
0.01661 0.000132
0.016679 0.000263
0.016503 0.000239
0.016393 0.000157
0.021578 0.000229
0.023592 0.000327
0.016466 0.000246
0.016332 0.000226
0.016355 0.000232
0.016343 0.000201
0.016274 8.9e-05
0.019675 0.000245
0.017132 0.000182
0.016303 0.000122
0.016227 9.3e-05
0.016609 0.000237
0.01625 0.000105
0.01631 0.000232
0.016287 0.000234
0.016726 0.000189
0.016318 0.000153
0.016148 0.000147
0.015092 0.000189
0.016379 0.000248
0.016355 0.000159
0.016287 0.000229
0.016221 0.000101
0.017555 0.000239
0.016455 0.000119
0.016524 0.000193
0.016321 6.8e-05
0.01701 0.000146
0.016281 0.000169
0.017181 0.000378
0.017917 0.00023
0.01685 0.000184
0.016389 0.000126
0.016258 0.000234
0.015991 0.000185
0.017073 0.000273
0.016426 8.9e-05
0.016563 0.000129
0.020801 0.000265
0.017893 0.000489
0.017996 0.000263
0.016397 0.000163
0.020363 0.000341
0.021923 0.000203
0.02406 0.000345
0.023273 0.000256
0.023429 0.000339
0.020826 0.0002
0.02195 0.000159
0.017033 0.00026
0.020158 0.00017
0.016395 0.000209
0.022802 0.000176
0.016443 0.000115
0.019703 0.000183
0.017371 0.000189
0.016476 0.000191
0.016275 0.000109
0.016344 0.000244
0.016483 0.000249
0.016364 0.000234
0.016259 0.000217
0.020194 0.000251
0.020966 0.000173
0.023851 0.000394
0.016353 0.000144
0.016189 0.000194
0.016206 0.000236
0.01478 8.2e-05
0.016294 0.000237
0.016309 0.000127
0.016374 0.000256
0.01637 0.000117
0.016251 0.000243
0.016313 0.00024
0.016531 0.000177
0.01682 0.000239
0.016225 0.000114
0.016198 0.000171
0.015715 0.000206
0.016473 0.000128
0.016309 0.000105
0.01626 0.000234
0.016171 4.8e-05
0.016318 0.000127
0.016354 0.000163
0.016692 0.000165
0.016259 0.000192
0.016407 0.00022
0.016354 0.000231
0.014781 0.000129
0.016239 0.000236
0.016341 3.5e-05
0.016165 0.000229
0.01615 0.000237
0.016139 0.000167
0.016444 0.000159
0.016501 0.000153
0.016319 0.000142
0.016327 0.000123
0.016176 0.000227
0.014607 7.6e-05
0.0175 0.000296
0.029444 0.000378
0.016321 0.000194
0.016213 0.000194
0.016396 0.000202
0.016875 0.000234
0.016284 0.000118
0.016167 0.000232
0.016171 7.3e-05
0.017054 0.000123
0.021319 0.000237
0.01924 0.000238
0.020177 0.000353
0.016365 0.000256
0.01485 0.000107
0.020652 0.000254
0.016513 0.000174
0.016452 0.000209
0.016245 0.000124
0.016202 0.000143
0.016401 0.000238
0.016801 0.000235
0.016337 0.000152
0.016369 0.000225
0.016289 0.000234
0.014898 0.000243
0.01627 0.000105
0.016345 0.000238
0.016232 0.000206
0.016334 0.000212
0.016281 0.000152
0.016348 0.000166
0.016656 0.000198
0.016647 0.000234
0.01625 0.000217
0.016172 8.1e-05
0.015951 0.0001
0.016336 0.000224
0.016342 0.000149
0.016247 0.000246
0.01624 5.7e-05
0.016411 0.00012
0.016362 0.000202
0.016377 0.000224
0.016333 0.000138
0.016206 0.000236
0.016187 0.000232
0.016237 0.000138
0.0163 0.000153
0.017472 0.000164
0.016273 0.000122
0.016204 0.000234
0.016236 0.000164
0.015622 0.000167
0.016316 0.000242
0.016343 5.9e-05
0.016311 0.000152
0.016575 0.000222
0.016193 0.000232
0.016258 0.000226
0.016694 0.000182
0.016326 0.000107
0.01622 0.000187
0.016219 0.000223
0.01629 0.000195
0.016303 0.00015
0.016356 0.000167
0.01632 0.000135
0.016289 0.000199
0.016315 9.9e-05
0.016306 0.000154
0.016499 0.000219
0.016839 0.000249
0.016579 0.000174
0.016653 0.000218
0.016216 0.000176
0.0163 0.000184
0.016502 0.000217
0.016326 0.000192
0.017128 0.000134
0.016181 5.1e-05
0.017196 0.000216
0.016448 0.000193
0.017187 0.000233
0.016227 0.000187
0.016283 0.000128
0.016247 0.000194
0.016265 0.000235
0.017061 0.000201
0.016254 0.000241
0.016219 0.000228
0.016277 0.000245
0.014577 0.000231
0.017323 9.9e-05
0.016337 0.000109
0.016687 0.000267
0.016301 0.000149
0.016441 0.000239
0.016291 0.000148
0.01687 0.00023
0.016297 0.000231
0.016255 0.000199
0.016428 0.000234
0.01421 0.000103
0.016314 0.000187
0.016339 0.000199
0.016284 0.000209
0.016284 0.000242
0.016189 0.000119
0.017678 0.000243
0.016669 0.00024
0.016291 8.3e-05
0.016181 7.3e-05
0.016447 0.000236
0.01596 0.00017
0.016289 0.00025
0.016345 0.000113
0.016947 0.000195
0.025894 0.000482
0.028246 0.000414
0.016451 0.000176
0.01628 0.000235
0.016176 0.000147
0.016173 0.000203
0.016549 0.000116
0.016318 0.000154
0.016364 0.000218
0.016254 0.000132
0.016249 9.7e-05
0.016196 0.000137
0.016276 0.000208
0.016491 0.000253
0.016295 0.000125
0.016294 0.000204
0.016215 0.000229
0.016102 0.00019
0.016903 0.000235
0.016236 0.000156
0.016254 0.000101
0.016221 0.000236
0.016263 0.000238
0.016356 0.000208
0.016397 0.000143
0.016208 0.000226
0.016281 0.000244
0.016237 0.000172
0.015207 0.000191
0.016301 0.000116
0.016386 0.000121
0.016225 7.9e-05
0.016324 0.000221
0.016391 0.000132
0.016949 9.6e-05
0.016347 0.000235
0.01621 0.000179
0.016236 0.000193
0.016276 0.000138
0.016276 0.00022
0.01653 0.000204
0.016266 0.000117
0.016411 0.000162
0.016543 0.00024
0.016099 0.000112
0.016339 0.00021
0.016953 0.000231
0.016299 0.000239
0.016225 0.000231
0.016145 0.000163
0.017248 0.000151
0.016539 0.000254
0.016314 0.000116
0.016189 0.000186
0.016409 0.000216
0.016241 0.00014
0.016303 0.000184
0.016268 9.2e-05
0.017426 0.000239
0.016286 0.000137
0.016464 0.000243
0.016315 0.000237
0.016524 0.000157
0.016243 0.000201
0.016212 0.000138
0.016204 0.000216
0.015341 0.000165
0.016239 0.000124
0.016334 0.000169
0.016444 0.000244
0.01639 0.000134
0.016305 0.000202
0.016276 0.000223
0.016526 0.000214
0.016257 0.000234
0.016247 0.000182
0.016211 0.00016
0.016224 0.000224
0.01892 9.6e-05
0.0163 0.000125
0.016324 0.000234
0.016144 9.2e-05
0.016227 0.000108
0.015975 0.000163
0.016339 0.000184
0.016297 9.2e-05
0.016309 0.000123
0.016207 0.000231
0.016491 0.000117
0.016357 0.000164
0.01648 0.000225
0.016513 0.000175
0.016168 0.000165
0.016249 0.000144
0.015892 0.000184
0.016609 0.00016
0.016391 0.000185
0.016177 0.000226
0.016311 0.000119
0.016331 0.000157
0.016334 0.000117
0.016626 0.000245
0.016372 0.000232
0.016459 0.000125
0.016303 0.000184
0.015603 0.00017
0.017717 0.00022
0.016344 0.000244
0.016356 0.000241
0.016172 0.000138
0.016264 0.000141
0.016371 0.000164
0.016873 0.000107
0.016295 0.000204
0.01628 0.00024
0.0162 0.000165
0.015481 0.000195
0.016355 0.00024
0.016345 0.000248
0.016555 0.000243
0.016249 0.000162
0.016149 0.000158
0.02104 0.000123
0.016487 0.000203
0.016263 0.000232
0.016298 0.000174
0.016349 0.000226
0.014286 0.000245
0.016318 9.2e-05
0.016349 0.000197
0.016714 0.000236
0.016336 0.000217
0.016226 0.000127
0.016276 0.000216
0.017384 6.8e-05
0.016959 0.000113
0.016235 0.000172
0.01622 0.000146
0.017185 0.000199
0.016298 6.3e-05
0.016338 0.000153
0.016209 0.000152
0.016231 0.000238
0.016184 0.000234
0.016391 0.000199
0.016402 0.000274
0.016292 0.000107
0.016236 0.000212
0.016218 0.000237
0.016217 0.000233
0.016324 0.000195
0.01632 0.000231
0.01625 0.000238
0.016274 0.000192
0.01665 0.000118
0.014986 9.6e-05
0.016307 0.000128
0.016278 0.000116
0.016699 0.000151
0.016786 0.00015
0.016291 0.00019
0.016232 6.2e-05
0.017779 0.00016
0.016298 0.000213
0.016203 0.00018
0.016217 0.000237
0.020345 0.000132
0.016273 0.000197
0.016348 0.000207
0.016299 0.000225
0.016639 0.00019
0.016234 0.00024
0.017895 0.000149
0.01644 0.000181
0.017096 0.00023
0.016205 0.000205
0.016272 0.000227
0.015963 0.000103
0.016317 0.000132
0.01628 0.000239
0.016258 0.000218
0.016312 0.000215
0.016321 0.00016
0.016457 0.000244
0.016524 0.000198
0.01637 0.000174
0.017465 0.000167
0.016182 0.000234
0.015013 9.1e-05
0.016293 0.000126
0.016357 0.00023
0.016218 0.00011
0.016203 0.000124
0.016185 0.000119
0.016191 0.000162
0.016471 0.000179
0.016304 0.000234
0.016211 0.00016
0.016274 0.00016
0.01649 0.000236
0.016305 0.000301
0.016347 0.000197
0.016819 0.000148
0.016221 0.00011
0.016276 0.000203
0.015493 0.000139
0.01762 0.000239
0.01631 0.000158
0.016399 0.000198
0.016336 0.00023
0.015327 0.000162
0.016427 0.000125
0.016335 0.000233
0.016331 7.9e-05
0.017701 0.000117
0.01624 0.000172
0.016325 0.000226
0.016784 0.00019
0.01755 0.000238
0.016251 0.000126
0.016334 0.000234
0.015959 0.000206
0.017981 0.000214
0.016309 0.000243
0.016264 0.00021
0.016177 0.000234
0.016901 0.000157
0.016279 0.000101
0.016545 0.000234
0.016501 0.000164
0.016293 0.000131
0.01628 0.000153
0.016028 0.000133
0.016368 0.00024
0.01642 0.000247
0.016256 0.000231
0.016331 0.000218
0.016304 0.000144
0.01934 0.000284
0.020266 0.000162
0.019662 0.000248
0.019569 0.000178
0.019616 0.000144
0.019669 0.000166
0.01976 0.000184
0.019649 0.000138
0.019716 0.000269
0.01779 0.000276
0.020516 0.000211
0.019639 0.000191
0.019616 0.000279
0.019679 0.000108
0.019723 0.000283
0.019865 0.000283
0.019594 0.000114
0.01961 0.000187
0.014448 0.000106
0.016262 0.000227
0.016389 0.000152
0.016251 0.000128
0.017542 0.000242
0.016251 0.000127
0.016335 0.000242
0.016384 0.000232
0.01628 0.000243
0.016261 0.000119
0.016177 0.000236
0.014955 0.000212
0.016507 0.000248
0.017435 0.000232
0.016195 0.000189
0.016199 0.000197
0.016355 0.000195
0.016237 7.7e-05
0.01632 0.000185
0.016228 4.9e-05
0.018395 0.000137
0.018076 0.000238
0.016326 0.000243
0.016277 0.000221
0.016262 0.000156
0.016318 0.000184
0.016289 0.000235
0.016282 0.000232
0.016288 0.000233
0.016336 0.000151
0.014744 9.4e-05
0.01635 0.000254
0.02148 0.000243
0.016231 0.000161
0.01626 0.000237
0.016192 0.000229
0.016405 0.000244
0.016382 0.000181
0.016304 0.000243
0.01624 0.000148
0.01635 0.000148
0.01573 0.000108
0.016333 6.5e-05
0.016315 0.000221
0.016266 5.9e-05
0.016234 0.00016
0.016152 0.000245
0.016224 0.000245
0.016693 0.000271
0.016566 0.000234
0.016292 0.000168
0.016202 0.000217
0.016265 5.7e-05
0.016329 0.000226
0.016378 0.000176
0.016301 0.000214
0.023385 0.000286
0.016337 0.000235
0.016414 9.6e-05
0.016769 0.000248
0.016365 0.000193
0.016239 0.000237
0.016213 9.5e-05
0.014315 0.000242
0.01637 0.000164
0.017187 0.000114
0.016313 0.000223
0.016462 0.000218
0.01632 0.000237
0.016274 0.000242
0.016468 0.000185
0.016322 0.000157
0.016232 7.3e-05
0.016191 9.7e-05
0.015157 0.000128
0.016347 0.000165
0.016365 8.6e-05
0.016355 0.000207
0.016206 0.000236
0.016207 0.00022
0.01628 0.000128
0.016464 8.1e-05
0.016387 0.000147
0.016499 0.000148
0.01633 0.000144
0.016263 0.000123
0.016526 0.000115
0.016329 0.000164
0.016371 5.9e-05
0.01621 0.000238
0.016325 0.000238
0.014445 0.000131
0.017663 0.000238
0.016321 0.000129
0.0162 0.000144
0.01615 0.000231
0.023571 0.000162
0.016304 8.2e-05
0.016383 0.000188
0.016236 0.000114
0.016349 0.000234
0.016294 0.000115
0.015193 0.00013
0.016324 0.000135
0.016342 0.000194
0.01632 0.000203
0.016226 0.00023
0.016301 0.000218
0.016369 0.000245
0.016522 0.000232
0.016294 0.000205
0.016193 0.000235
0.016297 0.000116
0.014872 0.000249
0.016332 0.000116
0.016358 0.000168
0.016282 0.000207
0.016252 7.4e-05
0.016206 0.000243
0.01644 0.000203
0.01637 0.000116
0.016215 0.000226
0.016223 0.000121
0.016261 0.000238
0.018176 0.000249
0.016448 0.000242
0.019265 0.000241
0.016306 0.000183
0.016334 6.3e-05
0.016001 0.000193
0.016291 0.000235
0.016314 0.00013
0.016389 0.000258
0.016704 0.000176
0.016232 0.000197
0.016068 0.000105
0.017114 0.000387
0.016332 0.000236
0.016239 0.000134
0.016121 0.000171
0.016904 0.000117
0.016336 0.000137
0.01643 0.000214
0.016168 0.000147
0.018544 0.000231
0.017472 0.000215
0.015559 0.000162
0.016241 0.000127
0.018218 0.00024
0.016231 0.000201
0.016443 0.000141
0.0163 0.000235
0.017132 9e-05
0.016302 0.000232
0.016362 0.000228
0.016204 0.000236
0.016331 0.000149
0.016017 0.000165
0.016318 0.000207
0.016287 9.5e-05
0.01635 0.000113
0.016308 0.00022
0.016296 0.000173
0.016474 0.000189
0.016355 0.000167
0.016321 0.000238
0.016221 0.000117
0.016246 0.000121
0.016285 0.000237
0.016524 0.000108
0.016344 0.000224
0.016158 0.000191
0.017421 0.000228
0.016288 0.000117
0.016306 0.000197
0.016423 0.000197
0.016371 0.00019
0.016221 0.000236
0.016304 0.000208
0.016221 0.000245
0.016626 0.000116
0.016332 0.000243
0.016224 0.000237
0.016238 0.000134
0.015435 0.000158
0.016373 0.000123
0.016389 0.000207
0.016316 0.000221
0.016305 0.000159
