0.003924 0.000148

0.003971 0.00018

0.00388 0.000267

0.00389 0.000257

0.003903 0.000189

0.003881 0.000172

0.003831 0.00013

0.003908 0.000259

0.003935 0.000293

0.003836 0.000284

0.003875 0.000447

0.004103 0.000149

0.004087 0.000427

0.004034 0.000134

0.003887 0.000205

0.003919 0.000219

0.003902 0.00039

0.003885 0.000133

0.003903 0.000418

0.003883 0.000393

0.003881 0.000119

0.00386 0.00018

0.00385 0.000426

0.003841 0.000411

0.003878 0.000418

0.00386 0.000363

0.003877 0.00036

0.004012 0.000207

0.00384 0.000366

0.003894 0.000306

0.003864 0.000184

0.003991 0.000194

0.003843 0.000135

0.003926 0.000432

0.003871 0.000112

0.003906 0.00025

0.003887 0.000142

0.00429 0.000314

0.004053 0.000235

0.004176 0.000198

0.003893 7.6e-05

0.003989 0.000297

0.003885 0.000144

0.00391 0.000209

0.003858 0.000242

0.003853 0.000328

0.003861 0.000131

0.003898 0.000149

0.003892 0.000187

0.003838 0.00029

0.003839 0.000256

0.003867 0.000222

0.003869 0.000273

0.003916 0.000375

0.003828 0.000115

0.003844 0.000309

0.003882 0.000185

0.003865 0.000286

0.003916 0.000337

0.003898 0.000167

0.003841 0.000215

0.003926 0.000363

0.003986 0.000204

0.003856 0.000289

0.003842 0.000276

0.003887 0.000343

0.003945 0.000219

0.003841 0.000263

0.003844 0.000281

0.003935 0.000187

0.003907 0.000344

0.003895 0.000396

0.00386 0.000377

0.003935 0.000368

0.003836 0.000252

0.003866 0.000312

0.003877 0.000367

0.004035 0.000385

0.003826 0.000409

0.003856 0.000259

0.003882 0.000115

0.003913 0.000159

0.003896 0.000263

0.003848 0.000263

0.00385 8.9e-05

0.003872 0.000236

0.003929 0.000503

0.003875 9.4e-05

0.003853 0.000169

0.003845 0.000393

0.004273 0.000268

0.003923 0.000234

0.0039 0.000221

0.003919 0.000344

0.003857 0.00016

0.003834 0.00024

0.003892 0.000236

0.003896 0.000285

0.003823 0.000394

0.003858 0.000276

0.003905 0.000232

0.003958 0.000235

0.003866 0.000312

0.003835 0.000313

0.003913 0.00017

0.003834 0.000206

0.003897 0.00027

0.003851 0.000295

0.003932 0.000327

0.003894 0.000265

0.003911 0.000345

0.003872 0.000322

0.003871 0.000319

0.003842 0.000233

0.003865 0.000347

0.003861 0.000284

0.003941 0.000414

0.003919 0.000259

0.003913 0.000177

0.003848 0.00041

0.00383 8.1e-05

0.003872 0.000358

0.003903 0.000333

0.003902 0.000341

0.003846 0.000429

0.003838 0.000112

0.003863 0.000346

0.003854 0.000219

0.003903 0.000156

0.003863 0.000173

0.003873 0.000332

0.003877 8.9e-05

0.003932 0.000383

0.003835 0.000163

0.003832 0.000134

0.003836 0.000192

0.003919 0.000198

0.003847 0.000448

0.003852 0.000301

0.003884 0.000243

0.003933 0.000258

0.003891 0.000193

0.003847 0.000426

0.003925 0.000154

0.003876 0.000231

0.003847 0.000249

0.003866 0.000432

0.003901 0.00018

0.003847 0.000298

0.00387 0.000323

0.003881 0.00017

0.003901 0.000284

0.003829 0.000175

0.003838 0.000283

0.003855 0.000237

0.003853 0.000414

0.003853 0.000456

0.003824 0.000246

0.003844 0.000116

0.003834 0.000231

0.00384 0.000222

0.003901 0.000326

0.00383 7.6e-05

0.003876 0.000472

0.003846 0.000263

0.003838 0.000458

0.003862 0.000195

0.003919 0.000451

0.003958 0.000225

0.003888 0.000268

0.003864 0.000444

0.003877 0.000293

0.003884 0.000283

0.00385 0.000117

0.003885 0.000197

0.003877 0.000263

0.003904 0.000258

0.003902 0.000186

0.00392 0.00017

0.003957 0.000106

0.003853 0.00015

0.00387 0.000146

0.003931 0.000334

0.003876 0.00029

0.003839 0.000262

0.003857 0.000281

0.003888 0.000293

0.003844 0.000158

0.003866 0.000421

0.003915 0.000255

0.003842 0.000404

0.003868 0.000269

0.003878 0.000281

0.003879 0.000282

0.003841 0.000342

0.003828 0.000205

0.003878 0.000322

0.003906 0.000192

0.003844 0.000206

0.003912 0.000323

0.00384 0.000365

0.003908 0.0001

0.003914 0.000289

0.003825 0.00025

0.003833 0.000397

0.003915 0.000376

0.003959 0.00025

0.003892 0.000285

0.003865 0.000189

0.003872 0.000202

0.00391 0.000199

0.003913 0.000315

0.003875 0.000454

0.003888 0.000273

0.003839 0.000135

0.003842 0.000196

0.003886 0.000203

0.003934 0.000407

0.003922 0.000374

0.003844 0.000447

0.003892 0.000191

0.003902 0.000227

0.003838 0.000393

0.003846 0.000265

0.003857 0.00018

0.003872 0.000161

0.003889 0.000199

0.003878 0.000255

0.003876 0.000307

0.003884 0.000362

0.003899 0.000341

0.003932 0.000194

0.003877 0.000364

0.003888 0.00013

0.003941 0.00016

0.003911 0.000287

0.003971 0.000423

0.003988 0.000285

0.003987 0.000418

0.004 0.000231

0.00404 0.000302

0.003973 0.000259

0.004028 0.000271

0.004077 0.00029

0.003965 0.000287

0.004035 0.000296

0.003921 0.000281

0.003867 0.000305

0.003953 0.000157

0.003913 0.000206

0.003876 0.000217

0.003893 0.000298

0.003934 0.000123

0.003947 0.000175

0.003938 0.000299

0.003847 0.00027

0.003904 0.000228

0.003936 0.000338

0.003853 0.000233

0.003947 0.000482

0.003841 0.000265

0.003921 0.000354

0.003904 0.000114

0.00396 0.000205

0.003888 0.000334

0.003877 0.000212

0.003905 0.000163

0.00392 0.000482

0.003876 0.000227

0.003875 0.000334

0.0039 0.00013

0.003908 0.000184

0.003885 0.00039

0.003902 0.000263

0.003848 0.000205

0.003903 0.000393

0.00389 0.00017

0.003872 0.000232

0.003841 0.000229

0.003936 0.000305

0.0039 0.000367

0.003845 0.000273

0.003878 0.000133

0.003898 0.000283

0.003875 0.000311

0.003941 0.000326

0.003917 0.000252

0.003843 0.00033

0.003845 0.000252

0.003888 0.000113

0.003916 0.000316

0.003862 8.8e-05

0.003843 0.000205

0.003897 0.000279

0.003896 0.000278

0.003911 0.000196

0.003845 0.000353

0.003882 0.000128

0.003909 0.000149

0.003845 0.000193

0.003889 0.000188

0.003842 0.000177

0.003901 0.000171

0.003871 0.000443

0.003909 0.000178

0.003929 0.000233

0.00388 9.7e-05

0.003883 0.000406

0.003894 0.000135

0.003832 0.00018

0.003959 0.000331

0.003918 0.000332

0.003868 0.000331

0.003891 8.8e-05

0.003846 0.000259

0.003916 0.000116

0.003915 0.000294

0.003946 0.000262

0.00384 0.0004

0.003871 0.00045

0.003885 0.000141

0.003917 0.000321

0.003934 0.000397

0.003893 0.000112

0.003889 0.000175

0.003894 0.000356

0.003905 0.000195

0.003879 0.000345

0.004097 0.000161

0.003953 0.000227

0.003893 0.000139

0.003922 0.000349

0.003905 9e-05

0.003901 0.000275

0.003875 0.000397

0.003868 0.000422

0.003909 0.000181

0.003902 0.000204

0.003863 0.000315

0.003874 0.000157

0.003925 0.000292

0.003847 0.00017

0.003905 0.000142

0.003904 0.000318

0.003915 0.000379

0.003829 0.000187

0.003901 0.000426

0.00388 0.000153

0.003878 0.000217

0.003847 0.000264

0.003841 0.000172

0.003846 0.000361

0.003946 0.000124

0.003917 0.000453

0.003876 0.00027

0.003856 0.000144

0.003879 0.00023

0.003912 0.000269

0.003902 0.000219

0.00385 0.000245

0.003928 0.000391

0.00394 0.00026

0.003913 0.000281

0.003864 0.000248

0.00394 6.7e-05

0.003877 0.000287

0.003905 0.000229

0.003911 0.000447

0.00387 0.000433

0.00388 0.000208

0.003865 0.000184

0.003919 0.000213

0.003899 0.000218

0.003878 0.000138

0.003865 0.000356

0.003911 0.000344

0.003854 0.000289

0.003841 0.000376

0.003874 0.000177

0.003895 0.00033

0.003901 0.000371

0.003914 0.000279

0.003856 8.9e-05

0.003903 0.000125

0.003871 0.000196

0.003967 0.000201

0.003879 0.000157

0.003906 0.00019

0.003912 0.000324

0.003859 0.000267

0.004107 0.000322

0.003911 0.000408

0.00389 0.00029

0.003897 0.000284

0.003913 0.000227

0.003882 0.000178

0.003851 0.000198

0.003877 0.000363

0.00399 0.000305

0.003978 0.000235

0.003886 0.000305

0.003877 0.000235

0.003905 0.000271

0.00386 0.00028

0.003903 0.000186

0.003845 0.000369

0.003864 0.000225

0.003879 0.000148

0.003913 0.000249

0.003878 0.000438

0.003846 0.000187

0.003911 0.000203

0.003872 0.000418

0.00385 0.000273

0.003938 0.000281

0.003881 0.000194

0.003905 0.000316

0.003883 0.000151

0.003987 0.000413

0.003894 0.000121

0.003906 0.00023

0.003906 0.000185

0.00385 0.000141

0.003868 0.000338

0.003902 0.000352

0.004029 0.000189

0.003883 0.000138

0.003865 0.000234

0.003904 0.000164

0.003978 0.000214

0.003866 0.0002

0.00385 0.000248

0.003849 0.000167

0.003914 0.000274

0.003897 0.00027

0.003871 0.000215

0.003859 0.000193

0.003886 0.000302

0.003935 0.000184

0.00396 0.00024

0.003894 0.000419

0.003883 0.000488

0.003864 0.000136

0.003924 0.000205

0.003864 0.000309

0.0039 0.000164

0.00388 0.000429

0.003914 0.000264

0.003852 0.000271

0.003865 0.000226

0.003886 0.000244

0.003875 0.000263

0.00397 0.000134

0.00388 0.000454

0.003842 0.000152

0.003865 0.000161

0.003958 0.00036

0.00385 0.000111

0.003914 0.000225

0.003835 0.000293

0.003982 0.00025

0.00386 0.000144

0.003863 0.000329

0.003851 0.000382

0.003849 0.000275

0.003938 0.000348

0.003919 0.000185

0.003831 7.3e-05

0.003842 0.000297

0.003899 0.000303

0.003954 0.000451

0.003898 0.000189

0.003915 0.000341

0.003884 0.00035

0.003934 0.000353

0.003849 0.000392

0.004331 0.00034

0.003891 0.000222

0.003845 0.000335

0.003947 0.000391

0.003855 0.00018

0.003892 0.000399

0.003847 0.000294

0.003952 0.000225

0.003841 0.000242

0.003844 0.000141

0.003871 0.000214

0.003883 0.000424

0.003933 0.00044

0.003872 0.000224

0.003841 0.000313

0.003895 0.0004

0.003877 0.000335

0.00397 0.000166

0.003858 0.000198

0.003887 0.000192

0.003882 0.000168

0.003927 0.000246

0.003844 0.00023

0.003872 0.000158

0.003839 0.000174

0.003896 0.000178

0.003915 0.000407

0.003852 0.000276

0.003837 0.000116

0.003841 0.000385

0.003961 0.000222

0.003878 7e-05

0.00386 0.000225

0.003873 0.000305

0.003943 0.000296

0.00384 0.00021

0.003872 0.0004

0.003873 0.000367

0.003923 0.000278

0.003941 0.000297

0.003931 0.000395

0.003911 0.000351

0.003879 0.00018

0.003846 0.000281

0.003935 0.000159

0.003866 0.000118

0.003897 0.000112

0.003885 0.000342

0.003956 0.0003

0.003851 0.000183

0.003887 0.000198

0.003915 0.000166

0.0039 0.000363

0.003872 0.000263

0.003876 0.000276

0.003848 0.00016

0.003863 0.000302

0.003921 0.000164

0.00385 0.000321

0.003894 0.000393

0.003835 0.000227

0.003955 0.000294

0.003894 0.000213

0.003864 0.000366

0.003835 0.000162

0.00392 0.000154

0.003884 0.000303

0.003867 0.000448

0.003848 0.00014

0.003881 0.00026

0.003984 0.000241

0.00391 0.000343

0.003874 0.000191

0.003869 0.000234

0.003853 0.000112

0.003942 0.000302

0.00385 0.000233

0.004374 0.000319

0.003908 0.000228

0.003944 0.000369

0.003847 0.000434

0.003869 0.000447

0.003874 0.000333

0.003919 0.000168

0.003935 0.000215

0.003875 0.000381

0.003859 0.000229

0.003887 0.000382

0.003938 0.000108

0.003882 0.000428

0.003853 0.000213

0.00384 0.000252

0.003922 0.000272

0.003916 0.000289

0.003891 0.00027

0.003879 0.000271

0.003848 0.000263

0.003969 0.000219

0.00396 0.000199

0.004113 0.000392

0.00385 0.000343

0.00385 0.000222

0.00392 0.000118

0.003923 0.000308

0.003908 0.000229

0.003854 0.000307

0.00388 0.00026

0.003877 0.000183

0.003916 0.000161

0.003875 0.000119

0.003905 0.000151

0.003887 0.000222

0.003849 0.000156

0.003871 0.000139

0.003862 0.0003

0.003909 0.000377

0.003841 0.00026

0.003886 0.000456

0.003878 0.000226

0.003956 0.000298

0.003876 0.000286

0.00385 0.000223

0.003868 0.000168

0.003941 0.000156

0.00391 0.000299

0.003874 0.000246

0.003883 0.000184

0.003843 0.000309

0.003933 0.000181

0.003907 0.000234

0.003875 0.000236

0.003851 0.0002

0.003845 0.000374

0.003983 0.000164

0.003848 0.000153

0.003882 0.00019

0.003863 0.000147

0.00393 0.000284

0.003909 0.000115

0.00388 0.00023

0.003848 0.000154

0.003846 0.000261

0.003879 0.000421

0.00391 0.000233

0.003876 0.000174

0.00385 0.000295

0.00388 0.000438

0.003876 0.000344

0.00387 0.000336

0.003876 0.000375

0.003975 0.000226

0.00388 0.000347

0.003866 0.00033

0.003844 0.000208

0.004353 0.000173

0.003993 0.000126

0.003937 0.000227

0.003879 0.000118

0.003887 0.000238

0.003886 0.000126

0.003935 0.000241

0.003892 0.000234

0.003916 0.000267

0.003868 0.00015

0.003965 0.000395

0.003916 0.000439

0.00388 0.000305

0.003855 0.000206

0.003877 0.000384

0.003879 0.000344

0.003917 0.000161

0.003856 0.000206

0.003843 0.000382

0.003928 0.000193

0.003906 0.000333

0.003911 0.000252

0.00384 0.00034

0.003919 0.000419

0.003923 0.000302

0.003918 0.000196

0.003899 0.000146

0.003926 0.00025

0.003857 0.000117

0.003908 0.000217

0.003836 0.00025

0.00387 0.000306

0.003941 0.000268

0.003899 0.000333

0.003874 0.000113

0.003867 0.000415

0.003851 0.000358

0.00387 0.000235

0.003941 0.000228

0.003886 0.000281

0.003881 0.000285

0.003877 0.0003

0.003868 0.000382

0.003881 0.000257

0.003855 0.00024

0.00384 0.000452

0.003921 0.000405

0.003905 0.000391

0.00393 0.000419

0.003861 0.000183

0.003866 0.000153

0.003853 0.000345

0.00393 0.000269

0.003887 0.000156

0.003859 0.000286

0.00384 0.00023

0.003959 0.000296

0.003887 0.000385

0.003922 0.000153

0.003882 0.000227

0.003894 0.000121

0.003911 0.0002

0.003878 0.00014

0.003871 0.000183

0.003842 0.000255

0.003897 0.000459

0.003879 0.000377

0.00384 0.000339

0.003886 0.00039

0.003917 0.000449

0.003941 0.00027

0.00389 0.000114

0.00385 0.000248

0.003953 0.000268

0.003871 0.000148

0.003919 0.00027

0.00387 0.000412

0.00561 0.000281

0.004297 0.000285

0.004027 0.000216

0.00396 0.000488

0.003937 0.000268

0.003873 0.00033

0.003866 0.000117

0.003887 0.000305

0.003911 0.000222

0.003851 0.000333

0.003843 0.000206

0.003918 9.4e-05

0.003882 0.000363

0.003888 0.000142

0.003865 0.0002

0.003924 0.000204

0.00385 0.000193

0.00393 0.000445

0.003913 0.000456

0.003884 0.000303

0.003878 0.000297

0.003929 0.000239

0.003966 0.000233

0.003885 0.00034

0.003874 0.000221

0.003867 0.000195

0.003921 0.000275

0.003894 0.000347

0.003857 0.000409

0.003871 0.000184

0.00386 0.000441

0.003922 0.000138

0.003859 0.000388

0.003849 0.000444

0.003973 0.000385

0.003916 0.000395

0.003865 0.000244

0.00389 0.000242

0.003945 0.000233

0.003884 0.000217

0.003966 0.000417

0.003838 0.000129

0.003852 0.000342

0.003867 0.000262

0.003903 0.000185

0.003939 0.000228

0.003879 0.000214

0.003841 0.000108

0.003874 0.000228

0.003877 0.000203

0.003924 0.000271

0.003925 0.000128

0.003875 0.000221

0.003941 0.000105

0.003889 0.000367

0.003908 0.000219

0.003851 0.000185

0.003856 0.000277

0.00389 0.000364

0.00391 0.000222

0.003902 0.000343

0.003885 0.000488

0.003857 0.000341

0.003894 0.000215

0.003874 0.000408

0.003964 0.000419

0.003916 0.000193

0.003902 0.00039

0.003841 0.000388

0.003852 0.000131

0.003856 0.000297

0.003954 0.000131

0.003874 0.000152

0.003901 0.000228

0.003848 0.000215

0.003888 0.000195

0.00391 0.000125

0.004 0.000329

0.003867 0.000402

0.003878 7.7e-05

0.003841 0.00025

0.003936 0.000184

0.003911 0.000116

0.003847 0.000232

0.003915 0.00044

0.003876 0.000202

0.003871 0.000302

0.003838 0.000268

0.003981 0.000284

0.003859 0.00029

0.00389 0.000191

0.003882 0.000392

0.003981 0.000193

0.003847 0.000445

0.003903 0.000281

0.003881 0.000321

0.003927 0.000457

0.003903 0.000144

0.003902 0.000425

0.003916 0.000261

0.003904 0.000415

0.003868 0.000293

0.00386 0.000283

0.003881 0.000203

0.003921 0.000183

0.003842 0.000348

0.00385 0.000175

0.003873 0.000383

0.003909 0.000198

0.003847 0.000153

0.003836 0.000304

0.003893 0.000276

0.00388 0.000216

0.003898 0.000369

0.004043 0.000441

0.003956 7.4e-05

0.003869 0.000196

0.003939 0.00023

0.003871 9.5e-05

0.003918 0.000375

0.003849 0.00015

0.003885 0.000384

0.003878 0.00037

0.003924 0.000194

0.00385 0.000175

0.003903 0.000249

0.003868 0.000255

0.003883 0.000342

0.003943 0.000287

0.003888 0.000347

0.003872 0.000113

0.003931 0.00028

0.003854 0.000294

0.003873 0.00031

0.003889 0.000168

0.003938 0.00023

0.003909 0.000334

0.003872 0.000243

0.003924 0.000238

0.003866 0.000387

0.003912 0.000321

0.00388 0.000391

0.003919 0.000435

0.003848 0.000378

0.003922 0.000149

0.003867 0.000149

0.003913 0.000433

0.003868 0.000347

0.003858 0.00015

0.0039 0.000178

0.003835 0.000275

0.00385 0.000406

0.003878 0.000262

0.003839 0.000286

0.003969 0.000331

0.003906 0.00035

0.003883 0.000329

0.003847 0.000125

0.003884 0.000329

0.003965 0.000395

0.003886 0.000379

0.003891 0.000268

0.003852 0.00019

0.003911 0.000275

0.003844 0.000437

0.003959 0.000333

0.003877 0.000154

0.003899 0.000246

0.003883 0.000196

0.00387 0.000195

0.003877 0.000242

0.003875 0.000277

0.00388 0.000275

0.003891 0.000329

0.003909 0.000182

0.003907 0.000274

0.003911 0.000395

0.003942 0.000163

0.00387 0.00045

0.00386 0.000318

0.00389 0.000143

0.003956 0.000173

0.003851 0.000144

0.003875 0.000397

0.003854 0.000164

0.003901 0.000187

0.003931 0.000131

0.003855 0.00043

0.003886 0.000274

0.00383 0.000239

0.00391 0.000109

0.003917 0.000248

0.003966 0.00024

0.003879 0.000162

0.003928 0.000123

0.00388 0.000218

0.003944 0.000132

0.003848 0.000196

0.00385 0.000249

0.003862 0.000287

0.004002 0.000234

0.003843 0.000379

0.003899 0.000231

0.003862 0.000337

0.00389 0.00028

0.003904 0.000394

0.003943 0.000286

0.003875 0.000303

0.003893 0.000237

0.003847 0.00036

0.003872 0.000166

0.00388 0.000251

0.003917 0.000303

0.003875 0.000315

0.003928 0.000229

0.003853 0.000106

0.003908 0.000449

0.003876 0.000258

0.003879 0.000155

0.003837 0.000339

0.003868 0.000233

0.003899 0.000165

0.003861 0.000395

0.003883 0.000302

0.003847 0.000129

0.003892 0.00019

0.003914 7.2e-05

0.003911 0.000369

0.003884 0.00033

0.003853 0.00035

0.003898 0.000408

0.00396 0.000239

0.003921 0.000392

0.003887 0.000212

0.003852 0.000236

0.003876 0.000326

0.003901 0.000244

0.00395 0.000456

0.003934 0.000335

0.003878 0.000317

0.003877 0.000112

0.003841 0.000142

0.00394 0.000227

0.003878 0.000453

0.003876 0.000178

0.003842 0.000324

0.003855 0.000117

0.003881 0.000307

0.003902 0.000327

0.003856 0.000243

0.003926 0.000263

0.003885 0.000208

0.003897 0.000215

0.003869 0.00011

0.003929 0.000212

0.003853 0.000195

0.003876 0.000138

0.003902 0.000211

0.003926 0.000217

0.003841 0.000339

0.003927 0.000196

0.00385 0.000347

0.00394 0.000262

0.003852 0.000332

0.003883 0.000198

0.003846 0.000189

0.003913 0.000192

0.003871 0.00022

0.003876 0.00015

0.003838 0.000286

0.003912 0.000315

0.00389 0.000144

0.003911 0.000456

0.003882 0.000191

0.003878 0.000133

0.003913 0.000317

0.003847 0.000174

0.003901 0.00021

0.003879 0.000123

0.003868 0.000343

0.003871 0.000234

0.003908 0.000362

0.003877 0.000346

0.003876 0.000413

0.003911 0.000137

0.003908 0.000226

0.003856 0.000376

0.003847 0.000195

0.003902 0.000319

0.003959 0.000178

0.003877 0.000318

0.003919 0.000393

0.003845 0.000253

