0.037602 7e-06
0.038175 1.7e-05
0.037368 1.1e-05
0.039601 2e-05
0.03944 1.7e-05
0.037511 1.3e-05
0.040221 1.4e-05
0.036729 1.7e-05
0.037258 1.6e-05
0.03683 2.1e-05
0.039694 1.9e-05
0.039707 1.4e-05
0.041156 1.4e-05
0.039256 1.3e-05
0.03699 1.6e-05
0.039443 1.6e-05
0.036506 2.3e-05
0.039428 1.4e-05
0.037696 1.6e-05
0.037161 1.5e-05
0.036978 2.2e-05
0.039023 1.5e-05
0.037812 1.6e-05
0.037016 1.3e-05
0.038643 1.3e-05
0.03769 1.3e-05
0.03959 1.6e-05
0.038111 1.9e-05
0.03956 1.8e-05
0.034482 1.1e-05
0.039519 1.9e-05
0.036891 1.4e-05
0.037618 1.4e-05
0.038334 1.8e-05
0.036725 1.4e-05
0.039676 2.1e-05
0.037509 1.1e-05
0.03905 1.3e-05
0.039786 2e-05
0.038668 2.1e-05
0.038067 1.3e-05
0.04031 1.1e-05
0.036905 2.2e-05
0.040706 1.7e-05
0.044487 2e-05
0.037573 1.6e-05
0.037767 1.9e-05
0.039487 1.3e-05
0.041092 1.5e-05
0.040157 1.5e-05
0.038579 1.3e-05
0.039544 1.3e-05
0.036743 1.7e-05
0.037601 1.6e-05
0.036816 1.7e-05
0.039145 1.3e-05
0.037052 1.2e-05
0.037731 1.8e-05
0.039132 1.3e-05
0.036958 1.9e-05
0.037674 1.4e-05
0.037915 1.6e-05
0.040617 1.2e-05
0.038316 1.5e-05
0.040997 1.6e-05
0.037598 1.8e-05
0.037303 1.3e-05
0.043571 1.2e-05
0.04067 2.2e-05
0.040377 2.2e-05
0.039481 1.7e-05
0.039194 1.6e-05
0.037829 1.6e-05
0.037547 1.3e-05
0.036912 1.6e-05
0.038995 1.7e-05
0.038565 1.9e-05
0.040481 2e-05
0.039412 1.2e-05
0.037835 3.9e-05
0.037795 2.1e-05
0.036709 1.2e-05
0.039702 1.3e-05
0.039458 1.6e-05
0.034228 1.7e-05
0.03956 1.5e-05
0.036801 1.8e-05
0.039584 1.7e-05
0.039649 1.7e-05
0.037793 1.3e-05
0.041445 1.4e-05
0.040658 1.8e-05
0.039087 1.4e-05
0.036974 9e-06
0.037951 2.5e-05
0.0408 1.6e-05
0.036797 1.9e-05
0.037358 1.5e-05
0.038573 1.1e-05
0.040526 1e-05
0.039541 1.9e-05
0.039508 1.5e-05
0.03802 1.8e-05
0.039247 1.4e-05
0.040291 1.8e-05
0.038047 1.8e-05
0.039548 1.6e-05
0.03956 2.1e-05
0.038304 1.5e-05
0.037404 1.2e-05
0.036846 1.8e-05
0.040562 1.5e-05
0.037394 1.6e-05
0.039585 2e-05
0.037701 2.2e-05
0.036725 1.9e-05
0.039717 1.5e-05
0.037625 1.8e-05
0.037278 1.6e-05
0.040434 1.4e-05
0.040471 1.6e-05
0.037124 1.6e-05
0.040479 1.5e-05
0.038947 1.5e-05
0.041535 1.3e-05
0.038539 1.4e-05
0.039697 1.2e-05
0.038779 1.8e-05
0.038405 1.8e-05
0.038518 1.4e-05
0.037521 1e-05
0.038499 1.5e-05
0.039516 1.8e-05
0.040766 1.6e-05
0.037621 2.1e-05
0.037525 1.5e-05
0.037668 2e-05
0.040651 1.5e-05
0.040577 1.8e-05
0.036886 2.1e-05
0.039467 1.4e-05
0.037666 1.6e-05
0.039623 1.6e-05
0.037082 1.5e-05
0.038888 1.9e-05
0.039718 1.6e-05
0.039698 1.6e-05
0.03961 1.8e-05
0.0395 1.1e-05
0.036634 1.3e-05
0.038006 1e-05
0.036773 1.8e-05
0.03766 2e-05
0.036879 1.3e-05
0.036732 1.5e-05
0.036904 3.4e-05
0.039524 1.4e-05
0.036839 1.3e-05
0.036878 1.2e-05
0.039688 1.4e-05
0.037807 1.7e-05
0.036761 1.1e-05
0.039456 1.2e-05
0.037052 2.1e-05
0.035587 1.6e-05
0.037731 1.4e-05
0.039781 1.4e-05
0.037656 1.9e-05
0.037472 2.3e-05
0.037602 1.5e-05
0.039572 1.4e-05
0.0374 2e-05
0.037054 1.7e-05
0.037995 1.8e-05
0.037361 2.1e-05
0.039611 1.6e-05
0.038073 1.7e-05
0.039659 1.6e-05
0.035345 1.6e-05
0.03764 1.6e-05
0.036791 1.1e-05
0.039944 2.2e-05
0.039953 1.6e-05
0.03955 1.5e-05
0.038074 1.9e-05
0.039711 1.7e-05
0.039461 1.8e-05
0.037221 2e-05
0.039574 1.7e-05
0.038238 1.2e-05
0.040738 1.8e-05
0.039831 1.2e-05
0.036737 1.1e-05
0.036781 1.6e-05
0.037444 1.7e-05
0.037626 1.8e-05
0.036668 1.6e-05
0.038457 2e-05
0.037647 1.4e-05
0.037604 1.3e-05
0.039596 1.4e-05
0.039934 2.4e-05
0.03859 2.2e-05
0.039448 9e-06
0.039636 1.3e-05
0.037153 1.6e-05
0.038142 1.8e-05
0.037862 1.3e-05
0.038125 1.7e-05
0.03872 1.3e-05
0.038632 2.2e-05
0.037982 1.3e-05
0.03797 1.5e-05
0.040844 1.3e-05
0.040687 1.8e-05
0.03865 1.6e-05
0.038129 1.7e-05
0.039625 1.7e-05
0.040683 2e-05
0.040524 1.8e-05
0.040167 1.6e-05
0.040169 1.4e-05
0.039875 1.6e-05
0.035553 1.7e-05
0.037134 1.3e-05
0.0396 2.2e-05
0.039725 1.8e-05
0.039466 1.6e-05
0.038712 1.9e-05
0.03796 1.5e-05
0.039549 1.3e-05
0.039439 1.8e-05
0.036791 1.8e-05
0.036848 1.8e-05
0.04032 1.6e-05
0.037985 1.7e-05
0.037724 1.4e-05
0.039903 1.5e-05
0.037194 1.6e-05
0.040521 1.2e-05
0.036827 3.7e-05
0.039658 2.4e-05
0.042967 1.4e-05
0.05409 2.1e-05
0.037012 1.6e-05
0.038986 1.9e-05
0.036858 1.7e-05
0.046747 2.2e-05
0.051744 1.4e-05
0.038208 1.9e-05
0.038103 1.9e-05
0.035233 1.5e-05
0.036757 1.1e-05
0.03953 1.9e-05
0.039612 1.4e-05
0.036854 1e-05
0.039521 1.6e-05
0.040172 1.8e-05
0.036707 1.9e-05
0.038496 1.4e-05
0.039431 2e-05
0.036683 1.5e-05
0.036826 1.3e-05
0.03672 1.9e-05
0.031924 2e-05
0.039723 1.8e-05
0.037747 2.1e-05
0.036857 1.5e-05
0.039267 1.6e-05
0.03709 1.6e-05
0.039811 1.6e-05
0.034179 1.6e-05
0.037003 2e-05
0.03953 1.9e-05
0.03922 1.6e-05
0.038801 1.9e-05
0.039459 1.1e-05
0.03728 1.2e-05
0.040635 1.2e-05
0.039905 1.9e-05
0.039741 1.1e-05
0.039536 1.9e-05
0.039907 1.6e-05
0.041939 2e-05
0.037244 2.2e-05
0.036961 1.3e-05
0.040969 1.3e-05
0.036965 1.6e-05
0.039885 2.2e-05
0.040554 1.3e-05
0.037921 1.2e-05
0.040852 1.4e-05
0.039401 1.5e-05
0.038782 1.6e-05
0.037803 3.5e-05
0.043941 1.9e-05
0.035436 1.5e-05
0.039287 1.4e-05
0.040311 1.1e-05
0.038894 1.5e-05
0.037806 1.7e-05
0.039632 1.5e-05
0.036798 1.7e-05
0.040086 1.4e-05
0.040361 1.6e-05
0.0369 1.9e-05
0.039728 1.3e-05
0.039785 1.2e-05
0.04109 1.5e-05
0.03604 1.5e-05
0.038092 1.5e-05
0.037037 2e-05
0.039542 2e-05
0.039518 1.5e-05
0.040367 1.6e-05
0.041056 1.3e-05
0.038868 1.2e-05
0.039851 1.3e-05
0.038737 2.5e-05
0.037794 1.4e-05
0.040666 1.5e-05
0.038953 1.7e-05
0.039828 9e-06
0.035592 2e-05
0.036972 1.6e-05
0.03983 1.9e-05
0.039562 2.7e-05
0.039686 1.7e-05
0.037576 1.1e-05
0.037373 1.4e-05
0.039816 1.9e-05
0.038947 2e-05
0.040791 1.3e-05
0.040929 1.8e-05
0.037782 2.1e-05
0.037822 1.5e-05
0.037673 1.9e-05
0.03804 1.7e-05
0.039681 1.4e-05
0.036245 3.9e-05
0.036892 1.6e-05
0.03985 1.6e-05
0.03988 1.8e-05
0.036847 2e-05
0.036888 1.3e-05
0.039833 1.7e-05
0.039449 2.2e-05
0.039541 1.3e-05
0.03747 1.3e-05
0.035351 8e-06
0.039779 2.1e-05
0.036908 1.4e-05
0.038004 2e-05
0.036936 1.3e-05
0.035198 1.5e-05
0.03956 4.1e-05
0.038341 1.2e-05
0.036706 1.2e-05
0.036965 2.1e-05
0.037556 1.3e-05
0.038387 2e-05
0.039571 1.9e-05
0.036951 1.6e-05
0.039576 1.4e-05
0.037137 2e-05
0.040727 1.1e-05
0.038406 1.2e-05
0.037852 1.6e-05
0.037965 1.5e-05
0.03693 1.3e-05
0.039446 1.4e-05
0.03857 1.9e-05
0.039547 1.9e-05
0.03971 1.6e-05
0.037502 1.4e-05
0.037503 2.4e-05
0.035639 2e-05
0.036814 1.4e-05
0.039491 1.8e-05
0.038992 1.5e-05
0.039678 1.7e-05
0.036635 1.4e-05
0.039969 1.1e-05
0.037039 1.2e-05
0.036093 1.4e-05
0.039526 1.9e-05
0.036861 1.8e-05
0.039554 1.7e-05
0.037642 1.6e-05
0.03864 1.5e-05
0.039627 2.3e-05
0.03674 1.7e-05
0.035889 1.6e-05
0.039467 1.6e-05
0.037524 1.2e-05
0.039891 1.8e-05
0.036902 1.4e-05
0.037093 1.8e-05
0.03607 1.2e-05
0.037771 1.4e-05
0.038293 1.5e-05
0.036887 1.5e-05
0.036765 1.7e-05
0.038184 1.4e-05
0.040649 1.5e-05
0.041857 1.4e-05
0.040564 1.1e-05
0.037474 1.1e-05
0.038817 1.7e-05
0.04032 1.4e-05
0.037478 1.8e-05
0.037839 1.7e-05
0.040154 1.6e-05
0.037783 1.5e-05
0.040512 1.2e-05
0.038063 1.6e-05
0.039997 1.7e-05
0.039626 1.5e-05
0.040318 2.4e-05
0.040687 1.6e-05
0.039488 1.5e-05
0.039978 1.4e-05
0.037721 1.5e-05
0.037883 1.4e-05
0.039572 1.9e-05
0.039565 1.5e-05
0.039487 1.4e-05
0.039449 1.7e-05
0.036611 1.5e-05
0.039695 1.3e-05
0.039584 1.5e-05
0.036975 2.9e-05
0.040416 1.3e-05
0.038425 1.5e-05
0.036419 2.4e-05
0.040009 2e-05
0.037738 1.6e-05
0.040394 1.4e-05
0.039592 1.4e-05
0.036955 2.1e-05
0.040461 1.9e-05
0.0376 1.2e-05
0.040584 2.7e-05
0.040416 1.7e-05
0.036509 1.9e-05
0.040632 1.4e-05
0.039778 1.4e-05
0.038076 1.4e-05
0.039826 1.8e-05
0.038077 1.5e-05
0.040673 1.2e-05
0.036754 1.1e-05
0.039392 4.5e-05
0.039472 1.3e-05
0.03942 1.9e-05
0.039979 1.7e-05
0.039476 1e-05
0.03518 1.3e-05
0.039579 1.3e-05
0.036661 1.7e-05
0.036878 1.6e-05
0.03742 1.7e-05
0.037875 1.9e-05
0.038227 1.5e-05
0.03672 1.6e-05
0.036078 1.2e-05
0.036952 1.9e-05
0.037669 1.7e-05
0.040857 1.3e-05
0.036897 1.4e-05
0.039437 1.6e-05
0.039898 1.2e-05
0.03956 1.8e-05
0.034804 1.2e-05
0.039488 1.4e-05
0.036664 1.3e-05
0.039561 1.4e-05
0.03668 1.5e-05
0.039569 1.2e-05
0.037001 1.3e-05
0.039462 1.5e-05
0.035254 1.8e-05
0.036811 1.3e-05
0.039499 2.1e-05
0.037673 1.6e-05
0.039608 1.3e-05
0.036775 1.3e-05
0.037285 1.3e-05
0.038495 1.2e-05
0.03775 2e-05
0.03682 1.2e-05
0.039452 1.7e-05
0.039535 1.2e-05
0.039457 1.8e-05
0.039432 1.4e-05
0.040313 1.5e-05
0.03953 2.1e-05
0.037528 1.1e-05
0.039532 1.8e-05
0.036748 1.2e-05
0.037022 1.8e-05
0.0457 1.8e-05
0.03642 1.3e-05
0.036747 1.4e-05
0.039475 1.6e-05
0.036681 1.5e-05
0.039478 1.2e-05
0.039526 1.4e-05
0.037173 1.7e-05
0.039499 1.7e-05
0.035617 1.8e-05
0.03953 2e-05
0.036726 1.5e-05
0.037527 1.3e-05
0.037685 9e-06
0.039433 1.4e-05
0.039605 1.3e-05
0.039418 1.8e-05
0.035142 1.4e-05
0.037647 1.5e-05
0.03943 1.1e-05
0.036758 3.7e-05
0.037398 1.4e-05
0.039499 1.2e-05
0.039763 2.2e-05
0.039499 1.6e-05
0.037941 1.5e-05
0.035361 1e-05
0.03672 1.2e-05
0.036858 1.4e-05
0.039646 1.9e-05
0.039696 1.6e-05
0.03092 1.6e-05
0.035266 1.2e-05
0.038484 1.9e-05
0.039557 1.3e-05
0.039479 1.6e-05
0.036907 1.6e-05
0.036652 1.5e-05
0.038936 2e-05
0.040004 1.4e-05
0.039447 1.2e-05
0.036224 4.2e-05
0.03679 1.6e-05
0.036693 2.2e-05
0.039512 1.7e-05
0.03943 1.9e-05
0.036295 1.2e-05
0.035456 1.1e-05
0.040329 1.1e-05
0.037572 1.2e-05
0.036661 2e-05
0.037596 1.3e-05
0.037803 1.4e-05
0.039393 1.5e-05
0.037836 1.7e-05
0.037772 1.9e-05
0.039542 1.7e-05
0.035223 1.4e-05
0.039498 1.5e-05
0.037605 1.7e-05
0.039837 1.8e-05
0.036821 1.3e-05
0.038056 1.7e-05
0.039594 1.8e-05
0.036873 1.1e-05
0.036902 2.6e-05
0.036894 1.7e-05
0.039443 1.2e-05
0.036973 1.5e-05
0.036808 1.7e-05
0.038168 1.4e-05
0.03765 2e-05
0.039488 1.4e-05
0.039654 1.3e-05
0.0369 1.8e-05
0.039653 2.1e-05
0.038294 1.5e-05
0.036834 1.5e-05
0.034927 1.8e-05
0.039992 1.9e-05
0.039532 1.4e-05
0.03976 1.7e-05
0.036878 1.6e-05
0.03686 1.9e-05
0.039924 1.3e-05
0.039436 1.6e-05
0.036303 1.5e-05
0.036893 1.3e-05
0.0396 2.2e-05
0.039623 1.7e-05
0.037847 1.3e-05
0.037589 1.6e-05
0.038638 1.9e-05
0.039569 1.1e-05
0.038241 1.6e-05
0.039523 1.3e-05
0.039511 1.1e-05
0.039461 1.4e-05
0.037713 1.2e-05
0.03791 1.7e-05
0.036836 1.7e-05
0.03968 1.5e-05
0.036932 1.2e-05
0.03952 1.9e-05
0.037755 1.1e-05
0.040023 2e-05
0.036749 1.2e-05
0.037808 1.7e-05
0.03676 1.5e-05
0.039414 1.4e-05
0.039726 1.8e-05
0.039398 1.3e-05
0.037512 1.8e-05
0.039725 1.7e-05
0.040179 1.7e-05
0.037698 1.2e-05
0.039526 1.4e-05
0.039468 1.3e-05
0.036795 1.8e-05
0.036797 1.7e-05
0.039391 2e-05
0.039642 1.2e-05
0.039121 1.4e-05
0.034938 1.5e-05
0.036712 1.6e-05
0.036808 1.3e-05
0.036779 1.5e-05
0.036761 1.4e-05
0.036844 9e-06
0.039611 2.3e-05
0.037464 1.2e-05
0.034448 1.6e-05
0.036962 1.4e-05
0.038317 1.6e-05
0.036871 1.4e-05
0.036715 1.5e-05
0.039379 1.6e-05
0.039576 1.6e-05
0.036698 1.4e-05
0.035197 2e-05
0.036709 1.4e-05
0.039649 1.6e-05
0.036816 1.7e-05
0.039516 1.1e-05
0.039432 1.5e-05
0.039772 1.8e-05
0.039532 2e-05
0.037945 1.3e-05
0.03943 1.2e-05
0.039489 1.4e-05
0.039497 1.7e-05
0.036655 1.4e-05
0.039431 1.7e-05
0.036873 1.3e-05
0.036661 1.7e-05
0.035863 1.2e-05
0.037569 1.4e-05
0.039434 1.3e-05
0.03688 1.8e-05
0.039479 1.4e-05
0.03936 1.5e-05
0.037057 1.3e-05
0.036707 1e-05
0.03358 1.7e-05
0.03943 1.6e-05
0.039371 1.2e-05
0.03672 1.6e-05
0.039477 1.4e-05
0.039464 1.3e-05
0.036863 1.7e-05
0.039305 1.8e-05
0.037565 1.4e-05
0.036777 1.8e-05
0.036684 1.6e-05
0.039498 1.7e-05
0.039401 1.6e-05
0.039394 1.5e-05
0.039851 2.1e-05
0.039374 1.3e-05
0.03785 1.9e-05
0.039502 1.4e-05
0.039474 1.6e-05
0.039537 1.7e-05
0.039398 1.9e-05
0.039432 1.7e-05
0.039805 1.2e-05
0.039479 1.2e-05
0.034711 1.3e-05
0.039499 1.8e-05
0.039374 1.3e-05
0.03933 1.4e-05
0.039432 1.8e-05
0.037564 1.4e-05
0.037433 1.3e-05
0.03945 1.4e-05
0.03604 1.1e-05
0.036711 2.3e-05
0.036768 2.1e-05
0.039392 1.4e-05
0.036718 2.1e-05
0.03946 1.5e-05
0.037196 1.7e-05
0.036884 1.2e-05
0.03773 1.5e-05
0.037946 1.4e-05
0.039309 2.1e-05
0.039478 2.2e-05
0.039415 1.5e-05
0.039103 1.1e-05
0.038112 1.6e-05
0.036688 1.6e-05
0.037931 1.4e-05
0.036843 1.3e-05
0.03777 2.2e-05
0.036946 1.4e-05
0.039418 1.6e-05
0.037291 1.9e-05
0.037336 1.2e-05
0.037724 1.8e-05
0.038403 1.3e-05
0.037925 1.7e-05
0.036961 1.8e-05
0.039747 1.6e-05
0.039498 1.3e-05
0.036418 9e-06
0.039675 1.5e-05
0.036752 1.4e-05
0.036824 1.7e-05
0.036904 1.2e-05
0.036633 1.8e-05
0.039767 1.5e-05
0.036757 1.7e-05
0.038031 2.2e-05
0.037861 1.9e-05
0.039482 1.3e-05
0.039385 1.2e-05
0.039504 1.8e-05
0.036652 1.4e-05
0.038235 1.7e-05
0.039456 1.3e-05
0.034581 1.6e-05
0.039549 1.6e-05
0.036704 2.2e-05
0.036735 1.6e-05
0.037786 1.3e-05
0.036653 1.5e-05
0.037851 1e-05
0.039429 1.3e-05
0.036487 2e-05
0.036782 1.2e-05
0.036701 1.7e-05
0.03609 1.1e-05
0.036943 1.2e-05
0.039422 9e-06
0.036946 1.5e-05
0.037565 1.9e-05
0.036147 1.2e-05
0.039478 1.4e-05
0.037747 1.9e-05
0.037709 1.7e-05
0.039519 1.4e-05
0.039674 1.2e-05
0.039611 1.5e-05
0.039364 1.3e-05
0.038014 1.2e-05
0.036863 2e-05
0.03954 1.7e-05
0.036929 2.2e-05
0.036825 1.5e-05
0.037725 1.5e-05
0.038607 1.5e-05
0.040541 1.7e-05
0.03845 1e-05
0.03952 1.5e-05
0.040674 1.2e-05
0.040682 1.8e-05
0.036897 1.4e-05
0.036105 1.5e-05
0.039982 1.4e-05
0.040609 1.4e-05
0.040418 2.5e-05
0.039631 1.5e-05
0.037609 1.3e-05
0.040392 2.2e-05
0.040378 1.3e-05
0.036137 1.4e-05
0.039598 1.2e-05
0.039513 1.5e-05
0.040641 1.7e-05
0.040579 1.6e-05
0.040235 1.6e-05
0.040182 1.5e-05
0.039793 1.5e-05
0.040264 1.9e-05
0.041418 1.6e-05
0.037614 1.6e-05
0.038951 1.9e-05
0.039463 1.9e-05
0.040477 1.6e-05
0.039069 1.5e-05
0.038971 1.6e-05
0.041076 2e-05
0.039776 2.3e-05
0.040358 1.4e-05
0.039628 1.9e-05
0.037088 1.5e-05
0.039465 1.3e-05
0.037742 1.8e-05
0.038567 1.3e-05
0.041399 1.7e-05
0.042046 1.9e-05
0.037868 1.6e-05
0.03821 1.7e-05
0.037114 1.3e-05
0.039469 2e-05
0.036861 1.7e-05
0.037533 1.2e-05
0.039495 1.7e-05
0.037988 1.9e-05
0.039427 1.4e-05
0.03536 1.5e-05
0.036845 1.6e-05
0.037837 1e-05
0.039562 1.7e-05
0.035251 1.2e-05
0.037612 1.6e-05
0.039763 1.7e-05
0.037021 1.6e-05
0.036529 1.2e-05
0.03769 1.2e-05
0.039497 1.5e-05
0.037976 1.6e-05
0.036806 2.1e-05
0.037073 1.9e-05
0.03719 1.4e-05
0.036753 1.2e-05
0.038076 1.8e-05
0.03686 1.8e-05
0.039396 1.5e-05
0.036828 1.3e-05
0.039506 1.8e-05
0.039455 1.6e-05
0.037739 1.3e-05
0.03943 1.3e-05
0.036144 1.6e-05
0.037752 1.4e-05
0.03731 1.5e-05
0.039613 1.9e-05
0.039614 1.3e-05
0.039545 2.1e-05
0.037119 1.9e-05
0.039601 1.1e-05
0.036818 1.6e-05
0.039753 1.7e-05
0.036851 1.5e-05
0.040076 1.4e-05
0.037849 2e-05
0.036111 1.3e-05
0.038059 1.7e-05
0.039394 1.7e-05
0.038156 2e-05
0.037579 1.3e-05
0.039582 1.2e-05
0.039543 1.2e-05
0.039389 1.6e-05
0.034513 1.2e-05
0.039052 1.2e-05
0.039489 1.4e-05
0.039487 1.4e-05
0.039405 1.7e-05
0.036694 1.9e-05
0.039696 1.3e-05
0.039392 1.4e-05
0.037608 1.3e-05
0.037615 1.2e-05
0.036878 1.2e-05
0.03946 1.9e-05
0.039454 1.3e-05
0.036835 1.6e-05
0.039824 1.4e-05
0.036843 1.6e-05
0.038052 2e-05
0.036694 1.9e-05
0.039445 1.4e-05
0.039753 1.6e-05
0.039418 1.1e-05
0.037493 1.8e-05
0.039859 1.2e-05
0.036659 1.1e-05
0.035182 1.9e-05
0.039206 1.3e-05
0.039407 1.4e-05
0.039512 1.3e-05
0.037722 1.4e-05
0.037372 1.3e-05
0.039788 1.6e-05
0.039419 1.2e-05
0.036039 1.6e-05
0.036756 1.3e-05
0.035191 1.3e-05
0.037719 2.3e-05
0.037629 1.1e-05
0.039595 1.6e-05
0.039742 1.3e-05
0.039417 1.7e-05
0.037694 1.9e-05
0.037855 1.3e-05
0.036716 1.1e-05
0.039523 1.3e-05
0.036677 1.7e-05
0.039512 2e-05
0.037947 1.4e-05
0.036688 1.2e-05
0.037882 1.4e-05
0.039445 1.3e-05
0.037769 1.1e-05
0.036671 1.5e-05
0.036681 1.7e-05
0.039347 2e-05
0.039964 1.6e-05
0.037809 1.2e-05
0.03801 1.3e-05
0.036715 1.1e-05
0.036657 1.2e-05
0.03701 1.3e-05
0.039509 1.6e-05
0.036611 1.6e-05
0.037088 1.6e-05
0.036731 1.9e-05
0.037753 1.6e-05
0.037697 1.9e-05
0.036658 1.5e-05
0.039502 1.8e-05
0.03967 1.6e-05
0.039407 1.4e-05
0.037815 1.8e-05
0.039448 1.8e-05
0.03514 1.7e-05
0.039432 2.1e-05
0.037538 2.2e-05
0.039492 1.9e-05
0.036696 2.2e-05
0.039604 2e-05
0.03717 1.3e-05
0.039434 1.2e-05
0.037583 1.4e-05
0.036765 1.4e-05
0.039341 1.7e-05
0.039687 1.6e-05
0.036706 2.2e-05
0.037603 1.4e-05
0.039817 1.1e-05
0.039455 1.2e-05
0.034819 1.4e-05
0.039462 1.4e-05
0.036924 1.8e-05
0.03747 1.1e-05
0.036717 1.7e-05
0.039449 1.4e-05
0.036982 1.6e-05
0.03756 1.1e-05
0.038513 2.1e-05
0.036768 1.4e-05
0.036639 1.3e-05
0.039784 1.5e-05
0.039389 1.3e-05
0.037242 1.3e-05
0.038401 1.4e-05
0.039435 1.3e-05
0.038401 1.9e-05
0.039481 1e-05
0.037546 1.6e-05
0.039518 1.4e-05
0.036866 1.7e-05
0.038162 1.5e-05
0.036771 1.5e-05
0.039348 1.7e-05
0.036329 1.8e-05
0.037562 1.6e-05
0.037482 1.5e-05
0.039497 1.3e-05
0.036614 1.9e-05
0.038679 1.5e-05
0.039965 1.2e-05
0.037453 1.9e-05
0.035899 1.5e-05
0.036983 1.7e-05
0.039371 1.5e-05
0.036786 2e-05
0.039341 1.5e-05
0.038744 1.4e-05
0.035943 1.1e-05
0.037556 1.2e-05
0.038245 2e-05
0.039468 8e-06
0.037579 1.1e-05
0.039603 1.5e-05
0.037563 1.2e-05
0.035827 1.6e-05
