0.004499 9.8e-05
0.004276 7.6e-05
0.004288 9.1e-05
0.004445 7e-05
0.004433 0.000132
0.004412 0.000171
0.004281 0.000154
0.004464 0.000116
0.004017 0.000102
0.004289 7.9e-05
0.004464 6.5e-05
0.004355 7.6e-05
0.004277 9.1e-05
0.004324 0.000156
0.004445 7.8e-05
0.0043 8.5e-05
0.004279 6.2e-05
0.00443 6.4e-05
0.004285 7.5e-05
0.004293 6.7e-05
0.004486 9.6e-05
0.004469 0.000114
0.004462 0.000159
0.004327 0.000136
0.004279 7.2e-05
0.004302 0.00016
0.004457 0.000148
0.004277 0.000123
0.004443 0.000138
0.004063 0.000101
0.004038 0.000107
0.004477 8.5e-05
0.004264 0.000121
0.004278 5.2e-05
0.004303 7.6e-05
0.004518 0.000179
0.004303 0.000116
0.004287 9.6e-05
0.00447 6.5e-05
0.004307 5.9e-05
0.004285 0.000173
0.004325 0.000132
0.00427 9.7e-05
0.004323 0.000151
0.004292 8.5e-05
0.004294 5.3e-05
0.004299 0.000184
0.004822 9.7e-05
0.004446 8e-05
0.004459 0.000159
0.00428 8e-05
0.003856 0.000116
0.004578 6.9e-05
0.004305 0.000161
0.004435 8.8e-05
0.00446 8.4e-05
0.004296 6.6e-05
0.004297 0.000145
0.004456 0.000156
0.004477 9.4e-05
0.004289 0.000119
0.004286 6.7e-05
0.004451 0.000153
0.004294 8.1e-05
0.00445 7.3e-05
0.004462 0.000217
0.004456 9.5e-05
0.004289 0.000175
0.004282 0.000107
0.004282 9.1e-05
0.004279 0.000114
0.004296 9.8e-05
0.004446 6.9e-05
0.003631 7.3e-05
0.004312 0.0001
0.004297 0.000175
0.004328 0.000138
0.004344 0.000188
0.004291 0.000146
0.00428 9.4e-05
0.004291 0.000133
0.004281 0.000162
0.004444 0.000167
0.004318 0.000148
0.004562 0.000109
0.004289 8.4e-05
0.004269 0.000106
0.004282 0.000132
0.004462 7e-05
0.004456 0.000102
0.004277 9.6e-05
0.004464 9.4e-05
0.004455 7e-05
0.004437 7.2e-05
0.003684 7.2e-05
0.004098 0.000172
0.004284 0.000138
0.004321 8.7e-05
0.004277 0.000162
0.004312 7.3e-05
0.004291 6.2e-05
0.004457 0.000129
0.004279 0.000106
0.004461 7.4e-05
0.004454 0.000109
0.004293 7.5e-05
0.004295 8.5e-05
0.004291 0.000114
0.004265 0.000111
0.004311 8.4e-05
0.004528 9.3e-05
0.004284 9.1e-05
0.004443 0.000112
0.004502 0.00015
0.004281 0.000158
0.004467 6.8e-05
0.003638 5.7e-05
0.004294 6.4e-05
0.004303 0.000107
0.004279 9.5e-05
0.004439 0.000126
0.00446 6.2e-05
0.004438 0.000145
0.004308 8.7e-05
0.004279 7.6e-05
0.004447 0.000143
0.004562 0.000104
0.004473 8e-05
0.004563 0.000125
0.004276 0.000101
0.004272 0.000106
0.004809 0.000155
0.004271 7.6e-05
0.004472 0.000192
0.004262 7.4e-05
0.004464 0.000155
0.004264 6.8e-05
0.004474 9.3e-05
0.003753 0.000112
0.004291 0.000148
0.004274 8.4e-05
0.004303 0.000123
0.004283 0.00017
0.004491 0.000113
0.004273 9.2e-05
0.00428 0.000126
0.004438 0.00015
0.004303 0.000138
0.004273 8.2e-05
0.004476 0.000126
0.004272 0.000135
0.004301 0.000102
0.004292 9.5e-05
0.00429 0.000152
0.004276 0.000146
0.004284 9.1e-05
0.004272 0.000135
0.004286 7.7e-05
0.004284 4.6e-05
0.003854 0.000114
0.004272 0.00016
0.004488 0.000109
0.004261 8.7e-05
0.004278 0.000132
0.004269 0.000128
0.004385 0.000134
0.004283 0.000124
0.004284 9.2e-05
0.004309 0.000119
0.004467 0.00012
0.004277 0.000124
0.004294 8.4e-05
0.004287 5.3e-05
0.004515 9.9e-05
0.004443 0.000121
0.004312 0.000102
0.004281 6.5e-05
0.004297 8e-05
0.004268 7.4e-05
0.004287 0.000115
0.004276 0.000109
0.00373 7.3e-05
0.004288 6.2e-05
0.004285 6.5e-05
0.004479 0.000181
0.004496 7.2e-05
0.004462 8.4e-05
0.004371 0.000179
0.00427 0.000195
0.004296 0.000101
0.004449 0.000205
0.00429 6.6e-05
0.004259 0.000109
0.004287 6.7e-05
0.004305 8.6e-05
0.00447 0.000164
0.004472 0.000115
0.00429 0.000124
0.004463 0.000146
0.004276 5.2e-05
0.004439 8.3e-05
0.004455 7.7e-05
0.004268 5.9e-05
0.003675 0.000108
0.004312 9.9e-05
0.004301 0.000135
0.004432 8.7e-05
0.004807 7.8e-05
0.004274 0.000191
0.004478 8.6e-05
0.004452 7.7e-05
0.004459 7.9e-05
0.004454 9.1e-05
0.004518 9e-05
0.004288 0.000206
0.004292 5.4e-05
0.004451 0.000145
0.004469 9.9e-05
0.00427 0.000124
0.004285 0.000102
0.00448 0.00011
0.004306 0.000117
0.004271 0.000152
0.004474 5.9e-05
0.003671 8.2e-05
0.004295 0.000104
0.004273 5e-05
0.004453 0.000123
0.004294 9.7e-05
0.004458 0.000145
0.004498 0.000102
0.004286 0.000127
0.004454 0.000124
0.004282 0.000148
0.004445 7.4e-05
0.004479 0.000126
0.004272 8e-05
0.004478 0.000172
0.004279 7.6e-05
0.004462 0.000122
0.004281 0.000124
0.004484 6.7e-05
0.004285 0.000122
0.004292 9.5e-05
0.004776 9e-05
0.004289 7.9e-05
0.00371 0.000118
0.004293 0.000101
0.004466 8.6e-05
0.004299 9.9e-05
0.004434 0.000142
0.004295 9.8e-05
0.004445 0.000196
0.004458 0.000116
0.004287 0.00013
0.004305 0.00012
0.004468 7.9e-05
0.00447 9.8e-05
0.004279 8.1e-05
0.004289 0.000169
0.004278 0.000166
0.004296 0.00015
0.004276 6.3e-05
0.00429 9e-05
0.004277 7.1e-05
0.004292 7.2e-05
0.004288 0.000113
0.004165 9.6e-05
0.003886 0.00012
0.004277 0.000118
0.004291 0.00012
0.00429 8e-05
0.00429 9.9e-05
0.004484 0.000156
0.004268 0.000165
0.004281 0.000114
0.00428 0.000116
0.0043 7.7e-05
0.004456 7.7e-05
0.004292 0.000152
0.004268 0.000111
0.004284 8.3e-05
0.004258 0.0001
0.004469 8.6e-05
0.004269 5e-05
0.004288 7.3e-05
0.00427 0.00014
0.004294 0.000128
0.00446 0.000158
0.003713 8.2e-05
0.004462 6.8e-05
0.004291 0.000134
0.004288 9.8e-05
0.004293 0.000112
0.004283 0.000139
0.004819 0.000127
0.004259 4.4e-05
0.004474 0.000116
0.004281 0.000108
0.004473 7.6e-05
0.004436 0.000147
0.004465 0.000111
0.004278 0.000109
0.004285 8.8e-05
0.00444 0.000122
0.00446 0.000169
0.004274 0.000149
0.004293 0.000133
0.004463 0.000127
0.004282 0.000125
0.004562 0.000208
0.003657 0.00012
0.004271 9.2e-05
0.004461 9.2e-05
0.004473 9.6e-05
0.004483 0.000148
0.00428 0.000142
0.004466 9.6e-05
0.004276 0.000124
0.004282 6.1e-05
0.004458 7.9e-05
0.004284 0.000173
0.00447 0.000118
0.004289 0.000143
0.004773 9e-05
0.004291 0.000108
0.004312 0.000106
0.004313 0.000121
0.004286 8e-05
0.004483 0.000129
0.004497 0.00012
0.004449 0.000134
0.004133 7.2e-05
0.004147 0.000133
0.004477 0.000111
0.004299 0.000115
0.004468 0.000112
0.004822 8.3e-05
0.004306 7.3e-05
0.004465 0.000129
0.004273 0.000147
0.004459 0.00011
0.00444 6.5e-05
0.004284 0.000128
0.004258 9.2e-05
0.004288 0.000118
0.004284 0.000114
0.00446 7.9e-05
0.004283 0.000143
0.004288 0.000143
0.004467 0.000118
0.00428 0.000111
0.004277 0.000108
0.004309 0.000175
0.003922 9.9e-05
0.004305 0.000113
0.004446 0.000109
0.004286 9.5e-05
0.004446 0.000122
0.004462 0.000145
0.004316 0.000107
0.004296 0.000127
0.00448 6.8e-05
0.004472 0.00016
0.004277 6.6e-05
0.004288 8.2e-05
0.004328 0.000123
0.004281 0.000194
0.004526 0.000138
0.004287 0.000107
0.004435 0.000138
0.00429 0.000109
0.004287 0.000109
0.004279 0.000145
0.004278 6e-05
0.004286 7.3e-05
0.003743 0.000111
0.004493 8.2e-05
0.004456 8.2e-05
0.004291 0.000142
0.004679 0.000122
0.004725 7.4e-05
0.004399 6.4e-05
0.004312 0.000117
0.004456 6.2e-05
0.004289 4.7e-05
0.004298 9.9e-05
0.005059 9.7e-05
0.004291 9.7e-05
0.004473 0.000115
0.004286 0.000108
0.004287 6.2e-05
0.004299 7e-05
0.004304 0.000115
0.004781 0.000119
0.004295 0.0001
0.004266 0.000169
0.004113 6.1e-05
0.00446 8.1e-05
0.004271 0.00014
0.004281 7.1e-05
0.004288 9e-05
0.004448 7.6e-05
0.004312 0.000126
0.004358 0.000119
0.004293 9.6e-05
0.004281 9.2e-05
0.004293 9.2e-05
0.004286 0.000144
0.00447 7.8e-05
0.004263 0.000116
0.004287 0.000104
0.004457 0.000114
0.004296 6.5e-05
0.00446 0.000126
0.004289 0.000152
0.004284 9.4e-05
0.004286 0.000101
0.004453 7.4e-05
0.003943 7.3e-05
0.00445 7e-05
0.004301 6.6e-05
0.004474 0.000117
0.004514 0.000116
0.004321 0.000146
0.004319 9e-05
0.004275 0.0001
0.004282 9.1e-05
0.004459 8.8e-05
0.004308 0.000132
0.004292 9.6e-05
0.004284 0.000103
0.004548 0.000107
0.004328 0.000119
0.004312 0.000133
0.004287 0.000133
0.004461 0.000141
0.004287 8.9e-05
0.00447 0.000136
0.004517 9.4e-05
0.004082 9.6e-05
0.004292 0.000146
0.004266 0.000109
0.004308 9.3e-05
0.00446 0.000157
0.004311 9.1e-05
0.00447 0.000105
0.0043 0.000153
0.004275 9.2e-05
0.004467 0.000175
0.004286 7.8e-05
0.004282 0.000143
0.004314 9.8e-05
0.004307 0.00014
0.00428 9.7e-05
0.004802 0.000118
0.004274 9.9e-05
0.00428 8.6e-05
0.004275 0.000126
0.004289 0.000123
0.00429 0.000196
0.004469 6e-05
0.003858 0.000113
0.004489 9.5e-05
0.004282 4.1e-05
0.004458 8e-05
0.004268 0.000121
0.004325 6.2e-05
0.004277 8.2e-05
0.004304 7.4e-05
0.004286 9.8e-05
0.004292 6.5e-05
0.004556 8.5e-05
0.004498 0.000151
0.00427 8.7e-05
0.004296 0.000109
0.004269 0.000132
0.004297 0.000119
0.004265 7.4e-05
0.004293 0.00018
0.004275 5.5e-05
0.00481 0.000106
0.004302 9.5e-05
0.004465 4.5e-05
0.003648 0.000129
0.004298 8e-05
0.004456 8.5e-05
0.004294 9.4e-05
0.004287 0.00017
0.004515 0.000124
0.004282 0.000175
0.004284 0.000104
0.00427 0.000122
0.00428 0.000156
0.004286 0.000123
0.004461 0.000147
0.004468 0.000122
0.004296 6.9e-05
0.004281 7.9e-05
0.004293 0.000136
0.004271 4.6e-05
0.00431 0.000104
0.004437 5.1e-05
0.004286 0.000103
0.00429 0.000136
0.003691 8.8e-05
0.004287 0.000125
0.004479 0.000127
0.00428 0.000123
0.004291 9.5e-05
0.004522 6.9e-05
0.004327 0.000179
0.004461 7.5e-05
0.004297 0.000152
0.004313 8.3e-05
0.004298 0.00011
0.004314 0.000151
0.0043 0.00017
0.004289 5.9e-05
0.004298 7.1e-05
0.004274 0.000118
0.004482 0.000143
0.004271 0.000186
0.004298 0.000104
0.004458 0.000125
0.004289 9.4e-05
0.004132 0.000143
0.004472 0.000104
0.004456 6.9e-05
0.0043 0.000147
0.004301 0.000101
0.004462 6.6e-05
0.004291 5.4e-05
0.004304 0.000121
0.004459 0.000139
0.004479 8.5e-05
0.004472 0.000106
0.004491 0.000178
0.004484 0.000106
0.004554 5.6e-05
0.004269 0.000113
0.004309 0.000127
0.004465 6.4e-05
0.004492 0.000112
0.004274 9.9e-05
0.004301 0.000137
0.004283 8.5e-05
0.004478 9.4e-05
0.004073 9e-05
0.00432 0.000107
0.004291 0.000133
0.004303 9.3e-05
0.004277 0.000116
0.004301 0.000135
0.004455 0.000175
0.004468 0.000131
0.004304 0.000113
0.004476 0.000113
0.004269 6.9e-05
0.004275 0.000175
0.004481 0.000147
0.004493 0.000102
0.004287 0.000116
0.006089 0.000155
0.006041 9.6e-05
0.006096 0.000102
0.006005 0.000271
0.005875 0.000271
0.006033 0.000226
0.006078 0.00014
0.005975 0.000177
0.004718 0.000133
0.0054 0.00013
0.004312 0.000115
0.004277 0.000137
0.0043 0.000115
0.004277 5.4e-05
0.004473 0.000121
0.004513 9.9e-05
0.004294 0.000154
0.004463 0.000132
0.004482 0.000115
0.004457 0.000143
0.004466 0.000129
0.004474 8.6e-05
0.004474 0.000109
0.004283 0.000133
0.004142 8.5e-05
0.004463 8.4e-05
0.004295 9.9e-05
0.00446 0.000133
0.004822 7.9e-05
0.004806 7.4e-05
0.00431 0.000111
0.004457 0.000166
0.004288 0.000126
0.004282 0.000155
0.004454 0.000144
0.004272 0.000108
0.004469 6.1e-05
0.004515 9.3e-05
0.004469 4.3e-05
0.004446 0.000174
0.004469 0.000146
0.004466 8.9e-05
0.004305 0.000107
0.004445 6.8e-05
0.004287 0.000102
0.004172 0.000144
0.003793 0.000146
0.004282 0.000154
0.004462 0.000109
0.004451 0.000115
0.004471 0.000158
0.004537 8.7e-05
0.004279 9.4e-05
0.004275 7.2e-05
0.004468 0.000167
0.004289 7.7e-05
0.004808 0.000116
0.004267 9.5e-05
0.004298 0.000116
0.004463 7.7e-05
0.004476 6.8e-05
0.004422 6.4e-05
0.004296 0.000119
0.004278 9.6e-05
0.004297 8.5e-05
0.004443 0.000131
0.004467 0.000105
0.003804 0.000107
0.004281 0.000124
0.004463 0.00012
0.004459 7e-05
0.004278 0.00013
0.004472 0.00014
0.004457 0.00012
0.004283 0.000107
0.004281 0.000105
0.004285 6.6e-05
0.004462 0.000101
0.004465 6.2e-05
0.004291 0.00014
0.004481 9.5e-05
0.004438 0.000118
0.004283 6e-05
0.004557 0.000156
0.00447 0.000109
0.004437 0.000142
0.004269 0.000131
0.004306 0.000141
0.004277 9.9e-05
0.003975 6.9e-05
0.004308 8.3e-05
0.004304 0.000109
0.004296 0.000153
0.004437 0.000136
0.00431 9.6e-05
0.004377 0.000167
0.00447 5.4e-05
0.0043 5.4e-05
0.004286 7.4e-05
0.004283 0.000148
0.00448 0.000131
0.004451 0.000107
0.004449 0.000109
0.004284 0.000174
0.004297 7.1e-05
0.004277 9.8e-05
0.004489 0.000142
0.004443 8.9e-05
0.00448 9.8e-05
0.004272 0.000119
0.003693 6.7e-05
0.004285 9.1e-05
0.004457 0.000103
0.004291 0.000113
0.004449 7.3e-05
0.004277 0.000113
0.004299 0.000105
0.004263 0.000119
0.004306 0.000117
0.004529 0.000184
0.004301 0.000118
0.004274 0.000118
0.00429 8.1e-05
0.004314 7.4e-05
0.004294 0.000135
0.00428 0.000121
0.004406 0.000141
0.004316 0.000109
0.004294 0.000122
0.004466 8e-05
0.004485 0.000128
0.004556 4.2e-05
0.003639 0.000101
0.004274 0.000125
0.004302 0.000156
0.00438 8.5e-05
0.00429 0.000115
0.004281 6.3e-05
0.004445 9.5e-05
0.004462 0.000158
0.004282 0.000156
0.004279 8e-05
0.004471 0.000125
0.004272 0.000111
0.00429 0.000109
0.004269 0.000168
0.00447 5.8e-05
0.00445 8.8e-05
0.004277 7.2e-05
0.004279 7.7e-05
0.00428 0.000144
0.004444 0.000174
0.004294 0.000132
0.004307 0.000155
0.003998 0.000117
0.004445 0.000129
0.004289 7.3e-05
0.004442 9.3e-05
0.004484 0.000125
0.004387 9.7e-05
0.004292 0.000138
0.004457 0.000125
0.004291 9.1e-05
0.004445 9e-05
0.004458 0.000115
0.004277 0.000132
0.004545 0.00014
0.004458 8.2e-05
0.004468 6e-05
0.004275 8.6e-05
0.004284 0.000125
0.004463 0.000146
0.004287 4.9e-05
0.004281 0.000125
0.004295 0.000134
0.003768 0.000102
0.004465 7e-05
0.004279 0.000163
0.004798 0.000151
0.004567 8e-05
0.004271 7.6e-05
0.004553 9.1e-05
0.004288 0.000137
0.004281 0.000151
0.004473 9.4e-05
0.004286 0.000125
0.004456 0.000118
0.004442 8.8e-05
0.00429 0.000129
0.004353 0.000112
0.004287 9.9e-05
0.004455 4.9e-05
0.004457 0.00014
0.004273 7e-05
0.004318 0.000116
0.004487 0.000174
0.004278 0.00011
0.004034 0.000117
0.00428 0.000118
0.004278 0.00015
0.004303 6.7e-05
0.004285 0.000189
0.004482 0.000145
0.00427 0.000106
0.004473 9.7e-05
0.004308 0.000103
0.004482 0.000137
0.004266 0.00012
0.004297 8.1e-05
0.004288 8e-05
0.004309 0.000194
0.004282 0.00011
0.004582 0.0001
0.004451 0.000147
0.00445 0.000108
0.004271 0.000161
0.004476 0.000127
0.00444 0.00017
0.004127 0.000154
0.004278 5.8e-05
0.004284 9.8e-05
0.004455 6.9e-05
0.004289 0.00012
0.004277 0.000209
0.004328 0.00013
0.004276 0.000114
0.004296 0.000155
0.004456 8.3e-05
0.004299 0.000143
0.004327 6.2e-05
0.004299 7.1e-05
0.004494 0.000113
0.004472 7.3e-05
0.004287 4.1e-05
0.004413 0.000158
0.004279 0.000125
0.004468 7.4e-05
0.004445 0.000136
0.00446 0.000161
0.004084 8.3e-05
0.004142 0.000118
0.004297 0.000164
0.004285 0.000226
0.004268 0.000107
0.004298 0.000169
0.0043 0.000121
0.004483 0.000147
0.004784 7.5e-05
0.004466 0.000122
0.004278 0.000116
0.004492 8.2e-05
0.004269 0.000129
0.004294 9.1e-05
0.004284 7.6e-05
0.004275 9.1e-05
0.004271 0.000149
0.004467 0.000103
0.00444 0.000145
0.00428 7.3e-05
0.004281 6.6e-05
0.004298 0.000154
0.003715 9.6e-05
0.004294 0.000177
0.004293 9.8e-05
0.004309 6.6e-05
0.004624 0.000148
0.004303 8e-05
0.004282 7e-05
0.004287 7.1e-05
0.004309 5.8e-05
0.004483 9.6e-05
0.004452 0.00011
0.004481 0.000129
0.004457 0.000184
0.00429 0.000108
0.00447 8.7e-05
0.004292 7.5e-05
0.00445 0.000113
0.004278 6.3e-05
0.004453 0.000125
0.004291 0.000114
0.004463 0.000175
0.003841 0.000169
0.004292 9.2e-05
0.004616 0.000159
0.00427 9.2e-05
0.004291 0.000147
0.004443 7.7e-05
0.004302 7.4e-05
0.004289 0.000156
0.004478 0.000132
0.004455 0.000102
0.004303 0.000129
0.004279 6.5e-05
0.004293 0.000115
0.004563 0.000126
0.004286 7.5e-05
0.004449 0.000153
0.00447 0.000129
0.004795 0.00011
0.004289 0.00015
0.004783 0.000136
0.004277 9.1e-05
0.004286 9.5e-05
0.0037 0.000145
0.004357 7e-05
0.004301 0.000135
0.004449 0.000124
0.004298 9.7e-05
0.004284 0.000103
0.004299 8e-05
0.004275 0.000112
0.004488 0.000142
0.004273 0.00012
0.004282 7.5e-05
0.004278 0.000109
0.004304 0.000144
0.00428 0.000101
0.004299 0.000101
0.004269 0.000175
0.004289 0.000125
0.004316 0.000144
0.00446 0.0001
0.004278 7.1e-05
0.004484 0.000156
0.003925 7.4e-05
0.004483 0.000103
0.004472 7.3e-05
0.004287 0.000143
0.004269 9.1e-05
0.004317 0.00017
0.004459 8.8e-05
0.004472 8.9e-05
0.004464 0.000155
0.004482 8.5e-05
0.00429 0.000113
0.004319 0.000109
0.004314 0.000113
0.004461 0.000168
0.00447 8.2e-05
0.004474 0.000168
0.004312 0.000121
0.004474 9.2e-05
0.004808 0.000173
0.004452 0.00012
0.004264 0.000128
0.004303 6.2e-05
0.003796 0.000153
0.004478 0.000106
0.004282 0.000126
0.004289 9.4e-05
0.004431 0.000143
0.004467 7e-05
0.004273 7e-05
0.004292 9.7e-05
0.00428 0.000182
0.004282 6.3e-05
0.004276 0.000139
0.004285 6.1e-05
0.004321 9.7e-05
0.004458 9.3e-05
0.004447 0.000117
0.004293 0.000119
0.004313 0.000109
0.004291 0.000112
0.004457 0.000129
0.004306 0.00019
0.004469 0.00014
0.004048 7e-05
0.004367 0.000121
0.0043 0.000127
0.00427 8.8e-05
0.004488 0.000142
0.004288 0.000119
0.004444 0.000102
0.004274 6.6e-05
0.004291 0.000164
0.004287 6.6e-05
0.004466 6.3e-05
0.004286 7.5e-05
0.004481 0.000122
0.004458 6.2e-05
0.0043 0.000179
0.004474 0.000103
0.006433 0.000202
0.006402 0.000309
0.006101 0.00019
0.006094 0.000352
0.006131 0.000283
0.006075 0.000307
0.006333 0.000241
0.006112 0.000164
0.00632 0.000282
0.006116 0.000154
0.006338 0.000214
0.006299 0.000248
0.006316 0.000166
0.006085 0.000163
0.006317 0.000307
0.006058 0.000304
0.006091 0.00015
0.006081 0.000282
0.005532 0.000237
0.006157 0.000134
0.004357 0.000141
0.004869 9.2e-05
0.004476 0.000212
0.004293 0.00012
0.004483 0.00014
0.004477 0.00014
0.00428 9.6e-05
0.004308 0.000118
0.004293 0.000108
0.004464 0.000141
0.004282 0.00011
0.004466 0.000126
0.004466 7.6e-05
0.00445 8.7e-05
0.004287 0.000114
0.004299 0.000138
0.004292 0.000149
0.004456 8e-05
0.004293 0.000105
0.003485 8.9e-05
0.004288 0.000122
0.004466 6.6e-05
0.00447 8.3e-05
0.00428 8.7e-05
0.00429 8.7e-05
0.004285 8.2e-05
0.004288 7.1e-05
0.004415 0.000158
0.00447 0.000153
0.004277 8.8e-05
0.004294 9.8e-05
0.004274 0.000137
0.004489 6.9e-05
