0.022107 0.01458
0.020851 0.005465
0.021692 0.015651
0.021554 0.010762
0.021968 0.013559
0.021917 0.004827
0.023228 0.009059
0.021392 0.012043
0.023038 0.010036
0.023157 0.00555
0.021972 0.011297
0.023177 0.009527
0.023158 0.013212
0.020402 0.015184
0.0226 0.006902
0.021882 0.013128
0.021558 0.013061
0.018376 0.010108
0.021197 0.010289
0.021526 0.012829
0.023281 0.012834
0.022321 0.004984
0.022108 0.009114
0.021552 0.005151
0.021598 0.011313
0.021538 0.018191
0.021499 0.011918
0.021496 0.010124
0.020517 0.006326
0.021591 0.016492
0.021561 0.006485
0.022121 0.009847
0.02124 0.016167
0.021897 0.006578
0.021477 0.015329
0.021373 0.011502
0.017611 0.0106
0.021119 0.00794
0.021365 0.00499
0.02136 0.009825
0.018155 0.011711
0.021081 0.007789
0.022013 0.004819
0.021309 0.010359
0.01941 0.008446
0.021892 0.009913
0.021291 0.013824
0.023144 0.009558
0.021849 0.008005
0.023195 0.012743
0.02129 0.011024
0.021315 0.010309
0.021523 0.010115
0.023369 0.01288
0.021317 0.012541
0.020933 0.005324
0.023164 0.006639
0.023183 0.008004
0.021293 0.012046
0.02145 0.006952
0.020698 0.006803
0.02059 0.007944
0.021475 0.0122
0.020598 0.010158
0.021776 0.006088
0.02151 0.011312
0.023127 0.013788
0.018662 0.010177
0.022753 0.01155
0.022007 0.010982
0.02146 0.009268
0.019096 0.011926
0.020628 0.011822
0.023217 0.014868
0.020528 0.01603
0.021612 0.009086
0.021508 0.006334
0.021556 0.011615
0.021496 0.013222
0.021539 0.00627
0.023803 0.007598
0.021496 0.008738
0.021557 0.009815
0.023541 0.012615
0.022021 0.010619
0.022051 0.010657
0.019254 0.007271
0.022773 0.009049
0.021495 0.011851
0.02138 0.006796
0.020611 0.014822
0.023271 0.014
0.023341 0.014833
0.022006 0.007793
0.021508 0.011658
0.021347 0.007544
0.017171 0.014127
0.016537 0.009299
0.017436 0.007433
0.019532 0.008935
0.018592 0.009734
0.016464 0.005577
0.018473 0.00432
0.017664 0.006375
0.017289 0.008794
0.017651 0.008915
0.017169 0.005738
0.018595 0.010705
0.018955 0.008419
0.017272 0.007556
0.017987 0.00807
0.018492 0.005476
0.017638 0.010096
0.017187 0.007681
0.017608 0.009503
0.017132 0.007715
0.017199 0.0091
0.01744 0.012125
0.017779 0.007768
0.018605 0.005453
0.017171 0.013825
0.018484 0.005434
0.015882 0.003704
0.017314 0.007134
0.018127 0.007444
0.017191 0.011093
0.017415 0.008912
0.017845 0.015267
0.017528 0.00912
0.016551 0.007887
0.017234 0.009606
0.022638 0.007203
0.017232 0.007994
0.017084 0.006091
0.017756 0.007767
0.017712 0.006331
0.018388 0.008351
0.017246 0.006896
0.016514 0.009027
0.017336 0.009265
0.017402 0.013318
0.015907 0.006455
0.016499 0.007391
0.017402 0.006838
0.017533 0.007189
0.017705 0.00691
0.015704 0.010379
0.017282 0.004181
0.017206 0.012865
0.017653 0.015627
0.018487 0.011577
0.017204 0.007962
0.018565 0.004495
0.020288 0.003915
0.017941 0.00937
0.017304 0.008527
0.016488 0.005174
0.017329 0.010266
0.0165 0.007392
0.017135 0.005155
0.017952 0.010162
0.016547 0.010653
0.018501 0.007808
0.01746 0.008788
0.017194 0.005886
0.016627 0.0061
0.016497 0.01069
0.017107 0.009775
0.018537 0.007182
0.017262 0.006791
0.017203 0.005593
0.018572 0.009366
0.018524 0.006694
0.018468 0.010578
0.016958 0.007447
0.018559 0.012321
0.017179 0.011388
0.017539 0.004637
0.017192 0.009936
0.017569 0.003957
0.018518 0.004616
0.017199 0.008868
0.017148 0.006959
0.017131 0.007775
0.017498 0.007998
0.017617 0.008373
0.018551 0.009855
0.017132 0.009
0.018417 0.010862
0.017124 0.004453
0.017165 0.007493
0.016508 0.008487
0.017064 0.008313
0.017246 0.009493
0.016157 0.007137
0.017211 0.010028
0.01727 0.006291
0.017162 0.011222
0.017149 0.008233
0.01713 0.006333
0.017266 0.008281
0.016421 0.008571
0.017099 0.007356
0.018491 0.007083
0.018524 0.00435
0.023739 0.008852
0.018532 0.007126
0.01649 0.008562
0.017604 0.005748
0.017183 0.009384
0.017191 0.004958
0.01714 0.006711
0.016655 0.0103
0.016413 0.005131
0.018496 0.005348
0.020826 0.006082
0.017094 0.012006
0.01711 0.013505
0.017183 0.008644
0.017167 0.006069
0.018567 0.003736
0.01711 0.011285
0.017221 0.014345
0.017112 0.006132
0.018625 0.004302
0.017149 0.007099
0.018655 0.014081
0.017339 0.005898
0.017277 0.01005
0.018551 0.011119
0.01716 0.004799
0.018495 0.014295
0.018479 0.011691
0.016474 0.008107
0.017222 0.012529
0.017102 0.013906
0.017174 0.006418
0.015573 0.013663
0.01718 0.006282
0.016501 0.007099
0.017127 0.012046
0.017133 0.007183
0.01677 0.006462
0.016669 0.007936
0.016575 0.007305
0.017082 0.006674
0.018471 0.007087
0.017638 0.006176
0.017428 0.006435
0.017178 0.007734
0.018478 0.008943
0.017608 0.007687
0.017667 0.006314
0.017311 0.007712
0.017112 0.005044
0.017134 0.005515
0.017183 0.009908
0.018536 0.012985
0.017234 0.004396
0.016489 0.007231
0.016519 0.003501
0.019201 0.003618
0.016807 0.006216
0.018302 0.008316
0.017233 0.005483
0.01851 0.008064
0.01852 0.006769
0.018579 0.008645
0.016777 0.009948
0.018959 0.005531
0.019088 0.011254
0.017063 0.009621
0.018608 0.009225
0.017205 0.004641
0.01776 0.008638
0.017197 0.011251
0.016548 0.007217
0.017553 0.011382
0.017322 0.00938
0.017321 0.006774
0.017388 0.009805
0.018659 0.013194
0.018708 0.006918
0.017998 0.011482
0.016805 0.011158
0.017738 0.010678
0.017335 0.005385
0.017306 0.004234
0.017642 0.00594
0.017236 0.005427
0.017182 0.006334
0.017724 0.019004
0.018682 0.009956
0.018523 0.009264
0.018574 0.007192
0.016236 0.005113
0.023668 0.008974
0.017714 0.004212
0.016873 0.013079
0.018489 0.009515
0.019216 0.010213
0.018153 0.004306
0.017267 0.005578
0.017526 0.006293
0.017564 0.008883
0.01729 0.00966
0.017255 0.011562
0.018525 0.012188
0.018548 0.012074
0.017184 0.006044
0.017549 0.01212
0.017426 0.009592
0.01716 0.008129
0.019052 0.005504
0.017452 0.010307
0.017392 0.008607
0.017401 0.008556
0.017274 0.010628
0.017553 0.01389
0.016462 0.008757
0.018463 0.012958
0.017156 0.008992
0.017106 0.0066
0.015175 0.005204
0.019926 0.00548
0.017674 0.009315
0.017472 0.011444
0.018512 0.013658
0.018634 0.012639
0.016521 0.011896
0.017216 0.00986
0.019392 0.005854
0.017135 0.003386
0.017388 0.010013
0.01662 0.00687
0.01724 0.009436
0.017161 0.011977
0.018128 0.009032
0.017678 0.005905
0.017247 0.007106
0.018541 0.012794
0.019531 0.010944
0.022887 0.011912
0.025189 0.006937
0.018678 0.006122
0.017369 0.010774
0.016774 0.009862
0.018375 0.011857
0.018231 0.012469
0.018598 0.011015
0.019997 0.009831
0.017119 0.008543
0.017965 0.011755
0.018253 0.009316
0.017334 0.010746
0.017676 0.010338
0.017474 0.006523
0.017288 0.004829
0.018858 0.010493
0.018521 0.007016
0.019016 0.009894
0.017695 0.012152
0.01666 0.00507
0.018524 0.013611
0.017527 0.01243
0.017842 0.012251
0.017367 0.009185
0.017244 0.005948
0.017216 0.01334
0.016527 0.007081
0.017406 0.009821
0.016475 0.007393
0.01712 0.006625
0.018492 0.004995
0.017145 0.013405
0.017261 0.008162
0.01716 0.007553
0.016452 0.006426
0.017252 0.007404
0.017211 0.014816
0.017205 0.009769
0.016447 0.00505
0.017099 0.007242
0.016551 0.010525
0.017173 0.004733
0.016469 0.00974
0.017259 0.007085
0.017029 0.005955
0.016941 0.006355
0.01724 0.008022
0.018269 0.005329
0.017112 0.009496
0.016438 0.008767
0.018496 0.01157
0.01766 0.006233
0.01721 0.010234
0.018468 0.005102
0.017575 0.01312
0.016698 0.007586
0.01739 0.013799
0.016453 0.004949
0.017678 0.010792
0.015866 0.010663
0.01715 0.009295
0.018555 0.005498
0.01767 0.005646
0.015005 0.008006
0.017227 0.004325
0.017548 0.009544
0.017132 0.00635
0.016809 0.005581
0.017614 0.010534
0.01727 0.018772
0.017247 0.007
0.017631 0.014131
0.016517 0.011186
0.017208 0.010916
0.017936 0.011775
0.017376 0.010119
0.017041 0.01385
0.017681 0.008508
0.017642 0.011722
0.017183 0.013246
0.016541 0.005819
0.017044 0.01457
0.017536 0.007603
0.018538 0.006667
0.018558 0.014503
0.016877 0.011122
0.017535 0.009396
0.018886 0.00641
0.016615 0.00973
0.017403 0.011561
0.01854 0.010067
0.022928 0.014775
0.022631 0.009453
0.022562 0.009667
0.019787 0.011273
0.021745 0.012882
0.020029 0.006205
0.020954 0.012128
0.02107 0.009286
0.020939 0.011178
0.021463 0.006248
0.020065 0.013638
0.020942 0.013115
0.021484 0.009745
0.021494 0.011408
0.020945 0.013501
0.021764 0.009656
0.020994 0.010717
0.020111 0.013976
0.019976 0.008678
0.021067 0.010661
0.022603 0.009841
0.021018 0.01277
0.022578 0.008789
0.021005 0.01009
0.020969 0.009967
0.021363 0.010139
0.02088 0.007437
0.021182 0.01357
0.020967 0.013867
0.021013 0.008286
0.020678 0.006792
0.02118 0.009719
0.020882 0.007617
0.020917 0.006578
0.02159 0.007291
0.021066 0.006306
0.021465 0.019538
0.021124 0.012714
0.019281 0.020653
0.022306 0.016334
0.020218 0.008899
0.020148 0.007081
0.02024 0.009348
0.021614 0.013795
0.020479 0.01375
0.018075 0.005482
0.018086 0.006088
0.018718 0.007469
0.017851 0.007222
0.019248 0.008708
0.017656 0.006645
0.017729 0.016975
0.018054 0.003852
0.018886 0.007679
0.017735 0.005806
0.018223 0.00467
0.017703 0.005328
0.018986 0.017499
0.017573 0.013955
0.019033 0.013533
0.017647 0.010103
0.01809 0.0118
0.01802 0.008458
0.017004 0.007535
0.01898 0.005907
0.017798 0.008167
0.018732 0.006207
0.01751 0.009258
0.017249 0.008832
0.017617 0.009403
0.02283 0.012792
0.019692 0.018378
0.020466 0.017017
0.019445 0.010193
0.018276 0.005748
0.016997 0.006893
0.018377 0.004424
0.018338 0.008095
0.017963 0.008619
0.019307 0.008426
0.019986 0.004302
0.017663 0.009678
0.016387 0.006909
0.017722 0.013871
0.018544 0.006106
0.017747 0.007449
0.018028 0.011721
0.017559 0.011207
0.018983 0.008885
0.017661 0.010249
0.01688 0.009706
0.017577 0.014481
0.018028 0.008673
0.017676 0.008879
0.017531 0.004645
0.017689 0.008068
0.017439 0.008472
0.019418 0.00955
0.018149 0.010756
0.017669 0.007369
0.017477 0.011444
0.017569 0.009088
0.017517 0.007019
0.01793 0.009372
0.017513 0.006225
0.01678 0.010056
0.018651 0.008661
0.016834 0.010512
0.018875 0.010358
0.017554 0.007635
0.019006 0.007047
0.017735 0.011976
0.017479 0.00682
0.018728 0.008296
0.016876 0.006394
0.017154 0.006959
0.016781 0.013064
0.017595 0.007262
0.017521 0.009474
0.017509 0.011216
0.018012 0.004277
0.017596 0.006985
0.019023 0.011386
0.017491 0.007328
0.015833 0.005796
0.018196 0.012601
0.018021 0.009954
0.018081 0.007447
0.016951 0.01125
0.018021 0.010908
0.017926 0.013259
0.017499 0.010873
0.017545 0.0052
0.01685 0.011493
0.017573 0.005428
0.017024 0.012314
0.017535 0.007851
0.017983 0.008572
0.016441 0.006192
0.017586 0.00725
0.017587 0.006286
0.018079 0.013176
0.017585 0.010302
0.016837 0.009174
0.017002 0.008714
0.017635 0.007281
0.017538 0.003921
0.017646 0.003416
0.017992 0.007515
0.017893 0.009392
0.016874 0.009139
0.017561 0.011251
0.016929 0.00843
0.017784 0.008092
0.017653 0.008861
0.017541 0.009593
0.017529 0.008596
0.017026 0.006569
0.019025 0.007311
0.01774 0.013838
0.017537 0.011313
0.01685 0.008593
0.016859 0.007732
0.017778 0.005004
0.016872 0.006089
0.01811 0.005412
0.017492 0.012736
0.019031 0.009039
0.017894 0.008112
0.017644 0.004318
0.017595 0.010982
0.019044 0.011438
0.018022 0.006549
0.018076 0.007672
0.017536 0.005888
0.018954 0.014686
0.015859 0.008768
0.017725 0.006979
0.017504 0.009054
0.017559 0.005194
0.017462 0.011047
0.016956 0.008483
0.018284 0.006311
0.017544 0.009188
0.017566 0.01159
0.018047 0.007433
0.018096 0.006674
0.018818 0.007528
0.017953 0.007999
0.0179 0.004929
0.016983 0.009348
0.017685 0.007694
0.016922 0.009856
0.017679 0.010548
0.017604 0.009553
0.016769 0.004761
0.017979 0.007004
0.017629 0.007425
0.018986 0.005301
0.017585 0.013065
0.017587 0.011651
0.017679 0.007835
0.018012 0.010838
0.017546 0.009995
0.018929 0.008006
0.018011 0.006585
0.017611 0.009386
0.019893 0.014805
0.018651 0.008312
0.016708 0.010458
0.018144 0.004934
0.017662 0.009767
0.017575 0.007747
0.018061 0.010652
0.01697 0.00923
0.01776 0.00762
0.017727 0.005862
0.01843 0.011972
0.017659 0.00832
0.016905 0.009326
0.018265 0.013037
0.018009 0.010151
0.017458 0.011455
0.017676 0.006176
0.017872 0.004657
0.017596 0.004666
0.017532 0.012312
0.017576 0.005186
0.017913 0.006924
0.017278 0.004783
0.017098 0.009713
0.017549 0.008643
0.016817 0.008637
0.017874 0.012116
0.017809 0.003595
0.017175 0.003949
0.017972 0.008587
0.018066 0.004958
0.016824 0.007562
0.017521 0.006523
0.017542 0.006925
0.016797 0.006609
0.016927 0.011026
0.017543 0.011349
0.017657 0.006374
0.018141 0.009407
0.01765 0.006672
0.017301 0.011677
0.018054 0.005566
0.016829 0.012399
0.019113 0.003685
0.016899 0.009473
0.017637 0.006949
0.017832 0.007777
0.017658 0.004058
0.017008 0.006899
0.017089 0.004583
0.017669 0.009099
0.017641 0.008082
0.017649 0.008259
0.017503 0.007296
0.018948 0.006244
0.017651 0.01041
0.017508 0.008349
0.018986 0.011085
0.018291 0.005023
0.016276 0.00689
0.019016 0.006336
0.017642 0.003953
0.017532 0.010907
0.017527 0.010234
0.017591 0.008792
0.017953 0.005438
0.016843 0.008597
0.016786 0.008691
0.017484 0.00497
0.018921 0.013828
0.017613 0.008654
0.01799 0.009536
0.017568 0.008572
0.018198 0.007549
0.017583 0.008269
0.017557 0.003334
0.017512 0.006193
0.017523 0.009051
0.01703 0.008487
0.018966 0.013263
0.017565 0.007831
0.017558 0.009821
0.01679 0.007365
0.017135 0.00769
0.017584 0.010508
0.017527 0.007762
0.01755 0.009067
0.017512 0.009702
0.019363 0.00516
0.017037 0.010161
0.0192 0.009538
0.016851 0.006967
0.018115 0.008144
0.018117 0.010353
0.017002 0.006986
0.018735 0.003963
0.017667 0.00444
0.021517 0.007309
0.018724 0.007183
0.018088 0.005194
0.017532 0.00437
0.01808 0.008385
0.018101 0.006429
0.019191 0.006019
0.01834 0.007199
0.017671 0.005233
0.018993 0.007907
0.017465 0.007705
0.018293 0.008645
0.017532 0.006199
0.017549 0.009199
0.016985 0.006589
0.016843 0.00844
0.017025 0.008589
0.0175 0.006617
0.017577 0.015709
0.016862 0.00348
0.017518 0.009733
0.017621 0.00774
0.017536 0.007795
0.017581 0.013045
0.017524 0.010352
0.017599 0.005225
0.017606 0.0163
0.016794 0.004372
0.018994 0.006058
0.017575 0.012659
0.018277 0.009584
0.018431 0.003688
0.019106 0.006395
0.01901 0.013559
0.018109 0.007125
0.017749 0.006342
0.019614 0.010011
0.018524 0.011041
0.018952 0.012384
0.018695 0.01465
0.018678 0.008978
0.019415 0.006427
0.017471 0.006038
0.017692 0.013977
0.017597 0.005908
0.017928 0.0099
0.019584 0.003801
0.016969 0.003326
0.01914 0.005311
0.017668 0.005667
0.016981 0.004889
0.019142 0.007303
0.016683 0.005123
0.017778 0.006919
0.018221 0.012458
0.019263 0.011769
0.019128 0.012339
0.017612 0.008988
0.017795 0.011345
0.018108 0.009161
0.017692 0.007067
0.016577 0.007397
0.018897 0.005436
0.01899 0.011648
0.017502 0.004955
0.017584 0.008449
0.018953 0.007843
0.019014 0.008581
0.018986 0.008661
0.018953 0.009383
0.018916 0.006822
0.017696 0.00812
0.018034 0.009034
0.017509 0.00557
0.01751 0.007927
0.016667 0.004388
0.017526 0.00608
0.01901 0.009299
0.01895 0.010573
0.017596 0.012538
0.016779 0.008842
0.018326 0.009952
0.017529 0.01227
0.017601 0.009638
0.018249 0.006715
0.017582 0.009481
0.018978 0.010472
0.017534 0.008944
0.01889 0.0048
0.017505 0.006158
0.017525 0.00658
0.017973 0.014101
0.017489 0.006815
0.017517 0.005138
0.015784 0.00687
0.016834 0.006451
0.017997 0.00521
0.017412 0.008254
0.0168 0.006191
0.01634 0.005456
0.016849 0.004554
0.018082 0.006833
0.017539 0.011051
0.017553 0.008538
0.016009 0.009167
0.017558 0.010534
0.01757 0.005644
0.017594 0.006759
0.017457 0.006846
0.018897 0.009215
0.017625 0.007386
0.01794 0.006249
0.016816 0.005186
0.017616 0.008522
0.017519 0.007757
0.018983 0.005583
0.017565 0.006056
0.018007 0.009674
0.018982 0.007202
0.017657 0.006475
0.019016 0.008502
0.017668 0.007041
0.01755 0.007781
0.016792 0.008798
0.018933 0.003862
0.016882 0.008582
0.018138 0.005634
0.017631 0.012515
0.01815 0.005813
0.02175 0.007179
0.021756 0.009658
0.018305 0.012313
0.01811 0.006026
0.015404 0.006297
0.019343 0.007777
0.017713 0.010985
0.019032 0.007251
0.019021 0.005825
0.017687 0.008767
0.017768 0.005641
0.019099 0.008664
0.017579 0.007838
0.017678 0.011256
0.017744 0.005587
0.01698 0.006826
0.017847 0.008193
0.017999 0.010644
0.018629 0.00708
0.017566 0.008147
0.016877 0.009935
0.017655 0.008238
0.017595 0.008864
0.018987 0.007295
0.01795 0.012896
0.018922 0.005017
0.017505 0.007181
0.017728 0.007617
0.016984 0.01017
0.017855 0.011085
0.017672 0.006391
0.016624 0.006635
0.019072 0.010069
0.01751 0.010241
0.019044 0.01061
0.017651 0.00801
0.017756 0.008156
0.017721 0.00769
0.016824 0.004626
0.016856 0.005914
0.018026 0.004705
0.017571 0.007126
0.018129 0.007608
0.016834 0.006499
0.01815 0.012114
0.017698 0.011645
0.017646 0.004413
0.018059 0.005238
0.018991 0.009074
0.018951 0.009599
0.016461 0.004878
0.017706 0.005223
0.017631 0.009227
0.019076 0.006186
0.018923 0.008258
0.016978 0.010911
0.017957 0.003302
0.017493 0.011989
0.016856 0.010534
0.017519 0.011994
0.016814 0.007324
0.017621 0.008489
0.017592 0.003648
0.017461 0.007957
0.016836 0.005112
0.0176 0.006048
0.017544 0.010603
0.018275 0.006641
0.021036 0.015766
0.021104 0.009897
0.024614 0.014518
0.022655 0.006793
0.01769 0.008016
0.017934 0.007464
0.018245 0.007575
0.017968 0.004164
0.018168 0.006315
0.020032 0.007429
0.017673 0.008263
0.017741 0.009329
0.023765 0.009947
0.017539 0.010962
0.01699 0.007203
0.018515 0.008892
0.017552 0.010535
0.018988 0.007598
0.017553 0.006294
0.015976 0.006696
0.016834 0.008423
0.018908 0.007548
0.017519 0.010089
0.017764 0.009884
0.018303 0.005419
0.017735 0.008829
0.017694 0.012983
0.018955 0.011885
0.017437 0.00935
0.017918 0.014216
0.017729 0.009687
0.017896 0.010084
0.01994 0.015353
0.017955 0.006898
0.017606 0.009205
0.019357 0.004389
0.017814 0.01425
0.016616 0.015316
0.018142 0.012504
0.020462 0.012843
0.018573 0.008749
0.018507 0.013339
0.016928 0.008904
0.0176 0.009039
0.018558 0.008776
0.01753 0.013224
0.018087 0.012406
0.017809 0.009272
0.017825 0.011309
0.017743 0.005858
0.017277 0.010525
0.018269 0.008231
0.019144 0.005885
0.017206 0.009342
0.017255 0.005643
0.021067 0.01707
0.021534 0.012789
0.021957 0.00472
0.023137 0.007799
0.023283 0.008989
0.021516 0.00734
0.021337 0.006604
0.02314 0.005619
0.022018 0.008312
0.021502 0.012669
