0.004487 0.004064
0.004581 0.010551
0.004281 0.006598
0.004127 0.011782
0.004271 0.00712
0.004289 0.010952
0.00428 0.006924
0.004506 0.009093
0.004377 0.007018
0.00433 0.007706
0.004431 0.003506
0.00431 0.004143
0.004266 0.006106
0.004285 0.00296
0.004267 0.008198
0.004301 0.006431
0.00445 0.012512
0.004582 0.008874
0.004568 0.004342
0.004297 0.008718
0.004566 0.005521
0.004476 0.004126
0.004467 0.006581
0.004475 0.005862
0.004266 0.006532
0.004761 0.007353
0.00446 0.00711
0.004297 0.008155
0.004473 0.004095
0.004334 0.009405
0.004457 0.006363
0.004545 0.007115
0.004273 0.006216
0.004287 0.005907
0.004303 0.007733
0.004483 0.007664
0.00445 0.003561
0.00428 0.011147
0.004271 0.01541
0.004298 0.007993
0.004282 0.003435
0.004477 0.007585
0.004281 0.010902
0.004288 0.005945
0.004015 0.003735
0.00429 0.012019
0.00431 0.002934
0.004292 0.005738
0.004306 0.004468
0.004287 0.005581
0.004454 0.004316
0.004307 0.00273
0.004283 0.004882
0.004293 0.008819
0.004286 0.005926
0.004327 0.004245
0.004294 0.007588
0.004315 0.006864
0.004302 0.010178
0.004477 0.008811
0.004277 0.009432
0.004474 0.00384
0.004302 0.005351
0.0043 0.007294
0.004285 0.007488
0.004296 0.004448
0.00427 0.005069
0.004317 0.004782
0.00427 0.004923
0.004315 0.003439
0.004288 0.00491
0.004482 0.003296
0.004295 0.003948
0.004327 0.007112
0.004448 0.006734
0.004487 0.009903
0.004325 0.008232
0.004501 0.008201
0.004276 0.003962
0.00432 0.0033
0.00428 0.003879
0.004337 0.007397
0.004455 0.005847
0.004291 0.005285
0.004306 0.007169
0.004493 0.00273
0.004275 0.008644
0.004468 0.003152
0.003729 0.006845
0.004607 0.009757
0.004293 0.002817
0.004291 0.006632
0.004463 0.002865
0.004518 0.004639
0.004442 0.005634
0.004299 0.005838
0.004275 0.00715
0.004293 0.007537
0.004286 0.007545
0.004299 0.007923
0.00447 0.002657
0.004514 0.008144
0.003967 0.010377
0.004298 0.003224
0.004284 0.007893
0.004285 0.003169
0.00428 0.008086
0.004488 0.00529
0.004293 0.00582
0.00448 0.005401
0.004468 0.005882
0.004441 0.008433
0.004302 0.009503
0.004316 0.009957
0.004432 0.006419
0.004311 0.008029
0.003826 0.00465
0.004313 0.008378
0.004455 0.004437
0.004284 0.011327
0.004443 0.00443
0.004562 0.006052
0.004273 0.005078
0.004816 0.008218
0.004279 0.006141
0.004295 0.008065
0.004249 0.007873
0.004457 0.011869
0.004278 0.009869
0.004301 0.006512
0.003609 0.010465
0.004299 0.0027
0.004276 0.005068
0.004296 0.003217
0.004497 0.003425
0.004458 0.012046
0.004275 0.004177
0.00428 0.004306
0.004265 0.005156
0.004466 0.003666
0.004471 0.008293
0.00446 0.002869
0.004274 0.004957
0.004299 0.008731
0.004277 0.008696
0.004288 0.005797
0.004441 0.010928
0.004292 0.013635
0.004281 0.004726
0.004299 0.009843
0.004297 0.012647
0.004459 0.004995
0.004457 0.011451
0.004297 0.006735
0.004281 0.007393
0.004306 0.004705
0.004408 0.008589
0.0043 0.00383
0.003978 0.006798
0.004469 0.006124
0.00427 0.004175
0.004304 0.002622
0.004293 0.004583
0.00429 0.007189
0.004288 0.002908
0.004314 0.004745
0.004328 0.002764
0.004284 0.008083
0.004268 0.006116
0.004803 0.00506
0.004454 0.008199
0.004295 0.005586
0.004459 0.003848
0.004282 0.008372
0.004445 0.004078
0.004315 0.005154
0.004285 0.002955
0.004807 0.006285
0.00507 0.004423
0.005742 0.003764
0.005637 0.006775
0.00451 0.008321
0.00445 0.008054
0.005028 0.004325
0.0047 0.008708
0.006349 0.011536
0.005884 0.008236
0.005624 0.007305
0.004298 0.005189
0.004471 0.012039
0.006873 0.003147
0.005914 0.007533
0.00608 0.012272
0.004581 0.008122
0.004705 0.005321
0.00651 0.014368
0.007202 0.003628
0.004887 0.006395
0.004303 0.005301
0.004303 0.002709
0.004292 0.009806
0.00447 0.00423
0.004294 0.004276
0.004492 0.005162
0.00446 0.012519
0.004462 0.005382
0.004738 0.003207
0.005169 0.004584
0.004281 0.009068
0.004361 0.006253
0.0043 0.008178
0.003742 0.004984
0.0043 0.004512
0.004292 0.009815
0.004317 0.007384
0.004525 0.005938
0.004441 0.006242
0.004382 0.004819
0.004457 0.010543
0.004299 0.009554
0.004288 0.005197
0.004798 0.003376
0.004303 0.004319
0.004328 0.003207
0.00428 0.005192
0.004828 0.005286
0.004293 0.003072
0.004296 0.005336
0.004462 0.00539
0.00432 0.004198
0.004284 0.003704
0.004493 0.004772
0.00427 0.003426
0.00447 0.006562
0.00446 0.004411
0.004304 0.004086
0.004286 0.00708
0.004483 0.006564
0.0043 0.00316
0.004308 0.006774
0.004328 0.002327
0.003699 0.00841
0.00445 0.004255
0.004508 0.011324
0.004302 0.006708
0.004483 0.00766
0.004447 0.004131
0.004468 0.011922
0.004464 0.009748
0.004289 0.012216
0.004264 0.005516
0.004477 0.005492
0.004291 0.003076
0.004304 0.009918
0.004127 0.003628
0.004317 0.004013
0.004286 0.006894
0.004303 0.005109
0.004322 0.005641
0.004473 0.010413
0.00429 0.007758
0.004575 0.004005
0.004284 0.003102
0.004286 0.007298
0.004283 0.004532
0.004465 0.002922
0.004462 0.008265
0.004299 0.010897
0.004289 0.003629
0.003839 0.003485
0.004451 0.007255
0.004463 0.004814
0.00429 0.011065
0.004295 0.00834
0.004283 0.008958
0.00447 0.011916
0.004286 0.011454
0.004475 0.004806
0.004294 0.0111
0.00429 0.002875
0.00447 0.005873
0.00432 0.008658
0.00411 0.002122
0.004293 0.005252
0.004276 0.002957
0.004455 0.011578
0.004476 0.00247
0.0045 0.006636
0.004281 0.004851
0.004453 0.006322
0.004459 0.007034
0.004495 0.006768
0.004272 0.005501
0.004461 0.008908
0.00456 0.003868
0.004468 0.005548
0.004312 0.00464
0.003985 0.00265
0.004294 0.007833
0.004303 0.008628
0.004458 0.004848
0.004462 0.0065
0.00426 0.011903
0.004465 0.007517
0.004299 0.003322
0.004286 0.008201
0.004277 0.011424
0.004308 0.008222
0.004277 0.003478
0.004475 0.005945
0.00447 0.006996
0.00418 0.005417
0.004307 0.003622
0.004312 0.010992
0.004285 0.004482
0.004285 0.006259
0.004287 0.006221
0.004295 0.00787
0.004287 0.006946
0.004585 0.00794
0.004269 0.006941
0.004299 0.003758
0.004463 0.004088
0.004489 0.006651
0.00427 0.003562
0.004288 0.004291
0.004534 0.005602
0.004592 0.007441
0.004455 0.004584
0.0043 0.005527
0.004454 0.009955
0.004485 0.006965
0.004457 0.00614
0.004303 0.004467
0.004278 0.003527
0.004288 0.00303
0.004279 0.007609
0.004309 0.009387
0.004289 0.00503
0.004476 0.006531
0.003694 0.006415
0.004291 0.004417
0.004269 0.014039
0.004305 0.009376
0.004285 0.006373
0.004479 0.007203
0.004548 0.011983
0.004478 0.002968
0.004279 0.007236
0.004299 0.004214
0.004275 0.007755
0.004485 0.004935
0.004271 0.004281
0.004281 0.009591
0.004218 0.002725
0.0043 0.006747
0.004295 0.007904
0.004296 0.0092
0.004322 0.003306
0.004299 0.005889
0.004307 0.006348
0.004461 0.004076
0.004455 0.007594
0.004288 0.006564
0.004285 0.010099
0.004304 0.004273
0.004288 0.011071
0.004464 0.00747
0.003686 0.005117
0.004279 0.005528
0.004454 0.004325
0.004279 0.007716
0.004318 0.012873
0.004296 0.005118
0.004275 0.012245
0.004285 0.007347
0.004438 0.009208
0.00429 0.010251
0.004463 0.004904
0.004574 0.004805
0.004697 0.007069
0.004403 0.005289
0.00447 0.005473
0.004613 0.003817
0.00429 0.009789
0.004484 0.003258
0.004273 0.003903
0.004464 0.003495
0.004458 0.008061
0.004305 0.005602
0.004279 0.00401
0.004471 0.007099
0.004797 0.005456
0.004291 0.004866
0.004562 0.009326
0.004301 0.003595
0.003681 0.006339
0.004485 0.008466
0.004283 0.008226
0.004288 0.006424
0.004455 0.007188
0.004299 0.005317
0.004299 0.007648
0.004465 0.010472
0.004448 0.005311
0.004307 0.005237
0.004465 0.005839
0.004298 0.012474
0.004321 0.00712
0.004477 0.004861
0.003569 0.009104
0.004463 0.003357
0.004272 0.007448
0.004294 0.004752
0.004297 0.007352
0.004289 0.003905
0.004291 0.010748
0.004461 0.00394
0.004284 0.005007
0.004291 0.006838
0.004449 0.005982
0.004475 0.007131
0.004449 0.006338
0.004468 0.004628
0.004162 0.006078
0.004284 0.005429
0.004295 0.005757
0.004804 0.006081
0.004346 0.002746
0.004477 0.004071
0.004276 0.008166
0.004285 0.011736
0.004274 0.007311
0.004284 0.006635
0.004272 0.006464
0.004478 0.008789
0.00447 0.005755
0.004473 0.007304
0.004271 0.005309
0.004468 0.008033
0.004293 0.003286
0.004295 0.00924
0.004318 0.011847
0.004293 0.005011
0.004442 0.004544
0.004302 0.004069
0.004477 0.004523
0.004474 0.004883
0.00429 0.005897
0.004291 0.008595
0.004266 0.009019
0.00482 0.003781
0.004455 0.011995
0.004299 0.003154
0.004286 0.004424
0.004302 0.00892
0.004453 0.009421
0.004473 0.007834
0.004284 0.006594
0.004475 0.007041
0.004449 0.004514
0.004288 0.005118
0.00447 0.006923
0.004456 0.003883
0.004448 0.011636
0.004474 0.009573
0.004288 0.006426
0.004316 0.008785
0.004293 0.007971
0.004472 0.005923
0.004302 0.007336
0.004295 0.006971
0.00427 0.003469
0.004289 0.005412
0.004446 0.003487
0.004499 0.004911
0.00449 0.003339
0.004294 0.005678
0.004292 0.004306
0.004469 0.00295
0.004458 0.006358
0.0041 0.002543
0.004439 0.002804
0.004312 0.002772
0.004276 0.006622
0.004489 0.004202
0.004452 0.012751
0.00429 0.007401
0.004275 0.008418
0.004494 0.00369
0.004275 0.005482
0.004463 0.009265
0.004274 0.004796
0.004294 0.011402
0.004278 0.003148
0.004296 0.008854
0.004117 0.008042
0.004293 0.005597
0.004282 0.006813
0.00431 0.004733
0.004278 0.006041
0.00448 0.006152
0.004281 0.005508
0.004299 0.003417
0.004279 0.012298
0.004462 0.007055
0.004556 0.00556
0.004462 0.005586
0.004283 0.005677
0.004468 0.004393
0.004083 0.0066
0.004466 0.008691
0.004278 0.004286
0.004312 0.007069
0.004458 0.003577
0.004291 0.004445
0.004281 0.003469
0.004471 0.005183
0.004281 0.005172
0.004297 0.003874
0.004298 0.013413
0.004472 0.009487
0.004467 0.00408
0.00447 0.007736
0.004288 0.002533
0.003811 0.003295
0.004455 0.004142
0.004461 0.002725
0.00458 0.012484
0.004469 0.00685
0.004463 0.005097
0.004462 0.00431
0.004466 0.008732
0.004294 0.00322
0.004427 0.004996
0.004294 0.009263
0.004277 0.00409
0.004312 0.007777
0.004291 0.008068
0.003823 0.006363
0.00429 0.004822
0.004464 0.005428
0.004355 0.007138
0.004336 0.007416
0.004283 0.009996
0.004292 0.003591
0.004293 0.008457
0.00431 0.004329
0.004462 0.005401
0.004463 0.006161
0.004465 0.004307
0.004308 0.006622
0.004283 0.002751
0.004463 0.006692
0.003876 0.003626
0.004284 0.004225
0.004506 0.004982
0.00448 0.005012
0.004269 0.003099
0.004307 0.007449
0.004284 0.009704
0.004286 0.007785
0.004277 0.007548
0.00446 0.005647
0.004286 0.006446
0.004304 0.005018
0.004273 0.004149
0.004469 0.004763
0.004276 0.005555
0.004308 0.005595
0.004308 0.006409
0.004464 0.007139
0.004454 0.004267
0.004311 0.002621
0.004277 0.007825
0.004461 0.005639
0.004465 0.004587
0.004295 0.007811
0.00428 0.00376
0.004459 0.005845
0.004284 0.004514
0.004304 0.007917
0.004465 0.00842
0.004214 0.004393
0.004475 0.005971
0.004493 0.008021
0.004448 0.005517
0.004307 0.008289
0.004298 0.006889
0.004287 0.006309
0.004291 0.00782
0.00446 0.003332
0.004471 0.002896
0.004461 0.005931
0.004292 0.005485
0.004292 0.00875
0.004276 0.006569
0.004294 0.006818
0.004448 0.005823
0.004298 0.006586
0.004795 0.006998
0.004305 0.006355
0.004289 0.004542
0.004294 0.007289
0.004462 0.004775
0.004475 0.002961
0.004464 0.008232
0.004293 0.007559
0.00428 0.002644
0.004304 0.004042
0.004638 0.004421
0.004293 0.006765
0.004635 0.010306
0.004296 0.006485
0.004288 0.007556
0.004307 0.00613
0.00446 0.003089
0.004475 0.008113
0.004264 0.005257
0.004282 0.00254
0.004448 0.007564
0.004489 0.005527
0.004311 0.004277
0.004465 0.006893
0.004271 0.01028
0.004468 0.004755
0.004276 0.007004
0.004472 0.005156
0.004275 0.003345
0.00428 0.002822
0.004268 0.00698
0.004304 0.007851
0.004302 0.008358
0.004277 0.011241
0.004278 0.004573
0.004502 0.004035
0.004285 0.00869
0.004285 0.010275
0.004793 0.004762
0.004299 0.004418
0.004453 0.006051
0.004112 0.003421
0.004799 0.008829
0.00429 0.004586
0.00429 0.006264
0.004293 0.007673
0.004448 0.009892
0.004309 0.005119
0.004286 0.008779
0.004306 0.006117
0.004275 0.010342
0.004291 0.006679
0.004282 0.004093
0.00481 0.012318
0.004316 0.006162
0.004455 0.010582
0.004455 0.006484
0.0045 0.004856
0.004296 0.012421
0.004294 0.012001
0.004445 0.004497
0.004324 0.004415
0.004278 0.007044
0.004296 0.006583
0.004276 0.007811
0.00447 0.008339
0.004273 0.012603
0.004329 0.014493
0.004285 0.006404
0.004307 0.004097
0.004485 0.005713
0.0043 0.003856
0.004272 0.010268
0.004464 0.003437
0.004459 0.00908
0.004463 0.004706
0.00429 0.010351
0.004464 0.008729
0.004294 0.00666
0.004298 0.011258
0.004283 0.006955
0.003569 0.007701
0.00445 0.005932
0.004294 0.009902
0.004484 0.012931
0.004292 0.00434
0.00446 0.003572
0.004497 0.003676
0.004277 0.003976
0.004304 0.007921
0.00445 0.006318
0.004303 0.008421
0.004289 0.005818
0.004287 0.00711
0.004288 0.006898
0.003766 0.004872
0.004268 0.008691
0.0043 0.008228
0.00427 0.00899
0.0043 0.00624
0.004463 0.003115
0.004536 0.012381
0.004448 0.006051
0.004287 0.003813
0.004439 0.003425
0.00427 0.007483
0.004459 0.003372
0.004466 0.00621
0.004449 0.005036
0.004061 0.006005
0.004285 0.007413
0.004453 0.00781
0.004285 0.004331
0.004309 0.006213
0.00427 0.010089
0.004295 0.006155
0.004789 0.007656
0.0043 0.009657
0.004449 0.006887
0.004288 0.009521
0.004452 0.007789
0.004282 0.005584
0.004279 0.005813
0.0041 0.003114
0.004274 0.012632
0.004294 0.003453
0.004282 0.002947
0.004295 0.006028
0.004277 0.004877
0.004279 0.00265
0.004278 0.003214
0.004289 0.012131
0.004263 0.004541
0.004291 0.004895
0.004276 0.015233
0.00447 0.007364
0.004275 0.003314
0.004006 0.00486
0.004325 0.003802
0.00448 0.0035
0.00428 0.003572
0.004289 0.004795
0.004268 0.005091
0.004455 0.006417
0.00428 0.005301
0.004295 0.002779
0.004276 0.003004
0.004297 0.010453
0.004274 0.005201
0.004803 0.007491
0.004452 0.006284
0.004476 0.003954
0.004287 0.00479
0.00429 0.007963
0.004442 0.004623
0.004461 0.003541
0.00446 0.003862
0.004476 0.004375
0.004279 0.003205
0.004281 0.007983
0.004267 0.007587
0.004466 0.004898
0.004294 0.010391
0.004497 0.008542
0.004277 0.00578
0.00429 0.00639
0.004303 0.004678
0.003656 0.006894
0.00445 0.006171
0.00482 0.002619
0.004278 0.004268
0.004362 0.008134
0.004277 0.005566
0.004458 0.012802
0.004444 0.009528
0.00453 0.006957
0.004446 0.007319
0.004302 0.006519
0.004285 0.005584
0.004469 0.004281
0.004438 0.002493
0.004147 0.004144
0.004283 0.005426
0.004295 0.008225
0.004279 0.015573
0.004296 0.003673
0.004281 0.004345
0.004301 0.005896
0.00429 0.005127
0.004359 0.004343
0.004446 0.007731
0.004463 0.004235
0.004268 0.008875
0.004482 0.00589
0.004281 0.002764
0.004474 0.002792
0.003819 0.005357
0.004304 0.007261
0.004535 0.007192
0.004298 0.006692
0.004285 0.008684
0.004468 0.00472
0.004279 0.004809
0.004289 0.007552
0.004288 0.004259
0.004805 0.006446
0.004434 0.007193
0.004327 0.01219
0.004275 0.008604
0.00429 0.009669
0.004051 0.01573
0.004284 0.007026
0.004292 0.00539
0.004307 0.009552
0.004289 0.006241
0.004293 0.008485
0.004459 0.004431
0.00432 0.002594
0.004286 0.003714
0.004312 0.005326
0.004291 0.01041
0.004294 0.002653
0.004273 0.006644
0.004441 0.005769
0.004075 0.006044
0.004294 0.004091
0.004299 0.008273
0.00447 0.007576
0.004297 0.003184
0.004583 0.00663
0.004475 0.008138
0.004306 0.005692
0.00447 0.007805
0.004288 0.006207
0.004272 0.006932
0.00428 0.004197
0.004282 0.006519
0.004291 0.006033
0.004832 0.011126
0.004331 0.007762
0.004457 0.003048
0.005074 0.009866
0.004442 0.003739
0.00429 0.00743
0.004435 0.002754
0.004291 0.012404
0.00427 0.003632
0.00429 0.004392
0.004544 0.008683
0.004294 0.003462
0.004272 0.009279
0.004453 0.006934
0.003558 0.004594
0.00446 0.004727
0.004292 0.010994
0.004293 0.00934
0.004269 0.005557
0.004287 0.010223
0.004442 0.00535
0.004482 0.006276
0.004447 0.004903
0.00428 0.008169
0.004278 0.0101
0.004291 0.005112
0.004279 0.007903
0.004281 0.002562
0.003865 0.005827
0.004289 0.006237
0.004286 0.005645
0.00428 0.007096
0.004283 0.007411
0.004291 0.006176
0.004292 0.006072
0.004283 0.004965
0.004264 0.00996
0.004494 0.005262
0.004276 0.008329
0.004285 0.007794
0.004283 0.003881
0.004289 0.006231
0.003995 0.009129
0.004544 0.006408
0.004278 0.007938
0.004301 0.003747
0.004298 0.004945
0.004273 0.008713
0.004442 0.006586
0.004468 0.007766
0.004449 0.006439
0.004471 0.009257
0.004276 0.00353
0.004293 0.006891
0.00426 0.00346
0.004479 0.007106
0.004468 0.00727
0.004285 0.002644
0.004278 0.003019
0.004293 0.006
0.004286 0.011275
0.004484 0.003979
0.004447 0.00819
0.004296 0.003774
0.004443 0.006062
0.004466 0.004456
0.004275 0.005552
0.004375 0.006245
0.004451 0.007544
0.004481 0.008158
0.004457 0.009223
0.003776 0.011773
0.004285 0.003896
0.004296 0.005936
0.004282 0.003473
0.004466 0.007468
0.004276 0.010205
0.004295 0.009058
0.004302 0.007529
0.004479 0.006364
0.004447 0.010977
0.004313 0.002744
0.00446 0.015603
0.004471 0.002855
0.004269 0.006275
0.004304 0.005102
0.004272 0.005303
0.004319 0.005806
0.004292 0.004998
0.004284 0.004681
0.00444 0.006746
0.004302 0.00424
0.004285 0.008338
0.004472 0.012983
0.004296 0.004085
0.004291 0.005091
0.004299 0.006889
0.004293 0.004801
0.004278 0.004475
0.00394 0.003601
0.004476 0.005635
0.004493 0.006478
0.004276 0.006336
0.004379 0.005281
0.004279 0.006255
0.004292 0.007927
0.004292 0.01255
0.004561 0.004757
0.004263 0.012479
0.004297 0.003549
0.004279 0.010695
0.004478 0.00273
0.004307 0.009154
0.003762 0.013437
0.004296 0.006825
0.004329 0.004574
0.004435 0.008645
0.004471 0.005322
0.004281 0.003516
0.004287 0.004123
0.004444 0.010269
0.004451 0.006994
0.004464 0.005599
0.004481 0.004242
0.004462 0.01021
0.00428 0.004747
0.004273 0.008459
0.003712 0.009806
0.004282 0.003875
0.004478 0.010678
0.004452 0.005475
0.004474 0.004523
0.004458 0.010789
0.004299 0.007375
0.004291 0.005728
0.004321 0.003698
0.004327 0.006945
0.004282 0.002949
0.004271 0.004864
0.004462 0.009976
0.004346 0.004602
0.004151 0.006906
0.004483 0.006459
0.004513 0.011485
0.004311 0.007802
0.004354 0.008934
0.00447 0.004563
0.004471 0.003818
0.004461 0.01211
0.004807 0.007668
0.004472 0.006985
0.004349 0.007626
0.005912 0.006573
0.004458 0.008116
0.003555 0.008094
0.004582 0.007944
0.005681 0.006278
0.00429 0.003309
0.004306 0.004222
0.004288 0.002645
0.004451 0.006632
0.004343 0.006451
