0.004534 2e-06
0.004283 2e-06
0.00431 2e-06
0.00447 1e-06
0.004868 1e-06
0.004469 1e-06
0.004441 1e-06
0.004302 2e-06
0.004287 0
0.004363 1e-06
0.004464 2e-06
0.004286 1e-06
0.004285 1e-06
0.00368 2e-06
0.004286 1e-06
0.004281 1e-06
0.004299 1e-06
0.004481 1e-06
0.004325 2e-06
0.004462 1e-06
0.004282 1e-06
0.004471 1e-06
0.004277 1e-06
0.004297 1e-06
0.004282 1e-06
0.004467 1e-06
0.004448 1e-06
0.004565 1e-06
0.004279 1e-06
0.004286 0
0.004289 1e-06
0.004471 1e-06
0.004447 1e-06
0.004291 1e-06
0.004456 1e-06
0.004002 1e-06
0.004275 1e-06
0.004288 1e-06
0.004303 1e-06
0.004473 2e-06
0.004275 1e-06
0.004295 2e-06
0.004282 1e-06
0.004287 1e-06
0.004297 1e-06
0.004297 0
0.004275 1e-06
0.004294 0
0.004283 1e-06
0.0043 1e-06
0.004465 1e-06
0.00428 1e-06
0.00427 1e-06
0.004293 1e-06
0.004306 0
0.004327 2e-06
0.004593 2e-06
0.003779 1e-06
0.004309 1e-06
0.0043 2e-06
0.004286 2e-06
0.004482 2e-06
0.004437 1e-06
0.004285 1e-06
0.004278 1e-06
0.004458 1e-06
0.004444 1e-06
0.004469 1e-06
0.004439 0
0.004286 1e-06
0.004722 1e-06
0.004303 1e-06
0.004275 1e-06
0.004297 1e-06
0.00428 1e-06
0.004288 2e-06
0.004453 1e-06
0.004295 2e-06
0.004461 1e-06
0.003991 1e-06
0.004565 1e-06
0.004458 1e-06
0.004279 1e-06
0.004804 1e-06
0.004297 2e-06
0.00429 0
0.004272 1e-06
0.004284 1e-06
0.004292 1e-06
0.004288 1e-06
0.004426 1e-06
0.004295 2e-06
0.004473 1e-06
0.004288 0
0.006063 3e-06
0.004612 1e-06
0.00446 1e-06
0.004603 2e-06
0.00445 1e-06
0.004483 2e-06
0.003773 2e-06
0.00432 3e-06
0.004472 1e-06
0.004294 0
0.004299 1e-06
0.004333 2e-06
0.004272 1e-06
0.004298 1e-06
0.004277 1e-06
0.004812 1e-06
0.004278 2e-06
0.004886 2e-06
0.004445 1e-06
0.004301 1e-06
0.004311 1e-06
0.0043 1e-06
0.00428 1e-06
0.004485 1e-06
0.004462 1e-06
0.004292 2e-06
0.004287 2e-06
0.004247 1e-06
0.003617 2e-06
0.004477 1e-06
0.00427 1e-06
0.004319 0
0.004479 1e-06
0.00461 2e-06
0.004485 1e-06
0.004289 1e-06
0.004316 1e-06
0.004305 1e-06
0.004275 1e-06
0.004478 1e-06
0.004276 1e-06
0.004466 2e-06
0.004473 2e-06
0.004472 2e-06
0.004283 0
0.004284 1e-06
0.00428 1e-06
0.004475 1e-06
0.004272 1e-06
0.004463 1e-06
0.003663 1e-06
0.004476 1e-06
0.004274 1e-06
0.004303 1e-06
0.004278 2e-06
0.004473 2e-06
0.00447 1e-06
0.004467 2e-06
0.004567 1e-06
0.004306 1e-06
0.004282 0
0.00448 1e-06
0.004269 1e-06
0.004482 1e-06
0.004492 1e-06
0.004473 2e-06
0.004271 1e-06
0.00449 1e-06
0.004294 0
0.004476 2e-06
0.004801 1e-06
0.004286 2e-06
0.004272 2e-06
0.004319 2e-06
0.004466 1e-06
0.004297 2e-06
0.004285 1e-06
0.004366 1e-06
0.004303 1e-06
0.004289 1e-06
0.004285 0
0.004294 1e-06
0.004281 1e-06
0.004484 1e-06
0.004321 2e-06
0.004298 1e-06
0.004275 1e-06
0.004286 1e-06
0.004279 1e-06
0.004308 1e-06
0.004296 1e-06
0.004301 1e-06
0.004512 1e-06
0.004331 1e-06
0.004171 1e-06
0.004828 1e-06
0.00445 1e-06
0.004302 1e-06
0.004301 1e-06
0.004342 1e-06
0.004281 1e-06
0.004471 2e-06
0.004296 1e-06
0.004294 1e-06
0.004286 1e-06
0.004288 1e-06
0.004259 1e-06
0.004286 0
0.004292 1e-06
0.004479 1e-06
0.004459 1e-06
0.004457 1e-06
0.004278 1e-06
0.004294 1e-06
0.004288 1e-06
0.004086 1e-06
0.003979 1e-06
0.004448 2e-06
0.004448 2e-06
0.004298 1e-06
0.004454 1e-06
0.004913 1e-06
0.004268 1e-06
0.004457 1e-06
0.004301 1e-06
0.004298 1e-06
0.004488 1e-06
0.004635 1e-06
0.004454 1e-06
0.004317 1e-06
0.004277 1e-06
0.004303 1e-06
0.00428 1e-06
0.004304 1e-06
0.004279 1e-06
0.004304 1e-06
0.004464 1e-06
0.004109 1e-06
0.004054 1e-06
0.004469 1e-06
0.004279 1e-06
0.004291 1e-06
0.004461 2e-06
0.004545 2e-06
0.004437 1e-06
0.004477 1e-06
0.004452 1e-06
0.004298 1e-06
0.004274 1e-06
0.004298 1e-06
0.004442 1e-06
0.004449 2e-06
0.004284 1e-06
0.004297 1e-06
0.004452 1e-06
0.004467 1e-06
0.004273 1e-06
0.004457 1e-06
0.004261 0
0.0043 1e-06
0.004093 1e-06
0.004296 1e-06
0.004472 1e-06
0.004288 1e-06
0.004508 1e-06
0.004365 2e-06
0.005011 1e-06
0.004351 2e-06
0.004459 1e-06
0.004297 1e-06
0.004296 1e-06
0.004304 1e-06
0.004445 1e-06
0.004464 1e-06
0.004466 0
0.004306 0
0.004304 1e-06
0.004454 1e-06
0.004451 2e-06
0.004284 1e-06
0.004289 1e-06
0.004287 1e-06
0.003712 1e-06
0.003573 1e-06
0.003485 1e-06
0.003441 1e-06
0.003624 1e-06
0.003631 1e-06
0.004302 0
0.004291 1e-06
0.004282 1e-06
0.004293 1e-06
0.004269 2e-06
0.004285 1e-06
0.004442 2e-06
0.004301 1e-06
0.004462 1e-06
0.004282 1e-06
0.004295 2e-06
0.004291 1e-06
0.004285 0
0.004309 1e-06
0.003613 1e-06
0.004293 1e-06
0.004283 1e-06
0.004467 1e-06
0.004281 1e-06
0.004346 2e-06
0.004454 1e-06
0.004275 2e-06
0.00433 2e-06
0.004298 1e-06
0.004266 1e-06
0.004549 2e-06
0.00428 1e-06
0.004351 1e-06
0.004456 1e-06
0.004289 1e-06
0.004286 2e-06
0.004468 2e-06
0.00427 1e-06
0.004285 1e-06
0.004286 1e-06
0.004306 1e-06
0.003719 1e-06
0.004302 1e-06
0.004281 1e-06
0.004326 1e-06
0.004273 1e-06
0.004302 2e-06
0.00432 1e-06
0.0043 1e-06
0.004583 2e-06
0.004302 1e-06
0.004309 2e-06
0.004314 1e-06
0.004477 1e-06
0.004503 1e-06
0.004298 0
0.004553 1e-06
0.004817 2e-06
0.004305 2e-06
0.004312 1e-06
0.004308 0
0.004465 1e-06
0.004288 1e-06
0.004203 2e-06
0.004473 1e-06
0.004296 1e-06
0.004302 0
0.004269 1e-06
0.004429 1e-06
0.004291 1e-06
0.004288 1e-06
0.004434 1e-06
0.004281 2e-06
0.004445 1e-06
0.004482 1e-06
0.004588 1e-06
0.004372 2e-06
0.004293 1e-06
0.004289 0
0.004272 1e-06
0.004476 1e-06
0.004462 1e-06
0.004291 1e-06
0.004293 1e-06
0.004095 1e-06
0.004114 1e-06
0.00446 1e-06
0.004473 2e-06
0.004278 1e-06
0.004283 4e-06
0.004402 2e-06
0.004276 1e-06
0.004506 1e-06
0.004263 1e-06
0.004499 1e-06
0.00445 1e-06
0.004288 1e-06
0.00446 1e-06
0.004287 0
0.0043 1e-06
0.004473 1e-06
0.004283 1e-06
0.004542 2e-06
0.004278 1e-06
0.004302 2e-06
0.004451 1e-06
0.004005 1e-06
0.003829 0
0.004561 1e-06
0.004272 2e-06
0.004462 1e-06
0.004448 1e-06
0.004376 2e-06
0.004469 2e-06
0.0043 1e-06
0.0043 1e-06
0.004806 1e-06
0.004276 1e-06
0.004816 1e-06
0.004297 1e-06
0.004285 0
0.004282 1e-06
0.004289 2e-06
0.004294 1e-06
0.004279 1e-06
0.004297 2e-06
0.004294 1e-06
0.004301 1e-06
0.004215 0
0.003656 1e-06
0.004305 1e-06
0.00426 2e-06
0.004621 1e-06
0.004459 1e-06
0.004394 1e-06
0.004298 1e-06
0.004294 1e-06
0.004456 1e-06
0.004301 1e-06
0.004473 1e-06
0.004287 1e-06
0.004473 1e-06
0.004282 2e-06
0.004438 1e-06
0.006253 2e-06
0.004708 2e-06
0.004287 2e-06
0.004283 2e-06
0.004474 1e-06
0.004467 1e-06
0.004897 1e-06
0.005164 1e-06
0.004502 1e-06
0.004447 1e-06
0.004477 2e-06
0.004353 2e-06
0.004281 1e-06
0.004468 1e-06
0.00468 1e-06
0.005498 0
0.004492 1e-06
0.0043 1e-06
0.004309 2e-06
0.004464 1e-06
0.004321 1e-06
0.004279 1e-06
0.00442 1e-06
0.006492 2e-06
0.005213 2e-06
0.005197 2e-06
0.004316 1e-06
0.005205 3e-06
0.005474 1e-06
0.005184 1e-06
0.005379 1e-06
0.005194 2e-06
0.005419 1e-06
0.005187 1e-06
0.005203 3e-06
0.005373 1e-06
0.005194 2e-06
0.005182 1e-06
0.005417 1e-06
0.005235 1e-06
0.005197 2e-06
0.005391 1e-06
0.005198 1e-06
0.005189 2e-06
0.003987 1e-06
0.005223 1e-06
0.005207 1e-06
0.005393 2e-06
0.005541 3e-06
0.005169 2e-06
0.005408 2e-06
0.005388 1e-06
0.005204 2e-06
0.005396 2e-06
0.005193 1e-06
0.005183 1e-06
0.005413 1e-06
0.005178 1e-06
0.005412 1e-06
0.005788 1e-06
0.005198 2e-06
0.005319 1e-06
0.004199 0
0.005253 1e-06
0.005202 1e-06
0.005172 2e-06
0.005383 1e-06
0.005196 2e-06
0.005196 2e-06
0.005182 2e-06
0.005416 2e-06
0.005384 1e-06
0.005414 3e-06
0.005167 1e-06
0.005215 1e-06
0.005043 1e-06
0.004279 1e-06
0.004465 1e-06
0.004292 1e-06
0.004438 0
0.004309 1e-06
0.003895 1e-06
0.004465 1e-06
0.004276 1e-06
0.004291 1e-06
0.004281 1e-06
0.004484 1e-06
0.004277 1e-06
0.004292 1e-06
0.004285 2e-06
0.004289 2e-06
0.004281 1e-06
0.004465 1e-06
0.004266 2e-06
0.004299 1e-06
0.004269 1e-06
0.004291 2e-06
0.00447 1e-06
0.004305 1e-06
0.004452 1e-06
0.004486 1e-06
0.004303 0
0.004861 0
0.003745 2e-06
0.00448 2e-06
0.004484 2e-06
0.004317 1e-06
0.004442 2e-06
0.004301 2e-06
0.004287 1e-06
0.004451 1e-06
0.004288 1e-06
0.00428 0
0.004287 1e-06
0.004453 2e-06
0.004291 1e-06
0.004292 1e-06
0.004268 1e-06
0.00432 2e-06
0.004271 1e-06
0.004468 1e-06
0.004257 1e-06
0.004291 1e-06
0.004275 0
0.004298 1e-06
0.00367 1e-06
0.004293 1e-06
0.00428 1e-06
0.004457 1e-06
0.004448 2e-06
0.00437 2e-06
0.004467 3e-06
0.004285 1e-06
0.004278 2e-06
0.004455 2e-06
0.004433 1e-06
0.004296 1e-06
0.004558 1e-06
0.0043 1e-06
0.004279 1e-06
0.004289 1e-06
0.004275 1e-06
0.00429 1e-06
0.004272 1e-06
0.004302 1e-06
0.004292 1e-06
0.004466 1e-06
0.003693 1e-06
0.004286 1e-06
0.004283 2e-06
0.004295 1e-06
0.004293 2e-06
0.00432 2e-06
0.004543 2e-06
0.004459 1e-06
0.004287 1e-06
0.00447 1e-06
0.004281 1e-06
0.00447 1e-06
0.004283 2e-06
0.004302 1e-06
0.004266 1e-06
0.004455 2e-06
0.004272 1e-06
0.004281 1e-06
0.00429 2e-06
0.004473 1e-06
0.004463 0
0.004469 1e-06
0.003928 1e-06
0.004481 1e-06
0.004279 1e-06
0.004313 1e-06
0.004269 1e-06
0.004337 1e-06
0.00428 1e-06
0.004292 1e-06
0.004273 1e-06
0.004281 1e-06
0.00445 0
0.004285 1e-06
0.004315 1e-06
0.004458 1e-06
0.004272 1e-06
0.004296 1e-06
0.004305 1e-06
0.004307 1e-06
0.004273 1e-06
0.004296 1e-06
0.004269 1e-06
0.004327 1e-06
0.00378 1e-06
0.004462 1e-06
0.004489 1e-06
0.004471 2e-06
0.004264 2e-06
0.004472 1e-06
0.004289 1e-06
0.004286 2e-06
0.004452 1e-06
0.004481 1e-06
0.004272 1e-06
0.004466 1e-06
0.004884 1e-06
0.004297 2e-06
0.005498 1e-06
0.004495 1e-06
0.004495 2e-06
0.004321 1e-06
0.004531 2e-06
0.004962 1e-06
0.004789 1e-06
0.004152 1e-06
0.004387 2e-06
0.004348 2e-06
0.005089 2e-06
0.00476 2e-06
0.004968 2e-06
0.005881 1e-06
0.005671 2e-06
0.004387 1e-06
0.004495 1e-06
0.004695 3e-06
0.00516 4e-06
0.004581 2e-06
0.004563 1e-06
0.005886 1e-06
0.006098 2e-06
0.006358 1e-06
0.004702 2e-06
0.004921 1e-06
0.003952 1e-06
0.004324 2e-06
0.00446 1e-06
0.004484 2e-06
0.004451 0
0.004307 2e-06
0.004866 1e-06
0.004306 1e-06
0.004437 1e-06
0.004288 1e-06
0.004312 1e-06
0.004474 2e-06
0.004454 2e-06
0.004294 1e-06
0.006855 2e-06
0.006124 1e-06
0.005199 2e-06
0.00448 1e-06
0.004265 0
0.004288 1e-06
0.004315 2e-06
0.004202 1e-06
0.004292 1e-06
0.004478 1e-06
0.004293 1e-06
0.004301 1e-06
0.004281 1e-06
0.00428 1e-06
0.004445 1e-06
0.004327 1e-06
0.00445 1e-06
0.004293 1e-06
0.004279 1e-06
0.00447 1e-06
0.004442 2e-06
0.004283 1e-06
0.004446 2e-06
0.004274 1e-06
0.004454 1e-06
0.004295 0
0.004273 1e-06
0.00441 1e-06
0.004451 0
0.003709 1e-06
0.004266 1e-06
0.004307 2e-06
0.004456 1e-06
0.00428 1e-06
0.004311 1e-06
0.004294 2e-06
0.00427 1e-06
0.004303 1e-06
0.004286 2e-06
0.004452 2e-06
0.004263 1e-06
0.004493 1e-06
0.004301 1e-06
0.004284 1e-06
0.004285 1e-06
0.004301 1e-06
0.004576 1e-06
0.004297 2e-06
0.004284 1e-06
0.004463 1e-06
0.004466 1e-06
0.004021 1e-06
0.004466 1e-06
0.004467 1e-06
0.004275 1e-06
0.004462 0
0.004464 1e-06
0.004311 2e-06
0.004317 1e-06
0.004345 1e-06
0.00432 0
0.004295 2e-06
0.004442 1e-06
0.004303 2e-06
0.004474 2e-06
0.004323 1e-06
0.004284 1e-06
0.004303 1e-06
0.004315 1e-06
0.004326 1e-06
0.00428 1e-06
0.004286 1e-06
0.004435 1e-06
0.003721 2e-06
0.004311 1e-06
0.004471 1e-06
0.004289 0
0.004473 2e-06
0.004316 2e-06
0.00429 1e-06
0.0043 1e-06
0.004486 1e-06
0.004274 1e-06
0.004299 1e-06
0.004303 1e-06
0.004563 1e-06
0.004486 1e-06
0.004825 1e-06
0.004347 1e-06
0.004288 1e-06
0.004268 1e-06
0.00431 1e-06
0.004291 2e-06
0.004466 1e-06
0.00445 1e-06
0.003828 1e-06
0.004295 1e-06
0.004293 1e-06
0.004304 1e-06
0.004294 1e-06
0.004284 2e-06
0.004294 1e-06
0.004456 2e-06
0.004285 1e-06
0.004271 1e-06
0.004306 1e-06
0.004449 1e-06
0.0043 1e-06
0.00455 1e-06
0.004302 1e-06
0.004452 1e-06
0.004291 1e-06
0.004494 1e-06
0.004754 1e-06
0.005402 3e-06
0.004483 1e-06
0.003762 0
0.004298 1e-06
0.004275 1e-06
0.004279 1e-06
0.004268 1e-06
0.004296 1e-06
0.004311 1e-06
0.004321 2e-06
0.00431 2e-06
0.004473 1e-06
0.004296 1e-06
0.00446 1e-06
0.004442 1e-06
0.00431 1e-06
0.004274 1e-06
0.00431 1e-06
0.004441 1e-06
0.004464 1e-06
0.004453 1e-06
0.004282 1e-06
0.004262 1e-06
0.004469 1e-06
0.003924 1e-06
0.004293 2e-06
0.004448 0
0.004285 1e-06
0.004281 2e-06
0.004286 2e-06
0.004488 2e-06
0.004473 1e-06
0.00428 1e-06
0.004313 1e-06
0.004446 1e-06
0.004302 0
0.004434 0
0.004579 1e-06
0.004458 1e-06
0.004286 1e-06
0.004287 1e-06
0.004465 1e-06
0.004276 1e-06
0.004276 1e-06
0.004271 1e-06
0.004284 1e-06
0.003611 1e-06
0.004309 2e-06
0.004307 1e-06
0.004287 2e-06
0.004288 1e-06
0.004337 2e-06
0.004322 1e-06
0.0043 1e-06
0.004265 1e-06
0.004304 0
0.004272 1e-06
0.004282 1e-06
0.004264 1e-06
0.00458 1e-06
0.004387 0
0.004302 0
0.004459 1e-06
0.004451 1e-06
0.004276 1e-06
0.004305 1e-06
0.004315 1e-06
0.004465 2e-06
0.003978 1e-06
0.004334 1e-06
0.004275 1e-06
0.00428 2e-06
0.004292 1e-06
0.004323 2e-06
0.004309 1e-06
0.004334 1e-06
0.004313 1e-06
0.004321 1e-06
0.004278 1e-06
0.004591 2e-06
0.004277 1e-06
0.004334 1e-06
0.004283 1e-06
0.00446 2e-06
0.004296 1e-06
0.00448 2e-06
0.004321 1e-06
0.004329 1e-06
0.004285 1e-06
0.004284 1e-06
0.004247 1e-06
0.00429 2e-06
0.004288 1e-06
0.004299 1e-06
0.004443 1e-06
0.004286 2e-06
0.004287 2e-06
0.004299 1e-06
0.00428 0
0.004297 1e-06
0.004453 1e-06
0.004291 1e-06
0.004299 1e-06
0.004497 1e-06
0.004295 1e-06
0.004298 1e-06
0.004452 2e-06
0.004306 1e-06
0.004466 1e-06
0.004462 1e-06
0.004281 1e-06
0.004487 1e-06
0.003708 1e-06
0.004303 2e-06
0.004472 1e-06
0.004463 2e-06
0.004272 1e-06
0.004334 2e-06
0.00427 1e-06
0.00431 2e-06
0.004302 2e-06
0.004478 2e-06
0.004269 1e-06
0.004475 1e-06
0.004443 1e-06
0.004297 1e-06
0.004286 1e-06
0.004281 1e-06
0.004452 1e-06
0.004286 1e-06
0.004443 1e-06
0.004292 1e-06
0.004286 0
0.004468 0
0.00407 1e-06
0.004322 1e-06
0.004284 1e-06
0.004305 2e-06
0.004451 1e-06
0.004319 2e-06
0.004454 1e-06
0.004295 1e-06
0.004284 1e-06
0.00446 1e-06
0.004457 1e-06
0.004298 1e-06
0.00446 2e-06
0.004468 1e-06
0.004276 1e-06
0.004486 1e-06
0.004458 1e-06
0.00442 1e-06
0.004444 1e-06
0.004582 2e-06
0.006162 2e-06
0.006106 3e-06
0.005518 2e-06
0.004469 2e-06
0.004917 5e-06
0.006122 2e-06
0.006122 2e-06
0.004716 2e-06
0.004679 1e-06
0.006218 1e-06
0.006095 2e-06
0.004839 1e-06
0.004453 1e-06
0.00621 2e-06
0.006163 1e-06
0.004274 2e-06
0.004443 1e-06
0.004292 2e-06
0.004278 1e-06
0.003729 1e-06
0.004255 1e-06
0.004903 1e-06
0.004409 1e-06
0.004501 2e-06
0.004519 2e-06
0.004288 1e-06
0.004278 1e-06
0.004482 1e-06
0.004288 1e-06
0.004459 2e-06
0.004436 2e-06
0.004323 1e-06
0.004296 2e-06
0.004483 2e-06
0.004459 1e-06
0.00429 1e-06
0.00449 1e-06
0.004307 2e-06
0.004451 2e-06
0.00457 1e-06
0.004447 1e-06
0.003774 1e-06
0.00428 1e-06
0.004305 1e-06
0.004263 2e-06
0.00429 1e-06
0.00429 2e-06
0.004302 2e-06
0.004285 1e-06
0.00447 1e-06
0.004467 1e-06
0.004298 2e-06
0.004289 1e-06
0.004295 1e-06
0.004264 1e-06
0.004277 1e-06
0.004447 1e-06
0.004504 2e-06
0.004271 1e-06
0.004454 1e-06
0.004282 2e-06
0.004285 1e-06
0.00428 1e-06
0.003643 1e-06
0.004464 1e-06
0.004486 1e-06
