0.009439 1e-06
0.009797 1e-06
0.010028 1e-06
0.009381 1e-06
0.010837 1e-06
0.009395 1e-06
0.009782 2e-06
0.010594 2e-06
0.0095 1e-06
0.010768 2e-06
0.009862 2e-06
0.009735 1e-06
0.009779 1e-06
0.009807 1e-06
0.010367 1e-06
0.009392 1e-06
0.009798 1e-06
0.009816 1e-06
0.009362 1e-06
0.009843 1e-06
0.009777 1e-06
0.009376 2e-06
0.009739 1e-06
0.009512 1e-06
0.009282 1e-06
0.009368 2e-06
0.009406 1e-06
0.009395 1e-06
0.009409 1e-06
0.009827 1e-06
0.009746 1e-06
0.009785 3e-06
0.00985 1e-06
0.009825 1e-06
0.008958 2e-06
0.009806 1e-06
0.009441 2e-06
0.009803 1e-06
0.009373 1e-06
0.009801 1e-06
0.010535 1e-06
0.009775 1e-06
0.009824 0
0.00979 1e-06
0.008708 2e-06
0.009833 1e-06
0.009844 1e-06
0.009755 2e-06
0.010616 1e-06
0.009777 1e-06
0.009396 2e-06
0.010578 1e-06
0.009827 1e-06
0.009686 2e-06
0.008103 2e-06
0.009417 1e-06
0.009373 1e-06
0.009829 1e-06
0.009668 1e-06
0.010013 2e-06
0.009743 1e-06
0.009781 1e-06
0.010048 2e-06
0.009366 1e-06
0.009908 2e-06
0.009851 1e-06
0.009804 1e-06
0.009771 1e-06
0.009798 2e-06
0.009807 2e-06
0.009804 1e-06
0.010016 1e-06
0.009413 1e-06
0.009774 1e-06
0.009182 1e-06
0.009839 1e-06
0.009394 2e-06
0.009874 2e-06
0.009377 1e-06
0.009382 1e-06
0.010588 2e-06
0.009409 1e-06
0.00982 1e-06
0.009812 2e-06
0.00977 1e-06
0.009778 2e-06
0.010563 3e-06
0.009436 2e-06
0.009723 2e-06
0.009383 1e-06
0.009379 1e-06
0.009797 1e-06
0.009731 1e-06
0.00938 1e-06
0.009378 1e-06
0.009409 1e-06
0.00941 1e-06
0.009844 2e-06
0.009415 3e-06
0.010542 1e-06
0.009755 2e-06
0.010106 1e-06
0.009728 1e-06
0.009791 1e-06
0.010335 2e-06
0.009496 3e-06
0.009835 1e-06
0.01072 1e-06
0.012606 2e-06
0.009395 0
0.009824 2e-06
0.010524 1e-06
0.011407 1e-06
0.009146 2e-06
0.009355 2e-06
0.009855 2e-06
0.009374 2e-06
0.009378 1e-06
0.009372 2e-06
0.009839 1e-06
0.009806 1e-06
0.008359 1e-06
0.007925 0
0.007637 1e-06
0.009406 1e-06
0.009385 1e-06
0.009774 1e-06
0.009804 2e-06
0.009824 1e-06
0.009353 1e-06
0.009006 1e-06
0.010026 1e-06
0.010632 1e-06
0.009796 2e-06
0.009805 3e-06
0.009376 1e-06
0.010565 1e-06
0.009369 2e-06
0.009381 1e-06
0.009826 1e-06
0.00868 1e-06
0.009746 2e-06
0.009756 2e-06
0.009818 1e-06
0.009761 2e-06
0.010581 1e-06
0.009395 1e-06
0.009777 1e-06
0.009761 1e-06
0.009723 2e-06
0.008992 1e-06
0.009811 1e-06
0.009778 1e-06
0.00944 3e-06
0.009791 1e-06
0.009785 2e-06
0.009808 1e-06
0.009386 1e-06
0.009768 1e-06
0.009799 2e-06
0.009506 1e-06
0.010055 1e-06
0.009799 5e-06
0.009858 2e-06
0.009394 2e-06
0.009784 1e-06
0.009397 2e-06
0.00975 2e-06
0.009367 1e-06
0.009848 1e-06
0.009758 1e-06
0.009401 2e-06
0.009782 2e-06
0.010978 2e-06
0.009415 1e-06
0.009777 1e-06
0.009834 1e-06
0.0097 2e-06
0.009382 2e-06
0.009793 1e-06
0.010552 1e-06
0.010034 1e-06
0.01059 1e-06
0.00988 2e-06
0.009822 1e-06
0.010114 2e-06
0.009375 2e-06
0.010559 1e-06
0.009811 1e-06
0.009796 1e-06
0.010036 2e-06
0.009854 2e-06
0.009375 1e-06
0.009444 2e-06
0.009761 2e-06
0.009379 1e-06
0.009755 1e-06
0.009428 1e-06
0.009735 1e-06
0.009777 2e-06
0.009454 2e-06
0.009777 1e-06
0.00981 1e-06
0.010023 1e-06
0.009372 1e-06
0.010571 2e-06
0.012711 1e-06
0.009382 1e-06
0.011038 1e-06
0.009855 2e-06
0.009846 1e-06
0.009413 2e-06
0.009769 1e-06
0.010166 1e-06
0.009785 1e-06
0.009749 1e-06
0.009788 1e-06
0.009399 1e-06
0.009795 2e-06
0.009819 1e-06
0.009372 0
0.009372 2e-06
0.009783 1e-06
0.009627 2e-06
0.009418 1e-06
0.009403 2e-06
0.00978 1e-06
0.009818 1e-06
0.009753 0
0.009398 1e-06
0.009763 2e-06
0.010506 1e-06
0.009795 1e-06
0.009862 2e-06
0.01058 1e-06
0.009815 1e-06
0.010591 1e-06
0.010568 1e-06
0.009371 1e-06
0.009381 1e-06
0.009799 1e-06
0.009751 2e-06
0.009811 1e-06
0.009465 4e-06
0.010066 2e-06
0.009426 2e-06
0.009793 2e-06
0.009813 1e-06
0.00984 2e-06
0.009797 1e-06
0.010034 2e-06
0.00952 1e-06
0.00981 1e-06
0.009422 3e-06
0.009396 1e-06
0.010077 2e-06
0.010556 1e-06
0.009817 1e-06
0.009756 1e-06
0.010574 1e-06
0.009786 1e-06
0.009542 1e-06
0.009766 2e-06
0.009479 2e-06
0.009817 2e-06
0.009709 0
0.009804 1e-06
0.009878 1e-06
0.009454 2e-06
0.009842 1e-06
0.009847 1e-06
0.008836 1e-06
0.009821 1e-06
0.01011 2e-06
0.009842 1e-06
0.009846 1e-06
0.010572 1e-06
0.009778 2e-06
0.009373 1e-06
0.009384 1e-06
0.009789 1e-06
0.008084 1e-06
0.009825 2e-06
0.009391 2e-06
0.009865 1e-06
0.009823 2e-06
0.010001 1e-06
0.009758 1e-06
0.009747 1e-06
0.009819 3e-06
0.009802 1e-06
0.008386 2e-06
0.009425 2e-06
0.010069 2e-06
0.00981 1e-06
0.009418 2e-06
0.009381 1e-06
0.009787 1e-06
0.010047 1e-06
0.009833 1e-06
0.009835 1e-06
0.008044 1e-06
0.010586 1e-06
0.009434 2e-06
0.009424 1e-06
0.009381 1e-06
0.009392 1e-06
0.009806 1e-06
0.009396 1e-06
0.009787 1e-06
0.009762 1e-06
0.009308 1e-06
0.009396 2e-06
0.010028 2e-06
0.009808 2e-06
0.009746 1e-06
0.009797 1e-06
0.009993 1e-06
0.00941 2e-06
0.009804 2e-06
0.009857 2e-06
0.009616 1e-06
0.009765 2e-06
0.009429 1e-06
0.009716 1e-06
0.009835 1e-06
0.009775 1e-06
0.009812 1e-06
0.009842 1e-06
0.009779 2e-06
0.010142 1e-06
0.009764 0
0.010578 3e-06
0.009433 1e-06
0.009892 2e-06
0.009409 2e-06
0.010098 1e-06
0.009791 1e-06
0.009758 1e-06
0.009765 2e-06
0.009384 2e-06
0.010031 0
0.00978 2e-06
0.010567 2e-06
0.009911 2e-06
0.009456 2e-06
0.009796 1e-06
0.009377 2e-06
0.009814 1e-06
0.009798 1e-06
0.009368 2e-06
0.009818 2e-06
0.010559 3e-06
0.009437 1e-06
0.010217 2e-06
0.010075 2e-06
0.009826 1e-06
0.010063 1e-06
0.009392 1e-06
0.009427 1e-06
0.009399 1e-06
0.009444 1e-06
0.009382 2e-06
0.010005 1e-06
0.009846 2e-06
0.009836 1e-06
0.009404 1e-06
0.010061 1e-06
0.009402 2e-06
0.009819 2e-06
0.009761 1e-06
0.009794 1e-06
0.008687 1e-06
0.00938 0
0.010077 2e-06
0.010586 1e-06
0.00977 1e-06
0.009727 1e-06
0.009409 2e-06
0.009822 1e-06
0.00978 2e-06
0.009393 1e-06
0.008571 2e-06
0.009362 1e-06
0.00941 3e-06
0.009453 1e-06
0.009815 1e-06
0.009401 1e-06
0.009743 1e-06
0.010585 1e-06
0.009818 1e-06
0.009857 1e-06
0.008884 1e-06
0.009785 1e-06
0.009397 2e-06
0.010628 2e-06
0.00941 2e-06
0.009795 1e-06
0.009769 1e-06
0.009427 1e-06
0.009761 1e-06
0.009781 1e-06
0.00831 1e-06
0.009375 1e-06
0.0098 6e-06
0.009416 2e-06
0.009722 2e-06
0.009415 1e-06
0.00985 1e-06
0.009791 1e-06
0.009785 2e-06
0.009732 1e-06
0.00869 1e-06
0.009427 1e-06
0.009465 2e-06
0.010095 1e-06
0.009349 1e-06
0.010578 1e-06
0.01078 2e-06
0.010048 1e-06
0.009409 1e-06
0.00981 1e-06
0.009084 1e-06
0.010577 1e-06
0.009783 2e-06
0.009844 2e-06
0.009806 2e-06
0.009411 1e-06
0.009731 2e-06
0.010623 1e-06
0.009796 1e-06
0.009794 1e-06
0.008926 1e-06
0.009457 2e-06
0.009829 2e-06
0.009457 1e-06
0.009404 1e-06
0.009778 2e-06
0.009367 1e-06
0.00939 1e-06
0.009846 1e-06
0.009404 1e-06
0.010427 1e-06
0.009801 3e-06
0.010116 2e-06
0.009854 2e-06
0.009836 1e-06
0.010584 1e-06
0.009428 2e-06
0.009427 2e-06
0.009822 1e-06
0.00978 0
0.009418 1e-06
0.009832 2e-06
0.009846 1e-06
0.009858 1e-06
0.009783 1e-06
0.00941 0
0.010543 1e-06
0.009794 1e-06
0.010575 1e-06
0.010571 1e-06
0.009806 1e-06
0.009855 1e-06
0.009852 2e-06
0.009607 1e-06
0.00939 1e-06
0.009785 0
0.009389 1e-06
0.009463 1e-06
0.009383 2e-06
0.009609 1e-06
0.009795 1e-06
0.009808 2e-06
0.010064 2e-06
0.00991 2e-06
0.009869 1e-06
0.010575 2e-06
0.009413 1e-06
0.009364 2e-06
0.009796 2e-06
0.009412 1e-06
0.009395 1e-06
0.009762 1e-06
0.009394 1e-06
0.009503 2e-06
0.009804 2e-06
0.009851 1e-06
0.010034 2e-06
0.009834 1e-06
0.009845 2e-06
0.009418 1e-06
0.009752 1e-06
0.009118 1e-06
0.009373 2e-06
0.009394 1e-06
0.010602 1e-06
0.009827 1e-06
0.009791 1e-06
0.009782 1e-06
0.009776 1e-06
0.009838 1e-06
0.009859 1e-06
0.009604 1e-06
0.009451 1e-06
0.010085 2e-06
0.00978 2e-06
0.009803 2e-06
0.009818 3e-06
0.009389 1e-06
0.009427 1e-06
0.009406 1e-06
0.009812 2e-06
0.007932 1e-06
0.009812 1e-06
0.00984 4e-06
0.009781 2e-06
0.009412 1e-06
0.009839 1e-06
0.009751 2e-06
0.009374 1e-06
0.009781 1e-06
0.009767 1e-06
0.00844 1e-06
0.009805 1e-06
0.009402 1e-06
0.009803 1e-06
0.009389 1e-06
0.009451 1e-06
0.011741 3e-06
0.009757 2e-06
0.010312 1e-06
0.009765 2e-06
0.009003 1e-06
0.009841 2e-06
0.010585 2e-06
0.009847 1e-06
0.011504 1e-06
0.009418 1e-06
0.009345 1e-06
0.009379 1e-06
0.009785 1e-06
0.009465 1e-06
0.007953 1e-06
0.00941 1e-06
0.009371 1e-06
0.010121 1e-06
0.009903 1e-06
0.009475 1e-06
0.009456 1e-06
0.010665 1e-06
0.009816 1e-06
0.009383 1e-06
0.009352 1e-06
0.010174 2e-06
0.009411 2e-06
0.009431 2e-06
0.009408 1e-06
0.009808 1e-06
0.009771 1e-06
0.009807 2e-06
0.009393 1e-06
0.009811 1e-06
0.009223 2e-06
0.009369 1e-06
0.009383 1e-06
0.009779 1e-06
0.00939 1e-06
0.009798 1e-06
0.009426 1e-06
0.009797 2e-06
0.009826 1e-06
0.009779 2e-06
0.009628 1e-06
0.010617 2e-06
0.00979 1e-06
0.009984 2e-06
0.009372 1e-06
0.009785 1e-06
0.009426 1e-06
0.009414 1e-06
0.009828 2e-06
0.009407 1e-06
0.00979 1e-06
0.009411 1e-06
0.009802 1e-06
0.009879 2e-06
0.009417 1e-06
0.009808 1e-06
0.010055 1e-06
0.009413 1e-06
0.009418 1e-06
0.009727 1e-06
0.009406 1e-06
0.009379 2e-06
0.009778 1e-06
0.009397 1e-06
0.0094 1e-06
0.010031 1e-06
0.009842 1e-06
0.009417 1e-06
0.009843 1e-06
0.009828 3e-06
0.0099 2e-06
0.009205 2e-06
0.009879 1e-06
0.009511 1e-06
0.009772 2e-06
0.010666 2e-06
0.009479 1e-06
0.009455 1e-06
0.009444 1e-06
0.009835 1e-06
0.009828 1e-06
0.009435 3e-06
0.010596 1e-06
0.009902 2e-06
0.009797 2e-06
0.009789 1e-06
0.009402 1e-06
0.009999 2e-06
0.009838 1e-06
0.009777 1e-06
0.00942 2e-06
0.008824 2e-06
0.009818 1e-06
0.009802 2e-06
0.009447 2e-06
0.009414 1e-06
0.009824 1e-06
0.009523 1e-06
0.00989 1e-06
0.009484 1e-06
0.0099 2e-06
0.009523 2e-06
0.009753 1e-06
0.009417 2e-06
0.009941 2e-06
0.009914 3e-06
0.009884 2e-06
0.009475 1e-06
0.009381 1e-06
0.009777 2e-06
0.010683 1e-06
0.009145 2e-06
0.009856 1e-06
0.009923 1e-06
0.010112 1e-06
0.010087 1e-06
0.009377 2e-06
0.009757 2e-06
0.009414 1e-06
0.009932 1e-06
0.009378 2e-06
0.00882 2e-06
0.009815 2e-06
0.009435 9e-06
0.009766 1e-06
0.009846 1e-06
0.009834 2e-06
0.0099 1e-06
0.009845 1e-06
0.009565 1e-06
0.009403 1e-06
0.009401 2e-06
0.0098 2e-06
0.009491 1e-06
0.010656 2e-06
0.009853 1e-06
0.009463 1e-06
0.010666 2e-06
0.009834 1e-06
0.009999 2e-06
0.00946 1e-06
0.009894 1e-06
0.009934 2e-06
0.012104 2e-06
0.011308 2e-06
0.011253 1e-06
0.011795 2e-06
0.012225 2e-06
0.011132 2e-06
0.009396 2e-06
0.009932 2e-06
0.009784 2e-06
0.009882 2e-06
0.010187 1e-06
0.009876 1e-06
0.009418 1e-06
0.009933 1e-06
0.009843 1e-06
0.009428 2e-06
0.00981 2e-06
0.009836 1e-06
0.009819 2e-06
0.010198 2e-06
0.009455 1e-06
0.009804 2e-06
0.010037 2e-06
0.00939 1e-06
0.010591 1e-06
0.009805 2e-06
0.0094 2e-06
0.009655 2e-06
0.009817 1e-06
0.010332 3e-06
0.010216 2e-06
0.010259 1e-06
0.009382 2e-06
0.009967 2e-06
0.009385 2e-06
0.009818 1e-06
0.009382 2e-06
0.009824 1e-06
0.009453 1e-06
0.010014 3e-06
0.00982 2e-06
0.009819 1e-06
0.010563 1e-06
0.009447 2e-06
0.009822 2e-06
0.009418 1e-06
0.009405 1e-06
0.010036 2e-06
0.009796 2e-06
0.009806 1e-06
0.009439 1e-06
0.009813 1e-06
0.009381 1e-06
0.010158 1e-06
0.009786 1e-06
0.009824 1e-06
0.009808 1e-06
0.009799 2e-06
0.009782 1e-06
0.009999 2e-06
0.010671 2e-06
0.0098 1e-06
0.009855 1e-06
0.009781 1e-06
0.009396 1e-06
0.009505 2e-06
0.009405 1e-06
0.009381 1e-06
0.009836 1e-06
0.010654 1e-06
0.009782 1e-06
0.010591 1e-06
0.009777 1e-06
0.009776 2e-06
0.009793 1e-06
0.009386 2e-06
0.009837 1e-06
0.009599 1e-06
0.009789 1e-06
0.01012 1e-06
0.009394 2e-06
0.009825 2e-06
0.009849 1e-06
0.010037 1e-06
0.009389 1e-06
0.009844 1e-06
0.009816 1e-06
0.009396 2e-06
0.009382 1e-06
0.009411 2e-06
0.009781 1e-06
0.010514 1e-06
0.009789 1e-06
0.009777 2e-06
0.009518 1e-06
0.010077 1e-06
0.009405 0
0.008823 1e-06
0.009448 2e-06
0.009856 1e-06
0.009384 2e-06
0.009378 1e-06
0.009831 1e-06
0.009829 1e-06
0.010012 1e-06
0.010055 1e-06
0.009836 1e-06
0.008441 2e-06
0.009814 1e-06
0.009824 1e-06
0.009428 2e-06
0.009816 1e-06
0.009359 1e-06
0.009819 2e-06
0.009374 1e-06
0.009396 1e-06
0.009802 1e-06
0.008767 2e-06
0.009866 1e-06
0.009442 2e-06
0.009854 1e-06
0.009396 2e-06
0.009832 1e-06
0.009457 1e-06
0.00941 1e-06
0.009797 1e-06
0.009754 1e-06
0.00871 1e-06
0.009834 2e-06
0.009815 2e-06
0.009451 1e-06
0.00983 1e-06
0.009787 2e-06
0.010608 1e-06
0.00981 1e-06
0.009741 1e-06
0.009428 1e-06
0.008546 1e-06
0.010581 2e-06
0.00985 9e-06
0.009845 2e-06
0.00982 0
0.009777 1e-06
0.009822 1e-06
0.009928 1e-06
0.00946 1e-06
0.009841 1e-06
0.008777 4e-06
0.009412 1e-06
0.009426 2e-06
0.009416 1e-06
0.009809 1e-06
0.009439 1e-06
0.009421 1e-06
0.009761 1e-06
0.010607 1e-06
0.00938 1e-06
0.009614 2e-06
0.009801 2e-06
0.009445 3e-06
0.010281 1e-06
0.009833 1e-06
0.00943 1e-06
0.00985 2e-06
0.009349 1e-06
0.009424 1e-06
0.010018 1e-06
0.009038 1e-06
0.0098 1e-06
0.009758 1e-06
0.009818 2e-06
0.010556 3e-06
0.010527 1e-06
0.011287 1e-06
0.009453 2e-06
0.010601 1e-06
0.009385 2e-06
0.008987 1e-06
0.009515 2e-06
0.009852 6e-06
0.009795 1e-06
0.009797 1e-06
0.009815 1e-06
0.009788 1e-06
0.009815 2e-06
0.010574 1e-06
0.009824 1e-06
0.008104 1e-06
0.00987 1e-06
0.011896 2e-06
0.010029 1e-06
0.009391 1e-06
0.009774 2e-06
0.009782 2e-06
0.009503 1e-06
0.010013 2e-06
0.0096 1e-06
0.009539 2e-06
0.009801 2e-06
0.010616 2e-06
0.009429 2e-06
0.010551 2e-06
0.009838 2e-06
0.00984 2e-06
0.009412 2e-06
0.009407 1e-06
0.010711 1e-06
0.009527 1e-06
0.009387 2e-06
0.009831 1e-06
0.009765 1e-06
0.010096 2e-06
0.00977 2e-06
0.009812 1e-06
0.009741 1e-06
0.009381 1e-06
0.009372 1e-06
0.009738 1e-06
0.012144 2e-06
0.009972 3e-06
0.011119 1e-06
0.010017 1e-06
0.010214 2e-06
0.01065 1e-06
0.009824 1e-06
0.00981 1e-06
0.009416 2e-06
0.009909 1e-06
0.012249 6e-06
0.013633 2e-06
0.012275 2e-06
0.010294 2e-06
0.010077 2e-06
0.009437 3e-06
0.009396 1e-06
0.009834 1e-06
0.009414 1e-06
0.009452 1e-06
0.009865 2e-06
0.01258 2e-06
0.011897 2e-06
0.013994 2e-06
0.01327 4e-06
0.012843 2e-06
0.011812 2e-06
0.012295 2e-06
0.012872 2e-06
0.01211 3e-06
0.010813 3e-06
0.009947 2e-06
0.00948 2e-06
0.009916 2e-06
0.009533 2e-06
0.009271 2e-06
0.010698 1e-06
0.009971 2e-06
0.010102 2e-06
0.013313 2e-06
0.013201 2e-06
0.009782 1e-06
0.009428 3e-06
0.010011 2e-06
0.009413 2e-06
0.009419 2e-06
0.009878 1e-06
0.010626 2e-06
0.010634 1e-06
0.009824 1e-06
0.009421 1e-06
0.009824 1e-06
0.009809 1e-06
0.009413 1e-06
0.010323 2e-06
0.009785 1e-06
0.009831 2e-06
0.010583 1e-06
0.009349 1e-06
0.010552 1e-06
0.009754 1e-06
0.009799 2e-06
0.00935 1e-06
0.009394 2e-06
0.009826 1e-06
0.00987 1e-06
0.009823 2e-06
0.009396 2e-06
0.010103 2e-06
0.009397 1e-06
0.010551 2e-06
0.009397 2e-06
0.009817 2e-06
0.009427 2e-06
0.009385 2e-06
0.009778 2e-06
0.010618 3e-06
0.011532 2e-06
0.009781 1e-06
0.00976 1e-06
0.009769 1e-06
0.01055 1e-06
0.009402 1e-06
0.009929 1e-06
0.009769 1e-06
0.009818 2e-06
0.009464 2e-06
0.009404 2e-06
0.009407 1e-06
0.00983 1e-06
0.009791 1e-06
0.009458 2e-06
0.009448 2e-06
0.009395 1e-06
0.009884 2e-06
0.009401 2e-06
0.009902 2e-06
0.00983 2e-06
0.009758 1e-06
0.009812 1e-06
0.010562 1e-06
0.010216 1e-06
0.010021 1e-06
0.010554 2e-06
0.009675 1e-06
0.009923 2e-06
