0.039635 0.009267
0.037708 0.00554
0.039715 0.011694
0.040354 0.003279
0.036866 0.006607
0.037844 0.010102
0.039255 0.008078
0.040373 0.002609
0.037729 0.003597
0.039887 0.005406
0.035341 0.007393
0.039168 0.010389
0.038037 0.012661
0.039503 0.010567
0.037724 0.005112
0.036783 0.008017
0.039805 0.016936
0.039701 0.012726
0.035755 0.009815
0.039713 0.009675
0.039674 0.004636
0.037075 0.007391
0.03695 0.011269
0.03581 0.006779
0.037655 0.009516
0.03753 0.01075
0.037192 0.006889
0.039628 0.009099
0.039721 0.009753
0.03963 0.005963
0.036913 0.003675
0.038317 0.012405
0.03769 0.014693
0.039901 0.008503
0.040215 0.007663
0.037766 0.008072
0.039513 0.007809
0.039576 0.009276
0.038268 0.007864
0.039455 0.009095
0.039479 0.006049
0.039432 0.009486
0.039604 0.00965
0.039531 0.007183
0.036771 0.007934
0.03953 0.005449
0.039551 0.011518
0.037949 0.010037
0.037781 0.009563
0.039614 0.008372
0.038156 0.008227
0.037263 0.005159
0.035039 0.007796
0.040873 0.00941
0.039429 0.010687
0.036932 0.010376
0.036707 0.012669
0.03861 0.006677
0.036772 0.005092
0.039639 0.01245
0.037575 0.006377
0.036731 0.005893
0.038971 0.005387
0.036823 0.003817
0.037841 0.010672
0.040215 0.010722
0.039576 0.004476
0.039718 0.008076
0.039599 0.007766
0.039404 0.009963
0.036848 0.008825
0.039564 0.007682
0.038118 0.014861
0.036676 0.007239
0.038671 0.006006
0.039576 0.004189
0.039436 0.008948
0.041146 0.013012
0.036823 0.009436
0.040436 0.011606
0.038743 0.013592
0.037713 0.009354
0.037499 0.014174
0.038401 0.011038
0.040415 0.007225
0.039537 0.005695
0.036053 0.01121
0.036933 0.006624
0.037137 0.018002
0.039462 0.011466
0.03789 0.008033
0.035553 0.007316
0.039561 0.010758
0.035923 0.008645
0.039445 0.007751
0.039524 0.010061
0.039827 0.004962
0.037795 0.008589
0.037241 0.004199
0.040434 0.011577
0.03949 0.006777
0.037215 0.009827
0.039402 0.006783
0.035904 0.006907
0.039479 0.005476
0.039461 0.008167
0.037937 0.008114
0.037733 0.007359
0.036693 0.010359
0.036836 0.008415
0.036669 0.007262
0.040029 0.011908
0.037844 0.010527
0.039626 0.006301
0.039398 0.008958
0.038543 0.009894
0.036816 0.014241
0.036769 0.010433
0.039589 0.011107
0.039536 0.006383
0.035812 0.009955
0.039514 0.008041
0.03942 0.009392
0.040332 0.011689
0.036959 0.013064
0.036744 0.009693
0.036708 0.007047
0.039406 0.011295
0.039751 0.010958
0.037498 0.004874
0.04006 0.009594
0.037707 0.004559
0.035925 0.011351
0.039558 0.011732
0.037604 0.01237
0.037537 0.006774
0.039518 0.004817
0.038939 0.010136
0.039523 0.004783
0.039746 0.017213
0.036767 0.008256
0.036581 0.005917
0.037763 0.009302
0.039725 0.009894
0.038374 0.006823
0.039463 0.013639
0.039242 0.005302
0.03982 0.005296
0.039381 0.011243
0.034673 0.00855
0.037681 0.007233
0.039597 0.008337
0.03783 0.008704
0.039372 0.008227
0.03444 0.020445
0.040929 0.012726
0.039411 0.008223
0.035326 0.00652
0.039477 0.013094
0.039545 0.009832
0.037439 0.010212
0.035928 0.011309
0.036922 0.00856
0.039398 0.008767
0.039594 0.007676
0.039426 0.00303
0.033632 0.013391
0.039854 0.00983
0.03933 0.008064
0.039882 0.004917
0.03666 0.008187
0.036804 0.009779
0.039253 0.010006
0.039405 0.008874
0.039808 0.007036
0.036647 0.006417
0.039189 0.005395
0.03666 0.007012
0.039391 0.008272
0.037082 0.005183
0.03688 0.008877
0.039522 0.010492
0.03754 0.007348
0.036779 0.005152
0.037896 0.003959
0.039427 0.004332
0.036863 0.008641
0.039393 0.012909
0.036398 0.00566
0.037374 0.010819
0.037382 0.01859
0.039793 0.008146
0.036767 0.007367
0.03947 0.006954
0.039448 0.008451
0.036634 0.011435
0.039804 0.011054
0.039317 0.008157
0.035795 0.005378
0.036715 0.008315
0.036126 0.007319
0.03948 0.010798
0.036963 0.006621
0.036757 0.010765
0.039394 0.006556
0.034847 0.006551
0.036752 0.003501
0.039265 0.008748
0.036783 0.008338
0.039547 0.011635
0.037918 0.005811
0.039515 0.007031
0.03934 0.008839
0.038937 0.01083
0.039408 0.012857
0.036104 0.009907
0.03943 0.010115
0.036863 0.004061
0.037008 0.007413
0.036685 0.008708
0.036191 0.007215
0.03956 0.004066
0.037544 0.007761
0.039637 0.009562
0.039415 0.008193
0.037217 0.004474
0.036728 0.012699
0.037562 0.007441
0.040154 0.007964
0.039577 0.010392
0.039561 0.009571
0.039438 0.005797
0.036255 0.007369
0.041636 0.006716
0.039443 0.013259
0.038339 0.009895
0.035226 0.008221
0.037931 0.004706
0.036661 0.009178
0.036723 0.008238
0.037839 0.007657
0.039458 0.007197
0.037267 0.005285
0.039506 0.008791
0.036937 0.006537
0.037825 0.007972
0.039523 0.007306
0.036315 0.010143
0.039433 0.011124
0.039461 0.004839
0.03987 0.006116
0.039436 0.009222
0.03681 0.008197
0.039468 0.006753
0.039576 0.008697
0.037973 0.010672
0.039535 0.007407
0.03751 0.006445
0.039589 0.004302
0.035209 0.006564
0.038113 0.007422
0.036659 0.006085
0.036937 0.007545
0.0394 0.009502
0.037176 0.007026
0.039538 0.0134
0.036752 0.007793
0.039606 0.006722
0.040389 0.004428
0.034937 0.01121
0.03981 0.007053
0.039568 0.005386
0.039529 0.004953
0.036776 0.006268
0.03824 0.012693
0.039518 0.006372
0.039383 0.008104
0.039467 0.005191
0.037428 0.009781
0.037812 0.007956
0.03669 0.010375
0.039406 0.012542
0.039741 0.009572
0.036727 0.011888
0.036962 0.004853
0.039525 0.005533
0.039377 0.006862
0.038657 0.009906
0.040112 0.005698
0.036827 0.010945
0.039405 0.006839
0.039131 0.008453
0.039608 0.009418
0.039481 0.014908
0.035453 0.004496
0.036858 0.005776
0.037152 0.007897
0.037704 0.008412
0.039416 0.003015
0.039648 0.008104
0.039495 0.003668
0.037769 0.008838
0.037681 0.013876
0.039461 0.008297
0.037986 0.005629
0.037465 0.007021
0.035323 0.008979
0.036822 0.006436
0.036669 0.004348
0.039521 0.007752
0.039336 0.010564
0.038472 0.0099
0.039305 0.008502
0.037515 0.008009
0.040124 0.010833
0.03965 0.005488
0.039477 0.00706
0.039437 0.008068
0.039258 0.00703
0.037593 0.004891
0.036894 0.00731
0.039383 0.009269
0.039474 0.003378
0.039108 0.008985
0.03931 0.006081
0.036648 0.007108
0.039502 0.006109
0.037628 0.010275
0.036533 0.004721
0.038571 0.009787
0.037584 0.010887
0.036881 0.009372
0.039472 0.005071
0.037731 0.010302
0.036853 0.017262
0.039434 0.00646
0.037074 0.006345
0.039376 0.003906
0.0349 0.003428
0.039486 0.003343
0.036799 0.006566
0.037833 0.006798
0.03932 0.01117
0.034873 0.009091
0.037124 0.007396
0.037494 0.011257
0.039712 0.009444
0.037498 0.008843
0.039065 0.009587
0.039418 0.007722
0.036726 0.004455
0.040091 0.004517
0.03944 0.010612
0.039571 0.008201
0.036681 0.005206
0.039385 0.010826
0.037654 0.007032
0.039517 0.008673
0.039622 0.009614
0.036813 0.009787
0.037647 0.00754
0.039561 0.011758
0.036735 0.006194
0.036893 0.010337
0.039379 0.007714
0.038059 0.013189
0.039434 0.007697
0.039539 0.005757
0.039769 0.004666
0.037525 0.007921
0.038145 0.010457
0.039479 0.009583
0.039318 0.009174
0.040021 0.00777
0.039417 0.008562
0.037779 0.014322
0.039342 0.013751
0.037664 0.004105
0.039542 0.004737
0.039344 0.007023
0.039529 0.010083
0.039558 0.004462
0.037511 0.014726
0.039295 0.010376
0.039397 0.006761
0.039726 0.005538
0.039378 0.004644
0.038038 0.009779
0.036655 0.007579
0.036762 0.005778
0.039718 0.005903
0.039451 0.008806
0.036128 0.008913
0.039755 0.011536
0.039438 0.010069
0.039791 0.010933
0.039395 0.009481
0.039772 0.007115
0.039546 0.0094
0.037035 0.011632
0.039503 0.007014
0.039698 0.004956
0.039617 0.004525
0.036627 0.01481
0.035691 0.009241
0.039752 0.006372
0.039522 0.00525
0.039577 0.008325
0.039471 0.005651
0.03738 0.009543
0.039474 0.008067
0.039406 0.011681
0.03965 0.005705
0.039361 0.006165
0.037707 0.0084
0.039387 0.007519
0.039394 0.007303
0.03978 0.009041
0.037581 0.00715
0.039536 0.007696
0.036652 0.007597
0.038331 0.006013
0.039465 0.007249
0.037513 0.00415
0.036697 0.008174
0.039366 0.008808
0.035753 0.012816
0.039539 0.005521
0.039327 0.010697
0.039482 0.009706
0.036805 0.005843
0.036704 0.007633
0.035227 0.008177
0.039308 0.006782
0.039467 0.005064
0.036866 0.009857
0.036662 0.012225
0.035915 0.006235
0.037812 0.01199
0.039346 0.008576
0.036978 0.00615
0.037402 0.006567
0.037807 0.016074
0.039377 0.007366
0.036638 0.007626
0.039755 0.011029
0.039483 0.004927
0.039429 0.008606
0.036661 0.011319
0.038033 0.006509
0.039581 0.006359
0.039336 0.010622
0.036701 0.010316
0.036748 0.013175
0.034899 0.00986
0.039381 0.004916
0.039351 0.006943
0.039602 0.007139
0.039208 0.011921
0.03584 0.007225
0.039465 0.007005
0.039471 0.008547
0.039822 0.00929
0.03948 0.010938
0.036798 0.006173
0.036791 0.007614
0.036598 0.005829
0.03704 0.00805
0.036788 0.007877
0.036635 0.013942
0.03751 0.006956
0.036835 0.009581
0.039784 0.007251
0.037463 0.005388
0.036668 0.008573
0.039951 0.012577
0.037759 0.005552
0.036784 0.010971
0.03941 0.008058
0.039622 0.011945
0.035373 0.01208
0.035856 0.009709
0.039576 0.006231
0.039634 0.011516
0.039678 0.010841
0.039437 0.007027
0.035503 0.005368
0.039863 0.005604
0.036659 0.004054
0.037712 0.009356
0.036743 0.011215
0.038753 0.007418
0.039448 0.007611
0.039532 0.005306
0.036992 0.009274
0.039427 0.004297
0.039468 0.00904
0.03664 0.011369
0.039372 0.00773
0.039425 0.008928
0.039525 0.009631
0.036896 0.011338
0.036718 0.005574
0.035103 0.008711
0.039143 0.010394
0.039534 0.005833
0.03774 0.008808
0.039331 0.011386
0.034853 0.017499
0.037727 0.006921
0.039464 0.010064
0.039738 0.005098
0.039499 0.006788
0.037536 0.006439
0.039423 0.006088
0.037747 0.007042
0.038401 0.008106
0.037139 0.008699
0.03757 0.011013
0.039586 0.006595
0.036811 0.005417
0.038149 0.007626
0.039517 0.008623
0.039197 0.009022
0.037027 0.01124
0.036626 0.00505
0.03676 0.007196
0.036743 0.004738
0.039753 0.00506
0.038042 0.003883
0.038962 0.013948
0.037583 0.006827
0.036811 0.011638
0.037609 0.016596
0.039417 0.010122
0.035022 0.008348
0.03709 0.006481
0.0394 0.004159
0.039645 0.007883
0.035287 0.011813
0.037399 0.010407
0.039543 0.006425
0.039382 0.012718
0.039851 0.004712
0.039416 0.009715
0.036727 0.004607
0.036708 0.006136
0.039449 0.007956
0.039797 0.007516
0.036802 0.007462
0.039498 0.010717
0.036821 0.006458
0.039451 0.004114
0.037816 0.005859
0.039405 0.0073
0.036911 0.005331
0.039512 0.009748
0.038494 0.017261
0.037783 0.009039
0.037142 0.008832
0.037123 0.006777
0.037806 0.008722
0.034818 0.008748
0.039488 0.015008
0.039574 0.008828
0.037368 0.009611
0.039609 0.007379
0.03694 0.009702
0.039654 0.004155
0.039709 0.002695
0.037289 0.006863
0.039594 0.011498
0.037911 0.007563
0.037824 0.008075
0.037576 0.006799
0.040553 0.005071
0.040132 0.017222
0.037572 0.00616
0.036934 0.013948
0.038002 0.014649
0.039514 0.006962
0.039782 0.011262
0.041281 0.006839
0.040052 0.007337
0.040016 0.007158
0.039535 0.014144
0.037908 0.013683
0.036824 0.011902
0.039899 0.014416
0.037112 0.009655
0.039581 0.009227
0.037642 0.007033
0.036805 0.005478
0.037431 0.009254
0.03787 0.007061
0.036852 0.007698
0.039527 0.004318
0.037749 0.005898
0.036826 0.007004
0.036725 0.006448
0.036689 0.008288
0.039766 0.007643
0.036844 0.009007
0.038876 0.010909
0.039606 0.00794
0.037687 0.004493
0.039667 0.008493
0.039236 0.008028
0.037113 0.01162
0.036953 0.006232
0.037682 0.012664
0.037165 0.007353
0.040415 0.010887
0.03605 0.005524
0.036778 0.007139
0.037714 0.00809
0.037273 0.006729
0.040502 0.007621
0.036919 0.00891
0.039649 0.005768
0.038063 0.010938
0.040002 0.008153
0.039551 0.005418
0.039876 0.010278
0.039456 0.008085
0.037956 0.009413
0.039882 0.01121
0.039539 0.004016
0.039964 0.010457
0.03963 0.009789
0.037631 0.004012
0.039558 0.010725
0.036844 0.008069
0.040008 0.004118
0.039696 0.005129
0.036268 0.011378
0.036819 0.008318
0.039568 0.00652
0.039951 0.007508
0.039567 0.009642
0.037776 0.009545
0.039598 0.006753
0.036425 0.006436
0.039654 0.00851
0.040032 0.008607
0.03829 0.014188
0.036894 0.007449
0.034686 0.006842
0.037657 0.011099
0.038188 0.010762
0.040662 0.007989
0.041439 0.008416
0.041922 0.00874
0.04015 0.009773
0.036218 0.007654
0.036903 0.011032
0.039431 0.004663
0.040062 0.006961
0.036855 0.00771
0.037215 0.010301
0.036958 0.011555
0.039611 0.010435
0.037163 0.006814
0.039612 0.013395
0.03954 0.010106
0.039528 0.008147
0.039269 0.006053
0.039578 0.010989
0.039344 0.008841
0.03538 0.005513
0.039562 0.010868
0.036094 0.009701
0.036843 0.010833
0.036714 0.006981
0.037002 0.011849
0.036652 0.007342
0.035599 0.007628
0.036903 0.009734
0.036722 0.007417
0.03702 0.008356
0.03948 0.005362
0.0396 0.007792
0.037468 0.013156
0.037322 0.004964
0.036858 0.011149
0.036725 0.010653
0.037733 0.006525
0.036787 0.008531
0.037793 0.008255
0.03941 0.004366
0.039378 0.004333
0.037082 0.00556
0.036756 0.008486
0.034488 0.009734
0.036817 0.00655
0.039613 0.006354
0.039625 0.008201
0.036797 0.009547
0.037763 0.00773
0.036874 0.006979
0.039492 0.008439
0.038145 0.012597
0.037501 0.010739
0.040039 0.00905
0.040305 0.00915
0.037695 0.009104
0.036841 0.006957
0.039592 0.006301
0.039616 0.002965
0.036646 0.009134
0.038914 0.005898
0.036804 0.009714
0.036641 0.012908
0.03949 0.0089
0.036688 0.007352
0.037837 0.011424
0.03959 0.006753
0.037618 0.008183
0.036837 0.008287
0.037439 0.006384
0.037226 0.012413
0.039529 0.005204
0.035244 0.007222
0.039604 0.010732
0.03949 0.008124
0.037944 0.00496
0.036888 0.014926
0.037888 0.007693
0.040057 0.006957
0.039446 0.007233
0.036534 0.00845
0.039462 0.007928
0.037704 0.009844
0.040173 0.003842
0.039397 0.011081
0.036823 0.007146
0.036799 0.009807
0.039179 0.010229
0.03759 0.007074
0.039871 0.009516
0.035552 0.005125
0.039416 0.006001
0.038239 0.007998
0.037035 0.010554
0.039568 0.008724
0.03779 0.008397
0.039445 0.00817
0.037462 0.00646
0.039661 0.009255
0.039434 0.004098
0.039633 0.007369
0.039515 0.016981
0.035288 0.010378
0.039443 0.00733
0.039425 0.005553
0.03993 0.017271
0.039688 0.013144
0.036694 0.00618
0.039454 0.00462
0.039405 0.008218
0.037653 0.007689
0.03771 0.014045
0.036795 0.009475
0.039478 0.009686
0.037441 0.01133
0.037939 0.00851
0.039485 0.005346
0.039696 0.006923
0.039419 0.017618
0.038224 0.008084
0.0376 0.008832
0.039555 0.007744
0.037095 0.005966
0.036729 0.008207
0.036586 0.009269
0.0378 0.008526
0.03746 0.005504
0.039825 0.006301
0.039354 0.008004
0.039458 0.007165
0.036686 0.005732
0.036756 0.010252
0.040112 0.004094
0.039508 0.007266
0.039415 0.015304
0.037688 0.00629
0.038434 0.012616
0.039545 0.005497
0.039325 0.013538
0.039712 0.008591
0.039487 0.012253
0.037497 0.005597
0.039425 0.007419
0.037105 0.002996
0.037868 0.009959
0.039391 0.006028
0.035383 0.005946
0.03688 0.010963
0.039439 0.010358
0.038033 0.01012
0.037411 0.006877
0.036751 0.011381
0.039536 0.008552
0.039373 0.005351
0.037352 0.00793
0.036804 0.010946
0.039583 0.00974
0.036638 0.00658
0.039115 0.006776
0.037809 0.010835
0.036736 0.009285
0.039484 0.012182
0.03943 0.007449
0.034955 0.010759
0.039449 0.004561
0.036752 0.009172
0.039623 0.007272
0.039381 0.00686
0.037304 0.005144
0.039496 0.006935
0.036719 0.007655
0.037501 0.009503
0.036667 0.011
0.035194 0.004786
0.039478 0.005509
0.036585 0.007881
0.039572 0.005168
0.036725 0.00627
0.037572 0.006505
0.03946 0.009198
0.037699 0.003765
0.039603 0.007981
0.036668 0.008503
0.037309 0.007182
0.039675 0.007835
0.039362 0.007601
0.037289 0.005995
0.039389 0.005646
0.036478 0.008904
0.039487 0.007101
0.036628 0.007788
0.039755 0.012145
0.037666 0.013229
0.039516 0.011398
0.036633 0.009301
0.038784 0.007518
0.036993 0.00853
0.037617 0.006027
0.037607 0.007372
0.039406 0.006216
0.037878 0.008317
0.036682 0.010496
0.039431 0.005211
0.036801 0.006918
0.03932 0.006939
0.036133 0.005188
0.037677 0.010037
0.036725 0.008489
0.037957 0.005376
0.036652 0.007467
0.036075 0.008816
0.040973 0.011307
0.039403 0.003955
0.039758 0.008778
0.03663 0.007556
0.037779 0.008423
0.039419 0.005174
0.037395 0.007716
0.036848 0.005401
0.039541 0.003766
0.035123 0.01064
0.037625 0.007007
0.039339 0.009801
0.038071 0.005963
0.036663 0.010523
0.038692 0.00378
0.039445 0.012231
0.03685 0.007968
0.037048 0.005339
0.037682 0.008522
0.036219 0.0085
0.036782 0.008962
0.039335 0.009475
0.040074 0.007874
0.039579 0.007812
0.036788 0.009851
0.036781 0.008913
0.038931 0.008933
0.039514 0.012831
0.036716 0.006772
0.039479 0.006698
0.037602 0.006247
0.035595 0.008298
0.039547 0.007699
0.037407 0.008667
0.039587 0.006596
0.037913 0.006643
0.037633 0.009084
0.037548 0.011109
0.039403 0.004448
0.036974 0.012318
0.039459 0.004116
0.037745 0.009485
0.039664 0.009095
0.036801 0.011589
0.039889 0.010752
0.036797 0.006194
0.038668 0.010041
0.039571 0.005482
0.039472 0.007895
0.03995 0.006826
0.039421 0.006522
0.036805 0.008708
0.039602 0.010672
0.03738 0.003329
0.039944 0.007116
0.040403 0.006948
0.036807 0.012958
0.039464 0.007941
0.038633 0.011572
0.039886 0.010041
0.037575 0.00392
0.036927 0.008564
0.039449 0.006185
0.036438 0.007323
0.039683 0.008226
0.03974 0.009722
0.037639 0.009851
0.033144 0.005392
0.039432 0.006873
0.03674 0.008753
0.036714 0.009449
0.039567 0.009194
0.037614 0.0096
0.039427 0.008778
0.037774 0.00607
0.036731 0.005695
0.038775 0.007539
0.038966 0.006268
0.039451 0.005432
0.042136 0.016533
0.036751 0.010872
0.035121 0.00878
0.036819 0.010609
0.037644 0.005541
0.03691 0.005436
0.037456 0.006329
0.037952 0.00833
0.039503 0.004961
0.036757 0.006724
0.036847 0.007266
0.03767 0.014924
0.036701 0.008959
0.039497 0.006387
0.037505 0.006924
0.039901 0.013376
0.037395 0.008238
0.039537 0.011279
0.039434 0.008682
0.038873 0.011989
0.03808 0.008004
0.03754 0.011479
0.036756 0.013401
0.037392 0.005738
0.037583 0.010627
0.039594 0.00529
0.039417 0.004453
0.038283 0.005543
0.039437 0.010249
0.036136 0.011502
0.036689 0.010397
0.039356 0.008041
0.039977 0.004924
0.039481 0.004942
0.037015 0.006657
0.037488 0.007345
0.039395 0.013226
0.037871 0.005893
0.039415 0.011064
0.03757 0.010937
0.037703 0.009558
0.037289 0.006093
0.036817 0.006666
0.036713 0.005244
0.03957 0.006038
0.039468 0.007336
0.036661 0.012425
0.039457 0.006452
0.039501 0.009492
0.039546 0.008834
0.036817 0.006357
0.037774 0.014811
0.036804 0.005244
0.03939 0.006893
0.036993 0.005036
0.039792 0.005008
0.035511 0.005521
0.037067 0.007045
0.036822 0.007733
0.040643 0.004173
