0.001524 1e-06
0.001498 1e-06
0.001528 2e-06
0.001491 1e-06
0.001486 1e-06
0.001496 1e-06
0.001477 1e-06
0.001171 1e-06
0.001034 1e-06
0.001032 1e-06
0.001476 1e-06
0.001483 1e-06
0.001476 0
0.001474 1e-06
0.001571 1e-06
0.001531 1e-06
0.001481 1e-06
0.00148 1e-06
0.001471 2e-06
0.001488 1e-06
0.001475 1e-06
0.001576 3e-06
0.001477 1e-06
0.001509 1e-06
0.001881 1e-06
0.001541 1e-06
0.001545 2e-06
0.001471 1e-06
0.001473 2e-06
0.001553 1e-06
0.001482 1e-06
0.001468 1e-06
0.001479 1e-06
0.001488 1e-06
0.001484 0
0.001485 1e-06
0.00148 1e-06
0.001538 1e-06
0.001477 1e-06
0.001482 1e-06
0.001464 1e-06
0.001487 2e-06
0.00148 1e-06
0.001469 1e-06
0.001481 1e-06
0.00148 1e-06
0.001476 1e-06
0.001533 1e-06
0.001476 1e-06
0.00149 2e-06
0.001538 1e-06
0.001471 1e-06
0.001477 0
0.001485 1e-06
0.001479 1e-06
0.001485 1e-06
0.001476 2e-06
0.00147 1e-06
0.001468 1e-06
0.001469 1e-06
0.001472 1e-06
0.001473 1e-06
0.001482 1e-06
0.001539 1e-06
0.00148 1e-06
0.001471 1e-06
0.001471 1e-06
0.001494 0
0.001475 1e-06
0.001195 1e-06
0.001119 1e-06
0.001038 0
0.001036 1e-06
0.001482 1e-06
0.001479 1e-06
0.001483 1e-06
0.001472 1e-06
0.001488 1e-06
0.001468 1e-06
0.001473 0
0.001536 1e-06
0.001466 1e-06
0.001477 1e-06
0.001487 0
0.001474 2e-06
0.001539 1e-06
0.001479 1e-06
0.001478 2e-06
0.001484 1e-06
0.001477 1e-06
0.001474 2e-06
0.001473 2e-06
0.001466 2e-06
0.001487 2e-06
0.001535 1e-06
0.001482 2e-06
0.001482 1e-06
0.001528 1e-06
0.001479 1e-06
0.001484 1e-06
0.001635 1e-06
0.001489 1e-06
0.001473 1e-06
0.001473 1e-06
0.001475 2e-06
0.001477 1e-06
0.001474 1e-06
0.001485 2e-06
0.001534 1e-06
0.001476 1e-06
0.001478 0
0.001484 2e-06
0.001521 1e-06
0.001483 1e-06
0.001474 2e-06
0.001535 1e-06
0.001484 1e-06
0.001538 1e-06
0.001474 1e-06
0.001482 1e-06
0.00148 1e-06
0.001471 2e-06
0.001476 2e-06
0.001479 2e-06
0.001472 1e-06
0.001489 1e-06
0.001539 1e-06
0.001468 1e-06
0.001473 1e-06
0.001483 1e-06
0.001471 2e-06
0.001479 2e-06
0.001033 0
0.001032 1e-06
0.001033 1e-06
0.000997 1e-06
0.001474 1e-06
0.001537 1e-06
0.00147 1e-06
0.001476 1e-06
0.001468 1e-06
0.001475 1e-06
0.001477 1e-06
0.001473 1e-06
0.001473 1e-06
0.001475 2e-06
0.001483 1e-06
0.001472 1e-06
0.001606 1e-06
0.001586 2e-06
0.001482 2e-06
0.001481 1e-06
0.001478 1e-06
0.00149 1e-06
0.001464 1e-06
0.001484 1e-06
0.001485 1e-06
0.001472 2e-06
0.001474 1e-06
0.001476 1e-06
0.001486 2e-06
0.001474 1e-06
0.001526 0
0.00147 1e-06
0.001541 1e-06
0.001486 1e-06
0.001528 1e-06
0.001478 1e-06
0.001471 1e-06
0.001476 1e-06
0.001469 2e-06
0.001475 1e-06
0.001484 1e-06
0.001479 1e-06
0.001537 1e-06
0.001476 1e-06
0.001479 1e-06
0.001474 1e-06
0.00148 1e-06
0.001488 1e-06
0.001482 0
0.001472 2e-06
0.00148 2e-06
0.001546 1e-06
0.00148 1e-06
0.001479 1e-06
0.001471 1e-06
0.001472 1e-06
0.001471 1e-06
0.001487 2e-06
0.001529 1e-06
0.001538 1e-06
0.00148 1e-06
0.001469 2e-06
0.001478 1e-06
0.001254 1e-06
0.001084 1e-06
0.001483 1e-06
0.001471 1e-06
0.001483 1e-06
0.001463 2e-06
0.001486 1e-06
0.001471 2e-06
0.001485 1e-06
0.001488 1e-06
0.001479 0
0.00153 1e-06
0.001477 2e-06
0.001581 0
0.00155 2e-06
0.001479 2e-06
0.001538 1e-06
0.001487 2e-06
0.001481 1e-06
0.001483 1e-06
0.00148 1e-06
0.001475 1e-06
0.001534 0
0.001517 2e-06
0.001487 1e-06
0.00148 1e-06
0.001527 1e-06
0.001473 0
0.001474 1e-06
0.001476 1e-06
0.001476 1e-06
0.001474 1e-06
0.001487 1e-06
0.001473 1e-06
0.001545 1e-06
0.001473 1e-06
0.001483 1e-06
0.001475 1e-06
0.001489 1e-06
0.001483 1e-06
0.001478 1e-06
0.001481 1e-06
0.001527 2e-06
0.001479 1e-06
0.001481 1e-06
0.001482 1e-06
0.001489 2e-06
0.001484 1e-06
0.00154 1e-06
0.001473 1e-06
0.001544 2e-06
0.001528 1e-06
0.001539 1e-06
0.001469 1e-06
0.00148 1e-06
0.001479 1e-06
0.001532 1e-06
0.001481 1e-06
0.001484 1e-06
0.001461 1e-06
0.001472 1e-06
0.001122 1e-06
0.00104 0
0.001105 1e-06
0.001034 1e-06
0.001476 1e-06
0.001479 2e-06
0.001571 1e-06
0.001473 1e-06
0.00148 1e-06
0.001471 1e-06
0.001479 1e-06
0.001484 1e-06
0.001476 1e-06
0.001472 1e-06
0.001468 1e-06
0.001486 1e-06
0.001593 2e-06
0.001671 2e-06
0.001477 1e-06
0.001467 1e-06
0.001487 2e-06
0.001488 1e-06
0.001478 1e-06
0.001485 1e-06
0.001477 1e-06
0.001486 1e-06
0.001466 1e-06
0.001484 1e-06
0.001488 1e-06
0.001491 1e-06
0.001484 1e-06
0.001473 1e-06
0.001476 1e-06
0.001483 1e-06
0.001468 1e-06
0.001483 1e-06
0.001538 1e-06
0.001483 2e-06
0.001536 1e-06
0.001474 1e-06
0.001529 1e-06
0.001481 1e-06
0.001526 2e-06
0.001475 1e-06
0.001483 1e-06
0.001477 1e-06
0.001475 1e-06
0.001477 1e-06
0.001531 0
0.001474 1e-06
0.001464 1e-06
0.001483 1e-06
0.001482 1e-06
0.001489 1e-06
0.001476 1e-06
0.001471 2e-06
0.001484 1e-06
0.001539 2e-06
0.001488 1e-06
0.001583 1e-06
0.001472 1e-06
0.001483 1e-06
0.001474 1e-06
0.001314 0
0.00108 1e-06
0.001071 2e-06
0.001109 1e-06
0.00148 0
0.001524 1e-06
0.001475 1e-06
0.001539 1e-06
0.001486 2e-06
0.001468 1e-06
0.001479 1e-06
0.001479 1e-06
0.001479 1e-06
0.001533 1e-06
0.001473 1e-06
0.001569 1e-06
0.00147 2e-06
0.001486 1e-06
0.001485 1e-06
0.001484 1e-06
0.001473 1e-06
0.001539 1e-06
0.00148 1e-06
0.0015 0
0.001475 1e-06
0.001477 1e-06
0.001476 1e-06
0.001481 1e-06
0.001469 1e-06
0.001537 1e-06
0.001481 1e-06
0.001536 1e-06
0.001474 1e-06
0.001527 1e-06
0.001483 1e-06
0.001544 1e-06
0.001482 2e-06
0.001489 1e-06
0.001475 1e-06
0.001473 2e-06
0.001472 1e-06
0.00147 2e-06
0.001482 1e-06
0.001469 1e-06
0.001483 2e-06
0.001479 1e-06
0.001481 1e-06
0.00147 1e-06
0.001487 1e-06
0.001485 1e-06
0.001481 1e-06
0.001471 1e-06
0.001482 1e-06
0.001471 1e-06
0.001481 1e-06
0.001467 1e-06
0.001477 1e-06
0.001471 2e-06
0.001488 1e-06
0.001473 0
0.001234 1e-06
0.001291 1e-06
0.00129 2e-06
0.00118 1e-06
0.001169 1e-06
0.001031 1e-06
0.001031 1e-06
0.001243 0
0.001237 1e-06
0.001243 1e-06
0.001301 1e-06
0.00124 1e-06
0.001239 1e-06
0.001238 1e-06
0.001292 1e-06
0.001243 0
0.001242 1e-06
0.001298 1e-06
0.001239 1e-06
0.001241 1e-06
0.001243 1e-06
0.001242 1e-06
0.001244 1e-06
0.001248 1e-06
0.001248 1e-06
0.001241 1e-06
0.00124 1e-06
0.001244 1e-06
0.001243 0
0.001244 0
0.001239 1e-06
0.001242 1e-06
0.001239 1e-06
0.001235 1e-06
0.001242 2e-06
0.001241 1e-06
0.001263 1e-06
0.001238 1e-06
0.001249 1e-06
0.001244 1e-06
0.00124 1e-06
0.001237 1e-06
0.001238 1e-06
0.001238 1e-06
0.0013 1e-06
0.00125 1e-06
0.001247 1e-06
0.001248 1e-06
0.001243 1e-06
0.001249 1e-06
0.001244 1e-06
0.001242 1e-06
0.001241 1e-06
0.001241 1e-06
0.00124 1e-06
0.001242 1e-06
0.001237 1e-06
0.001234 1e-06
0.001302 1e-06
0.001243 1e-06
0.001247 1e-06
0.001243 1e-06
0.001243 1e-06
0.001244 0
0.001234 1e-06
0.001234 1e-06
0.001236 1e-06
0.001239 1e-06
0.00124 0
0.001237 2e-06
0.001243 1e-06
0.001248 1e-06
0.001243 1e-06
0.001234 1e-06
0.001244 1e-06
0.00125 1e-06
0.001245 1e-06
0.001246 1e-06
0.001242 1e-06
0.001087 1e-06
0.001071 0
0.001034 1e-06
0.000998 1e-06
0.001237 1e-06
0.001243 1e-06
0.00124 1e-06
0.001243 0
0.001241 1e-06
0.00124 1e-06
0.00124 1e-06
0.001248 1e-06
0.001249 1e-06
0.001245 1e-06
0.001241 0
0.001243 1e-06
0.001253 1e-06
0.001248 1e-06
0.001243 1e-06
0.001243 1e-06
0.001248 1e-06
0.001241 1e-06
0.001238 1e-06
0.001242 1e-06
0.001239 0
0.00124 1e-06
0.001239 1e-06
0.001242 1e-06
0.001241 1e-06
0.001243 0
0.001241 1e-06
0.00124 1e-06
0.001236 1e-06
0.00124 1e-06
0.001285 1e-06
0.001241 1e-06
0.001245 1e-06
0.001242 0
0.001238 1e-06
0.001238 1e-06
0.001242 1e-06
0.001237 0
0.001243 0
0.001307 1e-06
0.001244 2e-06
0.001246 1e-06
0.001239 1e-06
0.001294 1e-06
0.001245 1e-06
0.001296 1e-06
0.001241 1e-06
0.001302 1e-06
0.001236 1e-06
0.001245 1e-06
0.001242 0
0.001247 2e-06
0.001288 1e-06
0.001247 1e-06
0.001303 0
0.001287 1e-06
0.001233 2e-06
0.001239 1e-06
0.001241 1e-06
0.001248 1e-06
0.001238 1e-06
0.001242 1e-06
0.001242 1e-06
0.001238 1e-06
0.001244 1e-06
0.001246 1e-06
0.00124 0
0.001297 1e-06
0.00129 1e-06
0.00125 1e-06
0.001242 1e-06
0.001302 1e-06
0.001167 1e-06
0.001128 1e-06
0.001076 1e-06
0.001246 1e-06
0.00124 1e-06
0.001245 1e-06
0.001245 1e-06
0.001242 1e-06
0.001241 1e-06
0.001244 1e-06
0.001246 1e-06
0.001241 1e-06
0.001244 1e-06
0.001241 1e-06
0.001248 1e-06
0.001243 1e-06
0.00124 1e-06
0.001248 1e-06
0.001251 1e-06
0.001243 1e-06
0.001262 1e-06
0.001288 2e-06
0.001234 1e-06
0.001245 1e-06
0.001238 4e-06
0.001242 2e-06
0.001288 1e-06
0.001243 1e-06
0.001296 2e-06
0.001239 1e-06
0.00124 1e-06
0.001243 1e-06
0.001289 1e-06
0.001238 1e-06
0.001238 1e-06
0.001243 1e-06
0.001238 0
0.00124 0
0.001249 1e-06
0.001334 1e-06
0.001244 1e-06
0.001301 1e-06
0.001248 1e-06
0.001278 1e-06
0.001244 1e-06
0.00124 2e-06
0.001242 1e-06
0.001297 1e-06
0.001238 1e-06
0.001239 0
0.001241 1e-06
0.001276 1e-06
0.001291 1e-06
0.001299 1e-06
0.001297 1e-06
0.001241 0
0.001249 1e-06
0.001249 1e-06
0.001244 1e-06
0.001242 1e-06
0.001241 1e-06
0.001242 1e-06
0.001236 1e-06
0.001239 1e-06
0.001243 1e-06
0.001243 1e-06
0.00124 1e-06
0.001241 1e-06
0.00124 1e-06
0.001247 2e-06
0.001239 1e-06
0.00124 1e-06
0.001241 0
0.001244 1e-06
0.001245 1e-06
0.001127 1e-06
0.001131 1e-06
0.00108 1e-06
0.001244 1e-06
0.001243 1e-06
0.001293 1e-06
0.001242 1e-06
0.0013 1e-06
0.00124 1e-06
0.001245 1e-06
0.001293 1e-06
0.001298 0
0.001247 1e-06
0.00124 1e-06
0.001252 1e-06
0.001254 1e-06
0.001255 1e-06
0.001243 1e-06
0.001254 1e-06
0.001243 1e-06
0.001248 1e-06
0.00124 1e-06
0.001242 1e-06
0.001241 1e-06
0.001243 1e-06
0.00124 1e-06
0.001244 1e-06
0.00124 2e-06
0.001294 1e-06
0.001237 1e-06
0.00124 1e-06
0.001248 1e-06
0.001245 1e-06
0.00124 1e-06
0.001238 1e-06
0.001243 1e-06
0.001276 1e-06
0.001254 0
0.001243 0
0.001256 2e-06
0.001244 1e-06
0.001252 1e-06
0.001243 2e-06
0.001291 1e-06
0.001247 1e-06
0.001244 1e-06
0.001241 1e-06
0.001246 1e-06
0.001291 1e-06
0.001243 1e-06
0.001242 1e-06
0.001237 1e-06
0.001237 1e-06
0.001237 1e-06
0.001246 1e-06
0.00124 0
0.001238 1e-06
0.001239 1e-06
0.001239 1e-06
0.001239 1e-06
0.001242 1e-06
0.001235 1e-06
0.001236 1e-06
0.001252 0
0.001243 1e-06
0.001292 1e-06
0.00124 1e-06
0.001246 1e-06
0.001244 1e-06
0.001245 1e-06
0.001238 1e-06
0.001246 1e-06
0.001241 1e-06
0.001248 0
0.001243 0
0.001241 0
0.001126 1e-06
0.001072 0
0.001042 1e-06
0.001242 1e-06
0.001296 1e-06
0.001236 1e-06
0.001239 0
0.001251 1e-06
0.001246 1e-06
0.001243 0
0.001305 1e-06
0.001245 1e-06
0.001252 1e-06
0.001243 1e-06
0.001292 1e-06
0.001244 1e-06
0.001291 2e-06
0.001238 1e-06
0.001244 1e-06
0.001242 1e-06
0.00128 1e-06
0.001242 2e-06
0.001244 1e-06
0.001239 0
0.001246 1e-06
0.001254 1e-06
0.0013 1e-06
0.001241 1e-06
0.001251 1e-06
0.001244 1e-06
0.001249 1e-06
0.001246 1e-06
0.001252 1e-06
0.001238 1e-06
0.00124 1e-06
0.001241 1e-06
0.001249 1e-06
0.001243 1e-06
0.001301 1e-06
0.00124 1e-06
0.001234 1e-06
0.001291 1e-06
0.001243 2e-06
0.001243 1e-06
0.001242 1e-06
0.001235 1e-06
0.001243 1e-06
0.001245 1e-06
0.001243 1e-06
0.001242 1e-06
0.001242 1e-06
0.001247 1e-06
0.001243 1e-06
0.001242 1e-06
0.001244 1e-06
0.00124 1e-06
0.001234 1e-06
0.001247 1e-06
0.001236 1e-06
0.001245 1e-06
0.001244 1e-06
0.001245 1e-06
0.001244 1e-06
0.001241 1e-06
0.001244 1e-06
0.001243 0
0.001249 1e-06
0.001246 1e-06
0.001297 1e-06
0.00125 0
0.001295 0
0.001242 1e-06
0.001243 1e-06
0.001247 1e-06
0.001239 1e-06
0.001199 1e-06
0.001132 1e-06
0.00104 1e-06
0.001081 0
0.001299 1e-06
0.001245 1e-06
0.001246 1e-06
0.001251 2e-06
0.001695 1e-06
0.001694 2e-06
0.002289 1e-06
0.001709 1e-06
0.001782 1e-06
0.00171 1e-06
0.001677 2e-06
0.00168 4e-06
0.001318 1e-06
0.001762 2e-06
0.001679 1e-06
0.001702 2e-06
0.001577 1e-06
0.001696 2e-06
0.001693 1e-06
0.001697 1e-06
0.001676 2e-06
0.00144 1e-06
0.001745 2e-06
0.001706 1e-06
0.00168 1e-06
0.002602 1e-06
0.001685 1e-06
0.002039 2e-06
0.001698 1e-06
0.001696 1e-06
0.001893 1e-06
0.001701 1e-06
0.001681 0
0.001689 2e-06
0.001686 2e-06
0.001705 1e-06
0.00129 1e-06
0.001243 1e-06
0.001241 1e-06
0.001243 1e-06
0.001251 2e-06
0.001326 2e-06
0.001246 1e-06
0.001301 1e-06
0.001288 2e-06
0.001236 1e-06
0.001252 1e-06
0.001238 1e-06
0.001256 1e-06
0.001251 2e-06
0.001601 1e-06
0.001255 1e-06
0.00124 1e-06
0.001305 1e-06
0.001404 1e-06
0.00124 1e-06
0.00122 1e-06
0.001217 1e-06
0.001094 1e-06
0.00104 2e-06
0.001239 1e-06
0.001263 1e-06
0.00124 1e-06
0.001243 1e-06
0.001828 1e-06
0.001298 1e-06
0.001237 1e-06
0.001493 2e-06
0.001454 1e-06
0.001247 1e-06
0.00124 1e-06
0.001247 1e-06
0.001246 1e-06
0.001256 1e-06
0.001246 1e-06
0.001245 5e-06
0.001243 1e-06
0.001244 1e-06
0.001244 1e-06
0.001239 1e-06
0.001246 1e-06
0.001246 1e-06
0.00124 1e-06
0.001247 1e-06
0.001239 0
0.001254 1e-06
0.001251 1e-06
0.00124 1e-06
0.00125 1e-06
0.001237 1e-06
0.001306 1e-06
0.00124 1e-06
0.001252 1e-06
0.001256 1e-06
0.00124 1e-06
0.001299 1e-06
0.001236 1e-06
0.001247 1e-06
0.001241 1e-06
0.001259 1e-06
0.001247 1e-06
0.001252 1e-06
0.001243 1e-06
0.001248 1e-06
0.001242 1e-06
0.001246 0
0.001239 1e-06
0.001248 1e-06
0.00124 1e-06
0.001245 1e-06
0.001241 1e-06
0.001265 1e-06
0.001243 1e-06
0.001316 1e-06
0.001244 1e-06
0.001254 2e-06
0.001236 1e-06
0.001259 2e-06
0.001235 1e-06
0.001241 1e-06
0.001261 1e-06
0.001257 1e-06
0.00124 1e-06
0.001247 0
0.00129 1e-06
0.001244 1e-06
0.001243 0
0.001241 1e-06
0.00124 1e-06
0.00125 0
0.001233 1e-06
0.001092 0
0.001134 1e-06
0.001219 0
0.001236 1e-06
0.001255 1e-06
0.001251 1e-06
0.001262 1e-06
0.001242 1e-06
0.001276 1e-06
0.001247 1e-06
0.001243 1e-06
0.001242 0
0.001245 1e-06
0.001238 1e-06
0.001295 1e-06
0.001293 1e-06
0.001239 1e-06
0.00124 1e-06
0.0013 1e-06
0.001242 1e-06
0.001316 1e-06
0.001246 1e-06
0.001248 1e-06
0.001239 1e-06
0.001261 1e-06
0.001242 1e-06
0.001243 0
0.001246 1e-06
0.001249 2e-06
0.001743 2e-06
0.00147 1e-06
0.001407 1e-06
0.001316 1e-06
0.001242 1e-06
0.001308 1e-06
0.001294 1e-06
0.001232 1e-06
0.001243 1e-06
0.001243 1e-06
0.001241 1e-06
0.001249 1e-06
0.001289 1e-06
0.001241 1e-06
0.001245 1e-06
0.001242 1e-06
0.001286 1e-06
0.001246 0
0.001265 1e-06
0.001243 1e-06
0.001269 1e-06
0.001255 1e-06
0.001245 1e-06
0.001241 1e-06
0.00124 1e-06
0.001294 1e-06
0.001244 1e-06
0.001241 1e-06
0.001242 1e-06
0.001246 1e-06
0.001241 1e-06
0.001242 1e-06
0.00124 1e-06
0.001243 1e-06
0.001269 0
0.00124 1e-06
0.001247 1e-06
0.001247 1e-06
0.001242 1e-06
0.001243 1e-06
0.001252 1e-06
0.001245 1e-06
0.001244 1e-06
0.00125 1e-06
0.001246 0
0.001214 1e-06
0.001095 0
0.001031 1e-06
0.001297 1e-06
0.001254 1e-06
0.001247 1e-06
0.001243 1e-06
0.001248 1e-06
0.001258 1e-06
0.001251 1e-06
0.001384 1e-06
0.001246 1e-06
0.001242 2e-06
0.001329 1e-06
0.001338 1e-06
0.001289 1e-06
0.00124 1e-06
0.001244 1e-06
0.001253 1e-06
0.001284 2e-06
0.001247 1e-06
0.001239 1e-06
0.00124 1e-06
0.001244 1e-06
0.001239 1e-06
0.001234 1e-06
0.001434 1e-06
0.001247 1e-06
0.001255 1e-06
0.001242 1e-06
0.001506 1e-06
