0.001245 7e-06
0.001238 1.1e-05
0.001237 8e-06
0.001243 9e-06
0.001239 9e-06
0.00124 8e-06
0.001283 1.2e-05
0.001247 1.3e-05
0.001298 8e-06
0.001238 1.1e-05
0.001243 8e-06
0.001253 1.2e-05
0.001237 1e-05
0.001236 1.3e-05
0.001246 1.2e-05
0.001297 1.1e-05
0.001239 1.4e-05
0.001246 1.3e-05
0.001279 1.5e-05
0.001255 9e-06
0.001246 8e-06
0.00125 1.2e-05
0.001241 1e-05
0.001248 1e-05
0.00124 9e-06
0.001243 1.1e-05
0.001236 1.3e-05
0.001301 9e-06
0.001245 1.2e-05
0.001244 1e-05
0.001273 1.5e-05
0.001236 1.9e-05
0.00124 8e-06
0.001239 1.2e-05
0.001295 1.4e-05
0.001251 8e-06
0.001252 1e-05
0.00124 1e-05
0.001237 7e-06
0.001245 1.2e-05
0.001246 8e-06
0.001248 1.1e-05
0.001276 9e-06
0.001239 9e-06
0.001241 9e-06
0.001297 1.1e-05
0.001244 1.3e-05
0.001242 1.1e-05
0.001131 1.2e-05
0.001205 7e-06
0.001161 1.3e-05
0.001247 1.3e-05
0.001243 1.1e-05
0.001242 1.3e-05
0.001329 1e-05
0.001239 1e-05
0.001243 1.3e-05
0.001243 6e-06
0.001242 1.2e-05
0.001245 9e-06
0.001244 1.1e-05
0.001243 1e-05
0.001242 1.1e-05
0.001674 9e-06
0.001301 1.6e-05
0.001243 9e-06
0.001242 1.7e-05
0.001254 1.5e-05
0.001237 7e-06
0.001242 1.1e-05
0.001237 1.3e-05
0.001302 1.4e-05
0.00124 1.1e-05
0.001245 1.2e-05
0.001286 1e-05
0.001249 1.3e-05
0.001257 1.7e-05
0.001236 9e-06
0.001282 1e-05
0.001243 9e-06
0.001277 1.5e-05
0.001242 1e-05
0.001332 1.1e-05
0.001246 1.3e-05
0.001249 1e-05
0.001244 1.4e-05
0.001296 1e-05
0.001241 1e-05
0.00129 9e-06
0.001244 9e-06
0.001239 9e-06
0.001231 1.1e-05
0.001237 1.2e-05
0.001246 1e-05
0.001238 1.5e-05
0.001238 1.1e-05
0.001239 9e-06
0.001378 1.3e-05
0.001242 9e-06
0.001343 1.3e-05
0.001241 8e-06
0.001277 8e-06
0.001249 9e-06
0.001247 8e-06
0.001291 1.1e-05
0.001237 1e-05
0.001239 1.2e-05
0.00124 1.4e-05
0.001249 9e-06
0.001247 1.3e-05
0.001243 1e-05
0.001242 1.1e-05
0.001283 1e-05
0.001238 1e-05
0.001327 1.3e-05
0.0013 1e-05
0.001387 1.3e-05
0.001245 6e-06
0.001256 1.4e-05
0.001251 9e-06
0.001236 9e-06
0.001237 1.4e-05
0.00117 8e-06
0.001138 7e-06
0.001031 1.3e-05
0.001297 1.2e-05
0.001236 1.3e-05
0.001238 1.6e-05
0.001277 1e-05
0.001244 1e-05
0.001333 1.1e-05
0.001246 1.3e-05
0.001319 8e-06
0.001247 7e-06
0.001239 8e-06
0.001235 1e-05
0.001238 1.3e-05
0.00124 8e-06
0.001236 9e-06
0.001246 2e-05
0.001245 1e-05
0.001242 8e-06
0.001248 1.1e-05
0.001242 8e-06
0.001252 1e-05
0.001241 1.3e-05
0.001243 8e-06
0.001294 1e-05
0.001282 1e-05
0.001285 1.8e-05
0.001289 1e-05
0.001286 1.3e-05
0.001243 1.3e-05
0.00129 1.3e-05
0.001249 8e-06
0.001295 8e-06
0.001237 1e-05
0.001249 7e-06
0.001297 1.2e-05
0.001251 1.3e-05
0.001246 1.2e-05
0.001329 1.2e-05
0.001246 1.5e-05
0.001241 1.7e-05
0.001259 1e-05
0.001244 1e-05
0.001278 8e-06
0.001239 1.1e-05
0.001273 1e-05
0.001243 8e-06
0.001279 1.1e-05
0.001242 1.6e-05
0.001239 1.2e-05
0.001278 1.4e-05
0.001243 1.5e-05
0.001241 9e-06
0.001235 1.2e-05
0.001243 1e-05
0.001251 7e-06
0.00125 1.7e-05
0.001248 1.4e-05
0.001243 1.1e-05
0.001523 8e-06
0.001279 9e-06
0.001238 9e-06
0.001352 1.4e-05
0.001239 8e-06
0.001244 9e-06
0.001241 9e-06
0.001243 1e-05
0.001242 1.1e-05
0.0013 8e-06
0.001241 1.2e-05
0.001245 1.2e-05
0.001273 1.2e-05
0.001248 1.3e-05
0.001218 1e-05
0.001233 7e-06
0.001079 7e-06
0.001235 1.3e-05
0.001245 8e-06
0.001245 1.1e-05
0.001245 9e-06
0.00124 1.3e-05
0.001241 1.2e-05
0.001243 1.6e-05
0.001241 1.3e-05
0.001242 6e-06
0.001249 1.1e-05
0.001329 1.5e-05
0.001241 1e-05
0.00126 8e-06
0.001237 1e-05
0.001247 1.2e-05
0.001238 1e-05
0.00124 1.1e-05
0.001242 1.2e-05
0.001239 9e-06
0.001246 8e-06
0.001243 8e-06
0.001296 1.1e-05
0.001264 7e-06
0.001245 1.2e-05
0.001314 1.5e-05
0.001291 1.4e-05
0.001252 9e-06
0.00124 1.6e-05
0.001297 1e-05
0.001243 1.5e-05
0.001242 1.4e-05
0.00123 1.1e-05
0.001252 1.1e-05
0.001244 1.4e-05
0.001247 1.2e-05
0.001241 1.2e-05
0.001268 9e-06
0.001246 1.3e-05
0.001234 1e-05
0.001251 1e-05
0.001247 9e-06
0.001248 1.4e-05
0.001248 1e-05
0.001269 1.2e-05
0.001244 1.3e-05
0.001245 9e-06
0.001243 1e-05
0.001659 9e-06
0.001248 9e-06
0.001244 1e-05
0.001299 1.2e-05
0.001243 1.1e-05
0.00126 1.3e-05
0.001241 1.6e-05
0.001243 9e-06
0.001242 1.2e-05
0.001243 9e-06
0.001245 7e-06
0.001246 1.1e-05
0.001242 1.1e-05
0.00129 1.9e-05
0.001348 1.2e-05
0.001304 1e-05
0.001248 1.3e-05
0.001243 1.1e-05
0.001677 1.7e-05
0.001865 1.5e-05
0.00127 1.5e-05
0.001852 1.7e-05
0.001814 1.4e-05
0.001214 1e-05
0.001762 1.5e-05
0.00108 9e-06
0.001246 1.3e-05
0.001243 9e-06
0.001232 1.1e-05
0.001239 1.2e-05
0.001236 1.1e-05
0.001291 1.2e-05
0.001287 1.1e-05
0.001242 1.5e-05
0.001236 1e-05
0.001286 1.2e-05
0.001246 1.4e-05
0.001293 8e-06
0.001244 9e-06
0.00125 9e-06
0.001294 1.3e-05
0.001244 1.1e-05
0.00131 7e-06
0.001245 1.5e-05
0.001288 7e-06
0.001243 1.3e-05
0.001294 9e-06
0.001248 1.4e-05
0.001253 1.2e-05
0.001247 9e-06
0.001242 8e-06
0.00124 1.2e-05
0.001246 1e-05
0.001306 1.3e-05
0.001294 1.1e-05
0.001237 1e-05
0.001247 1.2e-05
0.001249 1.1e-05
0.001241 1.3e-05
0.001248 8e-06
0.001241 1.2e-05
0.001246 1.2e-05
0.001246 1e-05
0.001256 1.2e-05
0.001238 1e-05
0.001242 1e-05
0.001237 1.1e-05
0.001243 1e-05
0.00124 9e-06
0.001247 1.1e-05
0.00126 1e-05
0.00124 8e-06
0.001244 9e-06
0.001254 1.1e-05
0.001239 1.2e-05
0.00126 1.1e-05
0.001247 1.3e-05
0.001261 9e-06
0.001242 7e-06
0.001303 1.1e-05
0.001235 9e-06
0.001245 1.1e-05
0.001237 9e-06
0.00124 1.2e-05
0.001241 1.3e-05
0.001244 1e-05
0.00129 1.2e-05
0.001243 1e-05
0.001291 1.4e-05
0.001241 1.3e-05
0.001243 9e-06
0.001243 1.3e-05
0.001239 1e-05
0.001243 1.4e-05
0.001239 1e-05
0.001247 1.1e-05
0.001242 7e-06
0.001225 1.3e-05
0.001172 6e-06
0.001151 9e-06
0.00103 8e-06
0.001245 1.4e-05
0.001238 1.1e-05
0.001238 1.2e-05
0.001238 1.2e-05
0.001248 9e-06
0.001247 1.1e-05
0.001242 8e-06
0.001242 9e-06
0.001236 8e-06
0.001258 1.1e-05
0.001249 1e-05
0.001236 1.5e-05
0.001244 1.5e-05
0.00124 1.3e-05
0.001247 7e-06
0.001244 8e-06
0.001241 1e-05
0.001251 1.2e-05
0.001243 1.1e-05
0.00124 1.1e-05
0.001246 1.2e-05
0.001287 1.1e-05
0.001242 1e-05
0.001241 1.2e-05
0.001246 1.3e-05
0.001239 1.8e-05
0.00124 1.1e-05
0.001301 1e-05
0.001241 1.4e-05
0.001249 1.3e-05
0.001242 9e-06
0.001241 1e-05
0.00124 1.1e-05
0.001293 1e-05
0.001235 9e-06
0.001245 1.3e-05
0.001238 1e-05
0.001239 8e-06
0.001247 1.1e-05
0.00124 1.2e-05
0.001246 8e-06
0.001241 7e-06
0.001243 1.1e-05
0.001243 1.4e-05
0.001299 1.1e-05
0.001245 1.3e-05
0.00124 1.1e-05
0.001238 1.3e-05
0.001238 1.1e-05
0.001294 8e-06
0.001246 1.1e-05
0.001289 9e-06
0.001246 8e-06
0.001246 1.6e-05
0.00125 1.1e-05
0.001301 1.2e-05
0.00124 1.6e-05
0.0013 8e-06
0.00124 1.3e-05
0.001245 1.3e-05
0.001243 9e-06
0.001247 7e-06
0.001293 1.6e-05
0.001299 8e-06
0.001241 1.2e-05
0.001241 1.2e-05
0.001243 1.1e-05
0.001241 1.1e-05
0.001307 9e-06
0.00124 5e-06
0.001246 1.3e-05
0.001248 8e-06
0.001033 1.2e-05
0.001033 7e-06
0.001028 7e-06
0.001242 1.3e-05
0.001258 1e-05
0.001289 1e-05
0.001303 1.4e-05
0.001241 8e-06
0.001293 1e-05
0.001238 1.3e-05
0.001242 1.1e-05
0.00129 1.5e-05
0.001241 7e-06
0.00125 1.3e-05
0.001246 1.5e-05
0.001296 1.1e-05
0.001285 1.5e-05
0.001244 1.4e-05
0.001263 1.1e-05
0.001247 1.1e-05
0.001284 1.4e-05
0.001291 6e-06
0.001242 1e-05
0.001237 1.2e-05
0.001247 1.2e-05
0.001245 1.5e-05
0.001303 1.3e-05
0.001237 1.5e-05
0.001281 9e-06
0.001237 7e-06
0.001246 7e-06
0.001245 1.1e-05
0.001246 9e-06
0.001249 7e-06
0.001243 1.2e-05
0.001244 1e-05
0.001249 9e-06
0.001248 9e-06
0.001245 1.2e-05
0.001249 1e-05
0.001277 1.1e-05
0.001247 7e-06
0.001253 1.4e-05
0.001238 8e-06
0.001247 8e-06
0.001242 1.3e-05
0.001247 8e-06
0.001247 1.3e-05
0.001237 1.4e-05
0.001235 1.3e-05
0.001253 1.1e-05
0.001288 1.4e-05
0.001323 1.3e-05
0.001259 1.2e-05
0.001264 1e-05
0.001274 1.5e-05
0.001296 1.3e-05
0.001257 9e-06
0.001257 1.5e-05
0.00125 8e-06
0.001244 8e-06
0.001241 1.1e-05
0.001254 1.1e-05
0.001249 1.3e-05
0.001243 8e-06
0.001245 1.2e-05
0.001259 1e-05
0.00129 1e-05
0.001293 1e-05
0.001235 1.2e-05
0.001253 1e-05
0.001238 1.3e-05
0.001256 1.4e-05
0.001242 9e-06
0.001241 8e-06
0.001162 1e-05
0.00122 8e-06
0.001032 5e-06
0.001258 1.3e-05
0.001288 1.1e-05
0.00126 1.3e-05
0.001245 9e-06
0.001265 1.4e-05
0.001243 1.1e-05
0.001264 1.3e-05
0.001253 1.5e-05
0.001247 1e-05
0.001316 1.5e-05
0.001246 1.3e-05
0.001238 1.4e-05
0.001292 1e-05
0.001242 1.9e-05
0.001245 9e-06
0.001249 1e-05
0.001248 1e-05
0.001265 1.3e-05
0.001238 1.2e-05
0.001243 9e-06
0.001245 1.6e-05
0.00124 1.1e-05
0.001241 1.2e-05
0.001236 1e-05
0.001241 9e-06
0.001243 1.1e-05
0.001246 1.1e-05
0.00124 1.4e-05
0.001249 1e-05
0.001235 1.1e-05
0.001239 1.2e-05
0.00124 1e-05
0.001241 1.4e-05
0.001241 8e-06
0.00124 1.1e-05
0.001234 7e-06
0.001247 1.3e-05
0.001298 1.4e-05
0.001244 1.1e-05
0.001249 1.4e-05
0.00124 1.1e-05
0.00124 9e-06
0.001248 1.1e-05
0.001239 1.2e-05
0.001244 9e-06
0.001242 9e-06
0.001245 1.5e-05
0.001242 1.6e-05
0.001238 1e-05
0.001247 1.2e-05
0.001241 7e-06
0.001239 7e-06
0.00124 1e-05
0.001296 1.2e-05
0.001302 1.3e-05
0.001295 6e-06
0.001294 8e-06
0.001242 9e-06
0.001286 7e-06
0.001246 1e-05
0.00124 8e-06
0.001293 9e-06
0.001248 1.5e-05
0.001245 1.2e-05
0.001273 1.1e-05
0.00124 1.2e-05
0.001243 1.3e-05
0.00124 9e-06
0.001242 1.1e-05
0.001234 8e-06
0.001243 1e-05
0.001253 8e-06
0.001164 9e-06
0.001213 5e-06
0.001037 9e-06
0.001217 1.5e-05
0.001302 9e-06
0.001239 1e-05
0.001242 1e-05
0.001298 8e-06
0.001248 6e-06
0.001245 8e-06
0.001316 1.2e-05
0.001246 7e-06
0.001287 1.1e-05
0.001239 7e-06
0.00124 1.6e-05
0.001248 9e-06
0.001245 1.4e-05
0.001237 1e-05
0.001293 1.1e-05
0.001236 7e-06
0.00124 9e-06
0.001239 9e-06
0.001241 1e-05
0.001244 8e-06
0.001241 1.1e-05
0.001234 8e-06
0.001287 1.2e-05
0.001294 1.1e-05
0.001241 1.1e-05
0.001248 8e-06
0.001255 9e-06
0.001246 1.2e-05
0.001247 1.6e-05
0.001251 9e-06
0.00124 1.5e-05
0.001299 8e-06
0.001246 9e-06
0.001239 1.3e-05
0.001236 8e-06
0.00124 1.3e-05
0.001244 1.1e-05
0.001291 1e-05
0.001244 8e-06
0.001243 1.2e-05
0.00129 9e-06
0.001242 1.1e-05
0.001239 1.1e-05
0.001241 1.1e-05
0.001296 1e-05
0.001234 1.4e-05
0.001244 1.1e-05
0.001285 8e-06
0.001242 1e-05
0.001249 1e-05
0.001297 9e-06
0.00124 1e-05
0.001244 1e-05
0.001248 1.3e-05
0.00124 1e-05
0.001236 1.1e-05
0.001239 9e-06
0.001239 8e-06
0.001242 9e-06
0.001237 1e-05
0.001239 8e-06
0.001242 1.1e-05
0.001246 1e-05
0.00124 8e-06
0.001243 1.5e-05
0.001243 1.1e-05
0.001236 1e-05
0.001293 1.3e-05
0.001236 1.1e-05
0.001246 8e-06
0.001239 9e-06
0.001128 8e-06
0.00113 8e-06
0.001063 8e-06
0.001237 8e-06
0.001249 1.3e-05
0.001247 1.2e-05
0.001294 1.4e-05
0.001299 1.2e-05
0.001246 9e-06
0.00125 1e-05
0.001244 1.1e-05
0.001251 7e-06
0.001244 1e-05
0.001295 1e-05
0.001289 1.7e-05
0.001245 1e-05
0.001241 1e-05
0.001243 1.2e-05
0.001246 1.4e-05
0.001246 1.3e-05
0.001255 9e-06
0.001238 1.2e-05
0.001236 1.3e-05
0.001246 8e-06
0.001244 1e-05
0.001315 1e-05
0.001243 8e-06
0.001252 9e-06
0.001248 1.3e-05
0.00125 9e-06
0.001256 9e-06
0.001249 1.5e-05
0.001244 8e-06
0.001245 1.3e-05
0.001299 1.2e-05
0.001245 1.2e-05
0.001245 1.3e-05
0.001234 1.1e-05
0.001333 1.6e-05
0.001246 1.3e-05
0.001243 8e-06
0.001244 1.1e-05
0.001294 1.2e-05
0.001254 7e-06
0.001301 6e-06
0.001244 8e-06
0.001247 1.4e-05
0.001297 9e-06
0.001241 1.5e-05
0.001254 1.3e-05
0.001241 1.1e-05
0.001252 1.1e-05
0.001249 8e-06
0.001299 9e-06
0.001299 8e-06
0.001244 1.3e-05
0.001248 8e-06
0.001241 1.7e-05
0.001245 9e-06
0.00125 1.4e-05
0.001235 7e-06
0.001245 1.1e-05
0.00124 1.5e-05
0.00124 7e-06
0.001235 1.4e-05
0.001287 1.1e-05
0.001247 1.1e-05
0.001246 1.1e-05
0.001251 1.1e-05
0.00124 1.5e-05
0.001258 1.2e-05
0.001245 1.3e-05
0.001256 9e-06
0.001245 1e-05
0.001197 1.2e-05
0.00107 8e-06
0.001144 7e-06
0.001143 9e-06
0.001254 1.6e-05
0.00125 1.8e-05
0.001245 1.1e-05
0.001237 1.2e-05
0.001245 1e-05
0.0013 1.5e-05
0.001241 8e-06
0.001242 9e-06
0.001294 1.2e-05
0.001238 1.2e-05
0.00124 1e-05
0.001294 9e-06
0.001355 6e-06
0.001249 9e-06
0.001237 1e-05
0.001261 1.2e-05
0.001302 1.6e-05
0.001323 8e-06
0.001247 9e-06
0.001293 9e-06
0.001296 1.1e-05
0.001246 1.5e-05
0.001246 1.2e-05
0.001245 1.5e-05
0.001239 1.1e-05
0.001244 1.2e-05
0.001241 8e-06
0.001244 1.3e-05
0.001245 1e-05
0.001242 1.4e-05
0.00124 9e-06
0.001292 1.3e-05
0.001305 9e-06
0.001241 6e-06
0.00124 1.4e-05
0.001243 1.5e-05
0.001241 1.3e-05
0.001248 1.1e-05
0.001245 7e-06
0.001243 1.4e-05
0.001248 7e-06
0.00124 1.5e-05
0.001238 8e-06
0.001248 1.3e-05
0.001237 8e-06
0.001241 9e-06
0.001245 1.4e-05
0.001239 1.1e-05
0.001238 1.6e-05
0.001258 1.6e-05
0.001238 8e-06
0.001233 1.2e-05
0.001248 1e-05
0.001243 1e-05
0.001243 1.3e-05
0.001246 9e-06
0.001235 1.2e-05
0.001288 1.4e-05
0.001258 1e-05
0.001251 9e-06
0.001244 1.4e-05
0.001241 9e-06
0.001245 9e-06
0.001241 8e-06
0.001246 1.2e-05
0.001251 1.1e-05
0.001251 1e-05
0.001296 1.1e-05
0.001287 1.4e-05
0.001244 9e-06
0.001238 1.4e-05
0.00113 8e-06
0.001125 1.2e-05
0.001191 7e-06
0.001111 1e-05
0.001246 1.2e-05
0.001286 1.2e-05
0.001248 1.5e-05
0.001241 1.5e-05
0.001611 1.9e-05
0.001253 1.1e-05
0.001251 6e-06
0.001242 1.7e-05
0.001291 1.3e-05
0.001238 9e-06
0.001257 8e-06
0.001292 9e-06
0.001242 1e-05
0.001258 1.5e-05
0.001286 1.1e-05
0.001316 9e-06
0.001337 1.1e-05
0.001294 1.2e-05
0.001242 9e-06
0.001238 1.1e-05
0.001242 1.6e-05
0.001239 1e-05
0.001288 9e-06
0.001296 1.5e-05
0.001247 9e-06
0.001246 1.3e-05
0.00125 1e-05
0.001241 1.2e-05
0.001241 8e-06
0.001245 1.5e-05
0.001242 1e-05
0.001239 7e-06
0.001238 8e-06
0.001234 1.6e-05
0.001279 1.1e-05
0.001241 7e-06
0.00124 9e-06
0.001239 1.2e-05
0.001242 9e-06
0.001286 1e-05
0.001242 1.2e-05
0.001241 1.2e-05
0.001251 1e-05
0.001238 1.4e-05
0.001241 7e-06
0.001231 1.3e-05
0.001279 1.6e-05
0.001245 1.4e-05
0.001248 8e-06
0.00126 1.5e-05
0.001254 1.2e-05
0.001246 1.3e-05
0.001291 9e-06
0.001238 1.2e-05
0.001244 9e-06
0.00124 9e-06
0.001242 8e-06
0.001289 1.1e-05
0.001282 8e-06
0.001241 1.6e-05
0.001241 1e-05
0.001305 1.6e-05
0.001243 1.5e-05
0.001236 9e-06
0.001239 1.2e-05
0.001234 1.1e-05
0.001238 8e-06
0.001297 9e-06
0.001249 7e-06
0.001245 1.3e-05
0.001284 7e-06
0.001064 9e-06
0.001031 1e-05
0.001019 8e-06
0.001145 1.1e-05
0.001296 9e-06
0.001242 1.2e-05
0.001247 1.5e-05
0.001242 1.3e-05
0.001241 1e-05
0.001242 9e-06
0.001241 1e-05
0.001242 1.2e-05
0.001249 1.1e-05
0.001247 1.3e-05
0.001247 8e-06
0.001301 8e-06
0.001238 1.1e-05
0.001245 1e-05
0.001249 1.1e-05
0.001247 1.4e-05
0.001259 1.5e-05
0.001241 1e-05
0.001242 8e-06
0.001242 1.3e-05
0.001248 1.6e-05
0.001293 1.2e-05
0.001238 1e-05
0.001257 1.5e-05
0.001252 1.7e-05
0.001251 1.2e-05
0.001296 1.2e-05
0.001245 1e-05
0.001249 1.1e-05
0.001242 7e-06
0.001246 1.7e-05
0.00125 1.3e-05
0.001247 1.2e-05
0.00125 1.3e-05
0.001248 8e-06
0.001248 1e-05
0.001239 9e-06
0.001259 8e-06
0.001298 1e-05
0.001243 1.2e-05
0.001244 1e-05
0.001243 1.2e-05
0.001243 7e-06
0.001297 7e-06
0.001241 9e-06
0.001234 1.4e-05
0.001239 8e-06
0.001252 7e-06
0.001251 8e-06
0.001254 1.4e-05
0.001253 1e-05
0.001246 1e-05
0.001299 9e-06
0.001242 1.7e-05
0.001249 9e-06
0.001243 1.4e-05
0.001305 1.4e-05
0.001243 1.2e-05
0.001248 7e-06
0.001243 7e-06
0.001269 1.1e-05
0.001243 8e-06
0.001241 1.4e-05
0.00124 1e-05
0.001242 1.3e-05
0.001272 1e-05
0.001242 1e-05
0.001241 7e-06
0.00124 9e-06
0.001297 1.3e-05
0.001246 1.2e-05
0.0014 9e-06
0.001079 8e-06
0.001035 1.1e-05
0.001259 1.4e-05
0.001239 1.1e-05
0.00124 1e-05
0.001245 1.2e-05
0.001245 1.5e-05
0.001259 8e-06
0.001243 1.2e-05
0.001243 8e-06
0.001239 1.2e-05
0.001247 1.6e-05
0.001237 1.1e-05
0.001246 1.2e-05
0.001248 1.7e-05
0.00133 1.2e-05
0.001253 9e-06
0.001242 8e-06
0.001245 1.2e-05
0.001244 1.9e-05
0.001383 1.4e-05
0.001302 1.1e-05
0.001658 1e-05
0.001252 1.1e-05
0.001248 1e-05
0.001246 2.2e-05
0.001358 1e-05
0.001242 9e-06
0.001293 1.3e-05
0.001242 1.1e-05
0.001244 1e-05
0.001291 9e-06
0.001247 1.6e-05
0.001267 1.2e-05
0.00125 1.1e-05
0.001303 1e-05
0.001239 9e-06
0.001245 1.6e-05
0.001245 1.5e-05
0.001251 9e-06
0.001244 1.3e-05
0.001265 1.1e-05
0.001285 1.1e-05
0.001242 8e-06
0.001236 1.2e-05
0.00124 1e-05
0.00124 1.1e-05
0.001244 8e-06
0.001243 6e-06
0.001264 1e-05
0.001237 9e-06
0.001304 8e-06
0.001246 1.1e-05
0.001243 1.3e-05
0.001243 1.1e-05
0.001243 7e-06
