0.010068 0.000431
0.009366 0.000555
0.009487 0.000264
0.010364 0.000493
0.010314 0.000747
0.011314 0.000656
0.009711 0.000358
0.009347 0.000534
0.009923 0.000306
0.009949 0.000281
0.009171 0.000423
0.009748 0.000751
0.009372 0.000517
0.009727 0.000532
0.009371 0.000367
0.009453 0.000385
0.009407 0.000402
0.009328 0.000165
0.009733 0.00061
0.009303 0.000382
0.009335 0.000614
0.009328 0.000486
0.00975 0.000407
0.009317 0.000378
0.009657 0.000218
0.009678 0.000567
0.009337 0.000394
0.010474 0.000361
0.009971 0.000521
0.009427 0.000328
0.009726 0.000544
0.009555 0.000344
0.009865 0.000208
0.009772 0.000481
0.009769 0.000203
0.009773 0.000256
0.009716 0.00026
0.009342 0.000347
0.009773 0.000666
0.009379 0.000195
0.010544 0.000477
0.009345 0.00031
0.012068 0.000288
0.011712 0.000574
0.009671 0.000288
0.009681 0.000415
0.009332 0.000267
0.009455 0.000475
0.009333 0.000214
0.009736 0.000389
0.009322 0.000515
0.009835 0.000332
0.011539 0.000964
0.010537 0.00017
0.009706 0.00019
0.010371 0.000355
0.009716 0.00023
0.009345 0.000239
0.009273 0.000294
0.009385 0.000546
0.009733 0.000604
0.009403 0.000483
0.009738 0.000197
0.009769 0.000211
0.009962 0.000457
0.009741 0.000284
0.009739 0.000336
0.009739 0.000309
0.008692 0.000584
0.009708 0.000247
0.009695 0.000298
0.009444 0.000248
0.00973 0.000378
0.009341 0.000368
0.00973 0.000434
0.009382 0.000213
0.009332 0.000518
0.009739 0.00054
0.008332 0.000238
0.009758 0.000553
0.009779 0.000457
0.009339 0.000557
0.009728 0.00035
0.009324 0.000248
0.010516 0.000322
0.009704 0.000434
0.009301 0.000604
0.009454 0.000382
0.008156 0.000374
0.010054 0.00037
0.009333 0.000471
0.009381 0.000203
0.009771 0.000373
0.009912 0.000174
0.010541 0.000355
0.009714 0.000122
0.009838 0.000375
0.009359 0.000606
0.008636 0.00027
0.009813 0.000414
0.009421 0.000474
0.009776 0.000441
0.009424 0.000309
0.00981 0.00032
0.009405 0.000307
0.009785 0.000654
0.010525 0.000345
0.009677 0.000267
0.009577 0.000198
0.009655 0.000332
0.00975 0.000303
0.009671 0.000303
0.009603 0.000319
0.010027 0.000417
0.009704 0.000281
0.009696 0.000244
0.009705 0.000187
0.00972 0.000398
0.010257 0.000311
0.012747 0.000674
0.011793 0.000766
0.009695 0.000408
0.009365 0.000439
0.009357 0.000384
0.012493 0.000496
0.009381 0.000313
0.009813 0.000485
0.009229 0.000296
0.009357 0.000268
0.009792 0.000235
0.009776 0.00054
0.009692 0.000275
0.009731 0.000557
0.010466 0.000429
0.009689 0.000554
0.009667 0.000458
0.009297 0.000232
0.009337 0.000431
0.009342 0.000459
0.00974 0.00034
0.009442 0.000389
0.009338 0.000534
0.009758 0.000208
0.009776 0.000335
0.009795 0.000688
0.009779 0.000632
0.009915 0.000303
0.009803 0.000602
0.009387 0.000287
0.009813 0.000414
0.009372 0.000188
0.009763 0.000337
0.009397 0.00069
0.009847 0.000237
0.009393 0.000496
0.009649 0.000564
0.008917 0.000248
0.009718 0.000475
0.010489 0.000281
0.009757 0.000389
0.009384 0.000283
0.0101 0.000338
0.009779 0.000455
0.0082 0.000272
0.008066 0.000205
0.008465 0.000338
0.009985 0.000151
0.009321 0.00034
0.009779 0.000389
0.009654 0.000414
0.009865 0.000436
0.009365 0.000294
0.009348 0.000233
0.009336 0.000319
0.009459 0.000208
0.009787 0.000219
0.009781 0.000292
0.010347 0.000229
0.009956 0.000583
0.009638 0.000287
0.010489 0.000415
0.009673 0.000358
0.009319 0.000241
0.009725 0.000208
0.01056 0.000385
0.0093 0.000374
0.009795 0.000305
0.010455 0.000387
0.010452 0.000295
0.009714 0.000223
0.009296 0.000369
0.009301 0.000374
0.009343 0.000396
0.009321 0.00039
0.010756 0.000308
0.00981 0.000322
0.009804 0.000637
0.009736 0.000534
0.009318 0.000227
0.010493 0.000498
0.009678 0.000242
0.009953 0.000171
0.009389 0.000431
0.009881 0.0002
0.010551 0.00038
0.009801 0.000651
0.010013 0.000399
0.00932 0.00049
0.009319 0.000513
0.009732 0.000475
0.009691 0.000357
0.008361 0.000491
0.009339 0.00031
0.009328 0.000284
0.009777 0.00046
0.010376 0.000196
0.009661 0.000498
0.009875 0.000302
0.009363 0.000269
0.009359 0.000459
0.009692 0.000262
0.009892 0.000509
0.010513 0.000219
0.009395 0.000218
0.009966 0.000545
0.009719 0.000258
0.009695 0.00037
0.009736 0.000434
0.009675 0.000485
0.009793 0.000753
0.009369 0.000202
0.009403 0.000204
0.009734 0.000549
0.009778 0.000605
0.009825 0.000528
0.009333 0.000421
0.009694 0.000378
0.010184 0.000122
0.010098 0.00057
0.010071 0.000567
0.009705 0.000339
0.009901 0.000436
0.00975 0.000308
0.009385 0.000371
0.009324 0.000203
0.009782 0.000495
0.009356 0.000207
0.009786 0.000319
0.009647 0.000553
0.009778 0.000239
0.009478 0.000445
0.009732 0.000338
0.009753 0.000297
0.01031 0.000688
0.009769 0.000469
0.009754 0.000358
0.009313 0.000428
0.00975 0.000386
0.009742 0.000303
0.009787 0.000444
0.009605 0.000426
0.00972 0.000364
0.009739 0.000457
0.009746 0.000324
0.009346 0.000605
0.010499 0.000263
0.009968 0.000385
0.009324 0.000144
0.009738 0.000355
0.009321 0.000355
0.009761 0.000191
0.009802 0.000504
0.009339 0.000395
0.009667 0.000255
0.010567 0.000366
0.009347 0.000364
0.009335 0.000317
0.00975 0.000337
0.009708 0.000232
0.009676 0.000189
0.008908 0.000217
0.009698 0.000412
0.009438 0.000278
0.00976 0.000448
0.009312 0.000354
0.009736 0.000257
0.009764 0.000256
0.009743 0.000346
0.009319 0.000307
0.010465 0.000365
0.009503 0.00045
0.010476 0.000375
0.009306 0.000455
0.010539 0.000203
0.009703 0.000342
0.009294 0.000297
0.009941 0.000516
0.009683 0.00049
0.010012 0.000309
0.009803 0.000613
0.008085 0.000517
0.009773 0.00025
0.009801 0.000364
0.009839 0.000381
0.009987 0.000407
0.009776 0.000666
0.009416 0.000703
0.009398 0.00066
0.0093 0.000387
0.009351 0.000673
0.008024 0.00032
0.009342 0.000611
0.009748 0.000447
0.009281 0.00053
0.009303 0.000393
0.009303 0.000403
0.010517 0.000478
0.009693 0.000357
0.009693 0.000449
0.009689 0.00026
0.009964 0.000341
0.009777 0.000414
0.00939 0.000224
0.009973 0.000332
0.009316 0.000436
0.009325 0.00039
0.009278 0.000418
0.00933 0.000519
0.009336 0.000395
0.009357 0.000225
0.008044 0.000466
0.010528 0.00027
0.009752 0.000431
0.009926 0.000538
0.009673 0.000506
0.009288 0.000422
0.009733 0.000444
0.010114 0.000328
0.010507 0.000411
0.009343 0.000323
0.008223 0.000311
0.009774 0.000576
0.009334 0.000449
0.00971 0.000234
0.009737 0.000518
0.009664 0.000208
0.009275 0.000302
0.009277 0.000379
0.009672 0.000203
0.009299 0.000386
0.00797 0.000465
0.009316 0.000415
0.009776 0.000317
0.009774 0.000476
0.00974 0.000344
0.009697 0.000359
0.009925 0.000431
0.009742 0.000291
0.009713 0.000192
0.009707 0.000325
0.008354 0.000444
0.009725 0.000245
0.00971 0.000503
0.009343 0.000449
0.010475 0.000554
0.00933 0.00033
0.009672 0.000231
0.009725 0.00043
0.00976 0.000395
0.009728 0.000379
0.008339 0.000407
0.009698 0.00043
0.009797 0.000505
0.009339 0.000287
0.009693 0.000349
0.010448 0.000528
0.009908 0.000425
0.009667 0.000294
0.010453 0.000362
0.009932 0.000495
0.008836 0.000339
0.009313 0.000359
0.009643 0.0004
0.010472 0.000266
0.009684 0.000529
0.009316 0.000497
0.009368 0.000236
0.009648 0.000566
0.009657 0.000398
0.009351 0.00051
0.009327 0.000298
0.009284 0.000364
0.009783 0.00066
0.009657 0.000415
0.009694 0.000656
0.012246 0.000439
0.009712 0.000435
0.012164 0.000606
0.00931 0.000398
0.00957 0.000387
0.009331 0.000411
0.009331 0.000452
0.009364 0.000429
0.009746 0.000235
0.009293 0.000333
0.00973 0.000268
0.009278 0.000414
0.009696 0.000351
0.009703 0.000335
0.009733 0.000304
0.009288 0.000162
0.009758 0.000388
0.009728 0.000269
0.009356 0.000269
0.009302 0.000231
0.009703 0.000532
0.009273 0.000303
0.009687 0.000323
0.009701 0.000492
0.009706 0.000356
0.009276 0.000324
0.009717 0.00055
0.009357 0.000402
0.009304 0.000628
0.009321 0.000315
0.010442 0.00031
0.009335 0.000195
0.009316 0.000547
0.009676 0.000515
0.00878 0.000202
0.009283 0.000393
0.009719 0.000398
0.009744 0.000283
0.009734 0.00051
0.009729 0.000421
0.009761 0.000379
0.009291 0.000254
0.009947 0.000337
0.009318 0.000423
0.009355 0.000206
0.00974 0.000234
0.009709 0.000181
0.009764 0.000382
0.009724 0.000192
0.009321 0.0004
0.009697 0.000362
0.009881 0.000194
0.009696 0.00042
0.009342 0.000418
0.010298 0.000313
0.009728 0.000348
0.00936 0.000274
0.009792 0.000394
0.009351 0.000652
0.009327 0.000361
0.009335 0.000355
0.009712 0.00051
0.009743 0.000255
0.009824 0.00054
0.009101 0.00054
0.009773 0.000623
0.00967 0.00048
0.010016 0.000318
0.009715 0.000443
0.009679 0.000326
0.009709 0.000417
0.009703 0.000168
0.009735 0.000415
0.009357 0.000278
0.009069 0.000484
0.009671 0.000339
0.009325 0.000192
0.009655 0.000333
0.009337 0.00059
0.009897 0.000413
0.009735 0.000528
0.009607 0.000461
0.009711 0.000452
0.009744 0.000655
0.008664 0.00028
0.0093 0.000287
0.009763 0.00054
0.010501 0.000325
0.009676 0.00038
0.010487 0.000382
0.010471 0.00031
0.009714 0.000423
0.01046 0.000519
0.009294 0.000267
0.008752 0.000525
0.009728 0.000206
0.009708 0.000425
0.010436 0.00029
0.009701 0.000346
0.009322 0.000264
0.009719 0.000323
0.009652 0.000209
0.009727 0.000419
0.009719 0.000519
0.007989 0.0002
0.0097 0.000288
0.00969 0.00038
0.00969 0.000236
0.010466 0.000396
0.009311 0.000483
0.009311 0.000287
0.009272 0.000354
0.00931 0.000192
0.01039 0.000226
0.008015 0.000229
0.010018 0.000467
0.009746 0.000331
0.009702 0.000514
0.009298 0.000285
0.009328 0.000479
0.009733 0.000538
0.009688 0.000499
0.009319 0.000289
0.009364 0.000318
0.009407 0.000379
0.010497 0.000304
0.009701 0.000161
0.009678 0.00032
0.009307 0.000426
0.009668 0.000269
0.00927 0.00039
0.009753 0.000338
0.009322 0.000562
0.009318 0.000246
0.008584 0.000307
0.009676 0.000322
0.009755 0.000497
0.009666 0.000471
0.009702 0.000359
0.009856 0.000242
0.009717 0.00054
0.00935 0.000197
0.009724 0.000362
0.00969 0.000394
0.008876 0.000309
0.010013 0.000302
0.009411 0.000422
0.009806 0.00031
0.009782 0.00025
0.009733 0.000521
0.009726 0.000417
0.009949 0.000483
0.009334 0.000257
0.009312 0.000391
0.008824 0.000317
0.009576 0.000657
0.010086 0.000428
0.009715 0.000253
0.009674 0.000298
0.00969 0.000526
0.009322 0.000131
0.009906 0.000556
0.009338 0.000386
0.009671 0.000491
0.009212 0.000399
0.009675 0.000283
0.010032 0.000556
0.009724 0.000354
0.00964 0.000721
0.012152 0.000405
0.010507 0.000522
0.009288 0.000205
0.010151 0.000572
0.009487 0.000408
0.009849 0.000607
0.009345 0.000146
0.009981 0.000331
0.009351 0.000472
0.009726 0.000288
0.010715 0.000304
0.009397 0.000285
0.009668 0.000465
0.00972 0.000538
0.009713 0.00022
0.009756 0.0005
0.009774 0.000417
0.009727 0.000449
0.009755 0.000357
0.009362 0.000482
0.009742 0.00061
0.010276 0.000271
0.009295 0.000344
0.009671 0.000297
0.008894 0.00073
0.00934 0.000234
0.009672 0.000644
0.009708 0.00035
0.009302 0.000459
0.009701 0.000552
0.009305 0.000259
0.009745 0.000169
0.009698 0.000455
0.009361 0.000416
0.00859 0.000261
0.009794 0.00038
0.009916 0.000297
0.010536 0.000441
0.009669 0.000367
0.009299 0.000501
0.009652 0.000339
0.009703 0.000252
0.009679 0.000336
0.009686 0.000336
0.009072 0.000273
0.009313 0.000236
0.009674 0.000607
0.009317 0.000409
0.009305 0.000219
0.009658 0.000272
0.010463 0.000286
0.009671 0.000216
0.009298 0.00023
0.009292 0.000581
0.008815 0.000552
0.010065 0.00042
0.009881 0.000192
0.010379 0.000304
0.010863 0.000931
0.011268 0.000659
0.009462 0.0006
0.010526 0.000246
0.009343 0.000601
0.011184 0.000317
0.011007 0.000368
0.009772 0.000303
0.009774 0.000328
0.010602 0.000284
0.009419 0.000191
0.009781 0.000204
0.009317 0.000295
0.009715 0.000343
0.00973 0.000406
0.00986 0.000208
0.009776 0.000248
0.009917 0.000335
0.009517 0.000235
0.009715 0.0004
0.009354 0.000328
0.009983 0.000316
0.010526 0.000653
0.009678 0.000357
0.010492 0.000229
0.009382 0.000397
0.009314 0.000352
0.00953 0.000394
0.009331 0.000226
0.00969 0.000458
0.009308 0.000283
0.009714 0.000409
0.009699 0.000403
0.009321 0.000271
0.009821 0.000445
0.010817 0.000545
0.009447 0.000239
0.009762 0.000289
0.009888 0.000539
0.009428 0.0004
0.009722 0.000134
0.00971 0.000346
0.009773 0.000201
0.009357 0.000521
0.008837 0.000499
0.009362 0.000604
0.010539 0.000286
0.009726 0.000215
0.010445 0.000515
0.01047 0.000383
0.010465 0.000319
0.009669 0.000505
0.010441 0.000356
0.009657 0.000178
0.008993 0.000261
0.009699 0.000503
0.009298 0.00024
0.009955 0.000649
0.009308 0.000468
0.009707 0.000564
0.009398 0.00035
0.00983 0.000277
0.009851 0.000327
0.010017 0.000296
0.009468 0.000407
0.010844 0.000315
0.01017 0.000413
0.009335 0.000526
0.009773 0.000245
0.009341 0.000149
0.009707 0.000436
0.009737 0.000297
0.009645 0.000381
0.009292 0.000312
0.009692 0.000361
0.009668 0.00047
0.009861 0.000397
0.009307 0.000362
0.009792 0.000223
0.009333 0.000628
0.009357 0.000382
0.009323 0.000436
0.00927 0.000581
0.009757 0.000464
0.009728 0.000419
0.009707 0.000342
0.009484 0.000494
0.009371 0.000191
0.009363 0.000377
0.009439 0.000767
0.009719 0.000253
0.009529 0.000515
0.00933 0.00024
0.009334 0.000402
0.009338 0.000256
0.009726 0.000506
0.010469 0.00043
0.009306 0.000518
0.00966 0.000424
0.010502 0.000246
0.009314 0.000408
0.00973 0.000243
0.009765 0.00056
0.009979 0.000378
0.009462 0.000299
0.009701 0.000253
0.009383 0.000271
0.009713 0.000263
0.009865 0.000204
0.009735 0.000204
0.009696 0.000608
0.009308 0.000442
0.009356 0.000323
0.009186 0.000449
0.009307 0.000248
0.009753 0.000489
0.009398 0.000339
0.01326 0.000837
0.010877 0.000464
0.012309 0.000489
0.01137 0.000408
0.010372 0.000307
0.009856 0.000349
0.011696 0.000522
0.010011 0.000441
0.009709 0.000292
0.009773 0.000388
0.009676 0.000533
0.009763 0.000219
0.009676 0.000476
0.009768 0.000508
0.009709 0.000406
0.009668 0.000245
0.009584 0.000261
0.009377 0.000432
0.009707 0.00019
0.010683 0.000525
0.012768 0.000349
0.009974 0.000439
0.009744 0.000284
0.009345 0.000463
0.008806 0.000496
0.009325 0.000289
0.009344 0.000408
0.009327 0.000358
0.009743 0.000418
0.009299 0.000267
0.009312 0.00038
0.00964 0.000434
0.0097 0.000589
0.00973 0.000341
0.008746 0.000382
0.010437 0.000217
0.0094 0.000235
0.009378 0.000488
0.009321 0.000365
0.009293 0.000339
0.010469 0.00021
0.009324 0.000515
0.009709 0.000312
0.00984 0.000218
0.009876 0.000294
0.009568 0.000124
0.010115 0.000402
0.010528 0.000273
0.010187 0.000416
0.009734 0.000521
0.009621 0.000385
0.009722 0.000423
0.009919 0.000252
0.010534 0.000386
0.00951 0.000369
0.009986 0.000377
0.009819 0.000387
0.010021 0.00021
0.00983 0.000288
0.009698 0.000599
0.009895 0.000353
0.009754 0.000421
0.009324 0.000366
0.009784 0.000513
0.010456 0.000295
0.009299 0.00019
0.009569 0.000552
0.009669 0.000469
0.009652 0.000335
0.00967 0.000379
0.010484 0.000629
0.009301 0.000381
0.009771 0.00035
0.009731 0.000372
0.010058 0.000292
0.009331 0.000273
0.00932 0.000399
0.009731 0.000274
0.009725 0.000274
0.009674 0.000243
0.009283 0.000323
0.010457 0.000248
0.009689 0.000374
0.008839 0.000237
0.010431 0.00025
0.009973 0.00032
0.010021 0.000414
0.009297 0.000485
0.009703 0.000376
0.009375 0.000394
0.01071 0.000399
0.009656 0.00067
0.009717 0.000319
0.007907 0.000212
0.010507 0.000947
0.009702 0.000345
0.009275 0.000279
0.009715 0.000462
0.009297 0.00033
0.009667 0.000458
0.009707 0.000514
0.009724 0.000268
0.009683 0.000478
0.00861 0.000161
0.01104 0.00038
0.011014 0.000416
0.009323 0.000397
0.009674 0.000532
0.009298 0.000229
0.00971 0.000311
0.00974 0.000179
0.00926 0.000267
0.009676 0.000489
0.009321 0.000334
0.00929 0.00056
0.009767 0.000259
0.0093 0.000311
0.00966 0.000395
0.009689 0.000293
0.009325 0.000219
0.009351 0.000534
0.009687 0.000226
0.010365 0.000409
0.011741 0.000352
0.012042 0.000438
0.010942 0.000502
0.011357 0.000236
0.010359 0.000419
0.009354 0.000247
0.009336 0.000358
0.009728 0.000237
0.009832 0.00042
0.009926 0.00034
0.009703 0.000391
0.009385 0.000435
0.009731 0.000386
0.009286 0.000364
0.009933 0.000222
0.009687 0.000363
0.009728 0.000469
0.009946 0.000262
0.009934 0.000332
0.00971 0.000234
0.009279 0.000255
0.009863 0.000333
0.009641 0.000535
0.010455 0.000332
0.009283 0.000244
0.009293 0.00043
0.009302 0.00023
0.009675 0.000231
0.009304 0.000442
0.009329 0.000491
0.009718 0.000282
0.010529 0.000305
0.009359 0.000363
0.009685 0.000382
0.009726 0.000566
0.009689 0.000644
0.009406 0.000531
0.009918 0.000295
0.009538 0.000489
0.009365 0.000517
0.00968 0.000209
0.009582 0.000308
0.009712 0.000248
0.0093 0.000276
0.009321 0.00023
0.00967 0.000486
0.009351 0.001199
0.009729 0.00038
0.008952 0.000424
0.009701 0.000239
0.009334 0.000501
0.010498 0.000473
0.009339 0.000251
0.009335 0.000339
0.009674 0.00051
0.009657 0.000551
0.009706 0.000239
0.00933 0.000196
0.008803 0.000344
0.009702 0.000468
0.010443 0.000426
0.00976 0.000333
0.009325 0.000368
0.010444 0.000374
0.009895 0.000373
0.009361 0.000346
0.009316 0.000129
0.009318 0.000465
0.008848 0.000595
0.009936 0.000428
0.009738 0.000175
0.00933 0.000345
0.00974 0.000501
0.010449 0.000395
0.00971 0.000352
0.00931 0.000516
0.009706 0.000471
0.009675 0.000566
0.008668 0.000249
0.009327 0.000697
0.009658 0.000388
0.009372 0.000534
0.009693 0.000341
0.009726 0.000353
0.009394 0.000587
0.009728 0.00031
0.009286 0.000265
0.009731 0.000526
0.007884 0.000434
0.009306 0.000436
0.009309 0.000313
0.009735 0.000624
0.009758 0.0004
0.009651 0.000305
0.009697 0.000379
0.009958 0.000311
0.009711 0.00033
0.009522 0.000306
0.009406 0.000344
0.009999 0.00023
0.009282 0.000198
0.009361 0.00033
0.009277 0.000581
0.009634 0.000183
0.009675 0.000216
0.0093 0.000438
0.009691 0.00043
0.009661 0.000214
0.008983 0.000236
0.009653 0.00037
0.009307 0.000422
0.009301 0.000399
0.009977 0.000277
0.009283 0.000336
0.009324 0.000415
0.009719 0.000374
0.009331 0.000585
0.009297 0.000418
0.008389 0.00038
0.009651 0.000312
0.00963 0.000392
0.009775 0.000145
0.009335 0.000595
0.009309 0.000181
0.009694 0.000306
0.009333 0.000527
0.010435 0.000554
0.009735 0.00028
0.008129 0.000566
0.009648 0.000439
0.009703 0.000231
0.009326 0.000379
0.009293 0.000365
0.010496 0.000358
0.009699 0.000423
0.010459 0.000309
0.010455 0.000547
0.009268 0.000322
