0.004272 1.4e-05
0.004469 1.2e-05
0.004453 1.1e-05
0.004284 1.2e-05
0.004282 1.2e-05
0.004328 1.1e-05
0.00428 1.2e-05
0.004315 8e-06
0.004286 1.9e-05
0.004289 9e-06
0.004279 1.2e-05
0.004294 1.4e-05
0.004275 1.2e-05
0.004464 1.4e-05
0.004445 1.7e-05
0.004464 1.7e-05
0.00428 1.1e-05
0.00459 1e-05
0.004347 9e-06
0.004305 1.2e-05
0.004436 9e-06
0.003797 1e-05
0.004446 1.3e-05
0.004466 1.5e-05
0.004562 1.4e-05
0.004327 1.1e-05
0.00448 1.4e-05
0.004467 1.2e-05
0.004283 1.6e-05
0.004287 1.1e-05
0.004272 1.5e-05
0.004285 1e-05
0.004457 2.1e-05
0.004303 1.4e-05
0.004447 1.2e-05
0.004294 1.1e-05
0.004454 1.6e-05
0.004287 1.3e-05
0.004552 1.6e-05
0.004464 1.3e-05
0.004457 1.8e-05
0.0043 1.1e-05
0.004443 1e-05
0.004455 1.2e-05
0.004279 1e-05
0.004462 1.8e-05
0.00445 1.2e-05
0.004478 1.1e-05
0.004294 1.2e-05
0.004502 9e-06
0.004456 1.2e-05
0.004307 1.6e-05
0.004436 1.4e-05
0.004458 1.3e-05
0.0043 1e-05
0.004472 1e-05
0.004289 9e-06
0.004476 1.2e-05
0.004283 1.2e-05
0.004296 1e-05
0.004303 1.2e-05
0.004299 1.1e-05
0.004273 1.2e-05
0.004295 1.2e-05
0.003931 9e-06
0.004297 1.3e-05
0.004466 1.3e-05
0.004301 1.1e-05
0.004461 1.5e-05
0.004291 1e-05
0.004282 1.1e-05
0.004296 1e-05
0.004274 1.2e-05
0.004464 1.2e-05
0.004285 1.5e-05
0.004472 1.5e-05
0.004282 1.2e-05
0.004805 1e-05
0.004459 1.2e-05
0.004274 1.1e-05
0.004287 1e-05
0.004302 1.4e-05
0.004461 1.5e-05
0.004304 1.1e-05
0.004437 1.4e-05
0.004458 1.1e-05
0.004063 1.1e-05
0.004287 1.1e-05
0.004269 1.3e-05
0.004298 1.2e-05
0.004468 1.3e-05
0.004308 1.2e-05
0.00447 1.1e-05
0.004468 1.7e-05
0.004282 1.4e-05
0.004484 1.2e-05
0.004802 1e-05
0.004294 1.1e-05
0.004335 1e-05
0.00429 2.1e-05
0.00433 1.4e-05
0.004487 1.7e-05
0.004465 1.6e-05
0.004482 1.1e-05
0.004279 1e-05
0.004479 1.6e-05
0.004285 1.2e-05
0.004458 1.3e-05
0.003618 9e-06
0.004478 1.7e-05
0.004295 1.4e-05
0.004484 1.3e-05
0.004457 1e-05
0.004493 1.7e-05
0.004461 1.3e-05
0.004449 1.1e-05
0.004443 1.2e-05
0.004469 1.3e-05
0.004307 9e-06
0.004478 9e-06
0.004277 1.4e-05
0.0043 1.1e-05
0.00428 1.4e-05
0.004797 1.1e-05
0.004287 1.2e-05
0.004313 1.2e-05
0.004273 1e-05
0.004307 1.3e-05
0.00444 1e-05
0.004287 8e-06
0.003614 9e-06
0.004293 1.4e-05
0.004296 1.2e-05
0.004295 1e-05
0.004277 1.6e-05
0.004305 1.1e-05
0.004287 1.2e-05
0.004297 1.3e-05
0.004455 1e-05
0.004302 1.2e-05
0.004282 1e-05
0.004294 1.3e-05
0.004298 1e-05
0.004491 1e-05
0.004295 1.7e-05
0.004307 1.1e-05
0.004277 1e-05
0.004297 1.1e-05
0.004458 1.4e-05
0.004296 1e-05
0.004291 1.1e-05
0.004476 1e-05
0.003757 1e-05
0.004294 1.3e-05
0.004418 1.2e-05
0.004491 1.3e-05
0.004459 1.2e-05
0.004291 1.3e-05
0.004462 1.1e-05
0.004497 1.2e-05
0.004465 1.1e-05
0.004464 1.2e-05
0.00428 1e-05
0.004284 1.2e-05
0.004449 1.7e-05
0.004308 1.1e-05
0.004275 1.5e-05
0.004288 1.1e-05
0.004312 1.5e-05
0.004473 1.5e-05
0.004273 1.2e-05
0.004475 1.4e-05
0.004322 1.2e-05
0.004369 1.3e-05
0.004285 9e-06
0.004461 1.6e-05
0.004456 1.2e-05
0.004305 1.2e-05
0.004282 2.1e-05
0.004516 1.2e-05
0.004284 1.7e-05
0.004291 1.2e-05
0.004454 1.5e-05
0.004814 1.2e-05
0.004516 1.5e-05
0.004341 1e-05
0.004489 1.2e-05
0.004299 1.4e-05
0.004319 1.1e-05
0.004316 1.5e-05
0.004309 1.2e-05
0.004843 1.2e-05
0.00431 1e-05
0.004324 2e-05
0.004324 1.5e-05
0.004261 1e-05
0.004081 1.4e-05
0.004311 1.2e-05
0.004324 2e-05
0.004341 1.5e-05
0.004333 1.2e-05
0.004351 9e-06
0.004475 1.9e-05
0.004334 1.6e-05
0.004473 1.5e-05
0.004281 1.4e-05
0.004299 1.6e-05
0.004518 1.5e-05
0.004483 1e-05
0.004533 1.5e-05
0.004289 1.3e-05
0.004479 1.1e-05
0.00429 1.4e-05
0.004329 1.5e-05
0.004309 1e-05
0.004284 1.2e-05
0.004282 1e-05
0.004019 6e-06
0.004211 1.7e-05
0.004308 1.3e-05
0.004413 1e-05
0.004514 1.3e-05
0.004329 1.1e-05
0.004447 1.6e-05
0.004277 1.6e-05
0.004295 1.6e-05
0.004286 1.5e-05
0.004285 1.1e-05
0.004287 9e-06
0.004277 1.5e-05
0.004282 1.1e-05
0.004281 1.1e-05
0.004274 1.1e-05
0.004288 9e-06
0.004273 1.3e-05
0.004298 1e-05
0.004271 9e-06
0.004307 1.5e-05
0.004459 1.1e-05
0.004024 1.1e-05
0.004554 1.2e-05
0.00445 1.6e-05
0.004302 1.4e-05
0.00431 1.3e-05
0.004472 1.2e-05
0.004606 2e-05
0.004359 1.7e-05
0.00459 1.1e-05
0.004488 1.3e-05
0.004576 1.3e-05
0.004443 1.1e-05
0.004309 1.4e-05
0.004269 1.6e-05
0.004277 1.2e-05
0.004556 1.3e-05
0.004296 1.1e-05
0.004289 1e-05
0.00429 1e-05
0.004299 1.1e-05
0.004281 1.2e-05
0.004448 1e-05
0.003632 1e-05
0.004784 1.3e-05
0.004303 1.2e-05
0.004457 7e-06
0.004457 1.2e-05
0.004273 1.3e-05
0.004327 1.1e-05
0.004275 1.5e-05
0.004479 1e-05
0.00447 1.2e-05
0.00447 1.3e-05
0.004274 1.3e-05
0.004426 1.2e-05
0.004435 8e-06
0.004294 1e-05
0.004281 1.4e-05
0.004336 1.2e-05
0.004461 1.3e-05
0.004296 1.5e-05
0.004445 1e-05
0.004297 1.2e-05
0.004291 1.3e-05
0.003942 7e-06
0.004271 1.7e-05
0.004303 1.3e-05
0.004275 1.7e-05
0.004297 1e-05
0.004289 1.2e-05
0.004296 1.2e-05
0.004492 1.5e-05
0.004471 1.3e-05
0.004292 1.4e-05
0.004325 1.1e-05
0.004453 1.7e-05
0.004453 1.2e-05
0.004289 9e-06
0.004292 1.4e-05
0.004279 1.3e-05
0.004463 1.2e-05
0.004285 1.6e-05
0.004444 1.2e-05
0.004274 1e-05
0.004299 1.5e-05
0.004284 1.2e-05
0.004199 1.1e-05
0.004281 9e-06
0.004286 1.3e-05
0.004453 1.5e-05
0.004293 1e-05
0.004276 1.2e-05
0.004293 1e-05
0.00447 1e-05
0.004281 1e-05
0.004272 1.1e-05
0.004457 1.1e-05
0.004303 1.1e-05
0.004287 1.6e-05
0.004453 1.1e-05
0.004294 1.5e-05
0.004268 1.7e-05
0.00428 1.6e-05
0.004786 1e-05
0.004288 1.1e-05
0.00445 1.2e-05
0.004283 1e-05
0.004463 1.6e-05
0.004275 1.1e-05
0.004834 1.6e-05
0.004288 1.4e-05
0.004289 1.1e-05
0.004464 1.1e-05
0.004465 1.2e-05
0.004464 8e-06
0.00428 1.7e-05
0.004471 1.2e-05
0.004262 1.7e-05
0.004287 1.6e-05
0.004279 1.4e-05
0.004291 1e-05
0.004439 1.2e-05
0.004295 1.1e-05
0.004269 1.1e-05
0.004466 1.1e-05
0.004442 1e-05
0.004282 1.3e-05
0.004459 1.4e-05
0.004326 1e-05
0.004395 9e-06
0.004094 1.3e-05
0.004275 1.1e-05
0.004466 1.2e-05
0.004436 1.3e-05
0.004295 1.5e-05
0.004494 1.3e-05
0.004476 1.2e-05
0.004475 9e-06
0.004478 1.1e-05
0.004458 8e-06
0.004296 9e-06
0.004599 1.2e-05
0.004281 1.6e-05
0.004257 1.4e-05
0.004467 1.5e-05
0.004277 9e-06
0.004289 1.3e-05
0.004313 1.3e-05
0.004295 1.2e-05
0.004456 1.2e-05
0.004538 1.4e-05
0.003997 1.4e-05
0.004488 1.3e-05
0.00445 2e-05
0.004285 1.2e-05
0.004539 1.2e-05
0.004338 1e-05
0.004367 1.5e-05
0.004502 1.5e-05
0.004451 1.5e-05
0.005467 1.9e-05
0.004344 1.9e-05
0.004944 1.3e-05
0.004667 1.8e-05
0.004304 1.7e-05
0.00448 1.7e-05
0.004737 1.6e-05
0.004309 1.7e-05
0.004298 2.9e-05
0.004315 1.9e-05
0.004486 2.1e-05
0.004498 3.2e-05
0.004821 1.4e-05
0.004308 1.7e-05
0.004295 1.7e-05
0.004464 1.1e-05
0.004325 1.3e-05
0.00429 1.6e-05
0.004475 7e-06
0.004276 1e-05
0.004288 1.2e-05
0.004288 9e-06
0.004293 1.2e-05
0.004291 1.4e-05
0.004483 2.1e-05
0.004303 1.3e-05
0.006235 2e-05
0.005195 2.1e-05
0.006215 1.8e-05
0.004663 1.1e-05
0.004594 1.2e-05
0.004298 1e-05
0.004388 1.7e-05
0.004802 1.2e-05
0.004374 1.1e-05
0.00428 1.1e-05
0.004288 1.1e-05
0.004292 1.2e-05
0.004336 1.6e-05
0.00428 1.2e-05
0.004427 1.2e-05
0.004468 2e-05
0.004316 1.2e-05
0.004299 1.4e-05
0.004312 1.3e-05
0.004274 1.6e-05
0.004315 1.2e-05
0.004533 1.5e-05
0.004319 1.3e-05
0.004289 9e-06
0.004461 1.3e-05
0.004283 8e-06
0.00429 1e-05
0.00447 1.6e-05
0.005174 1.5e-05
0.005484 1.5e-05
0.005214 1.3e-05
0.004571 2e-05
0.004544 1.8e-05
0.004317 2.5e-05
0.004316 2.1e-05
0.004297 1.7e-05
0.004321 1.5e-05
0.004288 1.4e-05
0.004329 1.1e-05
0.004292 1.4e-05
0.004595 1.3e-05
0.004282 1.1e-05
0.00447 1e-05
0.005147 9e-06
0.005502 2.2e-05
0.005531 1.1e-05
0.004069 1.7e-05
0.004151 1.3e-05
0.004475 1e-05
0.004432 1.2e-05
0.004295 1.6e-05
0.004276 1.6e-05
0.004688 1.8e-05
0.005233 1.3e-05
0.004309 1.1e-05
0.004304 1.4e-05
0.004332 1.4e-05
0.004451 1.2e-05
0.004288 1.1e-05
0.004441 1.4e-05
0.004291 1.1e-05
0.003954 8e-06
0.003677 1.4e-05
0.003617 8e-06
0.003437 8e-06
0.003424 1.1e-05
0.003809 1e-05
0.003598 1.3e-05
0.004503 1.5e-05
0.00427 1.2e-05
0.004307 1e-05
0.004552 9e-06
0.004466 1.5e-05
0.004284 1e-05
0.004292 1.1e-05
0.004344 1.5e-05
0.0043 1.8e-05
0.004483 1.3e-05
0.004312 9e-06
0.004454 1.3e-05
0.004277 1.1e-05
0.004165 5e-06
0.004077 1.3e-05
0.004262 2.6e-05
0.004287 1e-05
0.004457 9e-06
0.004315 9e-06
0.004599 1.2e-05
0.004296 1.3e-05
0.004665 1.2e-05
0.004281 1.3e-05
0.004284 7e-06
0.004479 1e-05
0.004274 1.8e-05
0.004297 1.7e-05
0.004281 1.1e-05
0.004278 1.5e-05
0.004455 1.1e-05
0.004471 1.3e-05
0.004444 1.3e-05
0.004284 1.2e-05
0.004434 1.1e-05
0.004307 1.3e-05
0.00417 8e-06
0.004313 8e-06
0.004566 1.4e-05
0.004278 1e-05
0.004269 1.3e-05
0.004293 1.6e-05
0.004292 1e-05
0.004465 1e-05
0.004798 1.2e-05
0.004468 1.4e-05
0.004296 1.6e-05
0.004457 1.2e-05
0.004279 1.1e-05
0.004287 1.3e-05
0.004439 1.3e-05
0.004297 1.6e-05
0.004263 1.2e-05
0.004278 1.5e-05
0.004276 1.4e-05
0.004285 1.6e-05
0.004456 1.3e-05
0.004288 2e-05
0.00396 9e-06
0.004335 1.2e-05
0.004289 1.3e-05
0.004535 1.1e-05
0.004438 1e-05
0.004477 1.6e-05
0.004492 1.7e-05
0.004471 9e-06
0.004285 1.2e-05
0.00431 1.1e-05
0.004278 1.5e-05
0.004474 1.4e-05
0.004274 1.8e-05
0.004809 1.5e-05
0.004267 1.2e-05
0.0043 1.2e-05
0.004271 1e-05
0.004306 1e-05
0.004293 1.2e-05
0.004479 1.2e-05
0.004287 1.9e-05
0.004267 1.3e-05
0.003723 9e-06
0.004245 1.6e-05
0.004287 1.2e-05
0.00447 9e-06
0.00427 1.4e-05
0.004508 1.2e-05
0.00432 1.2e-05
0.004475 1.3e-05
0.004279 1.2e-05
0.004437 1.1e-05
0.004461 1.5e-05
0.004292 1e-05
0.004292 8e-06
0.004476 8e-06
0.004272 1.2e-05
0.004462 1.3e-05
0.004286 1.1e-05
0.004329 1.1e-05
0.004278 1.1e-05
0.004298 1.3e-05
0.004287 1.4e-05
0.004453 1e-05
0.003919 1.1e-05
0.004008 1.3e-05
0.004452 2.3e-05
0.004313 1.2e-05
0.004272 1.1e-05
0.00428 1.2e-05
0.004476 1.2e-05
0.004286 9e-06
0.004444 9e-06
0.004458 1.1e-05
0.004281 1e-05
0.004479 1.2e-05
0.004281 1.1e-05
0.004283 1e-05
0.004443 1.4e-05
0.004469 8e-06
0.004266 1.1e-05
0.004301 1.3e-05
0.004447 9e-06
0.004473 1.4e-05
0.00445 1.6e-05
0.00429 1e-05
0.003988 1e-05
0.004379 1.2e-05
0.004282 1.3e-05
0.004291 1.4e-05
0.004458 1.1e-05
0.004467 1.3e-05
0.004295 1.1e-05
0.004462 1.2e-05
0.004389 1.2e-05
0.004292 1.3e-05
0.004685 1.5e-05
0.00447 1.4e-05
0.00429 1.2e-05
0.004309 1.4e-05
0.004309 1.1e-05
0.004471 9e-06
0.004459 1.5e-05
0.004473 1.2e-05
0.004456 1.1e-05
0.0043 1.5e-05
0.004289 1.6e-05
0.004288 9e-06
0.004043 1e-05
0.004468 1.2e-05
0.004275 8e-06
0.004311 1.5e-05
0.004289 1.8e-05
0.004301 1.5e-05
0.004362 2.1e-05
0.004301 1.3e-05
0.004296 1.1e-05
0.004481 1.2e-05
0.004272 1.6e-05
0.004462 1e-05
0.00428 1.5e-05
0.004289 6e-06
0.004454 9e-06
0.004286 8e-06
0.00445 1.5e-05
0.004287 1.3e-05
0.004283 1.6e-05
0.004278 1.2e-05
0.004272 1.6e-05
0.004479 1.5e-05
0.003754 9e-06
0.004318 1.5e-05
0.004292 1.4e-05
0.004282 1.2e-05
0.004275 1.2e-05
0.004491 1.4e-05
0.004286 1.1e-05
0.00448 1.1e-05
0.004277 1.2e-05
0.004285 9e-06
0.004281 1.1e-05
0.004284 1.3e-05
0.004282 1.2e-05
0.004284 1.1e-05
0.00446 1.3e-05
0.004296 1.1e-05
0.004265 1.3e-05
0.004292 1e-05
0.004553 1.3e-05
0.004488 1.2e-05
0.004459 1.3e-05
0.004297 1.2e-05
0.003722 1.1e-05
0.00428 1.3e-05
0.004472 1.4e-05
0.004484 1.4e-05
0.004449 8e-06
0.004465 1.2e-05
0.00431 1.7e-05
0.004277 1.1e-05
0.00444 1e-05
0.004465 1.6e-05
0.004439 1.3e-05
0.004474 1e-05
0.004443 1.2e-05
0.004475 1e-05
0.004446 1.5e-05
0.004444 8e-06
0.004458 1.3e-05
0.004348 1.1e-05
0.004458 1.1e-05
0.004461 1.5e-05
0.004551 1.6e-05
0.004298 1.3e-05
0.003886 1.1e-05
0.004302 1.4e-05
0.004455 1.5e-05
0.004289 1.6e-05
0.00427 1.5e-05
0.004301 1e-05
0.004276 1.1e-05
0.004462 1.3e-05
0.004462 1.1e-05
0.004287 1.7e-05
0.004569 1.6e-05
0.004285 1.4e-05
0.004445 1.2e-05
0.004472 1.3e-05
0.004443 1.3e-05
0.004296 1.3e-05
0.004284 1.2e-05
0.004301 9e-06
0.004267 1.3e-05
0.004461 1.4e-05
0.004454 9e-06
0.004287 1.3e-05
0.003605 1.8e-05
0.004464 1.1e-05
0.004299 8e-06
0.004286 1.3e-05
0.004278 1.2e-05
0.0043 1.9e-05
0.004435 1.1e-05
0.004285 1.2e-05
0.004274 1.8e-05
0.004292 2.1e-05
0.004264 1.5e-05
0.004478 2.6e-05
0.004311 1.2e-05
0.00513 1.2e-05
0.00447 1.4e-05
0.004267 1.1e-05
0.004445 1.1e-05
0.004298 9e-06
0.00427 1.8e-05
0.004463 1.2e-05
0.004438 1.5e-05
0.004485 9e-06
0.003616 1.1e-05
0.004465 1.3e-05
0.004269 1.1e-05
0.004293 1.5e-05
0.004455 1.1e-05
0.004296 1.4e-05
0.004279 1.5e-05
0.004282 1.6e-05
0.004456 1.8e-05
0.004275 1.5e-05
0.004451 1.6e-05
0.004311 1.1e-05
0.004274 1e-05
0.00446 1.5e-05
0.004269 1.2e-05
0.00447 1.1e-05
0.004292 1.3e-05
0.004479 1.4e-05
0.004435 1.2e-05
0.004463 1e-05
0.004292 1.6e-05
0.004421 1.2e-05
0.003648 1.8e-05
0.004475 1.2e-05
0.004329 1.3e-05
0.004291 1.2e-05
0.004506 1.1e-05
0.004304 1.2e-05
0.004298 1.4e-05
0.004298 1.2e-05
0.004467 1e-05
0.004471 1.5e-05
0.004278 1e-05
0.004462 1.3e-05
0.004443 8e-06
0.004284 1.3e-05
0.004569 1e-05
0.004461 1.1e-05
0.00445 1.1e-05
0.004463 1.5e-05
0.004276 1e-05
0.004289 1.2e-05
0.004267 1.4e-05
0.004468 8e-06
0.004462 1.3e-05
0.004492 1.5e-05
0.004668 1.2e-05
0.004676 1.8e-05
0.006435 1.8e-05
0.00634 2.4e-05
0.004872 1.3e-05
0.004467 8e-06
0.004293 1.4e-05
0.00429 1.1e-05
0.004455 1.4e-05
0.004289 1.5e-05
0.004456 1.2e-05
0.004308 8e-06
0.004266 1.1e-05
0.004356 1.2e-05
0.00445 9e-06
0.004466 1.1e-05
0.004325 1.5e-05
0.004471 1.2e-05
0.003627 1.2e-05
0.004298 8e-06
0.004705 1.3e-05
0.004864 2e-05
0.004583 2.2e-05
0.006256 1.8e-05
0.006127 1.7e-05
0.0043 1.6e-05
0.004278 1.3e-05
0.004473 1.1e-05
0.004294 1.4e-05
0.004303 1.1e-05
0.004269 1.4e-05
0.004277 1.3e-05
0.004269 1.6e-05
0.004451 9e-06
0.004261 1.4e-05
0.004291 1e-05
0.004277 1.2e-05
0.004579 1.2e-05
0.004234 1e-05
0.004323 1e-05
0.004505 1.1e-05
0.004468 1.2e-05
0.004284 1.2e-05
0.004302 1.5e-05
0.004307 1e-05
0.004448 9e-06
0.004486 9e-06
0.004453 1.2e-05
0.004256 9e-06
0.004285 1.2e-05
0.004311 9e-06
0.004329 8e-06
0.004447 1.3e-05
0.004274 1e-05
0.004277 1.1e-05
0.004293 8e-06
0.004271 1.2e-05
0.004289 1.3e-05
0.004803 1.8e-05
0.004477 1.2e-05
0.00376 1.2e-05
0.004297 1e-05
0.004274 1.1e-05
0.004278 9e-06
0.004453 1.2e-05
0.004305 1.4e-05
0.004442 1.3e-05
0.004582 9e-06
0.004272 1.3e-05
0.004301 1.2e-05
0.004281 1.2e-05
0.004295 1e-05
0.004287 1.3e-05
0.004296 1.2e-05
0.004269 1.1e-05
0.004471 1.7e-05
0.004455 1.2e-05
0.004473 1.3e-05
0.004275 1e-05
0.004474 1.4e-05
0.004446 1.4e-05
0.004294 1e-05
0.00406 8e-06
0.004574 1e-05
0.004451 1.3e-05
0.00433 1.9e-05
0.004461 2e-05
0.004507 1.9e-05
0.004466 1.6e-05
0.004286 9e-06
0.004468 1.8e-05
0.00428 9e-06
0.004461 1.8e-05
0.00431 1.6e-05
0.004287 1.4e-05
0.004289 1.2e-05
0.004266 1.1e-05
0.004465 8e-06
0.004445 1.2e-05
0.004455 1.2e-05
0.004831 1.3e-05
0.004298 1e-05
0.004457 1.5e-05
0.004461 9e-06
0.003559 1e-05
0.004326 1.4e-05
0.004564 1.9e-05
0.004287 1.1e-05
0.004269 1.7e-05
0.00431 1.4e-05
0.004462 1.3e-05
0.004485 1.1e-05
0.004457 1.2e-05
0.004583 1e-05
0.00449 1.2e-05
0.004873 1.4e-05
0.004295 1.4e-05
0.004287 1.6e-05
0.004277 1.1e-05
0.004291 1.1e-05
0.004294 1e-05
0.004293 1.1e-05
0.004366 1.3e-05
0.004287 1.4e-05
0.004274 1.1e-05
0.004483 1.1e-05
0.003722 1.2e-05
0.004812 1e-05
0.004274 1e-05
0.004466 1.5e-05
0.004465 1.4e-05
0.004836 1.4e-05
0.004459 1.1e-05
0.004298 1.6e-05
0.004278 1.5e-05
0.005022 2.2e-05
0.00594 1.5e-05
0.004784 1.1e-05
0.004286 1.6e-05
0.004469 1.4e-05
0.004278 1.8e-05
0.004463 1.4e-05
0.004268 1.4e-05
0.004287 1.3e-05
0.004462 1e-05
0.004291 9e-06
0.004464 1.4e-05
0.003915 8e-06
0.004274 1.3e-05
0.004473 1.7e-05
0.004456 1e-05
0.004295 1.3e-05
0.004466 1.2e-05
0.004297 1.7e-05
0.004449 1.1e-05
0.004492 1.2e-05
0.004445 1.2e-05
0.0043 1.7e-05
0.004532 1.3e-05
0.004396 1.2e-05
0.004277 1.3e-05
0.004294 1.2e-05
0.004301 1.7e-05
0.004499 1.2e-05
0.004825 1.4e-05
0.004277 1.7e-05
0.00445 1e-05
0.004285 1e-05
0.004272 1e-05
0.003647 1.2e-05
0.004283 1.1e-05
0.004475 1.2e-05
0.004317 1.2e-05
0.004296 1.6e-05
0.004478 1.5e-05
0.004317 8e-06
0.004285 1.6e-05
0.004285 1.4e-05
0.004282 1.2e-05
0.004293 1.3e-05
0.004563 1.2e-05
0.004285 1.6e-05
0.004492 1.7e-05
0.004475 1.2e-05
0.004449 1.3e-05
0.004502 1.5e-05
0.004458 9e-06
0.004297 1e-05
0.004274 1.1e-05
0.00428 1.5e-05
0.004273 1e-05
0.00396 1.4e-05
0.004283 1.3e-05
0.004507 1e-05
0.004334 1.1e-05
0.004292 1.4e-05
0.004311 1.5e-05
0.004311 1.6e-05
0.004278 1.3e-05
0.0043 1.6e-05
0.004274 1.1e-05
0.004277 1.4e-05
0.004264 1e-05
0.004455 1e-05
0.004287 1.1e-05
0.004468 1.1e-05
0.004263 1.6e-05
0.004293 1.3e-05
0.004268 9e-06
0.004287 1.4e-05
0.004276 1.7e-05
0.004288 1.6e-05
0.004137 1.1e-05
0.003993 1.3e-05
0.004271 1e-05
0.004297 1.1e-05
0.004454 1.4e-05
0.004471 1.1e-05
0.004283 1e-05
0.004285 1e-05
0.004267 1.6e-05
0.004314 1.7e-05
0.004281 1.2e-05
0.004275 1.2e-05
0.004289 1.3e-05
0.004286 1.4e-05
