0.050023 2e-06
0.0453 3e-06
0.050048 1e-06
0.049373 3e-06
0.044553 2e-06
0.046519 2e-06
0.050122 2e-06
0.048417 3e-06
0.050195 2e-06
0.042724 3e-06
0.041701 2e-06
0.040988 2e-06
0.041303 3e-06
0.038057 3e-06
0.037828 3e-06
0.054709 4e-06
0.038067 2e-06
0.040828 7e-06
0.040667 2e-06
0.040819 3e-06
0.037753 2e-06
0.037775 3e-06
0.040856 2e-06
0.040737 1e-06
0.040455 2e-06
0.037948 3e-06
0.041422 2e-06
0.043092 2e-06
0.04356 2e-06
0.040938 2e-06
0.04131 2e-06
0.04085 2e-06
0.039017 2e-06
0.039144 1e-06
0.037473 2e-06
0.038222 2e-06
0.040783 2e-06
0.038167 5e-06
0.037778 2e-06
0.039762 1e-06
0.037836 2e-06
0.041902 2e-06
0.039122 2e-06
0.03854 3e-06
0.038312 2e-06
0.041138 3e-06
0.038402 2e-06
0.04113 3e-06
0.03842 2e-06
0.042146 1e-06
0.040296 4e-06
0.045784 3e-06
0.045099 2e-06
0.039807 3e-06
0.04493 4e-06
0.04206 2e-06
0.039076 2e-06
0.039334 2e-06
0.038439 1e-06
0.035917 2e-06
0.040916 3e-06
0.040788 3e-06
0.038383 2e-06
0.04001 2e-06
0.041267 2e-06
0.040492 1e-06
0.040224 2e-06
0.038827 2e-06
0.038782 2e-06
0.039587 2e-06
0.038034 4e-06
0.041014 3e-06
0.043667 3e-06
0.04137 3e-06
0.041057 2e-06
0.037954 2e-06
0.046717 3e-06
0.05576 2e-06
0.052153 2e-06
0.051715 3e-06
0.053865 2e-06
0.054889 2e-06
0.041699 2e-06
0.039585 3e-06
0.042004 2e-06
0.042414 2e-06
0.041274 2e-06
0.03759 2e-06
0.037793 1e-06
0.040811 2e-06
0.041573 3e-06
0.038917 3e-06
0.041006 2e-06
0.04123 1e-06
0.038715 2e-06
0.038257 3e-06
0.038128 2e-06
0.038072 2e-06
0.041473 1e-06
0.041384 3e-06
0.039155 4e-06
0.039254 2e-06
0.037947 1e-06
0.039118 4e-06
0.040004 2e-06
0.039682 3e-06
0.044286 3e-06
0.042574 2e-06
0.037416 3e-06
0.041522 2e-06
0.041616 2e-06
0.04101 2e-06
0.036833 2e-06
0.040917 1e-06
0.040757 2e-06
0.040778 2e-06
0.041732 3e-06
0.041351 2e-06
0.040927 1e-06
0.038196 2e-06
0.040869 3e-06
0.037812 2e-06
0.040855 3e-06
0.042441 2e-06
0.036414 1e-06
0.040572 1e-06
0.037874 2e-06
0.041232 2e-06
0.041107 2e-06
0.046805 2e-06
0.04048 3e-06
0.038152 2e-06
0.040781 1e-06
0.041087 1e-06
0.037765 2e-06
0.035964 2e-06
0.040728 2e-06
0.040628 2e-06
0.037797 2e-06
0.040711 2e-06
0.041096 2e-06
0.041289 2e-06
0.039285 1e-06
0.040502 3e-06
0.039392 3e-06
0.037785 2e-06
0.037953 2e-06
0.038554 1e-06
0.035839 2e-06
0.039029 2e-06
0.040704 2e-06
0.040727 3e-06
0.040739 2e-06
0.040327 4e-06
0.037965 1e-06
0.040763 2e-06
0.038797 2e-06
0.040708 2e-06
0.040796 2e-06
0.039546 2e-06
0.041114 2e-06
0.040214 2e-06
0.04024 2e-06
0.037884 1e-06
0.039573 3e-06
0.041289 3e-06
0.037974 2e-06
0.040765 3e-06
0.041292 2e-06
0.041006 3e-06
0.038149 2e-06
0.040242 2e-06
0.041189 2e-06
0.041079 2e-06
0.040966 3e-06
0.040968 2e-06
0.040666 3e-06
0.038155 2e-06
0.037947 1e-06
0.040924 1e-06
0.040914 1e-06
0.041233 2e-06
0.038329 2e-06
0.041741 2e-06
0.038679 1e-06
0.038679 2e-06
0.037301 2e-06
0.038062 3e-06
0.038967 4e-06
0.039161 5e-06
0.038002 2e-06
0.040902 2e-06
0.047458 3e-06
0.042029 4e-06
0.03955 3e-06
0.037286 2e-06
0.038798 2e-06
0.042426 2e-06
0.042188 1e-06
0.039656 3e-06
0.037704 3e-06
0.038861 2e-06
0.037844 1e-06
0.038772 1e-06
0.043153 3e-06
0.037263 2e-06
0.037816 2e-06
0.04077 2e-06
0.038893 3e-06
0.037402 2e-06
0.037099 2e-06
0.040845 3e-06
0.037917 2e-06
0.037827 2e-06
0.040676 1e-06
0.04089 3e-06
0.038302 2e-06
0.03813 2e-06
0.040893 2e-06
0.038839 3e-06
0.04141 4e-06
0.041382 2e-06
0.038923 3e-06
0.037171 2e-06
0.038234 2e-06
0.038305 2e-06
0.038853 2e-06
0.03903 2e-06
0.036813 2e-06
0.041598 3e-06
0.048121 1e-06
0.038475 2e-06
0.038246 3e-06
0.037022 2e-06
0.041051 2e-06
0.04051 2e-06
0.041493 2e-06
0.0396 5e-06
0.04139 2e-06
0.038075 2e-06
0.038199 3e-06
0.039593 2e-06
0.041424 1e-06
0.038132 3e-06
0.041545 3e-06
0.04138 3e-06
0.041794 3e-06
0.041071 1e-06
0.037297 2e-06
0.043416 3e-06
0.042189 3e-06
0.041712 2e-06
0.042814 3e-06
0.037196 3e-06
0.040857 2e-06
0.0398 1e-06
0.041484 2e-06
0.041467 2e-06
0.040874 2e-06
0.038158 3e-06
0.038994 3e-06
0.046515 3e-06
0.040761 2e-06
0.037815 2e-06
0.047791 4e-06
0.039335 2e-06
0.039138 2e-06
0.037868 2e-06
0.036742 1e-06
0.03902 2e-06
0.041249 3e-06
0.041276 2e-06
0.042306 3e-06
0.039953 2e-06
0.040755 2e-06
0.041139 2e-06
0.043577 4e-06
0.038707 2e-06
0.040235 2e-06
0.041204 2e-06
0.048838 3e-06
0.049179 2e-06
0.041357 3e-06
0.042998 2e-06
0.04014 3e-06
0.037613 2e-06
0.040277 3e-06
0.038828 4e-06
0.041603 2e-06
0.040975 2e-06
0.037327 2e-06
0.041556 2e-06
0.038559 4e-06
0.04175 3e-06
0.042587 2e-06
0.03798 3e-06
0.039173 2e-06
0.041345 3e-06
0.045908 3e-06
0.042711 2e-06
0.042482 3e-06
0.039267 3e-06
0.041353 1e-06
0.039097 2e-06
0.038315 4e-06
0.041021 2e-06
0.037942 2e-06
0.040752 1e-06
0.040831 2e-06
0.040675 2e-06
0.042297 2e-06
0.03867 3e-06
0.03773 2e-06
0.040791 2e-06
0.041559 2e-06
0.038416 1e-06
0.03834 2e-06
0.040812 2e-06
0.037723 5e-06
0.040739 2e-06
0.040693 2e-06
0.041308 1e-06
0.038758 2e-06
0.038654 1e-06
0.040662 2e-06
0.037855 3e-06
0.038693 1e-06
0.0407 2e-06
0.035872 3e-06
0.040694 2e-06
0.037811 2e-06
0.037885 1e-06
0.040664 1e-06
0.037778 2e-06
0.03824 2e-06
0.038372 2e-06
0.038815 2e-06
0.038197 2e-06
0.040822 1e-06
0.04119 2e-06
0.041032 1e-06
0.039411 2e-06
0.037902 2e-06
0.03789 2e-06
0.037933 2e-06
0.040826 1e-06
0.038201 2e-06
0.038055 3e-06
0.040843 2e-06
0.037946 2e-06
0.037979 2e-06
0.038003 2e-06
0.040771 3e-06
0.037831 2e-06
0.038955 2e-06
0.038876 2e-06
0.040758 2e-06
0.037843 3e-06
0.038727 2e-06
0.037373 2e-06
0.041083 2e-06
0.040894 1e-06
0.040755 3e-06
0.040834 2e-06
0.040819 3e-06
0.038303 2e-06
0.040638 2e-06
0.039155 2e-06
0.040771 2e-06
0.040747 2e-06
0.04107 1e-06
0.042693 2e-06
0.038812 1e-06
0.038027 1e-06
0.040709 1e-06
0.041296 1e-06
0.038593 1e-06
0.037436 2e-06
0.037902 2e-06
0.037804 1e-06
0.040495 4e-06
0.041051 3e-06
0.040759 2e-06
0.038016 2e-06
0.040774 2e-06
0.03713 2e-06
0.041803 1e-06
0.040679 2e-06
0.040758 2e-06
0.040631 2e-06
0.037937 1e-06
0.038823 1e-06
0.040761 2e-06
0.040808 1e-06
0.040757 2e-06
0.038698 2e-06
0.041137 1e-06
0.037783 2e-06
0.037153 2e-06
0.040998 2e-06
0.037817 2e-06
0.040534 2e-06
0.037675 2e-06
0.039641 2e-06
0.040821 1e-06
0.036958 2e-06
0.03805 2e-06
0.040684 2e-06
0.040501 2e-06
0.038356 2e-06
0.040707 1e-06
0.040712 3e-06
0.040807 3e-06
0.038528 2e-06
0.045328 2e-06
0.038538 2e-06
0.038301 2e-06
0.041155 2e-06
0.037863 1e-06
0.037931 2e-06
0.040802 2e-06
0.038909 2e-06
0.038683 2e-06
0.03786 2e-06
0.040731 3e-06
0.038136 3e-06
0.037761 2e-06
0.038827 2e-06
0.040661 2e-06
0.039617 2e-06
0.037813 2e-06
0.040641 2e-06
0.038635 2e-06
0.040494 3e-06
0.038648 2e-06
0.03955 2e-06
0.037768 2e-06
0.031081 2e-06
0.037815 2e-06
0.036601 2e-06
0.038727 2e-06
0.03768 2e-06
0.039349 1e-06
0.037922 1e-06
0.037888 3e-06
0.038271 3e-06
0.040814 2e-06
0.039606 2e-06
0.037927 2e-06
0.040941 1e-06
0.040809 2e-06
0.038704 2e-06
0.036011 3e-06
0.040699 1e-06
0.038591 3e-06
0.038983 4e-06
0.040872 2e-06
0.040671 4e-06
0.041382 3e-06
0.03882 2e-06
0.036872 2e-06
0.037736 1e-06
0.040715 1e-06
0.041012 2e-06
0.038841 1e-06
0.044379 6e-06
0.047787 3e-06
0.040458 3e-06
0.039596 2e-06
0.040837 2e-06
0.040507 3e-06
0.037858 1e-06
0.038609 3e-06
0.038525 2e-06
0.041736 3e-06
0.046131 1e-06
0.03775 2e-06
0.03892 2e-06
0.041051 3e-06
0.041636 2e-06
0.039464 2e-06
0.040821 1e-06
0.037791 3e-06
0.03799 4e-06
0.037778 2e-06
0.039644 2e-06
0.037956 2e-06
0.040947 2e-06
0.037895 2e-06
0.039268 1e-06
0.038074 2e-06
0.041162 1e-06
0.04077 1e-06
0.04046 2e-06
0.040977 2e-06
0.041187 2e-06
0.038534 1e-06
0.041024 1e-06
0.037358 1e-06
0.041009 1e-06
0.039872 3e-06
0.04211 3e-06
0.040755 2e-06
0.037311 2e-06
0.040722 2e-06
0.037756 2e-06
0.040819 2e-06
0.040758 1e-06
0.040445 2e-06
0.038678 3e-06
0.037788 2e-06
0.038556 4e-06
0.046947 2e-06
0.040843 2e-06
0.041977 3e-06
0.0409 2e-06
0.038709 3e-06
0.038262 1e-06
0.037722 3e-06
0.041117 2e-06
0.037844 1e-06
0.038858 2e-06
0.038167 1e-06
0.037775 2e-06
0.038815 2e-06
0.037853 2e-06
0.040141 1e-06
0.039026 2e-06
0.037852 2e-06
0.036022 2e-06
0.040818 3e-06
0.040765 3e-06
0.041179 3e-06
0.040683 2e-06
0.03948 4e-06
0.037861 2e-06
0.038873 3e-06
0.041547 2e-06
0.037849 2e-06
0.036601 2e-06
0.038841 1e-06
0.038029 2e-06
0.037877 2e-06
0.038893 2e-06
0.040707 2e-06
0.040978 3e-06
0.040761 2e-06
0.038251 2e-06
0.037748 2e-06
0.040817 2e-06
0.038261 3e-06
0.038761 2e-06
0.03601 3e-06
0.040791 1e-06
0.040917 2e-06
0.040763 4e-06
0.038857 2e-06
0.037616 3e-06
0.042328 2e-06
0.040734 2e-06
0.040868 2e-06
0.038744 1e-06
0.040607 2e-06
0.039052 1e-06
0.040741 2e-06
0.039825 3e-06
0.039068 1e-06
0.037884 1e-06
0.041461 2e-06
0.0377 2e-06
0.038695 3e-06
0.038872 3e-06
0.040782 4e-06
0.040763 2e-06
0.041152 2e-06
0.040426 2e-06
0.03891 3e-06
0.037876 3e-06
0.040802 1e-06
0.040744 3e-06
0.037883 1e-06
0.040881 3e-06
0.037941 3e-06
0.036229 2e-06
0.041033 2e-06
0.041171 2e-06
0.03971 1e-06
0.038202 2e-06
0.038744 2e-06
0.038195 2e-06
0.04191 3e-06
0.040816 2e-06
0.038896 2e-06
0.041182 2e-06
0.039218 2e-06
0.038741 2e-06
0.041293 3e-06
0.038122 2e-06
0.038716 2e-06
0.039058 2e-06
0.038877 2e-06
0.038247 2e-06
0.037986 2e-06
0.038701 2e-06
0.040823 1e-06
0.041496 2e-06
0.035896 2e-06
0.042008 1e-06
0.040987 2e-06
0.038327 3e-06
0.036717 3e-06
0.040639 2e-06
0.040765 1e-06
0.038071 2e-06
0.042514 3e-06
0.04089 1e-06
0.03796 2e-06
0.037962 2e-06
0.040906 1e-06
0.038688 2e-06
0.04079 1e-06
0.036514 3e-06
0.040776 3e-06
0.038761 1e-06
0.036926 3e-06
0.037963 1e-06
0.038269 2e-06
0.038129 2e-06
0.038437 2e-06
0.038254 2e-06
0.038548 3e-06
0.038879 2e-06
0.037568 2e-06
0.0408 2e-06
0.03784 2e-06
0.04087 2e-06
0.040801 2e-06
0.04454 2e-06
0.049996 2e-06
0.042071 2e-06
0.050034 2e-06
0.037863 2e-06
0.040939 2e-06
0.038525 2e-06
0.036996 2e-06
0.037884 1e-06
0.040894 1e-06
0.040924 2e-06
0.041026 1e-06
0.037593 2e-06
0.038246 1e-06
0.038893 2e-06
0.040595 3e-06
0.040756 1e-06
0.040807 4e-06
0.04091 2e-06
0.037899 2e-06
0.039228 2e-06
0.037861 1e-06
0.0378 1e-06
0.040762 2e-06
0.038691 2e-06
0.0374 2e-06
0.039371 2e-06
0.039013 2e-06
0.0408 2e-06
0.037832 3e-06
0.037762 2e-06
0.040796 1e-06
0.040735 3e-06
0.035727 2e-06
0.040788 2e-06
0.037746 2e-06
0.040746 2e-06
0.037854 2e-06
0.040257 2e-06
0.038006 1e-06
0.03857 2e-06
0.040574 6e-06
0.037818 2e-06
0.037781 2e-06
0.040988 1e-06
0.038869 2e-06
0.039089 2e-06
0.040745 2e-06
0.040696 2e-06
0.041273 3e-06
0.038812 1e-06
0.039477 4e-06
0.038555 2e-06
0.04075 2e-06
0.03942 3e-06
0.041534 2e-06
0.040335 2e-06
0.037913 2e-06
0.038585 1e-06
0.040847 1e-06
0.040661 2e-06
0.035704 2e-06
0.037735 2e-06
0.037855 2e-06
0.040751 2e-06
0.040697 2e-06
0.041001 2e-06
0.038752 2e-06
0.036921 2e-06
0.041107 2e-06
0.036426 2e-06
0.041002 1e-06
0.040696 2e-06
0.03444 2e-06
0.038773 2e-06
0.037711 2e-06
0.037887 2e-06
0.037879 3e-06
0.040662 2e-06
0.040974 1e-06
0.040936 2e-06
0.040335 2e-06
0.037795 1e-06
0.037775 2e-06
0.040999 2e-06
0.040722 2e-06
0.039314 2e-06
0.040781 1e-06
0.037698 2e-06
0.040998 2e-06
0.040734 1e-06
0.038868 3e-06
0.040687 2e-06
0.040996 2e-06
0.040592 3e-06
0.037842 2e-06
0.038708 2e-06
0.040232 3e-06
0.038904 2e-06
0.037966 1e-06
0.038705 1e-06
0.040358 2e-06
0.040992 2e-06
0.039042 2e-06
0.039562 1e-06
0.038779 1e-06
0.040832 2e-06
0.040897 1e-06
0.040795 2e-06
0.039594 2e-06
0.041674 2e-06
0.037936 2e-06
0.037948 2e-06
0.037826 2e-06
0.040055 2e-06
0.037916 1e-06
0.04151 3e-06
0.041322 3e-06
0.04097 3e-06
0.040813 2e-06
0.040889 2e-06
0.040728 2e-06
0.042585 2e-06
0.044861 2e-06
0.040757 4e-06
0.04132 3e-06
0.038888 1e-06
0.036594 2e-06
0.037952 1e-06
0.04119 3e-06
0.04078 2e-06
0.037708 3e-06
0.039353 3e-06
0.041104 2e-06
0.040828 2e-06
0.04089 3e-06
0.039116 3e-06
0.041008 3e-06
0.041051 2e-06
0.040974 2e-06
0.042275 3e-06
0.037825 3e-06
0.040699 2e-06
0.039267 2e-06
0.040846 2e-06
0.038348 2e-06
0.037947 2e-06
0.040773 3e-06
0.041318 2e-06
0.041061 2e-06
0.040021 3e-06
0.04075 2e-06
0.040736 1e-06
0.041906 3e-06
0.041342 2e-06
0.03791 3e-06
0.04048 2e-06
0.040995 1e-06
0.038883 1e-06
0.03934 3e-06
0.036618 4e-06
0.040822 2e-06
0.042108 3e-06
0.039774 2e-06
0.040796 2e-06
0.03978 2e-06
0.038065 1e-06
0.037923 2e-06
0.039091 2e-06
0.038725 3e-06
0.038837 3e-06
0.041247 3e-06
0.041141 2e-06
0.036511 3e-06
0.039198 2e-06
0.040625 2e-06
0.038094 2e-06
0.040734 2e-06
0.038499 2e-06
0.040909 1e-06
0.037824 2e-06
0.040671 2e-06
0.038632 1e-06
0.038643 2e-06
0.038077 2e-06
0.037849 3e-06
0.036729 2e-06
0.040726 2e-06
0.04063 1e-06
0.036503 3e-06
0.039587 2e-06
0.041754 3e-06
0.040961 1e-06
0.040714 2e-06
0.037899 2e-06
0.040785 3e-06
0.041459 2e-06
0.038742 2e-06
0.040807 1e-06
0.04077 4e-06
0.04102 3e-06
0.040646 1e-06
0.038358 2e-06
0.038626 1e-06
0.037661 2e-06
0.038889 1e-06
0.0408 2e-06
0.041102 3e-06
0.037814 2e-06
0.03761 3e-06
0.03888 2e-06
0.037925 2e-06
0.037775 2e-06
0.038095 2e-06
0.040795 3e-06
0.042056 3e-06
0.050121 2e-06
0.047579 3e-06
0.047201 2e-06
0.048214 2e-06
0.050088 4e-06
0.048507 2e-06
0.050086 2e-06
0.045737 3e-06
0.048758 2e-06
0.040091 3e-06
0.047192 2e-06
0.043376 2e-06
0.049448 3e-06
0.049393 2e-06
0.045851 3e-06
0.049274 2e-06
0.050541 2e-06
0.049511 1e-06
0.050626 2e-06
0.049531 3e-06
0.046745 2e-06
0.045782 1e-06
0.047051 2e-06
0.0496 2e-06
0.04344 2e-06
0.046998 1e-06
0.044288 3e-06
0.04572 3e-06
0.044996 3e-06
0.045781 2e-06
0.049179 3e-06
0.045858 3e-06
0.049315 2e-06
0.048004 5e-06
0.049439 2e-06
0.048056 2e-06
0.049382 3e-06
0.048126 3e-06
0.046906 2e-06
0.047216 3e-06
0.040543 2e-06
0.039577 3e-06
0.037262 1e-06
0.038504 2e-06
0.040565 2e-06
0.040147 2e-06
0.037184 2e-06
0.040522 2e-06
0.04031 1e-06
0.034972 2e-06
0.038441 2e-06
0.037265 2e-06
0.040315 2e-06
0.036015 2e-06
0.037293 2e-06
0.037653 2e-06
0.037269 2e-06
0.038679 2e-06
0.041174 3e-06
0.040297 1e-06
0.040966 2e-06
0.040469 2e-06
0.035866 1e-06
0.038454 1e-06
0.03758 3e-06
0.038457 3e-06
0.037345 3e-06
0.040289 2e-06
0.038696 2e-06
0.04038 2e-06
0.037599 2e-06
0.040417 1e-06
0.038193 2e-06
0.038347 2e-06
0.040177 3e-06
0.036533 3e-06
0.038352 2e-06
0.041186 3e-06
0.04015 2e-06
0.040178 2e-06
0.038203 2e-06
0.040634 4e-06
0.037536 3e-06
0.035786 1e-06
0.040074 2e-06
0.040158 1e-06
0.040307 2e-06
0.040057 2e-06
0.037719 2e-06
0.037324 2e-06
0.040407 2e-06
0.037317 4e-06
0.040163 1e-06
0.040308 1e-06
0.040716 2e-06
0.040187 1e-06
0.034583 2e-06
0.037685 3e-06
0.037312 2e-06
0.038941 2e-06
0.037323 3e-06
0.035222 4e-06
0.040378 2e-06
0.040185 1e-06
0.038368 2e-06
0.040129 3e-06
0.037576 4e-06
0.037391 2e-06
0.040214 2e-06
0.04064 2e-06
0.040404 3e-06
0.040199 2e-06
0.046823 2e-06
0.03729 2e-06
0.038054 2e-06
0.040188 1e-06
0.03989 2e-06
0.037645 2e-06
0.040165 2e-06
0.036159 2e-06
0.037379 1e-06
0.037464 3e-06
0.038774 2e-06
0.040651 3e-06
0.044707 1e-06
0.037726 2e-06
0.040067 2e-06
0.038357 2e-06
0.040213 1e-06
0.038162 1e-06
0.03855 3e-06
0.04029 3e-06
0.040746 2e-06
0.037977 3e-06
0.038333 3e-06
0.041842 3e-06
0.037458 2e-06
0.03536 3e-06
0.043811 2e-06
0.040215 3e-06
0.040287 2e-06
0.038417 2e-06
0.040354 2e-06
0.038111 2e-06
0.040139 2e-06
0.038196 3e-06
0.040381 3e-06
