0.017193 3e-06
0.017206 4e-06
0.016475 2e-06
0.018609 4e-06
0.017596 3e-06
0.017062 2e-06
0.01757 5e-06
0.017707 3e-06
0.017155 3e-06
0.017151 3e-06
0.016416 3e-06
0.017734 3e-06
0.019475 3e-06
0.01957 5e-06
0.017978 3e-06
0.017582 3e-06
0.016033 3e-06
0.017329 3e-06
0.017382 3e-06
0.018587 3e-06
0.016509 3e-06
0.017669 3e-06
0.018733 6e-06
0.017381 5e-06
0.017309 3e-06
0.017826 3e-06
0.018746 2e-06
0.017241 4e-06
0.0177 3e-06
0.017184 3e-06
0.017566 4e-06
0.016489 4e-06
0.016699 4e-06
0.016791 5e-06
0.01657 4e-06
0.018638 5e-06
0.017509 3e-06
0.01785 4e-06
0.016787 2e-06
0.019213 4e-06
0.022452 5e-06
0.018689 2e-06
0.018598 2e-06
0.017545 3e-06
0.017202 2e-06
0.017483 5e-06
0.016901 3e-06
0.017306 3e-06
0.017376 3e-06
0.018553 3e-06
0.017307 3e-06
0.018139 4e-06
0.017475 4e-06
0.017198 3e-06
0.017626 3e-06
0.017615 2e-06
0.018464 5e-06
0.017476 2e-06
0.016502 4e-06
0.017128 2e-06
0.017164 4e-06
0.016706 3e-06
0.017194 5e-06
0.016545 3e-06
0.01717 4e-06
0.01852 4e-06
0.017409 3e-06
0.017088 3e-06
0.018692 4e-06
0.018 4e-06
0.017666 2e-06
0.017311 4e-06
0.018565 3e-06
0.017235 3e-06
0.018862 6e-06
0.017337 4e-06
0.017116 2e-06
0.018903 4e-06
0.01719 5e-06
0.017193 4e-06
0.017972 3e-06
0.018543 3e-06
0.018552 4e-06
0.018379 4e-06
0.017203 3e-06
0.017188 3e-06
0.017261 2e-06
0.017304 3e-06
0.015629 3e-06
0.018555 2e-06
0.017168 3e-06
0.016685 4e-06
0.017365 3e-06
0.017359 4e-06
0.019472 5e-06
0.018336 4e-06
0.018861 4e-06
0.026017 6e-06
0.019037 4e-06
0.017372 4e-06
0.018661 4e-06
0.019046 3e-06
0.017511 4e-06
0.021709 3e-06
0.017281 5e-06
0.017367 3e-06
0.016892 5e-06
0.016947 2e-06
0.018589 4e-06
0.017729 5e-06
0.018142 5e-06
0.018882 3e-06
0.017387 4e-06
0.016892 4e-06
0.019314 4e-06
0.017369 5e-06
0.018735 6e-06
0.017611 4e-06
0.018488 3e-06
0.0185 4e-06
0.01753 3e-06
0.017737 5e-06
0.016552 3e-06
0.01715 3e-06
0.016687 4e-06
0.017652 3e-06
0.01852 2e-06
0.017254 4e-06
0.017177 4e-06
0.018479 3e-06
0.015678 4e-06
0.017135 7e-06
0.018534 4e-06
0.017117 6e-06
0.017344 2e-06
0.017945 3e-06
0.017372 5e-06
0.017767 5e-06
0.018836 4e-06
0.017409 4e-06
0.017289 3e-06
0.017813 3e-06
0.017706 3e-06
0.020872 3e-06
0.020973 5e-06
0.021992 5e-06
0.017651 8e-06
0.01799 4e-06
0.018841 3e-06
0.018938 3e-06
0.017507 4e-06
0.017565 4e-06
0.017735 3e-06
0.017405 4e-06
0.017643 3e-06
0.017303 3e-06
0.017712 3e-06
0.016844 5e-06
0.020256 4e-06
0.018873 3e-06
0.017414 3e-06
0.019537 3e-06
0.017797 3e-06
0.017273 2e-06
0.017384 4e-06
0.016545 2e-06
0.017267 3e-06
0.017296 3e-06
0.017745 5e-06
0.017912 4e-06
0.018871 5e-06
0.017709 3e-06
0.01771 3e-06
0.016755 3e-06
0.01724 4e-06
0.017436 3e-06
0.01747 3e-06
0.017374 3e-06
0.017169 3e-06
0.017324 5e-06
0.017404 2e-06
0.017319 3e-06
0.018749 4e-06
0.018593 3e-06
0.017272 3e-06
0.015591 3e-06
0.017333 5e-06
0.017666 2e-06
0.017329 4e-06
0.0177 4e-06
0.017306 5e-06
0.017364 2e-06
0.018568 3e-06
0.018505 3e-06
0.017233 3e-06
0.01726 2e-06
0.017936 3e-06
0.017238 5e-06
0.017387 5e-06
0.018843 4e-06
0.017187 4e-06
0.018936 2e-06
0.016183 3e-06
0.017229 4e-06
0.017307 4e-06
0.018578 3e-06
0.017233 3e-06
0.01698 4e-06
0.017334 2e-06
0.017981 3e-06
0.016712 4e-06
0.018735 3e-06
0.02282 3e-06
0.020986 5e-06
0.017577 4e-06
0.017899 3e-06
0.017654 2e-06
0.018224 4e-06
0.01791 3e-06
0.01754 4e-06
0.017388 3e-06
0.018745 3e-06
0.018739 4e-06
0.018758 5e-06
0.018121 4e-06
0.01806 4e-06
0.01788 2e-06
0.017417 2e-06
0.018547 2e-06
0.019516 3e-06
0.017308 5e-06
0.018698 3e-06
0.01728 4e-06
0.018631 3e-06
0.018742 3e-06
0.01894 5e-06
0.017853 3e-06
0.018638 4e-06
0.017654 3e-06
0.018673 4e-06
0.018169 2e-06
0.016708 3e-06
0.016604 4e-06
0.017748 5e-06
0.017816 3e-06
0.017478 4e-06
0.017003 3e-06
0.018776 5e-06
0.017857 4e-06
0.018291 4e-06
0.016739 4e-06
0.019386 5e-06
0.017461 3e-06
0.018205 4e-06
0.017961 3e-06
0.017218 4e-06
0.018494 3e-06
0.017212 4e-06
0.018851 2e-06
0.017202 4e-06
0.016485 4e-06
0.018535 2e-06
0.016347 3e-06
0.017327 4e-06
0.017683 3e-06
0.016774 3e-06
0.017299 4e-06
0.017083 4e-06
0.016348 4e-06
0.017666 3e-06
0.017225 3e-06
0.018535 3e-06
0.017214 5e-06
0.016632 3e-06
0.016592 3e-06
0.017452 6e-06
0.017186 4e-06
0.017223 3e-06
0.016443 4e-06
0.020456 3e-06
0.021116 5e-06
0.017814 4e-06
0.01896 4e-06
0.017182 3e-06
0.018153 2e-06
0.017368 3e-06
0.017654 5e-06
0.017707 3e-06
0.023783 4e-06
0.024416 3e-06
0.023774 3.3e-05
0.025682 6e-06
0.025642 4e-06
0.023867 4e-06
0.025754 4e-06
0.025697 5e-06
0.024052 4e-06
0.023989 5e-06
0.023851 5e-06
0.02286 4e-06
0.02304 4e-06
0.02386 3e-06
0.017969 4e-06
0.018609 4e-06
0.017556 4e-06
0.020494 5e-06
0.017734 4e-06
0.019068 3e-06
0.01846 4e-06
0.016963 4e-06
0.016881 5e-06
0.018052 5e-06
0.016832 4e-06
0.017706 3e-06
0.018099 5e-06
0.017493 4e-06
0.018456 4e-06
0.017511 3e-06
0.016445 5e-06
0.01895 4e-06
0.017294 3e-06
0.01643 4e-06
0.016562 4e-06
0.01653 2e-06
0.016507 3e-06
0.017441 4e-06
0.017224 3e-06
0.016485 2e-06
0.017146 3e-06
0.016459 3e-06
0.016485 2e-06
0.018527 4e-06
0.016505 4e-06
0.018619 4e-06
0.01708 2e-06
0.015143 4e-06
0.017145 3e-06
0.017269 3e-06
0.016435 4e-06
0.018455 3e-06
0.019132 2e-06
0.01726 3e-06
0.017523 3e-06
0.018575 4e-06
0.017917 3e-06
0.019143 5e-06
0.017405 5e-06
0.01659 2e-06
0.017512 4e-06
0.017695 2e-06
0.017337 3e-06
0.017314 5e-06
0.017281 3e-06
0.01758 4e-06
0.017269 4e-06
0.016676 4e-06
0.017283 3e-06
0.017743 3e-06
0.018664 3e-06
0.018622 3e-06
0.017355 4e-06
0.017262 4e-06
0.018637 4e-06
0.018254 4e-06
0.018547 3e-06
0.017603 3e-06
0.017097 3e-06
0.017097 4e-06
0.017131 3e-06
0.017193 3e-06
0.017672 3e-06
0.017145 3e-06
0.018448 5e-06
0.017521 3e-06
0.017142 7e-06
0.019087 3e-06
0.018486 2e-06
0.01719 4e-06
0.017122 3e-06
0.017244 3e-06
0.015368 2e-06
0.017138 3e-06
0.017535 3e-06
0.017134 4e-06
0.017475 2e-06
0.017131 2e-06
0.016881 3e-06
0.017509 3e-06
0.018525 3e-06
0.01846 2e-06
0.018483 3e-06
0.017083 3e-06
0.016473 3e-06
0.0166 4e-06
0.017132 4e-06
0.018501 4e-06
0.016468 3e-06
0.016936 3e-06
0.017405 3e-06
0.017677 5e-06
0.017723 3e-06
0.017232 2e-06
0.017129 4e-06
0.015492 4e-06
0.017577 4e-06
0.016467 4e-06
0.017549 3e-06
0.017125 2e-06
0.018627 5e-06
0.018468 3e-06
0.016724 3e-06
0.017187 4e-06
0.018403 3e-06
0.018451 3e-06
0.017511 3e-06
0.018621 3e-06
0.018574 3e-06
0.017104 2e-06
0.016499 4e-06
0.016422 2e-06
0.016425 3e-06
0.016541 4e-06
0.016486 3e-06
0.017148 3e-06
0.017537 5e-06
0.01709 2e-06
0.016725 5e-06
0.017236 4e-06
0.017227 3e-06
0.017105 3e-06
0.017118 3e-06
0.017154 3e-06
0.019147 3e-06
0.017271 3e-06
0.018501 3e-06
0.017536 3e-06
0.017179 3e-06
0.016695 2e-06
0.017153 5e-06
0.018551 3e-06
0.016518 5e-06
0.017195 2e-06
0.017531 4e-06
0.015689 2e-06
0.017249 4e-06
0.017126 3e-06
0.017181 3e-06
0.017113 3e-06
0.016465 4e-06
0.017091 4e-06
0.016822 4e-06
0.017112 3e-06
0.017119 3e-06
0.017057 2e-06
0.017217 2e-06
0.01645 3e-06
0.017652 3e-06
0.017215 4e-06
0.017102 2e-06
0.016551 3e-06
0.017478 4e-06
0.017186 2e-06
0.018503 3e-06
0.017117 3e-06
0.018438 3e-06
0.018515 3e-06
0.015711 4e-06
0.016441 6e-06
0.018438 3e-06
0.017052 2e-06
0.017044 3e-06
0.017319 2e-06
0.016395 2e-06
0.017198 3e-06
0.016447 3e-06
0.017137 3e-06
0.017117 2e-06
0.018569 4e-06
0.017145 2e-06
0.017662 3e-06
0.017155 2e-06
0.017113 3e-06
0.016424 2e-06
0.017085 5e-06
0.017169 5e-06
0.016465 3e-06
0.017077 4e-06
0.0171 3e-06
0.016416 5e-06
0.016412 3e-06
0.016408 4e-06
0.017635 4e-06
0.016604 3e-06
0.017007 4e-06
0.018813 4e-06
0.016054 5e-06
0.018546 4e-06
0.016518 2e-06
0.017125 3e-06
0.017061 3e-06
0.01748 3e-06
0.016501 3e-06
0.017226 3e-06
0.017086 3e-06
0.01717 3e-06
0.017138 3e-06
0.017117 3e-06
0.017608 3e-06
0.017178 3e-06
0.017624 4e-06
0.017061 2e-06
0.017162 3e-06
0.015399 4e-06
0.016575 5e-06
0.017312 5e-06
0.018452 3e-06
0.01722 4e-06
0.017104 2e-06
0.016372 2e-06
0.018468 3e-06
0.017125 4e-06
0.016411 2e-06
0.018416 3e-06
0.017166 2e-06
0.018542 2e-06
0.01659 3e-06
0.017113 4e-06
0.018453 3e-06
0.018457 2e-06
0.016975 1e-06
0.018479 7e-06
0.016738 4e-06
0.017484 5e-06
0.018946 3e-06
0.017146 4e-06
0.015601 3e-06
0.017164 4e-06
0.016509 3e-06
0.016374 2e-06
0.018453 3e-06
0.018426 3e-06
0.018382 3e-06
0.018803 3e-06
0.017658 2e-06
0.017791 3e-06
0.018437 3e-06
0.017141 3e-06
0.01655 3e-06
0.017164 2e-06
0.017456 3e-06
0.018582 3e-06
0.017513 3e-06
0.016714 3e-06
0.016452 3e-06
0.018452 4e-06
0.017228 5e-06
0.016735 4e-06
0.018736 3e-06
0.01654 4e-06
0.016663 3e-06
0.017126 4e-06
0.017197 3e-06
0.01662 3e-06
0.017155 2e-06
0.018466 2e-06
0.017267 4e-06
0.016503 5e-06
0.017146 4e-06
0.017122 4e-06
0.015479 3e-06
0.016525 3e-06
0.018521 2e-06
0.017247 2e-06
0.018502 3e-06
0.017573 3e-06
0.016738 3e-06
0.016626 3e-06
0.017163 3e-06
0.016412 3e-06
0.016498 3e-06
0.017229 5e-06
0.017209 2e-06
0.017705 3e-06
0.017318 3e-06
0.018459 3e-06
0.017149 2e-06
0.017071 3e-06
0.018477 4e-06
0.017698 3e-06
0.017186 4e-06
0.017133 3e-06
0.016472 3e-06
0.015745 2e-06
0.017134 5e-06
0.017159 2e-06
0.017272 2e-06
0.017115 3e-06
0.017203 2e-06
0.017349 3e-06
0.017823 3e-06
0.016405 3e-06
0.017142 4e-06
0.018448 3e-06
0.017145 3e-06
0.016488 5e-06
0.01717 3e-06
0.018456 3e-06
0.018709 2e-06
0.017177 3e-06
0.016761 3e-06
0.017587 3e-06
0.017247 4e-06
0.017228 3e-06
0.01714 3e-06
0.016558 3e-06
0.01858 2e-06
0.017756 4e-06
0.017263 4e-06
0.018644 2e-06
0.017173 2e-06
0.018412 4e-06
0.01734 4e-06
0.01654 3e-06
0.018514 3e-06
0.017589 2e-06
0.01868 3e-06
0.016714 2e-06
0.01764 4e-06
0.018623 3e-06
0.017161 3e-06
0.018431 5e-06
0.018634 3e-06
0.017165 3e-06
0.016566 2e-06
0.017521 2e-06
0.017144 2e-06
0.017544 3e-06
0.016806 4e-06
0.01986 4e-06
0.017161 3e-06
0.017239 3e-06
0.017127 2e-06
0.017269 2e-06
0.017213 4e-06
0.017278 5e-06
0.017376 4e-06
0.017624 4e-06
0.016478 4e-06
0.017142 4e-06
0.01345 2e-06
0.015956 2e-06
0.01722 3e-06
0.01716 2e-06
0.017598 3e-06
0.017904 3e-06
0.018505 3e-06
0.018529 2e-06
0.017179 2e-06
0.016431 4e-06
0.01845 2e-06
0.016474 4e-06
0.017442 3e-06
0.018496 2e-06
0.017601 4e-06
0.018506 3e-06
0.018346 3e-06
0.017207 5e-06
0.017155 3e-06
0.017142 5e-06
0.017122 3e-06
0.017181 2e-06
0.01657 3e-06
0.017173 6e-06
0.018514 2e-06
0.017819 3e-06
0.017294 3e-06
0.018464 3e-06
0.017138 4e-06
0.018706 4e-06
0.017256 3e-06
0.017109 3e-06
0.018688 3e-06
0.016155 3e-06
0.017235 2e-06
0.016678 3e-06
0.018505 2e-06
0.01865 3e-06
0.016494 3e-06
0.016415 4e-06
0.018843 3e-06
0.017736 3e-06
0.018176 4e-06
0.01714 3e-06
0.017601 2e-06
0.017747 3e-06
0.017612 3e-06
0.017518 4e-06
0.018791 2e-06
0.017121 3e-06
0.016781 5e-06
0.018561 3e-06
0.017216 4e-06
0.016519 3e-06
0.018693 2e-06
0.01854 3e-06
0.016875 3e-06
0.017175 3e-06
0.018715 3e-06
0.017509 3e-06
0.017659 3e-06
0.016604 3e-06
0.018703 3e-06
0.017379 5e-06
0.017161 3e-06
0.018608 4e-06
0.017814 2e-06
0.015439 5e-06
0.017893 5e-06
0.016483 3e-06
0.017208 3e-06
0.01859 3e-06
0.0173 3e-06
0.017243 4e-06
0.01734 3e-06
0.017622 3e-06
0.017792 4e-06
0.01851 2e-06
0.0184 3e-06
0.017196 2e-06
0.017191 3e-06
0.017104 4e-06
0.017354 3e-06
0.017201 2e-06
0.015886 2e-06
0.017239 4e-06
0.017206 4e-06
0.017135 2e-06
0.017189 3e-06
0.018467 2e-06
0.018264 2e-06
0.017692 4e-06
0.01717 2e-06
0.018514 3e-06
0.018456 4e-06
0.017706 3e-06
0.01723 2e-06
0.017604 4e-06
0.018601 3e-06
0.017159 3e-06
0.017526 3e-06
0.015616 3e-06
0.016508 3e-06
0.017126 3e-06
0.01714 3e-06
0.017113 4e-06
0.017132 3e-06
0.016608 3e-06
0.018555 4e-06
0.01714 3e-06
0.017449 3e-06
0.017136 3e-06
0.018473 2e-06
0.017157 3e-06
0.01748 3e-06
0.017118 2e-06
0.017079 2e-06
0.01718 3e-06
0.016883 2e-06
0.017585 4e-06
0.017433 3e-06
0.017201 3e-06
0.017125 3e-06
0.01716 4e-06
0.016551 3e-06
0.017513 2e-06
0.017179 2e-06
0.018701 2e-06
0.016438 2e-06
0.018361 2e-06
0.01762 3e-06
0.01747 3e-06
0.019096 3e-06
0.019205 3e-06
0.017635 4e-06
0.015607 5e-06
0.016724 4e-06
0.017228 3e-06
0.016536 5e-06
0.017265 4e-06
0.01717 4e-06
0.017318 4e-06
0.017719 4e-06
0.016552 3e-06
0.01725 3e-06
0.017211 3e-06
0.0172 4e-06
0.017365 4e-06
0.016585 4e-06
0.017711 3e-06
0.017125 3e-06
0.017548 2e-06
0.017252 3e-06
0.017138 3e-06
0.016446 3e-06
0.017516 3e-06
0.017242 2e-06
0.015935 3e-06
0.017238 4e-06
0.016566 3e-06
0.0172 3e-06
0.017525 3e-06
0.017099 2e-06
0.018282 4e-06
0.017192 3e-06
0.017156 3e-06
0.017139 5e-06
0.017187 3e-06
0.017239 2e-06
0.017435 3e-06
0.018813 4e-06
0.018281 3e-06
0.017663 3e-06
0.017273 4e-06
0.017367 3e-06
0.017635 3e-06
0.016676 2e-06
0.017429 3e-06
0.017267 2e-06
0.016058 4e-06
0.017374 4e-06
0.01728 2e-06
0.017272 3e-06
0.017298 3e-06
0.017288 3e-06
0.016702 3e-06
0.017448 3e-06
0.018647 2e-06
0.017755 3e-06
0.017654 4e-06
0.017026 4e-06
0.016674 4e-06
0.02074 4e-06
0.016693 4e-06
0.016611 4e-06
0.016887 3e-06
0.017709 4e-06
0.017106 4e-06
0.017114 2e-06
0.017226 4e-06
0.017157 3e-06
0.018099 4e-06
0.017263 6e-06
0.017306 3e-06
0.017166 3e-06
0.017594 3e-06
0.017274 3e-06
0.017121 3e-06
0.017569 4e-06
0.018692 3e-06
0.018641 4e-06
0.017388 3e-06
0.016314 4e-06
0.017178 2e-06
0.017209 3e-06
0.01748 3e-06
0.01757 3e-06
0.017621 2e-06
0.017224 3e-06
0.017488 3e-06
0.018662 3e-06
0.017381 4e-06
0.017299 2e-06
0.017832 4e-06
0.017398 9e-06
0.017705 3e-06
0.017727 3e-06
0.01664 2e-06
0.018543 2e-06
0.017383 5e-06
0.017885 3e-06
0.017247 4e-06
0.01737 3e-06
0.01727 3e-06
0.017702 5e-06
0.01671 3e-06
0.017452 3e-06
0.017505 4e-06
0.01787 3e-06
0.017368 4e-06
0.017296 2e-06
0.017721 3e-06
0.018514 2e-06
0.017124 3e-06
0.018726 4e-06
0.017095 3e-06
0.016528 4e-06
0.017225 3e-06
0.017179 3e-06
0.017315 3e-06
0.01765 2e-06
0.018539 3e-06
0.018984 2e-06
0.017142 3e-06
0.01736 3e-06
0.017292 6e-06
0.017011 3e-06
0.018648 3e-06
0.017271 3e-06
0.016532 3e-06
0.02093 4e-06
0.02091 3e-06
0.020189 4e-06
0.022653 4e-06
0.020191 5e-06
0.021188 4e-06
0.020577 4e-06
0.022298 4e-06
0.021287 4e-06
0.021076 3e-06
0.01945 4e-06
0.020487 4e-06
0.022808 3e-06
0.02274 3e-06
0.021239 4e-06
0.02134 4e-06
0.022791 4e-06
0.021934 5e-06
0.021177 4e-06
0.017097 4e-06
0.020894 4e-06
0.0209 3e-06
0.020908 3e-06
0.019997 4e-06
0.022903 5e-06
0.02099 3e-06
0.02255 3e-06
0.020967 2e-06
0.019173 4e-06
0.021236 3e-06
0.022722 4e-06
0.020947 2e-06
0.021478 4e-06
0.020256 3e-06
0.021309 3e-06
0.020852 3e-06
0.020956 5e-06
0.02094 5e-06
0.021044 6e-06
0.020094 3e-06
0.021055 4e-06
0.021409 3e-06
0.020715 5e-06
0.02334 5e-06
0.020458 3e-06
0.021499 4e-06
0.016896 4e-06
0.021445 4e-06
0.021117 4e-06
0.021069 4e-06
0.021053 3e-06
0.021105 2e-06
0.021171 4e-06
0.020962 2e-06
0.022618 4e-06
0.018371 5e-06
0.02183 3e-06
0.021144 3e-06
0.020986 3e-06
0.022533 3e-06
0.021021 5e-06
0.020212 3e-06
0.020859 3e-06
0.020917 3e-06
0.018089 4e-06
0.021163 5e-06
0.022616 3e-06
0.020999 4e-06
0.02093 2e-06
0.020996 5e-06
0.021548 3e-06
0.021358 5e-06
0.021483 3e-06
0.020418 4e-06
0.021305 4e-06
0.022677 3e-06
0.022631 3e-06
0.020864 3e-06
0.021676 5e-06
0.020933 5e-06
0.02096 4e-06
0.016778 5e-06
0.017162 2e-06
0.017334 3e-06
0.018658 4e-06
0.017531 3e-06
0.017184 3e-06
0.017515 3e-06
0.017293 7e-06
0.016563 3e-06
0.017285 2e-06
