0.001247 0.000115
0.001261 0.000125
0.001245 9.5e-05
0.00129 0.000125
0.001243 8.2e-05
0.001243 9e-05
0.001296 8.2e-05
0.001241 9.5e-05
0.001244 7.9e-05
0.001242 9.9e-05
0.001296 0.000119
0.001249 0.000116
0.001236 7.7e-05
0.001242 9.7e-05
0.00124 0.0001
0.001248 8.4e-05
0.001251 0.000156
0.001132 8.8e-05
0.001032 0.000106
0.001041 6.7e-05
0.001245 8.5e-05
0.001312 8.4e-05
0.001243 6.7e-05
0.001241 7e-05
0.001293 0.00037
0.001245 8.9e-05
0.001244 9.6e-05
0.001364 0.000122
0.001739 0.000185
0.001246 8e-05
0.001237 0.000105
0.001422 0.000156
0.001242 9.7e-05
0.001249 0.000111
0.001267 8.9e-05
0.001731 0.000159
0.001298 6.1e-05
0.001255 0.0002
0.001422 0.000185
0.001299 0.000129
0.001246 7.6e-05
0.00126 0.000123
0.001244 0.000105
0.001344 0.000119
0.001237 0.000118
0.001252 0.000104
0.001595 8.1e-05
0.001244 0.0001
0.001253 0.00013
0.001288 9.2e-05
0.001242 0.000148
0.001245 7.2e-05
0.001238 9.5e-05
0.001243 5.6e-05
0.001241 0.000132
0.001242 0.000112
0.0013 7.9e-05
0.001265 0.000107
0.001248 8.3e-05
0.001248 8.1e-05
0.001244 7.1e-05
0.001248 6.9e-05
0.001245 0.000145
0.001297 9.4e-05
0.001248 0.000105
0.001248 0.000131
0.001246 8.8e-05
0.001246 0.00013
0.001242 7.6e-05
0.001248 0.00012
0.001242 0.000167
0.001245 8.1e-05
0.001245 7.2e-05
0.001244 9.5e-05
0.001245 0.000117
0.001246 0.000126
0.001238 7.1e-05
0.001301 0.000107
0.001248 0.000165
0.001244 7.3e-05
0.001241 0.0001
0.001241 0.000115
0.001241 0.00013
0.0013 0.000132
0.001246 0.000118
0.001293 0.000135
0.001174 7.8e-05
0.001127 8.5e-05
0.001062 5.8e-05
0.001036 8.9e-05
0.001239 0.000171
0.001242 6.4e-05
0.001302 0.00012
0.001251 0.00012
0.001298 7.9e-05
0.001246 0.000105
0.001235 8.3e-05
0.001251 7.9e-05
0.001237 0.0001
0.001291 0.000102
0.001242 8.9e-05
0.001245 4.9e-05
0.001239 7.5e-05
0.001246 0.000119
0.001256 8.1e-05
0.001246 9.7e-05
0.001286 0.000133
0.001238 6.9e-05
0.001241 0.000151
0.001236 0.000112
0.001244 0.000131
0.001241 6.9e-05
0.001251 0.000115
0.001243 0.000107
0.001244 8.1e-05
0.001245 9.1e-05
0.00124 0.000143
0.001237 9.7e-05
0.001285 6.5e-05
0.001236 8.5e-05
0.001249 9.9e-05
0.001249 8.5e-05
0.001239 7.5e-05
0.001242 0.000145
0.001292 0.000145
0.001291 9.4e-05
0.001243 0.000103
0.001249 0.000146
0.001241 0.000119
0.00124 7.5e-05
0.001245 9.3e-05
0.001243 5.9e-05
0.00124 9.9e-05
0.001243 0.000138
0.001236 0.000121
0.001251 8.4e-05
0.001244 0.000122
0.001249 0.000101
0.001238 9.7e-05
0.001247 7.1e-05
0.001237 7.2e-05
0.001242 9.8e-05
0.001237 0.000104
0.001244 0.000135
0.001289 8.4e-05
0.001243 0.000151
0.001242 0.00013
0.001238 5.8e-05
0.001299 0.000233
0.001296 0.000126
0.001239 0.000158
0.001241 7.2e-05
0.001302 9.8e-05
0.001236 8.3e-05
0.001293 9.4e-05
0.001244 9.3e-05
0.001287 0.000112
0.00125 0.000106
0.001144 6.4e-05
0.00111 9.5e-05
0.001126 9.1e-05
0.001206 8.8e-05
0.001241 8.3e-05
0.001244 6.2e-05
0.001237 7.6e-05
0.00124 9.5e-05
0.001307 0.000147
0.001246 0.000101
0.001241 8.3e-05
0.001239 9.6e-05
0.001242 0.000104
0.001303 0.00013
0.001417 8.5e-05
0.001303 0.00016
0.001244 6.9e-05
0.001256 0.000157
0.001245 0.000165
0.001259 0.00013
0.001295 0.000112
0.001272 5.4e-05
0.001247 7.8e-05
0.001244 0.000106
0.001242 6.8e-05
0.001333 9.2e-05
0.001308 4.6e-05
0.001255 0.000115
0.001254 5.9e-05
0.001251 0.000132
0.00124 8.7e-05
0.001253 7.2e-05
0.001257 9e-05
0.001248 9.5e-05
0.001235 0.000214
0.001279 9.7e-05
0.00124 8.8e-05
0.001267 0.000153
0.001248 0.000102
0.001257 9.8e-05
0.001423 0.000163
0.00138 0.000164
0.001331 0.000143
0.001293 9.2e-05
0.001244 6.6e-05
0.001246 0.000144
0.001248 8.9e-05
0.001242 6.3e-05
0.001245 0.000144
0.001299 6.1e-05
0.00124 9.5e-05
0.001237 0.000152
0.00124 5.6e-05
0.001239 8.2e-05
0.001246 0.000108
0.001239 0.000161
0.001367 0.000198
0.001439 7.7e-05
0.001235 0.000101
0.001245 0.000138
0.001239 0.000109
0.001241 9.3e-05
0.001237 7.7e-05
0.001253 0.000125
0.00124 9.4e-05
0.001251 0.000154
0.001249 7.8e-05
0.001238 0.000117
0.001242 0.000199
0.001237 0.000161
0.001243 5.5e-05
0.001174 9.2e-05
0.001031 5.8e-05
0.00103 0.000195
0.001242 0.000152
0.001242 0.000136
0.001244 9.3e-05
0.001295 0.000156
0.001241 0.000102
0.001249 8.3e-05
0.001241 0.000116
0.001326 0.000114
0.00124 7.8e-05
0.001246 0.000111
0.00129 0.000145
0.001239 0.00012
0.001245 0.0001
0.001299 0.000104
0.001257 0.000121
0.001247 0.000129
0.001246 0.000132
0.001234 0.000103
0.00124 4.3e-05
0.00129 8.1e-05
0.001241 0.000112
0.001251 0.000137
0.00124 0.000119
0.001249 0.000117
0.001295 8.9e-05
0.001299 0.000104
0.001244 0.000132
0.001286 0.000123
0.001237 0.000129
0.001292 0.000108
0.00124 9.8e-05
0.00129 0.000123
0.001247 9.2e-05
0.001243 9.1e-05
0.001254 8.1e-05
0.001242 4.9e-05
0.001239 5.6e-05
0.001245 0.00016
0.001237 0.000135
0.001244 9.2e-05
0.001243 0.000161
0.001246 0.000184
0.001246 0.000144
0.001234 0.000102
0.001248 8.3e-05
0.001247 0.000113
0.00124 8.4e-05
0.001297 6.4e-05
0.00124 6e-05
0.001315 8e-05
0.001242 8.8e-05
0.001244 0.000128
0.001242 0.000102
0.001246 8.9e-05
0.001244 9.8e-05
0.001246 8e-05
0.001241 0.000151
0.001241 8.7e-05
0.001252 9.7e-05
0.001242 0.00014
0.001245 9.6e-05
0.001294 0.000174
0.001242 9e-05
0.001255 8e-05
0.001247 0.000136
0.001246 9e-05
0.001296 6.4e-05
0.001263 6.3e-05
0.001563 9.9e-05
0.001117 4.3e-05
0.001131 0.0001
0.001243 0.000166
0.001574 0.000102
0.001244 9.2e-05
0.001246 0.000113
0.001271 0.000131
0.001299 0.000111
0.00124 8.1e-05
0.001254 0.000107
0.001239 0.000194
0.001239 0.000121
0.001249 6.8e-05
0.001251 0.000146
0.001264 0.000121
0.001248 0.000126
0.001317 0.000111
0.001251 0.000107
0.001239 5.4e-05
0.001241 9.1e-05
0.001242 0.00012
0.001247 0.000104
0.001294 9.5e-05
0.001245 0.000103
0.001246 0.000102
0.00129 0.000143
0.001239 0.000102
0.001244 8.6e-05
0.001297 0.000167
0.001265 8.2e-05
0.001244 0.000182
0.001248 0.00012
0.001243 5e-05
0.001398 0.000109
0.001244 0.000117
0.001238 0.000154
0.001261 8.4e-05
0.001236 8.8e-05
0.001243 0.000122
0.001232 9.6e-05
0.001247 9.2e-05
0.001247 0.000137
0.00124 0.000132
0.001244 0.000172
0.001239 0.000109
0.001242 8e-05
0.001294 0.000101
0.001236 0.000158
0.001242 0.00012
0.001268 0.00011
0.001238 9.2e-05
0.001267 5.2e-05
0.001243 6.1e-05
0.001245 0.000141
0.001289 7.4e-05
0.001293 0.000146
0.001243 0.000101
0.001245 8e-05
0.001233 0.00014
0.001245 0.000107
0.001315 7.9e-05
0.001241 0.000112
0.001242 0.000102
0.001238 6.8e-05
0.001242 8.3e-05
0.001236 9.4e-05
0.00124 0.000102
0.001301 0.000162
0.001243 9.8e-05
0.001252 7.3e-05
0.00105 0.000112
0.00159 0.000161
0.001151 6.3e-05
0.001244 6e-05
0.001323 0.000117
0.001848 6.2e-05
0.001257 0.00017
0.001249 0.000162
0.001254 0.00028
0.001243 9.7e-05
0.001248 0.000151
0.001262 0.000203
0.001781 7.8e-05
0.001239 0.000102
0.001301 0.000102
0.001478 9.3e-05
0.001297 0.000193
0.001242 6.7e-05
0.001245 0.000102
0.001299 7.6e-05
0.001245 7.2e-05
0.001238 0.000138
0.001239 0.000116
0.001238 0.0001
0.001238 7.7e-05
0.001298 0.000199
0.001299 6.4e-05
0.001244 0.000133
0.001301 0.000112
0.001249 9.1e-05
0.001238 9.3e-05
0.001238 0.000102
0.001243 0.000105
0.00124 0.000139
0.001242 9e-05
0.001242 9.7e-05
0.001422 0.000159
0.001248 0.000176
0.001297 0.000122
0.001238 0.000103
0.001243 0.000105
0.001263 5.6e-05
0.001291 8e-05
0.001246 0.000125
0.001256 0.000146
0.001246 0.000115
0.001238 0.000135
0.001247 9.4e-05
0.001243 5e-05
0.001294 0.000117
0.001263 4.9e-05
0.001249 0.000113
0.001256 0.00017
0.001297 8.2e-05
0.001248 0.000135
0.001234 8.6e-05
0.001238 0.00016
0.001237 5.5e-05
0.001248 5.5e-05
0.001245 8.4e-05
0.001252 7e-05
0.001244 0.000169
0.001321 0.00012
0.001248 6.3e-05
0.001247 0.000119
0.00124 0.000115
0.001243 0.000122
0.001258 8.5e-05
0.001251 0.000136
0.001238 7.3e-05
0.001083 0.000127
0.001078 0.000126
0.001157 0.000109
0.001269 8.2e-05
0.001249 9.3e-05
0.001239 0.000133
0.002663 0.000107
0.001296 8.7e-05
0.00139 8.7e-05
0.001253 0.000115
0.001243 7.4e-05
0.001244 6.1e-05
0.001247 8.5e-05
0.001242 0.000108
0.001238 7.7e-05
0.001244 6.2e-05
0.001244 8.3e-05
0.001241 0.000149
0.001241 0.0001
0.001242 9.4e-05
0.00124 0.000185
0.001238 9e-05
0.00124 0.000142
0.001234 5.4e-05
0.001325 9.8e-05
0.001265 9.6e-05
0.001243 7.2e-05
0.001295 8.6e-05
0.001247 9.6e-05
0.001241 8.7e-05
0.001242 7.7e-05
0.001242 0.000105
0.001245 0.000254
0.001247 0.000133
0.001244 0.000109
0.001242 0.000131
0.00125 0.000152
0.001243 0.000167
0.001242 0.000117
0.001244 0.000114
0.001244 0.000109
0.001246 8.8e-05
0.001249 0.000145
0.00124 8.5e-05
0.00124 0.000177
0.001227 0.000133
0.00124 9.3e-05
0.00124 5.2e-05
0.001249 8.6e-05
0.001246 0.000121
0.001237 8.7e-05
0.001239 0.000105
0.001251 0.000156
0.001237 9e-05
0.001238 0.000161
0.00129 0.000103
0.001244 9.9e-05
0.001287 8.5e-05
0.001242 0.000115
0.001241 0.000126
0.001249 0.000127
0.00124 0.00015
0.00124 0.000111
0.00145 0.000109
0.001242 0.000104
0.001263 5.2e-05
0.001258 0.000173
0.001241 8.5e-05
0.001302 0.000137
0.001238 0.000111
0.00113 7.1e-05
0.001126 4.9e-05
0.001078 7.4e-05
0.001059 0.000145
0.001251 0.00016
0.001238 7.9e-05
0.00124 0.000121
0.001301 5.5e-05
0.001237 0.000161
0.001248 0.00018
0.00125 0.000133
0.001242 9.9e-05
0.00124 9.9e-05
0.00124 6.8e-05
0.001237 8.1e-05
0.001297 6.5e-05
0.001285 9.3e-05
0.001245 0.000104
0.001242 0.000169
0.001264 9e-05
0.001247 8.9e-05
0.001252 6.5e-05
0.001301 9.7e-05
0.001239 0.000109
0.001243 7.9e-05
0.001243 8.8e-05
0.001246 0.000155
0.001243 0.000113
0.001248 0.000102
0.00124 7.7e-05
0.001307 6.8e-05
0.001246 0.000129
0.001248 0.000104
0.001232 6.1e-05
0.001246 9.7e-05
0.001242 6.3e-05
0.001239 0.000108
0.001291 9.9e-05
0.001237 7.3e-05
0.001239 8e-05
0.001248 0.000115
0.001252 0.000104
0.001243 0.000125
0.00124 8.2e-05
0.001237 9.7e-05
0.001239 0.000138
0.001244 0.000104
0.001242 0.000149
0.00124 0.000143
0.001244 8.9e-05
0.001245 0.000119
0.001293 0.000145
0.00125 0.000124
0.001247 0.000101
0.001296 8.7e-05
0.001241 5.9e-05
0.001239 7.7e-05
0.00124 0.000133
0.001241 0.000124
0.001242 6.7e-05
0.001241 0.000167
0.001322 0.000156
0.001249 9.1e-05
0.001243 0.000139
0.001254 0.000166
0.001244 0.000188
0.001301 7.6e-05
0.001247 8.8e-05
0.001244 9.4e-05
0.001236 7.1e-05
0.001235 0.000112
0.001249 8.9e-05
0.001213 9e-05
0.001174 4.3e-05
0.001079 8e-05
0.001244 8.5e-05
0.001242 6.9e-05
0.001244 0.000117
0.001241 7.8e-05
0.001238 9.8e-05
0.001241 7.4e-05
0.001255 7e-05
0.001251 0.000132
0.001291 7.3e-05
0.001251 8.9e-05
0.001289 9.8e-05
0.001249 9.4e-05
0.001245 0.000205
0.001244 9.5e-05
0.001243 8.6e-05
0.001244 9.2e-05
0.001282 0.0001
0.001238 8.3e-05
0.001297 0.000143
0.001296 0.000175
0.001249 8.2e-05
0.001247 9.1e-05
0.001237 8.7e-05
0.001248 8.1e-05
0.001252 0.000149
0.001241 6e-05
0.001241 0.000148
0.001293 0.000181
0.001241 0.000107
0.001296 0.000156
0.001245 9.5e-05
0.00124 0.000102
0.001245 0.000113
0.001425 0.000124
0.001505 8.7e-05
0.001242 0.000155
0.001298 8.9e-05
0.001248 7.9e-05
0.001252 0.00011
0.001252 0.000105
0.001249 0.000112
0.001248 8.5e-05
0.001253 0.000107
0.001244 0.000107
0.001243 0.000116
0.001275 0.000121
0.001262 0.000117
0.001673 0.000126
0.001648 0.000118
0.001248 0.000169
0.001549 0.000208
0.001599 0.000118
0.001243 0.000125
0.001432 0.000125
0.001306 0.000165
0.001761 0.000185
0.001764 0.000192
0.001765 0.000235
0.00173 0.000177
0.001762 9.3e-05
0.001758 0.000195
0.001692 0.000135
0.001399 8.3e-05
0.001284 0.000186
0.001244 8.4e-05
0.001649 0.000201
0.001363 7.8e-05
0.001252 0.000128
0.001655 0.000101
0.001733 0.00013
0.001305 0.000102
0.001455 0.000111
0.001293 0.000119
0.001408 0.000108
0.001251 8.8e-05
0.001253 0.000141
0.001247 0.000121
0.001253 0.000105
0.001276 7.8e-05
0.001261 0.000121
0.001368 0.000118
0.001253 0.000142
0.001241 0.000126
0.001245 0.000113
0.00125 0.00011
0.001243 0.000165
0.001244 0.000106
0.001244 9.2e-05
0.001241 0.000183
0.001294 7.8e-05
0.001248 8.4e-05
0.001244 0.000116
0.001241 7.7e-05
0.001343 0.000176
0.001319 0.000124
0.001303 0.000163
0.001235 0.000108
0.001325 9.7e-05
0.001245 9.2e-05
0.001251 8.9e-05
0.001243 8e-05
0.001254 0.000105
0.001253 5.9e-05
0.00125 9e-05
0.001241 0.000114
0.001255 0.000102
0.001964 0.00022
0.001496 0.000124
0.001261 0.000137
0.002231 0.000265
0.001412 0.00012
0.001809 0.000113
0.00134 4.9e-05
0.001416 0.000182
0.001247 0.000152
0.002173 0.000271
0.001352 0.000103
0.001455 8e-05
0.001241 6.4e-05
0.001266 6.1e-05
0.001254 0.000117
0.001245 0.000136
0.001242 0.000162
0.001254 0.000132
0.001242 0.000115
0.001295 0.00012
0.001258 7.1e-05
0.001245 0.000142
0.001177 6.2e-05
0.001081 0.000143
0.001294 7.3e-05
0.001259 8e-05
0.001246 9.2e-05
0.001245 0.000142
0.001311 7.3e-05
0.001241 0.0001
0.001248 0.0001
0.001254 0.000101
0.00125 0.000103
0.001257 0.000102
0.001237 0.000108
0.001259 8.1e-05
0.001244 0.000117
0.001245 0.000115
0.001267 0.000131
0.001245 8.7e-05
0.001271 8.1e-05
0.001245 0.000126
0.001243 0.000109
0.001244 0.000126
0.00125 0.000121
0.001267 7.3e-05
0.001247 9.3e-05
0.00125 4.9e-05
0.001246 9.1e-05
0.001244 0.000141
0.001295 0.000118
0.001241 0.000105
0.001259 8.9e-05
0.001281 0.00012
0.001291 0.000101
0.001312 8.9e-05
0.001244 5.4e-05
0.001303 0.000131
0.001244 0.000118
0.001276 0.000104
0.00124 6.1e-05
0.001239 0.000147
0.001323 7.6e-05
0.001242 0.000147
0.001246 0.000132
0.001261 0.000105
0.001256 8.7e-05
0.001242 8e-05
0.001241 7e-05
0.001241 0.000119
0.001236 0.000109
0.001246 0.00015
0.001247 0.000177
0.001241 0.000113
0.00126 0.000104
0.001302 7.7e-05
0.001252 0.000108
0.001241 0.000161
0.001248 0.000149
0.001268 9e-05
0.00124 9.1e-05
0.001252 8.5e-05
0.001249 0.000157
0.001258 0.000115
0.001237 0.000105
0.001247 0.000111
0.001252 0.000138
0.001239 9.1e-05
0.001238 9.3e-05
0.001266 0.000105
0.001294 5.5e-05
0.001242 0.000115
0.001133 5.6e-05
0.001036 8.9e-05
0.001036 0.000123
0.001028 0.0001
0.001239 6.5e-05
0.001244 8.7e-05
0.001238 9e-05
0.001248 0.000132
0.001235 8.8e-05
0.001243 0.000151
0.001307 8.6e-05
0.001239 0.000106
0.001254 0.000211
0.001242 0.000119
0.001239 0.000101
0.001243 0.000101
0.001255 9.3e-05
0.001237 0.000134
0.001246 0.000137
0.001261 7.4e-05
0.001272 0.000101
0.001239 0.000123
0.001243 0.000115
0.001236 0.000108
0.00124 9.3e-05
0.001244 0.000132
0.001236 0.000103
0.001241 0.0001
0.001245 5.9e-05
0.001242 0.000132
0.001246 0.000101
0.001245 9.2e-05
0.00124 0.000176
0.001248 0.000176
0.00125 9.5e-05
0.001235 0.000109
0.001285 8.7e-05
0.001245 0.000128
0.001242 9.9e-05
0.001242 0.000102
0.001242 9.1e-05
0.001239 5.9e-05
0.001242 7.5e-05
0.001243 0.000163
0.00124 8.6e-05
0.001243 0.000156
0.001249 0.000184
0.001241 0.000148
0.001308 0.000106
0.001271 9.9e-05
0.001236 7.6e-05
0.001286 0.000181
0.00124 0.000132
0.001244 0.000207
0.001239 9.5e-05
0.001248 8.5e-05
0.00124 8.6e-05
0.001243 9.5e-05
0.001254 0.00012
0.001294 5.1e-05
0.001249 0.000146
0.001303 9.4e-05
0.001237 0.000155
0.00124 0.000145
0.001238 0.000115
0.001247 9.6e-05
0.00124 9.3e-05
0.00124 9e-05
0.001248 0.000101
0.001247 9.6e-05
0.001287 8.8e-05
0.001243 8.1e-05
0.001208 0.000102
0.001032 9e-05
0.001087 6.7e-05
0.001284 8.1e-05
0.001236 0.000195
0.001239 0.000109
0.001239 9.9e-05
0.001246 8.8e-05
0.001288 0.000131
0.001293 9.5e-05
0.001241 7.2e-05
0.001245 0.0001
0.001245 9.2e-05
0.001249 0.00013
0.001238 0.000105
0.001336 9.4e-05
0.001242 0.000125
0.001247 0.000122
0.00124 7.7e-05
0.001287 0.000112
0.001297 9.9e-05
0.00125 7e-05
0.001284 0.000145
0.001239 7.7e-05
0.001241 7.1e-05
0.001397 0.000128
0.001244 8.4e-05
0.001234 0.000153
0.001236 0.000107
0.00124 0.000139
0.001242 8.9e-05
0.001246 7.5e-05
0.00124 0.000107
0.001295 0.000113
0.001297 8e-05
0.001245 6.8e-05
0.00124 8e-05
0.001314 0.000135
0.00124 0.000188
0.001247 0.000214
0.001243 8.4e-05
0.001242 8.4e-05
0.001244 7.2e-05
0.001237 0.000173
0.001293 0.000156
0.001243 0.000108
0.001242 0.000154
0.001245 0.00014
0.001242 9.3e-05
0.001245 6.4e-05
0.001245 0.000136
0.001247 8.9e-05
0.00124 8.5e-05
0.001297 0.000134
0.001299 9.3e-05
0.001241 8.1e-05
0.001244 0.000177
0.001242 0.000123
0.001235 9.9e-05
0.001296 6.8e-05
0.001239 0.000117
0.00124 9.7e-05
0.001243 0.000115
0.001292 0.000138
0.001243 6.1e-05
0.001241 0.000106
0.00129 9.9e-05
0.00124 0.000162
0.001235 0.000145
0.001247 9.2e-05
0.001238 8.3e-05
0.001123 0.00011
0.001259 6.8e-05
0.001042 0.000124
0.001259 9.7e-05
0.001295 0.000111
0.001247 0.000156
0.001242 9.9e-05
0.001239 0.000133
0.001252 8.2e-05
0.001296 5.6e-05
0.001248 0.00014
0.001239 0.000112
0.001254 9.7e-05
0.001239 0.000103
0.001294 0.000108
0.001238 0.000134
0.001239 0.000129
0.001246 6.6e-05
0.00124 7.8e-05
0.001239 0.000164
0.001244 0.000114
0.001299 7.8e-05
0.001235 0.000139
0.001244 7.6e-05
0.001246 5.5e-05
0.001246 8.5e-05
0.001244 7.7e-05
0.00124 0.000156
0.001249 0.000158
0.001242 0.000123
0.001247 0.000104
0.001244 0.000139
0.001242 0.000147
0.001289 0.000114
0.001244 9.7e-05
0.001245 9e-05
0.001245 5.7e-05
0.001244 8.8e-05
0.001243 0.00011
0.001244 0.000137
0.001244 8e-05
0.001241 0.000109
0.001238 9.2e-05
0.001243 8.2e-05
0.001238 0.000175
0.001298 0.000146
0.001247 5.7e-05
0.001255 0.000165
0.001242 0.000105
0.001245 0.000106
0.001246 7.9e-05
0.001241 9.1e-05
0.001319 9.7e-05
0.001292 0.000115
0.001248 0.000109
0.001242 8.2e-05
0.001243 0.000105
0.001243 5e-05
0.001246 0.000109
0.001238 0.000126
0.00124 8.3e-05
0.001236 9.5e-05
0.001243 9.5e-05
0.001239 6.3e-05
0.001247 8.9e-05
0.00124 8.2e-05
0.001239 0.000114
0.001246 0.000134
0.001241 0.000134
0.001244 5e-05
0.001277 0.000201
0.00124 9.6e-05
0.001034 7.2e-05
