0.017272 1.5e-05
0.017187 1.4e-05
0.018497 1.4e-05
0.014792 1.5e-05
0.017517 1.1e-05
0.017586 1.5e-05
0.017146 1.9e-05
0.017335 1.2e-05
0.01851 1.5e-05
0.01765 1.2e-05
0.017264 1.2e-05
0.018514 1.4e-05
0.016499 1.4e-05
0.017315 1.6e-05
0.017176 1e-05
0.017174 1.4e-05
0.017592 1.2e-05
0.017165 1.5e-05
0.017192 1.1e-05
0.016637 1.1e-05
0.015513 2e-05
0.016687 1.6e-05
0.016437 1.6e-05
0.017663 1.5e-05
0.017321 1.7e-05
0.016727 1.5e-05
0.01737 1.2e-05
0.017554 1.6e-05
0.016699 1.2e-05
0.018639 1.7e-05
0.017343 1.2e-05
0.017363 1.7e-05
0.017325 1.6e-05
0.017357 1e-05
0.01775 1.8e-05
0.017381 1.2e-05
0.017254 2e-05
0.017863 1.5e-05
0.017714 1.6e-05
0.017397 1.9e-05
0.017281 1.7e-05
0.018642 1.5e-05
0.016386 1.7e-05
0.016408 1.4e-05
0.01735 1.4e-05
0.01847 1.9e-05
0.017524 1.5e-05
0.017402 1.2e-05
0.017026 1.3e-05
0.016428 1.3e-05
0.01847 1.4e-05
0.017134 2.1e-05
0.017105 1.4e-05
0.017086 1.7e-05
0.016923 1.8e-05
0.016458 1.4e-05
0.017668 1e-05
0.017239 1.3e-05
0.018442 1.2e-05
0.017068 1e-05
0.018451 1.1e-05
0.017303 1.1e-05
0.01715 1.9e-05
0.017129 1.5e-05
0.01639 1.4e-05
0.016394 1.1e-05
0.017215 1.3e-05
0.017216 1.3e-05
0.016653 1.4e-05
0.017718 1.4e-05
0.017372 1.5e-05
0.01619 1.4e-05
0.017243 1.7e-05
0.016465 1.4e-05
0.017135 1.7e-05
0.016525 1.2e-05
0.017452 1.4e-05
0.016237 1.3e-05
0.01716 1.6e-05
0.017122 1.1e-05
0.018427 1.6e-05
0.017128 1.2e-05
0.017641 1.2e-05
0.017203 1.9e-05
0.017654 1.7e-05
0.017393 1.7e-05
0.017416 1.5e-05
0.017127 1.5e-05
0.017268 1.6e-05
0.016434 1.7e-05
0.017648 1.2e-05
0.017139 1.2e-05
0.017194 1.6e-05
0.0176 1.2e-05
0.014737 1.3e-05
0.016526 1.3e-05
0.018571 1e-05
0.01644 1.4e-05
0.0164 1.5e-05
0.017219 2e-05
0.016383 1.5e-05
0.017109 1.2e-05
0.01726 1.5e-05
0.017164 1.2e-05
0.0171 1.7e-05
0.017471 1.3e-05
0.018005 1.3e-05
0.017 1.6e-05
0.01731 1.6e-05
0.017498 1.2e-05
0.017553 1.3e-05
0.016885 1.4e-05
0.017553 1.3e-05
0.016473 1.1e-05
0.017314 1.1e-05
0.017069 1.4e-05
0.0171 1.7e-05
0.016189 1.8e-05
0.018485 2e-05
0.017144 1.7e-05
0.017073 9e-06
0.017101 1.6e-05
0.018447 1.2e-05
0.01743 1.3e-05
0.01863 1.8e-05
0.016483 2.1e-05
0.01758 1.4e-05
0.018461 1.5e-05
0.017099 1.2e-05
0.017186 1.4e-05
0.017607 1.3e-05
0.018465 1.2e-05
0.017131 1.1e-05
0.017331 1.7e-05
0.015484 1.2e-05
0.018455 1.5e-05
0.017572 1.4e-05
0.017112 1.1e-05
0.017087 1.3e-05
0.016391 1.6e-05
0.015245 1.7e-05
0.017084 1.7e-05
0.018483 1.3e-05
0.017232 1.3e-05
0.017117 2e-05
0.017108 1.8e-05
0.017103 1.1e-05
0.016555 1.8e-05
0.018472 1.1e-05
0.01717 1.1e-05
0.0171 1.5e-05
0.017075 1e-05
0.017643 1.9e-05
0.0173 1.4e-05
0.01875 1.6e-05
0.017348 1e-05
0.018772 1.5e-05
0.017191 1.3e-05
0.018673 1.7e-05
0.018315 1.7e-05
0.01736 1.2e-05
0.017898 1.8e-05
0.017394 1.2e-05
0.017357 1.2e-05
0.016699 1.3e-05
0.016617 1.6e-05
0.016564 2e-05
0.017338 1.3e-05
0.018716 1.9e-05
0.017825 1.8e-05
0.017643 1.8e-05
0.018644 1.9e-05
0.0166 1.3e-05
0.017199 1.3e-05
0.016063 1.3e-05
0.017159 1.5e-05
0.018459 1.3e-05
0.017514 1.2e-05
0.017133 1.5e-05
0.017039 1.5e-05
0.017267 1.9e-05
0.01734 1.7e-05
0.01717 1.7e-05
0.016518 1.5e-05
0.016487 1.5e-05
0.017177 1.4e-05
0.016403 1.3e-05
0.016867 1.6e-05
0.018486 1.3e-05
0.01848 1.5e-05
0.017272 1.9e-05
0.017582 1.2e-05
0.017223 1.5e-05
0.018821 1.8e-05
0.01737 1.3e-05
0.017087 1.1e-05
0.016994 8e-06
0.017184 1.4e-05
0.0171 1.7e-05
0.017533 1e-05
0.01716 1.1e-05
0.013298 3.7e-05
0.017014 1.1e-05
0.017219 2.1e-05
0.017108 1.2e-05
0.01732 1.1e-05
0.016226 1.9e-05
0.017116 1.6e-05
0.017924 1.4e-05
0.01729 1.2e-05
0.018521 1.3e-05
0.017077 1.5e-05
0.017244 1.6e-05
0.017711 1.8e-05
0.017288 1.4e-05
0.017339 1.1e-05
0.017656 1e-05
0.016559 1.9e-05
0.017129 1.4e-05
0.019551 1.2e-05
0.017305 1.6e-05
0.017322 1.1e-05
0.016579 1.4e-05
0.017425 2.1e-05
0.018927 1.8e-05
0.017847 1.9e-05
0.018615 1.6e-05
0.017262 1.4e-05
0.017331 1.4e-05
0.017353 1.5e-05
0.017381 1.3e-05
0.017744 1.4e-05
0.017163 1.8e-05
0.017548 1.3e-05
0.015407 1.2e-05
0.017333 3.9e-05
0.017345 1.4e-05
0.017512 2.1e-05
0.01743 1.4e-05
0.017155 1.1e-05
0.0172 1.3e-05
0.016473 1.5e-05
0.017235 1.8e-05
0.017475 1.9e-05
0.017324 1e-05
0.017393 1.1e-05
0.017342 1.6e-05
0.018855 1.9e-05
0.017159 1.6e-05
0.017111 1e-05
0.017167 1.5e-05
0.017894 1.3e-05
0.017508 2.5e-05
0.017332 1.2e-05
0.016601 1.4e-05
0.017418 1.4e-05
0.017399 1e-05
0.017514 1.9e-05
0.017777 1.8e-05
0.016659 1.3e-05
0.017779 1.7e-05
0.017772 1.7e-05
0.017289 1.4e-05
0.01743 1.1e-05
0.018138 1.2e-05
0.017328 1.6e-05
0.017326 1.9e-05
0.017481 2e-05
0.017644 1.8e-05
0.017139 1.3e-05
0.016477 1.6e-05
0.01723 9e-06
0.017622 1.9e-05
0.017125 1.5e-05
0.016102 1.8e-05
0.020039 2.1e-05
0.016669 1.4e-05
0.017656 2.2e-05
0.02149 2.4e-05
0.01818 9e-06
0.017837 1.5e-05
0.018595 1.8e-05
0.017303 1.4e-05
0.018829 1.5e-05
0.017324 1.3e-05
0.017476 1.7e-05
0.018853 2.6e-05
0.018723 2.1e-05
0.016818 1.5e-05
0.016589 1.6e-05
0.016857 1.6e-05
0.01737 2.3e-05
0.01663 1.6e-05
0.017814 1.2e-05
0.017526 1.3e-05
0.017356 1.9e-05
0.017126 1.3e-05
0.018615 1.3e-05
0.017129 1.6e-05
0.018404 1.6e-05
0.018438 1.4e-05
0.016991 1.5e-05
0.017074 1.3e-05
0.017152 1.4e-05
0.016416 1e-05
0.017099 1.2e-05
0.017164 1.4e-05
0.015801 2.8e-05
0.018174 1.3e-05
0.018483 1.4e-05
0.017137 1.4e-05
0.017599 1.4e-05
0.016376 2.1e-05
0.017714 1.5e-05
0.019385 1e-05
0.017075 1.3e-05
0.017128 1.1e-05
0.01715 1.4e-05
0.017116 1e-05
0.01806 1.1e-05
0.016611 1.2e-05
0.018365 1.4e-05
0.018468 1.7e-05
0.01711 1.7e-05
0.017076 1.3e-05
0.017765 1.2e-05
0.017077 1.3e-05
0.017148 1.3e-05
0.017174 1.2e-05
0.017129 1.3e-05
0.017148 1.8e-05
0.017184 1.6e-05
0.016648 1.5e-05
0.016545 1.5e-05
0.017969 1.3e-05
0.017152 1.2e-05
0.019225 1.1e-05
0.018465 1.1e-05
0.018498 1.5e-05
0.016434 1.1e-05
0.018599 1.3e-05
0.016632 1.8e-05
0.017414 1.7e-05
0.017455 1.4e-05
0.018468 1.5e-05
0.01714 1.1e-05
0.017119 1.3e-05
0.017302 1.5e-05
0.01855 1.8e-05
0.017642 1e-05
0.018467 1.4e-05
0.019451 1.9e-05
0.017057 1.3e-05
0.017283 1.6e-05
0.01857 1.2e-05
0.018465 8e-06
0.017124 1.7e-05
0.018469 1.4e-05
0.015489 1.8e-05
0.017231 2.2e-05
0.017105 2e-05
0.018478 1.1e-05
0.018458 1.2e-05
0.017569 1.2e-05
0.017195 1.7e-05
0.017337 1e-05
0.01644 1.4e-05
0.017177 1.3e-05
0.018385 1.7e-05
0.017187 4.7e-05
0.017681 1.8e-05
0.018401 1.8e-05
0.017115 1.7e-05
0.018101 1.6e-05
0.017117 1.7e-05
0.015067 1.1e-05
0.016445 1.9e-05
0.01763 9e-06
0.017221 1.8e-05
0.016408 1.5e-05
0.016528 1.8e-05
0.016149 1.5e-05
0.017298 1.1e-05
0.017249 1.3e-05
0.016403 1.3e-05
0.017248 1.1e-05
0.016546 1.2e-05
0.017198 1.8e-05
0.017539 1.4e-05
0.017749 1.7e-05
0.017125 1.6e-05
0.018494 1e-05
0.017179 1.5e-05
0.01722 1.5e-05
0.017156 1.4e-05
0.017107 1e-05
0.01752 1e-05
0.016416 1.5e-05
0.016823 1.5e-05
0.017213 1.7e-05
0.017699 2.4e-05
0.018551 1.7e-05
0.017134 1.1e-05
0.017139 1.7e-05
0.01764 1.6e-05
0.01727 2.1e-05
0.017568 1.6e-05
0.017106 1.3e-05
0.017314 1.9e-05
0.018482 1.2e-05
0.017158 2.2e-05
0.017418 1.3e-05
0.016437 1.4e-05
0.017189 1.6e-05
0.017485 1.3e-05
0.017542 1.5e-05
0.016555 2.2e-05
0.018738 1e-05
0.016514 1.2e-05
0.017319 1.5e-05
0.017623 1.6e-05
0.020852 1.8e-05
0.019147 1.4e-05
0.018452 1.7e-05
0.017336 1.1e-05
0.018107 1.7e-05
0.017766 1.1e-05
0.017843 3.8e-05
0.017 1.4e-05
0.017792 1e-05
0.01817 1.7e-05
0.018562 1.6e-05
0.017101 1.1e-05
0.017318 1.7e-05
0.018657 1.8e-05
0.018577 1.7e-05
0.018972 1.1e-05
0.017872 9e-06
0.017606 1.7e-05
0.017207 1.4e-05
0.017121 1.4e-05
0.017157 1.6e-05
0.017214 1.8e-05
0.017439 1.8e-05
0.017408 1.4e-05
0.018479 1.6e-05
0.017198 1.5e-05
0.017213 1.5e-05
0.017323 1.3e-05
0.016643 1.7e-05
0.017541 1.5e-05
0.01704 1.3e-05
0.017737 1.4e-05
0.016631 2.1e-05
0.017361 1.2e-05
0.01846 1.5e-05
0.017425 2e-05
0.017275 1.5e-05
0.017338 1.3e-05
0.018681 1.3e-05
0.016115 1e-05
0.018735 2.2e-05
0.018646 1.7e-05
0.016896 1.1e-05
0.017399 1.9e-05
0.017407 1e-05
0.017786 1.7e-05
0.017599 1.5e-05
0.016736 1.5e-05
0.016583 1.5e-05
0.018675 1.6e-05
0.018651 1.6e-05
0.017409 1.8e-05
0.018472 1.2e-05
0.017155 1.5e-05
0.017701 1.8e-05
0.016436 1.2e-05
0.016682 1.3e-05
0.017737 1.9e-05
0.017416 1.6e-05
0.01735 1.9e-05
0.017127 1.7e-05
0.017317 1.1e-05
0.018063 1.6e-05
0.016802 1.3e-05
0.017346 1.9e-05
0.016629 1.8e-05
0.0172 1.9e-05
0.018436 1.8e-05
0.018671 1.2e-05
0.017816 1.3e-05
0.019731 1.8e-05
0.018793 1.7e-05
0.017341 1.7e-05
0.017905 1.6e-05
0.018871 1.8e-05
0.017339 1.4e-05
0.01734 1.5e-05
0.018653 1.3e-05
0.017348 1e-05
0.017224 1.5e-05
0.017165 1.5e-05
0.017252 2.1e-05
0.017173 1.3e-05
0.016387 1.6e-05
0.016776 1.5e-05
0.017136 1.9e-05
0.017124 1.2e-05
0.018452 9e-06
0.016424 1.3e-05
0.017184 1.3e-05
0.017242 2.3e-05
0.017299 1.6e-05
0.017123 1.7e-05
0.017305 1.7e-05
0.017651 1.3e-05
0.017098 1e-05
0.017105 2e-05
0.017341 1.5e-05
0.017334 2.2e-05
0.017136 1.5e-05
0.018092 1.5e-05
0.01943 1.2e-05
0.017313 1.7e-05
0.017313 1.5e-05
0.017359 1.7e-05
0.017268 1.1e-05
0.018668 2.2e-05
0.017388 1.3e-05
0.018036 1.7e-05
0.017418 1.7e-05
0.018923 1.1e-05
0.017449 1.4e-05
0.017723 8e-06
0.017424 1.8e-05
0.017369 2.3e-05
0.01674 1.2e-05
0.016475 1.3e-05
0.017074 1.1e-05
0.016931 1.5e-05
0.016642 8e-06
0.017651 1.1e-05
0.017119 1.1e-05
0.017236 1.6e-05
0.017091 1e-05
0.017145 1.9e-05
0.018464 1.6e-05
0.017498 1.8e-05
0.016684 1.2e-05
0.018845 1e-05
0.018705 1e-05
0.017357 1.6e-05
0.017477 1.7e-05
0.017327 9e-06
0.018694 1.4e-05
0.017412 1.4e-05
0.015253 1.3e-05
0.01737 1.6e-05
0.017358 1.6e-05
0.016702 1.7e-05
0.017419 1.4e-05
0.016607 1.6e-05
0.017332 1.3e-05
0.016856 1.7e-05
0.017334 2.4e-05
0.01818 1.6e-05
0.017427 1.4e-05
0.017142 1e-05
0.018836 1.9e-05
0.017798 1.4e-05
0.017149 1.7e-05
0.017262 1.5e-05
0.017114 1.3e-05
0.016851 1.1e-05
0.016547 9e-06
0.017143 1.7e-05
0.016417 1.6e-05
0.017101 1.1e-05
0.017413 1.2e-05
0.01629 1.2e-05
0.01715 2e-05
0.018494 1e-05
0.018421 1.8e-05
0.017146 1.7e-05
0.018422 1.2e-05
0.017119 1.4e-05
0.017876 1.8e-05
0.017068 1.2e-05
0.016423 1.1e-05
0.016492 1.6e-05
0.016701 1.2e-05
0.018568 2e-05
0.017278 1.1e-05
0.017349 1.7e-05
0.017316 1.4e-05
0.017378 1.5e-05
0.016334 1.5e-05
0.017449 1.2e-05
0.017762 1.2e-05
0.016677 1.5e-05
0.017399 1.6e-05
0.0173 1e-05
0.016726 1.2e-05
0.016863 1.4e-05
0.0173 1.1e-05
0.01773 1.6e-05
0.017344 1.6e-05
0.017135 1.1e-05
0.01741 1.7e-05
0.016704 2e-05
0.017749 1.5e-05
0.018675 1.2e-05
0.017102 1.6e-05
0.016055 1.9e-05
0.016452 1.7e-05
0.017191 1.7e-05
0.01734 1.8e-05
0.016387 1.2e-05
0.018545 1.6e-05
0.018456 7e-06
0.017682 1.3e-05
0.019943 1.5e-05
0.017313 1.9e-05
0.016445 1.4e-05
0.016506 1.2e-05
0.01849 1.8e-05
0.017191 1.6e-05
0.016419 1.3e-05
0.017139 1.6e-05
0.018434 1.2e-05
0.015078 1.5e-05
0.017318 1.2e-05
0.017189 2.2e-05
0.018385 1e-05
0.016504 1.4e-05
0.017432 1.9e-05
0.017968 2.1e-05
0.016589 1.3e-05
0.01713 1e-05
0.017107 1.6e-05
0.0168 1.4e-05
0.01712 1.3e-05
0.017134 1.4e-05
0.017224 1.4e-05
0.018439 2e-05
0.018575 1.1e-05
0.017133 1.2e-05
0.01665 1.7e-05
0.01719 1.7e-05
0.017302 1.4e-05
0.018435 1.7e-05
0.01844 1.7e-05
0.017209 1.8e-05
0.015395 1.6e-05
0.01734 1.7e-05
0.017577 1.6e-05
0.017063 1.5e-05
0.017531 1.6e-05
0.017522 1.4e-05
0.016446 1.5e-05
0.017333 1.4e-05
0.01742 1.1e-05
0.017528 1.3e-05
0.016674 1.4e-05
0.017424 1.5e-05
0.017397 2.1e-05
0.017664 1.2e-05
0.017267 1.1e-05
0.017363 2.1e-05
0.017728 1.9e-05
0.017346 1.2e-05
0.017398 2.3e-05
0.01863 1.2e-05
0.01745 1.8e-05
0.018339 1.4e-05
0.017319 1.3e-05
0.016738 2.1e-05
0.01794 2.4e-05
0.017349 1.6e-05
0.017526 1.5e-05
0.017528 1.4e-05
0.018354 1.8e-05
0.017188 1.3e-05
0.017217 9e-06
0.016427 1e-05
0.016453 1.3e-05
0.017111 1.6e-05
0.015469 2.1e-05
0.021676 1.5e-05
0.020897 1.7e-05
0.022549 1.6e-05
0.020139 2.6e-05
0.019315 1.9e-05
0.021695 1.5e-05
0.020873 1.2e-05
0.021122 1.2e-05
0.021097 1.6e-05
0.021117 1.2e-05
0.023425 3.3e-05
0.022908 2.4e-05
0.021192 1.7e-05
0.023139 1.7e-05
0.022947 2e-05
0.021777 2.5e-05
0.020333 1.3e-05
0.018966 1.7e-05
0.021387 2.8e-05
0.021665 2.6e-05
0.021695 2e-05
0.021181 2.2e-05
0.020656 2.2e-05
0.021016 2.2e-05
0.022852 2e-05
0.021201 1.8e-05
0.02125 1.5e-05
0.022892 1.5e-05
0.021809 1.3e-05
0.020293 1.7e-05
0.021168 1.6e-05
0.01814 1.4e-05
0.022013 1.7e-05
0.02118 2.3e-05
0.021236 1.5e-05
0.021154 1.8e-05
0.02122 2.4e-05
0.021306 2.4e-05
0.02108 1.6e-05
0.021213 2.1e-05
0.018686 2.2e-05
0.021377 1.6e-05
0.021206 2.6e-05
0.021194 2.3e-05
0.021166 2.4e-05
0.023007 1.7e-05
0.021729 2.1e-05
0.020447 2.3e-05
0.022882 2.1e-05
0.021093 2.3e-05
0.021258 1.9e-05
0.021817 2e-05
0.021751 2.1e-05
0.022619 1.4e-05
0.019149 1.9e-05
0.022388 1.5e-05
0.021009 2.7e-05
0.021654 2.2e-05
0.020089 8e-06
0.021118 1.6e-05
0.020942 1.8e-05
0.020933 1.7e-05
0.020938 2e-05
0.018957 2.6e-05
0.021124 2e-05
0.021484 2.1e-05
0.020953 2.5e-05
0.020889 1.5e-05
0.01446 1.3e-05
0.014353 2.1e-05
0.022526 1.9e-05
0.02094 1.3e-05
0.018342 2.1e-05
0.022641 2.3e-05
0.0211 1.2e-05
0.020974 1.8e-05
0.022517 1.3e-05
0.018606 1.6e-05
0.023386 2.2e-05
0.020202 1.8e-05
0.021334 1.7e-05
0.020992 1.1e-05
0.021556 2.3e-05
0.021511 1.9e-05
0.022587 1.3e-05
0.021918 1.3e-05
0.017725 1.4e-05
0.022423 1.6e-05
0.023151 1.4e-05
0.021398 1.8e-05
0.020482 1.1e-05
0.023291 1.4e-05
0.021534 1.6e-05
0.021478 2e-05
0.021985 1.7e-05
0.017799 1.8e-05
0.022911 1.4e-05
0.020484 2.3e-05
0.021347 1.8e-05
0.02145 1.7e-05
0.021478 2e-05
0.023202 1.6e-05
0.021316 1.4e-05
0.021972 1.4e-05
0.017253 1.5e-05
0.022502 1.6e-05
0.020782 1.3e-05
0.021398 1.4e-05
0.02141 1.5e-05
0.020812 1.9e-05
0.023151 1.9e-05
0.02055 2.4e-05
0.020473 1.7e-05
0.019454 2e-05
0.023308 2.1e-05
0.021432 1.6e-05
0.021339 2e-05
0.021432 2.3e-05
0.021549 2.1e-05
0.02347 1.7e-05
0.021299 1.4e-05
0.021426 1.7e-05
0.020861 2e-05
0.021586 1.8e-05
0.021411 2.5e-05
0.020494 2.3e-05
0.020699 2e-05
0.020279 1.5e-05
0.023823 1.7e-05
0.0205 1.5e-05
0.020522 1.4e-05
0.02186 2.1e-05
0.020438 1.7e-05
0.021423 2.2e-05
0.021433 1.4e-05
0.022895 1.3e-05
0.018972 1.6e-05
0.023769 1.9e-05
0.021061 2e-05
0.020229 2e-05
0.021216 1.2e-05
0.021817 1.6e-05
0.021257 2.1e-05
0.022858 1.9e-05
0.022881 2e-05
0.015668 2.3e-05
0.023325 2.5e-05
0.022891 1.3e-05
0.020405 2.4e-05
0.020336 2.1e-05
0.020315 2.2e-05
0.02029 2e-05
0.022842 1.7e-05
0.021685 1.7e-05
0.02051 2e-05
0.021232 2e-05
0.02284 2.1e-05
0.021247 2.3e-05
0.02281 1.8e-05
0.018348 2e-05
0.021889 2.4e-05
0.021243 1.8e-05
0.020272 1.8e-05
0.020387 1.1e-05
0.021359 2.4e-05
0.020425 1.2e-05
0.021553 1.8e-05
0.021056 1.8e-05
0.017793 2.5e-05
0.020778 2.1e-05
0.021591 1.9e-05
0.022858 1.4e-05
0.02115 1.4e-05
0.020383 1.9e-05
0.021147 1.8e-05
0.021718 1.6e-05
0.021151 1.6e-05
0.019793 1.9e-05
0.022959 2.5e-05
0.021824 1.2e-05
0.022826 2.3e-05
0.020328 2e-05
0.019552 2e-05
0.021124 2.1e-05
0.021132 1.6e-05
0.021119 2.2e-05
0.021179 9e-06
0.023054 2.4e-05
0.021301 1.6e-05
0.022863 2.1e-05
0.02169 1.6e-05
0.018871 2.2e-05
0.021213 1.4e-05
0.020495 1.6e-05
0.02117 1.7e-05
0.021154 9e-06
0.021238 1.8e-05
0.020303 2.3e-05
0.020319 1.9e-05
0.022859 1.4e-05
0.019208 2.2e-05
0.020445 1.6e-05
0.021194 1e-05
0.021727 1.6e-05
0.022886 1.1e-05
0.020823 1.4e-05
0.022397 1.6e-05
0.021189 2.1e-05
0.021206 1.8e-05
0.021201 1.3e-05
0.021299 1.9e-05
0.021776 1.5e-05
0.021202 1.6e-05
0.021224 2.1e-05
0.015387 2e-05
0.022067 1.9e-05
0.021231 1.5e-05
0.021212 1.6e-05
0.021125 1.8e-05
0.023057 1.6e-05
0.022919 1.8e-05
0.021232 1.8e-05
0.02108 1.8e-05
0.019219 2.6e-05
0.023073 1.7e-05
0.021249 1.4e-05
0.0212 1.9e-05
0.022854 1.5e-05
0.020356 1.7e-05
0.021982 1.7e-05
0.020297 2.1e-05
0.021585 1.3e-05
0.021126 1.2e-05
0.020367 1.7e-05
0.02038 1.4e-05
0.021096 1.8e-05
0.021661 2.5e-05
0.01703 1.9e-05
0.023693 1.6e-05
0.022853 1.1e-05
0.022861 2.3e-05
0.021789 1.5e-05
0.02129 2.2e-05
0.021251 1.8e-05
0.021161 2.4e-05
0.02131 1.7e-05
0.017982 2e-05
0.021326 1.9e-05
0.021216 1.7e-05
0.020477 2.4e-05
0.021778 2e-05
0.02103 1.9e-05
0.021826 2.3e-05
0.021155 1e-05
0.022826 2e-05
0.021184 1.5e-05
0.021164 1.6e-05
0.02183 1.6e-05
0.021147 2e-05
0.021108 2.2e-05
0.018114 1.4e-05
0.021288 2.2e-05
0.021627 2.1e-05
0.021183 1.9e-05
0.022809 1.3e-05
0.023006 1.6e-05
0.021254 2.1e-05
0.021115 1.8e-05
0.021846 1.5e-05
0.016317 1.7e-05
0.021432 1.7e-05
0.021273 1.6e-05
0.021182 1.9e-05
0.021184 1.5e-05
0.020505 1.4e-05
0.022944 2e-05
0.021763 1.8e-05
0.02124 1.8e-05
0.020074 2e-05
0.020472 0.000131
0.020243 2e-05
0.021191 1.6e-05
0.022832 2e-05
0.018585 2e-05
0.021573 2.4e-05
0.020234 1.4e-05
0.021088 2.1e-05
0.021191 1.1e-05
0.021317 1.8e-05
0.022977 1.9e-05
0.02108 1.5e-05
0.020981 2.7e-05
0.019927 2.1e-05
0.021341 2.5e-05
0.021205 2.1e-05
0.022865 2.4e-05
0.02122 1.5e-05
0.021271 1.8e-05
0.021227 1.7e-05
0.021206 1.6e-05
0.021078 1.9e-05
0.01874 2.1e-05
0.021237 2.5e-05
0.020307 1.6e-05
0.021071 1.2e-05
0.021343 1.3e-05
0.019134 1.3e-05
0.022124 1.5e-05
0.020227 1.4e-05
0.021188 1.9e-05
0.021168 1.7e-05
0.02046 1.8e-05
