0.02118 0.00017
0.020302 0.000121
0.021169 0.000174
0.018022 0.000176
0.021609 0.00019
0.021242 0.000183
0.021137 0.000178
0.020353 0.000171
0.021267 0.000147
0.020845 0.000284
0.02116 0.000221
0.022846 0.000134
0.021061 0.000138
0.021256 0.000194
0.02288 0.000198
0.020331 0.00017
0.021052 9e-05
0.016819 0.000139
0.023773 0.000288
0.021232 0.000242
0.021221 0.000164
0.022878 0.000113
0.021265 0.000136
0.020454 0.000103
0.020316 0.000126
0.021714 0.000148
0.016607 0.000165
0.021884 0.000188
0.019833 0.000133
0.018733 0.000157
0.016667 0.000179
0.016267 0.000144
0.01738 0.000107
0.017961 0.000132
0.017842 8.6e-05
0.017371 9.7e-05
0.016552 0.000139
0.015723 8.1e-05
0.017883 0.000143
0.017359 0.000179
0.017364 9e-05
0.017319 0.00013
0.018722 9.4e-05
0.017309 0.000139
0.0175 0.000206
0.016947 0.000149
0.017809 0.00011
0.016587 0.000149
0.016092 6.1e-05
0.016726 0.000133
0.018724 0.000188
0.017366 0.00016
0.017518 0.000159
0.018282 0.000159
0.017828 9.8e-05
0.017452 5.9e-05
0.01663 0.000308
0.018764 0.000119
0.017073 0.000109
0.0192 9.3e-05
0.01788 8.9e-05
0.017801 9.3e-05
0.017752 0.000151
0.018536 0.000138
0.01776 0.00016
0.01783 0.000131
0.018044 0.000103
0.018337 0.000125
0.017856 0.000201
0.019142 0.000136
0.017921 0.000176
0.018816 0.000187
0.017399 7.7e-05
0.016674 9.5e-05
0.017864 0.0001
0.017455 0.000109
0.015425 0.000152
0.017356 0.000159
0.01669 0.000135
0.01732 9.4e-05
0.017415 0.000121
0.016612 0.000137
0.017365 0.00016
0.017616 0.000141
0.017831 7.5e-05
0.017751 0.000114
0.017477 9.6e-05
0.016355 8.6e-05
0.017786 0.00017
0.017668 0.000128
0.017359 0.000167
0.017332 0.000112
0.017387 0.000124
0.018107 0.00018
0.017428 0.000103
0.017788 0.000108
0.016681 0.000198
0.017343 0.000112
0.018748 9.4e-05
0.016665 0.000107
0.017723 9.8e-05
0.017882 0.00014
0.018706 0.00016
0.017844 0.000163
0.016532 0.000115
0.017497 0.000149
0.01734 0.000144
0.01735 9.3e-05
0.017742 9.8e-05
0.01866 0.000213
0.018838 0.000164
0.017549 0.000114
0.017533 8.5e-05
0.017454 0.000112
0.017386 8.8e-05
0.017249 0.000169
0.019525 0.000102
0.017278 0.000111
0.017832 0.000168
0.017484 0.000118
0.017305 0.000198
0.017285 8.4e-05
0.017413 0.00013
0.017445 0.000135
0.017335 0.000109
0.017341 9.5e-05
0.017367 0.000124
0.017361 6.1e-05
0.018137 0.000132
0.017324 0.000145
0.018794 0.00015
0.017443 0.000125
0.016767 0.000154
0.017369 0.000181
0.017451 0.000118
0.016679 8e-05
0.018749 0.000148
0.017389 0.000126
0.017607 0.000131
0.017335 8e-05
0.017368 8.8e-05
0.017519 0.000152
0.01777 0.000102
0.017727 6.9e-05
0.018701 0.000153
0.017535 0.000125
0.016606 0.000177
0.016622 8e-05
0.016546 0.000105
0.016285 0.000125
0.018783 0.000127
0.017429 0.000181
0.017844 7.5e-05
0.017417 0.000118
0.017303 0.000121
0.020361 0.000144
0.017766 0.0001
0.019134 0.000125
0.017568 0.000115
0.019227 0.000109
0.016967 9.1e-05
0.017708 0.000196
0.017562 9.5e-05
0.017552 0.000141
0.017615 0.000156
0.022595 9.6e-05
0.017398 8.6e-05
0.017726 9.6e-05
0.01882 0.000128
0.01735 0.000141
0.017614 0.000145
0.017572 0.000124
0.017036 0.000135
0.018777 0.000142
0.018044 8.5e-05
0.018717 8.1e-05
0.017697 0.000105
0.017009 0.000113
0.016661 0.000123
0.017365 0.00012
0.018711 8.9e-05
0.016664 0.000102
0.017333 9.6e-05
0.017372 0.000136
0.017811 0.000141
0.017386 0.000144
0.016612 0.000127
0.016725 0.0001
0.016225 0.000117
0.017388 0.000172
0.020185 0.000213
0.017401 0.000134
0.017385 0.000226
0.018718 0.000102
0.016646 7.6e-05
0.017438 0.000186
0.017485 0.000117
0.017368 0.000124
0.017347 0.0001
0.017011 0.000116
0.017744 0.000168
0.017472 0.000114
0.017327 8.4e-05
0.017323 0.000137
0.017494 0.000177
0.016025 0.000137
0.017985 0.000132
0.017944 5.4e-05
0.017326 0.000139
0.017384 0.0001
0.017371 9.6e-05
0.01882 0.000118
0.018896 0.000145
0.016683 0.000171
0.017396 0.000169
0.018768 0.000134
0.016454 0.00012
0.01743 0.000159
0.017874 0.000146
0.017869 0.000107
0.018743 0.000131
0.017328 9.1e-05
0.016622 0.000128
0.017431 0.00011
0.016788 0.000114
0.018679 9.3e-05
0.016554 0.000109
0.018704 0.0001
0.017391 0.000131
0.016726 0.000168
0.017315 0.00017
0.01731 0.000103
0.0174 0.000154
0.014851 0.000157
0.019026 0.000111
0.018178 0.000117
0.017453 0.000123
0.020634 0.000235
0.017848 0.000202
0.017374 0.000159
0.017515 0.00012
0.017747 0.000128
0.018698 0.000102
0.017468 0.000157
0.016591 0.000126
0.017272 0.000126
0.018014 0.000243
0.017784 8.8e-05
0.017848 9.6e-05
0.018465 0.000111
0.019206 0.00014
0.018327 0.000113
0.017792 0.000122
0.017814 0.00013
0.018126 0.000115
0.016842 9e-05
0.019227 0.000163
0.01742 0.000117
0.017823 0.000109
0.018483 0.000122
0.020291 9.9e-05
0.016712 9.4e-05
0.017405 0.00018
0.016599 0.000103
0.015301 6.2e-05
0.014401 6.9e-05
0.01728 0.000206
0.017913 9.4e-05
0.018685 0.00011
0.016807 0.000158
0.018729 0.000156
0.018025 0.00011
0.017388 0.000136
0.017446 8.4e-05
0.018714 0.000144
0.018759 0.000159
0.01737 0.000116
0.016636 0.000167
0.016729 0.000102
0.018727 0.00012
0.015744 0.000145
0.017421 0.000149
0.018676 9.7e-05
0.018707 9.3e-05
0.017313 0.000116
0.017324 8.2e-05
0.018845 8.7e-05
0.019287 0.000252
0.017314 0.000104
0.017439 0.000138
0.017719 0.000127
0.01605 0.000121
0.018936 6.4e-05
0.017813 0.000176
0.016759 0.00014
0.017646 5.5e-05
0.017493 0.000183
0.018988 0.000105
0.01797 0.000137
0.016867 8.5e-05
0.018901 0.000106
0.019015 8.8e-05
0.017119 8.7e-05
0.018734 0.000142
0.018644 0.000103
0.016602 0.000103
0.018696 0.000189
0.017288 0.0001
0.018293 0.000135
0.016698 0.000165
0.018652 0.000128
0.016667 0.000171
0.016588 0.000109
0.017329 0.000211
0.01669 0.000128
0.017808 8e-05
0.01664 0.000143
0.017382 0.000139
0.017828 0.000136
0.016467 0.000104
0.017732 0.000139
0.017303 0.00021
0.017362 0.000182
0.018679 0.000134
0.019063 0.000137
0.017386 0.000103
0.01882 9.8e-05
0.018736 0.00018
0.017359 0.000107
0.017369 9.3e-05
0.017045 0.000182
0.01742 0.000103
0.017396 0.000151
0.018712 0.00022
0.017295 0.00014
0.018706 0.000133
0.016411 6.3e-05
0.017337 0.000128
0.017385 0.00014
0.017376 0.000118
0.017342 8.6e-05
0.017333 7.9e-05
0.016698 0.000112
0.017593 0.000208
0.017834 0.000142
0.017335 0.000127
0.018827 0.000154
0.017569 0.000126
0.016674 0.000195
0.017428 0.000161
0.017388 0.000138
0.018735 0.000137
0.017695 0.00012
0.018133 9.2e-05
0.019227 9.2e-05
0.017369 0.000133
0.018735 0.000125
0.019257 0.000131
0.018679 0.000152
0.017298 0.000134
0.017404 9.3e-05
0.017311 0.000127
0.018724 0.00011
0.016657 0.000103
0.016377 0.000185
0.018837 0.000112
0.017899 0.00017
0.017329 0.000136
0.017423 0.000124
0.017073 0.000135
0.017383 0.000163
0.018086 0.000123
0.017592 8.5e-05
0.016608 0.000183
0.019264 0.000155
0.017887 0.00013
0.018782 0.000125
0.016653 0.000108
0.017349 0.000166
0.017921 0.000103
0.017254 9.8e-05
0.017415 0.000113
0.016649 0.000119
0.017486 0.000127
0.017349 0.000168
0.017271 0.00013
0.016594 0.000111
0.017841 0.000111
0.017416 0.00019
0.016658 7.9e-05
0.017379 8.7e-05
0.01737 0.00011
0.015836 9.6e-05
0.017332 0.000102
0.017353 0.000164
0.017142 0.000116
0.017713 0.00015
0.017378 0.000104
0.017146 9.1e-05
0.017406 0.000102
0.01733 0.000104
0.01735 0.00019
0.017407 0.000115
0.017332 8.1e-05
0.017412 0.000115
0.017428 8.4e-05
0.017768 0.000114
0.017448 0.000127
0.018666 0.000116
0.016983 8.2e-05
0.017413 0.000118
0.0174 0.000112
0.016637 0.000159
0.018652 0.000173
0.017341 0.000181
0.017379 9.1e-05
0.017463 0.000144
0.018683 0.000139
0.017816 0.000115
0.017376 0.00012
0.018634 0.000107
0.018795 8.4e-05
0.017397 0.000112
0.016674 0.00011
0.016679 0.000128
0.018677 0.00011
0.017957 0.000129
0.016633 0.00013
0.017775 0.000171
0.017303 0.000183
0.017425 0.000107
0.017371 7.5e-05
0.017766 0.000136
0.017508 0.000113
0.017322 0.00011
0.017313 0.000185
0.016628 0.000165
0.017134 0.000125
0.017748 0.000138
0.018007 0.000111
0.016676 0.000122
0.017323 0.000148
0.016628 0.000184
0.015569 0.000174
0.017779 0.000114
0.017345 8e-05
0.017766 0.000145
0.018678 7.6e-05
0.016576 0.000103
0.018875 0.000155
0.016874 0.00012
0.017376 7.9e-05
0.017375 0.000114
0.018827 0.000138
0.015893 0.00015
0.016685 0.000114
0.017787 0.000119
0.018753 7.8e-05
0.017636 0.000111
0.016649 0.000115
0.016134 0.000123
0.017455 0.000103
0.017865 8.6e-05
0.016718 0.000164
0.017333 0.000142
0.017349 0.000132
0.017436 7.2e-05
0.019123 0.000148
0.016684 9.7e-05
0.017535 0.000113
0.017326 0.0001
0.016008 9.5e-05
0.016681 0.000137
0.017387 0.000114
0.016573 0.000293
0.017323 0.000118
0.018693 0.000172
0.017577 9.5e-05
0.017379 0.000146
0.01667 0.00014
0.017346 0.000152
0.018658 0.00014
0.01859 0.000165
0.017301 0.000137
0.017791 0.000101
0.016706 0.000176
0.01736 0.000131
0.018792 8.3e-05
0.016138 0.000132
0.017817 0.00012
0.018721 0.000107
0.018692 0.000122
0.018698 0.000184
0.016683 6.4e-05
0.018779 0.000107
0.019074 7.5e-05
0.016687 0.000144
0.016689 0.000144
0.017819 0.000113
0.016794 0.000123
0.017332 0.000109
0.018756 7.5e-05
0.017154 0.00014
0.017736 9.5e-05
0.017738 0.000182
0.01909 9.2e-05
0.017884 0.000128
0.017849 0.000149
0.01679 8.9e-05
0.017343 0.000126
0.016884 0.000142
0.017329 7.9e-05
0.018733 0.000139
0.01796 0.00014
0.018723 0.000127
0.017352 0.000163
0.017229 0.000134
0.017814 8.3e-05
0.016697 9.3e-05
0.017317 9.4e-05
0.018694 0.000117
0.018735 9.1e-05
0.017343 0.000102
0.017463 0.000102
0.016784 0.0001
0.016653 0.000219
0.018376 0.00016
0.015619 0.000223
0.017399 0.00015
0.01737 9.5e-05
0.017364 8.4e-05
0.017323 0.000145
0.018808 9.5e-05
0.017626 8.1e-05
0.018862 0.000148
0.017586 9.7e-05
0.017384 0.00014
0.018655 0.00014
0.017338 6.4e-05
0.018736 0.000131
0.017397 0.000109
0.017203 0.000181
0.01659 0.000138
0.018851 0.000118
0.016592 0.000132
0.017352 0.000156
0.017319 0.000111
0.017432 0.000115
0.018674 6.8e-05
0.017408 0.000126
0.017987 9.8e-05
0.017553 0.000129
0.017479 0.000146
0.017436 8.2e-05
0.016667 0.000128
0.017909 7.4e-05
0.017373 0.000161
0.016666 0.000128
0.018687 0.000122
0.016743 0.000112
0.016724 0.000104
0.016425 0.000134
0.018788 0.000141
0.016619 0.000228
0.017313 0.000106
0.017359 0.000112
0.017272 0.000189
0.017352 0.000117
0.016747 0.000134
0.018772 0.000122
0.016708 0.000188
0.016727 8.8e-05
0.018019 0.000114
0.017319 0.000166
0.017378 0.000178
0.017323 0.00015
0.017565 0.000106
0.017388 7.8e-05
0.017889 0.000184
0.01877 0.000113
0.018767 5.8e-05
0.017355 9.9e-05
0.016592 0.000125
0.018691 0.000144
0.017334 0.000115
0.019017 0.000207
0.018706 0.00021
0.017333 0.000144
0.018904 0.000142
0.015033 6.3e-05
0.01741 0.000111
0.018747 0.000152
0.016702 0.000134
0.017466 0.000176
0.01734 0.00013
0.017349 0.000185
0.018863 0.000102
0.017769 0.000138
0.018698 0.0001
0.017946 0.000168
0.017237 0.000135
0.017384 0.000113
0.01762 8.5e-05
0.017387 0.00016
0.017354 0.000135
0.016698 0.000221
0.017442 7.2e-05
0.016616 0.000208
0.01666 0.000167
0.01662 0.000132
0.018742 0.00015
0.017352 0.000132
0.01784 8.3e-05
0.016748 0.000227
0.017328 0.000166
0.017759 0.000118
0.01731 0.000134
0.018073 0.000122
0.017474 0.000211
0.016707 0.000126
0.017317 0.000146
0.017384 0.000135
0.017358 8e-05
0.01659 0.000135
0.018921 0.000188
0.017346 0.000143
0.017435 0.000136
0.017945 7.8e-05
0.01787 0.000128
0.017379 0.000137
0.019124 0.00012
0.016711 0.000192
0.016676 0.000125
0.018832 0.0001
0.016258 9.3e-05
0.018732 0.000156
0.017756 0.000101
0.017375 0.000205
0.016581 0.0001
0.01874 0.000133
0.018719 0.000107
0.017483 0.000119
0.017383 0.000117
0.017356 0.000181
0.017337 8.7e-05
0.017785 0.000183
0.018545 6.8e-05
0.018741 0.000121
0.017325 0.000102
0.018713 9.9e-05
0.018691 0.000108
0.015638 0.000117
0.018727 0.000148
0.017763 0.000116
0.018653 0.000126
0.017337 0.000177
0.017369 8e-05
0.017751 0.000161
0.017703 0.000159
0.017456 0.000149
0.017342 0.000101
0.017343 0.000107
0.016606 0.00016
0.01788 0.000216
0.016679 0.000179
0.017411 9.7e-05
0.017799 0.000142
0.017345 0.000113
0.016498 9.9e-05
0.018343 0.000133
0.017383 0.000118
0.017874 0.000106
0.017335 0.000134
0.01781 9e-05
0.017882 0.000133
0.017761 0.000166
0.017287 0.000205
0.016702 0.000102
0.01786 0.000126
0.0161 0.000137
0.01745 0.00015
0.017812 0.000174
0.017717 9.9e-05
0.017365 0.000108
0.016691 6.1e-05
0.017323 0.000191
0.017108 0.000112
0.018745 0.000119
0.016644 0.000115
0.017316 0.000113
0.016986 0.000134
0.017383 0.000152
0.017381 0.000114
0.017418 0.000124
0.01727 8.3e-05
0.017346 0.000131
0.01614 0.000172
0.017371 0.00016
0.017387 8.5e-05
0.017328 9.7e-05
0.017496 0.000169
0.016635 8.5e-05
0.017563 8.5e-05
0.01749 0.000108
0.017836 0.000106
0.017861 0.000133
0.01997 9e-05
0.017229 0.000227
0.022066 0.000247
0.021121 0.000238
0.02282 0.000155
0.021703 0.000243
0.021359 0.000136
0.021751 0.000109
0.021166 0.000121
0.021124 0.000236
0.019848 0.000109
0.023077 0.00019
0.021094 0.000131
0.02124 0.000203
0.02024 0.000181
0.019528 0.000155
0.021883 0.000241
0.021166 0.000105
0.021184 0.000133
0.021246 0.000122
0.021018 0.000219
0.021193 0.000226
0.021055 0.000174
0.020342 0.000168
0.018486 0.000142
0.022146 0.000151
0.022839 0.000143
0.021881 0.000108
0.021084 0.000155
0.022973 0.000144
0.021129 9.8e-05
0.021184 0.00013
0.022779 0.00015
0.016128 0.000159
0.017355 0.000119
0.017345 7.9e-05
0.016644 0.000134
0.017364 0.000133
0.017307 0.000137
0.017494 0.000113
0.017497 0.00016
0.018778 0.000155
0.017391 9.7e-05
0.017357 0.000129
0.016649 0.000101
0.016735 0.000127
0.017705 0.000183
0.017757 0.000154
0.016637 0.000142
0.01868 0.000121
0.016497 0.000101
0.017322 0.000131
0.017377 0.000164
0.018714 0.000193
0.017359 0.000109
0.017353 9.4e-05
0.016592 0.000171
0.017453 0.000136
0.017312 0.000126
0.017737 9.8e-05
0.017709 0.000134
0.018726 5.9e-05
0.017543 8.2e-05
0.017738 7.5e-05
0.017407 0.000132
0.017667 0.000102
0.017718 0.000173
0.016345 0.000113
0.01672 0.000118
0.018748 9.9e-05
0.016591 0.000144
0.017678 0.000185
0.017708 0.000117
0.017298 0.000131
0.016819 0.000114
0.018717 0.000123
0.018739 0.000121
0.017391 0.000151
0.017125 0.000152
0.017342 0.000103
0.017384 0.000137
0.017724 0.000119
0.017318 0.000102
0.017444 8.8e-05
0.016166 0.000171
0.017421 0.000118
0.017405 8.1e-05
0.017337 0.000137
0.017765 0.000157
0.017293 0.000115
0.017039 0.000148
0.018833 8e-05
0.018903 9e-05
0.017799 0.000137
0.017343 0.000116
0.016397 9e-05
0.017796 0.000122
0.017388 0.000104
0.017809 0.000115
0.017308 9.5e-05
0.016545 0.000132
0.016488 9.5e-05
0.017393 0.00015
0.017762 0.000116
0.01739 0.000119
0.0174 0.0001
0.01778 0.000121
0.016603 0.000123
0.017524 0.000106
0.0173 0.000141
0.018712 0.000107
0.018988 0.000109
0.015619 0.000144
0.017371 0.000177
0.020598 9e-05
0.017736 0.000105
0.017344 0.000123
0.016612 0.000185
0.014349 6.8e-05
0.014061 0.00013
0.017424 0.000103
0.019071 0.000182
0.016585 0.000125
0.015913 0.000102
0.01736 0.000172
0.017379 0.000107
0.017336 0.000138
0.017746 0.000118
0.017357 7.5e-05
0.018839 0.000128
0.018078 0.000142
0.018685 0.000107
0.017359 0.000112
0.018715 0.00017
0.016558 0.000119
0.017412 0.000147
0.017798 0.000148
0.017387 0.00014
0.018668 0.000146
0.017359 0.000105
0.017353 0.000128
0.018853 0.000109
0.017378 0.000146
0.016659 0.000176
0.017367 0.000116
0.016635 0.000104
0.01742 9.8e-05
0.018783 0.000136
0.018716 0.000119
0.016846 0.000118
0.017509 0.000147
0.01562 0.000114
0.017526 0.000178
0.017449 0.000223
0.01771 7.6e-05
0.017734 0.00014
0.017327 9.1e-05
0.017374 0.000132
0.018848 0.000119
0.017307 8.5e-05
0.017404 0.0001
0.017722 9.2e-05
0.0153 0.00014
0.018734 0.000102
0.017767 0.000118
0.018696 0.00013
0.016638 0.000147
0.018708 0.000148
0.01784 0.000145
0.018911 0.000177
0.01731 0.000184
0.017401 0.000128
0.018658 0.0003
0.016716 0.000131
0.019278 0.000153
0.018185 0.000121
0.016589 8.7e-05
0.017958 0.000274
0.017347 8.9e-05
0.016168 8.5e-05
0.017458 0.00019
0.018521 9.6e-05
0.017369 0.000187
0.01791 0.000149
0.016616 0.000117
0.0174 0.000156
0.016822 0.000122
0.017862 0.000171
0.017291 0.000203
0.017348 0.00011
0.016646 0.000182
0.017888 9e-05
0.018711 0.000211
0.016587 0.000117
0.016585 0.000117
0.017352 0.000134
0.018317 9.4e-05
0.017358 0.000121
0.018774 8.6e-05
0.018653 0.000163
0.017378 0.000151
0.018589 0.00018
0.016698 0.000125
0.017743 0.000116
0.017358 0.000217
0.016826 0.000175
0.018773 0.000179
0.016391 0.000155
0.016569 0.000226
0.017412 9.6e-05
0.017316 0.00013
0.017384 9.7e-05
0.01868 0.000153
0.016646 0.000134
0.018822 0.000132
0.018297 0.000145
0.016636 0.000155
0.017301 9.9e-05
0.016626 0.000155
0.017815 0.000102
0.017353 9e-05
0.01779 0.000113
0.017335 0.000114
0.017306 0.000109
0.017453 0.000122
0.017352 0.000123
0.017286 0.000141
0.017328 0.00016
0.017464 0.000108
0.018679 0.00017
0.017719 0.000116
0.016775 0.000154
0.018692 0.000102
0.017558 0.000153
0.018701 0.000149
0.016272 0.000129
0.016642 0.000168
0.017377 0.000118
0.018616 0.000236
0.017329 9.7e-05
0.017312 6.2e-05
0.016545 0.000181
0.017345 8.4e-05
0.017351 0.000163
0.018729 0.000156
0.018774 0.0001
0.017371 0.000116
0.017369 0.00016
0.018247 0.000128
0.018718 9.7e-05
0.017275 8.7e-05
0.017419 7.7e-05
0.01633 0.000124
0.017825 0.000175
0.018987 0.000172
0.017375 0.000111
0.016616 0.000117
0.018706 0.000141
0.018758 0.000108
0.01749 0.000126
0.01738 0.000177
0.017361 0.000104
0.01743 0.000149
0.01737 8.4e-05
0.016713 0.000108
0.017806 0.000117
0.018674 9.5e-05
0.017315 5.1e-05
0.017326 0.000108
0.016656 0.000143
0.016682 9.2e-05
0.018831 0.000111
0.017518 9.5e-05
0.017337 0.000101
0.01731 8.9e-05
0.016679 0.00017
0.017498 0.000154
0.017445 0.000141
0.018735 0.000124
0.018767 7.8e-05
0.017285 0.000151
0.01744 0.00013
0.017312 9.3e-05
0.017405 0.000113
0.017322 0.000106
0.017289 0.00014
0.017789 0.000204
0.017361 0.000117
0.017372 0.000104
0.017748 0.000127
0.01883 9e-05
0.018694 8.3e-05
0.017404 0.000105
0.018119 0.000116
