0.001242 0.003123
0.001237 0.006326
0.001234 0.003362
0.001242 0.006176
0.001269 0.005968
0.001247 0.004103
0.001238 0.004389
0.001289 0.003887
0.001242 0.00342
0.001248 0.003774
0.001241 0.004221
0.001239 0.003299
0.001299 0.006268
0.001245 0.005248
0.001242 0.006818
0.001124 0.005328
0.001506 0.00737
0.00124 0.002965
0.001381 0.005619
0.001251 0.005298
0.001302 0.00325
0.001237 0.00664
0.001237 0.006707
0.001242 0.003694
0.001248 0.007224
0.001246 0.003543
0.001235 0.004703
0.001242 0.006945
0.001237 0.003662
0.001241 0.007453
0.001239 0.007149
0.001242 0.005168
0.001244 0.005284
0.001241 0.00702
0.001282 0.008142
0.001244 0.004051
0.001233 0.003284
0.001239 0.004705
0.001299 0.004383
0.001243 0.005651
0.001246 0.005073
0.00124 0.004435
0.001249 0.004969
0.001245 0.006844
0.001125 0.004397
0.00124 0.004524
0.001237 0.006218
0.001246 0.006064
0.001255 0.004238
0.001242 0.005682
0.001242 0.004448
0.001312 0.0042
0.001264 0.006497
0.001247 0.003941
0.001243 0.007232
0.001238 0.006445
0.001243 0.004765
0.00129 0.003994
0.001241 0.004731
0.00124 0.006258
0.001241 0.00626
0.001239 0.002979
0.001244 0.004779
0.001245 0.006381
0.00129 0.004549
0.001243 0.003581
0.001243 0.006534
0.001252 0.005179
0.00124 0.005168
0.001447 0.00445
0.001233 0.004135
0.001249 0.003237
0.001247 0.003857
0.001249 0.003709
0.001296 0.005998
0.00108 0.003764
0.00124 0.004421
0.001256 0.006265
0.001241 0.002989
0.00124 0.005207
0.001282 0.004745
0.00124 0.003517
0.001244 0.005968
0.001249 0.006806
0.00124 0.006609
0.001247 0.004315
0.001255 0.004772
0.001296 0.00373
0.001293 0.003318
0.001242 0.004708
0.001291 0.003714
0.001302 0.006552
0.00124 0.005992
0.001247 0.006263
0.001284 0.007713
0.001243 0.003708
0.001242 0.003875
0.001244 0.004009
0.001241 0.005209
0.001245 0.003353
0.001235 0.003841
0.001241 0.005944
0.00124 0.004501
0.001241 0.008097
0.001241 0.00601
0.001121 0.003087
0.001081 0.005655
0.001242 0.006641
0.001236 0.006668
0.00124 0.008444
0.001293 0.006625
0.001235 0.006552
0.001261 0.004589
0.001235 0.006654
0.001235 0.004724
0.001297 0.003704
0.001243 0.006111
0.001242 0.006469
0.00124 0.005483
0.001303 0.005428
0.001245 0.003072
0.001253 0.005702
0.001236 0.00707
0.001235 0.004494
0.001304 0.005551
0.001243 0.005021
0.001289 0.005102
0.001239 0.003198
0.001237 0.004317
0.001244 0.004555
0.001248 0.005976
0.001241 0.003358
0.001248 0.004563
0.001243 0.007375
0.001256 0.00319
0.001128 0.005251
0.001241 0.003332
0.001241 0.004219
0.001237 0.004954
0.001239 0.005204
0.00124 0.005667
0.001244 0.006616
0.001241 0.004516
0.001255 0.004213
0.00125 0.003873
0.001246 0.003753
0.001297 0.00557
0.001239 0.006071
0.00124 0.004327
0.001246 0.006479
0.001239 0.005135
0.001239 0.003924
0.001243 0.00388
0.001248 0.006459
0.001261 0.004413
0.001238 0.003778
0.001245 0.004156
0.001236 0.007346
0.001303 0.005335
0.001246 0.004967
0.001242 0.006645
0.001243 0.006764
0.001247 0.004134
0.00124 0.004349
0.001237 0.006336
0.001117 0.003047
0.00103 0.00424
0.001245 0.003431
0.001241 0.004783
0.001235 0.005994
0.00124 0.003857
0.001244 0.006551
0.001243 0.007768
0.001232 0.004931
0.001237 0.005592
0.001248 0.004588
0.001249 0.00443
0.001239 0.006495
0.00124 0.003643
0.001249 0.006722
0.001236 0.005504
0.00124 0.003433
0.001243 0.006058
0.001243 0.004252
0.001291 0.004197
0.00129 0.004121
0.001429 0.004764
0.001252 0.003803
0.00124 0.003715
0.001305 0.005479
0.001233 0.0034
0.001246 0.005942
0.001239 0.00517
0.001242 0.005681
0.001244 0.007185
0.001234 0.004914
0.001258 0.00539
0.001234 0.004521
0.00124 0.006876
0.001246 0.004785
0.001243 0.003662
0.001295 0.003442
0.001242 0.008664
0.001244 0.005599
0.001241 0.003672
0.00124 0.003306
0.001291 0.003272
0.00124 0.00617
0.001238 0.00338
0.00124 0.003934
0.001252 0.005121
0.00124 0.006731
0.001236 0.00462
0.001241 0.005365
0.001245 0.004366
0.001244 0.00323
0.001242 0.003933
0.001301 0.006443
0.001244 0.004239
0.001295 0.003053
0.001245 0.0079
0.001247 0.004648
0.001242 0.004102
0.001243 0.004525
0.001246 0.003629
0.00124 0.004408
0.001237 0.00535
0.001071 0.003013
0.001031 0.003292
0.001241 0.004579
0.00139 0.004411
0.001244 0.005534
0.001242 0.005515
0.001247 0.003544
0.001235 0.004264
0.001238 0.003112
0.001331 0.007723
0.001304 0.003672
0.001288 0.007496
0.001262 0.006535
0.001252 0.004732
0.001252 0.003093
0.001246 0.006185
0.00128 0.007295
0.001244 0.00429
0.00124 0.003433
0.001263 0.006793
0.001244 0.003558
0.001237 0.004411
0.001254 0.003801
0.001258 0.00341
0.001244 0.007311
0.00124 0.003422
0.001334 0.006428
0.001245 0.003308
0.001249 0.00498
0.001249 0.006372
0.001246 0.004249
0.001129 0.004639
0.001036 0.005408
0.001291 0.003556
0.001245 0.00464
0.001243 0.004572
0.001246 0.003166
0.001239 0.00637
0.001293 0.008585
0.001268 0.003864
0.001243 0.006886
0.00124 0.004827
0.001242 0.004333
0.001246 0.005479
0.001238 0.007893
0.001237 0.003926
0.001242 0.007382
0.001299 0.004969
0.001247 0.006432
0.001254 0.006064
0.001287 0.00599
0.001239 0.003458
0.001247 0.004965
0.001237 0.007186
0.001238 0.00331
0.001241 0.006507
0.001243 0.007253
0.001289 0.004042
0.001242 0.005369
0.001244 0.005166
0.00126 0.003559
0.001185 0.006209
0.0013 0.00614
0.001249 0.007724
0.001243 0.003752
0.001236 0.004126
0.001244 0.004222
0.001351 0.004449
0.001239 0.004132
0.00124 0.002963
0.001246 0.004507
0.00126 0.006811
0.001244 0.004388
0.001236 0.006036
0.001243 0.005425
0.001247 0.00357
0.001245 0.005893
0.001299 0.005926
0.001253 0.003068
0.001248 0.006918
0.001244 0.003959
0.001248 0.006081
0.00125 0.004366
0.001238 0.004787
0.00125 0.005505
0.001234 0.004008
0.001257 0.005195
0.001241 0.003835
0.001237 0.003347
0.001249 0.004216
0.001261 0.003208
0.00125 0.005103
0.001037 0.00618
0.001242 0.004588
0.001242 0.0051
0.001248 0.00335
0.001239 0.003804
0.001247 0.005004
0.001244 0.004802
0.001256 0.004426
0.001294 0.005419
0.001256 0.003824
0.001237 0.004043
0.001238 0.007693
0.001243 0.004057
0.001244 0.00709
0.001244 0.005682
0.001247 0.004003
0.001243 0.004179
0.00124 0.006957
0.001235 0.00386
0.001243 0.006407
0.001244 0.006886
0.001247 0.005739
0.001264 0.003972
0.001242 0.002912
0.001244 0.003933
0.001296 0.007491
0.001241 0.004034
0.001242 0.004889
0.001243 0.007107
0.001241 0.007361
0.001019 0.003397
0.001241 0.003206
0.001246 0.005654
0.001241 0.005929
0.001241 0.004313
0.001237 0.006643
0.001349 0.005804
0.00124 0.008352
0.001299 0.004881
0.001239 0.006128
0.001243 0.00421
0.001247 0.005752
0.0013 0.00523
0.00129 0.00554
0.001243 0.006428
0.001293 0.003471
0.001233 0.006772
0.001261 0.006346
0.001239 0.004514
0.001241 0.007503
0.00124 0.004342
0.001244 0.006574
0.001241 0.007248
0.001246 0.005556
0.001242 0.005605
0.001247 0.006798
0.001251 0.004768
0.001242 0.00669
0.001124 0.002461
0.001038 0.004798
0.001258 0.006845
0.001249 0.004072
0.001243 0.005498
0.001242 0.004482
0.001238 0.003654
0.001236 0.006944
0.001256 0.003874
0.001239 0.003336
0.001293 0.003283
0.001238 0.004491
0.001243 0.005792
0.001239 0.004471
0.001237 0.004884
0.001302 0.006259
0.001242 0.003181
0.001303 0.004323
0.001245 0.004436
0.001242 0.004876
0.001238 0.005172
0.001245 0.004055
0.001241 0.005058
0.001394 0.004772
0.001238 0.005406
0.001239 0.006
0.001249 0.004824
0.001249 0.004713
0.001246 0.004509
0.00124 0.004361
0.001301 0.004916
0.001242 0.004079
0.001128 0.006457
0.001289 0.005035
0.001286 0.004977
0.001242 0.004285
0.001242 0.007396
0.00129 0.006112
0.001243 0.005138
0.00124 0.004093
0.001246 0.007377
0.001243 0.004578
0.00129 0.003904
0.001242 0.004573
0.001296 0.007748
0.001243 0.006549
0.001251 0.005852
0.001241 0.003467
0.001239 0.006174
0.001237 0.006283
0.00125 0.005171
0.001232 0.005284
0.001237 0.004781
0.001239 0.00309
0.001243 0.007388
0.001242 0.005307
0.001463 0.006907
0.001292 0.005837
0.001751 0.012384
0.001735 0.007566
0.001246 0.002549
0.001162 0.005831
0.001313 0.007436
0.001241 0.006798
0.00127 0.005322
0.001302 0.007051
0.001249 0.00351
0.00129 0.004507
0.001299 0.003472
0.001385 0.006887
0.001244 0.005562
0.001243 0.00336
0.001297 0.004596
0.001236 0.003817
0.001306 0.005423
0.001245 0.003855
0.001236 0.004845
0.001238 0.003521
0.001233 0.0045
0.001241 0.003663
0.001255 0.00614
0.001244 0.003942
0.001242 0.00358
0.00124 0.004907
0.001252 0.004783
0.001244 0.003801
0.001244 0.00594
0.001235 0.005133
0.001244 0.004873
0.001247 0.00593
0.001293 0.003729
0.001038 0.003008
0.000994 0.006049
0.001241 0.004939
0.001244 0.005289
0.001245 0.00401
0.001293 0.005111
0.001243 0.003515
0.001288 0.005288
0.001262 0.004876
0.001294 0.004885
0.001244 0.004666
0.001245 0.00496
0.001246 0.006436
0.001248 0.004148
0.001236 0.003981
0.001245 0.006519
0.00124 0.006198
0.001253 0.005575
0.001252 0.005143
0.001241 0.00463
0.0013 0.00387
0.001241 0.003617
0.00124 0.007491
0.001244 0.003901
0.001239 0.005943
0.001296 0.002954
0.001235 0.006947
0.001246 0.004953
0.001235 0.004046
0.001296 0.005599
0.001237 0.003344
0.001089 0.002891
0.001017 0.005662
0.001256 0.004615
0.001235 0.004248
0.001289 0.004816
0.001239 0.004115
0.001238 0.007684
0.001237 0.006002
0.001267 0.007029
0.001242 0.003364
0.001233 0.003033
0.001246 0.004142
0.001245 0.005885
0.001305 0.004155
0.001238 0.003282
0.001238 0.005132
0.001245 0.003047
0.001297 0.003734
0.001237 0.004179
0.001241 0.003236
0.001243 0.006342
0.001238 0.002914
0.001244 0.005389
0.001242 0.006424
0.001247 0.003766
0.001297 0.003743
0.001238 0.006976
0.001234 0.006636
0.001287 0.004943
0.001236 0.003871
0.001246 0.004944
0.001244 0.007016
0.00108 0.004895
0.001236 0.006353
0.001244 0.003018
0.001286 0.004339
0.001234 0.00437
0.001301 0.006357
0.001258 0.004966
0.001243 0.003788
0.001238 0.007321
0.0013 0.003901
0.001242 0.005368
0.001245 0.004779
0.001243 0.00433
0.001241 0.005811
0.001244 0.005332
0.001238 0.004817
0.001238 0.006122
0.00124 0.006936
0.001232 0.003233
0.00124 0.007213
0.001242 0.005268
0.001244 0.004713
0.001294 0.004625
0.00124 0.006307
0.001295 0.003776
0.001243 0.003338
0.001239 0.004491
0.001242 0.00512
0.001244 0.007059
0.001249 0.005761
0.001072 0.005644
0.001238 0.004522
0.001238 0.003809
0.001244 0.005322
0.001242 0.006316
0.001237 0.00437
0.001236 0.005242
0.001237 0.006149
0.001238 0.004036
0.001285 0.004441
0.001242 0.007704
0.00124 0.00642
0.001251 0.005581
0.001236 0.006892
0.001246 0.006134
0.001245 0.004626
0.001234 0.005943
0.001253 0.003696
0.001236 0.004866
0.00129 0.004832
0.00124 0.005271
0.001254 0.005272
0.00124 0.006863
0.001293 0.004642
0.001255 0.006436
0.001239 0.008248
0.001288 0.003436
0.00124 0.006773
0.001244 0.002662
0.001032 0.006864
0.001236 0.004313
0.001237 0.00314
0.001249 0.003922
0.001249 0.008798
0.001332 0.004145
0.001251 0.004042
0.001245 0.005118
0.001278 0.004773
0.001244 0.004374
0.001236 0.003221
0.001249 0.007587
0.001247 0.005465
0.001303 0.006126
0.001236 0.004887
0.001246 0.002868
0.001243 0.003127
0.001242 0.006166
0.001245 0.004335
0.001249 0.004657
0.001243 0.005953
0.001245 0.004709
0.001243 0.005678
0.001298 0.005949
0.001292 0.006515
0.001242 0.005264
0.001238 0.003041
0.001243 0.004988
0.001304 0.004149
0.001253 0.003565
0.001239 0.006241
0.001036 0.004071
0.001238 0.004677
0.001246 0.005078
0.001239 0.005593
0.00125 0.005367
0.001286 0.003042
0.001235 0.005119
0.001241 0.00621
0.001291 0.005177
0.001247 0.005872
0.001239 0.003454
0.00124 0.004672
0.001248 0.005068
0.001246 0.007642
0.001246 0.005095
0.001247 0.007235
0.001239 0.006159
0.001247 0.007156
0.001284 0.003794
0.001294 0.006563
0.001243 0.00309
0.001243 0.004074
0.001241 0.002908
0.001242 0.006335
0.001292 0.004279
0.001236 0.006773
0.00124 0.004905
0.001251 0.006076
0.001242 0.003265
0.001242 0.003632
0.001127 0.006084
0.001141 0.006011
0.001242 0.0045
0.001238 0.005617
0.001238 0.004004
0.001247 0.003
0.00124 0.00638
0.001244 0.006362
0.001263 0.003028
0.001251 0.005406
0.001305 0.002977
0.001239 0.008091
0.001252 0.004551
0.001298 0.003071
0.001249 0.004034
0.001253 0.00363
0.001237 0.003842
0.001243 0.006333
0.001243 0.005793
0.001251 0.004893
0.001299 0.004658
0.001243 0.003362
0.001241 0.003681
0.001234 0.003313
0.001244 0.006655
0.001234 0.006464
0.001247 0.00508
0.001244 0.008129
0.001294 0.006701
0.001236 0.004406
0.001245 0.003657
0.001036 0.002913
0.000994 0.004308
0.001248 0.00469
0.00124 0.002981
0.001245 0.008136
0.001297 0.004196
0.001239 0.005052
0.001237 0.005698
0.001255 0.006737
0.001243 0.005341
0.001246 0.004208
0.001299 0.003701
0.001241 0.004643
0.001243 0.006225
0.001246 0.007789
0.001293 0.003616
0.001239 0.005018
0.001245 0.004291
0.001296 0.005451
0.001246 0.00606
0.001251 0.004611
0.001247 0.003391
0.001241 0.003474
0.001298 0.006189
0.001235 0.003639
0.001259 0.004038
0.001298 0.004336
0.001247 0.005342
0.001243 0.004907
0.001245 0.00428
0.001247 0.004355
0.001173 0.005873
0.001243 0.005854
0.001239 0.003135
0.001252 0.004303
0.001253 0.00767
0.001291 0.003041
0.001238 0.00359
0.001246 0.006007
0.001242 0.004956
0.001249 0.004957
0.001243 0.004299
0.001279 0.003706
0.001244 0.004996
0.001245 0.005317
0.001254 0.004292
0.001243 0.004434
0.001248 0.004805
0.001244 0.005181
0.00129 0.003875
0.001243 0.007198
0.001257 0.004899
0.001245 0.00379
0.001241 0.002951
0.001245 0.005477
0.001245 0.006217
0.001249 0.007098
0.001241 0.005043
0.001232 0.005395
0.00124 0.003579
0.001238 0.004817
0.00125 0.00558
0.001131 0.003149
0.001056 0.004213
0.001244 0.006206
0.001248 0.003861
0.001246 0.003944
0.001237 0.006379
0.001261 0.005978
0.001301 0.004612
0.001354 0.006893
0.001252 0.003215
0.001242 0.006822
0.001291 0.005144
0.001248 0.00617
0.001294 0.004732
0.001241 0.004803
0.001235 0.005557
0.001249 0.00369
0.001294 0.006875
0.001237 0.004163
0.001246 0.004834
0.001248 0.005249
0.001248 0.006442
0.001255 0.004692
0.001249 0.004688
0.001243 0.007251
0.001246 0.003877
0.001239 0.004903
0.001247 0.005364
0.001294 0.003765
0.001244 0.004072
0.00124 0.003604
0.001183 0.002943
0.001302 0.006582
0.001244 0.005069
0.001241 0.006645
0.001244 0.00445
0.001245 0.004502
0.001246 0.004639
0.001238 0.003747
0.001248 0.006546
0.001239 0.00648
0.001294 0.005656
0.001249 0.004532
0.001257 0.004093
0.001241 0.005196
0.001235 0.004126
0.001247 0.00568
0.001244 0.005077
0.001243 0.006399
0.001247 0.005886
0.001239 0.006531
0.001247 0.006328
0.001243 0.003472
0.001245 0.006648
0.001248 0.006015
0.001252 0.004169
0.001243 0.00336
0.001242 0.004383
0.001245 0.005018
0.00129 0.004155
0.001241 0.004481
0.001176 0.004325
0.001238 0.007878
0.001237 0.006479
0.001245 0.006485
0.001241 0.004534
0.00124 0.00312
0.001245 0.00395
0.001305 0.003811
0.001247 0.003579
0.00124 0.007625
0.001254 0.003631
0.001241 0.004631
0.001247 0.006366
0.001241 0.00622
0.00125 0.006029
0.001243 0.004977
0.001239 0.004049
0.00124 0.00329
0.001297 0.003999
0.001245 0.005898
0.001237 0.003661
0.001241 0.005406
0.001248 0.00763
0.001241 0.004305
0.001243 0.004743
0.001238 0.003713
0.001515 0.004609
0.001297 0.005374
0.001245 0.004832
0.001241 0.004595
0.001286 0.005247
0.001033 0.00505
0.001295 0.004911
0.001252 0.003959
0.001244 0.005813
0.001291 0.006406
0.001246 0.003444
0.001241 0.006711
0.001237 0.003645
0.001235 0.004497
0.001247 0.004325
0.001238 0.007833
0.001246 0.006969
0.001239 0.003874
0.001237 0.0063
0.001289 0.004613
0.001243 0.007667
0.001247 0.006193
0.001233 0.006433
0.001239 0.003993
0.001244 0.003952
0.001238 0.003563
0.001248 0.007492
0.001285 0.005979
0.001246 0.003318
0.001245 0.003647
0.001244 0.003636
0.001243 0.004286
0.001241 0.004193
0.001249 0.004518
0.001298 0.007122
0.001131 0.005576
0.001233 0.002965
0.001239 0.006501
0.001244 0.005403
0.001244 0.009267
0.001248 0.004642
0.00124 0.003717
0.001241 0.007029
0.001244 0.003409
0.001244 0.004523
0.001237 0.007336
0.001248 0.005057
0.001243 0.004779
0.001238 0.004345
0.001233 0.007191
0.001244 0.003512
0.001297 0.004255
0.001262 0.005593
0.001243 0.005016
0.001248 0.007439
0.001238 0.004267
0.001252 0.005791
0.001242 0.003746
0.001247 0.005283
0.001239 0.005116
0.00137 0.004152
0.001235 0.006132
0.001239 0.00492
0.001242 0.005809
0.001243 0.004314
0.001061 0.004176
0.001261 0.005925
0.0013 0.00315
0.001247 0.007244
0.001247 0.004241
0.001275 0.00453
0.001284 0.007314
0.001249 0.005147
0.001246 0.00682
0.001242 0.006525
0.001298 0.004518
0.001246 0.003753
0.001239 0.003707
0.001237 0.005393
0.0013 0.00323
0.001239 0.002944
0.001239 0.006473
0.001241 0.00357
0.001243 0.003118
0.001236 0.005846
0.001248 0.006765
0.001244 0.003936
0.001298 0.005356
0.001248 0.005394
0.001248 0.006089
0.001238 0.004028
0.001248 0.003515
0.001242 0.00355
0.001238 0.003833
0.001239 0.003342
0.001241 0.005467
0.001087 0.006564
0.001239 0.004516
0.001238 0.003673
0.001244 0.005214
0.001294 0.004143
0.001244 0.007415
0.001253 0.005592
0.001246 0.003827
0.001246 0.00462
0.001238 0.004553
0.00125 0.00487
0.001242 0.004491
0.001248 0.006152
0.001251 0.003045
0.001242 0.005811
0.001246 0.003681
0.001315 0.004364
0.001292 0.002997
0.001248 0.005266
0.001249 0.003778
0.001281 0.005019
0.001241 0.003514
0.001244 0.004169
0.001242 0.005292
0.001247 0.003425
0.001658 0.00379
0.00151 0.008703
0.001242 0.003762
0.001239 0.003964
0.001241 0.003051
0.001258 0.004118
0.001161 0.006949
0.001284 0.004182
0.001254 0.005896
0.001237 0.003246
0.001242 0.004469
0.001237 0.004992
0.001249 0.006089
0.001244 0.007489
0.00124 0.006066
0.001296 0.00387
0.001237 0.004563
0.001301 0.004108
0.001239 0.006381
0.001316 0.003335
0.001239 0.006086
0.001238 0.004619
0.001236 0.006345
0.001255 0.00837
0.001254 0.00659
0.001247 0.005216
0.001243 0.004764
0.001252 0.00693
0.001251 0.003333
0.001242 0.009064
0.001238 0.005039
0.001261 0.007381
0.001242 0.003742
0.001239 0.003909
0.001246 0.005281
0.00124 0.003464
0.00109 0.005483
0.001248 0.006566
0.001326 0.005299
0.001258 0.004288
0.00124 0.003077
0.001259 0.0035
0.001246 0.00462
0.001271 0.004332
0.001239 0.003922
0.001241 0.006034
0.00124 0.003622
0.001246 0.007238
