0.0367 0.000426
0.036601 0.000534
0.037774 0.000433
0.036616 0.000449
0.035206 0.000487
0.036652 0.000367
0.03666 0.000555
0.036835 0.000487
0.037688 0.00038
0.036591 0.000463
0.039662 0.000676
0.036652 0.000398
0.037768 0.00083
0.039627 0.000271
0.037473 0.000712
0.03684 0.00036
0.039512 0.000395
0.040087 0.000385
0.039847 0.000305
0.039525 0.0003
0.038612 0.000346
0.0377 0.000404
0.036634 0.000403
0.039668 0.000309
0.039464 0.000575
0.037626 0.000552
0.039504 0.000285
0.036718 0.000458
0.039575 0.000308
0.039619 0.00071
0.039482 0.000575
0.039769 0.000717
0.040358 0.000395
0.037864 0.000368
0.037654 0.000379
0.036641 0.000403
0.039538 0.000472
0.036798 0.000399
0.036875 0.000435
0.040285 0.000465
0.039599 0.000609
0.037322 0.000334
0.039757 0.00043
0.036815 0.000547
0.037725 0.000573
0.039784 0.000486
0.045907 0.000598
0.044896 0.000406
0.041762 0.000278
0.039501 0.000339
0.043617 0.000381
0.040705 0.000321
0.038606 0.000759
0.046711 0.000266
0.039502 0.000295
0.037728 0.000567
0.047664 0.000693
0.037111 0.000337
0.040895 0.00034
0.037987 0.000428
0.039154 0.000493
0.040026 0.000525
0.045404 0.000349
0.042726 0.000307
0.051395 0.000786
0.042389 0.000336
0.037766 0.000394
0.038958 0.00056
0.040483 0.000242
0.037158 0.000484
0.040183 0.000894
0.038131 0.000322
0.038832 0.000328
0.037789 0.000417
0.036898 0.000287
0.036915 0.000504
0.042356 0.000203
0.036879 0.000581
0.037029 0.000347
0.039875 0.000282
0.035937 0.000384
0.039603 0.00044
0.039558 0.000629
0.041438 0.000475
0.038445 0.000351
0.040215 0.000361
0.040479 0.000205
0.037211 0.000501
0.03615 0.000375
0.039025 0.000383
0.038789 0.000458
0.040197 0.000656
0.036857 0.000234
0.037449 0.000627
0.040749 0.000233
0.040704 0.000635
0.041419 0.000472
0.040496 0.000388
0.037056 0.000621
0.037962 0.000504
0.039206 0.00035
0.038259 0.000466
0.038164 0.00052
0.039224 0.000381
0.040454 0.000575
0.03999 0.000253
0.037432 0.000259
0.039573 0.000456
0.037739 0.000364
0.038032 0.000411
0.036331 0.000443
0.036534 0.000375
0.03885 0.000706
0.038661 0.000275
0.040354 0.000561
0.037333 0.000275
0.03913 0.00045
0.037894 0.000327
0.039681 0.000315
0.041519 0.000443
0.037358 0.000587
0.041305 0.000343
0.038482 0.000377
0.038292 0.000319
0.039122 0.000439
0.037844 0.000517
0.036924 0.000376
0.03682 0.000431
0.039707 0.000278
0.038168 0.000641
0.044875 0.000315
0.042007 0.000649
0.038795 0.000609
0.038438 0.0003
0.040498 0.000545
0.037766 0.000494
0.037789 0.000369
0.040195 0.00037
0.038443 0.000402
0.0392 0.00033
0.037709 0.000202
0.039906 0.0004
0.037488 0.000572
0.037126 0.000449
0.038047 0.000257
0.038187 0.000475
0.036807 0.00065
0.038204 0.000443
0.037506 0.000284
0.039615 0.000351
0.038292 0.000299
0.039378 0.000297
0.035514 0.000424
0.039889 0.000363
0.037658 0.000374
0.037633 0.000483
0.039666 0.000359
0.037256 0.000569
0.045648 0.000405
0.037173 0.000519
0.037287 0.000478
0.037172 0.000384
0.038125 0.000477
0.038825 0.000542
0.045893 0.001205
0.039795 0.000591
0.039569 0.000395
0.039148 0.000185
0.039747 0.000325
0.039653 0.000467
0.039727 0.000267
0.036958 0.000564
0.038419 0.000508
0.039941 0.000268
0.038505 0.000338
0.041324 0.000302
0.040144 0.000498
0.040063 0.000605
0.03893 0.000468
0.038364 0.000545
0.039159 0.000396
0.037573 0.000321
0.039897 0.00055
0.037576 0.000477
0.03999 0.000341
0.035838 0.000545
0.037653 0.000578
0.03827 0.000319
0.039492 0.000533
0.039834 0.000415
0.03726 0.000422
0.039733 0.000331
0.039917 0.000225
0.038824 0.000651
0.037279 0.000579
0.038019 0.000364
0.037352 0.000334
0.037517 0.000463
0.039949 0.000263
0.040917 0.000258
0.040171 0.000412
0.041812 0.000473
0.051767 0.000904
0.039003 0.000761
0.037299 0.000463
0.039996 0.000522
0.040253 0.00037
0.040121 0.000565
0.037532 0.000311
0.041783 0.000348
0.037801 0.000418
0.039218 0.000456
0.040027 0.000317
0.040095 0.000437
0.039985 0.000498
0.039453 0.00034
0.039242 0.000433
0.039826 0.000561
0.039988 0.000571
0.039675 0.000826
0.036902 0.000504
0.040698 0.000439
0.037357 0.000486
0.039637 0.000304
0.041328 0.000448
0.039643 0.000295
0.040035 0.00032
0.039065 0.000185
0.038448 0.000403
0.03723 0.00041
0.037686 0.000328
0.039446 0.000537
0.037733 0.000457
0.035414 0.00055
0.040824 0.000421
0.035979 0.000517
0.03965 0.000666
0.039011 0.000334
0.038144 0.000458
0.038398 0.000321
0.039085 0.000503
0.041891 0.000304
0.036779 0.000453
0.039504 0.000426
0.039577 0.000388
0.040313 0.000495
0.039492 0.000724
0.03686 0.000366
0.039823 0.000567
0.036879 0.000731
0.03779 0.000568
0.03945 0.000463
0.036703 0.000381
0.039502 0.000337
0.039508 0.000402
0.038323 0.0003
0.037179 0.0004
0.040044 0.000399
0.039394 0.000409
0.039411 0.000467
0.039553 0.000453
0.039755 0.000335
0.037078 0.000575
0.034461 0.000271
0.03703 0.000559
0.03674 0.000479
0.039659 0.000305
0.036816 0.000532
0.037827 0.000339
0.039749 0.000482
0.036712 0.000445
0.03542 0.000403
0.039588 0.000485
0.038493 0.000468
0.039521 0.000297
0.036914 0.000419
0.039477 0.000605
0.037081 0.00048
0.037663 0.000199
0.035449 0.000427
0.036905 0.000398
0.03748 0.000402
0.039356 0.00031
0.036884 0.000334
0.039465 0.000333
0.039787 0.00051
0.039597 0.000401
0.037746 0.000668
0.036615 0.000466
0.039394 0.000293
0.039506 0.000413
0.039522 0.000272
0.036821 0.00023
0.039706 0.000667
0.03669 0.000669
0.037721 0.000645
0.038246 0.000309
0.037548 0.000556
0.039569 0.000537
0.039516 0.00067
0.036964 0.000631
0.037686 0.000431
0.037501 0.000345
0.039156 0.00055
0.036826 0.000597
0.036795 0.000407
0.039603 0.000488
0.039521 0.000363
0.03641 0.000338
0.039709 0.000577
0.037525 0.000284
0.037707 0.000515
0.039527 0.000605
0.039976 0.000298
0.039891 0.000439
0.039454 0.000361
0.036154 0.000538
0.03967 0.000488
0.036708 0.000377
0.037679 0.000395
0.039452 0.00057
0.039508 0.000419
0.039773 0.000658
0.039418 0.000676
0.037948 0.000648
0.039519 0.000657
0.040456 0.000446
0.037712 0.000509
0.03943 0.000548
0.037928 0.000263
0.0381 0.000342
0.03663 0.000541
0.039653 0.000317
0.036733 0.000339
0.039585 0.000428
0.039125 0.000322
0.036807 0.000402
0.035342 0.000368
0.039648 0.000679
0.036884 0.000336
0.036827 0.000322
0.036755 0.000443
0.036773 0.000278
0.038577 0.000801
0.036721 0.00067
0.037917 0.000524
0.039549 0.000585
0.039764 0.000671
0.039651 0.000498
0.036824 0.000582
0.036189 0.000324
0.040087 0.000392
0.037644 0.000614
0.03726 0.000531
0.039706 0.000622
0.039515 0.000305
0.037023 0.00042
0.039514 0.000641
0.034776 0.000419
0.039635 0.000362
0.037556 0.000416
0.039678 0.00041
0.03956 0.000451
0.039513 0.000564
0.038065 0.000591
0.03682 0.000311
0.036478 0.000429
0.039583 0.000293
0.037919 0.000299
0.036814 0.000383
0.039611 0.000237
0.03702 0.000604
0.040008 0.000388
0.037614 0.000432
0.035964 0.000321
0.039551 0.000414
0.039307 0.000239
0.036837 0.000575
0.036672 0.00033
0.03792 0.000327
0.039541 0.000233
0.037685 0.000331
0.039588 0.00046
0.039498 0.00054
0.039361 0.000438
0.039852 0.000714
0.036743 0.000339
0.034997 0.000504
0.039462 0.000447
0.039638 0.00062
0.03672 0.000496
0.039587 0.000256
0.039564 0.000556
0.037079 0.000288
0.039455 0.000598
0.034746 0.000672
0.037152 0.000646
0.039508 0.000371
0.039607 0.000265
0.039489 0.000456
0.035222 0.000791
0.037573 0.000361
0.034373 0.00035
0.039487 0.000479
0.038989 0.000416
0.040248 0.000338
0.037006 0.000434
0.036076 0.000698
0.036726 0.000504
0.036741 0.000363
0.043282 0.00059
0.036738 0.000249
0.037373 0.000408
0.039521 0.00051
0.037464 0.000419
0.036921 0.000375
0.036823 0.000399
0.039462 0.000714
0.039937 0.00026
0.039847 0.000313
0.034915 0.000419
0.036745 0.000609
0.039477 0.000256
0.039908 0.000478
0.039406 0.000493
0.036656 0.000672
0.039675 0.000596
0.037727 0.00036
0.035207 0.000571
0.039541 0.000256
0.039469 0.00053
0.039632 0.000325
0.039537 0.000511
0.039245 0.000532
0.038463 0.000236
0.036795 0.000348
0.036056 0.000385
0.037696 0.000374
0.039259 0.000343
0.036799 0.000636
0.03702 0.000693
0.038828 0.000452
0.03763 0.000309
0.035304 0.0003
0.036241 0.000337
0.039479 0.000826
0.036686 0.000482
0.036869 0.000475
0.036721 0.000484
0.039196 0.000515
0.039905 0.000537
0.036793 0.000447
0.038511 0.00045
0.039837 0.000686
0.036831 0.000465
0.039694 0.000461
0.037737 0.000595
0.038332 0.000326
0.037979 0.000333
0.039562 0.000703
0.036908 0.000585
0.03931 0.000484
0.037628 0.000347
0.053221 0.001227
0.042103 0.000344
0.040137 0.000618
0.040736 0.000383
0.039041 0.000348
0.044121 0.000501
0.037133 0.000604
0.042198 0.000386
0.039416 0.000374
0.038552 0.000296
0.040212 0.00042
0.039468 0.000768
0.037973 0.000557
0.039605 0.000623
0.036946 0.000596
0.040427 0.000459
0.037196 0.000304
0.041874 0.000675
0.039656 0.00077
0.04108 0.000689
0.03745 0.000394
0.036744 0.000316
0.036553 0.000352
0.037646 0.000477
0.039411 0.000264
0.039721 0.000413
0.039216 0.000449
0.037975 0.000462
0.036975 0.000481
0.039643 0.000395
0.039734 0.000319
0.037166 0.000576
0.036666 0.000524
0.039822 0.000411
0.036746 0.00049
0.037338 0.000231
0.036827 0.000405
0.039804 0.000326
0.036925 0.000256
0.039696 0.000377
0.03672 0.000388
0.036406 0.000376
0.039796 0.000514
0.036251 0.000477
0.039607 0.000529
0.039657 0.000496
0.037024 0.000472
0.039732 0.000458
0.037453 0.000427
0.039546 0.000408
0.039458 0.000511
0.039619 0.000338
0.039892 0.000435
0.039514 0.000665
0.040062 0.000398
0.037847 0.000275
0.042394 0.000901
0.04872 0.000565
0.037285 0.000346
0.040236 0.00056
0.039625 0.000324
0.036605 0.000319
0.037762 0.000508
0.039851 0.000536
0.036864 0.000623
0.036905 0.000677
0.036337 0.000521
0.040068 0.000553
0.039723 0.000307
0.039618 0.000546
0.038761 0.0005
0.043296 0.000281
0.044084 0.000452
0.037611 0.000277
0.036907 0.000638
0.039623 0.000283
0.036676 0.000513
0.039748 0.000403
0.036792 0.000419
0.035188 0.000497
0.038398 0.000506
0.039741 0.000585
0.036786 0.000479
0.03761 0.00058
0.036722 0.000453
0.040198 0.000246
0.039522 0.00066
0.038905 0.000401
0.03683 0.000464
0.039444 0.00019
0.039962 0.000582
0.039558 0.000337
0.036005 0.000555
0.03682 0.000376
0.03958 0.000516
0.037594 0.000265
0.039576 0.000405
0.036923 0.000219
0.037897 0.000345
0.036693 0.000579
0.035469 0.00043
0.039518 0.000379
0.039408 0.000268
0.039708 0.0004
0.037649 0.000311
0.036635 0.000473
0.039644 0.000706
0.039502 0.000477
0.035266 0.000501
0.037575 0.000555
0.037556 0.000229
0.039573 0.000361
0.0368 0.000347
0.036651 0.000568
0.044196 0.000519
0.037735 0.000335
0.037267 0.000226
0.039427 0.000441
0.036607 0.0003
0.039478 0.000364
0.039438 0.000367
0.036669 0.000598
0.039698 0.000477
0.03933 0.000594
0.038168 0.000379
0.03692 0.000408
0.039518 0.00069
0.03769 0.000341
0.037509 0.000499
0.037237 0.000279
0.037715 0.000493
0.037638 0.000193
0.035746 0.000461
0.03759 0.000651
0.039598 0.000356
0.039636 0.000474
0.036694 0.00054
0.034442 0.00048
0.039596 0.000385
0.039569 0.000576
0.039352 0.000648
0.039473 0.000312
0.039519 0.000428
0.037861 0.000543
0.036619 0.000421
0.041011 0.000771
0.041536 0.00028
0.042919 0.000684
0.039694 0.000392
0.03676 0.000534
0.038859 0.000266
0.039787 0.000415
0.039435 0.000462
0.039333 0.000362
0.037344 0.000444
0.037479 0.000361
0.037841 0.000407
0.037384 0.000542
0.035205 0.000394
0.0395 0.000487
0.03853 0.000373
0.03955 0.000529
0.039417 0.000326
0.03747 0.000534
0.039905 0.000328
0.037948 0.000425
0.038116 0.000599
0.037781 0.000521
0.036892 0.00033
0.038161 0.000409
0.037687 0.0006
0.036669 0.000413
0.036934 0.000418
0.036831 0.000581
0.036142 0.000313
0.036821 0.000452
0.036848 0.000246
0.037798 0.000506
0.039651 0.000419
0.036806 0.000609
0.04 0.000283
0.036734 0.000406
0.034927 0.000425
0.037769 0.000463
0.036774 0.000415
0.038866 0.000364
0.037573 0.000348
0.039576 0.000482
0.038043 0.000505
0.036705 0.000423
0.038375 0.000688
0.039724 0.000396
0.039384 0.000265
0.039557 0.00026
0.036615 0.000355
0.036698 0.000185
0.04021 0.000358
0.039373 0.000736
0.035816 0.000726
0.040267 0.000372
0.037731 0.000424
0.036726 0.00028
0.036743 0.000294
0.038955 0.000255
0.039526 0.000633
0.040636 0.000467
0.040694 0.000653
0.039537 0.000537
0.036117 0.000391
0.039483 0.00039
0.036774 0.000619
0.036785 0.000384
0.036808 0.000308
0.036843 0.000754
0.041654 0.000534
0.039495 0.000362
0.037652 0.00031
0.039579 0.000404
0.039437 0.000382
0.039582 0.000505
0.037651 0.000452
0.036324 0.000272
0.040188 0.000513
0.036714 0.000316
0.038857 0.000355
0.036891 0.000345
0.036711 0.000444
0.039898 0.000275
0.037591 0.000628
0.037966 0.000376
0.039602 0.000693
0.039478 0.000848
0.039808 0.000568
0.039447 0.000348
0.036749 0.000323
0.039967 0.000742
0.03676 0.000392
0.037566 0.000576
0.03956 0.000639
0.037038 0.000528
0.039622 0.000361
0.037471 0.000456
0.038701 0.000428
0.036973 0.000361
0.039621 0.00023
0.036654 0.000584
0.039543 0.000264
0.039607 0.000504
0.039481 0.000446
0.03692 0.00046
0.038587 0.000434
0.036736 0.000328
0.037406 0.000553
0.037713 0.000463
0.039561 0.000443
0.037779 0.000387
0.038347 0.000357
0.036981 0.000562
0.037819 0.000387
0.037698 0.000388
0.039468 0.000285
0.036862 0.000818
0.039689 0.000469
0.039035 0.000555
0.039436 0.00041
0.03796 0.000246
0.040286 0.000561
0.037785 0.000697
0.037249 0.000542
0.037192 0.000296
0.037024 0.000411
0.037903 0.000435
0.036936 0.000564
0.042027 0.000999
0.039326 0.000351
0.037643 0.000268
0.039411 0.000547
0.040043 0.000372
0.039459 0.000587
0.038593 0.000353
0.03767 0.000481
0.039459 0.000377
0.039769 0.000369
0.037684 0.000389
0.035094 0.000348
0.039547 0.000388
0.037487 0.000736
0.036859 0.000383
0.039529 0.000437
0.039366 0.000301
0.037254 0.000534
0.039402 0.000494
0.035834 0.000368
0.037055 0.000782
0.039375 0.000376
0.039472 0.000315
0.036699 0.000295
0.036741 0.000313
0.040035 0.00034
0.037669 0.000462
0.034381 0.000591
0.039744 0.000537
0.036632 0.000504
0.035443 0.000477
0.039432 0.00049
0.039467 0.00049
0.037082 0.000346
0.037515 0.000428
0.035666 0.000365
0.036843 0.00042
0.039665 0.000469
0.03954 0.000559
0.039502 0.000453
0.038648 0.000587
0.03958 0.00044
0.039481 0.000594
0.03943 0.00062
0.037563 0.000329
0.039193 0.000479
0.039763 0.000448
0.04033 0.000504
0.03497 0.000316
0.037631 0.00053
0.03754 0.000421
0.039546 0.000406
0.039541 0.000415
0.037596 0.000552
0.037087 0.00063
0.036713 0.000428
0.037629 0.000291
0.03688 0.000522
0.036725 0.000575
0.037786 0.000377
0.036831 0.000364
0.039506 0.000412
0.039803 0.000632
0.039469 0.000289
0.035336 0.00036
0.039211 0.000623
0.039439 0.000657
0.036869 0.000513
0.036719 0.000486
0.039447 0.000535
0.036999 0.000327
0.039486 0.000408
0.035472 0.000388
0.039521 0.000611
0.036664 0.000437
0.039531 0.000379
0.039458 0.000559
0.03827 0.00039
0.035628 0.000306
0.039452 0.000542
0.035197 0.000359
0.038015 0.000323
0.039491 0.000552
0.039506 0.000352
0.039414 0.000403
0.036613 0.000617
0.04 0.00039
0.039472 0.000747
0.038851 0.00035
0.03945 0.00036
0.039607 0.000562
0.037657 0.000598
0.039354 0.000397
0.034664 0.000303
0.039289 0.000346
0.037691 0.000209
0.039514 0.000373
0.039488 0.000561
0.0368 0.00058
0.036969 0.000414
0.039384 0.00053
0.036962 0.000328
0.037472 0.000531
0.036998 0.000685
0.036784 0.000395
0.039476 0.000601
0.039377 0.000406
0.03697 0.000331
0.039575 0.00034
0.037806 0.00034
0.03982 0.000403
0.039377 0.00063
0.036835 0.000409
0.036713 0.000449
0.037547 0.000349
0.037087 0.000403
0.039494 0.000495
0.035988 0.000346
0.037578 0.000696
0.036651 0.000691
0.039562 0.000279
0.037674 0.000649
0.038861 0.000511
0.03546 0.000523
0.03943 0.000485
0.036069 0.000523
0.03679 0.000484
0.03678 0.000356
0.039632 0.000691
0.039388 0.000373
0.038006 0.000383
0.036798 0.00032
0.039563 0.000695
0.039531 0.000298
0.036864 0.000351
0.036566 0.000323
0.039737 0.000315
0.036645 0.00061
0.037311 0.000538
0.037686 0.000422
0.037481 0.000361
0.039413 0.000542
0.036844 0.000348
0.039545 0.000384
0.038252 0.000231
0.036629 0.000407
0.034883 0.000357
0.0395 0.00026
0.039347 0.000405
0.035436 0.000483
0.037621 0.000686
0.037615 0.000358
0.038634 0.000231
0.039394 0.000376
0.034791 0.000537
0.039466 0.000614
0.039434 0.000516
0.036767 0.000383
0.035477 0.000537
0.039405 0.000607
0.039719 0.000767
0.036798 0.000595
0.034117 0.000452
0.039486 0.000291
0.036618 0.000326
0.036832 0.000506
0.038229 0.000303
0.039482 0.000446
0.037727 0.000332
0.039418 0.000323
0.035318 0.000408
0.037622 0.00049
0.03941 0.000409
0.036755 0.000428
0.037793 0.000658
0.03947 0.000404
0.039595 0.000473
0.036719 0.000714
0.037834 0.000448
0.039527 0.000401
0.039491 0.000502
0.036769 0.000254
0.036692 0.000444
0.03953 0.000677
0.035832 0.000456
0.037568 0.000376
0.037193 0.000431
0.03949 0.000633
0.037474 0.00068
0.039622 0.000362
0.03942 0.00061
0.038889 0.000444
0.03953 0.000232
0.036661 0.000283
0.036563 0.000335
0.037719 0.000796
0.03793 0.00038
0.039351 0.000523
0.032724 0.000452
0.039356 0.000559
0.039437 0.000513
0.039824 0.000606
0.039598 0.000429
0.036147 0.00046
0.039404 0.00038
0.03783 0.000528
0.036836 0.000521
0.036639 0.000488
0.038876 0.000218
0.037047 0.000512
0.036632 0.000376
0.035949 0.000589
0.03686 0.000516
0.03941 0.000355
0.038148 0.000488
0.03681 0.000478
0.036063 0.000292
0.037343 0.00036
0.03695 0.000564
0.039164 0.000582
0.039874 0.000581
0.035549 0.000431
0.037141 0.000484
0.037718 0.000368
0.037967 0.000423
0.03959 0.000366
0.036802 0.000581
0.037254 0.000412
0.03675 0.000547
0.03793 0.000364
0.038033 0.00037
0.037639 0.000493
0.037962 0.000332
0.039573 0.000554
0.037853 0.000358
0.039439 0.000636
0.039628 0.000479
0.039477 0.000462
0.041308 0.000357
0.041466 0.000356
0.047083 0.000339
0.041652 0.000617
0.038884 0.00047
0.042893 0.00046
0.038064 0.000359
0.036987 0.000243
0.038198 0.000697
0.040352 0.000265
0.040073 0.000317
0.037727 0.00042
0.039631 0.00062
0.040114 0.000234
0.038653 0.000573
0.040472 0.000715
0.037914 0.000373
0.037089 0.000476
0.036745 0.000404
0.036888 0.000466
0.037438 0.000294
0.037117 0.000338
0.036076 0.000432
0.037298 0.000717
0.036692 0.000529
0.041815 0.000402
