0.039815 0.000208
0.036715 9.3e-05
0.03946 0.000131
0.039381 0.0001
0.037509 0.000122
0.037339 0.000133
0.039279 8e-05
0.038733 0.0001
0.039477 6.9e-05
0.039372 0.000122
0.039446 0.000163
0.049282 0.000116
0.038268 0.000164
0.03959 0.000161
0.03957 0.0001
0.036887 0.000164
0.036749 0.000109
0.037653 0.000102
0.040535 0.000138
0.03962 9.9e-05
0.037919 0.000125
0.036856 9e-05
0.037596 9.5e-05
0.039719 0.000123
0.03962 0.00011
0.039508 0.000236
0.040046 0.000174
0.039779 0.00014
0.038774 8.3e-05
0.039527 0.000105
0.036744 0.000164
0.037918 0.000103
0.036825 0.000132
0.037017 0.000151
0.036872 0.000108
0.036762 8.4e-05
0.039483 0.000113
0.03955 7e-05
0.039572 0.000133
0.039824 8.1e-05
0.0399 0.000121
0.035832 0.000136
0.039603 0.000133
0.037565 7.4e-05
0.039678 0.000131
0.036832 0.000163
0.036721 9.2e-05
0.039927 0.000179
0.039561 0.00018
0.03625 0.000155
0.037726 0.000144
0.036787 0.000163
0.03694 8.7e-05
0.036874 0.000107
0.037588 0.000125
0.037023 0.000117
0.039517 9e-05
0.035408 9.2e-05
0.039565 0.00018
0.037462 0.000165
0.037654 0.000122
0.0367 8.6e-05
0.037842 0.00014
0.037263 7.5e-05
0.039404 0.00013
0.038015 0.000157
0.035441 0.00013
0.03674 0.0001
0.030776 0.000162
0.036676 7.8e-05
0.037921 0.000122
0.039748 0.000106
0.039513 0.000146
0.039636 0.000104
0.039561 6.9e-05
0.036624 0.000193
0.039858 9.1e-05
0.039514 0.000181
0.038762 0.000148
0.038026 0.000199
0.037781 8.8e-05
0.037042 8.5e-05
0.039564 0.000107
0.037875 0.000144
0.039659 0.000181
0.039522 0.000148
0.037716 0.000129
0.036771 9.9e-05
0.036747 8.7e-05
0.040005 0.000111
0.039595 0.0001
0.03814 0.000113
0.039693 9.7e-05
0.037141 0.000132
0.03962 0.000142
0.036842 0.000151
0.039361 0.000137
0.039812 0.000117
0.039566 8.3e-05
0.035315 0.000108
0.039724 0.000133
0.039491 0.000117
0.039746 0.000104
0.039515 0.000219
0.037605 8.3e-05
0.039522 9e-05
0.037743 0.000155
0.039704 0.000135
0.036794 0.000117
0.037639 0.000186
0.039783 0.000143
0.039493 0.000102
0.034998 0.000136
0.035348 0.000109
0.039428 0.000165
0.036989 0.000156
0.037413 0.000121
0.03758 0.000108
0.03959 0.000146
0.03928 0.000198
0.03778 0.000161
0.037481 8.6e-05
0.036614 9.1e-05
0.037561 0.000177
0.036887 0.000127
0.039362 0.000149
0.036777 0.000118
0.03944 0.000146
0.034964 0.000137
0.036757 9.7e-05
0.037501 8e-05
0.03676 0.000137
0.0394 0.000143
0.039578 0.000141
0.036915 0.000178
0.036797 0.000186
0.037899 0.000118
0.039418 0.000169
0.039403 8.8e-05
0.036832 0.000128
0.039422 0.000107
0.036627 9.9e-05
0.037629 0.000107
0.039491 0.000114
0.035734 0.000152
0.036845 0.000233
0.037586 0.000104
0.039503 0.000105
0.039341 0.000116
0.039419 0.000117
0.037731 8.7e-05
0.036677 0.00012
0.037711 0.00016
0.036731 0.000145
0.037471 0.000137
0.039445 0.000157
0.039372 8.9e-05
0.039387 0.000102
0.039674 0.00013
0.039419 0.000123
0.037414 0.000139
0.037464 0.000131
0.039382 0.000107
0.037569 0.000163
0.039726 7.2e-05
0.039402 0.000203
0.03975 0.000107
0.039443 8.5e-05
0.035144 0.000153
0.039495 0.000129
0.036746 0.000136
0.036738 0.000137
0.039442 0.000118
0.036778 0.000151
0.039688 0.000121
0.03768 0.000106
0.037841 9e-05
0.039442 7.7e-05
0.035283 7.1e-05
0.039621 9.7e-05
0.037476 0.000173
0.038746 0.000115
0.040078 0.000145
0.036776 0.000172
0.036479 0.000151
0.036812 0.000212
0.039626 0.000181
0.037473 0.000107
0.039334 0.000185
0.038728 0.000145
0.037694 0.000162
0.039444 0.000108
0.036812 0.000121
0.036668 0.000107
0.037578 7.6e-05
0.037138 0.000152
0.039473 9.2e-05
0.037577 0.000145
0.039471 0.0001
0.03933 9.1e-05
0.039481 0.00011
0.035223 0.00015
0.036598 0.000128
0.039661 0.000115
0.039588 0.000157
0.037881 0.00012
0.039379 0.00014
0.036623 0.000125
0.036784 0.000213
0.039458 0.000122
0.037469 0.000126
0.039638 0.000151
0.036704 0.000121
0.036727 0.000163
0.039464 8.2e-05
0.037461 0.0002
0.037561 0.000194
0.036956 0.000139
0.03942 0.000103
0.037758 0.000127
0.036655 7.5e-05
0.035455 0.000145
0.036734 6.2e-05
0.037448 0.000152
0.037271 0.000146
0.036623 0.000146
0.039656 0.000131
0.039852 8.2e-05
0.039847 0.000106
0.037945 0.000143
0.036826 0.000115
0.039514 0.000154
0.039552 7.5e-05
0.036736 0.00015
0.036675 0.000106
0.037505 0.000123
0.036755 0.000103
0.035291 0.000184
0.035351 0.000179
0.038031 0.000125
0.036968 0.0001
0.039397 0.000147
0.036657 0.000141
0.039867 0.00012
0.039575 7.6e-05
0.034387 0.000104
0.036842 0.000132
0.036757 0.000111
0.036774 0.000145
0.039447 0.000148
0.037747 0.000108
0.036976 0.000199
0.03681 9.5e-05
0.037209 0.000162
0.039487 0.000171
0.039368 0.000156
0.039537 0.000197
0.03778 0.000209
0.036792 9.7e-05
0.039578 0.000146
0.037369 0.000147
0.03711 0.000186
0.0396 0.000106
0.038051 0.000153
0.036731 0.000147
0.036761 8.9e-05
0.04023 0.000108
0.037275 0.000102
0.039509 0.000104
0.037339 0.000114
0.03693 0.000228
0.036783 9.1e-05
0.03675 0.000104
0.039497 0.000113
0.036716 0.00014
0.037241 0.000126
0.036696 0.000158
0.037769 0.000132
0.039515 9.4e-05
0.039391 8e-05
0.039521 9.8e-05
0.039422 0.000144
0.037567 7.5e-05
0.037027 0.000165
0.035537 0.000125
0.035705 7.8e-05
0.036893 0.000108
0.039461 0.000126
0.037595 0.000148
0.039474 0.000148
0.037588 0.000135
0.038116 0.000161
0.039573 8.6e-05
0.035054 8e-05
0.039469 8.2e-05
0.036733 9.8e-05
0.039592 0.000155
0.036718 9.6e-05
0.039451 0.000123
0.039703 0.000131
0.039459 0.0001
0.037607 8.7e-05
0.039643 0.000179
0.039511 6.6e-05
0.037657 0.000132
0.039462 8.5e-05
0.039682 9.3e-05
0.03806 0.000115
0.039487 0.000128
0.035259 0.000208
0.039486 0.000138
0.036758 0.000131
0.039508 8.6e-05
0.041025 9.6e-05
0.037275 0.000157
0.03757 0.000114
0.03942 0.000147
0.036452 0.000114
0.03752 0.000153
0.037586 9.2e-05
0.036856 0.000143
0.039443 9.2e-05
0.036208 8.7e-05
0.037436 0.000133
0.039522 0.000129
0.038203 0.000196
0.039478 8.3e-05
0.037778 0.000112
0.039867 0.000132
0.036666 7e-05
0.037998 0.000137
0.039532 0.000163
0.039442 0.000113
0.039629 0.00019
0.037458 0.000178
0.038216 9.1e-05
0.036561 0.000157
0.035549 0.000121
0.039434 9.2e-05
0.036685 9.5e-05
0.039752 0.000116
0.039504 0.000133
0.037353 0.000138
0.037741 0.000149
0.039353 0.000114
0.03942 0.000144
0.038 9.7e-05
0.036744 0.000163
0.036975 0.000151
0.039339 0.000106
0.037119 5.1e-05
0.036786 0.000119
0.039436 0.00011
0.037656 0.000107
0.039364 0.000105
0.039549 0.000158
0.039776 0.000136
0.03662 0.000174
0.037884 0.000106
0.036784 6.3e-05
0.037554 0.000159
0.039499 0.000154
0.039419 0.000117
0.03932 8.9e-05
0.037989 9e-05
0.03752 0.000135
0.038345 0.00012
0.039588 7e-05
0.039578 0.000131
0.036769 6.3e-05
0.037606 0.000131
0.039367 0.000144
0.039974 0.000156
0.039375 0.000191
0.037104 0.000123
0.037528 0.000109
0.036612 0.000131
0.039636 0.000123
0.036768 9.3e-05
0.039447 0.000162
0.03965 0.000145
0.036758 0.00015
0.035421 0.000111
0.039409 0.000137
0.039398 0.000102
0.039577 0.000102
0.038316 0.000128
0.037267 0.000155
0.037961 0.000133
0.039394 0.000109
0.033903 0.00012
0.036704 0.000123
0.039283 0.00017
0.036729 0.000161
0.03933 8.6e-05
0.037716 0.000123
0.037811 0.000103
0.036716 0.000125
0.035964 0.000143
0.038317 0.000141
0.039338 0.000111
0.037802 0.00017
0.039405 6.1e-05
0.035048 0.000118
0.037867 0.000116
0.039442 7.1e-05
0.035033 0.000123
0.039507 0.000155
0.037069 0.000161
0.039447 0.000198
0.039348 0.000121
0.0364 0.000204
0.039846 0.000105
0.039476 0.000137
0.03866 0.000134
0.039493 0.000112
0.03938 9.8e-05
0.03984 0.000124
0.039439 9.1e-05
0.03431 0.00014
0.03947 7.3e-05
0.03755 0.000106
0.036674 0.0001
0.037521 0.000126
0.037583 0.000186
0.037898 0.000119
0.039486 8.5e-05
0.037444 0.000121
0.039436 0.000104
0.03942 0.00013
0.038235 0.000137
0.039535 8.7e-05
0.039467 0.000121
0.036885 0.000126
0.039302 7.8e-05
0.035452 0.000125
0.039507 0.000151
0.039431 7.7e-05
0.037562 0.000152
0.036987 0.000152
0.03938 9.5e-05
0.039717 0.000121
0.03542 0.000147
0.038002 0.000112
0.039457 0.00012
0.039363 0.000128
0.037696 0.000183
0.036717 0.000127
0.039059 0.000157
0.037261 0.000113
0.039402 0.000146
0.037225 0.000228
0.036712 0.000132
0.037504 0.000127
0.039566 0.000232
0.039455 8e-05
0.035747 0.000162
0.036808 0.000189
0.039468 8.7e-05
0.039503 0.0001
0.036758 0.000129
0.039442 0.000154
0.039653 0.000117
0.03748 7.7e-05
0.034963 0.00013
0.03682 9.8e-05
0.03962 7.9e-05
0.039404 8.9e-05
0.038735 0.000122
0.039395 0.000144
0.040048 7.5e-05
0.036695 9.8e-05
0.037644 0.000115
0.037603 0.00013
0.039386 0.000138
0.036792 8.6e-05
0.039394 0.000127
0.039444 0.000141
0.039785 0.000183
0.036629 0.000123
0.037644 7.4e-05
0.037577 9.5e-05
0.035253 0.000124
0.036811 8.7e-05
0.038239 0.000135
0.039463 0.000104
0.037886 0.000124
0.037465 7.3e-05
0.035888 0.000132
0.039339 0.000205
0.036687 0.000137
0.03672 9.3e-05
0.037555 0.000117
0.039499 0.000171
0.037261 0.000115
0.037754 8.6e-05
0.037973 0.000104
0.039468 9.6e-05
0.039454 0.000125
0.037632 0.000114
0.039446 0.000109
0.037555 0.000136
0.039904 0.00016
0.037801 7.7e-05
0.038598 0.000148
0.03946 0.000181
0.039459 0.000133
0.039932 7.6e-05
0.039369 0.00011
0.037902 0.000129
0.036878 0.000108
0.036697 0.000132
0.03692 8.4e-05
0.037766 0.000133
0.039391 0.000115
0.037862 0.000155
0.036685 0.00011
0.038494 9.1e-05
0.039393 0.000124
0.039528 8.3e-05
0.036839 0.0001
0.042333 0.00014
0.0395 9.2e-05
0.040022 0.000143
0.036667 0.000104
0.035556 0.000121
0.036824 0.000163
0.037744 0.000132
0.039524 9.8e-05
0.036762 6.8e-05
0.039509 0.000107
0.037865 8.3e-05
0.039534 0.000105
0.037631 0.000175
0.036825 0.000125
0.03946 8.4e-05
0.039524 0.000203
0.039542 0.000132
0.037682 0.00013
0.039853 0.000116
0.039417 8.2e-05
0.03469 8.6e-05
0.036792 0.000116
0.037604 8.6e-05
0.036952 0.000115
0.039445 7.8e-05
0.037525 8.2e-05
0.037974 0.000113
0.037698 7.5e-05
0.038406 8.3e-05
0.039576 0.000152
0.039626 0.000145
0.039637 0.000102
0.039512 0.000141
0.035242 7.7e-05
0.039579 0.0001
0.037505 0.00015
0.036787 0.000123
0.039455 8.8e-05
0.036698 0.00011
0.037899 0.000105
0.037545 8.8e-05
0.037613 9.4e-05
0.036846 0.000161
0.039443 0.000135
0.037703 0.000206
0.039491 9.9e-05
0.039374 0.000111
0.037037 0.000244
0.038007 0.000151
0.034996 0.000175
0.039423 0.000115
0.03682 0.000154
0.039639 0.000142
0.039397 0.000163
0.039344 0.000141
0.039907 0.000116
0.039474 0.000137
0.038488 0.000109
0.037605 0.000146
0.037599 8.7e-05
0.039706 7.5e-05
0.035454 9.4e-05
0.036624 0.0001
0.037231 0.000133
0.037645 0.000136
0.036365 7.8e-05
0.039345 9.2e-05
0.039419 9.9e-05
0.039435 0.00019
0.039496 0.00013
0.040111 0.000197
0.036934 9.3e-05
0.037548 0.000157
0.039382 0.000153
0.039475 0.000201
0.037538 9.5e-05
0.036698 0.000166
0.039447 0.000125
0.038711 0.000102
0.036811 0.00012
0.039389 0.000115
0.035701 0.000144
0.039927 9.5e-05
0.03671 0.000117
0.029751 0.000138
0.039495 0.0001
0.0349 0.000139
0.039536 0.000151
0.03761 9.6e-05
0.039523 0.000143
0.037655 0.00014
0.03688 0.000137
0.037011 0.000106
0.039525 9.6e-05
0.034829 0.000146
0.03939 0.000155
0.039431 0.000144
0.039471 0.000135
0.039458 0.00014
0.039421 0.000168
0.039885 0.000108
0.039465 0.000183
0.037266 0.000149
0.036699 0.000146
0.039417 0.000175
0.037694 0.000192
0.036659 0.000199
0.039398 8.7e-05
0.039936 0.000152
0.037348 0.000149
0.039121 0.000157
0.039495 0.000145
0.039413 0.0001
0.03697 0.000134
0.036655 9.8e-05
0.036647 9.8e-05
0.039742 0.000156
0.037519 0.000126
0.034626 0.000153
0.037626 0.000155
0.036599 0.000116
0.03949 0.000142
0.036921 0.00011
0.037451 0.000118
0.040028 0.000184
0.03754 0.000112
0.036766 0.000132
0.039558 0.000108
0.039379 0.000145
0.039593 0.000126
0.036597 0.000162
0.036836 0.000159
0.03781 0.000103
0.036772 9.7e-05
0.037279 0.000136
0.039516 7.6e-05
0.039455 0.000195
0.039424 0.000139
0.037515 0.000178
0.0395 0.000148
0.039811 6.4e-05
0.03664 0.000126
0.036164 0.000145
0.03931 0.000224
0.039401 0.000179
0.039491 7.8e-05
0.039476 0.000146
0.0382 0.000137
0.039831 8.6e-05
0.041211 0.000129
0.039174 0.000183
0.036765 8.6e-05
0.036627 0.000131
0.037048 0.000163
0.039341 8.4e-05
0.035948 9.7e-05
0.036785 8.1e-05
0.039439 9.5e-05
0.039176 0.00015
0.037534 0.000175
0.03936 0.000129
0.037014 0.000113
0.039526 0.000138
0.037289 0.000138
0.037687 0.000104
0.039313 9.4e-05
0.039443 7.8e-05
0.039459 0.00011
0.039415 0.000166
0.037135 8.9e-05
0.039345 0.000124
0.037466 9.2e-05
0.039504 0.000132
0.036691 8.9e-05
0.039571 0.000128
0.039538 0.000113
0.036649 0.000117
0.039664 0.000114
0.039406 8.9e-05
0.03427 0.000165
0.036896 0.000162
0.036682 0.000183
0.039458 0.000118
0.039376 0.000137
0.037557 8.6e-05
0.038145 0.000116
0.037694 0.000136
0.037415 0.000119
0.036829 0.000123
0.039465 9e-05
0.036722 0.000142
0.036719 0.00012
0.036842 0.000164
0.038028 0.000146
0.039334 0.000111
0.035172 0.000181
0.036717 0.000154
0.039435 0.000173
0.036793 0.000226
0.036698 0.000127
0.036664 0.000202
0.039707 0.00012
0.036742 8.1e-05
0.035504 8.8e-05
0.039536 0.000125
0.036654 0.000117
0.036708 0.000143
0.036718 0.000105
0.039358 0.000137
0.037803 0.000114
0.037438 0.000144
0.036377 0.000185
0.036768 0.000172
0.036689 9.7e-05
0.037533 0.000159
0.039364 0.000194
0.039756 6.9e-05
0.037239 0.000188
0.035552 8.7e-05
0.036901 7.2e-05
0.036787 0.000209
0.039578 8.6e-05
0.039533 0.000152
0.03949 0.000124
0.039657 0.000153
0.037977 0.000118
0.036699 0.000102
0.037972 0.00014
0.039616 8.8e-05
0.037628 8.5e-05
0.036847 0.000118
0.037626 0.000113
0.037501 0.000117
0.040446 0.000111
0.03939 0.00015
0.035933 0.000179
0.036788 9.7e-05
0.039434 0.000144
0.037759 0.000138
0.0367 0.000113
0.036647 0.000136
0.039706 0.000125
0.035579 0.000115
0.035152 0.000142
0.037719 0.000199
0.03939 9.1e-05
0.036854 0.000123
0.039505 5.5e-05
0.037613 8.5e-05
0.039999 0.000152
0.037979 0.000101
0.035068 0.000149
0.039264 0.000116
0.039463 0.000184
0.03769 7.9e-05
0.036811 9e-05
0.039154 0.000118
0.037847 0.000124
0.039423 0.000226
0.03739 0.000161
0.036761 0.000102
0.039382 0.000103
0.036823 0.00011
0.036658 0.000117
0.036899 0.000141
0.03698 0.000143
0.03544 9.8e-05
0.035215 0.000116
0.036811 9.2e-05
0.039443 8e-05
0.039491 5.4e-05
0.039504 0.000103
0.03641 0.000145
0.035939 0.000123
0.036771 9.9e-05
0.034641 0.000104
0.037546 0.00012
0.039462 0.000155
0.03772 9.2e-05
0.035295 7e-05
0.039454 0.000184
0.039696 0.00015
0.039623 0.000102
0.035543 0.000155
0.037725 0.000152
0.039383 8e-05
0.038751 0.000152
0.036789 0.000126
0.036632 6.8e-05
0.037112 0.000123
0.036754 9.1e-05
0.038574 0.000133
0.039407 0.000126
0.039404 0.000131
0.036803 0.000169
0.039477 0.000147
0.036285 0.000159
0.039483 0.000118
0.03946 9.2e-05
0.036375 0.000137
0.036802 0.000101
0.036543 0.000117
0.036867 0.000103
0.036845 7.4e-05
0.03662 0.000163
0.039419 9.2e-05
0.037431 9.4e-05
0.037625 9.7e-05
0.036692 0.000114
0.036767 0.000125
0.039734 0.000132
0.036664 0.000144
0.036183 0.000126
0.036951 8.4e-05
0.037535 0.000114
0.039377 9.5e-05
0.0367 0.00013
0.036649 6.8e-05
0.036866 0.00014
0.039128 0.000105
0.035907 0.000111
0.039598 0.00013
0.039745 0.000155
0.039527 0.000169
0.036698 8.2e-05
0.039345 9.7e-05
0.039617 0.000151
0.039393 0.000143
0.037559 0.000131
0.03946 0.000135
0.037601 9.6e-05
0.039616 0.000127
0.037566 9.1e-05
0.038114 7.3e-05
0.036817 6.9e-05
0.039341 0.000146
0.035057 0.000131
0.039466 9.3e-05
0.03938 0.000175
0.039452 0.000117
0.039509 0.000161
0.036692 0.000109
0.036984 7.5e-05
0.039285 0.000224
0.036388 0.000162
0.039437 0.000128
0.038038 0.000144
0.039483 9.3e-05
0.039329 0.00014
0.036815 0.000132
0.037226 0.00013
0.0394 0.000189
0.035951 0.000159
0.039565 0.000169
0.032302 0.000125
0.036744 0.000101
0.03748 0.000159
0.039474 0.00012
0.039465 0.000158
0.036809 0.000102
0.037493 0.000127
0.03762 0.000161
0.04008 0.000111
0.039507 0.000204
0.03471 0.000103
0.039509 0.000128
0.036638 0.0001
0.037845 7.5e-05
0.036668 0.000152
0.037373 0.0001
0.037097 0.000153
0.039746 0.000114
0.033264 0.000152
0.036738 0.000113
0.039388 8.2e-05
0.036802 0.000178
0.036685 0.000145
0.039358 0.000149
0.036914 0.000101
0.039405 0.000144
0.038073 0.000171
0.036807 7.3e-05
0.039406 9.7e-05
0.036716 0.000152
0.03945 0.000185
0.039372 9.7e-05
0.038152 0.000188
0.036611 0.000137
0.035658 0.000118
0.039578 0.000163
0.037621 0.000101
0.036917 0.00018
0.039415 0.000115
0.039567 0.000114
0.036951 0.00015
0.039399 0.000159
0.037771 0.000154
0.039482 0.00017
0.039372 0.000125
0.039479 0.0001
0.036679 0.000191
0.039199 0.000116
0.038045 9e-05
0.036665 6.9e-05
0.034953 0.000129
0.039501 0.000154
0.036745 0.000117
0.039567 0.000102
0.036644 0.000116
0.039193 0.000118
0.037184 0.000126
0.039552 0.000103
0.038384 0.000144
0.037575 9.9e-05
0.040098 0.000154
0.03988 8.6e-05
0.039423 0.000134
0.037448 9.6e-05
0.037488 7.2e-05
0.036711 0.000134
0.039744 8.9e-05
0.039396 0.000117
0.039338 8.4e-05
0.039693 7.2e-05
0.039694 0.000126
0.037987 0.00011
0.03952 0.000111
0.036719 0.000105
0.036765 0.000151
0.036736 0.000151
0.035357 0.000103
0.040158 9.6e-05
0.039384 0.000119
0.037889 0.000144
0.036759 9.3e-05
0.039382 9.3e-05
0.039614 0.000122
0.03943 9.7e-05
0.039231 8.8e-05
0.043856 0.00018
0.039374 0.000115
0.039298 0.000119
0.039493 8.3e-05
0.037568 0.000102
0.03679 0.0001
0.036698 9.8e-05
0.037195 0.000132
0.036793 0.000227
0.039947 0.000133
0.038839 0.000153
0.039457 0.000142
0.039432 0.000106
0.03695 0.000166
0.039506 0.000132
0.035358 0.000103
0.036782 0.000127
0.037584 0.000129
0.036495 8.8e-05
0.03918 7.7e-05
0.039431 0.000171
0.036912 8.6e-05
0.039431 8.3e-05
0.036031 0.000141
0.037551 0.000197
0.039559 0.000111
0.037646 0.000121
0.037482 0.000148
0.039376 9.6e-05
0.036892 0.000152
0.03667 0.000135
0.035606 9e-05
0.03679 9.4e-05
0.039534 0.000113
0.039655 0.000151
0.039516 7e-05
0.054901 0.000174
0.037622 0.00016
0.036766 0.000111
0.039503 0.000116
