0.009959 0.000145
0.009768 0.000102
0.009309 0.000106
0.009318 0.000125
0.010464 0.000124
0.011149 0.00013
0.009872 0.000154
0.009392 9.5e-05
0.009858 0.000112
0.009731 0.000177
0.010298 9.2e-05
0.009774 0.000118
0.009676 7.1e-05
0.010485 0.000169
0.009784 0.000131
0.009835 0.000124
0.009726 8.6e-05
0.008746 0.000116
0.009369 0.000132
0.009769 8.3e-05
0.009745 0.000108
0.00976 0.000176
0.009749 0.000117
0.009346 0.000166
0.009784 0.000139
0.009706 0.000198
0.009313 0.000116
0.009301 0.000136
0.009316 0.000142
0.009961 0.000156
0.00939 0.000126
0.009337 0.000117
0.011014 7.7e-05
0.01102 0.000121
0.009723 8.9e-05
0.009332 0.000115
0.009402 0.000103
0.009853 8.3e-05
0.009839 0.000205
0.009445 0.000164
0.009769 9e-05
0.009967 0.000114
0.009778 0.000115
0.013456 0.000289
0.013097 0.000223
0.013115 0.000264
0.014264 0.000207
0.009361 0.000146
0.009526 0.000203
0.010148 0.000133
0.009972 0.000118
0.009684 9e-05
0.009315 0.00016
0.009791 9.6e-05
0.009309 0.000151
0.009434 6.5e-05
0.009808 0.000193
0.009336 0.000156
0.009958 0.00012
0.009387 0.000113
0.009309 9.3e-05
0.009673 0.000187
0.010477 0.000151
0.009475 0.000126
0.01074 9.2e-05
0.009165 6.4e-05
0.009335 0.000139
0.00972 8.1e-05
0.009411 0.000105
0.009651 0.000125
0.0093 0.000102
0.009754 9.5e-05
0.01 0.000109
0.009683 0.00015
0.009699 0.000127
0.009281 6.1e-05
0.010536 0.000168
0.009418 8.7e-05
0.00948 0.000168
0.009436 9.7e-05
0.010474 0.000153
0.009712 0.000159
0.00934 5.8e-05
0.009668 0.00017
0.009735 0.000143
0.009331 7.4e-05
0.009339 0.000102
0.009743 7.9e-05
0.009849 0.000113
0.010472 0.000168
0.011866 0.000268
0.009987 0.000159
0.009922 0.000154
0.009315 0.000101
0.009371 0.000143
0.009027 0.000112
0.009706 0.000122
0.009749 0.000118
0.009863 9.7e-05
0.010591 0.000118
0.009399 0.000164
0.009736 9.1e-05
0.009405 7.7e-05
0.009437 0.000131
0.009818 0.000121
0.00929 8.3e-05
0.009784 8.7e-05
0.009733 0.000142
0.00979 0.000278
0.009763 0.000116
0.009367 6.5e-05
0.009433 0.000142
0.009399 0.000113
0.010559 8.5e-05
0.009388 0.000142
0.009447 0.000113
0.009369 0.000118
0.009347 0.000142
0.010471 9.4e-05
0.009329 0.000163
0.009541 0.000159
0.009818 0.000118
0.009337 0.000114
0.009865 8.7e-05
0.009276 0.000123
0.009369 9.5e-05
0.009286 0.000129
0.009327 8.9e-05
0.009828 0.00012
0.009974 0.0001
0.00969 0.000127
0.009729 0.00016
0.009714 0.000149
0.009653 9.8e-05
0.009308 0.000179
0.00969 0.0001
0.009338 0.000112
0.009286 0.000127
0.009937 0.000111
0.009348 9.8e-05
0.010052 8.4e-05
0.009681 0.000135
0.009703 0.000185
0.009699 0.000127
0.009722 0.00011
0.009908 0.000176
0.009905 0.000103
0.0093 9.4e-05
0.00975 7.8e-05
0.009401 0.000101
0.009736 0.000177
0.009323 0.000166
0.009314 0.000162
0.009663 0.000192
0.009765 0.000102
0.009266 0.000111
0.007928 9.8e-05
0.008659 9e-05
0.008603 0.000144
0.009685 0.000137
0.009726 0.000165
0.009676 0.000107
0.00931 7.6e-05
0.009697 0.00015
0.009698 0.000104
0.009211 0.000131
0.009317 8.7e-05
0.010467 8.8e-05
0.009687 0.000146
0.009295 9.2e-05
0.009281 0.000107
0.009319 0.000183
0.009965 7.9e-05
0.00928 0.000154
0.009315 0.000154
0.009754 0.000105
0.009324 0.000168
0.009342 9.5e-05
0.009453 0.000196
0.009337 8.9e-05
0.009318 0.000164
0.009329 0.000119
0.00973 0.000109
0.009654 8.8e-05
0.009671 0.000138
0.008557 0.000113
0.009653 0.00018
0.009741 0.000139
0.009912 0.000108
0.009718 0.000131
0.009551 0.000142
0.009736 0.000102
0.009952 0.000196
0.009333 0.000116
0.00972 0.000152
0.00882 0.000116
0.009308 0.000152
0.009312 0.00018
0.009656 7.5e-05
0.009745 8.2e-05
0.009679 8.5e-05
0.009681 9.8e-05
0.00931 0.000139
0.009342 0.000163
0.009272 5.5e-05
0.008581 0.000157
0.009664 9.9e-05
0.009908 0.000155
0.009722 0.000143
0.009753 8.1e-05
0.009715 0.000157
0.009655 0.000103
0.009305 0.000101
0.010452 0.000152
0.009692 0.000125
0.008204 0.000149
0.010441 0.000147
0.009294 0.000163
0.009762 0.000159
0.009318 0.000204
0.009304 0.000135
0.009718 0.000165
0.009706 0.000132
0.010417 0.000112
0.009298 6.9e-05
0.008452 0.00016
0.009726 0.000192
0.009784 0.00011
0.010869 0.000114
0.010473 0.000142
0.009309 0.000126
0.009306 0.000119
0.009674 0.000124
0.009663 9e-05
0.010464 0.00011
0.007924 9e-05
0.009662 0.000145
0.010461 0.000102
0.010454 6e-05
0.009728 0.000128
0.009682 0.000118
0.009776 8.6e-05
0.009858 0.00029
0.009946 0.000118
0.009641 0.000109
0.008761 0.000126
0.0093 0.000101
0.009743 0.00015
0.009727 0.000109
0.010431 0.000129
0.009306 8.7e-05
0.009721 0.000104
0.009668 0.0001
0.009703 0.000102
0.009742 0.000117
0.008734 0.000129
0.009693 0.000109
0.009714 6.9e-05
0.009671 0.000142
0.0093 0.000107
0.009711 0.000107
0.009747 0.000129
0.009747 0.00013
0.0097 0.000192
0.009884 0.000101
0.008152 9.3e-05
0.009683 0.000101
0.009279 0.000103
0.009362 0.0001
0.009735 9.5e-05
0.010048 6.4e-05
0.009729 0.000158
0.009713 0.000123
0.010582 0.000169
0.012471 8.9e-05
0.010329 0.000175
0.00993 0.000111
0.009893 0.000191
0.009638 0.000118
0.009362 0.000102
0.009684 0.000149
0.009672 9e-05
0.009328 9.5e-05
0.009743 0.000161
0.010217 7.6e-05
0.0103 0.000161
0.010511 7.2e-05
0.011601 0.000132
0.011514 0.000204
0.011489 0.000147
0.010456 0.000115
0.00974 8.4e-05
0.009348 8.5e-05
0.009328 8.9e-05
0.008634 0.000157
0.0105 6.7e-05
0.0108 0.000204
0.009366 0.000113
0.009311 0.000122
0.010085 6.1e-05
0.00975 0.000152
0.009543 0.000123
0.00984 0.000127
0.009918 0.000152
0.009118 0.000159
0.009963 0.000141
0.009724 0.000223
0.009502 0.000185
0.009326 7.4e-05
0.009747 0.000107
0.009676 0.000137
0.009725 0.000211
0.009279 0.000149
0.009298 0.000145
0.009717 0.000136
0.009707 0.000118
0.0093 0.0001
0.009751 0.00012
0.009342 8.7e-05
0.009701 9.8e-05
0.009273 0.000166
0.009336 0.000202
0.010458 0.000102
0.009339 5.7e-05
0.008277 0.000125
0.009322 0.000171
0.009709 0.000118
0.009333 0.000105
0.009928 0.00011
0.009318 9.7e-05
0.009975 0.000156
0.009269 8.7e-05
0.009296 9.7e-05
0.009646 0.000153
0.008462 0.000123
0.009748 0.000181
0.009722 0.000218
0.009686 8.1e-05
0.009682 0.000111
0.009432 0.00012
0.009886 0.000144
0.009365 7.6e-05
0.009736 0.000124
0.009731 0.000191
0.008359 0.000192
0.010452 0.000145
0.009346 0.000169
0.009735 0.000133
0.009684 8.8e-05
0.009736 8.2e-05
0.010462 8.2e-05
0.009729 0.00012
0.009684 0.000124
0.009729 0.000111
0.008806 0.000112
0.010505 9.2e-05
0.009305 0.000163
0.009809 0.000154
0.009673 0.000121
0.009328 0.000179
0.009665 0.000103
0.010357 0.000176
0.009685 0.000132
0.009732 0.00013
0.009045 9.7e-05
0.009679 0.000168
0.009931 0.000126
0.009331 8.3e-05
0.009681 8.9e-05
0.009749 0.000117
0.009645 0.000149
0.009314 0.000106
0.009716 0.000118
0.00928 0.000132
0.009318 0.00011
0.009347 0.000173
0.009351 0.000192
0.010516 0.000102
0.009717 0.000119
0.009676 9.2e-05
0.009312 7.4e-05
0.009676 0.000139
0.009706 0.000139
0.009739 0.000108
0.010448 7.6e-05
0.010492 0.00016
0.009382 0.00011
0.009326 8.3e-05
0.009672 8.8e-05
0.009375 0.000119
0.009935 9.3e-05
0.010081 0.000108
0.009887 0.000124
0.00973 8.4e-05
0.009642 0.000123
0.009727 0.00012
0.009694 0.000116
0.009758 0.000102
0.010045 0.000132
0.009682 0.000129
0.009311 0.000122
0.009774 0.000136
0.010019 0.000115
0.009314 9e-05
0.009661 9.2e-05
0.00936 9.3e-05
0.009719 0.000102
0.009376 0.000178
0.009321 0.000145
0.00974 0.000121
0.009815 0.000123
0.010382 0.000136
0.0097 9.6e-05
0.009951 0.000122
0.009403 8.3e-05
0.009964 0.000128
0.009283 0.000178
0.009782 8.1e-05
0.009343 0.000161
0.009713 0.000156
0.009684 9.1e-05
0.009325 8.1e-05
0.009638 0.000147
0.009722 0.0002
0.00993 0.000152
0.009749 0.000155
0.009372 0.000112
0.009459 0.000171
0.009745 0.000118
0.011343 0.000194
0.01125 0.00017
0.011149 0.000155
0.010848 0.000255
0.010336 9.6e-05
0.008309 0.00015
0.009314 6.8e-05
0.013368 0.000137
0.009726 0.000133
0.010447 0.000129
0.009314 0.000106
0.009724 0.000146
0.00974 9.3e-05
0.009275 0.000134
0.009715 0.000168
0.009167 0.000143
0.010743 0.000188
0.012312 9.2e-05
0.009574 0.000123
0.009655 0.000131
0.009691 9.5e-05
0.009727 0.00019
0.010472 0.000128
0.009302 0.000117
0.009731 0.000111
0.009709 9.5e-05
0.009968 7.2e-05
0.009747 0.000113
0.009859 0.000126
0.009793 9.8e-05
0.009379 0.000114
0.009705 8.1e-05
0.009938 0.000181
0.009343 0.000104
0.009717 0.000158
0.009713 7.8e-05
0.009299 0.000111
0.009701 0.00011
0.009325 0.000118
0.00967 9.4e-05
0.00928 0.00012
0.010474 7.4e-05
0.010032 0.000115
0.009767 0.000168
0.009783 0.000111
0.009693 0.000121
0.009694 0.00011
0.009784 0.000146
0.010513 0.000165
0.009799 8.8e-05
0.009378 0.000226
0.009764 0.000139
0.009824 0.000103
0.009436 0.000131
0.009355 0.000134
0.009951 7.9e-05
0.009287 0.000115
0.009802 7.8e-05
0.009695 0.000102
0.009685 8e-05
0.009317 0.000137
0.01046 0.000169
0.009288 9.9e-05
0.009698 0.000108
0.009295 9.7e-05
0.009714 9.1e-05
0.009723 0.000149
0.010477 0.000107
0.009685 0.0001
0.009668 0.000118
0.009719 0.000133
0.009784 7.6e-05
0.01044 0.000119
0.00973 9.3e-05
0.010403 0.000108
0.009923 0.000211
0.009695 0.000118
0.009741 0.000112
0.009736 0.000175
0.00991 0.000127
0.009291 0.00017
0.009702 0.000139
0.009656 0.000174
0.009656 0.000131
0.009682 0.000168
0.009711 0.00013
0.009302 0.000104
0.009715 0.000131
0.010454 0.000177
0.009513 0.000143
0.009364 8.2e-05
0.009763 0.000129
0.009687 9.5e-05
0.009318 0.000113
0.009922 0.000127
0.010508 0.000139
0.009543 9.3e-05
0.009727 0.000172
0.009285 6.2e-05
0.009339 0.00014
0.010484 9.5e-05
0.010423 0.000139
0.009323 0.000188
0.009717 0.000168
0.009704 0.000125
0.009583 8.1e-05
0.009318 0.00018
0.009333 0.000133
0.009334 9.1e-05
0.009695 0.000217
0.009748 9.4e-05
0.009729 0.000154
0.00935 0.000154
0.009696 0.000155
0.009688 9.7e-05
0.009698 0.000171
0.009284 0.000206
0.00939 0.00018
0.010473 0.000144
0.010429 0.000146
0.009282 8.8e-05
0.009775 0.00011
0.010483 0.0001
0.009301 0.000131
0.009311 0.000118
0.00964 9.5e-05
0.010453 0.000174
0.0093 0.000118
0.009523 8.9e-05
0.009663 6.6e-05
0.009307 0.000102
0.00971 0.000105
0.010543 0.000162
0.009333 0.000141
0.009338 0.000105
0.010957 0.000112
0.009404 0.000112
0.009495 9.2e-05
0.009764 0.00011
0.010803 0.0001
0.013066 0.000247
0.010857 0.000126
0.009843 0.000103
0.009951 9.2e-05
0.009156 0.00012
0.009808 0.0001
0.010548 0.000132
0.009997 0.000109
0.009385 9.9e-05
0.009507 8.9e-05
0.009516 0.000117
0.01038 0.000132
0.009671 0.000109
0.009968 0.000114
0.009741 9.2e-05
0.009305 0.000156
0.009471 0.000163
0.009825 0.000108
0.009726 0.000103
0.011548 0.000202
0.011214 8.7e-05
0.010715 0.000165
0.010107 0.00013
0.00819 0.000155
0.009766 0.00012
0.009263 0.000153
0.009737 0.000113
0.009697 0.00017
0.009673 9e-05
0.009735 8.5e-05
0.009359 8.3e-05
0.009714 8.4e-05
0.01003 0.00014
0.010059 7.3e-05
0.009809 0.000154
0.009787 0.000142
0.009773 9.5e-05
0.009307 0.000101
0.009805 0.000103
0.009324 0.000103
0.009715 0.000129
0.00977 0.000182
0.009328 8.7e-05
0.007873 0.000142
0.009828 8.9e-05
0.010125 0.000153
0.009784 0.000168
0.009974 0.00014
0.009665 0.00011
0.009725 0.000214
0.009297 0.000123
0.009319 9.5e-05
0.009743 0.000162
0.008542 0.000102
0.010483 0.000144
0.009397 5.5e-05
0.010136 9e-05
0.009794 9.8e-05
0.009371 9.3e-05
0.009347 9.9e-05
0.009321 0.000193
0.009672 0.000177
0.009721 0.000144
0.009368 0.000144
0.009328 9.6e-05
0.009718 9.5e-05
0.00936 0.000154
0.009783 0.000171
0.009955 0.000126
0.009678 0.00012
0.010469 0.000129
0.00986 0.000106
0.009741 0.000139
0.009598 0.000144
0.009478 0.000115
0.009828 0.000163
0.009768 0.000105
0.009838 9e-05
0.009797 0.000112
0.009731 9.6e-05
0.009905 0.000109
0.009783 0.000146
0.009759 9e-05
0.008944 0.000239
0.009379 0.000103
0.009794 0.000123
0.009978 0.000174
0.009689 0.000219
0.009751 0.000165
0.009716 7.6e-05
0.009676 8.3e-05
0.009732 0.000119
0.009747 6.9e-05
0.007879 0.000124
0.009731 8.4e-05
0.009337 0.00016
0.009777 0.000159
0.009755 0.000136
0.009333 0.000134
0.009659 0.00014
0.009328 9.2e-05
0.010502 9.8e-05
0.009287 0.000139
0.008709 0.000153
0.009988 0.000172
0.009306 0.000151
0.009699 0.000121
0.00973 0.000127
0.009717 9.5e-05
0.00932 0.00014
0.009663 7.1e-05
0.009671 0.000145
0.009321 9.5e-05
0.009201 7.3e-05
0.009728 0.000221
0.010451 5.3e-05
0.009366 0.00016
0.009388 0.000153
0.009709 0.000119
0.009331 8.5e-05
0.009693 9.5e-05
0.009701 0.000155
0.009772 0.000159
0.009409 0.000111
0.009279 5.9e-05
0.009737 0.000127
0.009754 0.000153
0.009953 0.000148
0.009717 6.1e-05
0.009713 0.000177
0.009325 0.00013
0.009292 0.000114
0.009942 0.000168
0.009707 8e-05
0.009681 0.000106
0.009306 0.00013
0.009336 7.9e-05
0.009742 0.000123
0.009351 0.000121
0.009702 0.000123
0.009312 8.1e-05
0.009285 0.000146
0.010485 7e-05
0.009342 0.000123
0.01046 0.000126
0.009268 0.000135
0.009392 0.000106
0.009805 0.000106
0.009723 0.000119
0.009334 0.000135
0.009665 0.000148
0.009726 8.2e-05
0.009757 0.000104
0.009302 0.000127
0.009881 0.000143
0.009544 9.6e-05
0.009714 0.000104
0.009322 0.000105
0.009814 0.000122
0.009305 7.6e-05
0.009776 0.000171
0.009723 0.000184
0.009342 0.000152
0.009319 6.5e-05
0.009715 9.8e-05
0.009977 0.000111
0.009721 6.9e-05
0.009672 0.000149
0.009286 9.2e-05
0.009346 0.000181
0.009645 0.000112
0.009712 0.000121
0.009922 0.000151
0.009761 0.000165
0.008516 0.000107
0.009402 0.00011
0.009734 9.2e-05
0.009684 0.000141
0.009315 0.000126
0.00966 7.5e-05
0.009306 0.000177
0.009717 0.000116
0.00927 9.5e-05
0.010478 8.1e-05
0.008272 0.000152
0.009357 0.000115
0.009702 0.000132
0.009776 0.000151
0.009767 4.8e-05
0.009703 7.4e-05
0.009678 0.000127
0.009334 0.000103
0.009353 0.000147
0.009775 0.000141
0.008316 9e-05
0.009443 0.000147
0.009749 0.000155
0.009815 0.000105
0.009344 0.000178
0.009734 9.6e-05
0.009961 0.000145
0.009748 0.000112
0.009362 0.000217
0.010511 9.6e-05
0.00952 0.000154
0.010548 0.000172
0.01005 0.000171
0.009733 0.000208
0.009717 0.000124
0.0097 0.000172
0.009723 0.000195
0.009334 9.9e-05
0.009312 0.000127
0.009714 0.000143
0.009588 9.6e-05
0.009735 0.000172
0.009781 0.000129
0.010522 0.00016
0.009313 0.000105
0.00931 0.000138
0.009748 0.000138
0.010461 0.000106
0.009942 0.000164
0.009772 9.1e-05
0.009025 9.8e-05
0.009971 9.8e-05
0.010532 0.000132
0.009727 9e-05
0.009347 0.000164
0.009303 7.6e-05
0.009312 8.5e-05
0.009295 0.000111
0.009746 0.000125
0.009731 0.000137
0.008412 0.000157
0.00929 0.000108
0.009309 0.000143
0.009721 0.000132
0.009367 0.000131
0.009356 0.000127
0.009666 8.9e-05
0.009735 8.9e-05
0.009703 0.000126
0.009694 0.000164
0.008823 8.6e-05
0.009379 0.000144
0.009797 0.000111
0.009402 0.000128
0.009809 0.000152
0.009768 0.000182
0.009361 0.000152
0.00973 8.3e-05
0.009756 0.000126
0.009652 0.000175
0.008988 0.000185
0.009344 0.000151
0.009792 0.000177
0.009585 0.000111
0.009755 0.000135
0.009732 0.000209
0.009803 0.000111
0.009316 0.000199
0.009322 0.0001
0.009668 0.000134
0.008834 0.000136
0.009742 0.000101
0.010028 7.6e-05
0.009379 0.000107
0.009751 0.000134
0.009329 0.000115
0.009677 0.000136
0.00972 0.000168
0.009678 0.000113
0.009965 0.000208
0.009605 9.6e-05
0.009293 0.000124
0.009969 8.8e-05
0.009789 0.000127
0.009375 0.000176
0.010458 7.4e-05
0.009993 0.000128
0.009355 0.000161
0.009676 9.5e-05
0.009812 0.000114
0.008573 0.000116
0.009363 0.000109
0.009771 7.4e-05
0.009742 9.7e-05
0.009733 6.2e-05
0.009455 8.6e-05
0.009392 0.000221
0.009324 0.000157
0.009325 0.000201
0.009782 0.000149
0.009934 0.000166
0.009341 0.000137
0.009901 0.000139
0.009408 0.000136
0.009732 9.3e-05
0.010566 0.000112
0.009705 7.9e-05
0.009676 0.000165
0.009697 0.000185
0.00969 0.000172
0.011337 0.000254
0.010002 8.5e-05
0.010363 0.0001
0.012043 0.00031
0.012193 0.000175
0.009781 9e-05
0.009769 0.00017
0.009986 0.000129
0.009306 0.000144
0.008941 0.000155
0.013052 0.000147
0.009819 0.00012
0.01008 8.4e-05
0.009755 8.4e-05
0.009894 0.000171
0.009441 0.000154
0.009876 0.000151
0.01215 0.000225
0.00983 0.000193
0.011184 0.000232
0.012601 0.00014
0.009375 0.00014
0.009763 9.7e-05
0.009677 0.000104
0.009696 0.000166
0.009343 0.000158
0.009347 0.000157
0.009322 8.2e-05
0.009731 6.6e-05
0.009696 8.9e-05
0.009308 0.000233
0.009313 0.000102
0.009752 0.000117
0.009376 0.00013
0.009767 0.000159
0.009686 8.8e-05
0.009753 9.2e-05
0.009278 0.000115
0.009668 0.000113
0.009287 8.6e-05
0.009935 9.4e-05
0.009759 0.000126
0.009971 0.000104
0.009297 0.000108
0.009725 0.000115
0.009706 0.000134
0.009721 7.9e-05
0.009301 0.00014
0.009008 9.3e-05
0.009682 0.000127
0.00938 0.000128
0.009308 8.9e-05
0.0101 9.6e-05
0.010048 0.000139
0.010092 0.000115
0.010426 7.1e-05
0.010298 0.000166
0.010385 0.000101
0.010393 0.000105
0.010489 9.5e-05
0.00961 0.00017
0.009442 0.000143
0.00931 0.000139
0.009289 0.000128
0.009718 0.00012
0.009267 8.7e-05
0.009831 0.000191
0.010578 0.000191
0.00975 0.000148
0.009901 0.000155
0.009944 0.000113
0.009763 0.000103
0.009748 0.000104
0.009766 0.000154
0.00931 8.6e-05
0.009734 0.000135
0.009858 0.000119
0.009336 0.000162
0.009848 8.9e-05
0.009663 0.000101
0.009787 0.000109
0.009726 0.000102
0.009687 0.000167
0.011343 9.8e-05
0.009343 0.000111
0.009718 0.000132
0.009399 0.000134
0.009514 0.000111
0.009366 0.000165
0.01057 0.000181
0.009814 9.4e-05
0.00977 0.000132
0.009978 0.000182
0.009343 7.5e-05
0.009694 8.9e-05
0.009787 0.000134
0.009348 0.000237
0.009632 5e-05
0.009684 9.3e-05
0.01033 0.000123
0.009671 0.000186
0.009715 6.6e-05
0.009927 9.7e-05
0.009924 0.000159
0.00937 9.6e-05
0.009933 6.9e-05
0.009808 0.000109
0.010171 9.4e-05
0.010482 7.9e-05
0.009823 0.000103
0.009819 0.000119
0.009472 0.000116
0.009327 0.000174
0.009746 0.000117
0.009303 0.000172
0.009982 0.000149
0.009797 0.000127
0.010102 0.000137
0.010459 0.00015
0.009705 0.00018
0.009377 9.2e-05
0.009725 0.000195
0.009312 0.00012
0.009809 0.000159
0.009371 7.6e-05
0.01052 0.000111
0.010542 0.000168
