0.040736 5e-06
0.037832 5e-06
0.040424 4e-06
0.038981 4e-06
0.037513 2e-06
0.037526 3e-06
0.037793 5e-06
0.040542 5e-06
0.039478 4e-06
0.037692 3e-06
0.040519 3e-06
0.040602 4e-06
0.037352 3e-06
0.040238 4e-06
0.041734 4e-06
0.041337 4e-06
0.042254 5e-06
0.040235 3e-06
0.037192 8e-06
0.040656 4e-06
0.040356 4e-06
0.038849 5e-06
0.040151 5e-06
0.037407 3e-06
0.038667 3e-06
0.038243 2e-06
0.03947 3e-06
0.04015 4e-06
0.037851 4e-06
0.04028 4e-06
0.038706 3e-06
0.040115 4e-06
0.038864 4e-06
0.037272 4e-06
0.036805 5e-06
0.040402 4e-06
0.041068 4e-06
0.040463 6e-06
0.040236 4e-06
0.036642 5e-06
0.040155 4e-06
0.040198 4e-06
0.040768 4e-06
0.040278 3e-06
0.039576 4e-06
0.037465 5e-06
0.040795 4e-06
0.040816 4e-06
0.041106 4e-06
0.038559 3e-06
0.040555 4e-06
0.040343 4e-06
0.037254 4e-06
0.040291 2e-06
0.038108 3e-06
0.037734 4e-06
0.037439 3e-06
0.037107 3e-06
0.037412 4e-06
0.040446 4e-06
0.039394 4e-06
0.040229 4e-06
0.040123 4e-06
0.041323 3e-06
0.051829 6e-06
0.055675 4e-06
0.051781 3e-06
0.052789 4e-06
0.053823 4e-06
0.051797 4e-06
0.037277 3e-06
0.036957 3e-06
0.037366 4e-06
0.037402 4e-06
0.039482 2e-06
0.036804 3e-06
0.038296 5e-06
0.039753 3e-06
0.034951 4e-06
0.039588 6e-06
0.039609 3e-06
0.037315 3e-06
0.03962 4e-06
0.039806 4e-06
0.037819 3e-06
0.040067 4e-06
0.037242 4e-06
0.037058 2e-06
0.039588 3e-06
0.037751 4e-06
0.038317 3e-06
0.036057 4e-06
0.036784 3e-06
0.037773 5e-06
0.041694 5e-06
0.037053 3e-06
0.036842 3e-06
0.039725 5e-06
0.039427 2e-06
0.038739 5e-06
0.037042 4e-06
0.03724 3e-06
0.04001 2e-06
0.036811 3e-06
0.039561 3e-06
0.040084 5e-06
0.038117 3e-06
0.037247 5e-06
0.037723 5e-06
0.037229 3e-06
0.04038 4e-06
0.039699 3e-06
0.039745 3e-06
0.037404 4e-06
0.037963 4e-06
0.039216 3e-06
0.037561 4e-06
0.040585 3e-06
0.036835 3e-06
0.039571 2e-06
0.037008 3e-06
0.040123 3e-06
0.036796 2e-06
0.035728 5e-06
0.039623 4e-06
0.0397 2e-06
0.042486 3e-06
0.039531 4e-06
0.035657 3e-06
0.041428 5e-06
0.038194 5e-06
0.037682 3e-06
0.03944 2e-06
0.040056 4e-06
0.036918 3e-06
0.0376 3e-06
0.037406 4e-06
0.040181 3e-06
0.036738 3e-06
0.039785 4e-06
0.036681 5e-06
0.037932 5e-06
0.038263 4e-06
0.037902 4e-06
0.039039 4e-06
0.0369 4e-06
0.043168 4e-06
0.04011 3e-06
0.040218 3e-06
0.038049 5e-06
0.037488 4e-06
0.039833 3e-06
0.042427 4e-06
0.039595 3e-06
0.036783 3e-06
0.03776 2e-06
0.036913 3e-06
0.037357 6e-06
0.039568 3e-06
0.039656 3e-06
0.039588 5e-06
0.03947 3e-06
0.036799 6e-06
0.037136 4e-06
0.03953 3e-06
0.037329 3e-06
0.037686 4e-06
0.039439 2e-06
0.039806 4e-06
0.039536 3e-06
0.035965 3e-06
0.039494 4e-06
0.039485 3e-06
0.03962 8e-06
0.036978 3e-06
0.039643 3e-06
0.037787 3e-06
0.037527 3e-06
0.036187 5e-06
0.038573 3e-06
0.038215 4e-06
0.039442 6e-06
0.039481 6e-06
0.036951 2e-06
0.035691 3e-06
0.03993 3e-06
0.037795 2e-06
0.039447 3e-06
0.039493 4e-06
0.036816 6e-06
0.039731 3e-06
0.039538 2e-06
0.037118 3e-06
0.037587 3e-06
0.037598 4e-06
0.036879 5e-06
0.03974 4e-06
0.037766 3e-06
0.035716 2e-06
0.037668 3e-06
0.039886 4e-06
0.037444 4e-06
0.035824 3e-06
0.036852 3e-06
0.037658 3e-06
0.039274 3e-06
0.039666 4e-06
0.037969 2e-06
0.039732 4e-06
0.039601 2e-06
0.040117 5e-06
0.037705 3e-06
0.032158 3e-06
0.035415 3e-06
0.035549 3e-06
0.039642 3e-06
0.039896 3e-06
0.036817 4e-06
0.036726 3e-06
0.039568 4e-06
0.039828 2e-06
0.040175 2e-06
0.037445 4e-06
0.039701 5e-06
0.038057 5e-06
0.037746 4e-06
0.03725 3e-06
0.037097 4e-06
0.037163 2e-06
0.036815 3e-06
0.03725 3e-06
0.039683 6e-06
0.039619 4e-06
0.037434 5e-06
0.039502 3e-06
0.037498 4e-06
0.037128 3e-06
0.036713 4e-06
0.036916 3e-06
0.037682 3e-06
0.03943 3e-06
0.037612 4e-06
0.03822 3e-06
0.039371 2e-06
0.039904 4e-06
0.037769 4e-06
0.038366 3e-06
0.038621 3e-06
0.037301 3e-06
0.039912 3e-06
0.039614 3e-06
0.039497 3e-06
0.040211 3e-06
0.036944 4e-06
0.03832 3e-06
0.037674 2e-06
0.035331 5e-06
0.036851 3e-06
0.039552 4e-06
0.039514 4e-06
0.040041 3e-06
0.036995 4e-06
0.036086 3e-06
0.038295 4e-06
0.036743 3e-06
0.039573 5e-06
0.036692 4e-06
0.036814 3e-06
0.039859 4e-06
0.036802 5e-06
0.036825 3e-06
0.039573 3e-06
0.039593 2e-06
0.039712 4e-06
0.039507 3e-06
0.03855 5e-06
0.037787 4e-06
0.039501 3e-06
0.038981 4e-06
0.03837 2e-06
0.039465 3e-06
0.039759 3e-06
0.039463 4e-06
0.035693 6e-06
0.037139 4e-06
0.03968 3e-06
0.039241 3e-06
0.040308 5e-06
0.035352 2e-06
0.039774 4e-06
0.039415 3e-06
0.037636 8e-06
0.039588 4e-06
0.037515 3e-06
0.037336 2e-06
0.039662 5e-06
0.040927 4e-06
0.039818 3e-06
0.0395 3e-06
0.035426 4e-06
0.040076 3e-06
0.036796 3e-06
0.036826 5e-06
0.037688 4e-06
0.039498 5e-06
0.03719 4e-06
0.037049 3e-06
0.037821 4e-06
0.040895 4e-06
0.037542 2e-06
0.039641 4e-06
0.037634 4e-06
0.036889 4e-06
0.037972 4e-06
0.037292 3e-06
0.036438 3e-06
0.037728 4e-06
0.039503 3e-06
0.039802 4e-06
0.039448 2e-06
0.038136 1.1e-05
0.038317 5e-06
0.039889 2e-06
0.037072 3e-06
0.04022 3e-06
0.039632 5e-06
0.037289 3e-06
0.036904 3e-06
0.038282 4e-06
0.040073 3e-06
0.039828 3e-06
0.039745 3e-06
0.036802 4e-06
0.04011 3e-06
0.040319 3e-06
0.036868 3e-06
0.036543 1e-05
0.038445 5e-06
0.037537 4e-06
0.037778 5e-06
0.039486 2e-06
0.039805 5e-06
0.040056 4e-06
0.039682 2e-06
0.037667 4e-06
0.03958 4e-06
0.039529 3e-06
0.037468 4e-06
0.039684 4e-06
0.035836 4e-06
0.037216 4e-06
0.039716 4e-06
0.040161 3e-06
0.041144 4e-06
0.035766 5e-06
0.039979 7e-06
0.037726 4e-06
0.039988 4e-06
0.039637 2e-06
0.039978 5e-06
0.039905 3e-06
0.039604 4e-06
0.038294 5e-06
0.03683 3e-06
0.03992 3e-06
0.045875 3e-06
0.038081 3e-06
0.038014 3e-06
0.039608 3e-06
0.039554 3e-06
0.036803 8e-06
0.037612 2e-06
0.039954 2e-06
0.037949 5e-06
0.036784 6e-06
0.038267 3e-06
0.039887 4e-06
0.039628 3e-06
0.039789 4e-06
0.03683 4e-06
0.039346 4e-06
0.040589 2e-06
0.037492 4e-06
0.03801 3e-06
0.039877 2e-06
0.037099 3e-06
0.038607 3e-06
0.036746 2e-06
0.037949 5e-06
0.040425 3e-06
0.039613 3e-06
0.03687 4e-06
0.047214 3e-06
0.036982 4e-06
0.038523 3e-06
0.037257 4e-06
0.038243 4e-06
0.037765 3e-06
0.039534 3e-06
0.036923 5e-06
0.038291 3e-06
0.037861 3e-06
0.037165 4e-06
0.039542 3e-06
0.044192 9e-06
0.042696 6e-06
0.040699 4e-06
0.041628 3e-06
0.039518 3e-06
0.036879 3e-06
0.038361 4e-06
0.039968 4e-06
0.037368 4e-06
0.044335 4e-06
0.039622 7e-06
0.039667 3e-06
0.036672 3e-06
0.039735 3e-06
0.040014 4e-06
0.035695 3e-06
0.037088 5e-06
0.037025 4e-06
0.040263 5e-06
0.038517 5e-06
0.037453 4e-06
0.038915 7e-06
0.0378 4e-06
0.036029 5e-06
0.040504 4e-06
0.037107 4e-06
0.038123 5e-06
0.036839 4e-06
0.036658 3e-06
0.043248 4e-06
0.037006 4e-06
0.038527 4e-06
0.037596 3e-06
0.036921 2e-06
0.037568 3e-06
0.039574 3e-06
0.03932 5e-06
0.041051 4e-06
0.040362 5e-06
0.03789 3e-06
0.039533 3e-06
0.037524 5e-06
0.040765 5e-06
0.040133 4e-06
0.039653 3e-06
0.037009 4e-06
0.039509 5e-06
0.039621 4e-06
0.039525 3e-06
0.037069 5e-06
0.037124 5e-06
0.039452 3e-06
0.0413 4e-06
0.036856 4e-06
0.03755 3e-06
0.035382 4e-06
0.039675 3e-06
0.03694 3e-06
0.039948 2e-06
0.040605 3e-06
0.038826 5e-06
0.039606 5e-06
0.036697 2e-06
0.039679 3e-06
0.036694 2e-06
0.039691 4e-06
0.039906 4e-06
0.039727 3e-06
0.040266 3e-06
0.039504 3e-06
0.039545 6e-06
0.04055 3e-06
0.03942 2e-06
0.032806 3e-06
0.043132 4e-06
0.036746 3e-06
0.038606 3e-06
0.036981 3e-06
0.03552 6e-06
0.039567 2e-06
0.039544 4e-06
0.037868 6e-06
0.037389 3e-06
0.038729 5e-06
0.03963 4e-06
0.036757 5e-06
0.039204 5e-06
0.037266 4e-06
0.03679 2e-06
0.037162 4e-06
0.039513 2e-06
0.03605 3e-06
0.036799 4e-06
0.039527 4e-06
0.036625 4e-06
0.039464 3e-06
0.039789 3e-06
0.040133 5e-06
0.037801 4e-06
0.037735 5e-06
0.036755 5e-06
0.037118 4e-06
0.039612 4e-06
0.037702 3e-06
0.03752 4e-06
0.039881 4e-06
0.039546 3e-06
0.037261 3e-06
0.036733 4e-06
0.037667 4e-06
0.039616 3e-06
0.040266 4e-06
0.038011 3e-06
0.03796 3e-06
0.039602 3e-06
0.035361 4e-06
0.03681 2e-06
0.036807 3e-06
0.040044 3e-06
0.039556 3e-06
0.039517 4e-06
0.040643 3e-06
0.037831 4e-06
0.037917 4e-06
0.039491 3e-06
0.036705 3e-06
0.039432 5e-06
0.038332 4e-06
0.03948 4e-06
0.039782 3e-06
0.039637 3e-06
0.036429 4e-06
0.036983 5e-06
0.037487 4e-06
0.039505 3e-06
0.037347 4e-06
0.036907 3e-06
0.039915 5e-06
0.037675 2e-06
0.037284 5e-06
0.039506 3e-06
0.039506 4e-06
0.040495 5e-06
0.040019 4e-06
0.037194 3e-06
0.039577 3e-06
0.036756 3e-06
0.037271 4e-06
0.039549 4e-06
0.039543 4e-06
0.037319 4e-06
0.037925 3e-06
0.040441 3e-06
0.036816 5e-06
0.039585 2e-06
0.039477 4e-06
0.036828 3e-06
0.037124 4e-06
0.040091 3e-06
0.039557 2e-06
0.036135 4e-06
0.037637 4e-06
0.039422 4e-06
0.03952 5e-06
0.039483 5e-06
0.037219 3e-06
0.040095 4e-06
0.037755 4e-06
0.037536 4e-06
0.037771 2e-06
0.039882 3e-06
0.039876 3e-06
0.037551 3e-06
0.037608 5e-06
0.040131 4e-06
0.037781 4e-06
0.039033 5e-06
0.03823 4e-06
0.036757 5e-06
0.037849 4e-06
0.04051 5e-06
0.041438 6e-06
0.040151 4e-06
0.038144 4e-06
0.038608 3e-06
0.042884 4e-06
0.03694 4e-06
0.040563 3e-06
0.039507 2e-06
0.039743 7e-06
0.0396 4e-06
0.039623 4e-06
0.038041 5e-06
0.037029 4e-06
0.037528 3e-06
0.040801 2e-06
0.040379 4e-06
0.037671 7e-06
0.039529 3e-06
0.039444 4e-06
0.040666 3e-06
0.03671 4e-06
0.036631 3e-06
0.036917 3e-06
0.037483 3e-06
0.037114 6e-06
0.04037 4e-06
0.039584 3e-06
0.037779 5e-06
0.039535 4e-06
0.037685 4e-06
0.037042 2e-06
0.03947 2e-06
0.039706 5e-06
0.037576 4e-06
0.038215 4e-06
0.03759 5e-06
0.037612 3e-06
0.036555 5e-06
0.037706 5e-06
0.039259 3e-06
0.039189 4e-06
0.040584 4e-06
0.037489 3e-06
0.042777 2e-06
0.038037 5e-06
0.040708 5e-06
0.040291 2e-06
0.038372 4e-06
0.037374 4e-06
0.03775 3e-06
0.039895 3e-06
0.037386 4e-06
0.03685 4e-06
0.037872 4e-06
0.036697 3e-06
0.038994 4e-06
0.0371 4e-06
0.036867 4e-06
0.036309 5e-06
0.040261 4e-06
0.037985 3e-06
0.036937 5e-06
0.039249 6e-06
0.040717 4e-06
0.039261 6e-06
0.045447 4e-06
0.044424 4e-06
0.041061 4e-06
0.038439 3e-06
0.038404 4e-06
0.037035 4e-06
0.042252 6e-06
0.040763 5e-06
0.038129 6e-06
0.039568 4e-06
0.042513 4e-06
0.041171 5e-06
0.040597 4e-06
0.039998 4e-06
0.040824 3e-06
0.041889 4e-06
0.038673 3e-06
0.038424 3e-06
0.040399 4e-06
0.03809 4e-06
0.040255 3e-06
0.04098 5e-06
0.040163 3e-06
0.037869 4e-06
0.036367 5e-06
0.040618 4e-06
0.038493 3e-06
0.040225 5e-06
0.040299 3e-06
0.03789 1e-06
0.037779 4e-06
0.040744 5e-06
0.041271 5e-06
0.040549 3e-06
0.037914 4e-06
0.040321 4e-06
0.040697 3e-06
0.040707 6e-06
0.040238 4e-06
0.043394 6e-06
0.040488 4e-06
0.042323 3e-06
0.040429 3e-06
0.038599 4e-06
0.036046 3e-06
0.037033 4e-06
0.040631 4e-06
0.039985 3e-06
0.039719 3e-06
0.036946 3e-06
0.041094 4e-06
0.039547 2e-06
0.035104 4e-06
0.039513 3e-06
0.03678 3e-06
0.036644 4e-06
0.039615 3e-06
0.037401 3e-06
0.038159 4e-06
0.040169 6e-06
0.040322 3e-06
0.03826 6e-06
0.039859 6e-06
0.040952 3e-06
0.040733 5e-06
0.035846 4e-06
0.048316 6e-06
0.04052 4e-06
0.04285 5e-06
0.040391 3e-06
0.03768 7e-06
0.039603 4e-06
0.040309 4e-06
0.038266 4e-06
0.047109 6e-06
0.043572 4e-06
0.040745 5e-06
0.038063 5e-06
0.03844 4e-06
0.039095 4e-06
0.038606 4e-06
0.037709 5e-06
0.039814 3e-06
0.040701 5e-06
0.045621 5e-06
0.053247 8e-06
0.053104 4e-06
0.049902 4e-06
0.053078 4e-06
0.048752 4e-06
0.038869 5e-06
0.040939 3e-06
0.040714 5e-06
0.037855 4e-06
0.036888 6e-06
0.038352 2e-06
0.043513 3e-06
0.037436 4e-06
0.041168 3e-06
0.035435 5e-06
0.03831 4e-06
0.042297 5e-06
0.038644 6e-06
0.038413 4e-06
0.037917 4e-06
0.0399 4e-06
0.040497 8e-06
0.040868 4e-06
0.037745 5e-06
0.037393 4e-06
0.039998 3e-06
0.039477 4e-06
0.040666 4e-06
0.037589 4e-06
0.037608 4e-06
0.04214 4e-06
0.038495 5e-06
0.041529 5e-06
0.042574 6e-06
0.041075 6e-06
0.039777 2e-06
0.040835 5e-06
0.041363 4e-06
0.040563 4e-06
0.037742 4e-06
0.039959 4e-06
0.039524 4e-06
0.035156 4e-06
0.039571 4e-06
0.040284 5e-06
0.040982 6e-06
0.040431 4e-06
0.036647 4e-06
0.039571 3e-06
0.042165 4e-06
0.04141 4e-06
0.037755 5e-06
0.040632 4e-06
0.037195 6e-06
0.04066 4e-06
0.036761 4e-06
0.037599 2e-06
0.039419 4e-06
0.039654 4e-06
0.03941 3e-06
0.038982 3e-06
0.038721 4e-06
0.038116 6e-06
0.04073 3e-06
0.037754 3e-06
0.040424 4e-06
0.043891 5e-06
0.040337 5e-06
0.037047 4e-06
0.036976 4e-06
0.04026 4e-06
0.039015 4e-06
0.04072 3e-06
0.039206 4e-06
0.04063 4e-06
0.040797 3e-06
0.038424 2e-06
0.037804 3e-06
0.036855 4e-06
0.037193 3e-06
0.039469 3e-06
0.036625 4e-06
0.040479 3e-06
0.037449 4e-06
0.037022 3e-06
0.039583 3e-06
0.039594 3e-06
0.040132 4e-06
0.039547 3e-06
0.038295 4e-06
0.038518 5e-06
0.040767 3e-06
0.03811 3e-06
0.039492 3e-06
0.039645 4e-06
0.040596 3e-06
0.040053 3e-06
0.039917 5e-06
0.036827 4e-06
0.039511 4e-06
0.039827 2e-06
0.039356 3e-06
0.038675 5e-06
0.039575 4e-06
0.037524 2e-06
0.039594 5e-06
0.039607 5e-06
0.039276 3e-06
0.037147 4e-06
0.036956 3e-06
0.033718 4e-06
0.038376 4e-06
0.036716 3e-06
0.036801 6e-06
0.039496 3e-06
0.039434 5e-06
0.039815 5e-06
0.037025 3e-06
0.036188 5e-06
0.037173 3e-06
0.03675 3e-06
0.037029 7e-06
0.039753 3e-06
0.039663 3e-06
0.038031 2e-06
0.036743 5e-06
0.040015 3e-06
0.040877 4e-06
0.038923 5e-06
0.041909 4e-06
0.037912 3e-06
0.03902 3e-06
0.040912 7e-06
0.044534 4e-06
0.040256 5e-06
0.040582 3e-06
0.039798 5e-06
0.041138 3e-06
0.037473 3e-06
0.04039 5e-06
0.039426 3e-06
0.037289 3e-06
0.037656 2e-06
0.041798 3e-06
0.037253 3e-06
0.036769 2e-06
0.040802 4e-06
0.038136 4e-06
0.039577 2e-06
0.035128 3e-06
0.037437 4e-06
0.041232 3e-06
0.040586 3e-06
0.039478 3e-06
0.039194 6e-06
0.041135 3e-06
0.040213 4e-06
0.036729 3e-06
0.039716 6e-06
0.038973 4e-06
0.041606 4e-06
0.036882 5e-06
0.034628 3e-06
0.037747 3e-06
0.040123 5e-06
0.04098 3e-06
0.037412 3e-06
0.039147 5e-06
0.037124 4e-06
0.039057 3e-06
0.035606 3e-06
0.037973 3e-06
0.039414 3e-06
0.039959 3e-06
0.03951 4e-06
0.038624 5e-06
0.037017 2e-06
0.040306 6e-06
0.039673 6e-06
0.038514 4e-06
0.040305 5e-06
0.040676 5e-06
0.039737 4e-06
0.039142 2e-06
0.038188 3e-06
0.040429 4e-06
0.039885 3e-06
0.040256 3e-06
0.03744 5e-06
0.040134 4e-06
0.039601 2e-06
0.037768 3e-06
0.03687 4e-06
0.039844 3e-06
0.039749 3e-06
0.040369 4e-06
0.036988 3e-06
0.040343 3e-06
0.040538 9e-06
0.040944 5e-06
0.0381 4e-06
0.040262 4e-06
0.039116 4e-06
0.041776 4e-06
0.038651 4e-06
0.037832 3e-06
0.038063 5e-06
0.039262 5e-06
0.044443 4e-06
0.051172 6e-06
0.042777 3e-06
0.039813 4e-06
0.039431 2e-06
0.039603 3e-06
0.037188 4e-06
0.04044 4e-06
0.045618 6e-06
0.038824 2e-06
0.041408 3e-06
0.038665 3e-06
0.041082 6e-06
0.041736 6e-06
0.036807 3e-06
0.039593 2e-06
0.039847 4e-06
0.037577 6e-06
0.037236 3e-06
0.039564 4e-06
0.039658 3e-06
0.037274 3e-06
0.039734 5e-06
0.039807 4e-06
0.040106 5e-06
0.040575 3e-06
0.039391 7e-06
0.04232 5e-06
0.039242 6e-06
0.039607 3e-06
0.038645 3e-06
0.036113 8e-06
0.037772 4e-06
0.040015 4e-06
0.039649 4e-06
0.039535 4e-06
0.03919 5e-06
0.036974 3e-06
0.036754 3e-06
0.039625 3e-06
0.03943 3e-06
0.039518 3e-06
0.037248 5e-06
0.039456 2e-06
0.0374 3e-06
0.037203 4e-06
0.039648 4e-06
0.036936 5e-06
0.036854 4e-06
0.039809 4e-06
0.04277 2e-06
0.039381 3e-06
0.038024 4e-06
0.039509 3e-06
0.040483 4e-06
0.039845 4e-06
0.039598 3e-06
