0.009717 3.2e-05
0.010033 1.6e-05
0.009691 1e-05
0.009433 1.1e-05
0.010581 1.1e-05
0.009305 1.6e-05
0.00968 1.2e-05
0.009507 1.2e-05
0.009546 1.3e-05
0.009715 1.9e-05
0.009729 1.7e-05
0.009774 1.3e-05
0.009665 9e-06
0.009306 1.5e-05
0.009343 1.4e-05
0.009264 1.4e-05
0.010462 1.4e-05
0.009649 1.4e-05
0.010333 1.3e-05
0.009721 1.1e-05
0.009285 1.3e-05
0.009747 1.6e-05
0.009318 1.2e-05
0.010475 1.6e-05
0.009928 1.3e-05
0.00994 1.2e-05
0.009729 1.3e-05
0.009273 1.3e-05
0.009296 8e-06
0.009308 1.4e-05
0.009291 1.6e-05
0.009387 1.1e-05
0.009619 1.1e-05
0.009299 9e-06
0.009304 1.1e-05
0.009975 1.5e-05
0.009724 1.6e-05
0.009289 1.3e-05
0.009678 1.3e-05
0.009133 1.4e-05
0.009689 1.6e-05
0.010215 1.8e-05
0.010472 1.5e-05
0.009673 1.3e-05
0.009281 1.5e-05
0.009313 1.7e-05
0.009683 1.5e-05
0.009295 1.1e-05
0.009658 1.3e-05
0.008335 1.3e-05
0.0093 1.3e-05
0.009713 1.2e-05
0.010485 1.2e-05
0.009321 1.2e-05
0.009654 1.2e-05
0.009299 1.1e-05
0.009322 1.7e-05
0.009652 1.3e-05
0.009495 1.1e-05
0.008799 1.4e-05
0.009317 1.7e-05
0.009442 1.7e-05
0.009739 1.1e-05
0.009944 1.8e-05
0.009308 1.4e-05
0.009334 1.1e-05
0.009315 1.3e-05
0.009678 9e-06
0.009707 8e-06
0.009022 1.2e-05
0.00972 1.5e-05
0.010491 1.4e-05
0.010086 1.1e-05
0.009294 1.2e-05
0.009635 1.3e-05
0.009526 1.4e-05
0.009947 1.9e-05
0.010637 1.4e-05
0.009299 1e-05
0.009649 1.3e-05
0.009313 1.8e-05
0.010478 1.3e-05
0.009841 1.7e-05
0.010487 1e-05
0.009678 1.5e-05
0.009315 1.8e-05
0.009669 1.2e-05
0.009624 1.3e-05
0.009329 1.1e-05
0.009705 1e-05
0.009319 9e-06
0.00927 1.2e-05
0.009857 1.4e-05
0.009758 1.4e-05
0.009697 1.3e-05
0.009304 1e-05
0.009724 1.6e-05
0.010492 1.4e-05
0.00933 1e-05
0.009687 1e-05
0.009661 1.2e-05
0.010511 1.1e-05
0.009745 1e-05
0.009701 1.1e-05
0.010465 1.2e-05
0.009677 1.6e-05
0.009276 9e-06
0.009665 1.4e-05
0.009293 1.3e-05
0.009738 1e-05
0.008787 1.3e-05
0.009958 1.2e-05
0.009343 1.1e-05
0.009323 1.5e-05
0.009291 1.3e-05
0.009627 1.6e-05
0.009684 1.4e-05
0.00988 1e-05
0.009971 1.5e-05
0.00996 1.6e-05
0.009632 1.1e-05
0.01046 1.3e-05
0.009347 1.7e-05
0.009708 3.1e-05
0.009705 1e-05
0.009948 9e-06
0.009342 9e-06
0.009358 1.1e-05
0.009725 1.3e-05
0.008716 1.2e-05
0.009321 1.3e-05
0.0097 1.4e-05
0.009299 1.3e-05
0.009859 1.1e-05
0.009958 9e-06
0.009732 1.3e-05
0.009372 1.1e-05
0.009255 9e-06
0.007458 1.2e-05
0.009584 1.1e-05
0.009316 9e-06
0.009692 1.3e-05
0.009659 1.5e-05
0.009507 1.2e-05
0.009303 1.1e-05
0.00977 1.1e-05
0.009335 1.4e-05
0.009736 1.3e-05
0.009937 1.2e-05
0.00974 1.2e-05
0.010453 1.2e-05
0.00973 1.4e-05
0.009945 1.1e-05
0.009679 1e-05
0.009677 1.1e-05
0.009665 1.1e-05
0.009563 1.2e-05
0.009918 1.4e-05
0.010462 1.6e-05
0.009928 9e-06
0.009327 1.5e-05
0.009669 9e-06
0.009314 8e-06
0.009931 1.3e-05
0.009923 1e-05
0.00929 1.1e-05
0.009047 1.4e-05
0.010475 1.4e-05
0.009718 1.6e-05
0.009706 1.5e-05
0.009699 1.4e-05
0.009714 1.7e-05
0.009935 1.2e-05
0.009673 1.6e-05
0.009269 1.3e-05
0.009304 1.2e-05
0.008096 1.7e-05
0.00975 1.5e-05
0.009717 1.3e-05
0.010454 1.6e-05
0.009707 1.6e-05
0.009294 9e-06
0.009307 1.3e-05
0.00971 1e-05
0.009697 1.2e-05
0.009327 1.3e-05
0.007934 9e-06
0.009295 1.5e-05
0.009666 1.3e-05
0.009701 1.8e-05
0.009666 9e-06
0.009686 1.4e-05
0.009324 1.6e-05
0.0093 1.9e-05
0.009851 1e-05
0.009741 9e-06
0.009125 9e-06
0.009714 1.1e-05
0.009697 1.4e-05
0.009372 2e-05
0.010463 8e-06
0.009705 1.5e-05
0.009988 1.4e-05
0.009279 1.1e-05
0.01042 1.7e-05
0.009291 1e-05
0.009295 9e-06
0.010457 1.4e-05
0.0093 1.2e-05
0.010558 1.3e-05
0.010275 1.4e-05
0.009748 1.7e-05
0.009674 1.2e-05
0.009646 1e-05
0.009319 1.8e-05
0.009295 1.4e-05
0.009301 1.2e-05
0.009711 1.8e-05
0.009627 1.2e-05
0.010532 1.8e-05
0.009741 1.7e-05
0.009957 1.1e-05
0.009747 1.3e-05
0.010454 1.5e-05
0.009713 1.4e-05
0.009692 1.7e-05
0.009728 1.4e-05
0.009713 1.1e-05
0.0097 1.1e-05
0.009376 2.2e-05
0.009699 1.5e-05
0.009927 1.4e-05
0.009705 1.3e-05
0.009306 1.4e-05
0.009302 1.1e-05
0.009761 1.3e-05
0.0105 1.5e-05
0.009426 1.3e-05
0.009702 1.5e-05
0.009344 1.2e-05
0.009295 1.2e-05
0.009297 1.2e-05
0.009712 1.2e-05
0.009285 1.7e-05
0.009707 1.1e-05
0.010462 1.3e-05
0.009296 1.2e-05
0.009164 1e-05
0.009692 1.2e-05
0.009692 3.3e-05
0.010522 1.3e-05
0.009335 1.4e-05
0.009707 1e-05
0.009694 1.2e-05
0.009322 1.2e-05
0.009313 1.2e-05
0.009943 1e-05
0.008393 1.5e-05
0.009653 1.1e-05
0.009337 1.6e-05
0.009672 1.4e-05
0.009737 1.3e-05
0.009339 1.7e-05
0.009316 1.4e-05
0.00933 1e-05
0.009733 1.3e-05
0.009674 7e-06
0.009167 1.8e-05
0.009694 1.1e-05
0.009655 1e-05
0.009304 1.8e-05
0.009289 2e-05
0.009704 1.5e-05
0.009698 1.1e-05
0.009291 1.9e-05
0.010456 1.1e-05
0.009302 1.1e-05
0.008932 1.2e-05
0.009672 1.3e-05
0.009952 1.2e-05
0.010623 1.6e-05
0.009335 1.8e-05
0.009734 1.3e-05
0.009689 1.4e-05
0.009292 1e-05
0.00927 1.9e-05
0.009891 1e-05
0.00968 9e-06
0.009741 2.1e-05
0.009328 8e-06
0.009742 1.1e-05
0.009311 1.3e-05
0.009932 1.4e-05
0.009306 1.1e-05
0.00971 1.2e-05
0.009688 1.4e-05
0.009314 1.4e-05
0.009723 1.4e-05
0.009084 1.6e-05
0.009412 1.1e-05
0.010497 1.3e-05
0.009296 1e-05
0.009702 1.9e-05
0.009727 1.1e-05
0.00973 1.6e-05
0.009331 1.9e-05
0.009677 1.3e-05
0.009347 1e-05
0.008571 1.2e-05
0.009717 1.3e-05
0.009691 1e-05
0.009981 1.1e-05
0.009332 1.2e-05
0.009756 1.1e-05
0.010463 1.3e-05
0.009299 1.1e-05
0.009715 9e-06
0.009279 1.6e-05
0.008338 1.4e-05
0.009314 1.1e-05
0.009284 1.8e-05
0.009315 1.2e-05
0.010463 1.6e-05
0.009336 9e-06
0.009498 1.9e-05
0.00992 1.3e-05
0.009721 1e-05
0.009992 1.1e-05
0.009393 1.4e-05
0.009734 1.4e-05
0.009748 1.1e-05
0.009342 1.3e-05
0.009949 1.1e-05
0.009726 1.3e-05
0.009715 1.3e-05
0.009616 1.4e-05
0.009648 1.1e-05
0.009295 1.2e-05
0.009518 8e-06
0.00976 1.1e-05
0.009306 1.2e-05
0.009983 1.3e-05
0.009966 1.4e-05
0.009804 1.4e-05
0.009718 1.7e-05
0.009715 9e-06
0.009285 1.5e-05
0.010469 1e-05
0.00928 1.5e-05
0.009711 1.7e-05
0.009298 1.1e-05
0.009355 1.8e-05
0.009938 1.5e-05
0.009642 1.2e-05
0.009716 1.2e-05
0.009739 1.2e-05
0.009688 1.2e-05
0.009724 1.4e-05
0.009703 1.1e-05
0.009377 1.2e-05
0.009326 1.7e-05
0.009685 1.6e-05
0.009968 1.4e-05
0.00973 1.5e-05
0.010481 1.7e-05
0.009997 1.3e-05
0.010479 1.6e-05
0.009296 1.5e-05
0.009724 1.1e-05
0.009362 1.1e-05
0.010466 1.1e-05
0.009307 1.6e-05
0.009717 1.1e-05
0.009651 1.1e-05
0.009705 1e-05
0.009326 1.6e-05
0.009913 8e-06
0.009346 1e-05
0.009303 1.8e-05
0.007728 1.5e-05
0.009737 1.5e-05
0.0097 1.3e-05
0.009307 1.4e-05
0.009742 1.3e-05
0.009686 1.6e-05
0.010437 1.1e-05
0.009923 1.9e-05
0.009672 1.8e-05
0.009276 1.3e-05
0.008751 1.1e-05
0.009315 1.9e-05
0.009313 1.4e-05
0.009309 1.3e-05
0.009269 1.8e-05
0.009714 1.4e-05
0.009303 1.4e-05
0.009892 1.4e-05
0.009699 1.4e-05
0.009664 1.1e-05
0.009002 1.7e-05
0.009801 1.7e-05
0.009661 1.5e-05
0.009741 1e-05
0.009702 1.3e-05
0.009311 1.1e-05
0.00972 1.4e-05
0.009673 1e-05
0.009664 1.1e-05
0.009674 1.2e-05
0.009313 1.1e-05
0.009305 1.3e-05
0.009312 1.1e-05
0.009808 1e-05
0.009363 1.7e-05
0.009697 9e-06
0.00977 1.1e-05
0.00935 1.2e-05
0.009311 1.6e-05
0.009389 9e-06
0.009299 1.3e-05
0.009614 1.5e-05
0.009702 1.3e-05
0.00971 1.9e-05
0.009709 1.8e-05
0.009306 1.1e-05
0.009287 1.1e-05
0.00973 1.9e-05
0.00933 1.6e-05
0.009723 1.4e-05
0.0097 1e-05
0.008608 1e-05
0.009731 1e-05
0.009323 1.5e-05
0.009753 1.4e-05
0.009346 1.1e-05
0.009732 1e-05
0.009722 1.4e-05
0.009713 1.8e-05
0.009747 1.4e-05
0.009345 1.2e-05
0.008428 1.4e-05
0.009736 1.1e-05
0.009329 1.6e-05
0.009712 1.6e-05
0.00929 1.5e-05
0.009321 1.3e-05
0.009809 1.3e-05
0.0093 1e-05
0.009702 1.6e-05
0.009777 1.4e-05
0.009092 1.1e-05
0.010014 1.2e-05
0.009772 1.8e-05
0.0093 1.7e-05
0.009729 1.3e-05
0.009718 1e-05
0.009713 1.3e-05
0.009299 1.1e-05
0.009304 1.3e-05
0.00965 1e-05
0.009915 9e-06
0.00971 1.6e-05
0.009677 1.1e-05
0.00981 1.9e-05
0.009662 1.1e-05
0.010465 1.4e-05
0.00931 1.4e-05
0.009755 1.1e-05
0.009306 1e-05
0.009705 1.4e-05
0.009644 1e-05
0.009908 1.6e-05
0.0097 1.9e-05
0.009713 1.3e-05
0.009734 1.3e-05
0.009357 9e-06
0.009938 1.3e-05
0.009297 1.3e-05
0.009721 1.1e-05
0.009337 1.2e-05
0.010456 1.3e-05
0.009731 1.2e-05
0.009721 1.5e-05
0.00979 1.1e-05
0.009739 1.4e-05
0.009314 1e-05
0.009712 1.1e-05
0.009708 9e-06
0.009331 9e-06
0.009714 1.4e-05
0.00932 1e-05
0.008619 1e-05
0.009289 1.4e-05
0.009685 1.6e-05
0.009294 1.2e-05
0.009287 1.6e-05
0.009283 1.3e-05
0.009686 8e-06
0.009928 1.1e-05
0.009622 1.5e-05
0.009652 1.2e-05
0.008389 1.1e-05
0.009668 1.7e-05
0.009731 1.6e-05
0.009308 1.2e-05
0.009712 1.4e-05
0.009299 2.1e-05
0.009293 1.6e-05
0.009334 1.3e-05
0.009728 1.2e-05
0.009667 1.1e-05
0.009347 1.1e-05
0.009707 1.1e-05
0.009688 1.7e-05
0.009722 1.1e-05
0.009726 1.3e-05
0.00934 9e-06
0.010482 1.1e-05
0.009275 1.4e-05
0.009892 1.1e-05
0.009683 1.2e-05
0.009613 1.5e-05
0.009754 1.1e-05
0.009328 1.1e-05
0.009367 1.2e-05
0.009313 1.8e-05
0.009657 1.1e-05
0.009334 1.2e-05
0.009787 9e-06
0.009721 1.3e-05
0.009759 1.7e-05
0.009342 9e-06
0.009687 1.7e-05
0.00966 1.2e-05
0.009693 9e-06
0.009731 1.7e-05
0.009667 1.9e-05
0.009667 1.4e-05
0.00929 1.8e-05
0.009709 1.7e-05
0.009287 1.3e-05
0.009744 1e-05
0.009709 8e-06
0.009711 1.6e-05
0.009773 1.3e-05
0.010479 1.9e-05
0.009696 1.8e-05
0.010466 1e-05
0.009371 1e-05
0.009716 1.5e-05
0.00978 1.4e-05
0.010473 1.3e-05
0.009286 1.3e-05
0.009728 1.3e-05
0.00973 1.4e-05
0.009672 1.1e-05
0.009312 2.2e-05
0.00991 1.3e-05
0.009694 1.6e-05
0.009275 1.5e-05
0.009689 1.4e-05
0.010472 1.2e-05
0.008845 1.5e-05
0.009959 1e-05
0.009296 1.5e-05
0.009308 1.3e-05
0.009704 1.3e-05
0.009306 1e-05
0.009461 1.2e-05
0.009715 1.2e-05
0.009699 1.1e-05
0.009676 1.3e-05
0.007864 1.7e-05
0.009324 1.6e-05
0.009727 1.6e-05
0.009718 1.2e-05
0.009304 9e-06
0.00967 1.1e-05
0.009292 1.1e-05
0.009281 1.2e-05
0.009656 1.1e-05
0.009295 1.5e-05
0.008789 1.2e-05
0.009886 1.9e-05
0.009756 2.3e-05
0.009346 1.6e-05
0.009735 1.5e-05
0.009295 1e-05
0.009328 1.2e-05
0.009314 1.4e-05
0.009725 9e-06
0.009705 1e-05
0.009075 1.5e-05
0.009705 1.8e-05
0.009715 9e-06
0.009685 1.5e-05
0.009699 1.1e-05
0.009305 1.3e-05
0.009296 1.1e-05
0.009328 1.5e-05
0.009685 1.3e-05
0.009708 1.2e-05
0.009716 1e-05
0.009939 1.4e-05
0.009724 1.5e-05
0.00974 1.5e-05
0.009271 1e-05
0.009666 1.6e-05
0.009703 9e-06
0.009711 1.5e-05
0.009652 9e-06
0.009654 1.4e-05
0.009769 9e-06
0.009713 1e-05
0.009288 1.1e-05
0.009778 9e-06
0.0093 1.3e-05
0.009314 1.1e-05
0.009691 8e-06
0.00971 1.7e-05
0.009315 1.8e-05
0.009709 1.3e-05
0.009276 1.5e-05
0.008383 1.2e-05
0.009268 1.4e-05
0.009353 1.7e-05
0.009349 1.5e-05
0.010466 1.1e-05
0.009631 1e-05
0.009736 1.1e-05
0.009711 1.4e-05
0.009739 1.5e-05
0.009664 1.3e-05
0.00837 1.3e-05
0.009724 9e-06
0.009756 1.2e-05
0.009702 1.4e-05
0.009307 1.4e-05
0.009751 1.6e-05
0.009675 1.4e-05
0.009678 1e-05
0.009289 1.2e-05
0.009662 1e-05
0.009234 1.6e-05
0.009392 1.3e-05
0.009314 1.8e-05
0.009309 1.4e-05
0.009308 9e-06
0.009402 1.4e-05
0.009645 1.5e-05
0.009312 9e-06
0.009292 1.2e-05
0.009742 8e-06
0.009341 1.4e-05
0.009702 1.6e-05
0.009347 1.1e-05
0.009764 1.4e-05
0.009709 1.2e-05
0.009687 1.3e-05
0.009729 1.3e-05
0.009298 1.2e-05
0.00975 9e-06
0.009665 1.3e-05
0.009678 1.1e-05
0.009661 1.8e-05
0.010473 1.1e-05
0.009708 2.1e-05
0.009669 1.1e-05
0.009714 1.1e-05
0.009351 1.2e-05
0.009723 1e-05
0.009719 1.3e-05
0.009281 1.1e-05
0.009311 1.2e-05
0.009921 1e-05
0.009358 1.2e-05
0.009731 1.2e-05
0.009726 1.3e-05
0.009286 1.1e-05
0.010462 1.5e-05
0.009722 1.1e-05
0.009726 1.3e-05
0.009264 1.3e-05
0.009689 1.3e-05
0.009336 1.6e-05
0.009726 1.5e-05
0.009995 1.6e-05
0.009806 1.1e-05
0.009722 2e-05
0.009708 1.5e-05
0.009286 1.2e-05
0.009327 1e-05
0.00931 1.5e-05
0.009719 1.3e-05
0.009433 1.9e-05
0.009728 1.4e-05
0.009358 1.9e-05
0.00934 1.5e-05
0.009746 1.4e-05
0.009682 1.5e-05
0.00931 1e-05
0.00947 1.7e-05
0.009685 1.1e-05
0.010453 1.1e-05
0.008404 1.1e-05
0.009674 1.6e-05
0.009327 1.6e-05
0.009355 1.4e-05
0.009666 1.1e-05
0.00935 1.3e-05
0.009344 1.3e-05
0.00931 9e-06
0.00969 1.1e-05
0.010499 1.6e-05
0.008892 1.9e-05
0.009678 1.8e-05
0.009288 1.1e-05
0.009938 9e-06
0.009315 1.5e-05
0.00929 9e-06
0.00974 1.5e-05
0.009278 8e-06
0.009298 1.7e-05
0.009674 1.6e-05
0.009369 1.1e-05
0.009937 1.2e-05
0.009311 1.4e-05
0.009838 1.6e-05
0.009696 1.5e-05
0.009339 1.4e-05
0.010459 1.2e-05
0.010454 1.3e-05
0.009708 1.2e-05
0.009732 7e-06
0.009313 1.3e-05
0.009735 1.9e-05
0.009746 1.6e-05
0.009702 1.9e-05
0.009803 1.1e-05
0.009375 1.2e-05
0.010475 1.5e-05
0.009749 1.1e-05
0.009298 1.2e-05
0.009698 9e-06
0.009313 1.4e-05
0.009132 2e-05
0.009737 1.2e-05
0.00931 1.6e-05
0.009714 2.1e-05
0.00977 1.2e-05
0.009315 1.4e-05
0.009331 1.3e-05
0.00973 1.5e-05
0.009724 1.1e-05
0.009692 1.6e-05
0.009016 1e-05
0.010511 1.8e-05
0.009319 1.3e-05
0.010472 1.4e-05
0.009351 1.8e-05
0.009698 1.3e-05
0.009668 1.2e-05
0.009706 1.8e-05
0.009271 9e-06
0.009692 1.1e-05
0.008245 9e-06
0.009725 1.4e-05
0.00978 1.4e-05
0.009695 1.8e-05
0.009705 1.4e-05
0.009667 1.2e-05
0.009708 1.4e-05
0.00973 1.5e-05
0.009351 1.4e-05
0.009306 8e-06
0.009528 1.1e-05
0.009938 1.2e-05
0.009336 1.1e-05
0.009317 1.2e-05
0.009337 1.7e-05
0.009625 1.4e-05
0.009915 1.7e-05
0.01045 1.2e-05
0.009723 1.1e-05
0.009304 1.1e-05
0.009711 1.3e-05
0.009726 1.3e-05
0.009693 1.8e-05
0.009801 1.4e-05
0.009406 1.7e-05
0.009319 1.1e-05
0.010079 1.6e-05
0.009286 1.2e-05
0.009302 9e-06
0.00964 8e-06
0.0093 1e-05
0.009758 1.2e-05
0.009737 1.1e-05
0.009368 1.6e-05
0.009318 1.2e-05
0.009909 1.6e-05
0.009331 1.4e-05
0.009954 1.5e-05
0.010491 1.5e-05
0.00967 1.2e-05
0.009668 1.6e-05
0.009715 8e-06
0.009353 1.4e-05
0.009731 1.4e-05
0.010475 1.7e-05
0.009706 1.2e-05
0.009707 1.1e-05
0.009285 1.2e-05
0.009703 1.3e-05
0.009674 1.1e-05
0.009938 1.4e-05
0.009664 1.8e-05
0.009712 8e-06
0.009755 1.5e-05
0.009335 1.4e-05
0.009284 1.1e-05
0.01049 6e-06
0.010666 1.8e-05
0.009324 9e-06
0.009739 1.2e-05
0.009373 1.1e-05
0.008766 1.2e-05
0.010458 1.5e-05
0.009728 1.2e-05
0.010514 8e-06
0.009654 1.3e-05
0.009298 1.3e-05
0.009318 1.1e-05
0.009716 1.3e-05
0.009343 1.2e-05
0.009733 1.7e-05
0.008571 1.5e-05
0.010504 1.1e-05
0.009701 2.2e-05
0.010525 1.5e-05
0.009761 1e-05
0.009673 1.3e-05
0.009308 1.2e-05
0.009716 1.7e-05
0.009713 1.6e-05
0.009289 2e-05
0.008979 1.1e-05
0.009374 1.2e-05
0.009309 1e-05
0.010468 1.7e-05
0.009684 1.4e-05
0.009328 1.6e-05
0.009674 1.5e-05
0.009596 1.3e-05
0.010545 1.3e-05
0.009721 1.1e-05
0.008798 1.3e-05
0.009358 1.3e-05
0.009334 1.3e-05
0.010475 1.4e-05
0.010504 1.4e-05
0.009282 1.2e-05
0.009265 1.4e-05
0.009675 1.1e-05
0.009739 1.2e-05
0.009293 1.6e-05
0.009481 8e-06
0.009707 1.4e-05
0.009331 1.2e-05
0.009955 1.3e-05
0.009652 1e-05
0.009278 1.3e-05
0.00973 8e-06
0.009517 1e-05
0.009678 1.5e-05
0.009767 1.3e-05
0.009734 1.1e-05
0.009322 1.1e-05
0.009747 1.5e-05
0.009851 1.9e-05
0.009669 1.3e-05
0.009758 1e-05
0.009647 1.1e-05
0.009688 1.2e-05
0.009709 1.3e-05
0.009656 1.1e-05
0.009671 1.1e-05
0.009336 9e-06
0.00931 1.2e-05
0.00972 1.3e-05
0.009353 1.7e-05
0.009691 1.5e-05
0.009327 1.5e-05
0.009295 1.1e-05
0.009713 1.2e-05
0.009708 1e-05
0.00971 1.4e-05
0.009713 1.1e-05
0.009301 1.3e-05
0.009296 9e-06
0.009654 1.7e-05
0.009318 1.1e-05
0.009314 1.3e-05
0.009734 1.1e-05
0.009728 1.2e-05
0.00972 7e-06
0.009318 1.3e-05
0.008364 1.5e-05
0.009345 2e-05
0.009374 1.4e-05
0.009304 1.3e-05
0.009329 1.3e-05
0.00968 1.5e-05
0.009722 1.3e-05
0.00969 1e-05
0.009736 1.4e-05
0.009277 9e-06
0.0089 9e-06
0.009746 9e-06
0.00965 1.8e-05
0.00997 1.3e-05
0.00928 1e-05
0.009671 1.5e-05
0.009286 1.1e-05
0.009497 1.3e-05
0.009779 1.5e-05
0.009691 7e-06
0.008859 7e-06
0.009732 1.7e-05
0.010462 1.3e-05
0.009345 1.7e-05
0.009296 8e-06
0.010475 1.6e-05
0.00969 1.3e-05
0.010443 1.6e-05
0.009659 1.4e-05
0.009717 1.1e-05
0.009652 9e-06
0.009691 1.2e-05
0.00972 1.4e-05
0.00935 1.5e-05
0.00979 1.3e-05
0.009652 1.3e-05
0.009731 1.5e-05
0.009749 2.1e-05
0.009373 1.4e-05
0.009372 1.4e-05
0.009124 1.1e-05
0.009769 1.3e-05
0.009764 1.4e-05
0.009762 1.1e-05
0.009352 1.1e-05
0.009928 1.4e-05
0.01048 1.2e-05
0.009332 1.2e-05
0.00998 1.2e-05
0.009366 1.3e-05
0.008794 1.4e-05
0.009739 1.7e-05
0.009819 1.6e-05
0.010497 1.4e-05
0.009734 1.9e-05
0.009313 1e-05
0.009692 1.1e-05
0.00929 9e-06
0.009302 1.1e-05
0.009698 1e-05
0.009119 8e-06
0.00932 9e-06
0.010466 1.1e-05
0.009799 2e-05
0.009907 1.4e-05
0.009692 1.1e-05
0.009803 1.1e-05
0.010476 1.1e-05
0.010521 1.7e-05
0.00968 1.8e-05
0.009335 1e-05
0.009385 1.8e-05
0.009678 1.1e-05
0.009465 1.4e-05
0.009745 1.6e-05
0.009658 1.5e-05
0.009319 1.1e-05
0.009285 1e-05
0.009322 1.5e-05
0.009663 9e-06
0.009685 1.3e-05
0.009974 1.4e-05
0.009726 1.4e-05
0.009366 1.3e-05
0.009734 1.7e-05
0.009401 1.4e-05
0.009795 1e-05
0.01002 1.5e-05
0.009788 1.5e-05
0.010077 1.3e-05
0.010452 1.3e-05
0.009725 1.5e-05
0.009905 1.4e-05
