0.001031 0.000374
0.001015 0.000308
0.001239 0.000464
0.001322 0.000211
0.001244 0.000314
0.001248 0.000565
0.001272 0.000492
0.00129 0.000307
0.00124 0.000445
0.001249 0.000154
0.001416 0.000205
0.001244 0.00044
0.001242 0.000285
0.001238 0.00041
0.00124 0.000305
0.001247 0.000307
0.001297 0.000368
0.001236 0.000497
0.001248 0.00026
0.001304 0.000446
0.001247 0.000165
0.001239 0.00023
0.001241 0.000432
0.001253 0.000316
0.001242 0.000573
0.001293 0.000473
0.001241 0.000166
0.001289 0.000372
0.00129 0.000353
0.001241 0.00038
0.001237 0.000344
0.00125 0.00024
0.001243 0.000298
0.001298 0.000214
0.001245 0.000569
0.001331 0.000542
0.001245 0.000372
0.001244 0.000278
0.001489 0.000317
0.001245 0.000334
0.001251 0.000241
0.00125 0.000244
0.00124 0.000187
0.001243 0.000341
0.001257 0.000329
0.001297 0.000143
0.001253 0.000441
0.001251 0.000202
0.001292 0.000131
0.00124 0.000247
0.00132 0.000388
0.001244 0.000467
0.001243 0.00014
0.001243 0.000331
0.001245 0.000561
0.001249 0.00045
0.0013 0.000518
0.001252 0.000251
0.001247 0.000289
0.001239 0.000392
0.00125 0.000189
0.001239 0.000436
0.001244 0.000216
0.001256 0.000185
0.001245 0.00034
0.001131 0.000285
0.001035 0.000265
0.001039 0.00024
0.001306 0.000378
0.001294 0.000243
0.0013 0.000624
0.001246 0.000147
0.001246 0.000201
0.001241 0.000291
0.001301 0.000359
0.001254 0.000138
0.001246 0.000245
0.001254 0.000208
0.001253 0.000129
0.001256 0.000292
0.001238 0.000129
0.001243 0.000476
0.001245 0.000236
0.001242 0.000208
0.001294 0.000304
0.001253 0.000222
0.001246 0.000129
0.001244 0.000294
0.001244 0.000236
0.001249 0.000368
0.001292 0.000278
0.001299 0.000468
0.001245 0.000361
0.001288 0.000377
0.001239 0.000329
0.001239 0.00022
0.001244 0.000574
0.00124 0.000338
0.001244 0.000256
0.00124 0.00034
0.00124 0.000218
0.001246 0.000238
0.001246 0.000337
0.001243 0.000332
0.001265 0.000142
0.001237 0.000178
0.001237 0.000393
0.001297 0.000276
0.001246 0.000238
0.001238 0.000408
0.001235 0.000401
0.001291 0.000384
0.001237 0.000312
0.001244 0.000201
0.001247 0.000487
0.001238 0.000424
0.001239 0.000163
0.00124 0.000329
0.00124 0.000389
0.001248 0.000174
0.001296 0.000424
0.001291 0.000288
0.001243 0.000227
0.001243 0.000296
0.001247 0.000177
0.001242 0.000161
0.001237 0.000302
0.001288 0.000338
0.00124 0.000184
0.001243 0.000415
0.001287 0.000277
0.001246 0.000499
0.001185 0.000311
0.001129 0.000484
0.001241 0.000226
0.001243 0.000162
0.001244 0.000272
0.001238 0.000364
0.001294 0.000251
0.001238 0.00024
0.001286 0.000309
0.00124 0.000254
0.001238 0.000328
0.001238 0.00046
0.001243 0.000459
0.001295 0.000242
0.001243 0.000196
0.001296 0.00021
0.001284 0.000503
0.001274 0.000514
0.001239 0.000395
0.001247 0.000568
0.001239 0.000216
0.001238 0.000349
0.001237 0.000395
0.001249 0.000343
0.001241 0.000371
0.001241 0.000375
0.00129 0.000335
0.001248 0.000281
0.001245 0.000513
0.001248 0.000444
0.00124 0.000343
0.001237 0.000377
0.00124 0.000197
0.001296 0.00032
0.00124 0.000629
0.001294 0.000616
0.001235 0.000254
0.001248 0.000605
0.001236 0.000392
0.001241 0.000185
0.001289 0.000245
0.001293 0.000188
0.001293 0.000177
0.001243 0.000177
0.001243 0.000467
0.001248 0.000389
0.001244 0.000149
0.001286 0.000247
0.001298 0.000297
0.001245 0.00028
0.001247 0.000301
0.001304 0.000187
0.001247 0.000215
0.001297 0.000387
0.00124 0.000329
0.001297 0.000512
0.001302 0.000382
0.00124 0.000178
0.001244 0.000192
0.001242 0.000552
0.001243 0.000374
0.001243 0.000286
0.001244 0.00038
0.001247 0.000411
0.001248 0.000298
0.001159 0.000248
0.001131 0.000219
0.001214 0.000538
0.00125 0.000339
0.001245 0.000324
0.001297 0.000317
0.001239 0.000216
0.001239 0.000377
0.001243 0.000268
0.001243 0.000246
0.001245 0.00015
0.001237 0.000289
0.001242 0.000374
0.001242 0.000276
0.001304 0.000287
0.001242 0.000541
0.001244 0.000269
0.001243 0.000301
0.001293 0.000276
0.001244 0.00023
0.001248 0.000348
0.001237 0.000247
0.001246 0.000325
0.001243 0.000339
0.00124 0.000326
0.001241 0.000317
0.001249 0.000275
0.001248 0.000124
0.001236 0.000367
0.001238 0.000259
0.001242 0.000496
0.001298 0.000267
0.001242 0.000205
0.001242 0.000198
0.001242 0.000256
0.001244 0.000374
0.001239 0.00031
0.00129 0.000591
0.001299 0.000245
0.001246 0.000428
0.001239 0.000539
0.001242 0.000231
0.001247 0.000231
0.001241 0.000303
0.001238 0.000334
0.001236 0.00028
0.001243 0.000363
0.001231 0.000194
0.001239 0.000461
0.00124 0.000317
0.001245 0.000161
0.001258 0.00038
0.001238 0.000326
0.001246 0.000335
0.001241 0.00027
0.001248 0.000383
0.001245 0.000153
0.001295 0.000224
0.00125 0.00033
0.0013 0.000201
0.001242 0.000299
0.001256 0.000412
0.001236 0.000301
0.00124 0.000287
0.001242 0.000217
0.001343 0.000519
0.001875 0.000299
0.001766 0.000328
0.001239 0.000284
0.001233 0.000355
0.001398 0.000512
0.001237 0.000297
0.001241 0.000213
0.001248 0.000217
0.00138 0.000842
0.001237 0.00012
0.001253 0.000198
0.001233 0.000298
0.001539 0.000566
0.001292 0.000336
0.001243 0.000327
0.001417 0.000315
0.001273 0.000184
0.001265 0.00039
0.001266 0.000481
0.001265 0.000235
0.001248 0.000277
0.001255 0.000525
0.001316 0.000443
0.001855 0.000232
0.001277 0.000379
0.001237 0.000452
0.00125 0.000407
0.001247 0.000499
0.001243 0.000332
0.001244 0.000521
0.001244 0.000282
0.001263 0.000377
0.001247 0.000546
0.00125 0.000174
0.001246 0.00035
0.001251 0.000434
0.001244 0.000255
0.001244 0.000238
0.001246 0.000295
0.001242 0.00046
0.001244 0.000157
0.001246 0.000256
0.001248 0.000224
0.001242 0.000371
0.001235 0.000277
0.001261 0.000438
0.001299 0.000289
0.001251 0.000219
0.001243 0.000282
0.00124 0.000223
0.001673 0.000266
0.001242 0.00028
0.001417 0.000697
0.001242 0.000204
0.001247 0.000315
0.001251 0.000242
0.001302 0.000257
0.001396 0.000405
0.001314 0.000349
0.001236 0.000176
0.001249 0.000185
0.001242 0.000288
0.001261 0.000266
0.001295 0.000496
0.001401 0.00037
0.001277 0.000252
0.001264 0.000263
0.001328 0.000426
0.00125 0.000344
0.001296 0.000319
0.001261 0.000406
0.001284 0.000543
0.001243 0.000225
0.001242 0.000437
0.001246 0.0003
0.001242 0.000346
0.001305 0.000302
0.001265 0.000416
0.00125 0.000257
0.001243 0.000259
0.00139 0.0002
0.001299 0.00023
0.001247 0.000394
0.001323 0.000482
0.001239 0.000239
0.001237 0.000227
0.001242 0.00025
0.001245 0.00043
0.001274 0.000363
0.001238 0.000166
0.001244 0.000142
0.001251 0.000265
0.001241 0.000272
0.001246 0.000258
0.00127 0.000135
0.001259 0.000338
0.001246 0.00029
0.001251 0.000201
0.001243 0.000412
0.001238 0.000321
0.001256 0.000382
0.001238 0.000232
0.001242 0.000233
0.001242 0.000356
0.001241 0.000342
0.001242 0.000252
0.001245 0.000359
0.00126 0.000276
0.00124 0.000293
0.001239 0.000261
0.001246 0.000187
0.001243 0.000313
0.001269 0.000385
0.001241 0.000325
0.00125 0.000183
0.001258 0.000226
0.001731 0.000504
0.001589 0.000576
0.001625 0.000945
0.001249 0.000244
0.001242 0.000267
0.001301 0.000336
0.00129 0.000156
0.001251 0.000313
0.001244 0.000175
0.001262 0.000346
0.001249 0.00022
0.001247 0.00026
0.001239 0.000309
0.001236 0.00047
0.001331 0.000137
0.001241 0.000271
0.001247 0.000438
0.001249 0.000514
0.001242 0.000356
0.001267 0.000335
0.001248 0.000408
0.001291 0.000438
0.001241 0.000239
0.001243 0.000668
0.00126 0.000182
0.00125 0.000289
0.001262 0.00031
0.001303 0.000487
0.001268 0.000307
0.001289 0.000224
0.001254 0.000221
0.001271 0.000235
0.001304 0.000573
0.00168 0.000334
0.001255 0.000143
0.001248 0.000216
0.001468 0.000471
0.001296 0.000365
0.001243 0.000125
0.00124 0.000364
0.001247 0.000274
0.00125 0.000349
0.001735 0.000361
0.0014 0.000893
0.001408 0.000699
0.001396 0.000381
0.001475 0.000625
0.001557 0.000201
0.0013 0.000321
0.001553 0.000496
0.001775 0.000959
0.001305 0.000503
0.001304 0.000153
0.001289 0.000136
0.001307 0.000261
0.001267 0.00022
0.001256 0.000248
0.001345 0.000639
0.001715 0.000219
0.001604 0.000344
0.001613 0.000461
0.001561 0.000642
0.001581 0.000369
0.001709 0.000395
0.001708 0.000382
0.001397 0.000749
0.001527 0.000311
0.001556 0.000376
0.001562 0.000474
0.001631 0.000795
0.00168 0.000537
0.001712 0.00059
0.001711 0.000435
0.001283 0.00018
0.001255 0.000405
0.001235 0.000599
0.001247 0.000163
0.001236 0.000454
0.001252 0.000451
0.001236 0.000358
0.001236 0.000167
0.001245 0.000485
0.001327 0.000417
0.001306 0.000261
0.001268 0.000256
0.001241 0.000272
0.001269 0.000503
0.001294 0.000246
0.001281 0.000418
0.001242 0.000154
0.001255 0.000561
0.001268 0.000172
0.001296 0.000379
0.001257 0.000463
0.001339 0.000459
0.001247 0.000169
0.001246 0.000238
0.001298 0.000382
0.001242 0.000418
0.001247 0.000384
0.001256 0.00029
0.001236 0.000516
0.001236 0.000458
0.001245 0.00035
0.00125 0.000377
0.00124 0.000444
0.001263 0.000362
0.00125 0.000181
0.001271 0.000214
0.001303 0.000245
0.001259 0.000378
0.001245 0.000233
0.00124 0.000482
0.001245 0.000243
0.001249 0.000352
0.001242 0.000269
0.001252 0.000368
0.001239 0.000263
0.001303 0.000277
0.001248 0.000594
0.00125 0.000408
0.001421 0.000255
0.001278 0.000326
0.001244 0.000591
0.001245 0.000242
0.001253 0.000202
0.001234 0.000267
0.001235 0.000314
0.001255 0.000331
0.001271 0.000208
0.001254 0.000211
0.001248 0.000404
0.001249 0.000233
0.001131 0.000376
0.001086 0.000313
0.001065 0.000179
0.001247 0.000456
0.001241 0.000224
0.001241 0.00021
0.001246 0.000508
0.001272 0.000514
0.00124 0.00025
0.001238 0.000578
0.001244 0.000556
0.001293 0.000229
0.001241 0.000336
0.001262 0.000348
0.001244 0.000329
0.001244 0.000412
0.00124 0.000346
0.001244 0.000407
0.001242 0.000221
0.001246 0.000271
0.001238 0.000354
0.001248 0.000317
0.00126 0.000249
0.001293 0.000554
0.001239 0.000226
0.001291 0.000339
0.001244 0.000256
0.001236 0.00031
0.001273 0.000255
0.001241 0.000249
0.001313 0.000307
0.001284 0.000263
0.001257 0.000133
0.00125 0.000228
0.001241 0.000424
0.001303 0.000281
0.001252 0.000388
0.001236 0.000224
0.001251 0.000255
0.001245 0.000168
0.001246 0.000266
0.001239 0.000148
0.001297 0.000362
0.001289 0.000198
0.001251 0.000154
0.001241 0.000334
0.001246 0.000156
0.001239 0.000373
0.00124 0.000283
0.001245 0.000504
0.001255 0.000214
0.001248 0.00059
0.001242 0.000266
0.00124 0.00024
0.001237 0.000213
0.001239 0.000279
0.001243 0.000367
0.001294 0.000216
0.001242 0.000351
0.001248 0.00034
0.001237 0.000322
0.001244 0.000452
0.001241 0.000244
0.001241 0.000336
0.001245 0.000268
0.001252 0.000359
0.001183 0.000273
0.001073 0.000432
0.001038 0.000223
0.001245 0.000267
0.001245 0.000327
0.001243 0.000286
0.00124 0.000143
0.001241 0.000483
0.001241 0.000289
0.001242 0.000235
0.001241 0.000394
0.001296 0.000421
0.001238 0.000537
0.001244 0.000272
0.001245 0.000356
0.001269 0.000249
0.00129 0.000351
0.001266 0.000274
0.001277 0.000418
0.001238 0.000244
0.001242 0.000231
0.001258 0.000352
0.001236 0.000332
0.001297 0.000445
0.00124 0.000463
0.001237 0.000593
0.001238 0.000354
0.001239 0.000345
0.001245 0.000349
0.001245 0.000252
0.00124 0.00041
0.001237 0.000242
0.00124 0.000533
0.001302 0.000248
0.001246 0.0003
0.001243 0.000168
0.001248 0.000199
0.00127 0.000414
0.001244 0.000291
0.001242 0.000552
0.001239 0.00042
0.001306 0.000333
0.001247 0.000249
0.001243 0.00026
0.001234 0.000417
0.001242 0.000447
0.001297 0.00035
0.001691 0.000743
0.001705 0.001145
0.0017 0.000282
0.001237 0.00049
0.001312 0.000191
0.001271 0.000425
0.001248 0.000972
0.001655 0.000244
0.001247 0.000253
0.001644 0.000474
0.001291 0.000181
0.001241 0.000606
0.001496 0.000259
0.001249 0.000479
0.00172 0.000527
0.001676 0.000519
0.001245 0.000596
0.001252 0.000409
0.001337 0.000361
0.001417 0.000525
0.001314 0.000236
0.001777 0.000725
0.001837 0.000536
0.001755 0.000846
0.001768 0.00016
0.001238 0.000267
0.001247 0.00028
0.001244 0.00043
0.00133 0.000206
0.001304 0.000207
0.001587 0.000589
0.001332 0.000391
0.001253 0.000427
0.001296 0.000339
0.001288 0.00045
0.001239 0.000541
0.001297 0.000263
0.001255 0.000281
0.001251 0.000347
0.001241 0.000384
0.001291 0.000346
0.001295 0.000409
0.001244 0.00017
0.001242 0.000246
0.001275 0.000255
0.001243 0.000188
0.00124 0.000268
0.001253 0.000564
0.001247 0.000261
0.001249 0.00034
0.001247 0.000482
0.001241 0.000302
0.001246 0.000351
0.001246 0.000376
0.001297 0.000173
0.001299 0.000512
0.001242 0.000266
0.001244 0.000278
0.001257 0.000182
0.001257 0.000248
0.001241 0.000259
0.001244 0.000331
0.001291 0.000469
0.00124 0.000236
0.001247 0.000291
0.001243 0.000671
0.00124 0.000242
0.001237 0.00044
0.00126 0.000234
0.001248 0.000218
0.001257 0.000403
0.001252 0.000214
0.001243 0.000331
0.001285 0.000482
0.001249 0.000258
0.001259 0.000218
0.001246 0.000342
0.001238 0.000367
0.001249 0.000279
0.001211 0.000522
0.001274 0.000203
0.001081 0.000165
0.001259 0.000463
0.001239 0.000273
0.001245 0.000226
0.001293 0.000314
0.001239 0.000362
0.001373 0.000252
0.001469 0.000374
0.00124 0.000427
0.00127 0.000275
0.001243 0.000283
0.001258 0.000397
0.001604 0.000232
0.001302 0.000348
0.001323 0.000285
0.001329 0.000346
0.001243 0.000177
0.001347 0.000395
0.001292 0.000423
0.001243 0.000741
0.001762 0.000975
0.001743 0.000588
0.00173 0.000729
0.001741 0.000557
0.001757 0.000626
0.001803 0.000782
0.001245 0.000276
0.001251 0.000246
0.001244 0.000488
0.001245 0.00044
0.001295 0.000382
0.001249 0.00014
0.001242 0.00021
0.001251 0.000287
0.001235 0.0002
0.001241 0.000329
0.00137 0.000321
0.001261 0.000179
0.001248 0.000254
0.001243 0.0004
0.001403 0.000278
0.001243 0.00024
0.001361 0.000456
0.001246 0.000337
0.001296 0.000345
0.00124 0.000337
0.001462 0.000314
0.001263 0.000349
0.001244 0.000299
0.001254 0.000439
0.001244 0.000185
0.001307 0.000303
0.001261 0.000257
0.001443 0.000667
0.001238 0.00035
0.001245 0.000338
0.001262 0.000244
0.001253 0.000427
0.001273 0.000417
0.001245 0.000182
0.001082 0.000253
0.001033 0.000216
0.000996 0.000318
0.001248 0.000436
0.001256 0.000377
0.001245 0.000242
0.001241 0.000247
0.001295 0.000267
0.001239 0.000319
0.00137 0.000329
0.001236 0.00025
0.001299 0.000371
0.001261 0.000216
0.001253 0.000266
0.001236 0.000428
0.001278 0.000331
0.001301 0.000252
0.0013 0.000264
0.001256 0.000262
0.001249 0.000413
0.001234 0.000331
0.001243 0.000628
0.001245 0.000144
0.001308 0.000579
0.001242 0.000213
0.001243 0.000195
0.001242 0.000314
0.001244 0.000256
0.001264 0.000185
0.001256 0.000295
0.001241 0.000396
0.001236 0.000157
0.001248 0.000337
0.001247 0.000619
0.00124 0.000204
0.001256 0.00052
0.001246 0.000317
0.001241 0.00031
0.00124 0.000187
0.001313 0.000211
0.001253 0.000196
0.001243 0.000448
0.001243 0.000387
0.001241 0.00032
0.001294 0.000259
0.001261 0.000296
0.001245 0.000337
0.001237 0.000311
0.001237 0.000433
0.001241 0.000525
0.001418 0.000428
0.001245 0.000154
0.00124 0.000325
0.001372 0.000288
0.001246 0.000591
0.001269 0.000382
0.00124 0.000591
0.001242 0.000239
0.001239 0.000246
0.001253 0.00037
0.001263 0.000177
0.001243 0.000168
0.001233 0.000223
0.001242 0.000337
0.00124 0.000397
0.001246 0.000523
0.001133 0.00037
0.001034 0.000303
0.001029 0.000216
0.001247 0.000222
0.001298 0.000666
0.001241 0.00024
0.001242 0.000448
0.001247 0.000286
0.001247 0.000233
0.001244 0.000265
0.001249 0.000361
0.001247 0.000474
0.001326 0.000443
0.00124 0.000123
0.001235 0.000395
0.001246 0.000199
0.001299 0.000405
0.001249 0.000181
0.00124 0.000323
0.00124 0.000445
0.001247 0.000174
0.001294 0.000226
0.001246 0.000232
0.001238 0.000345
0.001246 0.000444
0.001243 0.000317
0.001266 0.000287
0.001241 0.000478
0.001252 0.000211
0.001248 0.000359
0.001244 0.0004
0.001306 0.000467
0.001309 0.000209
0.001302 0.000305
0.001244 0.000384
0.001241 0.000194
0.001245 0.000235
0.001246 0.00024
0.001236 0.000456
0.001245 0.00055
0.001246 0.000452
0.001247 0.000244
0.001241 0.000262
0.001243 0.000354
0.001245 0.000303
0.001245 0.000364
0.001241 0.000379
0.001306 0.000319
0.001781 0.000237
0.001244 0.000364
0.001247 0.000384
0.001251 0.000443
0.001296 0.000196
0.00125 0.000606
0.001238 0.000387
0.001305 0.000333
0.001239 0.000314
0.001243 0.000363
0.0013 0.000185
0.001267 0.00038
0.001238 0.000139
0.001252 0.000344
0.001252 0.000222
0.001246 0.000171
0.001243 0.000299
0.00131 0.000229
0.001123 0.000418
0.001128 0.000123
0.001197 0.000254
0.001252 0.000342
0.001264 0.000348
0.001243 0.000403
0.001251 0.000219
0.00124 0.00035
0.001245 0.000175
0.001246 0.000285
0.001258 0.00044
0.001249 0.000249
0.001237 0.000197
0.001309 0.000355
0.001266 0.000227
0.00131 0.000352
0.001254 0.000236
0.001265 0.000331
0.001254 0.000261
0.001245 0.000499
0.001248 0.000376
0.001317 0.000414
0.001247 0.000251
0.001256 0.000352
0.00125 0.000301
0.001248 0.000223
0.001249 0.00027
0.001299 0.000674
0.001267 0.000333
0.001244 0.000379
0.001248 0.000378
0.001246 0.00034
0.001241 0.000154
0.001254 0.00035
0.001252 0.00023
0.001253 0.00021
0.001241 0.000186
0.001249 0.000366
0.001259 0.000246
0.001245 0.000572
0.001299 0.000296
0.001244 0.000401
0.00125 0.000286
0.001246 0.000362
0.001234 0.000283
0.001316 0.000487
0.00124 0.000436
0.001249 0.00022
0.001249 0.000243
0.001247 0.00016
0.001245 0.000368
0.001234 0.000457
0.001309 0.000271
0.001258 0.000259
0.00125 0.000247
0.001242 0.000335
0.001241 0.000415
0.001266 0.000245
0.00125 0.000282
0.001255 0.000271
0.001242 0.000384
0.001296 0.000222
0.001246 0.000511
0.001243 0.000394
0.001258 0.000327
0.001243 0.000342
0.001532 0.000171
0.001129 0.000114
0.001219 0.000193
0.001237 0.000287
0.001243 0.00035
0.001248 0.00025
0.001246 0.000244
0.001247 0.00036
0.001238 0.000264
0.001242 0.00015
0.001254 0.000348
0.001245 0.000419
0.001298 0.000483
0.001232 0.000342
0.001247 0.000426
0.001248 0.000148
0.001251 0.000369
0.001247 0.000167
0.00129 0.000331
0.001241 0.000126
0.001249 0.00028
0.001245 0.000368
0.001254 0.00021
0.001279 0.000487
0.001293 0.000257
0.001238 0.000245
0.001248 0.000341
0.001305 0.00023
0.001243 0.000424
0.001248 0.000267
0.001287 0.000581
0.001237 0.000227
0.001253 0.000184
0.001246 0.00014
0.001299 0.000183
0.001243 0.000225
