0.004281 0.000189
0.004484 0.000508
0.004276 0.000297
0.00449 0.000753
0.004286 0.000299
0.004467 0.000637
0.004291 0.000287
0.003882 0.000318
0.004288 0.000382
0.004585 0.000452
0.004331 0.000283
0.005678 0.0003
0.004485 0.000283
0.004314 0.000434
0.004466 0.000431
0.004455 0.000357
0.004448 0.000262
0.004295 0.000382
0.004443 0.000277
0.00429 0.000452
0.004446 0.000408
0.004297 0.000356
0.004277 0.000252
0.004293 0.000391
0.004301 0.000374
0.004274 0.000368
0.004279 0.000481
0.00447 0.000351
0.003712 0.000345
0.004327 0.00033
0.004457 0.00047
0.004291 0.000249
0.004283 0.000263
0.00449 0.000243
0.004295 0.00019
0.004464 0.000432
0.004443 0.000498
0.004472 0.000294
0.004447 0.000463
0.004303 0.000434
0.004448 0.000252
0.004457 0.00034
0.004465 0.000252
0.004463 0.000477
0.004458 0.000244
0.004288 0.000381
0.004454 0.000308
0.004466 0.000188
0.004463 0.000338
0.00379 0.000383
0.004283 0.000467
0.004294 0.000433
0.004274 0.000411
0.004458 0.0004
0.004278 0.000225
0.004465 0.000266
0.004289 0.000409
0.004463 0.00034
0.004266 0.000498
0.00428 0.000337
0.004275 0.000437
0.004572 0.000328
0.004432 0.000299
0.004304 0.000327
0.004274 0.000176
0.004288 0.000443
0.004278 0.000254
0.004455 0.000468
0.004282 0.000546
0.004462 0.000347
0.00362 0.000316
0.004274 0.000263
0.004456 0.000163
0.004483 0.000645
0.004787 0.00029
0.004289 0.000251
0.004269 0.000351
0.004467 0.00035
0.004268 0.000346
0.004459 0.000192
0.004265 0.000489
0.004449 0.000218
0.004444 0.000276
0.004321 0.000258
0.00428 0.000381
0.004297 0.000289
0.004442 0.000323
0.004278 0.000267
0.004274 0.000452
0.004288 0.000371
0.004276 0.00032
0.004061 0.000196
0.00445 0.00055
0.004463 0.00052
0.004268 0.000242
0.004295 0.000319
0.004299 0.00064
0.004298 0.000484
0.004301 0.000356
0.004293 0.000243
0.004463 0.000841
0.004286 0.000617
0.004276 0.000447
0.004285 0.000433
0.004448 0.000455
0.004302 0.000463
0.004278 0.00056
0.004303 0.000499
0.00445 0.000474
0.004289 0.000313
0.004286 0.000414
0.004278 0.000464
0.003698 0.000342
0.004298 0.000187
0.004268 0.000228
0.004792 0.000373
0.00427 0.000328
0.004504 0.000364
0.004461 0.000342
0.004484 0.000253
0.004277 0.000279
0.004484 0.00048
0.004272 0.00031
0.004318 0.000456
0.004445 0.000456
0.004279 0.000218
0.004441 0.000524
0.004293 0.000293
0.004282 0.000346
0.004474 0.000344
0.004473 0.000327
0.00429 0.000184
0.00428 0.000317
0.003676 0.000288
0.004283 0.000474
0.004296 0.000397
0.004275 0.000498
0.004302 0.000764
0.004497 0.00045
0.004288 0.000486
0.004306 0.000344
0.0043 0.00037
0.004783 0.000353
0.004286 0.000355
0.00429 0.000343
0.004295 0.000421
0.004268 0.000526
0.004309 0.000315
0.004266 0.000415
0.004297 0.000288
0.004303 0.000227
0.004284 0.000364
0.004445 0.000379
0.004302 0.000226
0.003764 0.000445
0.004288 0.000219
0.004468 0.000268
0.004321 0.000586
0.00446 0.000419
0.004487 0.000297
0.004436 0.00033
0.004285 0.000542
0.004274 0.000496
0.004464 0.000416
0.004476 0.000225
0.004275 0.000295
0.004447 0.000408
0.004303 0.000373
0.004277 0.000798
0.004306 0.000485
0.004263 0.000376
0.004281 0.000489
0.004275 0.000212
0.004461 0.000438
0.004479 0.000364
0.004394 0.000478
0.004453 0.000343
0.004302 0.000362
0.004295 0.000392
0.00432 0.000287
0.004335 0.000397
0.004462 0.000608
0.004285 0.000358
0.004322 0.000434
0.004469 0.000455
0.004477 0.000297
0.004463 0.000509
0.004501 0.000428
0.004272 0.000375
0.004474 0.000435
0.004281 0.000268
0.004294 0.000441
0.004461 0.000662
0.004287 0.000308
0.004278 0.000601
0.004279 0.00026
0.003923 0.000261
0.004492 0.000537
0.004461 0.000247
0.004285 0.000228
0.004463 0.000364
0.004515 0.000271
0.00445 0.000191
0.004466 0.000517
0.004465 0.000304
0.004467 0.00051
0.004289 0.000583
0.004475 0.000214
0.004449 0.000252
0.004525 0.000354
0.00428 0.00045
0.004299 0.000455
0.004282 0.000283
0.004475 0.000557
0.004274 0.000529
0.004291 0.000473
0.004333 0.000301
0.003977 0.000255
0.004296 0.000341
0.004479 0.000605
0.004269 0.000303
0.004485 0.000486
0.004293 0.000365
0.004465 0.0005
0.004312 0.000411
0.004284 0.000296
0.004271 0.000467
0.004469 0.000682
0.004264 0.000283
0.004466 0.00032
0.004294 0.000263
0.004488 0.000419
0.00428 0.000272
0.004297 0.000492
0.004302 0.000396
0.004315 0.000339
0.004313 0.000418
0.004289 0.000216
0.004402 0.000253
0.004467 0.000688
0.004458 0.000356
0.004308 0.000504
0.004286 0.00037
0.004319 0.000622
0.004314 0.000452
0.004357 0.000325
0.004294 0.000376
0.004289 0.000265
0.004458 0.000234
0.004286 0.000312
0.004283 0.000351
0.004305 0.000208
0.004273 0.000242
0.004483 0.000474
0.004811 0.000384
0.004288 0.000358
0.004457 0.000409
0.004577 0.000321
0.004263 0.000286
0.004008 0.0004
0.00445 0.000222
0.0043 0.000382
0.004263 0.000274
0.004468 0.000338
0.004487 0.000403
0.004286 0.000195
0.004262 0.000472
0.004458 0.000289
0.004276 0.000268
0.004465 0.000281
0.004293 0.000591
0.0043 0.000505
0.004277 0.000402
0.004452 0.000365
0.004282 0.000348
0.004314 0.00043
0.004479 0.000321
0.004304 0.000592
0.004478 0.000296
0.004123 0.000234
0.004307 0.000305
0.004302 0.000258
0.004326 0.000198
0.004311 0.00036
0.004465 0.000297
0.004374 0.000389
0.004282 0.000258
0.004472 0.000331
0.00431 0.000388
0.004298 0.00035
0.004289 0.000558
0.004289 0.000355
0.00431 0.000423
0.004306 0.000418
0.004467 0.000305
0.004309 0.000465
0.004279 0.000409
0.0043 0.000317
0.004277 0.000236
0.004303 0.000301
0.004463 0.000276
0.003781 0.000487
0.004298 0.000431
0.004289 0.000319
0.004458 0.000477
0.004334 0.000438
0.004328 0.000376
0.004296 0.000305
0.004479 0.000455
0.00429 0.000305
0.004262 0.000423
0.004298 0.000218
0.00443 0.000331
0.004478 0.000332
0.004296 0.000213
0.0043 0.000335
0.004454 0.000426
0.004304 0.000271
0.004286 0.000647
0.004487 0.0004
0.004272 0.000379
0.004468 0.000384
0.003683 0.000274
0.004477 0.000392
0.004451 0.000568
0.004468 0.000233
0.004466 0.000297
0.004312 0.000372
0.004438 0.000475
0.004493 0.000417
0.004456 0.000247
0.004457 0.000279
0.004354 0.000257
0.004469 0.000372
0.004459 0.000379
0.00431 0.000476
0.004281 0.000362
0.004483 0.000318
0.004279 0.000575
0.004459 0.000241
0.004269 0.000572
0.004293 0.000406
0.004453 0.000267
0.003984 0.000297
0.004292 0.00033
0.004287 0.000254
0.004794 0.000373
0.004308 0.000647
0.004326 0.000396
0.004556 0.000244
0.004274 0.000387
0.004472 0.000314
0.004495 0.00033
0.004305 0.00037
0.004505 0.00035
0.004381 0.000175
0.004832 0.00032
0.004833 0.000198
0.004284 0.000299
0.00429 0.000285
0.00444 0.000424
0.004294 0.000307
0.004625 0.000458
0.004303 0.000352
0.004151 0.000229
0.004296 0.000313
0.004456 0.00034
0.004285 0.000666
0.004277 0.000515
0.004486 0.000231
0.004289 0.00033
0.004472 0.000347
0.004266 0.000442
0.004302 0.000393
0.004277 0.000327
0.004802 0.000286
0.00429 0.000541
0.004466 0.000295
0.004259 0.000398
0.004303 0.000385
0.004276 0.000524
0.004303 0.000264
0.00447 0.000269
0.004477 0.000345
0.004089 0.000302
0.004218 0.00034
0.004274 0.000318
0.004338 0.000492
0.004559 0.000279
0.004308 0.000254
0.004456 0.000503
0.004313 0.000354
0.004445 0.000693
0.004292 0.000285
0.004278 0.000335
0.004466 0.000578
0.004463 0.000366
0.004468 0.000261
0.004285 0.000588
0.004334 0.000662
0.004428 0.000238
0.004288 0.000494
0.004286 0.000569
0.00449 0.000316
0.004274 0.000385
0.003882 0.000389
0.004295 0.00034
0.004468 0.000257
0.004453 0.000555
0.004305 0.000631
0.004296 0.00025
0.00447 0.00063
0.004273 0.000293
0.004306 0.000237
0.004456 0.000212
0.004306 0.000351
0.004452 0.000562
0.004459 0.00025
0.004452 0.000349
0.004477 0.000342
0.004509 0.000423
0.004292 0.000377
0.004467 0.000613
0.004293 0.0002
0.004276 0.000235
0.0043 0.000327
0.004051 0.000311
0.004019 0.000418
0.004476 0.000395
0.004283 0.000385
0.004561 0.000487
0.0043 0.000668
0.004486 0.000362
0.00448 0.000281
0.004285 0.000408
0.004471 0.000474
0.004301 0.000472
0.004463 0.000395
0.004286 0.00042
0.004468 0.000341
0.004285 0.000245
0.004293 0.00026
0.004268 0.000343
0.004532 0.000525
0.004271 0.000491
0.00432 0.000276
0.004271 0.000378
0.004242 0.000302
0.004288 0.000589
0.004287 0.000363
0.004282 0.000265
0.004564 0.000336
0.004282 0.000288
0.004295 0.000438
0.004312 0.000241
0.004289 0.000339
0.004292 0.000326
0.004367 0.000579
0.004287 0.000531
0.004318 0.000383
0.004441 0.000274
0.004286 0.000412
0.004284 0.000324
0.004318 0.000259
0.004281 0.00041
0.004477 0.000315
0.004441 0.00041
0.004298 0.000618
0.00409 0.000205
0.004314 0.000496
0.004276 0.000594
0.004465 0.000408
0.004278 0.000407
0.004482 0.000338
0.004447 0.000465
0.004483 0.000279
0.004281 0.000409
0.004299 0.000274
0.004561 0.000412
0.004303 0.000479
0.004482 0.000247
0.004289 0.000323
0.004273 0.000477
0.004481 0.000324
0.004807 0.000433
0.0043 0.000381
0.00429 0.000303
0.004291 0.000218
0.004266 0.000377
0.004216 0.000281
0.004185 0.000365
0.004462 0.000252
0.004496 0.000509
0.004496 0.000449
0.004463 0.000289
0.0046 0.000348
0.004457 0.000268
0.004283 0.000504
0.004477 0.000314
0.004449 0.000487
0.00431 0.000375
0.004286 0.000522
0.004285 0.000562
0.00448 0.000207
0.004464 0.000375
0.004281 0.000339
0.004263 0.000473
0.004284 0.000606
0.004287 0.000372
0.004487 0.000418
0.004191 0.000224
0.003967 0.000379
0.00427 0.000315
0.004469 0.000259
0.004292 0.000269
0.004477 0.000287
0.004401 0.000551
0.004602 0.000199
0.004454 0.000605
0.004299 0.000458
0.004279 0.000382
0.004461 0.00046
0.004282 0.000374
0.004466 0.000283
0.004358 0.000356
0.004294 0.000451
0.004275 0.000306
0.004304 0.000435
0.004285 0.00051
0.00448 0.000561
0.004275 0.000296
0.004112 0.000159
0.004011 0.000625
0.00429 0.00039
0.004443 0.000656
0.004286 0.00048
0.004289 0.000179
0.004321 0.000308
0.00429 0.000401
0.004815 0.000439
0.004304 0.000399
0.00448 0.000406
0.004476 0.000427
0.004306 0.000372
0.004452 0.000235
0.004295 0.0005
0.004446 0.000447
0.004474 0.00062
0.004438 0.000323
0.004472 0.000483
0.004453 0.000333
0.004459 0.000441
0.003889 0.000453
0.004278 0.000418
0.004297 0.000316
0.004296 0.000752
0.004286 0.000243
0.004473 0.00031
0.004563 0.000356
0.004297 0.000226
0.004292 0.000382
0.004286 0.000701
0.004279 0.000591
0.004469 0.000385
0.004474 0.000402
0.004318 0.000442
0.004482 0.000227
0.004304 0.00042
0.004274 0.000331
0.004465 0.000164
0.004295 0.000447
0.004567 0.000349
0.004457 0.000307
0.003961 0.000586
0.004479 0.000282
0.004299 0.000569
0.004292 0.00045
0.004459 0.000388
0.00445 0.000398
0.004289 0.00054
0.004283 0.000419
0.004299 0.000347
0.004446 0.000262
0.00446 0.000481
0.0043 0.000286
0.004287 0.00031
0.00445 0.000449
0.004287 0.000389
0.004459 0.000373
0.004294 0.000516
0.004442 0.000393
0.004483 0.000333
0.00445 0.00026
0.00448 0.000438
0.004135 0.000535
0.004286 0.000355
0.004301 0.000471
0.00448 0.000419
0.004315 0.00042
0.004325 0.000283
0.004326 0.000184
0.004499 0.000313
0.004274 0.000486
0.004289 0.000397
0.004273 0.000546
0.004288 0.000282
0.004277 0.000314
0.00434 0.000543
0.004285 0.000273
0.004303 0.000661
0.004277 0.000413
0.004295 0.000325
0.004445 0.000334
0.004292 0.000329
0.004266 0.000656
0.003964 0.000396
0.003669 0.000142
0.003635 0.000251
0.003655 0.000388
0.00405 0.000214
0.003509 0.000272
0.004242 0.000458
0.004322 0.000213
0.004474 0.000466
0.004456 0.000476
0.004448 0.000261
0.004448 0.00034
0.004287 0.000294
0.004283 0.000472
0.004291 0.000441
0.004311 0.000337
0.004477 0.000392
0.00427 0.000401
0.004342 0.000465
0.004294 0.000379
0.003624 0.000235
0.004292 0.00034
0.004299 0.000323
0.004566 0.000427
0.004442 0.000483
0.00447 0.000392
0.004298 0.000327
0.004475 0.00022
0.004288 0.000258
0.004477 0.000404
0.004286 0.000279
0.004281 0.000515
0.004298 0.000405
0.004459 0.000237
0.0043 0.000361
0.004293 0.000203
0.004289 0.00028
0.004445 0.000365
0.004287 0.000238
0.004273 0.000318
0.00446 0.000289
0.003889 0.000442
0.004466 0.000408
0.004274 0.000492
0.004302 0.00031
0.004277 0.000365
0.004851 0.000391
0.004458 0.000286
0.004315 0.000271
0.004264 0.000504
0.004286 0.000415
0.004767 0.0006
0.004493 0.000417
0.004294 0.000372
0.004362 0.00031
0.004281 0.000303
0.004339 0.00041
0.004508 0.000299
0.004381 0.000297
0.004308 0.00031
0.004496 0.000427
0.004282 0.00047
0.004106 0.000556
0.004283 0.000387
0.004322 0.000235
0.004277 0.000289
0.004314 0.000346
0.004325 0.000541
0.004295 0.000382
0.004274 0.000687
0.004286 0.00045
0.004438 0.000206
0.00447 0.000373
0.004269 0.000275
0.004596 0.00038
0.004279 0.000529
0.004304 0.000368
0.004289 0.000273
0.004294 0.000595
0.004277 0.000433
0.004293 0.000439
0.004466 0.000466
0.004287 0.000397
0.0035 0.000421
0.0043 0.00024
0.004281 0.000323
0.004304 0.000191
0.004474 0.00034
0.004331 0.000616
0.004465 0.00067
0.004295 0.000465
0.004279 0.000362
0.004292 0.000384
0.004283 0.000483
0.004476 0.000682
0.004287 0.000194
0.004284 0.000376
0.004264 0.000322
0.004288 0.000377
0.004284 0.000419
0.004319 0.000296
0.004582 0.000359
0.004476 0.00046
0.004451 0.000211
0.003631 0.0003
0.004568 0.000338
0.004311 0.000306
0.004455 0.000476
0.004553 0.000423
0.00456 0.00047
0.004311 0.000443
0.004288 0.00017
0.004298 0.000442
0.004296 0.000263
0.004312 0.000426
0.004445 0.000396
0.00429 0.000212
0.004279 0.000458
0.004288 0.000266
0.004463 0.000369
0.004324 0.000685
0.004462 0.000571
0.004476 0.00043
0.004292 0.000341
0.004468 0.000449
0.00388 0.000299
0.004474 0.000546
0.004467 0.000291
0.004326 0.000349
0.004467 0.000487
0.004881 0.000587
0.004294 0.000394
0.004293 0.000386
0.004285 0.000664
0.004452 0.00021
0.004283 0.000274
0.004479 0.000679
0.004465 0.000459
0.004294 0.000215
0.004447 0.000365
0.004281 0.000403
0.004449 0.000612
0.004458 0.000268
0.004269 0.000803
0.004278 0.00059
0.004069 0.00044
0.003934 0.000553
0.004287 0.000275
0.004491 0.000494
0.004283 0.000397
0.004475 0.000351
0.004299 0.000424
0.00431 0.000424
0.004449 0.000229
0.004465 0.000412
0.00445 0.000321
0.004332 0.000296
0.00457 0.000268
0.004465 0.000403
0.004276 0.000383
0.004469 0.000322
0.004275 0.000435
0.00431 0.000228
0.004273 0.000567
0.004295 0.000377
0.004277 0.000311
0.004393 0.000208
0.004202 0.000373
0.004304 0.000285
0.004471 0.000424
0.004329 0.000336
0.004463 0.000557
0.00449 0.000531
0.00429 0.000314
0.004286 0.000492
0.004468 0.000475
0.004313 0.000407
0.00429 0.00037
0.0048 0.000389
0.004295 0.000294
0.004298 0.000561
0.004456 0.000281
0.004289 0.000319
0.004273 0.000683
0.004566 0.000598
0.004286 0.000342
0.004306 0.000393
0.003944 0.000319
0.004818 0.000417
0.004458 0.000496
0.004294 0.000265
0.004455 0.000295
0.004297 0.000298
0.004279 0.000181
0.00428 0.00056
0.004304 0.000661
0.004293 0.000532
0.004302 0.000531
0.00449 0.000244
0.00444 0.000161
0.004296 0.000535
0.004445 0.000662
0.004462 0.00042
0.004285 0.000567
0.00457 0.000504
0.004297 0.00027
0.004305 0.000395
0.00427 0.000452
0.003779 0.000259
0.004269 0.000534
0.004304 0.000222
0.004271 0.000356
0.00431 0.000394
0.004281 0.000573
0.004313 0.000451
0.004313 0.000342
0.004316 0.00058
0.004303 0.000445
0.004291 0.000627
0.004278 0.000292
0.004289 0.000377
0.004437 0.000319
0.004476 0.000551
0.004257 0.000426
0.004476 0.000337
0.004289 0.00028
0.004526 0.000219
0.004301 0.000293
0.004479 0.00051
0.004404 0.000253
0.004325 0.000317
0.004303 0.00046
0.004327 0.000594
0.004466 0.000251
0.004303 0.000304
0.004316 0.000227
0.00433 0.000363
0.004286 0.000414
0.004478 0.000245
0.004277 0.000177
0.00429 0.000289
0.004509 0.000495
0.0045 0.000566
0.00447 0.000207
0.004301 0.000404
0.004296 0.000371
0.004481 0.000393
0.004274 0.000398
0.004471 0.00039
0.00427 0.000278
0.004124 0.000283
0.004281 0.000342
0.004492 0.000412
0.004463 0.000325
0.0043 0.000419
0.00449 0.000367
0.004311 0.000249
0.004285 0.000609
0.004455 0.000361
0.004292 0.000377
0.004284 0.00041
0.004506 0.000371
0.004327 0.00075
0.004278 0.000421
0.004305 0.000292
0.004566 0.000714
0.004301 0.00035
0.004275 0.000369
0.004289 0.000381
0.00428 0.000379
0.004296 0.000586
0.003618 0.000323
0.004454 0.000292
0.004475 0.000434
0.004291 0.000403
0.004303 0.000495
0.004469 0.000298
0.004275 0.000364
0.004284 0.000291
0.004456 0.000377
0.004465 0.000404
0.004475 0.00025
0.004302 0.000295
0.004458 0.000424
0.004604 0.000334
0.004286 0.00062
0.005443 0.000581
0.004692 0.001004
0.004876 0.000194
0.004284 0.000507
0.004942 0.000275
0.004432 0.000474
0.0058 0.000295
0.004526 0.00044
0.004814 0.000364
0.004533 0.000638
0.005691 0.000393
0.004649 0.000567
0.005569 0.00062
0.006077 0.000669
0.006325 0.000729
0.004762 0.000559
0.004753 0.000614
0.006109 0.000606
0.006383 0.000438
0.004587 0.000544
0.004541 0.000632
0.005885 0.000629
0.006509 0.000272
0.006406 0.000573
0.004418 0.000591
0.004681 0.001092
0.006161 0.000602
0.006118 0.000595
0.004917 0.000682
0.00517 0.000239
0.004308 0.000364
0.004278 0.000335
0.004306 0.00044
0.004286 0.00068
0.004287 0.00046
0.004448 0.000472
0.004289 0.000746
0.004274 0.000573
0.00448 0.000282
0.0043 0.000437
0.004315 0.000437
0.0039 0.000288
0.004809 0.000529
0.004466 0.000252
0.004289 0.000429
0.004321 0.000458
0.004494 0.000618
0.004331 0.00032
0.004299 0.000321
0.004475 0.000635
0.00429 0.000434
0.004319 0.00029
0.004294 0.000261
0.004314 0.000403
0.004296 0.000482
0.004561 0.000387
0.004455 0.000318
0.004261 0.000165
0.004298 0.000299
0.004453 0.000311
0.004304 0.000297
0.004458 0.000277
0.004013 0.000485
0.0043 0.00032
0.00433 0.000582
0.004332 0.000477
0.004314 0.000715
0.004298 0.000559
0.004303 0.000564
0.00428 0.000313
0.004462 0.00028
0.004447 0.000369
0.004492 0.000323
0.004464 0.000472
0.004467 0.000309
0.004486 0.00057
0.004323 0.000474
0.004465 0.000381
0.00482 0.000369
0.004273 0.000297
0.00429 0.000372
0.004279 0.0004
0.004584 0.000466
0.003788 0.000314
0.004298 0.000488
0.004467 0.000224
0.004287 0.000171
0.004271 0.00042
0.00432 0.000468
0.00427 0.000389
0.004284 0.000412
0.004274 0.000272
0.004471 0.000398
0.004277 0.000252
0.00447 0.000385
0.004473 0.000288
0.004297 0.000476
0.004456 0.000353
0.004281 0.00044
