0.004891 0.000549
0.004852 0.000747
0.004925 0.00074
0.004794 0.000734
0.004957 0.000678
0.004971 0.000749
0.004966 0.00057
0.004951 0.000612
0.004912 0.000739
0.004906 0.000666
0.00497 0.000478
0.00484 0.000559
0.004879 0.000622
0.004864 0.000531
0.004908 0.000782
0.004897 0.000471
0.004862 0.000925
0.004086 0.000808
0.004972 0.000533
0.004921 0.000745
0.00495 0.000681
0.005072 0.000571
0.004897 0.000488
0.004906 0.000475
0.004887 0.000524
0.004884 0.000689
0.004899 0.000685
0.004895 0.000752
0.004846 0.000609
0.004937 0.000768
0.004897 0.000676
0.004274 0.000719
0.004991 0.000549
0.004934 0.000733
0.004917 0.000734
0.004893 0.000694
0.004924 0.000507
0.004928 0.000744
0.004896 0.000977
0.004979 0.000629
0.004878 0.000537
0.004886 0.000728
0.004909 0.000887
0.00492 0.000644
0.00457 0.000439
0.004964 0.000846
0.004904 0.000485
0.005044 0.000473
0.005226 0.000623
0.004887 0.000484
0.00489 0.000544
0.004872 0.000438
0.004903 0.000524
0.00489 0.000708
0.005017 0.00065
0.004917 0.000626
0.004863 0.000714
0.004945 0.000642
0.004883 0.000783
0.004302 0.000769
0.004894 0.000738
0.00489 0.000595
0.004918 0.000575
0.004918 0.000699
0.004871 0.00076
0.004906 0.000589
0.004908 0.00063
0.004903 0.000464
0.00491 0.000535
0.004865 0.000505
0.004912 0.000553
0.00496 0.000503
0.00488 0.000556
0.00491 0.000627
0.004917 0.00067
0.004977 0.000637
0.004928 0.000741
0.004973 0.000707
0.004934 0.000591
0.004915 0.000574
0.004881 0.000555
0.004945 0.000644
0.004915 0.000728
0.004883 0.000655
0.004975 0.00057
0.00488 0.000528
0.00491 0.000696
0.004911 0.000526
0.004608 0.000531
0.004955 0.000738
0.0049 0.000487
0.004962 0.000652
0.005384 0.000518
0.004939 0.000545
0.004893 0.000683
0.00492 0.000608
0.004885 0.000594
0.004904 0.000706
0.004869 0.000652
0.004925 0.000744
0.004904 0.000462
0.004913 0.000709
0.004866 0.000672
0.004917 0.000561
0.004886 0.000571
0.004944 0.000528
0.004938 0.000788
0.005011 0.000472
0.004898 0.000575
0.004921 0.000426
0.004875 0.000511
0.004898 0.000686
0.004878 0.000807
0.005057 0.000675
0.004872 0.000532
0.004898 0.000608
0.004733 0.000583
0.004905 0.000613
0.004872 0.000554
0.004903 0.000818
0.004933 0.000531
0.004923 0.000537
0.004911 0.000722
0.004922 0.000672
0.004839 0.000677
0.004902 0.000658
0.00497 0.00072
0.004866 0.000786
0.004872 0.000685
0.004927 0.000629
0.004371 0.000858
0.004897 0.000464
0.0049 0.000547
0.00493 0.000489
0.00487 0.000566
0.004913 0.000746
0.004857 0.000601
0.004897 0.000604
0.004893 0.000637
0.004891 0.000474
0.004882 0.00068
0.004921 0.000526
0.004908 0.00047
0.004853 0.000567
0.004896 0.000732
0.00453 0.000659
0.004899 0.000824
0.004979 0.000909
0.004876 0.000598
0.004911 0.000701
0.004919 0.000938
0.004934 0.000624
0.004878 0.000746
0.004911 0.000679
0.004886 0.000705
0.004917 0.000441
0.004865 0.000598
0.00507 0.00048
0.00408 0.000608
0.004945 0.000562
0.004903 0.000515
0.004984 0.00056
0.00491 0.000619
0.004978 0.000509
0.004896 0.000481
0.004964 0.000511
0.004898 0.000478
0.004924 0.000638
0.004863 0.000674
0.004937 0.00061
0.005219 0.000713
0.004934 0.000731
0.00617 0.000482
0.004891 0.000726
0.004923 0.000547
0.004919 0.000542
0.004914 0.000474
0.00495 0.000894
0.005086 0.000559
0.005695 0.000553
0.005281 0.001073
0.004975 0.000783
0.004924 0.000487
0.007179 0.000973
0.005372 0.000848
0.007513 0.000686
0.005886 0.000717
0.005319 0.000534
0.004945 0.000533
0.00496 0.000819
0.005621 0.000501
0.006737 0.000734
0.007379 0.001038
0.005448 0.00077
0.005338 0.000675
0.005705 0.000842
0.005455 0.000567
0.007794 0.000707
0.004907 0.000595
0.004902 0.000572
0.004976 0.000859
0.004942 0.000513
0.0049 0.000598
0.004923 0.000593
0.004895 0.000882
0.004998 0.000553
0.005222 0.000431
0.005632 0.000965
0.005533 0.000772
0.005121 0.000728
0.005115 0.000733
0.004523 0.000752
0.004983 0.000561
0.00502 0.000807
0.004903 0.000492
0.00495 0.000608
0.004946 0.000609
0.004902 0.000605
0.004953 0.000728
0.004886 0.000849
0.00489 0.000601
0.004949 0.000559
0.004928 0.000552
0.004854 0.000546
0.004923 0.000429
0.004914 0.000548
0.004941 0.000542
0.004907 0.000612
0.004929 0.000482
0.004937 0.000559
0.004902 0.000647
0.004939 0.000607
0.004943 0.000558
0.004935 0.000568
0.004929 0.000636
0.004901 0.000412
0.004896 0.000491
0.004925 0.000515
0.004888 0.000534
0.004946 0.00071
0.004896 0.000522
0.004285 0.00083
0.004919 0.000527
0.004884 0.000873
0.004937 0.000747
0.004933 0.000753
0.00487 0.000576
0.004888 0.000825
0.004917 0.00084
0.004896 0.000879
0.004881 0.000586
0.004894 0.0006
0.004889 0.000543
0.00493 0.00069
0.004788 0.000465
0.004912 0.000554
0.004889 0.000583
0.004912 0.000599
0.004909 0.000571
0.004919 0.00072
0.004981 0.000666
0.004915 0.000523
0.004853 0.000489
0.004916 0.00068
0.005009 0.000578
0.00491 0.000537
0.004872 0.000675
0.00489 0.000737
0.004868 0.00059
0.00415 0.000487
0.004933 0.000672
0.004932 0.000617
0.004837 0.000772
0.004912 0.000715
0.004928 0.000673
0.004981 0.000858
0.004929 0.000762
0.004902 0.000566
0.00492 0.00083
0.004943 0.000501
0.004909 0.000518
0.004909 0.000768
0.004917 0.000466
0.004838 0.000548
0.004927 0.000575
0.004919 0.000865
0.004963 0.000514
0.004962 0.000542
0.00486 0.000601
0.004896 0.000555
0.004898 0.000638
0.004867 0.000632
0.004936 0.000662
0.004924 0.000767
0.004868 0.000551
0.00495 0.000584
0.004854 0.000558
0.004746 0.000372
0.004934 0.000666
0.004891 0.000726
0.004957 0.000476
0.00499 0.000617
0.00492 0.000845
0.004889 0.000708
0.005027 0.000563
0.004918 0.000679
0.004873 0.000735
0.004903 0.00061
0.004873 0.000529
0.004916 0.000528
0.004876 0.000628
0.004496 0.000657
0.004953 0.000504
0.004921 0.000757
0.004882 0.000641
0.004931 0.000657
0.004899 0.000694
0.004863 0.000736
0.00495 0.000561
0.004963 0.000751
0.004854 0.000677
0.004866 0.000511
0.004868 0.00055
0.004924 0.000593
0.004917 0.000492
0.004926 0.000496
0.004125 0.000657
0.00498 0.000747
0.004906 0.000594
0.004884 0.000769
0.00495 0.000705
0.004908 0.000625
0.004915 0.000674
0.004878 0.000623
0.004924 0.00053
0.004949 0.000503
0.004898 0.000654
0.004891 0.000646
0.004916 0.000599
0.004878 0.000532
0.004533 0.000563
0.004899 0.000585
0.004914 0.000973
0.004902 0.000692
0.004894 0.000577
0.004941 0.000724
0.004916 0.000827
0.004907 0.000507
0.004888 0.000696
0.004884 0.000573
0.004881 0.000747
0.004925 0.000645
0.004884 0.000513
0.004877 0.000742
0.004383 0.000523
0.004944 0.00055
0.00493 0.000735
0.004898 0.000676
0.004952 0.000552
0.004976 0.000624
0.004905 0.000613
0.004918 0.000541
0.0049 0.00068
0.004916 0.000711
0.005005 0.000819
0.004921 0.000459
0.004911 0.00085
0.004916 0.000718
0.004208 0.000475
0.004882 0.000622
0.004927 0.000598
0.004941 0.000628
0.004903 0.000923
0.004882 0.00062
0.004876 0.000758
0.004916 0.000779
0.004964 0.000671
0.004862 0.00087
0.004922 0.000617
0.004952 0.000471
0.004906 0.000494
0.004885 0.000463
0.004897 0.000611
0.004942 0.000509
0.004895 0.000851
0.004937 0.000529
0.004916 0.000574
0.004931 0.00044
0.004893 0.000649
0.00487 0.000619
0.004976 0.000564
0.004901 0.000627
0.004872 0.000584
0.004957 0.000572
0.004904 0.000693
0.004945 0.000555
0.004735 0.000612
0.004955 0.000776
0.004892 0.000686
0.00488 0.000565
0.004892 0.000733
0.004921 0.000669
0.004858 0.000659
0.004929 0.000728
0.004938 0.000512
0.004928 0.000644
0.004915 0.00048
0.005058 0.000794
0.004907 0.000628
0.004908 0.000498
0.004171 0.000739
0.004923 0.000497
0.004923 0.000713
0.004912 0.00055
0.004916 0.000525
0.004936 0.000513
0.00488 0.000846
0.004953 0.000546
0.004902 0.000643
0.004953 0.000563
0.004923 0.000683
0.004896 0.000663
0.004916 0.000623
0.004938 0.00052
0.004867 0.000546
0.004944 0.000657
0.004904 0.000633
0.004921 0.000629
0.004942 0.000576
0.004895 0.000461
0.00491 0.000677
0.004913 0.000727
0.004888 0.00062
0.004885 0.000719
0.004934 0.000541
0.004909 0.000568
0.004895 0.000489
0.005033 0.000546
0.004879 0.000551
0.004594 0.00069
0.004879 0.000446
0.004903 0.00065
0.004947 0.000816
0.004945 0.000538
0.004954 0.000592
0.00489 0.000586
0.00486 0.000513
0.004919 0.000616
0.004889 0.000608
0.004863 0.000716
0.004872 0.000724
0.004962 0.000504
0.004924 0.000874
0.004539 0.000489
0.004954 0.000617
0.004903 0.000726
0.004894 0.000757
0.004907 0.000584
0.004891 0.000616
0.004978 0.000719
0.004852 0.00046
0.004914 0.000589
0.004878 0.000629
0.004917 0.00047
0.004873 0.000834
0.004922 0.000666
0.004855 0.000613
0.004643 0.000752
0.004881 0.000735
0.004885 0.000571
0.004908 0.000686
0.004889 0.000527
0.00489 0.000583
0.004923 0.000567
0.004916 0.000563
0.004948 0.000572
0.004864 0.000433
0.004902 0.000459
0.00488 0.000579
0.004921 0.000424
0.004905 0.00077
0.004891 0.000389
0.004323 0.000455
0.004983 0.00046
0.004852 0.000666
0.004916 0.000643
0.00492 0.000919
0.004904 0.000512
0.004923 0.000557
0.004874 0.000564
0.004902 0.000623
0.004904 0.000736
0.004899 0.000564
0.004916 0.000813
0.0049 0.00053
0.004884 0.000753
0.004719 0.000744
0.004915 0.000645
0.004867 0.000696
0.004939 0.000519
0.004919 0.000535
0.004883 0.000554
0.00494 0.000641
0.004956 0.000504
0.00489 0.000853
0.004928 0.000735
0.004927 0.000684
0.005049 0.000609
0.004902 0.00058
0.004914 0.000455
0.004808 0.000539
0.00488 0.000646
0.004933 0.000634
0.004911 0.000731
0.00493 0.000474
0.004934 0.000558
0.00483 0.000492
0.004925 0.000509
0.004848 0.000639
0.004931 0.000582
0.004976 0.000868
0.004931 0.000653
0.004864 0.000475
0.004962 0.000613
0.004884 0.000416
0.004212 0.00045
0.004898 0.000496
0.00494 0.000481
0.004897 0.000866
0.004888 0.000645
0.004979 0.000561
0.004914 0.000537
0.004869 0.000811
0.004889 0.000523
0.004937 0.000562
0.004889 0.000687
0.00487 0.00051
0.004948 0.000566
0.004903 0.000756
0.004843 0.000429
0.004882 0.0006
0.004963 0.000544
0.004912 0.000695
0.004962 0.00066
0.004898 0.000692
0.004863 0.000504
0.00486 0.000679
0.004937 0.00058
0.004938 0.000643
0.005096 0.000527
0.004897 0.000602
0.004936 0.000703
0.004953 0.000476
0.004927 0.000714
0.004283 0.000577
0.004944 0.000459
0.004935 0.000493
0.004934 0.000478
0.004956 0.000522
0.004955 0.000713
0.004881 0.000816
0.004895 0.000786
0.004916 0.000698
0.004895 0.000469
0.004974 0.000588
0.004947 0.000521
0.004891 0.000453
0.004966 0.000618
0.004921 0.000439
0.004121 0.000667
0.004935 0.00061
0.00492 0.00059
0.004912 0.00047
0.004926 0.000472
0.004917 0.000676
0.004916 0.000676
0.004895 0.000439
0.004892 0.000725
0.004921 0.000443
0.004877 0.000591
0.004857 0.000482
0.00495 0.000654
0.004909 0.00077
0.004941 0.000481
0.004876 0.000663
0.004932 0.000646
0.004893 0.000464
0.004982 0.000681
0.004947 0.000616
0.004983 0.000694
0.004884 0.000789
0.004923 0.000433
0.004903 0.000426
0.004918 0.000646
0.004904 0.000538
0.004935 0.000574
0.004904 0.000644
0.004929 0.000645
0.004689 0.000519
0.004949 0.000663
0.004933 0.000735
0.004911 0.000584
0.00492 0.000565
0.004913 0.00064
0.004924 0.000544
0.004928 0.000416
0.004893 0.000649
0.00489 0.000632
0.004888 0.00043
0.004863 0.000472
0.004922 0.000668
0.004857 0.00062
0.004913 0.000603
0.004886 0.000665
0.004889 0.000668
0.004933 0.000663
0.004931 0.000517
0.004906 0.001021
0.004926 0.000646
0.004899 0.000503
0.004929 0.000749
0.00494 0.000577
0.004854 0.000617
0.004944 0.000726
0.004893 0.000711
0.004931 0.000477
0.004915 0.000558
0.004929 0.000609
0.00488 0.000513
0.004913 0.000465
0.004862 0.000674
0.005036 0.00063
0.004887 0.00071
0.004883 0.000812
0.004892 0.000581
0.004914 0.000562
0.004888 0.000673
0.004907 0.000841
0.00492 0.000493
0.004894 0.000486
0.004885 0.000494
0.004221 0.000587
0.004901 0.000771
0.004898 0.000631
0.004926 0.000584
0.004963 0.000744
0.004985 0.000704
0.005091 0.000662
0.0049 0.000675
0.004953 0.000641
0.004865 0.000842
0.004913 0.00071
0.004934 0.000464
0.004956 0.00083
0.004885 0.000587
0.004928 0.00079
0.004921 0.000694
0.00488 0.0005
0.004944 0.000866
0.00502 0.000843
0.004898 0.000546
0.004982 0.000604
0.004888 0.000598
0.004905 0.000517
0.004848 0.000731
0.004914 0.000712
0.004917 0.000872
0.004931 0.000875
0.004931 0.000609
0.004988 0.00059
0.004876 0.000665
0.004982 0.000509
0.004986 0.000779
0.004879 0.000569
0.004888 0.000748
0.004944 0.000611
0.004848 0.000745
0.004896 0.000677
0.004886 0.000527
0.004897 0.000824
0.004832 0.000711
0.004279 0.00073
0.004914 0.000459
0.004963 0.000663
0.004877 0.00089
0.004945 0.00059
0.004925 0.000508
0.004941 0.000534
0.004896 0.000472
0.004919 0.000727
0.004917 0.000563
0.004911 0.000689
0.004999 0.000674
0.004862 0.000579
0.004906 0.000665
0.004179 0.000553
0.004858 0.000732
0.004912 0.000634
0.004962 0.000638
0.004914 0.000515
0.004918 0.000496
0.00505 0.00088
0.00493 0.000693
0.004893 0.00058
0.004904 0.000536
0.004922 0.000604
0.004979 0.000523
0.004955 0.00055
0.004892 0.000533
0.004916 0.000579
0.004906 0.000641
0.00492 0.000628
0.004867 0.000585
0.00494 0.000535
0.004888 0.000747
0.004904 0.00068
0.004968 0.000677
0.004884 0.000687
0.004896 0.000648
0.004878 0.000671
0.004902 0.000567
0.005022 0.000646
0.004972 0.000586
0.00457 0.000522
0.004872 0.000853
0.004908 0.000507
0.004895 0.000475
0.004939 0.000754
0.004895 0.000622
0.004883 0.000524
0.004907 0.000492
0.004901 0.000757
0.004873 0.000554
0.004905 0.000466
0.004921 0.000962
0.004909 0.000667
0.004871 0.000494
0.004869 0.00048
0.004857 0.000461
0.004908 0.000466
0.004901 0.000563
0.004971 0.000462
0.004889 0.000623
0.004928 0.000497
0.004875 0.000617
0.004987 0.000453
0.004924 0.000546
0.004892 0.000703
0.00489 0.000452
0.004918 0.000718
0.004921 0.00066
0.004918 0.00045
0.004879 0.000434
0.004741 0.000724
0.004894 0.000618
0.00487 0.000529
0.004902 0.000558
0.004952 0.000529
0.004925 0.000484
0.004913 0.000532
0.004938 0.000636
0.004865 0.00062
0.004874 0.000703
0.004891 0.000712
0.004898 0.000467
0.004897 0.000568
0.004873 0.000581
0.004515 0.000533
0.004895 0.000571
0.004888 0.000472
0.004875 0.000457
0.004936 0.000805
0.004905 0.000602
0.004899 0.000842
0.00488 0.000807
0.004932 0.000719
0.004904 0.000671
0.004908 0.000644
0.004934 0.000495
0.004886 0.000598
0.004856 0.000499
0.00494 0.000449
0.00483 0.000655
0.004903 0.000581
0.004898 0.000926
0.004936 0.000466
0.004949 0.000462
0.004962 0.000593
0.004911 0.000615
0.004949 0.000566
0.0049 0.000558
0.00492 0.000563
0.004861 0.000719
0.004869 0.000586
0.004883 0.000525
0.004938 0.000588
0.004162 0.000634
0.004897 0.000717
0.004973 0.000548
0.004903 0.000725
0.004872 0.000657
0.004911 0.000542
0.004885 0.00053
0.004903 0.000587
0.004909 0.000661
0.004859 0.000524
0.004875 0.000621
0.00495 0.000824
0.004887 0.000605
0.004924 0.000831
0.004085 0.00101
0.004908 0.000681
0.004928 0.000641
0.004948 0.000723
0.004883 0.000636
0.004928 0.000618
0.004949 0.000434
0.004903 0.000551
0.004874 0.00049
0.005028 0.000691
0.00503 0.000746
0.00491 0.000503
0.004893 0.000603
0.004916 0.000594
0.004293 0.00056
0.004909 0.000579
0.00493 0.00061
0.004937 0.000676
0.005022 0.000485
0.00489 0.000676
0.004906 0.000767
0.004918 0.000709
0.004879 0.000732
0.004966 0.000637
0.004925 0.000518
0.004886 0.000533
0.004911 0.000663
0.004957 0.00057
0.005864 0.000678
0.004921 0.000749
0.004929 0.000444
0.005149 0.000689
0.004877 0.000591
0.004887 0.000679
0.004917 0.000471
0.004884 0.000861
0.004868 0.000529
0.004889 0.000539
0.004956 0.000722
0.004899 0.000524
0.004896 0.000654
0.004927 0.000671
0.004272 0.000565
0.004926 0.000567
0.004895 0.000785
0.005025 0.000641
0.004887 0.000492
0.004907 0.000645
0.004985 0.00067
0.004887 0.000701
0.004877 0.00051
0.004945 0.000698
0.004859 0.000792
0.004876 0.000591
0.004919 0.000553
0.004897 0.00054
0.004535 0.000634
0.004919 0.00055
0.004864 0.00043
0.004886 0.000646
0.004906 0.000706
0.00494 0.000605
0.004892 0.000504
0.004898 0.000647
0.004895 0.000821
0.004906 0.000632
0.004882 0.000784
0.004899 0.000538
0.004909 0.000442
0.004931 0.000626
0.004912 0.000683
0.0049 0.000611
0.005033 0.000776
0.004898 0.000545
0.00492 0.000493
0.004887 0.000691
0.004887 0.00058
0.004899 0.000564
0.004914 0.000631
0.004901 0.000705
0.004967 0.000543
0.004923 0.000642
0.004857 0.000574
0.004856 0.000662
0.004882 0.000624
0.004883 0.000577
0.004892 0.000463
0.004906 0.000474
0.004888 0.000892
0.004928 0.000453
0.004932 0.000703
0.004886 0.000524
0.004884 0.000686
0.004898 0.000528
0.004908 0.00053
0.00489 0.00071
0.004894 0.000768
0.004889 0.000692
0.004895 0.00065
0.004327 0.000801
0.004886 0.000595
0.004918 0.000493
0.004873 0.000578
0.004957 0.000634
0.004904 0.000747
0.004897 0.00075
0.004921 0.000564
0.004895 0.000671
0.004872 0.00077
0.004907 0.00046
0.004905 0.000971
0.004888 0.000514
0.004918 0.000626
0.004413 0.000634
0.00486 0.000627
0.004919 0.000601
0.004887 0.00061
0.004889 0.00067
0.004896 0.000722
0.004982 0.000524
0.00497 0.000721
0.004941 0.000904
0.004881 0.000534
0.004916 0.000655
0.004911 0.000601
0.0049 0.000613
0.00488 0.000489
0.004677 0.000402
0.004903 0.000676
0.004922 0.000731
0.004895 0.000678
0.004925 0.000579
0.00496 0.000713
0.004917 0.000757
0.00489 0.000923
0.004955 0.000639
0.004873 0.000889
0.004912 0.000518
0.004926 0.000872
0.004994 0.000512
0.004948 0.00064
0.00444 0.000753
0.00653 0.000574
0.004906 0.000633
0.004974 0.000739
0.004946 0.000597
0.004916 0.000538
0.004937 0.000532
0.004905 0.000712
0.004915 0.000694
0.004883 0.000602
0.004916 0.000514
0.004888 0.000718
0.004895 0.000496
0.004892 0.000656
0.004153 0.000674
0.004875 0.000513
0.004938 0.000758
0.004941 0.00062
0.004952 0.000545
0.004943 0.000691
0.004923 0.000659
0.004915 0.000669
0.004947 0.000451
0.004909 0.000636
0.004971 0.000507
0.004874 0.000464
0.004933 0.000662
0.004903 0.000579
0.004967 0.000706
0.004914 0.000668
0.004912 0.000733
0.004979 0.000791
0.004962 0.000835
0.00508 0.000607
0.004903 0.000565
0.005013 0.000822
0.004913 0.000739
0.004871 0.000622
0.006685 0.000664
0.005083 0.000508
0.004912 0.000686
0.004434 0.000633
0.006704 0.000691
0.005763 0.000608
0.00492 0.000605
0.004915 0.000517
0.004947 0.000502
0.004995 0.000701
0.004889 0.000605
