0.004945 0.000103
0.00491 0.000162
0.004899 0.000122
0.004887 0.000231
0.004891 0.000131
0.004882 0.000161
0.004938 9.8e-05
0.004614 0.000137
0.004885 0.00016
0.00492 0.000162
0.004915 0.000163
0.00585 0.000147
0.004962 0.000111
0.004928 0.000173
0.004922 0.000155
0.004922 0.000127
0.004871 0.000104
0.004906 0.00013
0.00494 0.000127
0.004926 0.000155
0.004947 0.000149
0.004932 0.000127
0.004891 8.8e-05
0.004957 0.000147
0.004899 0.000135
0.004919 0.000172
0.004905 0.000126
0.004959 0.000118
0.004457 0.000152
0.004916 0.000145
0.00492 0.000161
0.004933 0.000131
0.004942 0.000122
0.004964 0.000127
0.004938 9.5e-05
0.004948 0.000143
0.0049 0.000154
0.004924 0.000112
0.004889 0.00017
0.004879 0.000168
0.004883 9.7e-05
0.004922 0.000141
0.004918 0.000113
0.00489 0.000167
0.004928 0.000141
0.004905 0.000151
0.004907 0.00014
0.004868 8.7e-05
0.004862 0.000144
0.004203 0.000137
0.00496 0.000171
0.004931 0.000158
0.004953 0.000151
0.004912 0.000163
0.004895 0.00012
0.004946 0.000104
0.004907 0.000116
0.00491 0.000153
0.004896 0.00015
0.004942 0.000108
0.004934 0.000146
0.004911 0.000133
0.00488 0.000128
0.004949 0.000148
0.004896 0.000101
0.004941 0.000164
0.004872 0.000126
0.004947 0.000165
0.004855 0.000176
0.004918 0.000145
0.004586 0.000122
0.004897 0.0001
0.004901 0.000122
0.004977 0.000241
0.004904 0.000138
0.004943 0.000135
0.004921 0.000132
0.004966 0.000155
0.004898 0.000141
0.004927 0.000133
0.00494 0.000165
0.004886 0.000116
0.004906 0.000117
0.004907 0.000116
0.004855 0.000138
0.004888 0.00011
0.004947 0.000146
0.004887 0.000125
0.004875 0.000145
0.004915 0.000132
0.004905 0.000147
0.004669 0.000101
0.004898 0.000172
0.004935 0.000157
0.004926 0.000104
0.004923 0.000127
0.004925 0.000191
0.004934 0.000142
0.00488 0.000136
0.004906 0.000101
0.004941 0.000251
0.004854 0.000178
0.004905 0.000148
0.004905 0.000124
0.004895 0.000147
0.004928 0.000179
0.004931 0.000179
0.004928 0.000159
0.00494 0.000144
0.004918 0.000133
0.004923 0.00011
0.004913 0.000135
0.004256 0.000128
0.004917 0.000121
0.004895 0.0001
0.004879 0.00011
0.004855 0.000151
0.004942 0.000141
0.004909 0.000155
0.004951 0.000111
0.004927 0.000107
0.004887 0.000188
0.004939 0.000124
0.004913 0.000163
0.004863 0.000125
0.004888 0.000103
0.004931 0.000172
0.004907 0.000126
0.004919 0.00012
0.004908 0.00015
0.004892 0.000135
0.004893 8.8e-05
0.004932 0.00012
0.004518 0.000131
0.004998 0.000183
0.004898 0.000136
0.004891 0.000137
0.004951 0.00018
0.004898 0.000135
0.004908 0.000155
0.005024 0.000149
0.005008 0.000118
0.00491 0.000123
0.004906 0.000158
0.004971 0.000122
0.004887 0.00014
0.004912 0.000161
0.004983 0.000126
0.004865 0.000168
0.004939 0.000135
0.004925 0.000106
0.004919 0.000119
0.004899 0.000151
0.0049 0.00011
0.004145 0.000158
0.004899 0.000109
0.00483 9.3e-05
0.00489 0.000167
0.004901 0.00017
0.004901 0.000122
0.004934 0.000148
0.00493 0.00017
0.004881 0.000171
0.004931 0.000147
0.004926 9.8e-05
0.004909 0.000141
0.004906 0.000157
0.004888 0.000113
0.004889 0.000238
0.004965 0.000193
0.004885 0.00014
0.004942 0.000173
0.004868 0.000134
0.004944 0.000139
0.004935 0.000177
0.00486 0.00017
0.004923 0.000148
0.004982 0.00013
0.004895 0.000134
0.004886 9.3e-05
0.004917 0.00014
0.005067 0.000193
0.004912 0.000141
0.004955 0.000175
0.00495 0.000165
0.004914 0.00015
0.004888 0.000169
0.004942 0.000147
0.004919 0.000143
0.0049 0.000159
0.004893 0.000148
0.004889 0.000144
0.004857 0.000222
0.004916 0.000155
0.004929 0.000174
0.004946 0.000121
0.004339 0.000143
0.004921 0.000144
0.004867 0.000126
0.00492 0.00012
0.004884 0.000147
0.005071 0.000124
0.004916 0.000115
0.004891 0.000186
0.004849 0.000126
0.004893 0.000135
0.004909 0.000184
0.004915 9.1e-05
0.004907 0.000136
0.004907 0.000128
0.004877 0.000166
0.004944 0.000157
0.004872 0.000141
0.004937 0.000168
0.004887 0.000181
0.004884 0.000166
0.004874 0.00012
0.004255 0.000136
0.004906 0.000177
0.004887 0.000197
0.004859 0.000111
0.004943 0.000182
0.004941 0.00014
0.004973 0.000169
0.004921 0.000161
0.004921 0.000135
0.004898 0.000132
0.004915 0.000207
0.004969 0.000134
0.004904 0.000143
0.005706 0.000121
0.004994 0.000182
0.004916 0.000133
0.004931 0.000132
0.004876 0.000129
0.004916 0.000126
0.004908 0.000117
0.004931 8.9e-05
0.004335 0.000137
0.004927 0.000216
0.004913 0.000157
0.004931 0.000137
0.004915 0.000126
0.004952 0.000218
0.004966 0.000137
0.004908 0.000108
0.004973 0.000135
0.005022 0.000137
0.004902 0.000132
0.004925 0.000121
0.004898 0.000115
0.00495 0.000111
0.004901 0.0001
0.004909 0.000148
0.004955 0.00014
0.00489 0.000131
0.004905 0.000167
0.004883 0.000121
0.004878 0.000119
0.004168 0.000151
0.004877 0.000105
0.004885 0.000161
0.004976 0.000144
0.004919 0.00015
0.004988 0.000144
0.004896 0.0001
0.004957 0.000144
0.004893 0.000117
0.004925 0.00015
0.004945 0.00013
0.004878 0.000206
0.004923 0.000157
0.004887 0.000117
0.004888 0.00013
0.004861 0.000164
0.004892 0.000159
0.004899 0.000131
0.004932 0.000135
0.004875 0.000125
0.004964 9.1e-05
0.004177 0.000125
0.004954 0.000112
0.004953 0.00011
0.004959 0.000144
0.004918 0.00015
0.005004 0.000168
0.004877 0.000116
0.00496 0.000142
0.004872 0.000156
0.004891 0.000146
0.004943 0.000177
0.004911 0.000142
0.004903 0.000154
0.004945 0.000157
0.004842 0.000117
0.004895 0.000145
0.004867 0.000138
0.004997 0.000114
0.004901 0.000101
0.004926 0.000161
0.004875 7.6e-05
0.004259 0.000157
0.004898 0.000118
0.004998 0.000145
0.004999 0.000128
0.004915 0.000156
0.004964 0.000148
0.004961 0.000122
0.004898 0.000161
0.004962 0.00011
0.004872 0.000155
0.004932 0.00013
0.004918 0.000122
0.004921 0.000121
0.004924 0.000114
0.00491 0.000138
0.004988 0.000144
0.004982 0.000154
0.004909 0.000185
0.00488 0.000157
0.004876 0.000153
0.004916 0.000188
0.004337 0.000104
0.005018 0.000134
0.004918 0.000175
0.00491 0.000132
0.004939 0.000132
0.004946 0.00013
0.004924 0.00015
0.00492 0.000151
0.004888 0.000107
0.004936 0.000131
0.004903 0.000109
0.004963 0.000135
0.005001 0.000152
0.004988 0.000149
0.004915 0.000168
0.004908 0.000101
0.004924 0.000186
0.004947 0.000107
0.004897 0.000145
0.004937 0.000148
0.004886 9.3e-05
0.004423 0.000135
0.004941 0.000125
0.004924 0.000105
0.004916 0.000145
0.004927 0.000216
0.004882 0.000114
0.005136 0.000125
0.004949 0.000143
0.005042 0.000127
0.004927 0.000143
0.004998 0.00013
0.004925 0.000129
0.004944 9.5e-05
0.004888 0.00015
0.004989 0.000102
0.004927 0.000149
0.004945 0.000134
0.004906 0.00016
0.004947 0.000141
0.004878 0.000138
0.004954 0.000106
0.004223 0.000115
0.004937 0.000118
0.004914 0.000125
0.004961 0.000172
0.004887 0.000172
0.00496 0.000119
0.004918 0.000159
0.004971 0.000148
0.004891 0.00013
0.00493 0.00016
0.004878 0.000154
0.004925 0.000129
0.00491 0.000144
0.004925 0.00011
0.004862 0.000148
0.004901 0.000132
0.004902 0.000149
0.005068 0.000123
0.004894 0.000124
0.004908 0.000133
0.004936 0.000127
0.004149 0.000148
0.004935 0.000125
0.004901 0.000152
0.004958 0.000125
0.004943 0.000103
0.004982 0.000184
0.004936 0.000141
0.004886 0.000207
0.00493 0.000118
0.004966 0.000125
0.004956 0.000193
0.004894 0.000138
0.004896 0.000116
0.004893 0.0002
0.004891 0.000218
0.004903 0.000115
0.004881 0.000139
0.004909 0.000187
0.005036 0.000143
0.004918 0.000114
0.004978 0.000108
0.004188 0.000112
0.004916 0.000114
0.004953 0.000137
0.004928 0.000197
0.004897 9.2e-05
0.004977 0.000205
0.004935 0.000147
0.004917 0.000111
0.00487 9.4e-05
0.005004 0.000177
0.004933 0.000174
0.004906 0.000134
0.004911 0.000131
0.004976 0.000147
0.004899 0.000136
0.004911 0.000133
0.004999 0.000135
0.004916 0.000138
0.0049 0.000131
0.004918 0.000107
0.004883 0.000147
0.004136 0.000165
0.00505 0.000152
0.00496 0.000139
0.004916 0.000133
0.005027 0.000161
0.00497 0.000146
0.004964 0.000137
0.004879 0.000154
0.004901 0.000155
0.00491 0.000173
0.004898 0.000128
0.004926 0.000164
0.004898 0.000105
0.00488 0.000151
0.004904 0.000115
0.004875 0.000139
0.004901 0.000168
0.004871 0.000178
0.00489 8.6e-05
0.004937 9.6e-05
0.004964 0.00013
0.00413 0.000191
0.004959 0.000148
0.004911 0.000114
0.005345 0.000125
0.00494 0.000136
0.004965 0.000149
0.004923 9.5e-05
0.004877 0.00013
0.004999 0.000131
0.004936 0.000178
0.004887 0.000173
0.004935 0.000139
0.004935 0.000122
0.004919 0.000144
0.004912 0.00012
0.004966 0.000101
0.004885 0.000132
0.004918 0.000141
0.004901 0.000134
0.004873 0.000212
0.004872 0.000116
0.004205 0.000163
0.004918 0.00017
0.004964 0.000138
0.004919 0.000139
0.004966 0.000146
0.00494 0.000137
0.004939 0.000112
0.004881 0.000173
0.00495 0.000137
0.004894 0.000147
0.004932 0.000161
0.004872 0.000115
0.004857 0.000144
0.004893 0.000145
0.004895 0.000122
0.004914 0.000165
0.004898 0.000143
0.004876 0.000136
0.004946 9.8e-05
0.00487 0.000157
0.004996 0.000112
0.004261 0.000161
0.004934 0.000115
0.004857 0.000181
0.004918 0.000179
0.004886 0.000142
0.005056 0.000125
0.004908 0.000122
0.004928 0.000149
0.004905 0.000107
0.004919 0.000179
0.004933 0.000164
0.004897 0.000131
0.004934 0.000157
0.004907 0.000105
0.004864 0.000176
0.004897 0.000136
0.004866 0.000153
0.005048 0.000208
0.004872 0.000125
0.004921 0.00013
0.004883 9.9e-05
0.004227 0.000151
0.00493 0.000149
0.004928 0.000119
0.004891 9.7e-05
0.004911 0.000135
0.004953 0.000205
0.004929 0.000109
0.004925 0.000158
0.004948 0.000165
0.004886 0.000111
0.00493 0.0002
0.00492 0.000135
0.004918 9e-05
0.004916 0.000106
0.004942 0.000153
0.005018 0.00012
0.004898 0.000149
0.005043 0.000165
0.004949 0.000155
0.005023 0.000142
0.004916 0.000115
0.004079 0.000201
0.00493 0.000148
0.004955 0.000193
0.004882 0.000161
0.004867 0.000104
0.004914 0.000112
0.004894 0.000133
0.004969 0.000156
0.004905 0.000157
0.00491 0.000126
0.004923 0.000137
0.004916 0.000102
0.004941 0.000109
0.004899 0.000131
0.004898 0.000199
0.004895 0.000167
0.004901 0.00013
0.004918 0.000156
0.004896 0.00016
0.004899 0.000137
0.004837 0.000164
0.004097 0.000142
0.004904 0.00011
0.004868 0.000208
0.004892 0.000101
0.004887 0.000143
0.004925 0.00015
0.004942 0.000108
0.004878 0.000152
0.004987 0.000208
0.004883 0.00015
0.004938 0.000145
0.004902 0.000142
0.004945 0.000125
0.004922 9.9e-05
0.004926 0.000161
0.004909 0.000104
0.004888 0.00011
0.004904 0.000185
0.004957 0.000137
0.004904 0.000153
0.004923 0.000179
0.004335 0.000134
0.004927 0.000153
0.004906 0.000135
0.004943 0.000122
0.004886 0.000147
0.004986 0.000206
0.004888 0.000175
0.004974 0.000149
0.00499 0.000131
0.004913 0.000157
0.004868 0.000108
0.00493 0.000116
0.004917 0.00014
0.004911 0.000149
0.004898 0.000179
0.004964 0.000168
0.004905 0.00012
0.004898 0.000118
0.004909 0.000102
0.004913 0.000136
0.00478 0.000167
0.004633 0.000122
0.005051 0.000187
0.00493 0.000149
0.004887 9.9e-05
0.004906 0.000154
0.004964 9.9e-05
0.005154 0.000125
0.004919 0.000173
0.004942 0.000122
0.00488 0.000162
0.004935 0.000132
0.004885 0.000129
0.004938 0.000154
0.004902 0.000113
0.004856 0.000216
0.004901 0.00018
0.004905 0.000145
0.004881 0.000122
0.004945 0.000169
0.004865 0.00015
0.004849 0.000156
0.004131 8e-05
0.004036 8.7e-05
0.00409 0.000102
0.004534 9.7e-05
0.004152 9.5e-05
0.004209 0.000179
0.004914 0.000107
0.004892 0.000164
0.004923 0.000162
0.005014 0.00011
0.004891 0.000146
0.004929 0.000134
0.004891 0.000153
0.004907 0.00016
0.004929 0.000151
0.004924 0.000136
0.004923 0.000159
0.004912 0.000165
0.004939 0.00011
0.004221 0.00012
0.0049 0.000163
0.004919 0.000154
0.004941 0.000165
0.004937 0.000162
0.004896 0.000138
0.004922 0.00012
0.004891 0.0001
0.004952 0.00014
0.004927 0.00013
0.004918 0.000105
0.004872 0.000183
0.004903 0.00014
0.004896 0.000118
0.004934 0.000135
0.00491 0.000112
0.004932 0.000114
0.004874 0.000132
0.004965 0.000131
0.004933 0.000137
0.004932 0.000115
0.004381 0.000164
0.004962 0.000121
0.004942 0.000194
0.004878 0.000141
0.004928 0.000134
0.004979 0.000166
0.004912 0.000138
0.004898 0.00012
0.004925 0.000155
0.004877 0.000141
0.005023 0.000188
0.004898 0.000196
0.004934 0.000128
0.005044 0.000135
0.005022 0.000139
0.004946 0.000116
0.004941 0.000126
0.004935 0.000126
0.004867 0.000123
0.005043 0.000152
0.004904 0.000135
0.00441 0.000164
0.00497 0.00015
0.004998 0.000112
0.004888 0.000154
0.004911 0.000118
0.004916 0.000175
0.004866 0.000154
0.004866 0.000173
0.00498 0.000167
0.004929 8.5e-05
0.004933 0.00013
0.004905 0.000112
0.004892 0.000139
0.00491 0.000187
0.004836 0.000129
0.004912 0.000139
0.004928 0.00018
0.004872 0.000129
0.004892 0.000149
0.004926 0.000146
0.004921 0.000119
0.004207 0.000113
0.004867 0.00012
0.004903 0.000128
0.00495 0.000133
0.004903 0.00014
0.005052 0.000162
0.004949 0.000203
0.004907 0.000192
0.004906 0.000106
0.004903 0.000164
0.004891 0.000171
0.004879 0.000159
0.004887 0.000107
0.004977 0.000145
0.004892 0.000137
0.005011 0.00016
0.004877 0.000162
0.004922 0.000108
0.004909 0.000139
0.004929 0.000156
0.004929 9.2e-05
0.004099 0.000115
0.004936 0.000153
0.004915 0.000143
0.004878 0.00017
0.004953 0.000153
0.004979 0.000183
0.004947 0.000141
0.0049 9.8e-05
0.00488 0.000165
0.004901 0.000114
0.00494 0.000111
0.004919 0.00016
0.004903 9.9e-05
0.004869 0.000137
0.00493 0.000123
0.00487 0.000115
0.004901 0.000231
0.004904 0.000182
0.004927 0.000161
0.004906 0.00013
0.004923 0.000108
0.004355 0.000117
0.00496 0.000212
0.004904 0.000129
0.004936 0.000113
0.004843 0.0002
0.004992 0.000226
0.004921 0.000146
0.004941 0.000117
0.004879 0.000193
0.004937 0.000108
0.004921 0.000132
0.004904 0.000223
0.004892 0.000177
0.004887 0.000109
0.004887 0.000125
0.004871 0.000163
0.004933 0.000196
0.004917 8.9e-05
0.004889 0.000212
0.004927 0.00019
0.004874 0.000129
0.004184 0.000161
0.004938 0.000141
0.004869 0.000183
0.004923 0.000151
0.004956 0.000151
0.004977 0.000177
0.004918 0.00016
0.004919 0.000107
0.004891 0.000162
0.004951 0.000138
0.004952 0.000149
0.004875 0.000124
0.004916 0.000134
0.004884 0.000143
0.004907 0.000132
0.004883 0.000147
0.004909 0.000121
0.004878 0.00019
0.004931 0.000144
0.004883 0.000111
0.004951 8e-05
0.004366 0.000184
0.004939 0.000121
0.004926 0.000154
0.004969 0.000132
0.004904 0.000225
0.004973 0.000161
0.004917 0.000107
0.004969 0.000159
0.00491 0.000168
0.004931 0.000161
0.004925 0.000122
0.004917 0.000153
0.004891 0.000147
0.004928 0.000171
0.004893 0.000139
0.004987 0.000134
0.004888 0.000172
0.004912 0.000199
0.004919 0.000103
0.004924 0.000172
0.004885 0.000124
0.00442 0.000167
0.004901 0.000156
0.004938 0.000106
0.004945 0.000129
0.004915 0.00011
0.005193 0.000112
0.004937 0.000205
0.004883 0.000188
0.005027 0.000142
0.00493 0.000188
0.004927 0.000136
0.004895 9.2e-05
0.004944 0.000155
0.004894 0.000196
0.004969 0.000142
0.004904 0.000175
0.00497 0.000153
0.004889 0.000112
0.004889 0.000145
0.004914 0.000144
0.004754 9.9e-05
0.004608 0.000145
0.004966 0.000118
0.004884 0.000161
0.00494 0.000143
0.004919 0.000192
0.005 0.000149
0.004904 0.000156
0.004957 0.00022
0.004892 0.000128
0.004909 0.000178
0.004864 0.00014
0.004903 0.00016
0.004932 0.000133
0.004976 0.000174
0.004916 0.000164
0.004949 0.000146
0.004974 0.00014
0.004973 0.000107
0.004933 0.00011
0.004902 0.000127
0.004664 0.000109
0.005059 0.000152
0.004939 0.000163
0.004966 0.000188
0.004924 0.000134
0.004919 0.000145
0.004925 0.000105
0.004963 0.000156
0.004895 0.000144
0.00487 0.000114
0.004916 0.00013
0.004901 0.000119
0.004902 0.00014
0.004967 0.000173
0.004934 0.000103
0.004961 0.000142
0.004928 0.000139
0.004929 0.000166
0.004862 0.000138
0.004927 0.000148
0.004951 0.000142
0.004547 9e-05
0.004941 0.000147
0.004942 0.000194
0.004931 0.000133
0.004877 0.000153
0.004918 0.000164
0.004987 0.000127
0.004895 0.000157
0.00493 0.00013
0.004913 0.000154
0.004975 0.000172
0.004892 0.000142
0.00496 0.000202
0.004924 0.000118
0.004922 0.000108
0.004902 0.000181
0.004901 0.00012
0.004894 0.000149
0.005007 0.000129
0.004904 0.00014
0.004952 0.000168
0.00459 0.000135
0.004943 0.000137
0.00491 0.000123
0.004899 0.000156
0.004945 0.000159
0.005061 0.000146
0.004946 0.000145
0.004935 0.000127
0.004904 0.000161
0.004944 0.000126
0.004957 0.000105
0.004926 0.000124
0.004925 0.000185
0.004942 0.000124
0.004924 0.000143
0.006622 0.000207
0.00504 0.000241
0.006776 0.000143
0.005068 0.000176
0.006814 0.000104
0.004985 0.000203
0.006995 0.000188
0.005048 0.000186
0.006834 0.000145
0.004958 0.000196
0.006025 0.000136
0.004985 0.000164
0.005399 0.00019
0.007526 0.000166
0.007542 0.00017
0.005555 0.000225
0.005882 0.000174
0.007822 0.000164
0.007533 0.000167
0.006018 0.000198
0.005443 0.000207
0.005434 0.000186
0.005475 0.000129
0.006301 0.000234
0.005163 0.000145
0.005349 0.000263
0.007598 0.000188
0.007371 0.000205
0.005305 0.0002
0.005235 0.000131
0.005781 0.000148
0.004921 0.000139
0.004951 0.000181
0.004943 0.000182
0.004939 0.000134
0.004943 0.000114
0.00487 0.000232
0.004943 0.000203
0.004925 0.000101
0.004901 0.000133
0.004903 0.000128
0.004714 0.000115
0.004865 0.000161
0.004976 0.000136
0.004936 0.000167
0.004917 0.000173
0.004922 0.000162
0.00491 0.00014
0.004942 0.00017
0.004981 0.000177
0.005082 0.000142
0.004954 0.000113
0.004939 0.000128
0.004923 0.000154
0.004979 0.000135
0.00503 0.000148
0.004955 0.000124
0.004934 0.00011
0.004859 0.000115
0.004879 0.000102
0.004899 0.000124
0.004869 0.00013
0.004954 0.000172
0.004869 0.000154
0.005483 0.000211
0.004884 0.000149
0.004924 0.000188
0.004908 0.000201
0.004912 0.000171
0.005005 0.000114
0.004888 0.000134
0.004961 0.000147
0.004914 0.000129
0.004914 0.000188
0.004871 0.000138
0.004882 0.000164
0.0049 0.000128
0.004889 0.000124
0.004961 0.00014
0.00488 0.000132
0.004912 0.000131
0.005017 0.000142
0.004925 0.000154
0.004097 0.000125
0.004922 0.000139
0.004884 0.0001
0.004902 9.9e-05
0.004966 0.000109
0.004935 0.000153
0.00489 0.000144
0.0049 0.000156
0.004925 0.000139
0.004894 0.000138
0.004874 0.000126
0.004919 0.000139
0.004898 0.000125
0.004963 0.000141
0.00497 0.000147
0.004858 0.000112
