0.004873 6.5e-05
0.004907 5.7e-05
0.004913 7.1e-05
0.00491 6.1e-05
0.005125 7.6e-05
0.005056 9.1e-05
0.004996 9.5e-05
0.005033 7.1e-05
0.004797 7e-05
0.004992 6.2e-05
0.004911 5.3e-05
0.004916 5.1e-05
0.004924 6.5e-05
0.004962 8.4e-05
0.004971 5.3e-05
0.004907 5.8e-05
0.004908 4.4e-05
0.004888 4.5e-05
0.00494 5.6e-05
0.004954 5e-05
0.004899 7.9e-05
0.004898 7.1e-05
0.004881 8.9e-05
0.004925 7.2e-05
0.004908 5.3e-05
0.004887 9.5e-05
0.004872 8.7e-05
0.004873 7.5e-05
0.004894 7.4e-05
0.004913 5.6e-05
0.004505 7e-05
0.004933 6.3e-05
0.004917 7.2e-05
0.004889 4.1e-05
0.004879 5.6e-05
0.004934 0.000108
0.00493 7.2e-05
0.004908 5.6e-05
0.004917 5.6e-05
0.004895 4.5e-05
0.005123 9.9e-05
0.00496 7.1e-05
0.004919 7e-05
0.004927 8.4e-05
0.004808 6e-05
0.004955 5.3e-05
0.004957 0.0001
0.004948 6.8e-05
0.00492 5e-05
0.004934 9.1e-05
0.00492 6e-05
0.004629 6.2e-05
0.004828 4.5e-05
0.004905 0.000101
0.004908 5.6e-05
0.004906 5.8e-05
0.004852 6e-05
0.005063 8.3e-05
0.004875 8.2e-05
0.004914 5.2e-05
0.004909 6.4e-05
0.005041 5.3e-05
0.004922 7.9e-05
0.004907 5.3e-05
0.00492 4.9e-05
0.004909 0.000117
0.004873 6.2e-05
0.004938 9.4e-05
0.004899 6.8e-05
0.004868 5.3e-05
0.004929 7.5e-05
0.004923 7.1e-05
0.004914 4.9e-05
0.00443 5.7e-05
0.004877 6.3e-05
0.004929 0.0001
0.004918 7.6e-05
0.004929 0.000101
0.004931 9.3e-05
0.004924 6.1e-05
0.004899 8.3e-05
0.004923 9e-05
0.004893 8.7e-05
0.004903 8.5e-05
0.00492 7.1e-05
0.004925 5.7e-05
0.004876 7e-05
0.004908 7.3e-05
0.004856 5.3e-05
0.005064 6.1e-05
0.004887 5.5e-05
0.004912 6e-05
0.004918 5.5e-05
0.004911 5.8e-05
0.004861 4.8e-05
0.004067 9.5e-05
0.004875 7.6e-05
0.004897 5.5e-05
0.004895 8.5e-05
0.004896 6.4e-05
0.004901 5.3e-05
0.004907 8.3e-05
0.00487 7e-05
0.004888 5.2e-05
0.00493 7.5e-05
0.004924 5.5e-05
0.004918 5.9e-05
0.004933 7.4e-05
0.004886 6.9e-05
0.004986 4.9e-05
0.004895 5.8e-05
0.004894 5.7e-05
0.004922 7.9e-05
0.00493 8.9e-05
0.004897 8.1e-05
0.004908 5.3e-05
0.004658 4e-05
0.004892 5.5e-05
0.004902 6.2e-05
0.004912 7.1e-05
0.005001 7.8e-05
0.004877 5.2e-05
0.004934 8.1e-05
0.00491 5.9e-05
0.004919 5.4e-05
0.004906 9e-05
0.004896 6.5e-05
0.00489 5.2e-05
0.004873 7.9e-05
0.004888 6.7e-05
0.00492 7.1e-05
0.00493 8.4e-05
0.004895 4.7e-05
0.004938 9.5e-05
0.004853 5.3e-05
0.004861 8.6e-05
0.004846 5.4e-05
0.004916 5.2e-05
0.00426 6.4e-05
0.004971 9.2e-05
0.004899 5.7e-05
0.00491 7e-05
0.004897 0.000101
0.004931 7.1e-05
0.004888 6.6e-05
0.004922 6.8e-05
0.004929 8.7e-05
0.005015 7.1e-05
0.004928 5.8e-05
0.004926 7.8e-05
0.004932 7.9e-05
0.004913 5.7e-05
0.0049 7.1e-05
0.004915 8.1e-05
0.004899 8.2e-05
0.00489 6.3e-05
0.004907 8e-05
0.00493 5.2e-05
0.004927 4.4e-05
0.004843 5.9e-05
0.004071 8.3e-05
0.00494 6.6e-05
0.004905 5.7e-05
0.004917 7.9e-05
0.004952 7.1e-05
0.005009 8.3e-05
0.004936 7.5e-05
0.004847 6.4e-05
0.004954 7.4e-05
0.004924 7.3e-05
0.004924 7.2e-05
0.004912 5.6e-05
0.004882 4.2e-05
0.004927 7.2e-05
0.004907 7.7e-05
0.004926 6.2e-05
0.004896 4.8e-05
0.004873 5.4e-05
0.004863 5.6e-05
0.004891 6.2e-05
0.004868 7.2e-05
0.00453 4.8e-05
0.004514 5.3e-05
0.004845 5.3e-05
0.004867 9.6e-05
0.004896 5.9e-05
0.004943 6e-05
0.004945 9.8e-05
0.004877 9.2e-05
0.004937 5.4e-05
0.004871 0.000102
0.004874 5.4e-05
0.004879 6.8e-05
0.004894 4.8e-05
0.004926 5.7e-05
0.004877 7.7e-05
0.004932 6e-05
0.004925 7.6e-05
0.004877 8.7e-05
0.004847 4.9e-05
0.004902 6.4e-05
0.004928 5.3e-05
0.00487 4.4e-05
0.004453 6e-05
0.004886 7.2e-05
0.004875 8.1e-05
0.004875 5.7e-05
0.004886 6e-05
0.004905 0.000103
0.004915 5.7e-05
0.004905 5.9e-05
0.004916 6.3e-05
0.004852 6.1e-05
0.004967 6.3e-05
0.004866 0.00011
0.0049 4.4e-05
0.004858 8.3e-05
0.004926 6e-05
0.004885 6.5e-05
0.004885 7.2e-05
0.004945 6.8e-05
0.00487 7.4e-05
0.004899 8.1e-05
0.004967 5.2e-05
0.004957 5.3e-05
0.004089 7.3e-05
0.004905 4.3e-05
0.004953 7.4e-05
0.004847 6.7e-05
0.004877 8.7e-05
0.005026 7e-05
0.004955 7.4e-05
0.005012 7.6e-05
0.004906 8e-05
0.004907 6e-05
0.004893 7.3e-05
0.004871 5.6e-05
0.004937 9.1e-05
0.004892 5.3e-05
0.004923 7.3e-05
0.004886 7.3e-05
0.004916 5e-05
0.004918 7.9e-05
0.004983 6.3e-05
0.00489 6.1e-05
0.004905 5.1e-05
0.004436 6.7e-05
0.004907 6.1e-05
0.004926 5.2e-05
0.005114 6.3e-05
0.004886 8.4e-05
0.00495 5.6e-05
0.004901 9.9e-05
0.004917 5.9e-05
0.004932 7.3e-05
0.004896 6.7e-05
0.004932 6e-05
0.004915 6.7e-05
0.004904 5.5e-05
0.004898 8.7e-05
0.004892 9.1e-05
0.004905 7.7e-05
0.004865 5.6e-05
0.004932 6.2e-05
0.004906 5.3e-05
0.004893 5.3e-05
0.004915 7e-05
0.004894 6.6e-05
0.00425 6.3e-05
0.004961 7.6e-05
0.004875 7.5e-05
0.004906 6.2e-05
0.004864 6e-05
0.004936 9.5e-05
0.004909 9.5e-05
0.004984 7.8e-05
0.004874 7e-05
0.004938 6.3e-05
0.004932 5.1e-05
0.004906 7.9e-05
0.005028 6e-05
0.004918 5.6e-05
0.004916 6.1e-05
0.004896 5.3e-05
0.004902 4.3e-05
0.004905 5.3e-05
0.004842 7.7e-05
0.004888 6.4e-05
0.004862 8.2e-05
0.004826 5e-05
0.004368 5.9e-05
0.004907 7.9e-05
0.00492 6.5e-05
0.004952 7.3e-05
0.00493 8.7e-05
0.004953 7.8e-05
0.004899 4.4e-05
0.004875 7.6e-05
0.004891 6.6e-05
0.004946 5.8e-05
0.00491 7.7e-05
0.004883 6.5e-05
0.004904 5.4e-05
0.004891 5.4e-05
0.004923 7.2e-05
0.004924 8.2e-05
0.004891 9e-05
0.004948 7.3e-05
0.004877 6.9e-05
0.004915 7.4e-05
0.004928 9e-05
0.004322 6.9e-05
0.004889 5e-05
0.00492 6.6e-05
0.005084 7.3e-05
0.004926 9.9e-05
0.004938 7.6e-05
0.004892 6.3e-05
0.004868 7.6e-05
0.004911 4.2e-05
0.004901 5e-05
0.004893 0.000113
0.00488 7.3e-05
0.004925 7.9e-05
0.004902 5.9e-05
0.004901 6e-05
0.004892 6.3e-05
0.004956 8.8e-05
0.004907 5.7e-05
0.004911 7.7e-05
0.004935 7e-05
0.004996 7.5e-05
0.004868 5.5e-05
0.004323 7.2e-05
0.004992 6.2e-05
0.00493 6.2e-05
0.004939 6.2e-05
0.004942 5.7e-05
0.005015 5.9e-05
0.004909 8.4e-05
0.004923 8.1e-05
0.00491 6.6e-05
0.004977 5.1e-05
0.004916 6.7e-05
0.004902 5.5e-05
0.004905 7.1e-05
0.004874 7.1e-05
0.004894 5.6e-05
0.004891 8.3e-05
0.00499 7.2e-05
0.004869 6.9e-05
0.004893 7e-05
0.004883 7e-05
0.004916 9.8e-05
0.004658 5.8e-05
0.004624 6.6e-05
0.004916 6.4e-05
0.004892 5.9e-05
0.004899 7.5e-05
0.004926 8.8e-05
0.004946 6.2e-05
0.00498 7e-05
0.004919 4.7e-05
0.004924 7.8e-05
0.004903 5.2e-05
0.004929 5.5e-05
0.004867 7.5e-05
0.004945 9.9e-05
0.004954 8.8e-05
0.0049 6.7e-05
0.004912 7.8e-05
0.004853 6e-05
0.00503 6.5e-05
0.004892 9e-05
0.004917 4.6e-05
0.004891 6e-05
0.004167 8.1e-05
0.00493 6.2e-05
0.004864 5.6e-05
0.00491 8.9e-05
0.004967 7.8e-05
0.004957 6.3e-05
0.005319 5.9e-05
0.004995 8.2e-05
0.004919 4.9e-05
0.004988 5e-05
0.004996 6.6e-05
0.004909 5.6e-05
0.004901 6.9e-05
0.004905 7.1e-05
0.004928 7.1e-05
0.004895 4.8e-05
0.00491 5.1e-05
0.004905 7.3e-05
0.004869 7.9e-05
0.004928 7.2e-05
0.00491 8.7e-05
0.00487 4.6e-05
0.004591 5.8e-05
0.004939 8.8e-05
0.004922 6e-05
0.004954 7.6e-05
0.004945 5.2e-05
0.004987 7.9e-05
0.004883 6.6e-05
0.004952 6.6e-05
0.004927 5.9e-05
0.004872 6e-05
0.004936 8.2e-05
0.004917 6e-05
0.004895 7e-05
0.004892 6e-05
0.004888 6.5e-05
0.004936 4.9e-05
0.004877 8.2e-05
0.004891 8.7e-05
0.005026 6.2e-05
0.004911 6.4e-05
0.004902 5.1e-05
0.004485 5.6e-05
0.004883 5.2e-05
0.004913 4.6e-05
0.004883 7.3e-05
0.004939 7.3e-05
0.004904 9e-05
0.004931 6e-05
0.004974 7.3e-05
0.004939 6.1e-05
0.004893 6.2e-05
0.005028 7.4e-05
0.004895 6.4e-05
0.004916 6.1e-05
0.004891 6.8e-05
0.004944 7.6e-05
0.004865 8.2e-05
0.004905 7.5e-05
0.004896 7.3e-05
0.005002 7.1e-05
0.004936 8e-05
0.005045 6.6e-05
0.004909 5.7e-05
0.004251 7.8e-05
0.004915 6.7e-05
0.0049 5.8e-05
0.004925 9.6e-05
0.004882 6.2e-05
0.004967 7e-05
0.004977 8.5e-05
0.004912 6.4e-05
0.004893 9.1e-05
0.004868 5.3e-05
0.004899 7.8e-05
0.004891 6.5e-05
0.004872 7.9e-05
0.004878 6.6e-05
0.004988 6.9e-05
0.004877 5.9e-05
0.004968 5.2e-05
0.004898 6.6e-05
0.004935 7.5e-05
0.004901 9.5e-05
0.00494 4.3e-05
0.004629 6.4e-05
0.004884 5.2e-05
0.004878 4.9e-05
0.004937 5.8e-05
0.004945 6.6e-05
0.004977 4.8e-05
0.004933 6.4e-05
0.005027 5.5e-05
0.00492 6.4e-05
0.005036 5.6e-05
0.004953 5.6e-05
0.004891 8.4e-05
0.004982 6.9e-05
0.004898 6.9e-05
0.004959 7.6e-05
0.004883 7e-05
0.004891 5e-05
0.00492 9.3e-05
0.004918 4.9e-05
0.004932 6.3e-05
0.004906 5.4e-05
0.004896 3.9e-05
0.004452 6.8e-05
0.004888 5.6e-05
0.004889 6.3e-05
0.004942 6e-05
0.00492 8.5e-05
0.004971 7.9e-05
0.004881 8.5e-05
0.004935 6.5e-05
0.004864 7.8e-05
0.004925 8.3e-05
0.004893 7.8e-05
0.00495 8.7e-05
0.004929 7.8e-05
0.004929 5e-05
0.004891 5.3e-05
0.00491 7.6e-05
0.004931 5e-05
0.004934 6.9e-05
0.004894 4.1e-05
0.004915 5.4e-05
0.004899 7.7e-05
0.004202 6.4e-05
0.004907 8.5e-05
0.004902 7.3e-05
0.004962 7e-05
0.004964 7.1e-05
0.004927 6.2e-05
0.00495 9.2e-05
0.004916 6.1e-05
0.004919 8.2e-05
0.004852 4.5e-05
0.004937 6.6e-05
0.004869 8.5e-05
0.004944 9.8e-05
0.004882 4.8e-05
0.004942 5.1e-05
0.005014 6.7e-05
0.004957 8e-05
0.004874 9.5e-05
0.005017 7.3e-05
0.004875 7.6e-05
0.004939 6.4e-05
0.004866 7.7e-05
0.004294 6.7e-05
0.004933 4.9e-05
0.004899 8.1e-05
0.004892 6.9e-05
0.004917 4.9e-05
0.005046 4.4e-05
0.004912 7.3e-05
0.00494 8.3e-05
0.004922 6.5e-05
0.004873 5.9e-05
0.004952 9.2e-05
0.004925 5.8e-05
0.004977 6e-05
0.004868 7e-05
0.004895 7.1e-05
0.004886 5.3e-05
0.004949 7.4e-05
0.004899 6.6e-05
0.004857 8.2e-05
0.004913 6.6e-05
0.004888 5.5e-05
0.004189 6.2e-05
0.004922 7.3e-05
0.004947 7.6e-05
0.004954 6.7e-05
0.004899 5.7e-05
0.004891 8.3e-05
0.00508 0.000104
0.004966 7.4e-05
0.004968 7e-05
0.004919 6.7e-05
0.005011 5.2e-05
0.00486 8.9e-05
0.004933 9e-05
0.004939 6.5e-05
0.004862 9.4e-05
0.005589 8.4e-05
0.007429 8.2e-05
0.007481 8.3e-05
0.00738 0.000106
0.007314 8.6e-05
0.007368 0.000109
0.007464 6.9e-05
0.007358 0.000104
0.005401 8.1e-05
0.005299 8.3e-05
0.004927 7.4e-05
0.004921 7.1e-05
0.00495 7.4e-05
0.004918 5.7e-05
0.004957 7.3e-05
0.004983 6e-05
0.004981 8.4e-05
0.004932 8.1e-05
0.004881 7.1e-05
0.004914 7.6e-05
0.004916 8.5e-05
0.004891 6.7e-05
0.004911 6.6e-05
0.004869 7.8e-05
0.004717 5.7e-05
0.004949 5e-05
0.005002 7.1e-05
0.004855 8.4e-05
0.004944 6.2e-05
0.004904 5.1e-05
0.004911 6.7e-05
0.004882 8.9e-05
0.004947 7.5e-05
0.004868 7.5e-05
0.004931 8.5e-05
0.004886 6e-05
0.004925 4.7e-05
0.004895 6.4e-05
0.004963 4.2e-05
0.004908 9.3e-05
0.004932 7.9e-05
0.004894 6.1e-05
0.004946 6.7e-05
0.004915 5.3e-05
0.004911 6e-05
0.004894 8.2e-05
0.004157 8e-05
0.004904 8.5e-05
0.004951 6.2e-05
0.004904 6.7e-05
0.004959 8.7e-05
0.00493 6.7e-05
0.00493 5.9e-05
0.004926 5.7e-05
0.004953 9.5e-05
0.004905 5.3e-05
0.004934 7.4e-05
0.00491 6.2e-05
0.004912 7.1e-05
0.004916 5.8e-05
0.004878 5.2e-05
0.004954 5.1e-05
0.004899 6.4e-05
0.0049 6.1e-05
0.004892 5.8e-05
0.004884 6.9e-05
0.004891 6.3e-05
0.004762 6.5e-05
0.004673 6.8e-05
0.004911 6.8e-05
0.004944 5.2e-05
0.004913 7.2e-05
0.004911 8.5e-05
0.004899 7.7e-05
0.004896 6.8e-05
0.004919 5.9e-05
0.004932 5.5e-05
0.004894 5.9e-05
0.004898 5e-05
0.004987 8.1e-05
0.004905 5.8e-05
0.0049 7.1e-05
0.004891 4.2e-05
0.004933 8.2e-05
0.004904 6.9e-05
0.004893 7.9e-05
0.00489 7.1e-05
0.00501 8.3e-05
0.004933 5.6e-05
0.004545 5.8e-05
0.004949 5.6e-05
0.004924 6.3e-05
0.004914 8e-05
0.004894 8.1e-05
0.004903 7.4e-05
0.00492 8.1e-05
0.004954 4.4e-05
0.004976 4.7e-05
0.004919 5.3e-05
0.004926 8.1e-05
0.004931 8.1e-05
0.004888 7.1e-05
0.004935 6e-05
0.005008 9.1e-05
0.004969 6.1e-05
0.004923 5.5e-05
0.004961 7.9e-05
0.004924 6.4e-05
0.004893 5.4e-05
0.004959 7.4e-05
0.004878 4.3e-05
0.004371 6.2e-05
0.004956 6.8e-05
0.004902 7.4e-05
0.004936 5.3e-05
0.004893 7.2e-05
0.004947 6.8e-05
0.004965 7.6e-05
0.004944 8.2e-05
0.004902 8.7e-05
0.004917 7.6e-05
0.004832 7.2e-05
0.004979 5.7e-05
0.004907 6.1e-05
0.004942 7.8e-05
0.004913 6.6e-05
0.004919 7.4e-05
0.004976 6.5e-05
0.004987 6.4e-05
0.005023 5.8e-05
0.00486 7.7e-05
0.004941 4.6e-05
0.004397 6.7e-05
0.004939 6.4e-05
0.004938 7.6e-05
0.00488 5.8e-05
0.005032 6.3e-05
0.004908 5.6e-05
0.004971 6.3e-05
0.004919 9e-05
0.004907 9.5e-05
0.004917 6.1e-05
0.004921 8.1e-05
0.004865 6.6e-05
0.004921 7.1e-05
0.004899 8.8e-05
0.0049 4.9e-05
0.004889 6.9e-05
0.004904 5.5e-05
0.004948 5.7e-05
0.00492 8.3e-05
0.00491 7.4e-05
0.004926 8.4e-05
0.00485 7.8e-05
0.004212 6.6e-05
0.00487 8.2e-05
0.004948 5.8e-05
0.00493 6.1e-05
0.004947 7.9e-05
0.004953 7.5e-05
0.004925 7.6e-05
0.004887 8.1e-05
0.004908 6.1e-05
0.004877 6.2e-05
0.004959 7e-05
0.004867 7.7e-05
0.004911 6.9e-05
0.004896 5.8e-05
0.004924 5e-05
0.004895 6.5e-05
0.004882 6.9e-05
0.004873 8.6e-05
0.004867 4.5e-05
0.004921 7.9e-05
0.004984 7.3e-05
0.004493 5.8e-05
0.004776 5.9e-05
0.004881 8e-05
0.004902 9.3e-05
0.004885 5e-05
0.004932 5.9e-05
0.005193 6.7e-05
0.004883 7.9e-05
0.004891 9.2e-05
0.005015 5.8e-05
0.004869 7e-05
0.004912 7.8e-05
0.004886 6.7e-05
0.004906 6.8e-05
0.004873 7.5e-05
0.004917 6.3e-05
0.004894 5e-05
0.004909 7.8e-05
0.004902 5.1e-05
0.00497 6.7e-05
0.004913 0.000102
0.004893 7.2e-05
0.004287 6.6e-05
0.004879 6.9e-05
0.004904 8.6e-05
0.004962 5.4e-05
0.004927 0.0001
0.004896 9.3e-05
0.004999 6.3e-05
0.004958 6.1e-05
0.00491 6.3e-05
0.004931 8.2e-05
0.004865 6.4e-05
0.0049 5.5e-05
0.004904 5.8e-05
0.004897 0.000101
0.004878 6.5e-05
0.004912 5.5e-05
0.004914 9e-05
0.004915 5.9e-05
0.004909 9e-05
0.004925 6.7e-05
0.004918 7.6e-05
0.004833 8.8e-05
0.004849 4.2e-05
0.004902 6.1e-05
0.0049 4.8e-05
0.004952 7.1e-05
0.004928 0.000105
0.004943 7.2e-05
0.004926 7.3e-05
0.004877 8.4e-05
0.004897 6e-05
0.004886 7e-05
0.004911 4.7e-05
0.004948 5.8e-05
0.004895 8e-05
0.004915 5e-05
0.004918 4.3e-05
0.004912 7.6e-05
0.0049 6.2e-05
0.004907 5.2e-05
0.004909 7.9e-05
0.004951 8.7e-05
0.004878 5.4e-05
0.004117 7.7e-05
0.004922 8.7e-05
0.004908 0.000101
0.004889 6.7e-05
0.00495 8.6e-05
0.004888 7.8e-05
0.004933 7.9e-05
0.004894 5.5e-05
0.004927 7.1e-05
0.004888 7.3e-05
0.004922 5.5e-05
0.004926 7.2e-05
0.0049 6.3e-05
0.004883 5.4e-05
0.004907 5.7e-05
0.004898 8.5e-05
0.00492 7.1e-05
0.004897 8.8e-05
0.004908 5.6e-05
0.004911 5.2e-05
0.004898 7.6e-05
0.004416 6.2e-05
0.004791 9.8e-05
0.004842 6.4e-05
0.004971 4.4e-05
0.004883 7.7e-05
0.005001 6.7e-05
0.005237 5.7e-05
0.005039 5.2e-05
0.004941 4.8e-05
0.004966 6.8e-05
0.004941 7e-05
0.004935 7.2e-05
0.004864 0.000101
0.004877 6.6e-05
0.004889 5.3e-05
0.004943 5.3e-05
0.00488 6.7e-05
0.004923 4.5e-05
0.004892 8e-05
0.005064 6.1e-05
0.004913 7.8e-05
0.004763 7.7e-05
0.004579 6.6e-05
0.004919 8.5e-05
0.004976 5.8e-05
0.00496 7.8e-05
0.004983 5.6e-05
0.004951 5.6e-05
0.004968 8.6e-05
0.004911 6.7e-05
0.004861 7e-05
0.005001 7.1e-05
0.004892 5.7e-05
0.004937 7.3e-05
0.00493 7.4e-05
0.004973 6.2e-05
0.004907 8.6e-05
0.004957 7.1e-05
0.004911 6.2e-05
0.004898 8.3e-05
0.00492 7e-05
0.004912 6.5e-05
0.004915 6.1e-05
0.004434 8.8e-05
0.004899 5.1e-05
0.004961 8e-05
0.00519 7.2e-05
0.00494 6.3e-05
0.004966 6.4e-05
0.004939 5.7e-05
0.004911 6.2e-05
0.004968 7.7e-05
0.00491 7e-05
0.004899 4.5e-05
0.004976 6.5e-05
0.004896 7.5e-05
0.004916 6.5e-05
0.004953 7.1e-05
0.004912 9.3e-05
0.004938 7e-05
0.004933 7e-05
0.004932 7.1e-05
0.004884 4.8e-05
0.004971 8.6e-05
0.004802 5.2e-05
0.004416 5.9e-05
0.004882 5.9e-05
0.004911 8e-05
0.00495 5.8e-05
0.004926 9.5e-05
0.005052 6.1e-05
0.004898 5.6e-05
0.004892 8.6e-05
0.004898 5.9e-05
0.004939 6.6e-05
0.004893 6.2e-05
0.004877 8e-05
0.004907 8.7e-05
0.004942 5.8e-05
0.004884 8.3e-05
0.004911 7.4e-05
0.004909 5.9e-05
0.004917 8.5e-05
0.005018 8.4e-05
0.004927 7.7e-05
0.004926 4.7e-05
0.004261 8.6e-05
0.004947 6.1e-05
0.004922 8.4e-05
0.004947 6.9e-05
0.004963 9.3e-05
0.00495 5.6e-05
0.00496 5.5e-05
0.004881 6.9e-05
0.004877 8.6e-05
0.004877 5.1e-05
0.004913 8.1e-05
0.004896 4.9e-05
0.004906 6.8e-05
0.004922 5.8e-05
0.004954 7.3e-05
0.004946 6.4e-05
0.004949 6.6e-05
0.00492 7.9e-05
0.004932 7.5e-05
0.004956 9.7e-05
0.005007 8.2e-05
0.00497 4.4e-05
0.004286 6.7e-05
0.004894 7.7e-05
0.004883 6.1e-05
0.004936 7.4e-05
0.004901 6.5e-05
0.004943 7.1e-05
0.004985 4.9e-05
0.004954 8.4e-05
0.004892 5.1e-05
0.004917 4.9e-05
0.00488 5.7e-05
0.004914 7.4e-05
0.004914 5.9e-05
0.004912 0.000101
0.004903 6.6e-05
0.007533 0.000106
0.007729 0.000142
0.007426 9e-05
0.007481 0.000132
0.006573 0.000112
0.007715 0.000126
0.007567 9.9e-05
0.007512 9e-05
0.007496 0.000124
0.007435 8.7e-05
0.007805 0.000105
0.007453 0.000112
0.007609 9e-05
0.007424 8.4e-05
0.007496 0.000127
0.007638 0.000131
0.007477 8.5e-05
0.007529 0.000121
0.007355 0.000109
0.007511 8.3e-05
0.005454 8.5e-05
0.005479 7.3e-05
0.00495 0.000113
0.005085 8.5e-05
0.004995 8.2e-05
0.004971 8.1e-05
0.004963 6.4e-05
0.004933 7.3e-05
0.004951 6.5e-05
0.0049 8.3e-05
0.004947 7e-05
0.004887 7.8e-05
0.005004 5.4e-05
0.004887 5.4e-05
0.004894 6.9e-05
0.004863 8.6e-05
0.004886 8.6e-05
0.004927 5.7e-05
0.004852 5.4e-05
0.004149 6.3e-05
0.004922 7e-05
0.004907 5e-05
0.004914 5.7e-05
0.004858 5.8e-05
0.004917 7e-05
0.004898 6.1e-05
0.004912 4.6e-05
0.004853 9.2e-05
0.004873 7.5e-05
0.004914 5e-05
0.00493 6.7e-05
0.00487 8.3e-05
0.004907 5.1e-05
