0.040504 1.9e-05
0.033511 2.8e-05
0.041871 1.8e-05
0.039299 2.6e-05
0.040991 2.4e-05
0.041476 2.1e-05
0.041071 2.5e-05
0.040443 2.8e-05
0.041591 2.6e-05
0.042006 2.6e-05
0.040994 2.8e-05
0.038995 1.9e-05
0.040868 2.1e-05
0.040877 1.9e-05
0.042675 2.3e-05
0.040614 2.6e-05
0.040751 3.5e-05
0.040791 2.2e-05
0.040782 2.4e-05
0.041403 2e-05
0.040653 2.5e-05
0.040934 2.5e-05
0.041094 2.5e-05
0.044452 2e-05
0.038907 2.1e-05
0.04154 2.4e-05
0.040683 2e-05
0.041377 2.3e-05
0.040911 2.6e-05
0.040349 1.9e-05
0.040979 3e-05
0.041403 2e-05
0.038746 2.1e-05
0.041601 2.4e-05
0.040753 2.3e-05
0.040611 2.6e-05
0.040789 2e-05
0.041704 2.3e-05
0.041224 3.4e-05
0.040837 3.2e-05
0.041661 1.7e-05
0.042214 2.1e-05
0.041279 2.9e-05
0.040856 2.7e-05
0.042662 2.7e-05
0.041534 2.5e-05
0.041168 2.5e-05
0.040794 2e-05
0.042195 2e-05
0.041617 2e-05
0.042021 2.1e-05
0.041204 2e-05
0.040407 2.1e-05
0.039365 2.1e-05
0.040645 3.2e-05
0.040719 2.1e-05
0.041619 2.1e-05
0.041383 2.4e-05
0.041672 1.9e-05
0.044064 2.4e-05
0.040395 2.1e-05
0.042335 2.6e-05
0.042018 1.9e-05
0.040496 2.8e-05
0.042611 2.1e-05
0.042119 2.5e-05
0.039178 1.9e-05
0.041792 2e-05
0.041868 2.8e-05
0.041783 2.6e-05
0.040614 2.6e-05
0.040704 2.6e-05
0.042482 1.9e-05
0.041494 2e-05
0.038811 2.2e-05
0.041385 2.4e-05
0.042071 2.5e-05
0.042054 2.6e-05
0.040746 1.8e-05
0.041478 5.5e-05
0.042008 2.7e-05
0.041413 1.9e-05
0.040246 1.8e-05
0.040743 2.2e-05
0.040279 2.6e-05
0.041234 2.5e-05
0.040671 3.1e-05
0.039924 3e-05
0.040763 2.2e-05
0.041758 2.2e-05
0.042546 1.9e-05
0.043001 2.7e-05
0.042026 2.1e-05
0.041045 2.1e-05
0.042027 3.4e-05
0.041395 2.1e-05
0.041275 2.2e-05
0.040562 2.1e-05
0.043757 1.9e-05
0.043455 3.2e-05
0.039594 3.2e-05
0.041644 2.2e-05
0.041679 2.6e-05
0.042892 2.3e-05
0.042859 3e-05
0.040702 2.6e-05
0.040843 2.3e-05
0.041009 2.8e-05
0.039377 2.1e-05
0.042157 2.1e-05
0.041736 2.4e-05
0.040786 2.6e-05
0.040656 2.4e-05
0.041772 2.5e-05
0.042101 2.8e-05
0.040797 2.4e-05
0.039901 2.7e-05
0.040479 2.2e-05
0.04171 2.3e-05
0.042306 2e-05
0.043218 2.4e-05
0.038696 3.3e-05
0.04148 2.3e-05
0.04235 2.1e-05
0.042027 1.9e-05
0.041354 2.2e-05
0.042896 2.2e-05
0.044415 3e-05
0.042275 2.5e-05
0.043642 1.9e-05
0.041698 1.7e-05
0.042138 2.2e-05
0.04199 2.5e-05
0.042142 2.3e-05
0.042409 2.2e-05
0.041985 2.1e-05
0.042722 2.6e-05
0.041077 2.3e-05
0.041915 2.5e-05
0.040587 2.6e-05
0.041062 1.9e-05
0.040672 2.2e-05
0.040607 2.1e-05
0.041202 2.2e-05
0.041198 2.4e-05
0.04222 2.6e-05
0.041083 2.4e-05
0.040022 2.4e-05
0.040686 1.7e-05
0.040602 1.9e-05
0.040636 2e-05
0.040553 2.4e-05
0.041824 2.6e-05
0.040935 2.2e-05
0.041516 2.1e-05
0.039019 2.7e-05
0.040835 3.5e-05
0.040687 2.4e-05
0.041048 1.9e-05
0.04074 2.1e-05
0.040618 2.5e-05
0.041825 1.7e-05
0.041968 1.7e-05
0.039171 2.3e-05
0.040871 2.3e-05
0.040658 2.4e-05
0.041475 3.5e-05
0.040792 2.6e-05
0.04096 2.9e-05
0.040975 2.4e-05
0.040637 2.3e-05
0.04077 2.2e-05
0.040821 2.5e-05
0.0424 2.1e-05
0.042615 2.8e-05
0.040907 2.6e-05
0.040958 3.2e-05
0.042873 2.3e-05
0.041844 2.1e-05
0.038885 2.3e-05
0.04085 2e-05
0.041733 3.1e-05
0.042141 2.1e-05
0.041277 2.1e-05
0.041463 2.3e-05
0.042562 3.5e-05
0.040723 2.7e-05
0.040775 2.5e-05
0.040918 2.5e-05
0.042232 2.1e-05
0.043645 3.1e-05
0.041776 1.8e-05
0.038925 1.8e-05
0.040836 3.4e-05
0.041477 2.5e-05
0.041767 2.5e-05
0.04185 2.3e-05
0.040569 2.4e-05
0.040769 2e-05
0.041348 1.8e-05
0.03925 1.8e-05
0.041088 2.9e-05
0.04178 2.3e-05
0.04198 1.5e-05
0.04171 2.1e-05
0.042531 2.3e-05
0.04232 2.3e-05
0.041992 2.4e-05
0.043029 2.2e-05
0.042444 1.6e-05
0.042565 2.7e-05
0.044333 2.2e-05
0.042589 2.6e-05
0.046846 2.9e-05
0.042721 2.3e-05
0.041709 2.2e-05
0.042111 2.2e-05
0.040728 2.6e-05
0.040953 2.7e-05
0.043655 2.5e-05
0.042389 2.5e-05
0.040931 2e-05
0.041321 2.2e-05
0.040363 2.5e-05
0.041486 2.3e-05
0.041118 3e-05
0.039792 2.4e-05
0.041651 2.2e-05
0.04122 2.4e-05
0.04926 2.4e-05
0.041589 2.7e-05
0.039468 2.2e-05
0.040688 2.3e-05
0.041077 2.2e-05
0.04126 2.2e-05
0.041916 2.8e-05
0.04076 2.3e-05
0.042533 2.1e-05
0.041842 2.1e-05
0.041151 1.9e-05
0.040981 3.3e-05
0.044325 3e-05
0.04259 2.6e-05
0.043479 3.1e-05
0.042805 2.3e-05
0.040936 2.3e-05
0.041287 2e-05
0.041932 2.8e-05
0.052266 1.9e-05
0.040724 2.4e-05
0.040606 2.4e-05
0.040405 2.2e-05
0.042133 1.8e-05
0.041465 3e-05
0.039175 2.1e-05
0.040789 1.9e-05
0.040968 2.3e-05
0.041127 2.4e-05
0.040709 2.7e-05
0.04108 2.2e-05
0.04182 3.5e-05
0.040577 2.2e-05
0.040264 1.9e-05
0.040715 3e-05
0.041816 3.7e-05
0.040636 2.5e-05
0.040794 2.7e-05
0.039538 2.5e-05
0.041561 3.1e-05
0.040362 2.2e-05
0.04085 2.5e-05
0.041326 2.3e-05
0.040824 2.9e-05
0.040732 2.6e-05
0.041555 2.8e-05
0.040554 2e-05
0.040712 2.1e-05
0.040194 2.2e-05
0.042307 1.8e-05
0.043059 2.6e-05
0.04134 2.7e-05
0.040601 2.4e-05
0.042088 2.1e-05
0.040845 2.7e-05
0.068279 2.6e-05
0.041288 1.9e-05
0.043311 2.2e-05
0.038174 2.9e-05
0.040807 2.9e-05
0.041901 2e-05
0.04189 1.7e-05
0.040848 2.3e-05
0.041866 2.2e-05
0.043294 3e-05
0.041616 2.8e-05
0.041187 2.6e-05
0.042003 2.4e-05
0.040937 2.3e-05
0.04186 1.8e-05
0.04269 2e-05
0.03968 2.3e-05
0.040948 2.4e-05
0.040884 2.9e-05
0.045802 2e-05
0.041793 2.6e-05
0.041821 2.4e-05
0.041757 2.2e-05
0.040811 1.8e-05
0.041004 2.8e-05
0.043177 2.5e-05
0.041895 2.6e-05
0.040978 3.3e-05
0.042089 2.6e-05
0.039219 2e-05
0.042875 2.5e-05
0.043224 2.1e-05
0.042092 1.9e-05
0.041839 2e-05
0.040838 8.4e-05
0.041898 2.5e-05
0.041654 2.1e-05
0.041671 2.4e-05
0.042691 1.6e-05
0.040437 2.7e-05
0.041566 2.1e-05
0.040833 2.4e-05
0.039243 3e-05
0.040994 2.3e-05
0.040821 1.8e-05
0.042009 2.3e-05
0.040881 2.6e-05
0.041874 3e-05
0.042628 1.9e-05
0.042018 2.5e-05
0.040497 2.9e-05
0.041844 2.3e-05
0.041112 2.9e-05
0.043182 2.5e-05
0.041117 1.9e-05
0.039651 5.2e-05
0.041007 2e-05
0.041109 2.3e-05
0.040064 2.3e-05
0.040754 2.6e-05
0.040656 2.7e-05
0.041073 2.3e-05
0.040537 2.5e-05
0.038746 1.9e-05
0.040681 2.1e-05
0.040683 1.9e-05
0.040756 2.7e-05
0.041168 3.5e-05
0.040726 2.8e-05
0.042342 2.2e-05
0.040382 2.6e-05
0.039864 7.1e-05
0.041508 2.1e-05
0.04149 1.6e-05
0.040928 2.7e-05
0.041546 1.9e-05
0.040958 2.9e-05
0.041288 2.3e-05
0.040744 2.4e-05
0.039838 2.8e-05
0.040852 2.6e-05
0.042 1.9e-05
0.042406 1.9e-05
0.0431 2.2e-05
0.045711 2.3e-05
0.04145 1.9e-05
0.040793 2.3e-05
0.040062 2.7e-05
0.042083 2.6e-05
0.042153 2.4e-05
0.040811 2.2e-05
0.040521 3.1e-05
0.040786 2.7e-05
0.040944 2.1e-05
0.040745 2.3e-05
0.039254 2.3e-05
0.041835 2e-05
0.041561 2.1e-05
0.041982 1.8e-05
0.040761 2.1e-05
0.040224 2.6e-05
0.042432 2.7e-05
0.041612 2e-05
0.039319 2.2e-05
0.040724 2.1e-05
0.040616 2.1e-05
0.041018 3e-05
0.040522 2.4e-05
0.040064 2.1e-05
0.040914 2.4e-05
0.040604 1.8e-05
0.039237 2.1e-05
0.040652 2.3e-05
0.041694 2.4e-05
0.040647 1.7e-05
0.040596 2.1e-05
0.040475 2.3e-05
0.04141 2.4e-05
0.040715 2.1e-05
0.040573 1.9e-05
0.041277 2.2e-05
0.045042 1.9e-05
0.043178 1.8e-05
0.041941 1.8e-05
0.042713 2.3e-05
0.041959 2.9e-05
0.041334 2.6e-05
0.043259 3.3e-05
0.041752 2.3e-05
0.041992 2e-05
0.042399 1.8e-05
0.04213 2e-05
0.040924 2.3e-05
0.040861 1.9e-05
0.042083 2.6e-05
0.041912 2.3e-05
0.040519 2.3e-05
0.041882 2.3e-05
0.040793 2.3e-05
0.040873 2.5e-05
0.042213 2.9e-05
0.040708 1.9e-05
0.03854 2.5e-05
0.041003 2.6e-05
0.04145 2.2e-05
0.041287 1.9e-05
0.040692 2.3e-05
0.041099 4.2e-05
0.043441 1.8e-05
0.043082 2.2e-05
0.042389 2.7e-05
0.041912 2.6e-05
0.041584 2.4e-05
0.042774 2.1e-05
0.04339 3.2e-05
0.038693 3.2e-05
0.042749 2.7e-05
0.04144 1.6e-05
0.042233 2.3e-05
0.042024 2.5e-05
0.042017 2.7e-05
0.042336 2.3e-05
0.042877 2.5e-05
0.039237 2e-05
0.041154 2.4e-05
0.04147 2.6e-05
0.04237 2.3e-05
0.040968 1.7e-05
0.039517 6.8e-05
0.040708 2e-05
0.040716 2.7e-05
0.040759 2.6e-05
0.041658 2.2e-05
0.040759 1.9e-05
0.040924 1.9e-05
0.040576 2.5e-05
0.038896 2.8e-05
0.04072 2.4e-05
0.042411 2.8e-05
0.041893 2.2e-05
0.040961 2.6e-05
0.04076 2.2e-05
0.041884 2.3e-05
0.040885 2.3e-05
0.041985 1.8e-05
0.041178 2.1e-05
0.041805 2.2e-05
0.040726 1.7e-05
0.040985 2.7e-05
0.040938 1.7e-05
0.041004 2.1e-05
0.041007 2.2e-05
0.040033 2.4e-05
0.040921 2.2e-05
0.040745 1.9e-05
0.040506 2.2e-05
0.041263 2.1e-05
0.040544 2.3e-05
0.040796 1.7e-05
0.040641 2.4e-05
0.039068 1.9e-05
0.041016 1.8e-05
0.040786 1.8e-05
0.04109 1.9e-05
0.040514 1.8e-05
0.040669 2.7e-05
0.040775 1.8e-05
0.040521 2.4e-05
0.038899 1.7e-05
0.040839 2.4e-05
0.040809 2e-05
0.041162 2.3e-05
0.041775 2.8e-05
0.040533 2.1e-05
0.042291 2.8e-05
0.040568 2.1e-05
0.039844 2.3e-05
0.046838 2.6e-05
0.040484 1.8e-05
0.040896 2.1e-05
0.040549 2.3e-05
0.039195 2.4e-05
0.040604 1.8e-05
0.040816 2e-05
0.041133 2.1e-05
0.040738 2.9e-05
0.040995 2.6e-05
0.0407 2.7e-05
0.04072 1.9e-05
0.039671 2.1e-05
0.040629 1.9e-05
0.041707 2.5e-05
0.040223 2.5e-05
0.0417 2.3e-05
0.041965 1.8e-05
0.041582 2.2e-05
0.041025 1.5e-05
0.039178 6.6e-05
0.040576 2.1e-05
0.0406 1.6e-05
0.040486 3.3e-05
0.041802 2.4e-05
0.040877 2e-05
0.042335 2.3e-05
0.040741 1.9e-05
0.039055 2.6e-05
0.042228 2.4e-05
0.041248 2.4e-05
0.033536 2e-05
0.041672 2.1e-05
0.040352 2.6e-05
0.042321 1.8e-05
0.041185 2.1e-05
0.039595 2.3e-05
0.040386 2.2e-05
0.040625 3.1e-05
0.042008 2.3e-05
0.040646 2e-05
0.039795 3.3e-05
0.040767 2.2e-05
0.040593 3.2e-05
0.039789 2.3e-05
0.040331 2.5e-05
0.04028 2.2e-05
0.040702 1.8e-05
0.040479 1.8e-05
0.038816 1.8e-05
0.040673 2.4e-05
0.040598 1.9e-05
0.040144 2.5e-05
0.040601 2.4e-05
0.041529 2.6e-05
0.041062 2.7e-05
0.040873 2.3e-05
0.039263 2.2e-05
0.040871 2.3e-05
0.041497 2.8e-05
0.040268 2.2e-05
0.040769 2.4e-05
0.041757 2.6e-05
0.04129 2.5e-05
0.040612 2e-05
0.038747 3.5e-05
0.042116 2.9e-05
0.040532 2e-05
0.041245 2.3e-05
0.040551 3e-05
0.040571 2.6e-05
0.041867 2.8e-05
0.041973 2e-05
0.040287 1.8e-05
0.041677 2.3e-05
0.041206 3e-05
0.04175 2.5e-05
0.040584 2.2e-05
0.040795 2.6e-05
0.04097 3.1e-05
0.040696 2.8e-05
0.039563 3.5e-05
0.041648 2.2e-05
0.041524 2.6e-05
0.041928 2.1e-05
0.040716 2.3e-05
0.040717 2.5e-05
0.041994 1.8e-05
0.042078 2.9e-05
0.039244 2.1e-05
0.040809 2e-05
0.040542 2.5e-05
0.04196 2.9e-05
0.040804 2e-05
0.040716 2.1e-05
0.041262 2.1e-05
0.041268 1.9e-05
0.040395 2.1e-05
0.045695 2.6e-05
0.041114 2.4e-05
0.040903 2.7e-05
0.040604 2.3e-05
0.039654 1.9e-05
0.040561 3.6e-05
0.040426 2.2e-05
0.041936 2.5e-05
0.040767 2e-05
0.040623 3e-05
0.040915 2.9e-05
0.041822 2.1e-05
0.039097 2.3e-05
0.041686 2.1e-05
0.041366 2.6e-05
0.041621 2.3e-05
0.040608 2.2e-05
0.040903 2.1e-05
0.041018 2.1e-05
0.040723 2.1e-05
0.039984 2.2e-05
0.041398 2.6e-05
0.041391 2.5e-05
0.040621 1.9e-05
0.040296 2.3e-05
0.041692 2.8e-05
0.041861 2.6e-05
0.040407 2e-05
0.040119 2.4e-05
0.040421 2e-05
0.040773 1.9e-05
0.04054 2.9e-05
0.040586 1.8e-05
0.04046 2.3e-05
0.041006 1.9e-05
0.040826 2e-05
0.038233 2.2e-05
0.040632 2.7e-05
0.041417 2.7e-05
0.041049 2.1e-05
0.040395 1.8e-05
0.0406 2.8e-05
0.040723 2.1e-05
0.041172 2.6e-05
0.039206 2.3e-05
0.040461 1.6e-05
0.040572 2.6e-05
0.040589 2.3e-05
0.041213 2.7e-05
0.040677 1.9e-05
0.040978 2.2e-05
0.041418 1.9e-05
0.039611 2.3e-05
0.04084 2e-05
0.040771 2.4e-05
0.040529 2.3e-05
0.040611 2.2e-05
0.04077 2.3e-05
0.040935 2e-05
0.040771 2.1e-05
0.039489 3.1e-05
0.041749 3e-05
0.040567 2.6e-05
0.041544 2e-05
0.040539 1.6e-05
0.040741 2.8e-05
0.04094 2.6e-05
0.041576 1.7e-05
0.039208 2.3e-05
0.040687 2.2e-05
0.041669 1.9e-05
0.041566 2e-05
0.040508 2.2e-05
0.041158 2.1e-05
0.041817 3.4e-05
0.040616 2.4e-05
0.040137 2.3e-05
0.040717 2.4e-05
0.04071 2.1e-05
0.040759 2.6e-05
0.040872 1.9e-05
0.040482 3.1e-05
0.041958 1.9e-05
0.041647 2.1e-05
0.039468 2.5e-05
0.041479 2.3e-05
0.04158 2.4e-05
0.040731 1.8e-05
0.042033 1.7e-05
0.040333 2.1e-05
0.041169 2.7e-05
0.041525 2.3e-05
0.038637 2.3e-05
0.041557 2.3e-05
0.040765 2.2e-05
0.040874 2e-05
0.040737 1.9e-05
0.040535 2e-05
0.041158 3.5e-05
0.041642 3.3e-05
0.03887 1.8e-05
0.0406 2.7e-05
0.040812 2.1e-05
0.04054 2e-05
0.04044 1.7e-05
0.040851 2.3e-05
0.041198 2.1e-05
0.040594 2.5e-05
0.039262 3.6e-05
0.040783 2.2e-05
0.041751 1.6e-05
0.041578 2.3e-05
0.041704 2.3e-05
0.040311 2.6e-05
0.040788 1.9e-05
0.040935 3.3e-05
0.040368 2.6e-05
0.040562 2.1e-05
0.040621 2.2e-05
0.041066 1.8e-05
0.042224 3.1e-05
0.040222 2.3e-05
0.042125 2.2e-05
0.041766 2.8e-05
0.041138 2e-05
0.040916 1.9e-05
0.040763 1.7e-05
0.041369 2.3e-05
0.040765 2e-05
0.038899 2.4e-05
0.040496 1.9e-05
0.040474 3.2e-05
0.04031 2.8e-05
0.041658 3.5e-05
0.040846 3.8e-05
0.04188 2.6e-05
0.041644 1.9e-05
0.040196 2e-05
0.041943 2.5e-05
0.040848 2e-05
0.040562 2.3e-05
0.040906 2e-05
0.04063 2.4e-05
0.040692 2.7e-05
0.040393 3.9e-05
0.039746 3.3e-05
0.040761 2.3e-05
0.040518 1.8e-05
0.03998 1.7e-05
0.040574 2.1e-05
0.041491 2.5e-05
0.041929 1.8e-05
0.041575 2.1e-05
0.040617 1.9e-05
0.040884 1.7e-05
0.04075 1.7e-05
0.040329 2.4e-05
0.040511 3.1e-05
0.047111 1.6e-05
0.041126 2.5e-05
0.041809 2.5e-05
0.03858 3e-05
0.040909 2e-05
0.040643 1.9e-05
0.041045 2.1e-05
0.040881 2e-05
0.040375 2.1e-05
0.04106 2.2e-05
0.040976 2e-05
0.039023 2.9e-05
0.040555 2.3e-05
0.040599 1.8e-05
0.041988 2.2e-05
0.042233 2.2e-05
0.04243 1.9e-05
0.041229 2.3e-05
0.041696 2e-05
0.04099 2.5e-05
0.04205 2.6e-05
0.040557 2.3e-05
0.04235 2.1e-05
0.042064 2e-05
0.039876 4.2e-05
0.041793 2.9e-05
0.041835 2.1e-05
0.041245 4.2e-05
0.041631 2.1e-05
0.041536 2.4e-05
0.042265 1.8e-05
0.04084 2.4e-05
0.039804 2.3e-05
0.042077 2.2e-05
0.041854 2.2e-05
0.042351 2.3e-05
0.040991 1.9e-05
0.039233 2.4e-05
0.041575 2.2e-05
0.04184 2.5e-05
0.041888 2.5e-05
0.041767 2.3e-05
0.041044 2.3e-05
0.042287 2.4e-05
0.041954 2.1e-05
0.041827 2.1e-05
0.043292 3.2e-05
0.04295 1.9e-05
0.04242 2.6e-05
0.040752 2.4e-05
0.041667 2e-05
0.041117 3.2e-05
0.04264 1.8e-05
0.045658 2.4e-05
0.043382 2.2e-05
0.042105 2.2e-05
0.042949 2.3e-05
0.041407 2.1e-05
0.040568 2.7e-05
0.038687 3e-05
0.040784 1.9e-05
0.041775 2.8e-05
0.040887 2.7e-05
0.041423 1.8e-05
0.040581 2.4e-05
0.042076 2.3e-05
0.040643 1.8e-05
0.0392 2.3e-05
0.041624 1.6e-05
0.041782 2.4e-05
0.040709 2.5e-05
0.040663 2.3e-05
0.04051 2.1e-05
0.041061 1.8e-05
0.04066 2e-05
0.038679 2.7e-05
0.041654 2.7e-05
0.040365 2.3e-05
0.041528 1.9e-05
0.041138 2.1e-05
0.040813 2.6e-05
0.042117 2.7e-05
0.040842 1.9e-05
0.038841 2.2e-05
0.040967 2.1e-05
0.040696 2.3e-05
0.040909 2.3e-05
0.041895 2.7e-05
0.04069 2.7e-05
0.042127 2.1e-05
0.040485 2e-05
0.0397 2.4e-05
0.04054 2.6e-05
0.041898 2.7e-05
0.040736 3.2e-05
0.040734 2.1e-05
0.040836 1.9e-05
0.042659 2.3e-05
0.040972 2.5e-05
0.039723 2.8e-05
0.041994 2.9e-05
0.040884 2e-05
0.041123 2.9e-05
0.04168 2.6e-05
0.041136 2.6e-05
0.041571 1.8e-05
0.041036 2.4e-05
0.040635 2.1e-05
0.04142 2.4e-05
0.040498 2.1e-05
0.040974 2.3e-05
0.04167 1.9e-05
0.039076 2.2e-05
0.041921 2.3e-05
0.040399 2.7e-05
0.041451 2e-05
0.040944 1.9e-05
0.040761 2.5e-05
0.040955 1.9e-05
0.041703 2e-05
0.039175 3.3e-05
0.040768 2.2e-05
0.040638 2.4e-05
0.040632 2e-05
0.040927 2.5e-05
0.04074 2.8e-05
0.041636 2.7e-05
0.041379 2.2e-05
0.039047 2.2e-05
0.041255 1.7e-05
0.041295 2.5e-05
0.043501 2e-05
0.041552 1.9e-05
0.040357 2.6e-05
0.042148 2.5e-05
0.040638 2e-05
0.038457 2.1e-05
0.04189 2.1e-05
0.040962 2.6e-05
0.040466 2.5e-05
0.040745 1.8e-05
0.040237 2.2e-05
0.041406 2.2e-05
0.040737 1.6e-05
0.038182 2.8e-05
0.040558 1.7e-05
0.040959 2.3e-05
0.04201 2.3e-05
0.040591 2.2e-05
0.041161 2.8e-05
0.042119 2.4e-05
0.040411 1.5e-05
0.038306 1.9e-05
0.040462 2.4e-05
0.040698 2e-05
0.040922 1.9e-05
0.044503 1.8e-05
0.040345 2.2e-05
0.041374 2.1e-05
0.040607 2.4e-05
0.038938 2.3e-05
0.040314 2.3e-05
0.04043 2.3e-05
0.04079 2.2e-05
0.040459 1.8e-05
0.040773 2.1e-05
0.041153 2.2e-05
0.041541 2.4e-05
0.038223 2.3e-05
0.041784 2.1e-05
0.041559 2.3e-05
0.041767 2.4e-05
0.040534 2.8e-05
0.041473 2.1e-05
0.040899 2.4e-05
0.04139 2.3e-05
0.039258 2.3e-05
0.040762 2.3e-05
0.040563 1.7e-05
0.04036 2.4e-05
0.041525 2.4e-05
0.040508 2.4e-05
0.04127 3.2e-05
0.04181 2.7e-05
0.038997 2.4e-05
0.040428 3.1e-05
0.041447 2.9e-05
0.040599 2.1e-05
0.04181 2.2e-05
0.040536 1.8e-05
0.040795 2e-05
0.041432 2.5e-05
0.039066 2.2e-05
0.040945 2.6e-05
0.040701 1.9e-05
0.041391 1.5e-05
0.040479 1.7e-05
0.040325 2e-05
0.041197 2.1e-05
0.040558 2e-05
0.039129 1.9e-05
0.040799 2.3e-05
0.04039 2e-05
0.040999 2.3e-05
0.040943 2.2e-05
0.041506 2.3e-05
0.041521 2.3e-05
0.041634 2.1e-05
0.038224 2.3e-05
0.041793 2.1e-05
0.040475 2.1e-05
0.040786 2.4e-05
0.041868 1.6e-05
0.041541 2.6e-05
0.041932 1.8e-05
0.041071 2.4e-05
0.040559 2.4e-05
0.040974 2.9e-05
0.041619 2.2e-05
0.041079 2e-05
0.04109 2.3e-05
0.040271 2.6e-05
0.04062 2.2e-05
0.04082 2e-05
0.039569 1.9e-05
0.040337 2.6e-05
0.040512 2.4e-05
0.041992 2.3e-05
0.040723 2.6e-05
0.040893 2.1e-05
0.04096 2.7e-05
0.040513 2.2e-05
0.040453 2.5e-05
0.040632 2e-05
0.041508 2e-05
0.04132 2e-05
0.041184 1.9e-05
0.039773 2.7e-05
0.040979 1.6e-05
0.040625 2.1e-05
0.040069 2.2e-05
0.040513 1.7e-05
0.040447 2.3e-05
