0.010622 5.7e-05
0.010712 2.2e-05
0.010849 1.3e-05
0.010542 1.7e-05
0.013976 1.4e-05
0.01056 1.9e-05
0.010886 1.5e-05
0.010644 1.5e-05
0.01118 1.6e-05
0.010692 2.3e-05
0.010576 1.9e-05
0.01064 1.6e-05
0.010697 1.3e-05
0.010563 1.6e-05
0.010518 1.5e-05
0.010585 1.4e-05
0.010645 1.5e-05
0.010585 1.4e-05
0.01055 1.3e-05
0.010402 1.3e-05
0.010667 1.8e-05
0.010644 1.9e-05
0.010649 1.6e-05
0.010657 1.7e-05
0.010695 1.6e-05
0.010617 1.4e-05
0.010692 1.5e-05
0.010675 1.5e-05
0.01057 9e-06
0.009447 1.9e-05
0.0106 1.5e-05
0.01064 1.5e-05
0.01064 1.5e-05
0.010641 1.2e-05
0.010554 1.4e-05
0.010549 1.8e-05
0.010587 1.7e-05
0.01063 1.5e-05
0.010629 1.5e-05
0.009638 1.7e-05
0.010642 1.8e-05
0.010602 2.3e-05
0.010738 1.8e-05
0.010653 1.6e-05
0.010558 1.6e-05
0.01056 1.8e-05
0.010638 1.8e-05
0.01074 1e-05
0.010663 1.5e-05
0.009791 1.5e-05
0.010641 1.4e-05
0.010772 1.6e-05
0.011178 1.7e-05
0.010692 1.2e-05
0.010615 1.1e-05
0.01064 1.3e-05
0.010573 1.7e-05
0.010541 1.4e-05
0.010525 1.5e-05
0.010823 1.8e-05
0.010601 2.1e-05
0.010612 2.3e-05
0.010803 1.8e-05
0.010698 1.9e-05
0.010549 1.5e-05
0.010552 1.4e-05
0.010583 1.5e-05
0.010628 1e-05
0.010658 1e-05
0.010505 1.4e-05
0.010489 2e-05
0.01062 2e-05
0.011206 1.7e-05
0.010682 2e-05
0.010659 1.7e-05
0.010613 1.8e-05
0.010714 2.1e-05
0.010673 1.7e-05
0.010526 1.1e-05
0.010648 1.4e-05
0.009932 2.1e-05
0.010589 1.4e-05
0.010796 2.2e-05
0.010679 1.2e-05
0.010584 2e-05
0.010575 2.1e-05
0.010585 1.5e-05
0.010582 1.5e-05
0.010551 1.1e-05
0.010592 1.4e-05
0.009121 1.1e-05
0.010628 1.4e-05
0.011144 2.2e-05
0.01099 1.9e-05
0.010717 1.9e-05
0.01069 1.1e-05
0.010581 1.7e-05
0.01072 1.5e-05
0.010643 1e-05
0.010541 1.2e-05
0.00936 1.5e-05
0.010706 1.3e-05
0.01069 1.5e-05
0.010733 1.3e-05
0.010814 1.4e-05
0.010715 1.6e-05
0.01063 1.2e-05
0.010637 1.5e-05
0.010747 1.5e-05
0.010783 1.3e-05
0.009139 1.7e-05
0.01062 1.7e-05
0.010691 1.8e-05
0.010596 1.9e-05
0.010599 1.4e-05
0.010718 1.9e-05
0.010563 1.4e-05
0.01062 1.3e-05
0.010709 1.7e-05
0.010605 1.8e-05
0.011152 1.5e-05
0.010663 1.8e-05
0.010623 2.4e-05
0.010741 3.4e-05
0.010682 1.5e-05
0.010657 1.2e-05
0.010603 1.2e-05
0.010645 1.4e-05
0.010633 1.5e-05
0.01023 1.7e-05
0.010664 1.7e-05
0.010651 1.6e-05
0.010635 1.7e-05
0.010726 1.4e-05
0.010603 1.1e-05
0.010517 1.5e-05
0.010597 1.1e-05
0.009635 1e-05
0.008482 1.4e-05
0.008572 1.3e-05
0.010643 1.2e-05
0.010715 1.3e-05
0.010706 1.6e-05
0.010716 1.6e-05
0.010646 1.4e-05
0.010861 1.4e-05
0.009352 1.9e-05
0.010904 1.7e-05
0.010604 1.6e-05
0.010475 1.7e-05
0.010686 1.4e-05
0.010657 1.6e-05
0.011001 1.6e-05
0.010626 1.5e-05
0.010974 1.1e-05
0.010611 1.1e-05
0.009676 1.6e-05
0.010646 1.7e-05
0.010605 1.9e-05
0.01066 1.4e-05
0.010867 2e-05
0.010633 1.3e-05
0.010736 1.2e-05
0.010641 1.4e-05
0.010642 1.1e-05
0.010547 1.2e-05
0.009551 1.7e-05
0.010628 1.5e-05
0.010635 2e-05
0.010669 2.1e-05
0.010763 1.6e-05
0.010608 1.7e-05
0.010591 1.5e-05
0.010612 2.1e-05
0.010841 1.6e-05
0.01048 1.4e-05
0.010115 2e-05
0.010759 2e-05
0.01074 2e-05
0.010696 2.1e-05
0.011245 1.6e-05
0.010581 1.1e-05
0.01055 1.5e-05
0.010547 1.4e-05
0.010607 1.4e-05
0.010554 1.4e-05
0.010617 1.2e-05
0.010593 1.7e-05
0.010575 1.7e-05
0.010737 2.4e-05
0.010902 1.3e-05
0.010571 1.5e-05
0.010556 1.7e-05
0.010523 1.8e-05
0.010622 1.3e-05
0.010642 1.5e-05
0.0109 1.1e-05
0.010432 1.4e-05
0.010619 1.8e-05
0.010595 2.2e-05
0.010735 1.2e-05
0.010641 1.9e-05
0.010648 1.8e-05
0.010555 1.4e-05
0.010626 1.8e-05
0.010555 1.1e-05
0.010548 1e-05
0.009542 1.6e-05
0.01092 1.5e-05
0.010737 1.7e-05
0.010643 1.6e-05
0.010781 1.9e-05
0.010605 1.5e-05
0.010705 1.2e-05
0.010527 1.9e-05
0.010538 1.6e-05
0.010528 1.2e-05
0.010161 2.1e-05
0.010717 1.6e-05
0.010689 2.2e-05
0.010616 1.8e-05
0.010611 1.5e-05
0.010655 1.5e-05
0.01061 1.6e-05
0.010537 1.5e-05
0.010592 1.8e-05
0.010552 1.6e-05
0.009602 1.4e-05
0.011012 1.6e-05
0.010537 2.7e-05
0.010628 1.7e-05
0.010695 1.7e-05
0.0106 1.7e-05
0.010866 1.5e-05
0.010582 1.2e-05
0.01072 1.5e-05
0.010607 3e-05
0.00919 2e-05
0.010622 1.5e-05
0.010672 1.8e-05
0.010665 1.4e-05
0.010587 1.4e-05
0.010588 1.4e-05
0.010578 1.7e-05
0.010597 1.6e-05
0.011174 1.8e-05
0.010606 1.4e-05
0.010046 1.5e-05
0.010621 1.5e-05
0.010571 4.8e-05
0.010708 1.6e-05
0.010629 1.6e-05
0.010553 1.2e-05
0.01062 1.5e-05
0.010579 1.5e-05
0.010585 1.4e-05
0.010581 1.2e-05
0.010045 1.8e-05
0.010645 1.2e-05
0.010574 1.6e-05
0.010668 1.7e-05
0.010561 1.8e-05
0.010833 2.2e-05
0.01065 1.8e-05
0.010683 1.4e-05
0.010601 1.4e-05
0.010664 9e-06
0.010585 1.8e-05
0.010581 1.4e-05
0.010677 1.4e-05
0.010668 2.1e-05
0.010669 2.1e-05
0.010589 1.5e-05
0.010617 1.4e-05
0.010745 2e-05
0.010681 1.2e-05
0.010639 1.3e-05
0.010678 1.4e-05
0.010314 1.8e-05
0.01061 1.6e-05
0.010673 2.3e-05
0.010608 2e-05
0.010608 1.4e-05
0.010626 1.5e-05
0.01061 1.1e-05
0.01053 1.7e-05
0.010626 1.2e-05
0.010571 1.2e-05
0.009688 2.3e-05
0.01058 1e-05
0.010627 1.5e-05
0.010674 1.7e-05
0.010643 1.6e-05
0.010654 1.3e-05
0.010664 1.3e-05
0.010683 1.8e-05
0.010691 1.7e-05
0.010633 1.6e-05
0.009401 1.5e-05
0.010592 1.5e-05
0.010761 1.9e-05
0.010645 1.3e-05
0.010637 2e-05
0.010631 1.5e-05
0.010672 1.8e-05
0.010825 1.7e-05
0.010581 1.6e-05
0.010712 1.1e-05
0.010098 1.4e-05
0.010686 1.7e-05
0.0106 1.6e-05
0.010688 1.5e-05
0.010653 1.4e-05
0.010566 1.1e-05
0.010581 1.5e-05
0.010527 1.4e-05
0.010556 1.3e-05
0.01057 1.7e-05
0.010507 1.6e-05
0.010673 1.5e-05
0.010656 2e-05
0.010725 1.7e-05
0.010729 2e-05
0.01065 1.2e-05
0.010596 2.3e-05
0.010862 1.4e-05
0.010581 1.2e-05
0.010535 1.8e-05
0.010557 1.7e-05
0.01064 2e-05
0.010791 1.5e-05
0.010695 1.7e-05
0.010626 1.5e-05
0.010629 1.5e-05
0.010652 1.5e-05
0.010739 1.5e-05
0.010622 1.3e-05
0.010916 1.4e-05
0.010643 9e-06
0.010366 1.5e-05
0.010608 1.4e-05
0.010722 2e-05
0.010742 1.8e-05
0.010571 2e-05
0.010841 1.8e-05
0.010619 1.1e-05
0.010609 1.8e-05
0.010629 1.4e-05
0.010651 1.9e-05
0.010065 2.1e-05
0.010602 1.1e-05
0.010604 2.3e-05
0.010644 1.7e-05
0.010638 1.4e-05
0.010578 1.4e-05
0.010627 1.3e-05
0.010613 1.3e-05
0.010611 1.6e-05
0.010541 1.3e-05
0.009245 1.6e-05
0.010701 2e-05
0.010758 2.1e-05
0.010636 1.5e-05
0.010547 1.8e-05
0.010753 1.9e-05
0.010915 1.6e-05
0.010595 1.7e-05
0.010556 1.6e-05
0.010675 1.3e-05
0.009767 1.4e-05
0.010682 1.5e-05
0.010627 2.1e-05
0.010539 1.3e-05
0.010598 1.2e-05
0.010665 1.3e-05
0.010635 1.6e-05
0.010607 1e-05
0.010606 1.3e-05
0.010557 1.7e-05
0.010092 1.6e-05
0.010615 1.9e-05
0.010594 1.7e-05
0.010784 1.8e-05
0.010624 1.4e-05
0.010625 2.1e-05
0.010658 1.3e-05
0.010662 1.9e-05
0.010591 2e-05
0.010525 1.4e-05
0.01094 1.3e-05
0.010631 2.2e-05
0.010596 1.7e-05
0.010618 1.9e-05
0.01064 2e-05
0.010596 1.6e-05
0.010603 1.8e-05
0.010889 1.5e-05
0.010573 1.6e-05
0.010676 1.4e-05
0.010696 2.2e-05
0.010906 2.4e-05
0.010632 2e-05
0.010654 1.8e-05
0.010627 1.7e-05
0.010597 1.4e-05
0.010676 1.7e-05
0.010534 1e-05
0.010561 1.3e-05
0.010611 1.2e-05
0.010662 1.3e-05
0.010083 1.6e-05
0.010679 1.4e-05
0.010652 1.6e-05
0.010641 2e-05
0.010636 1.4e-05
0.010624 1.5e-05
0.010665 1.3e-05
0.010563 1.8e-05
0.010632 1.4e-05
0.010673 1.4e-05
0.009515 1.8e-05
0.010684 1.5e-05
0.010575 2.5e-05
0.010645 1.9e-05
0.010572 1.4e-05
0.01065 1.2e-05
0.010652 1.9e-05
0.010666 1.8e-05
0.010625 1.6e-05
0.010668 1.3e-05
0.009488 1.2e-05
0.010629 1.4e-05
0.010689 2e-05
0.010719 2.1e-05
0.010674 1.5e-05
0.010763 1.1e-05
0.010638 1.7e-05
0.010847 2.1e-05
0.010615 1.5e-05
0.010546 1.6e-05
0.010614 1.7e-05
0.010651 1.5e-05
0.010628 1.8e-05
0.010958 2.4e-05
0.010737 1.8e-05
0.010615 1.4e-05
0.011784 1.6e-05
0.010633 1.3e-05
0.010622 1.6e-05
0.010635 1.7e-05
0.010616 1.3e-05
0.010684 1.6e-05
0.010623 2e-05
0.010774 2.3e-05
0.010652 1.6e-05
0.010613 1.5e-05
0.010892 1.5e-05
0.010595 1.1e-05
0.010624 1.5e-05
0.010658 1e-05
0.010602 1e-05
0.010627 1.9e-05
0.010595 1.5e-05
0.010739 2.4e-05
0.010687 1.4e-05
0.01066 1.9e-05
0.010811 1.6e-05
0.010629 1.4e-05
0.010631 1.1e-05
0.010584 1.6e-05
0.010583 1.2e-05
0.010064 1.8e-05
0.010636 2.2e-05
0.01065 1.7e-05
0.010621 1.5e-05
0.010605 1.2e-05
0.010695 1.4e-05
0.01068 1.5e-05
0.010594 1.5e-05
0.010539 1.3e-05
0.010547 1.4e-05
0.009355 1.3e-05
0.010671 1.7e-05
0.010632 1.6e-05
0.010547 1.7e-05
0.010596 1.2e-05
0.010608 1.3e-05
0.010594 1.3e-05
0.010572 1.1e-05
0.010615 1.4e-05
0.010606 1.3e-05
0.009243 1.3e-05
0.010644 1.6e-05
0.010632 2e-05
0.010585 1.4e-05
0.010578 1.6e-05
0.010605 1.5e-05
0.010604 1.1e-05
0.010616 1.4e-05
0.010533 1.5e-05
0.010626 1.6e-05
0.01067 1.6e-05
0.010691 2e-05
0.010658 2e-05
0.010749 1.7e-05
0.010609 1.7e-05
0.010551 2e-05
0.010646 1.6e-05
0.010587 1.4e-05
0.01057 1.4e-05
0.010646 1.2e-05
0.010665 1.4e-05
0.01061 1.3e-05
0.010607 2.1e-05
0.010832 1.8e-05
0.010688 1.6e-05
0.010591 1.2e-05
0.010977 1.7e-05
0.010646 1.5e-05
0.010705 1.3e-05
0.010663 1.5e-05
0.010633 1.5e-05
0.010505 1.4e-05
0.010621 1.5e-05
0.010679 1.7e-05
0.010625 2.1e-05
0.010638 1.4e-05
0.010572 1.3e-05
0.010647 1.2e-05
0.010604 1.5e-05
0.010623 1.7e-05
0.010648 1.1e-05
0.009492 2e-05
0.010652 1.5e-05
0.010886 1.5e-05
0.010653 1.9e-05
0.010638 1.9e-05
0.010661 1.5e-05
0.010538 1.9e-05
0.010543 1.8e-05
0.010589 1.4e-05
0.010591 1.1e-05
0.009946 1.2e-05
0.010642 1.7e-05
0.010615 2e-05
0.010702 2.1e-05
0.01058 1.9e-05
0.010703 1.2e-05
0.010604 1.2e-05
0.010673 1.7e-05
0.01074 1.6e-05
0.010779 1.8e-05
0.009355 1.7e-05
0.010814 1.7e-05
0.01056 1.9e-05
0.010683 1.6e-05
0.010527 2.3e-05
0.010711 1.5e-05
0.01061 1.6e-05
0.010651 1.5e-05
0.010654 1.6e-05
0.010674 1.5e-05
0.009983 2e-05
0.010642 1.2e-05
0.010678 1.9e-05
0.010657 1.7e-05
0.010621 1.8e-05
0.010894 1.3e-05
0.010602 1.8e-05
0.01093 1.3e-05
0.010634 1.3e-05
0.010656 1.4e-05
0.010285 1.9e-05
0.010659 2e-05
0.010595 1.9e-05
0.010977 1.6e-05
0.010666 1.2e-05
0.010628 1.3e-05
0.010672 1.4e-05
0.010632 1.4e-05
0.01067 1.3e-05
0.010598 1.9e-05
0.010857 1.3e-05
0.010899 2e-05
0.010776 2.6e-05
0.011014 1.9e-05
0.010879 1.7e-05
0.010579 1.3e-05
0.010674 1.4e-05
0.01071 1.5e-05
0.010693 1e-05
0.010598 1.2e-05
0.010613 1.6e-05
0.010607 2e-05
0.010676 1.1e-05
0.010736 1.6e-05
0.01066 1.4e-05
0.010611 1.4e-05
0.010628 1.5e-05
0.010832 1.7e-05
0.010599 1.4e-05
0.010598 1.6e-05
0.011015 1.5e-05
0.010222 1.7e-05
0.010594 1.9e-05
0.010901 2.1e-05
0.010876 1.3e-05
0.01092 1.7e-05
0.01077 1.1e-05
0.010655 1.8e-05
0.010581 1.2e-05
0.010654 1.3e-05
0.010568 1.2e-05
0.009188 1.3e-05
0.010561 1.4e-05
0.010729 1.6e-05
0.010585 1.6e-05
0.01059 1.3e-05
0.010565 1.2e-05
0.010875 2e-05
0.010518 1.5e-05
0.010618 1.4e-05
0.010627 1.6e-05
0.009337 1.4e-05
0.010664 1.8e-05
0.010496 2.4e-05
0.010598 1.8e-05
0.010721 1.2e-05
0.01052 1.6e-05
0.010911 1.2e-05
0.010562 1.5e-05
0.010581 1.4e-05
0.010579 1.4e-05
0.010287 1.4e-05
0.010607 1.3e-05
0.010585 1.7e-05
0.011068 1.9e-05
0.010842 1.9e-05
0.010579 1.6e-05
0.010592 1.6e-05
0.010603 1.1e-05
0.010623 1.3e-05
0.010581 1.1e-05
0.010577 1.9e-05
0.010578 1.5e-05
0.0106 2.1e-05
0.010681 2e-05
0.010522 1.2e-05
0.010628 1.7e-05
0.010746 1.7e-05
0.010573 1.1e-05
0.010496 1.4e-05
0.010551 9e-06
0.010821 1.7e-05
0.010025 1.9e-05
0.010622 1.4e-05
0.010626 1.7e-05
0.010624 1.4e-05
0.010678 1.5e-05
0.010675 1.5e-05
0.010627 1.4e-05
0.010604 1.2e-05
0.010615 1.4e-05
0.010647 1.4e-05
0.0092 2.3e-05
0.010681 1.4e-05
0.01065 2.6e-05
0.010814 1.6e-05
0.010623 1.4e-05
0.010541 1.4e-05
0.01058 1.4e-05
0.01063 1.5e-05
0.010567 1.1e-05
0.01062 1.2e-05
0.009998 1.4e-05
0.010612 1.4e-05
0.010612 1.7e-05
0.010623 1.7e-05
0.010785 1.2e-05
0.010657 1.9e-05
0.010962 1.3e-05
0.010651 1.5e-05
0.010591 1.4e-05
0.010823 1.5e-05
0.009552 1.8e-05
0.010637 1.8e-05
0.010627 1.9e-05
0.010757 1.7e-05
0.010565 1.9e-05
0.01066 1.7e-05
0.010596 1.4e-05
0.01053 1.4e-05
0.010832 1.5e-05
0.010645 1.4e-05
0.01005 2.2e-05
0.010635 1.7e-05
0.010527 2.4e-05
0.010659 2e-05
0.010629 1.6e-05
0.010597 1.6e-05
0.010559 1.2e-05
0.010521 1.8e-05
0.01047 1.3e-05
0.010663 1.5e-05
0.010457 1.5e-05
0.010706 2.1e-05
0.010632 1.7e-05
0.010797 1.7e-05
0.01072 1.3e-05
0.010624 1.3e-05
0.010623 1.5e-05
0.010632 9e-06
0.010594 1.3e-05
0.010598 1.7e-05
0.0107 2e-05
0.01059 2e-05
0.010488 1.6e-05
0.010695 1.4e-05
0.010564 1.7e-05
0.010597 1.3e-05
0.010801 1.6e-05
0.010599 1.2e-05
0.010613 2e-05
0.010657 1.6e-05
0.010519 1.3e-05
0.009971 1.9e-05
0.0106 1.4e-05
0.01067 1.9e-05
0.010603 1.6e-05
0.010638 1.7e-05
0.010957 1.3e-05
0.010626 1.4e-05
0.010515 1.3e-05
0.010698 1.2e-05
0.010589 1.9e-05
0.009584 2.3e-05
0.010527 1.8e-05
0.010592 2.7e-05
0.010663 1.8e-05
0.010603 1.5e-05
0.010675 1.6e-05
0.010866 1.3e-05
0.010587 1.3e-05
0.010605 1.1e-05
0.010612 1.4e-05
0.009511 2.1e-05
0.010639 1.7e-05
0.010918 2.2e-05
0.01089 2.2e-05
0.010649 1.5e-05
0.010625 1.4e-05
0.010586 1.6e-05
0.01057 1.7e-05
0.010776 1.3e-05
0.010848 1.6e-05
0.00974 1.5e-05
0.010702 2.1e-05
0.010657 1.7e-05
0.010667 1.7e-05
0.010642 2e-05
0.010904 1.6e-05
0.010615 1.4e-05
0.01057 1.9e-05
0.010622 1.3e-05
0.010804 1.3e-05
0.010356 1.2e-05
0.01064 1.7e-05
0.010659 1.9e-05
0.011107 2.2e-05
0.01086 1.7e-05
0.010563 1.5e-05
0.010854 1.7e-05
0.010682 2.1e-05
0.011024 1.7e-05
0.010625 1.2e-05
0.010585 1.5e-05
0.010719 1.4e-05
0.010623 1.4e-05
0.010625 1.8e-05
0.010698 1.9e-05
0.01062 1.5e-05
0.010641 2e-05
0.010717 1.3e-05
0.010589 1.3e-05
0.010633 1.3e-05
0.010599 1.5e-05
0.010768 1.6e-05
0.010657 2e-05
0.010657 2.1e-05
0.010676 1.9e-05
0.010555 1.7e-05
0.01071 1.9e-05
0.01064 1.2e-05
0.010567 1.2e-05
0.010769 1e-05
0.01059 1.1e-05
0.010101 1.4e-05
0.010699 1.4e-05
0.010669 2.1e-05
0.010602 1.4e-05
0.010595 1.6e-05
0.01054 1.8e-05
0.010838 1.5e-05
0.0106 1.7e-05
0.010927 1.4e-05
0.01056 1.9e-05
0.009785 1.3e-05
0.010701 1.9e-05
0.010728 1.8e-05
0.010675 2.1e-05
0.010641 1.5e-05
0.010805 1.5e-05
0.010638 1.3e-05
0.010566 1.4e-05
0.010647 1.3e-05
0.010663 1.7e-05
0.00965 2.1e-05
0.010745 1.1e-05
0.010811 1.9e-05
0.010679 1.8e-05
0.010668 1.2e-05
0.010659 9e-06
0.010619 1.9e-05
0.010652 1.2e-05
0.010662 1.5e-05
0.010638 1.3e-05
0.009576 1.6e-05
0.010715 1.7e-05
0.010575 1.6e-05
0.010637 1.1e-05
0.010672 1.5e-05
0.010646 1.4e-05
0.01062 1.2e-05
0.010534 1.4e-05
0.010546 1.3e-05
0.010722 1.7e-05
0.010144 1.9e-05
0.010972 1.6e-05
0.010624 4.5e-05
0.010865 2.2e-05
0.01066 1.4e-05
0.010743 1.8e-05
0.010539 1.5e-05
0.010622 2e-05
0.01062 1.9e-05
0.010512 1.8e-05
0.010521 1.4e-05
0.010945 1.5e-05
0.010719 1.3e-05
0.010848 1.9e-05
0.010674 1.6e-05
0.010555 1.9e-05
0.01089 1.4e-05
0.010617 1.4e-05
0.010572 1.5e-05
0.010655 1.3e-05
0.010531 2e-05
0.011113 1.8e-05
0.010949 1.7e-05
0.010799 1.8e-05
0.010784 1.7e-05
0.010706 1.6e-05
0.010577 1.4e-05
0.010596 1.4e-05
0.010609 1.4e-05
0.010603 1.6e-05
0.010587 1e-05
0.010653 1.7e-05
0.010589 1.5e-05
0.010623 1.9e-05
0.010731 1.5e-05
0.010602 1.5e-05
0.010606 1e-05
0.010579 1.3e-05
0.010651 1.8e-05
0.010703 1.4e-05
0.010564 1.5e-05
0.009859 1.6e-05
0.010588 1.7e-05
0.011021 2.3e-05
0.010685 1.6e-05
0.010563 1.3e-05
0.010733 1.2e-05
0.010659 1.5e-05
0.01059 1.3e-05
0.010585 1.4e-05
0.010839 1.4e-05
0.010177 1.3e-05
0.01066 1.5e-05
0.010693 2e-05
0.010691 2e-05
0.010737 1.7e-05
0.010717 1.8e-05
0.010586 1.3e-05
0.010616 1.3e-05
0.010715 1.3e-05
0.010659 1.5e-05
0.009881 1.5e-05
0.010669 1.6e-05
0.010572 1.5e-05
0.010606 1.9e-05
0.010667 1.1e-05
0.010546 1.5e-05
0.010704 1.3e-05
0.01064 1.3e-05
0.010685 1.2e-05
0.010604 1.5e-05
0.010027 2e-05
0.010649 2.4e-05
0.010648 3.1e-05
0.010677 1.5e-05
0.010626 1.4e-05
0.01061 2e-05
0.010662 1.5e-05
0.010589 1.2e-05
0.010606 1.8e-05
0.010585 1e-05
0.010616 1.3e-05
0.010701 1.1e-05
0.010626 2.2e-05
0.010674 1.7e-05
0.010933 1.4e-05
0.010682 1.8e-05
0.010618 1.2e-05
0.010479 1.8e-05
0.010723 1.6e-05
0.010597 1e-05
0.010565 9e-06
0.01056 1.9e-05
0.010643 1.5e-05
0.010668 1.9e-05
0.010673 1.2e-05
0.010651 1.7e-05
0.010677 1.4e-05
0.010798 1.5e-05
0.010625 1.5e-05
0.010562 1.3e-05
0.010651 1.2e-05
0.010209 1.6e-05
0.010698 1.6e-05
0.010658 1.9e-05
0.010874 1.8e-05
0.010572 1.5e-05
0.010586 1.6e-05
0.010619 2.7e-05
0.013345 1.7e-05
0.010701 1.8e-05
0.010693 1.7e-05
0.010728 2e-05
0.010675 1.7e-05
0.011035 1.7e-05
0.010629 1.4e-05
0.010668 1.5e-05
0.010648 1.4e-05
0.010649 1.2e-05
0.010749 1.4e-05
0.01067 1.6e-05
0.010729 2.1e-05
0.010646 2.2e-05
0.010783 1.8e-05
0.010703 2.1e-05
0.010611 2.2e-05
0.010639 1.3e-05
0.01065 1.4e-05
0.010611 1.1e-05
0.010552 1.4e-05
0.010681 1.3e-05
0.010598 1e-05
0.01066 1.2e-05
0.010705 1.3e-05
0.010685 2.2e-05
0.010648 1.6e-05
0.010596 1e-05
0.010629 1.2e-05
0.010587 1.4e-05
0.010683 1.9e-05
0.010673 2.1e-05
0.010621 1.3e-05
0.010483 2.1e-05
0.010729 1.5e-05
0.010619 2e-05
0.010694 1.9e-05
0.010654 1.6e-05
0.01058 1.3e-05
0.010596 1.2e-05
0.010562 1.6e-05
0.010576 1.1e-05
0.01058 1.5e-05
0.009174 1.7e-05
0.01072 1.8e-05
0.010947 2.1e-05
0.010661 2.3e-05
0.010744 1.6e-05
0.0108 1.3e-05
0.010708 1.9e-05
0.010808 1.7e-05
0.010812 1.5e-05
0.010698 1.5e-05
0.009461 1.9e-05
0.010734 1.9e-05
