0.011125 5e-06
0.01092 4e-06
0.010867 3e-06
0.01068 6e-06
0.010865 7e-06
0.01081 4e-06
0.010859 6e-06
0.010951 6e-06
0.010884 5e-06
0.010866 5e-06
0.010856 4e-06
0.010818 4e-06
0.01073 3e-06
0.010736 4e-06
0.010132 8e-06
0.010915 7e-06
0.010863 7e-06
0.010727 5e-06
0.010752 3e-06
0.010668 3e-06
0.010776 4e-06
0.010759 3e-06
0.010772 4e-06
0.01077 4e-06
0.009413 6e-06
0.010769 5e-06
0.010744 7e-06
0.010663 5e-06
0.010776 4e-06
0.01078 4e-06
0.010744 4e-06
0.010813 6e-06
0.01083 6e-06
0.010766 5e-06
0.01016 4e-06
0.01077 6e-06
0.010757 8e-06
0.010754 3e-06
0.010809 4e-06
0.010742 4e-06
0.010737 3e-06
0.010683 3e-06
0.010737 4e-06
0.010681 5e-06
0.010335 6e-06
0.010744 6e-06
0.010744 7e-06
0.010778 5e-06
0.010769 7e-06
0.010804 4e-06
0.010779 3e-06
0.010773 3e-06
0.010666 4e-06
0.010648 5e-06
0.010503 5e-06
0.010816 5e-06
0.010765 4e-06
0.010781 5e-06
0.010798 6e-06
0.010818 4e-06
0.010781 3e-06
0.01068 4e-06
0.010781 5e-06
0.010797 3e-06
0.010697 6e-06
0.010778 5e-06
0.010829 6e-06
0.010803 5e-06
0.010788 4e-06
0.010708 3e-06
0.010629 4e-06
0.010852 4e-06
0.010774 3e-06
0.010735 3e-06
0.010693 4e-06
0.010691 5e-06
0.01081 8e-06
0.010964 7e-06
0.010816 4e-06
0.01074 4e-06
0.010788 4e-06
0.01075 5e-06
0.010748 5e-06
0.010714 4e-06
0.010742 4e-06
0.010229 5e-06
0.010776 5e-06
0.01084 8e-06
0.010872 5e-06
0.010768 4e-06
0.010702 3e-06
0.010761 3e-06
0.01076 3e-06
0.010717 4e-06
0.010798 3e-06
0.009642 5e-06
0.010748 4e-06
0.010751 7e-06
0.010751 7e-06
0.010883 4e-06
0.010864 5e-06
0.010759 4e-06
0.010755 4e-06
0.010756 4e-06
0.010898 5e-06
0.00934 9e-06
0.010933 6e-06
0.011778 8e-06
0.011685 6e-06
0.010795 5e-06
0.010779 5e-06
0.010776 6e-06
0.012331 6e-06
0.010783 7e-06
0.009281 6e-06
0.010847 8e-06
0.010803 4e-06
0.010743 4e-06
0.010655 3e-06
0.010861 4e-06
0.010733 3e-06
0.009396 3e-06
0.008932 3e-06
0.009186 5e-06
0.010806 6e-06
0.010823 4e-06
0.010734 4e-06
0.010752 4e-06
0.010732 4e-06
0.010751 5e-06
0.010795 5e-06
0.01085 5e-06
0.010798 7e-06
0.011181 7e-06
0.010782 5e-06
0.010745 4e-06
0.010798 5e-06
0.010663 5e-06
0.010801 3e-06
0.010762 4e-06
0.010686 4e-06
0.01084 6e-06
0.010714 7e-06
0.010895 6e-06
0.010812 4e-06
0.010724 4e-06
0.010753 4e-06
0.010699 4e-06
0.01082 3e-06
0.010828 5e-06
0.010789 6e-06
0.010716 6e-06
0.010868 6e-06
0.010885 8e-06
0.010737 4e-06
0.01082 6e-06
0.010792 4e-06
0.010702 4e-06
0.010703 4e-06
0.010701 4e-06
0.010767 3e-06
0.010701 7e-06
0.010801 1.7e-05
0.01109 6e-06
0.010693 5e-06
0.010753 4e-06
0.010781 8e-06
0.010866 5e-06
0.010806 4e-06
0.010752 4e-06
0.010734 4e-06
0.010026 5e-06
0.010756 5e-06
0.010874 7e-06
0.010804 5e-06
0.010846 5e-06
0.010851 3e-06
0.010785 4e-06
0.010745 4e-06
0.01085 4e-06
0.010774 3e-06
0.010019 6e-06
0.010758 4e-06
0.010841 8e-06
0.010762 6e-06
0.010803 5e-06
0.010751 3e-06
0.010738 4e-06
0.010759 4e-06
0.01077 3e-06
0.010747 3e-06
0.009622 5e-06
0.01083 4e-06
0.010728 7e-06
0.010697 5e-06
0.010766 5e-06
0.010812 4e-06
0.01073 4e-06
0.01078 3e-06
0.010759 4e-06
0.010839 7e-06
0.010065 7e-06
0.01073 4e-06
0.010986 6e-06
0.010796 4e-06
0.010777 4e-06
0.012772 5e-06
0.010809 4e-06
0.010721 4e-06
0.010791 5e-06
0.010771 4e-06
0.010572 6e-06
0.010766 4e-06
0.010897 7e-06
0.010745 5e-06
0.01084 4e-06
0.010712 5e-06
0.010744 5e-06
0.010816 3e-06
0.010677 3e-06
0.010721 4e-06
0.010038 5e-06
0.010775 4e-06
0.010773 8e-06
0.010844 5e-06
0.010751 4e-06
0.010712 5e-06
0.010737 3e-06
0.010748 4e-06
0.010796 4e-06
0.010761 4e-06
0.009474 6e-06
0.010743 4e-06
0.010756 8e-06
0.010816 6e-06
0.01067 5e-06
0.010801 5e-06
0.010736 4e-06
0.010697 3e-06
0.010717 4e-06
0.010926 5e-06
0.009272 5e-06
0.010762 6e-06
0.010764 1e-05
0.010781 5e-06
0.010748 4e-06
0.010738 6e-06
0.010763 5e-06
0.010716 4e-06
0.010807 4e-06
0.010861 6e-06
0.009512 5e-06
0.010746 6e-06
0.010888 8e-06
0.010746 4e-06
0.010782 7e-06
0.01079 3e-06
0.010801 3e-06
0.010842 4e-06
0.010864 4e-06
0.010854 3e-06
0.009815 6e-06
0.010855 6e-06
0.010864 7e-06
0.010766 9e-06
0.010707 4e-06
0.010833 6e-06
0.010801 8e-06
0.010829 9e-06
0.010825 5e-06
0.010803 4e-06
0.009689 5e-06
0.010822 8e-06
0.010899 7e-06
0.010854 5e-06
0.010844 4e-06
0.010769 4e-06
0.010702 5e-06
0.010773 4e-06
0.010738 4e-06
0.010751 5e-06
0.010114 5e-06
0.010812 4e-06
0.010732 8e-06
0.010878 8e-06
0.01078 4e-06
0.010825 5e-06
0.010801 4e-06
0.010871 5e-06
0.010741 5e-06
0.010793 5e-06
0.010593 5e-06
0.010769 5e-06
0.01077 7e-06
0.011012 6e-06
0.010685 5e-06
0.010746 3e-06
0.01074 4e-06
0.010702 6e-06
0.010785 5e-06
0.010743 7e-06
0.010766 6e-06
0.010812 5e-06
0.010865 7e-06
0.011168 7e-06
0.010789 5e-06
0.01077 4e-06
0.010748 4e-06
0.010793 6e-06
0.0107 3e-06
0.010763 6e-06
0.010777 3e-06
0.010852 5e-06
0.010779 6e-06
0.010838 6e-06
0.010871 5e-06
0.010842 4e-06
0.010839 5e-06
0.010765 5e-06
0.010837 4e-06
0.010786 4e-06
0.010779 3e-06
0.010611 5e-06
0.010759 6e-06
0.010854 6e-06
0.010743 5e-06
0.010752 4e-06
0.01074 3e-06
0.010719 4e-06
0.010732 3e-06
0.010866 4e-06
0.010835 4e-06
0.009702 7e-06
0.010782 4e-06
0.01088 8e-06
0.010768 6e-06
0.010845 4e-06
0.010841 4e-06
0.010754 4e-06
0.010827 6e-06
0.010753 4e-06
0.010767 4e-06
0.009787 6e-06
0.010818 6e-06
0.010935 7e-06
0.010728 6e-06
0.010802 5e-06
0.010772 5e-06
0.010767 4e-06
0.010714 3e-06
0.010764 4e-06
0.010676 6e-06
0.009584 6e-06
0.010808 5e-06
0.010896 6e-06
0.010793 6e-06
0.010851 5e-06
0.010768 4e-06
0.010737 5e-06
0.010872 4e-06
0.010756 4e-06
0.010705 3e-06
0.009274 8e-06
0.010864 5e-06
0.010816 8e-06
0.010857 6e-06
0.010783 4e-06
0.010742 5e-06
0.010808 4e-06
0.01081 4e-06
0.01084 4e-06
0.010743 4e-06
0.00981 6e-06
0.01081 5e-06
0.0108 6e-06
0.010797 4e-06
0.010776 4e-06
0.010805 4e-06
0.010848 5e-06
0.010729 4e-06
0.01079 5e-06
0.010707 5e-06
0.0103 6e-06
0.0108 5e-06
0.0108 1.2e-05
0.010822 6e-06
0.010743 5e-06
0.010737 4e-06
0.010764 3e-06
0.010783 3e-06
0.010802 3e-06
0.01084 5e-06
0.010681 6e-06
0.010898 7e-06
0.010872 1e-05
0.010796 5e-06
0.010774 4e-06
0.010843 3e-06
0.010754 4e-06
0.010676 3e-06
0.010781 4e-06
0.010758 6e-06
0.010613 5e-06
0.010956 5e-06
0.010788 3.1e-05
0.011221 9e-06
0.010752 4e-06
0.010724 5e-06
0.010756 4e-06
0.010717 4e-06
0.010793 4e-06
0.010769 4e-06
0.010743 5e-06
0.010807 8e-06
0.011229 8e-06
0.010932 6e-06
0.01079 6e-06
0.010828 4e-06
0.01084 6e-06
0.010802 6e-06
0.0108 5e-06
0.010801 5e-06
0.010794 5e-06
0.010861 6e-06
0.010761 6e-06
0.010838 5e-06
0.010745 5e-06
0.010814 5e-06
0.010754 5e-06
0.011064 4e-06
0.010801 4e-06
0.010766 4e-06
0.010714 4e-06
0.010745 4e-06
0.010832 6e-06
0.010991 7e-06
0.010902 6e-06
0.010898 5e-06
0.010747 4e-06
0.010704 4e-06
0.010763 4e-06
0.01069 4e-06
0.010797 3e-06
0.010337 7e-06
0.010824 6e-06
0.010904 7e-06
0.010831 5e-06
0.010829 4e-06
0.010717 5e-06
0.010784 5e-06
0.010811 4e-06
0.010731 5e-06
0.010759 5e-06
0.010055 7e-06
0.010878 4e-06
0.010833 7e-06
0.010773 4e-06
0.010867 4e-06
0.010694 4e-06
0.010915 4e-06
0.010837 3e-06
0.010797 4e-06
0.010824 5e-06
0.009825 4e-06
0.010861 4e-06
0.010842 7e-06
0.010777 6e-06
0.010842 4e-06
0.010732 5e-06
0.010759 5e-06
0.010835 5e-06
0.010758 4e-06
0.010781 4e-06
0.009248 6e-06
0.010862 5e-06
0.010834 7e-06
0.010804 4e-06
0.010834 4e-06
0.010735 6e-06
0.010768 4e-06
0.010736 3e-06
0.010796 4e-06
0.010836 5e-06
0.009347 5e-06
0.010851 5e-06
0.010876 6e-06
0.010905 6e-06
0.010823 5e-06
0.010875 4e-06
0.010829 4e-06
0.010747 3e-06
0.010753 5e-06
0.010721 4e-06
0.009937 5e-06
0.010835 7e-06
0.010936 8e-06
0.010836 5e-06
0.010797 3e-06
0.010783 4e-06
0.010824 3e-06
0.010786 4e-06
0.010755 4e-06
0.010817 5e-06
0.009751 7e-06
0.01082 5e-06
0.010885 8e-06
0.010811 4e-06
0.010843 6e-06
0.010861 7e-06
0.010763 4e-06
0.010731 4e-06
0.010833 5e-06
0.01079 4e-06
0.010325 5e-06
0.010858 6e-06
0.010835 7e-06
0.011034 6e-06
0.010812 4e-06
0.01074 4e-06
0.010872 8e-06
0.010903 6e-06
0.010898 7e-06
0.010802 4e-06
0.010613 5e-06
0.010796 5e-06
0.010768 6e-06
0.010899 6e-06
0.010832 5e-06
0.01072 5e-06
0.012611 5e-06
0.01083 4e-06
0.010865 5e-06
0.010881 4e-06
0.010693 6e-06
0.010839 6e-06
0.01093 8e-06
0.01103 7e-06
0.011396 8e-06
0.010936 5e-06
0.010897 5e-06
0.010807 5e-06
0.010803 5e-06
0.010697 4e-06
0.010546 5e-06
0.010765 5e-06
0.010829 7e-06
0.010938 6e-06
0.010725 5e-06
0.010863 6e-06
0.010917 4e-06
0.010902 6e-06
0.010772 5e-06
0.010737 7e-06
0.010867 8e-06
0.01092 8e-06
0.010955 1.2e-05
0.010948 8e-06
0.010836 6e-06
0.010817 4e-06
0.010837 4e-06
0.010808 4e-06
0.010735 3e-06
0.010713 5e-06
0.010728 4e-06
0.01079 5e-06
0.010878 7e-06
0.010889 7e-06
0.010824 6e-06
0.010766 4e-06
0.010739 4e-06
0.010851 4e-06
0.010785 5e-06
0.010896 4e-06
0.010755 3e-06
0.010363 6e-06
0.010787 6e-06
0.010865 7e-06
0.01094 3e-06
0.010858 4e-06
0.010799 4e-06
0.010702 3e-06
0.010755 4e-06
0.010696 3e-06
0.010803 5e-06
0.009709 6e-06
0.010968 5e-06
0.010942 7e-06
0.010788 5e-06
0.010847 6e-06
0.010787 3e-06
0.010664 3e-06
0.010808 5e-06
0.010827 3e-06
0.010733 3e-06
0.00905 6e-06
0.01087 4e-06
0.010749 8e-06
0.010771 5e-06
0.010819 5e-06
0.010741 4e-06
0.010798 5e-06
0.010809 5e-06
0.010932 7e-06
0.010853 9e-06
0.01049 8e-06
0.01078 7e-06
0.010813 7e-06
0.010864 7e-06
0.0108 5e-06
0.010782 4e-06
0.010844 5e-06
0.01089 4e-06
0.010928 5e-06
0.010859 4e-06
0.010371 7e-06
0.01082 6e-06
0.010803 8e-06
0.010773 6e-06
0.010859 4e-06
0.010661 4e-06
0.010863 7e-06
0.010918 5e-06
0.01081 4e-06
0.010823 4e-06
0.009736 6e-06
0.010798 5e-06
0.010791 8e-06
0.010954 7e-06
0.010853 4e-06
0.010828 5e-06
0.010689 4e-06
0.010694 4e-06
0.010815 4e-06
0.010871 4e-06
0.010748 7e-06
0.010919 6e-06
0.010904 8e-06
0.010723 8e-06
0.010841 6e-06
0.010869 6e-06
0.010823 6e-06
0.010792 6e-06
0.011 8e-06
0.010923 5e-06
0.010472 9e-06
0.010859 8e-06
0.01086 8e-06
0.01086 6e-06
0.010844 4e-06
0.010787 5e-06
0.010831 4e-06
0.010742 4e-06
0.010857 7e-06
0.010701 7e-06
0.010512 8e-06
0.010878 6e-06
0.010767 3.1e-05
0.010863 7e-06
0.010897 6e-06
0.010924 7e-06
0.010915 7e-06
0.010883 5e-06
0.010982 6e-06
0.011128 6e-06
0.010944 8e-06
0.011084 7e-06
0.011021 8e-06
0.010837 7e-06
0.010845 4e-06
0.010795 5e-06
0.010975 7e-06
0.011002 5e-06
0.011218 5e-06
0.010888 5e-06
0.011222 7e-06
0.011123 8e-06
0.012443 1.1e-05
0.012628 8e-06
0.012393 7e-06
0.012427 1.2e-05
0.012737 8e-06
0.012635 7e-06
0.010803 7e-06
0.010219 8e-06
0.01093 7e-06
0.010864 7e-06
0.010836 7e-06
0.01084 6e-06
0.01089 7e-06
0.010851 6e-06
0.010983 8e-06
0.010818 5e-06
0.010812 6e-06
0.010738 7e-06
0.010877 5e-06
0.010844 7e-06
0.010745 5e-06
0.010858 4e-06
0.010768 4e-06
0.010779 5e-06
0.010843 5e-06
0.010633 5e-06
0.010701 6e-06
0.009547 8e-06
0.011427 7e-06
0.010915 8e-06
0.012818 8e-06
0.011479 4e-06
0.010873 4e-06
0.010849 5e-06
0.010764 3e-06
0.010727 4e-06
0.010862 3e-06
0.010464 6e-06
0.010977 6e-06
0.010841 8e-06
0.010767 7e-06
0.01081 4e-06
0.010774 5e-06
0.010992 7e-06
0.011176 7e-06
0.010742 4e-06
0.01081 4e-06
0.009898 7e-06
0.010767 4e-06
0.010802 7e-06
0.010728 5e-06
0.010713 3e-06
0.010817 5e-06
0.010822 5e-06
0.010775 4e-06
0.010763 4e-06
0.010729 5e-06
0.009536 6e-06
0.010751 4e-06
0.010829 7e-06
0.010936 9e-06
0.010807 5e-06
0.010833 4e-06
0.010752 3e-06
0.010798 4e-06
0.010736 5e-06
0.01077 4e-06
0.009212 5e-06
0.010768 6e-06
0.010849 7e-06
0.010834 6e-06
0.010913 4e-06
0.01074 4e-06
0.010757 3e-06
0.010755 4e-06
0.010776 6e-06
0.010773 5e-06
0.00965 6e-06
0.010778 6e-06
0.010883 8e-06
0.010708 4e-06
0.010769 3e-06
0.010714 4e-06
0.010812 4e-06
0.010761 4e-06
0.010748 5e-06
0.010855 4e-06
0.01013 7e-06
0.010849 4e-06
0.010796 6e-06
0.010852 4e-06
0.010884 4e-06
0.010772 4e-06
0.010765 4e-06
0.010856 5e-06
0.010809 5e-06
0.010714 3e-06
0.009572 6e-06
0.010904 6e-06
0.010776 8e-06
0.010763 6e-06
0.010803 3e-06
0.01086 6e-06
0.010778 4e-06
0.010757 3e-06
0.010768 4e-06
0.010825 4e-06
0.009807 5e-06
0.010793 5e-06
0.010808 9e-06
0.010734 7e-06
0.01089 6e-06
0.010825 4e-06
0.010686 4e-06
0.010775 4e-06
0.010825 5e-06
0.010708 4e-06
0.010765 6e-06
0.010832 5e-06
0.011063 9e-06
0.010819 5e-06
0.010854 4e-06
0.010868 3e-06
0.010738 6e-06
0.010804 4e-06
0.010771 4e-06
0.010821 4e-06
0.010795 7e-06
0.010907 6e-06
0.010825 8e-06
0.011012 6e-06
0.010791 4e-06
0.010795 5e-06
0.0108 5e-06
0.010795 4e-06
0.010811 5e-06
0.010772 5e-06
0.010733 5e-06
0.010768 7e-06
0.010831 2.1e-05
0.011042 6e-06
0.010809 4e-06
0.010739 7e-06
0.010767 4e-06
0.010922 6e-06
0.010724 4e-06
0.01082 4e-06
0.010771 1.1e-05
0.010708 6e-06
0.010794 8e-06
0.011015 6e-06
0.010884 5e-06
0.010831 6e-06
0.010717 5e-06
0.010773 4e-06
0.010815 4e-06
0.010796 4e-06
0.010893 6e-06
0.010786 4e-06
0.010862 1e-05
0.010851 7e-06
0.010897 9e-06
0.010849 7e-06
0.010819 4e-06
0.01081 5e-06
0.010734 4e-06
0.010901 6e-06
0.010815 4e-06
0.010793 6e-06
0.010767 8e-06
0.010872 7e-06
0.010845 5e-06
0.01081 4e-06
0.010893 6e-06
0.012564 5e-06
0.010808 9e-06
0.011933 4e-06
0.01062 9e-06
0.010933 7e-06
0.010809 3.3e-05
0.010875 6e-06
0.010833 5e-06
0.010771 5e-06
0.010834 4e-06
0.010728 6e-06
0.010841 6e-06
0.010778 6e-06
0.010227 6e-06
0.010713 5e-06
0.010831 1e-05
0.010965 6e-06
0.01088 7e-06
0.010843 5e-06
0.010722 4e-06
0.010941 7e-06
0.010826 5e-06
0.011026 5e-06
0.010609 8e-06
0.011082 6e-06
0.011012 1e-05
0.011031 7e-06
0.011673 6e-06
0.011015 8e-06
0.012963 7e-06
0.01103 4e-06
0.010962 4e-06
0.010843 5e-06
0.009691 6e-06
0.010892 4e-06
0.010901 7e-06
0.010776 6e-06
0.010991 6e-06
0.011015 4e-06
0.010604 4e-06
0.010777 4e-06
0.012132 5e-06
0.010755 3e-06
0.009358 9e-06
0.012631 7e-06
0.011002 1.1e-05
0.013254 7e-06
0.011207 6e-06
0.011249 6e-06
0.01127 5e-06
0.010871 5e-06
0.010935 4e-06
0.011119 8e-06
0.010926 8e-06
0.013142 3.2e-05
0.014505 9e-06
0.013458 9e-06
0.010875 8e-06
0.010933 8e-06
0.011027 1e-05
0.010876 6e-06
0.010769 4e-06
0.010201 6e-06
0.010767 8e-06
0.010829 5e-06
0.01157 1.1e-05
0.015106 9e-06
0.015317 1.1e-05
0.015531 1e-05
0.012547 1e-05
0.013423 9e-06
0.013757 9e-06
0.01329 8e-06
0.012599 1e-05
0.013727 9e-06
0.011115 9e-06
0.01089 8e-06
0.010989 8e-06
0.011866 1.1e-05
0.010073 6e-06
0.011027 9e-06
0.010882 8e-06
0.010795 9e-06
0.016227 8e-06
0.016285 7e-06
0.012942 6e-06
0.010867 7e-06
0.010779 6e-06
0.010118 6e-06
0.010877 6e-06
0.011109 8e-06
0.010797 9e-06
0.010854 4e-06
0.010718 4e-06
0.010804 5e-06
0.010765 5e-06
0.010722 4e-06
0.010795 4e-06
0.009251 7e-06
0.010886 6e-06
0.010807 6e-06
0.010972 6e-06
0.01073 3e-06
0.010777 4e-06
0.010802 5e-06
0.010782 5e-06
0.010728 3e-06
0.010729 5e-06
0.010344 6e-06
0.010807 4e-06
0.010816 7e-06
0.010726 6e-06
0.010914 5e-06
0.010717 5e-06
0.010788 3e-06
0.010688 5e-06
0.010755 3e-06
0.010767 4e-06
0.009806 6e-06
0.010791 5e-06
0.010818 8e-06
0.010879 8e-06
0.010748 4e-06
0.010858 4e-06
0.010808 7e-06
0.010859 3e-06
0.010949 6e-06
0.011004 4e-06
0.009635 8e-06
0.010764 6e-06
0.010795 8e-06
0.01078 8e-06
0.010696 7e-06
0.010748 5e-06
0.01077 4e-06
0.010903 8e-06
0.010805 5e-06
0.010731 4e-06
0.009624 6e-06
0.010804 5e-06
0.010844 8e-06
0.010859 6e-06
0.01076 3e-06
0.01075 5e-06
0.010792 5e-06
0.010711 5e-06
0.010746 4e-06
0.010708 6e-06
0.009856 7e-06
0.011335 8e-06
