0.001361 0.000449
0.001355 0.000579
0.001377 0.000502
0.001363 0.000544
0.001356 0.000541
0.001358 0.000484
0.001454 0.000511
0.001361 0.000479
0.001348 0.000467
0.001362 0.000501
0.001342 0.000493
0.001361 0.00047
0.00135 0.000658
0.001367 0.000448
0.001353 0.000573
0.001277 0.000483
0.001351 0.000606
0.001372 0.000461
0.001367 0.000526
0.001392 0.000543
0.001338 0.000465
0.001373 0.000544
0.001372 0.00059
0.001365 0.000482
0.001348 0.000575
0.001364 0.000493
0.001354 0.000456
0.001348 0.00057
0.001343 0.000495
0.00136 0.000566
0.001362 0.000584
0.001369 0.000503
0.001338 0.000533
0.001377 0.000567
0.001534 0.000577
0.001367 0.000502
0.001359 0.000455
0.00137 0.000508
0.001355 0.000523
0.001365 0.000554
0.001351 0.000517
0.001365 0.000487
0.001344 0.000521
0.001356 0.000585
0.001224 0.000525
0.001199 0.000511
0.00136 0.000556
0.001366 0.000554
0.00137 0.000488
0.001371 0.000514
0.001356 0.000525
0.001363 0.000474
0.001358 0.000585
0.001349 0.000497
0.001356 0.000551
0.001519 0.000544
0.001356 0.000442
0.001381 0.000403
0.001349 0.000484
0.001367 0.000572
0.001358 0.000567
0.001361 0.000427
0.001347 0.000521
0.001362 0.000541
0.001356 0.000528
0.001357 0.000472
0.00135 0.000564
0.001353 0.000528
0.001356 0.000546
0.001387 0.000527
0.001337 0.000429
0.001369 0.000463
0.00135 0.000421
0.001368 0.000477
0.001355 0.000566
0.001189 0.000416
0.001345 0.000518
0.001352 0.000568
0.001342 0.00043
0.001371 0.000511
0.001355 0.00051
0.00137 0.000487
0.001362 0.000557
0.001388 0.000569
0.001358 0.000578
0.001628 0.000529
0.001367 0.000523
0.001391 0.000473
0.001346 0.000471
0.00135 0.000526
0.001344 0.000478
0.001372 0.000565
0.001366 0.000555
0.001373 0.000552
0.001357 0.00057
0.001362 0.000412
0.001336 0.000483
0.001371 0.000452
0.001353 0.000517
0.001355 0.000449
0.001351 0.000457
0.001372 0.000556
0.001353 0.000459
0.001359 0.000593
0.001345 0.000546
0.001235 0.000426
0.001213 0.000513
0.00137 0.000576
0.001354 0.000573
0.001361 0.000578
0.00137 0.000558
0.001383 0.000564
0.001358 0.000485
0.001369 0.000563
0.00135 0.000486
0.001356 0.000475
0.001345 0.000554
0.001414 0.000559
0.001349 0.000542
0.001357 0.000545
0.001375 0.000482
0.001362 0.000539
0.001351 0.000562
0.001364 0.000502
0.001344 0.00053
0.001366 0.000525
0.00135 0.000525
0.001356 0.000464
0.001356 0.000498
0.001361 0.000478
0.00136 0.000558
0.001361 0.000415
0.001349 0.000514
0.001355 0.00058
0.001414 0.000425
0.001243 0.000503
0.001362 0.000433
0.001373 0.000511
0.001357 0.00053
0.001378 0.000534
0.001368 0.000522
0.001356 0.000566
0.001372 0.000502
0.00136 0.000463
0.001368 0.000501
0.00137 0.000512
0.001358 0.000533
0.001363 0.000549
0.001356 0.000507
0.001354 0.000549
0.001341 0.000536
0.001367 0.000498
0.001346 0.000494
0.001358 0.000557
0.001391 0.000524
0.001385 0.000482
0.001381 0.000485
0.001347 0.000569
0.001349 0.000532
0.001378 0.000534
0.001347 0.000564
0.001353 0.000563
0.001332 0.000503
0.001367 0.000514
0.001345 0.000553
0.001247 0.000383
0.001118 0.000494
0.00136 0.000436
0.001356 0.000436
0.001355 0.000547
0.001359 0.000489
0.001365 0.000543
0.001352 0.0006
0.001417 0.000543
0.001355 0.000532
0.001369 0.000501
0.001368 0.000451
0.001362 0.000566
0.001344 0.000491
0.001364 0.000567
0.001352 0.000533
0.001353 0.000474
0.001345 0.000544
0.001357 0.000501
0.001357 0.000525
0.001367 0.000523
0.001353 0.000526
0.001364 0.000438
0.001342 0.000496
0.00136 0.000542
0.001339 0.000466
0.00137 0.000561
0.001352 0.000497
0.001368 0.000537
0.001351 0.000552
0.001355 0.000506
0.001227 0.000501
0.001367 0.000506
0.001378 0.000571
0.001363 0.000522
0.00134 0.000423
0.001369 0.000456
0.001351 0.00056
0.001412 0.000544
0.001351 0.000435
0.001358 0.000479
0.001349 0.000444
0.001367 0.000542
0.001354 0.000489
0.001362 0.000459
0.001361 0.000544
0.001365 0.000555
0.001343 0.000517
0.00136 0.000525
0.001344 0.000526
0.001347 0.000471
0.001351 0.000445
0.001368 0.000542
0.001342 0.000415
0.001353 0.000423
0.001352 0.000579
0.001366 0.000519
0.001357 0.000458
0.001366 0.000504
0.001353 0.000419
0.00136 0.000517
0.001355 0.000543
0.001219 0.000408
0.001174 0.000423
0.001356 0.000464
0.001672 0.000504
0.001369 0.000557
0.001341 0.000544
0.001348 0.000472
0.001348 0.000507
0.001381 0.000446
0.001409 0.000606
0.001359 0.000476
0.00136 0.000574
0.001361 0.000557
0.001356 0.000522
0.001374 0.000478
0.001352 0.000582
0.001371 0.000565
0.001353 0.000425
0.001363 0.000491
0.001367 0.000549
0.001372 0.000464
0.001364 0.000507
0.001363 0.000504
0.001357 0.000484
0.001348 0.000581
0.001363 0.000448
0.001356 0.000571
0.001355 0.00044
0.00136 0.000544
0.001354 0.000554
0.001358 0.000493
0.001281 0.000473
0.001133 0.000543
0.001379 0.000473
0.001364 0.000517
0.001352 0.00053
0.001366 0.000467
0.001348 0.000527
0.001367 0.000606
0.001339 0.000505
0.001345 0.000567
0.001359 0.000518
0.001357 0.000532
0.001349 0.000531
0.001356 0.000578
0.001358 0.000486
0.001366 0.000582
0.001365 0.000527
0.001352 0.000557
0.001358 0.000551
0.001365 0.000539
0.001333 0.000495
0.001342 0.00052
0.001352 0.000583
0.001362 0.000463
0.001364 0.000579
0.001366 0.000581
0.001357 0.000479
0.001364 0.000539
0.001354 0.000539
0.001355 0.000447
0.001281 0.000497
0.001365 0.000545
0.001356 0.000567
0.001361 0.000526
0.00136 0.000516
0.001364 0.000507
0.001349 0.000509
0.001348 0.000402
0.001353 0.000468
0.001364 0.000522
0.001346 0.000574
0.001359 0.000515
0.001359 0.000553
0.001368 0.000532
0.001366 0.000464
0.001371 0.000549
0.001348 0.000553
0.001354 0.000459
0.001351 0.000574
0.001357 0.000495
0.00136 0.000571
0.001353 0.000528
0.001357 0.000535
0.001349 0.000526
0.001353 0.000507
0.001368 0.000522
0.001338 0.000488
0.001355 0.000455
0.001355 0.000501
0.00136 0.00047
0.001367 0.000521
0.001129 0.000495
0.001331 0.000484
0.001356 0.000544
0.001363 0.000475
0.001362 0.000468
0.001343 0.000509
0.00135 0.000532
0.001353 0.00052
0.001372 0.000538
0.001345 0.000455
0.001362 0.000482
0.001342 0.000584
0.001357 0.000502
0.001351 0.000572
0.001369 0.000556
0.001351 0.000486
0.00136 0.000491
0.00135 0.00056
0.001353 0.000483
0.001358 0.000571
0.001353 0.000567
0.001353 0.000577
0.001359 0.000497
0.001346 0.000631
0.001371 0.00049
0.001358 0.000577
0.001365 0.000516
0.001413 0.000519
0.001358 0.00085
0.001384 0.000589
0.001128 0.000403
0.00134 0.000426
0.001359 0.000577
0.001341 0.000552
0.001366 0.000509
0.001345 0.000567
0.001364 0.000541
0.001356 0.000618
0.001381 0.000452
0.001352 0.000558
0.00136 0.000505
0.001355 0.000502
0.001357 0.000508
0.001353 0.000526
0.001358 0.000576
0.001346 0.000472
0.001364 0.000574
0.001358 0.000544
0.001355 0.000509
0.001349 0.00059
0.001362 0.000494
0.001354 0.000567
0.001364 0.000561
0.00134 0.000529
0.001365 0.000528
0.001349 0.000555
0.001449 0.000524
0.001346 0.000558
0.001254 0.000349
0.001119 0.000537
0.001354 0.000562
0.001346 0.000509
0.001362 0.000546
0.001347 0.00052
0.001369 0.000447
0.001361 0.000563
0.001357 0.000477
0.001355 0.000417
0.001365 0.000476
0.001352 0.000516
0.00136 0.000553
0.001352 0.000465
0.001385 0.000539
0.00135 0.000581
0.001351 0.00045
0.001374 0.000514
0.00138 0.000498
0.001388 0.000497
0.001353 0.000539
0.00135 0.000518
0.001351 0.000533
0.001357 0.000487
0.001356 0.000539
0.001353 0.000561
0.001361 0.000505
0.001341 0.00052
0.001358 0.000531
0.001352 0.000546
0.001366 0.00052
0.001361 0.000519
0.001238 0.000514
0.001351 0.000534
0.001364 0.000539
0.001353 0.000511
0.001368 0.000559
0.001362 0.000551
0.001392 0.000527
0.001339 0.000463
0.001361 0.000572
0.001344 0.000483
0.001358 0.000515
0.001338 0.000493
0.001371 0.000555
0.001347 0.000557
0.001359 0.000542
0.001353 0.00047
0.001369 0.000542
0.001349 0.00056
0.001373 0.000523
0.001351 0.000524
0.00137 0.000527
0.001355 0.000456
0.001365 0.000597
0.001348 0.000533
0.001356 0.000569
0.001343 0.000541
0.001683 0.000787
0.002053 0.00052
0.001468 0.000475
0.001191 0.000455
0.001736 0.000564
0.001366 0.000545
0.001432 0.000548
0.001352 0.000563
0.001387 0.000442
0.001353 0.000481
0.001358 0.000497
0.002045 0.000584
0.001405 0.000488
0.001343 0.00042
0.001356 0.00051
0.001345 0.000466
0.001358 0.00053
0.001357 0.00048
0.001367 0.000514
0.001354 0.000498
0.001364 0.000451
0.001355 0.000447
0.001354 0.000562
0.001342 0.0005
0.001368 0.000469
0.001361 0.000512
0.001378 0.000524
0.001362 0.000461
0.001362 0.000539
0.001349 0.000542
0.00137 0.000518
0.001356 0.000547
0.00136 0.000464
0.001179 0.000416
0.001084 0.000549
0.001354 0.000516
0.001373 0.000537
0.001346 0.000505
0.001367 0.000541
0.001353 0.000453
0.001372 0.00054
0.001348 0.000534
0.001362 0.000526
0.001348 0.000512
0.001369 0.000539
0.00136 0.000558
0.001358 0.000505
0.001359 0.000424
0.001462 0.000581
0.001368 0.00056
0.00138 0.00053
0.00135 0.000518
0.001364 0.000511
0.001349 0.000486
0.001365 0.000489
0.001345 0.000542
0.001363 0.00049
0.001349 0.000541
0.001373 0.000443
0.001393 0.000549
0.001361 0.000521
0.001346 0.000482
0.001357 0.000513
0.001358 0.000413
0.00118 0.000341
0.001176 0.000548
0.001358 0.000531
0.001368 0.000481
0.00137 0.000458
0.001349 0.000494
0.001363 0.000575
0.001363 0.000552
0.001371 0.000564
0.001346 0.000422
0.00137 0.000474
0.001349 0.000466
0.001366 0.00053
0.00134 0.000516
0.001347 0.000461
0.001349 0.000517
0.00136 0.000464
0.00136 0.000468
0.001364 0.000489
0.001342 0.000447
0.001361 0.00055
0.001349 0.000423
0.001362 0.000516
0.001369 0.00056
0.001374 0.000419
0.00136 0.00048
0.001353 0.000565
0.001358 0.000558
0.001364 0.000514
0.001353 0.000489
0.00135 0.000537
0.001341 0.000537
0.001141 0.000429
0.001366 0.000567
0.001357 0.000463
0.001361 0.000488
0.001356 0.000456
0.001358 0.000565
0.001367 0.000533
0.001347 0.000484
0.001357 0.000569
0.001362 0.000513
0.001356 0.00054
0.001343 0.000518
0.001378 0.000495
0.00138 0.000548
0.001371 0.000529
0.00134 0.0005
0.001368 0.000541
0.001348 0.000668
0.00135 0.000476
0.001333 0.000563
0.001355 0.000445
0.001347 0.000488
0.001357 0.000495
0.001962 0.000542
0.001392 0.000509
0.001349 0.000455
0.001368 0.000485
0.001352 0.000517
0.001354 0.000574
0.001347 0.000565
0.001242 0.000466
0.001357 0.000504
0.00137 0.000464
0.001345 0.000523
0.001367 0.000552
0.001352 0.000511
0.001366 0.000538
0.001375 0.000574
0.001368 0.000503
0.001346 0.000524
0.001356 0.000599
0.00137 0.000543
0.00135 0.00055
0.00136 0.000579
0.001361 0.000568
0.001356 0.000523
0.00137 0.000538
0.001354 0.000475
0.001369 0.000535
0.00134 0.000521
0.001364 0.000535
0.001348 0.000547
0.001358 0.000558
0.001347 0.000492
0.001347 0.000564
0.001336 0.000588
0.001372 0.000431
0.001366 0.000545
0.001368 0.000455
0.001241 0.000494
0.001365 0.000524
0.001356 0.00049
0.001365 0.000494
0.001355 0.000605
0.001351 0.000486
0.001348 0.00049
0.00137 0.000444
0.001696 0.000546
0.001377 0.000532
0.001351 0.000439
0.001364 0.000564
0.00135 0.000522
0.001351 0.000557
0.00135 0.000524
0.001362 0.000455
0.001346 0.000463
0.001362 0.000555
0.001359 0.00051
0.001354 0.000493
0.001347 0.000551
0.001358 0.000503
0.001343 0.000549
0.001345 0.000536
0.001346 0.000563
0.001352 0.000536
0.001364 0.00047
0.001372 0.000534
0.001347 0.000501
0.001371 0.000501
0.001361 0.000567
0.001185 0.000419
0.001327 0.000533
0.001361 0.000518
0.001355 0.000536
0.001361 0.000545
0.001356 0.000444
0.001374 0.000521
0.001351 0.000565
0.001415 0.00053
0.001348 0.000536
0.001363 0.000471
0.001336 0.00052
0.001356 0.000505
0.001344 0.000579
0.001364 0.000533
0.001339 0.00056
0.00136 0.000546
0.001353 0.000577
0.001357 0.000476
0.001352 0.000567
0.001357 0.000444
0.001343 0.000501
0.001382 0.000434
0.001356 0.000566
0.001366 0.000515
0.001385 0.000571
0.001364 0.000488
0.001337 0.000558
0.001361 0.000485
0.001358 0.000421
0.001299 0.000519
0.001132 0.000542
0.001358 0.000513
0.001354 0.00054
0.001363 0.000478
0.001348 0.000432
0.001358 0.000546
0.001354 0.000567
0.00139 0.000492
0.001353 0.000538
0.001355 0.000449
0.001378 0.000603
0.001366 0.00052
0.001357 0.000453
0.001355 0.000487
0.001335 0.000502
0.00135 0.000511
0.001357 0.000573
0.001364 0.000556
0.001356 0.000537
0.001359 0.000505
0.001349 0.000481
0.001367 0.00048
0.001355 0.000473
0.001361 0.000577
0.00135 0.000565
0.001352 0.000517
0.001342 0.000579
0.001377 0.000571
0.00137 0.0005
0.001363 0.000423
0.001127 0.000406
0.001091 0.000498
0.001364 0.000537
0.001352 0.000462
0.001353 0.000611
0.001353 0.000493
0.001354 0.000489
0.001356 0.000539
0.001368 0.00066
0.001472 0.000553
0.001369 0.00049
0.001376 0.000465
0.001352 0.000522
0.001365 0.000556
0.001358 0.000562
0.00136 0.000499
0.001374 0.000589
0.001363 0.000521
0.001362 0.00052
0.001363 0.000565
0.00134 0.000499
0.001374 0.000456
0.001359 0.000477
0.001361 0.000547
0.001357 0.000501
0.001371 0.0005
0.001371 0.000472
0.001367 0.000529
0.001349 0.000515
0.001367 0.000477
0.001348 0.00051
0.001283 0.000483
0.001176 0.000555
0.001371 0.000453
0.001356 0.000493
0.001364 0.000573
0.001376 0.000485
0.001369 0.000447
0.001351 0.000545
0.001383 0.000526
0.001363 0.000492
0.001393 0.000502
0.00136 0.00049
0.001371 0.00051
0.001367 0.000522
0.001368 0.000506
0.001351 0.000513
0.001377 0.000512
0.001348 0.000541
0.00137 0.000507
0.001361 0.000577
0.001362 0.000479
0.001349 0.00043
0.001368 0.000455
0.001355 0.000554
0.001367 0.000563
0.001342 0.000576
0.001366 0.000536
0.001361 0.00053
0.001371 0.000458
0.001424 0.000513
0.001372 0.000539
0.001224 0.000432
0.001143 0.000507
0.001352 0.000553
0.001387 0.000493
0.001362 0.000487
0.00137 0.000564
0.001357 0.000543
0.001369 0.000527
0.001359 0.000708
0.001365 0.000445
0.00136 0.000579
0.001362 0.000525
0.001339 0.000567
0.001376 0.000534
0.001346 0.000509
0.001354 0.000547
0.001349 0.000481
0.001375 0.000568
0.001359 0.000496
0.001362 0.000527
0.001339 0.000539
0.001356 0.000561
0.001345 0.000508
0.001357 0.000508
0.001358 0.000577
0.001361 0.0005
0.001361 0.00051
0.001364 0.000526
0.001357 0.000485
0.001353 0.000489
0.001347 0.000446
0.001274 0.000388
0.00136 0.000548
0.001357 0.00052
0.001356 0.000561
0.00137 0.000497
0.001351 0.000511
0.001366 0.000526
0.001368 0.000499
0.001352 0.000575
0.001349 0.000574
0.001395 0.000533
0.001349 0.00052
0.001348 0.000482
0.001373 0.000526
0.001363 0.000446
0.001369 0.000524
0.001352 0.000439
0.001361 0.000571
0.001375 0.000542
0.001345 0.000571
0.001364 0.000561
0.001352 0.000474
0.00135 0.000553
0.001351 0.000545
0.001375 0.000447
0.00136 0.000488
0.001366 0.000468
0.001366 0.000526
0.001371 0.00051
0.001348 0.000487
0.001286 0.000514
0.001259 0.000585
0.001354 0.000575
0.001355 0.000588
0.001357 0.000507
0.001349 0.000465
0.001346 0.0005
0.001353 0.000489
0.001399 0.000474
0.001357 0.000564
0.001372 0.000492
0.001354 0.000494
0.001367 0.000567
0.001352 0.000565
0.001361 0.000594
0.001345 0.000496
0.001364 0.000497
0.001347 0.000479
0.001362 0.000513
0.001333 0.000542
0.001383 0.000466
0.001353 0.000541
0.001358 0.000553
0.001348 0.000524
0.001371 0.000499
0.001357 0.000492
0.001373 0.000468
0.001357 0.000528
0.00136 0.000514
0.001358 0.000428
0.001361 0.000511
0.001137 0.000441
0.001357 0.000508
0.001348 0.000484
0.001394 0.00055
0.001378 0.00057
0.001353 0.000447
0.001348 0.000579
0.001374 0.000448
0.001358 0.000422
0.001364 0.000513
0.001352 0.000566
0.001368 0.000553
0.001376 0.000504
0.001383 0.000558
0.001348 0.000502
0.001349 0.000577
0.001355 0.000572
0.001367 0.000533
0.001358 0.000483
0.001367 0.0005
0.001345 0.00049
0.001361 0.000584
0.001357 0.000547
0.001354 0.000451
0.001355 0.000503
0.001366 0.000475
0.00135 0.000507
0.001353 0.00046
0.00135 0.000521
0.001355 0.000578
0.001233 0.00051
0.00137 0.000465
0.001356 0.000555
0.001363 0.000524
0.001344 0.000591
0.001384 0.000507
0.001357 0.000502
0.001364 0.000567
0.001351 0.000471
0.001371 0.000511
0.001346 0.000581
0.001345 0.000527
0.001348 0.000525
0.001367 0.000498
0.001352 0.000575
0.001346 0.000421
0.001397 0.000497
0.001369 0.000549
0.001364 0.00047
0.001358 0.000586
0.001365 0.000525
0.001361 0.000537
0.001363 0.000473
0.00135 0.000542
0.001352 0.000523
0.001376 0.000468
0.001343 0.000569
0.00136 0.000527
0.001356 0.000556
0.001347 0.000481
0.001118 0.000402
0.001368 0.000541
0.001349 0.000412
0.001364 0.000577
0.001354 0.00052
0.001371 0.000527
0.001355 0.000579
0.001373 0.000466
0.001348 0.000582
0.001358 0.00056
0.001352 0.000474
0.001357 0.000496
0.001354 0.0005
0.001356 0.000559
0.001353 0.000473
0.001374 0.000462
0.001352 0.000577
0.001384 0.00049
0.001348 0.000489
0.001364 0.000546
0.001356 0.000559
0.001367 0.000476
0.001433 0.000547
0.001387 0.000522
0.001348 0.000561
0.001337 0.000493
0.001355 0.000485
0.00138 0.000432
0.001354 0.000451
0.001362 0.000471
0.001344 0.000542
0.001309 0.000569
0.001347 0.000434
0.00136 0.000485
0.001355 0.000529
0.00135 0.000503
0.001363 0.000599
0.00137 0.00052
0.001352 0.00049
0.001365 0.000535
0.001349 0.000524
0.001366 0.000659
0.001349 0.000553
0.001347 0.000568
0.001343 0.000461
0.001343 0.000541
0.00135 0.000497
0.001352 0.000507
0.001369 0.000464
0.001375 0.000539
0.00135 0.000471
0.001382 0.000534
0.001348 0.000496
0.001351 0.000514
0.001355 0.000541
0.001362 0.000456
0.001425 0.000489
0.001395 0.000702
0.001356 0.000481
0.001383 0.000463
0.001351 0.000465
0.001371 0.000487
0.001363 0.000581
0.001135 0.000527
0.001361 0.000568
0.001407 0.000473
0.001355 0.000511
0.001387 0.000529
0.001372 0.000558
0.001369 0.000572
0.001367 0.000573
0.001365 0.000505
0.00135 0.000525
0.001348 0.000501
0.001374 0.000563
0.001366 0.000464
0.00136 0.000573
0.001355 0.00053
0.001347 0.000565
0.001346 0.000598
0.00135 0.000575
0.001354 0.000541
0.001345 0.000533
0.001369 0.000586
0.001341 0.000468
0.001389 0.000615
0.001349 0.000545
0.001369 0.000595
0.001358 0.000485
0.001353 0.000492
0.001362 0.000552
0.001356 0.000457
0.001111 0.000465
0.001364 0.000563
0.001373 0.000529
0.001351 0.000466
0.001361 0.000441
0.00137 0.000433
0.00135 0.00053
0.001377 0.000494
0.001402 0.000488
0.001367 0.000558
0.00136 0.000481
0.001365 0.000565
