0.001352 8.2e-05
0.001365 8.2e-05
0.001356 6e-05
0.001368 7.8e-05
0.001356 6.4e-05
0.001363 5.9e-05
0.00134 5.6e-05
0.001359 6.4e-05
0.001333 4.8e-05
0.001385 6.4e-05
0.001348 7.3e-05
0.00136 7.6e-05
0.001365 5.8e-05
0.001389 6.2e-05
0.001346 7.2e-05
0.001358 6.1e-05
0.001342 5e-05
0.001309 6.4e-05
0.001117 7.4e-05
0.001139 6.2e-05
0.001356 5.8e-05
0.001417 6.2e-05
0.00136 5.9e-05
0.001358 5.2e-05
0.001336 0.000161
0.001385 6.4e-05
0.001356 5.8e-05
0.001367 8.6e-05
0.001897 0.000105
0.001358 6.6e-05
0.001376 6e-05
0.00136 0.000102
0.001512 6.1e-05
0.001354 7.2e-05
0.001357 7e-05
0.001916 9.5e-05
0.001367 5.1e-05
0.001369 0.000111
0.001349 9.8e-05
0.001497 7.7e-05
0.001336 5.9e-05
0.001373 7.6e-05
0.001343 5.8e-05
0.001491 7.1e-05
0.001354 6e-05
0.001352 6.7e-05
0.001377 5.2e-05
0.001361 6.1e-05
0.001345 8.2e-05
0.001368 6e-05
0.001361 8.3e-05
0.001379 5.8e-05
0.001356 6.5e-05
0.001347 4.9e-05
0.001346 7.8e-05
0.001356 7.4e-05
0.001339 5.7e-05
0.001348 5.8e-05
0.001353 5.4e-05
0.001356 6.2e-05
0.001359 6.1e-05
0.001364 6.3e-05
0.001362 7.2e-05
0.00136 6.4e-05
0.001341 6.7e-05
0.00135 7.3e-05
0.001349 6e-05
0.001357 6.8e-05
0.001347 4.4e-05
0.00136 6.1e-05
0.001349 8.4e-05
0.001361 5.6e-05
0.001353 5.1e-05
0.001369 6.3e-05
0.00135 6.6e-05
0.001364 7.9e-05
0.00136 6.5e-05
0.00135 5.6e-05
0.001348 9.4e-05
0.001358 6e-05
0.001353 7.2e-05
0.001375 7.2e-05
0.001371 8.4e-05
0.001366 6.1e-05
0.001353 7.6e-05
0.001359 8e-05
0.001348 6.4e-05
0.001237 4e-05
0.001232 4.5e-05
0.001136 5.4e-05
0.001357 8.6e-05
0.001349 5.4e-05
0.00134 7.7e-05
0.001358 8.3e-05
0.001353 6.2e-05
0.001364 6.4e-05
0.001357 6.2e-05
0.001359 5.5e-05
0.001367 6.2e-05
0.001356 6.7e-05
0.00135 5.2e-05
0.001361 4.4e-05
0.00136 6.2e-05
0.001364 7.4e-05
0.001352 5.9e-05
0.001366 5.7e-05
0.001396 8.9e-05
0.001367 5.1e-05
0.001361 9.3e-05
0.00136 7.4e-05
0.001354 7.5e-05
0.001345 5.8e-05
0.001362 6.3e-05
0.001369 7.3e-05
0.00135 5.5e-05
0.00135 5.7e-05
0.00135 8.3e-05
0.001366 6.4e-05
0.001359 5.6e-05
0.001369 5.6e-05
0.001352 6e-05
0.001358 7.2e-05
0.001348 5.3e-05
0.001373 8.4e-05
0.001364 8.3e-05
0.001376 6.6e-05
0.001349 6.7e-05
0.001357 9.7e-05
0.001349 7.2e-05
0.001344 5.2e-05
0.001359 5.9e-05
0.001358 4.5e-05
0.001361 5.6e-05
0.001372 8.5e-05
0.001354 5.9e-05
0.001355 7e-05
0.001364 8e-05
0.001359 5.1e-05
0.001356 6.9e-05
0.001364 6.1e-05
0.001352 4.9e-05
0.001358 4.9e-05
0.001351 7.7e-05
0.001358 6.5e-05
0.001343 5.8e-05
0.001364 9.4e-05
0.001354 7.4e-05
0.001361 5.2e-05
0.001352 0.000119
0.00137 6.3e-05
0.001367 8.7e-05
0.001368 6.8e-05
0.001349 6.1e-05
0.001364 5.8e-05
0.001368 6.5e-05
0.001374 6.4e-05
0.00137 6.8e-05
0.001357 7e-05
0.001285 4.7e-05
0.001131 4.9e-05
0.001174 5.9e-05
0.001248 5.9e-05
0.001349 6.7e-05
0.00136 5.7e-05
0.001346 6e-05
0.001388 6.4e-05
0.001343 8.4e-05
0.001373 6.1e-05
0.001344 6.3e-05
0.001367 5.9e-05
0.001349 6.4e-05
0.001362 8.2e-05
0.001338 6.6e-05
0.001362 9.7e-05
0.001351 4.5e-05
0.001369 7.7e-05
0.001437 9.4e-05
0.00141 6.6e-05
0.001402 7.9e-05
0.001357 5.4e-05
0.001353 6.3e-05
0.00136 7.2e-05
0.001363 5.3e-05
0.001409 7.1e-05
0.001355 5.2e-05
0.001356 7.8e-05
0.001373 5.3e-05
0.001428 6.9e-05
0.00138 6.8e-05
0.001368 5.9e-05
0.001348 5.8e-05
0.001378 6.2e-05
0.001355 0.000101
0.001358 6.6e-05
0.001373 5.9e-05
0.001388 8.8e-05
0.00136 5.2e-05
0.001382 7.7e-05
0.001586 9.4e-05
0.001906 9e-05
0.001549 7.4e-05
0.001367 4.7e-05
0.00133 5.6e-05
0.001363 8e-05
0.001351 5.5e-05
0.001371 6.1e-05
0.00134 7.8e-05
0.001367 5e-05
0.001352 6.2e-05
0.001379 9.5e-05
0.001344 5.7e-05
0.001378 6.4e-05
0.001353 7.3e-05
0.001366 7.7e-05
0.001358 9.4e-05
0.001714 5.7e-05
0.001361 6.4e-05
0.001348 7.3e-05
0.001356 7.3e-05
0.001368 6.6e-05
0.001348 6.2e-05
0.001357 6.4e-05
0.001359 6.9e-05
0.001367 9.6e-05
0.001351 5.6e-05
0.001347 6.9e-05
0.001369 0.000112
0.001366 8.1e-05
0.001347 3.9e-05
0.00128 5.9e-05
0.001136 5.6e-05
0.001144 9.7e-05
0.00135 8.4e-05
0.001367 7.4e-05
0.001355 6.1e-05
0.001372 8.3e-05
0.001362 5.6e-05
0.001363 5.9e-05
0.001346 8.4e-05
0.001372 6.4e-05
0.001359 5.3e-05
0.001377 6.3e-05
0.001349 9.2e-05
0.001375 7.2e-05
0.001344 7.2e-05
0.001358 6.9e-05
0.001343 7.6e-05
0.001354 7.8e-05
0.001407 8.2e-05
0.001369 7.1e-05
0.001352 4.4e-05
0.001362 5.8e-05
0.00135 5.9e-05
0.001362 7e-05
0.001344 8.3e-05
0.00137 7.8e-05
0.001351 6.5e-05
0.001382 6.8e-05
0.001361 7.9e-05
0.001367 7.8e-05
0.001352 7.8e-05
0.001359 6.9e-05
0.001357 7.4e-05
0.001364 7.5e-05
0.001357 6.2e-05
0.001362 6.9e-05
0.00137 4.6e-05
0.001358 5e-05
0.001358 4.2e-05
0.001368 9e-05
0.001364 7.1e-05
0.00136 4.8e-05
0.001356 8.5e-05
0.001356 8.6e-05
0.001354 8.1e-05
0.001364 7.4e-05
0.001352 6.8e-05
0.001361 7.9e-05
0.001353 4.6e-05
0.001367 6.4e-05
0.001362 5.7e-05
0.001369 5.8e-05
0.001348 6.2e-05
0.001369 7.8e-05
0.001343 7.4e-05
0.001352 5.9e-05
0.001352 6e-05
0.001357 6.1e-05
0.001346 6.9e-05
0.001361 6e-05
0.001353 6.2e-05
0.001365 8e-05
0.001354 7.1e-05
0.001368 8.5e-05
0.001385 5.8e-05
0.001395 5.4e-05
0.001369 7.4e-05
0.001342 5.6e-05
0.00136 5.2e-05
0.001379 7.4e-05
0.001288 6.5e-05
0.00134 4.2e-05
0.001233 6.6e-05
0.001459 0.0001
0.001351 6.8e-05
0.001359 5.8e-05
0.001355 7.9e-05
0.001361 7.6e-05
0.001792 6.2e-05
0.001375 6e-05
0.001356 7.1e-05
0.001393 0.000102
0.001467 7.1e-05
0.001354 6.4e-05
0.001336 6.3e-05
0.001369 7.9e-05
0.001347 7.3e-05
0.001375 6.6e-05
0.001356 6.5e-05
0.001556 5.3e-05
0.00135 7.4e-05
0.001396 5.6e-05
0.001352 6.3e-05
0.00137 6.3e-05
0.001336 6.6e-05
0.001374 5.7e-05
0.001352 8.2e-05
0.001365 7.7e-05
0.001376 4.8e-05
0.001364 8.7e-05
0.001351 7.2e-05
0.001388 0.0001
0.001352 6.7e-05
0.001357 5.1e-05
0.001351 7.2e-05
0.001368 7.3e-05
0.001358 9.1e-05
0.001369 5.5e-05
0.001337 7e-05
0.00136 8.8e-05
0.001355 7e-05
0.001366 5.3e-05
0.001357 7.1e-05
0.001365 8.1e-05
0.001351 0.000107
0.00135 7.2e-05
0.001386 5.4e-05
0.001356 7.2e-05
0.00135 6.8e-05
0.001373 7.6e-05
0.00134 8.5e-05
0.001352 6.9e-05
0.001336 5.4e-05
0.001364 5.7e-05
0.001376 7.3e-05
0.001365 5.8e-05
0.001367 9.5e-05
0.001372 6.5e-05
0.001359 5.9e-05
0.001356 7.1e-05
0.00135 7.1e-05
0.001361 5.4e-05
0.001347 7.3e-05
0.001398 5.3e-05
0.001355 6e-05
0.001463 6.3e-05
0.001361 5.9e-05
0.001364 6.7e-05
0.001349 9.2e-05
0.001359 5.4e-05
0.001356 5.2e-05
0.001136 6.7e-05
0.001127 8.2e-05
0.001098 6.1e-05
0.001372 5.4e-05
0.001354 6.7e-05
0.002035 4.6e-05
0.00137 0.000104
0.001353 9.8e-05
0.001373 0.000127
0.001658 6.4e-05
0.001358 8.8e-05
0.001349 7.7e-05
0.002136 5.9e-05
0.001444 6.6e-05
0.001392 6.6e-05
0.001479 6.2e-05
0.00145 0.000104
0.001361 6.4e-05
0.001357 7.6e-05
0.001541 5.4e-05
0.001373 6.5e-05
0.001342 8.6e-05
0.001363 6.3e-05
0.001355 6.3e-05
0.001352 5.8e-05
0.001343 0.000107
0.001369 5.9e-05
0.001354 6.4e-05
0.001362 7.4e-05
0.001347 5.8e-05
0.001367 5e-05
0.001359 6.4e-05
0.001376 7.3e-05
0.001367 7.4e-05
0.001367 7.6e-05
0.001349 7.3e-05
0.00136 9.5e-05
0.001344 9.5e-05
0.001373 8.4e-05
0.001352 6.4e-05
0.001365 7.8e-05
0.001368 5.1e-05
0.001364 6.3e-05
0.001366 6.1e-05
0.001358 8.2e-05
0.001353 6.4e-05
0.001368 7.5e-05
0.00137 6.4e-05
0.001365 5.3e-05
0.00136 6.1e-05
0.001376 5.2e-05
0.001368 6.9e-05
0.001348 0.000102
0.001369 4.9e-05
0.001359 7.9e-05
0.001355 5.4e-05
0.001357 8.8e-05
0.001348 5.8e-05
0.001339 5.1e-05
0.001353 7.3e-05
0.001357 6.4e-05
0.001355 9.1e-05
0.00136 7.6e-05
0.001359 4.5e-05
0.001374 8.2e-05
0.001357 6.2e-05
0.001379 8.2e-05
0.001361 5.9e-05
0.001409 7.7e-05
0.00138 5.5e-05
0.001223 6.3e-05
0.001133 7e-05
0.001152 6.8e-05
0.00136 5.4e-05
0.001361 6.1e-05
0.00149 7.5e-05
0.001687 5.9e-05
0.001379 4.6e-05
0.001357 5.7e-05
0.001362 7.8e-05
0.00138 5.4e-05
0.001361 5.9e-05
0.001358 5.6e-05
0.001354 7.1e-05
0.001361 5.3e-05
0.001349 5.7e-05
0.001361 6.3e-05
0.001344 8.4e-05
0.001366 6.5e-05
0.001378 6.2e-05
0.001394 0.000104
0.001368 6.2e-05
0.001361 8e-05
0.001348 4.7e-05
0.001362 5.7e-05
0.001356 6.4e-05
0.001376 6e-05
0.001359 6e-05
0.00136 5.4e-05
0.00135 5.8e-05
0.001367 6.3e-05
0.001349 7.3e-05
0.001362 0.000107
0.001351 9.2e-05
0.001474 6.5e-05
0.001358 9.3e-05
0.001356 7.5e-05
0.001341 9.7e-05
0.001356 7.9e-05
0.001357 6.6e-05
0.001369 6.3e-05
0.001353 6.3e-05
0.001363 7.4e-05
0.001339 5.6e-05
0.001358 0.000103
0.00135 8e-05
0.001377 6.6e-05
0.001366 5.2e-05
0.001354 6.7e-05
0.001364 5.9e-05
0.001357 6e-05
0.001346 6.5e-05
0.001357 9e-05
0.001359 6.6e-05
0.001366 7.8e-05
0.001371 6e-05
0.001363 6.6e-05
0.001354 5.7e-05
0.001356 6.8e-05
0.001357 7.3e-05
0.00139 7.8e-05
0.001365 7.9e-05
0.001369 6.8e-05
0.001377 6.9e-05
0.001358 6e-05
0.001356 5.2e-05
0.001375 9.4e-05
0.0014 6.1e-05
0.001385 7.8e-05
0.001358 8e-05
0.001343 5.3e-05
0.001331 7.1e-05
0.001195 3.9e-05
0.001178 7.1e-05
0.00136 8.8e-05
0.00135 4.6e-05
0.001373 7.5e-05
0.001344 4.7e-05
0.001357 9.7e-05
0.001356 0.000103
0.001359 8.5e-05
0.001352 6.6e-05
0.001364 6.6e-05
0.001364 4.8e-05
0.001365 6e-05
0.00136 4.8e-05
0.001361 4.4e-05
0.001379 5.5e-05
0.001371 8e-05
0.001346 6.4e-05
0.001584 7.3e-05
0.001385 5.4e-05
0.001358 6.7e-05
0.001362 6.6e-05
0.001379 6.2e-05
0.001357 5.5e-05
0.00135 8.2e-05
0.001347 6.5e-05
0.001367 7.3e-05
0.001348 5.6e-05
0.001367 6e-05
0.001359 6.9e-05
0.001364 7e-05
0.001355 4.9e-05
0.00136 6.9e-05
0.001353 5.8e-05
0.001373 6.8e-05
0.001349 4.8e-05
0.001366 6.2e-05
0.001349 6.3e-05
0.001373 6.3e-05
0.001344 6.4e-05
0.001349 8.5e-05
0.001368 5.8e-05
0.001373 7.2e-05
0.001365 8e-05
0.001375 6.7e-05
0.001355 8.4e-05
0.001354 9e-05
0.001356 6.4e-05
0.001352 7.4e-05
0.001369 7.6e-05
0.00136 6.9e-05
0.001359 5.5e-05
0.001374 5.6e-05
0.001352 5.7e-05
0.001379 6.4e-05
0.001349 8.7e-05
0.001373 7.9e-05
0.001336 5.2e-05
0.001363 9.1e-05
0.001353 9.2e-05
0.001347 5.9e-05
0.001362 7.3e-05
0.001362 9.8e-05
0.001357 7.3e-05
0.001376 5.8e-05
0.001343 6.6e-05
0.001361 7.6e-05
0.001351 5.7e-05
0.001374 7.3e-05
0.001351 6.2e-05
0.001233 5.8e-05
0.001268 4e-05
0.001134 4.9e-05
0.00135 5.8e-05
0.001345 4.9e-05
0.001345 6.6e-05
0.001373 5.8e-05
0.001362 6.6e-05
0.001357 4.5e-05
0.001369 5.7e-05
0.001362 8.1e-05
0.001353 5.6e-05
0.001364 4.9e-05
0.001354 7.1e-05
0.00138 5.7e-05
0.001361 0.000114
0.001363 6.4e-05
0.001352 6.5e-05
0.001379 6.1e-05
0.001357 5.8e-05
0.001369 7e-05
0.001346 8.6e-05
0.001354 9.5e-05
0.001354 4.3e-05
0.001359 6e-05
0.001357 4.5e-05
0.001366 6.4e-05
0.001362 7.3e-05
0.001381 6.3e-05
0.001354 8.2e-05
0.001361 9.4e-05
0.001351 7.1e-05
0.001364 0.000102
0.00135 5.7e-05
0.001361 6.7e-05
0.001369 5.9e-05
0.001382 7e-05
0.001363 6e-05
0.001402 9e-05
0.001376 6.1e-05
0.001365 6.4e-05
0.001366 7.1e-05
0.001362 6.3e-05
0.001373 6.5e-05
0.001374 6.1e-05
0.001368 5.6e-05
0.001382 6.4e-05
0.001513 8.1e-05
0.001835 8.4e-05
0.001363 7.4e-05
0.001792 7.1e-05
0.001677 6.5e-05
0.001362 0.000103
0.001571 0.000109
0.001697 8.6e-05
0.00137 7.7e-05
0.001349 7.6e-05
0.001734 9.8e-05
0.002125 8.5e-05
0.002119 9.9e-05
0.002129 0.000105
0.00208 8.9e-05
0.002097 8.2e-05
0.002092 9.1e-05
0.002068 7.9e-05
0.001628 6.6e-05
0.001349 0.0001
0.001351 7.3e-05
0.001866 0.000107
0.001758 7.1e-05
0.001381 8.1e-05
0.001795 6.5e-05
0.001699 8.7e-05
0.001342 6.9e-05
0.001557 6.7e-05
0.001392 8.7e-05
0.001575 7e-05
0.001372 5.8e-05
0.001365 7.7e-05
0.001351 7.4e-05
0.001365 7.8e-05
0.001357 4.9e-05
0.001403 8.6e-05
0.001373 7.7e-05
0.001375 9.1e-05
0.001363 8.2e-05
0.001593 8.8e-05
0.001353 6.8e-05
0.001366 9.2e-05
0.001381 5.9e-05
0.001383 7.4e-05
0.001345 9.3e-05
0.001355 4.8e-05
0.001384 6.7e-05
0.00136 6.4e-05
0.001337 5.8e-05
0.001367 8.3e-05
0.001962 8.9e-05
0.001381 6.2e-05
0.001359 6.6e-05
0.001386 7.3e-05
0.001357 5.9e-05
0.001355 5e-05
0.001348 4.7e-05
0.001392 7.4e-05
0.001344 5.6e-05
0.001376 7e-05
0.001365 5.7e-05
0.001375 6.7e-05
0.00138 0.000108
0.002616 7.5e-05
0.001657 9.1e-05
0.001419 0.000139
0.002125 6.6e-05
0.001875 6.4e-05
0.001407 6.1e-05
0.001418 0.000105
0.001545 9.4e-05
0.002609 0.000127
0.002102 6.6e-05
0.00154 5.7e-05
0.001369 5.1e-05
0.001367 5e-05
0.001353 6.6e-05
0.001384 7.3e-05
0.001358 7.8e-05
0.001424 7.1e-05
0.001379 8e-05
0.001367 7.6e-05
0.001348 6e-05
0.001363 8e-05
0.001223 5.5e-05
0.001215 5.6e-05
0.001199 5.7e-05
0.001402 6.5e-05
0.001359 5.9e-05
0.001359 8.8e-05
0.001379 5.7e-05
0.001394 7.1e-05
0.001348 6.5e-05
0.001379 6.5e-05
0.001367 7.4e-05
0.001392 7.2e-05
0.001353 6e-05
0.001356 4.8e-05
0.001372 7.1e-05
0.001382 6e-05
0.001368 8.1e-05
0.00139 6.4e-05
0.001362 4.8e-05
0.001361 6.9e-05
0.001364 7.7e-05
0.001374 7.3e-05
0.001337 7.5e-05
0.001356 5.1e-05
0.001373 7.1e-05
0.00136 5e-05
0.001405 6.2e-05
0.001372 7.4e-05
0.001395 7.3e-05
0.00137 7.6e-05
0.001356 6.3e-05
0.001357 7.5e-05
0.001362 6.7e-05
0.001358 5.9e-05
0.001354 5.6e-05
0.001354 8e-05
0.001353 5.9e-05
0.001374 6.3e-05
0.001346 5.2e-05
0.001371 9e-05
0.001344 5.6e-05
0.001396 8.2e-05
0.001363 5.7e-05
0.001368 5.8e-05
0.001369 7.2e-05
0.001392 6.1e-05
0.001377 6.4e-05
0.001374 6.9e-05
0.001348 6.1e-05
0.001357 8.1e-05
0.001474 9.4e-05
0.001361 5.7e-05
0.001361 6e-05
0.00137 5.1e-05
0.001365 7.3e-05
0.001373 8.9e-05
0.001346 8.5e-05
0.001362 6e-05
0.001351 5.8e-05
0.001376 6e-05
0.001403 9.4e-05
0.001366 6.9e-05
0.001357 6.7e-05
0.001391 6.6e-05
0.00137 7.6e-05
0.00136 6e-05
0.001358 6.4e-05
0.00138 8e-05
0.00135 5e-05
0.001457 7.2e-05
0.001315 4.2e-05
0.001145 6.3e-05
0.001126 8.4e-05
0.001132 5.1e-05
0.001336 4.8e-05
0.001363 6.4e-05
0.001368 6.6e-05
0.00137 9.2e-05
0.001352 5.5e-05
0.001381 8.5e-05
0.001342 5.6e-05
0.001366 6.7e-05
0.001353 0.000115
0.001369 6.4e-05
0.001345 6.5e-05
0.001364 6.3e-05
0.001351 6.3e-05
0.001364 7e-05
0.001375 8.5e-05
0.001382 4.4e-05
0.001435 7.1e-05
0.001363 8e-05
0.001356 7e-05
0.001368 6.2e-05
0.001348 6.1e-05
0.001357 7.1e-05
0.001338 6.6e-05
0.00136 6.4e-05
0.001357 6e-05
0.001343 8.2e-05
0.001354 5.6e-05
0.001362 6.9e-05
0.001373 9.8e-05
0.001356 8.5e-05
0.001348 6.7e-05
0.001379 5e-05
0.001345 6.3e-05
0.001377 8.1e-05
0.001349 6.9e-05
0.001355 6e-05
0.001344 5.7e-05
0.001365 5.4e-05
0.001348 6.8e-05
0.001361 8.8e-05
0.001352 6.1e-05
0.001366 8.1e-05
0.001333 0.000104
0.001413 7.9e-05
0.001359 6.4e-05
0.00137 5.8e-05
0.001345 5.8e-05
0.001376 9.7e-05
0.001364 6.3e-05
0.001379 0.000111
0.001342 5.5e-05
0.001358 6.1e-05
0.001349 5.5e-05
0.001355 5.7e-05
0.001364 6.8e-05
0.001366 4.6e-05
0.001366 8.5e-05
0.001374 5.8e-05
0.001352 8.7e-05
0.00137 7.7e-05
0.001341 6.4e-05
0.001363 5.3e-05
0.001334 6.4e-05
0.001374 6.3e-05
0.00135 6.3e-05
0.001363 6.2e-05
0.001355 5.6e-05
0.001352 5.4e-05
0.001287 6.4e-05
0.001218 5.9e-05
0.001129 3.6e-05
0.001373 6.4e-05
0.001385 0.000103
0.001373 6.7e-05
0.001354 5.9e-05
0.00136 5.8e-05
0.001361 7.8e-05
0.001374 6.2e-05
0.001358 5.9e-05
0.001359 7.6e-05
0.001351 6e-05
0.001359 7.6e-05
0.001358 7e-05
0.001378 5.8e-05
0.001361 7.4e-05
0.00135 7.4e-05
0.001357 6.5e-05
0.001374 7.5e-05
0.001353 6.3e-05
0.001362 6.1e-05
0.001343 7.5e-05
0.00136 5.8e-05
0.001361 6e-05
0.001368 8.2e-05
0.00134 5.3e-05
0.001352 8.2e-05
0.001345 7.1e-05
0.001356 7.3e-05
0.001342 6.9e-05
0.001349 5.7e-05
0.001348 7.2e-05
0.001347 6.3e-05
0.001357 5.7e-05
0.001368 6.3e-05
0.001372 6.2e-05
0.001356 8.6e-05
0.001361 9.7e-05
0.001351 0.000109
0.001357 6.7e-05
0.001346 6.4e-05
0.001347 5.9e-05
0.001352 9.6e-05
0.001361 9.3e-05
0.001366 8.2e-05
0.001368 8.7e-05
0.001356 9.5e-05
0.001342 5.9e-05
0.001361 5.8e-05
0.001359 6.9e-05
0.001356 6.6e-05
0.001343 7.1e-05
0.001383 5.7e-05
0.001367 5.7e-05
0.001354 5.4e-05
0.001355 0.000101
0.001362 7.1e-05
0.001351 4.7e-05
0.001369 4.8e-05
0.001354 6.3e-05
0.001362 5.8e-05
0.001356 8.3e-05
0.001364 8.7e-05
0.001347 5.3e-05
0.001367 6.7e-05
0.001372 6.6e-05
0.001354 8.7e-05
0.001347 6.6e-05
0.001362 7e-05
0.00135 4.5e-05
0.001343 6.6e-05
0.001288 5.3e-05
0.001184 7.9e-05
0.001126 7.2e-05
0.00137 7.2e-05
0.001355 8.8e-05
0.001366 6.7e-05
0.001349 7.8e-05
0.001369 5.8e-05
0.001347 5.3e-05
0.00135 7.4e-05
0.001337 7.7e-05
0.001357 6e-05
0.001351 6e-05
0.001373 8.1e-05
0.00135 8.7e-05
0.001356 6.3e-05
0.001352 5.2e-05
0.00137 4.8e-05
0.00136 0.000132
0.001367 7.1e-05
0.001351 5e-05
0.001372 7.7e-05
0.001364 5.9e-05
0.001377 6e-05
0.00136 6.3e-05
0.001348 6.5e-05
0.00135 8.4e-05
0.001362 9e-05
0.001363 8.3e-05
0.001362 6.1e-05
0.001355 8.8e-05
0.001365 9.3e-05
0.001346 6.7e-05
0.001366 6.9e-05
0.001346 7.4e-05
0.001366 5.6e-05
0.001353 6.3e-05
0.001356 6.3e-05
0.00136 8.4e-05
0.001376 5.3e-05
0.001345 6.5e-05
0.001363 4.4e-05
0.001379 6.2e-05
0.001436 9.4e-05
0.001353 8.2e-05
0.001362 5.5e-05
0.001351 7.3e-05
0.00137 6.7e-05
0.001359 5.7e-05
0.001354 5.3e-05
0.001355 5.9e-05
0.001367 7.1e-05
0.001353 5.9e-05
0.001371 6.1e-05
0.001356 6.1e-05
0.001365 4.7e-05
0.001351 4.7e-05
0.001355 5.8e-05
0.001343 7.1e-05
0.001372 5.1e-05
0.001353 5.7e-05
0.001365 6.2e-05
0.001339 5.5e-05
0.001357 6.6e-05
0.00133 6.1e-05
0.001365 6.3e-05
0.001355 8e-05
0.001363 7.3e-05
0.001362 5.1e-05
0.001372 0.000107
0.001359 6.1e-05
0.001232 5.6e-05
