0.055718 8e-06
0.050783 9e-06
0.05455 9e-06
0.052352 8e-06
0.053762 9e-06
0.049243 9e-06
0.054288 1.1e-05
0.051727 9e-06
0.054902 7e-06
0.0547 9e-06
0.054676 1e-05
0.043015 9e-06
0.042886 9e-06
0.042667 8e-06
0.041774 1.5e-05
0.061137 9e-06
0.042368 1e-05
0.042672 1.2e-05
0.042293 9e-06
0.040759 1.2e-05
0.041973 9e-06
0.042818 8e-06
0.042078 9e-06
0.042186 8e-06
0.042179 1e-05
0.043148 8e-06
0.043135 1.2e-05
0.043918 8e-06
0.056253 9e-06
0.04313 9e-06
0.042836 8e-06
0.042791 1.2e-05
0.04256 7e-06
0.043529 9e-06
0.042568 8e-06
0.042983 1.2e-05
0.042282 7e-06
0.040713 1e-05
0.042301 7e-06
0.042443 9e-06
0.04238 9e-06
0.042323 7e-06
0.042105 7e-06
0.046545 1.2e-05
0.045489 8e-06
0.043276 9e-06
0.042952 8e-06
0.041676 1.4e-05
0.04468 8e-06
0.046299 8e-06
0.044343 8e-06
0.044521 1e-05
0.04535 9e-06
0.043508 9e-06
0.044893 9e-06
0.044831 1.2e-05
0.043078 8e-06
0.043736 1.3e-05
0.042656 8e-06
0.042639 9e-06
0.043069 8e-06
0.04245 1e-05
0.051849 9e-06
0.046584 1e-05
0.042487 8e-06
0.043358 9e-06
0.044374 8e-06
0.042769 9e-06
0.042564 9e-06
0.042248 8e-06
0.042945 1.2e-05
0.042658 9e-06
0.041763 1e-05
0.043942 8e-06
0.042727 1.3e-05
0.043232 8e-06
0.046763 1e-05
0.060062 9e-06
0.061661 9e-06
0.061869 9e-06
0.060304 1.2e-05
0.060334 9e-06
0.058393 8e-06
0.043326 8e-06
0.043288 9e-06
0.043669 1.1e-05
0.043369 1.3e-05
0.041506 8e-06
0.04323 9e-06
0.042605 8e-06
0.042269 9e-06
0.04307 1.1e-05
0.043216 9e-06
0.043184 8e-06
0.043262 1.1e-05
0.041455 1e-05
0.042889 8e-06
0.043927 9e-06
0.043557 8e-06
0.043635 1e-05
0.042314 1.1e-05
0.044355 1.2e-05
0.043421 8e-06
0.044282 1.4e-05
0.045364 9e-06
0.041958 1.5e-05
0.044896 9e-06
0.044564 9e-06
0.04533 1.4e-05
0.056211 9e-06
0.042837 9e-06
0.042842 1e-05
0.042708 8e-06
0.042596 9e-06
0.042348 8e-06
0.041131 1.1e-05
0.043886 8e-06
0.043659 7e-06
0.043635 8e-06
0.047275 8e-06
0.040917 1.1e-05
0.042317 8e-06
0.04247 9e-06
0.047387 1.3e-05
0.04212 7e-06
0.041168 9e-06
0.042025 7e-06
0.04309 1.1e-05
0.042578 9e-06
0.043037 1.1e-05
0.042193 9e-06
0.043624 1e-05
0.042548 7e-06
0.042572 8e-06
0.042127 8e-06
0.042232 8e-06
0.042387 8e-06
0.042636 8e-06
0.040749 8e-06
0.042593 1e-05
0.043909 8e-06
0.042697 8e-06
0.042179 1.1e-05
0.040692 1.4e-05
0.042098 8e-06
0.042999 9e-06
0.042459 7e-06
0.042244 8e-06
0.042243 9e-06
0.042912 7e-06
0.04216 1.3e-05
0.040352 9e-06
0.042571 7e-06
0.042402 1e-05
0.042246 8e-06
0.042425 8e-06
0.040976 9e-06
0.043052 1e-05
0.042485 1e-05
0.0426 1e-05
0.04282 8e-06
0.042632 1e-05
0.043207 9e-06
0.042299 9e-06
0.042207 8e-06
0.043084 9e-06
0.042461 9e-06
0.043396 1.3e-05
0.042389 1.3e-05
0.04175 1.2e-05
0.042524 8e-06
0.042717 8e-06
0.043858 1e-05
0.043827 8e-06
0.041958 9e-06
0.042676 1e-05
0.042326 1e-05
0.042325 1e-05
0.042222 1.1e-05
0.041852 9e-06
0.042575 7e-06
0.036467 1e-05
0.042571 1.5e-05
0.043182 8e-06
0.042217 1.1e-05
0.042808 8e-06
0.042542 9e-06
0.043054 9e-06
0.046428 1.2e-05
0.042694 1.2e-05
0.057259 9e-06
0.043836 9e-06
0.043802 4.2e-05
0.047876 9e-06
0.042406 8e-06
0.042506 1.2e-05
0.043167 9e-06
0.045064 7e-06
0.045153 9e-06
0.044814 9e-06
0.04733 1.2e-05
0.044813 8e-06
0.04272 8e-06
0.042112 9e-06
0.042952 9e-06
0.050373 9e-06
0.042368 1.4e-05
0.042391 8e-06
0.041446 1e-05
0.043724 9e-06
0.04207 9e-06
0.04308 1.5e-05
0.042658 7e-06
0.041077 8e-06
0.042352 8e-06
0.042505 1e-05
0.042457 1.3e-05
0.042598 1e-05
0.043269 9e-06
0.042334 1.9e-05
0.042786 1e-05
0.045404 1e-05
0.04249 8e-06
0.042714 1.1e-05
0.042641 9e-06
0.042886 8e-06
0.041645 9e-06
0.042902 8e-06
0.043188 1.1e-05
0.044178 7e-06
0.04444 8e-06
0.045455 1.1e-05
0.042521 9e-06
0.041986 9e-06
0.046274 9e-06
0.049997 8e-06
0.045547 1.1e-05
0.04276 1.3e-05
0.044801 1.2e-05
0.043745 9e-06
0.042981 1.1e-05
0.04233 7e-06
0.042727 9e-06
0.043594 1.1e-05
0.044288 9e-06
0.042906 8e-06
0.041889 9e-06
0.044776 8e-06
0.042188 9e-06
0.044001 2e-05
0.04351 9e-06
0.043385 7e-06
0.042945 9e-06
0.042791 9e-06
0.043866 1.3e-05
0.042278 8e-06
0.04117 1.1e-05
0.042635 8e-06
0.043156 9e-06
0.043035 9e-06
0.052028 1.2e-05
0.053165 1e-05
0.047938 1.3e-05
0.043078 8e-06
0.045228 9e-06
0.043092 7e-06
0.042304 8e-06
0.042201 8e-06
0.042233 8e-06
0.04283 8e-06
0.04286 9e-06
0.041252 8e-06
0.042559 1e-05
0.042851 9e-06
0.043053 9e-06
0.046944 9e-06
0.04192 1e-05
0.042697 9e-06
0.043142 8e-06
0.042554 9e-06
0.04695 1.2e-05
0.061911 7e-06
0.044948 1.1e-05
0.045053 1.2e-05
0.043726 9e-06
0.042782 8e-06
0.042704 1e-05
0.043764 1.1e-05
0.041589 8e-06
0.042703 8e-06
0.042243 8e-06
0.043284 9e-06
0.045135 9e-06
0.040209 8e-06
0.043765 7e-06
0.043741 1.6e-05
0.043567 1e-05
0.042924 8e-06
0.047162 1.5e-05
0.044469 9e-06
0.049531 1.1e-05
0.044106 8e-06
0.044006 8e-06
0.042594 9e-06
0.04276 9e-06
0.042912 1.5e-05
0.043458 8e-06
0.045737 7e-06
0.040518 1.3e-05
0.042774 1e-05
0.051332 7e-06
0.042229 1.1e-05
0.045661 1.1e-05
0.04141 7e-06
0.042422 9e-06
0.042425 8e-06
0.042531 7e-06
0.044872 1.5e-05
0.040427 1.2e-05
0.042475 7e-06
0.042011 1.6e-05
0.042507 8e-06
0.042351 7e-06
0.042303 1.7e-05
0.042801 7e-06
0.042537 1e-05
0.041195 8e-06
0.042542 7e-06
0.042117 8e-06
0.042718 1.6e-05
0.042327 8e-06
0.040784 1.4e-05
0.042309 8e-06
0.042137 9e-06
0.04281 1.4e-05
0.042139 7e-06
0.04326 8e-06
0.044306 8e-06
0.042753 8e-06
0.042563 9e-06
0.042368 8e-06
0.042348 1.4e-05
0.042857 8e-06
0.043109 7e-06
0.041793 9e-06
0.042443 1.5e-05
0.042448 8e-06
0.043357 1.2e-05
0.042162 9e-06
0.040865 1.1e-05
0.042485 9e-06
0.042704 1.4e-05
0.042544 1e-05
0.042606 1.3e-05
0.042537 8e-06
0.043525 8e-06
0.042517 1.1e-05
0.040323 8e-06
0.042102 7e-06
0.042067 9e-06
0.042613 9e-06
0.042428 8e-06
0.040509 1.3e-05
0.04253 7e-06
0.042729 1e-05
0.042658 8e-06
0.04249 7e-06
0.042202 1.9e-05
0.043124 9e-06
0.042685 6e-06
0.041996 8e-06
0.0438 1.4e-05
0.042565 8e-06
0.043542 8e-06
0.042471 7e-06
0.041216 1.5e-05
0.042213 8e-06
0.042263 2e-05
0.042699 7e-06
0.043249 1.2e-05
0.040525 1e-05
0.042538 1e-05
0.042156 9e-06
0.042433 8e-06
0.043222 9e-06
0.04254 1.6e-05
0.042847 8e-06
0.043269 1.4e-05
0.040847 7e-06
0.042251 7e-06
0.042306 9e-06
0.042206 8e-06
0.042366 1e-05
0.042525 8e-06
0.043542 1.7e-05
0.042442 1.1e-05
0.042561 9e-06
0.042298 7e-06
0.041167 1.1e-05
0.042713 7e-06
0.04235 9e-06
0.042356 9e-06
0.042303 7e-06
0.04235 1e-05
0.042565 9e-06
0.042394 8e-06
0.041192 1.2e-05
0.042654 8e-06
0.043679 8e-06
0.0427 8e-06
0.043317 1.2e-05
0.041128 1.1e-05
0.042529 8e-06
0.042847 7e-06
0.042052 1.3e-05
0.042301 8e-06
0.041944 8e-06
0.043668 1.3e-05
0.041965 6e-06
0.041768 1.1e-05
0.042036 9e-06
0.042737 1.1e-05
0.042405 8e-06
0.042284 9e-06
0.041016 9e-06
0.042262 1.3e-05
0.042358 8e-06
0.043132 9e-06
0.042309 7e-06
0.042082 8e-06
0.042705 8e-06
0.042579 1e-05
0.04148 8e-06
0.042218 9e-06
0.042924 1e-05
0.042779 8e-06
0.041982 7e-06
0.038528 1.3e-05
0.042602 9e-06
0.042626 1e-05
0.042503 6e-06
0.042319 6e-06
0.040141 7e-06
0.042471 8e-06
0.041911 1.3e-05
0.042199 1.1e-05
0.042619 7e-06
0.042101 7e-06
0.042716 6e-06
0.042894 1.2e-05
0.042234 9e-06
0.042713 9e-06
0.042192 8e-06
0.042248 1e-05
0.042249 9e-06
0.040749 9e-06
0.042867 7e-06
0.042632 1.2e-05
0.044609 8e-06
0.043067 8e-06
0.041829 9e-06
0.043055 8e-06
0.042342 1.2e-05
0.042582 8e-06
0.043163 8e-06
0.044902 1.1e-05
0.054719 9e-06
0.04578 9e-06
0.044364 1e-05
0.042437 1e-05
0.041018 1e-05
0.042094 8e-06
0.042321 9e-06
0.044278 9e-06
0.042277 9e-06
0.042791 1.2e-05
0.04402 8e-06
0.042521 8e-06
0.042471 8e-06
0.042539 9e-06
0.042434 8e-06
0.043025 7e-06
0.042278 1.1e-05
0.041741 1.1e-05
0.041945 1.9e-05
0.043055 8e-06
0.042471 8e-06
0.042688 1.2e-05
0.040564 8e-06
0.044373 9e-06
0.042612 7e-06
0.042469 8e-06
0.042626 7e-06
0.042659 1e-05
0.043571 8e-06
0.043101 8e-06
0.042343 9e-06
0.043053 1e-05
0.043013 9e-06
0.042784 9e-06
0.042364 8e-06
0.044687 9e-06
0.042435 8e-06
0.042064 9e-06
0.042885 8e-06
0.042506 9e-06
0.040809 9e-06
0.042233 8e-06
0.042505 1e-05
0.042837 8e-06
0.042378 8e-06
0.041658 1.7e-05
0.043027 1.5e-05
0.042607 9e-06
0.046161 8e-06
0.043425 8e-06
0.04339 1.5e-05
0.043096 8e-06
0.043312 1.3e-05
0.042516 8e-06
0.042566 9e-06
0.042742 8e-06
0.042813 8e-06
0.042373 8e-06
0.04134 9e-06
0.042299 7e-06
0.0434 1.3e-05
0.04233 9e-06
0.042557 9e-06
0.041407 7e-06
0.043694 8e-06
0.042812 1e-05
0.042713 1.1e-05
0.042251 8e-06
0.04225 1e-05
0.042619 9e-06
0.042362 8e-06
0.041361 1.1e-05
0.042713 1e-05
0.042267 7e-06
0.042367 1.5e-05
0.042374 8e-06
0.04112 8e-06
0.042445 8e-06
0.04232 7e-06
0.042425 1.1e-05
0.042277 7e-06
0.042235 1.3e-05
0.042026 7e-06
0.043203 7e-06
0.042681 8e-06
0.042273 8e-06
0.043325 2.1e-05
0.04259 9e-06
0.043169 1.4e-05
0.040785 1.3e-05
0.042347 1.3e-05
0.042343 1.9e-05
0.046296 9e-06
0.042944 2e-05
0.04113 8e-06
0.042368 8e-06
0.042354 1e-05
0.042463 7e-06
0.042427 7e-06
0.04202 1.2e-05
0.04234 7e-06
0.042244 9e-06
0.042245 8e-06
0.042152 8e-06
0.045231 9e-06
0.043445 9e-06
0.042693 1e-05
0.040418 7e-06
0.042667 8e-06
0.042703 1e-05
0.042682 9e-06
0.04236 1e-05
0.040355 8e-06
0.042757 8e-06
0.042312 9e-06
0.042636 8e-06
0.042071 8e-06
0.043474 1.7e-05
0.043056 1e-05
0.043362 8e-06
0.041774 8e-06
0.042705 1.1e-05
0.042446 8e-06
0.042601 1.3e-05
0.042389 9e-06
0.041316 9e-06
0.04248 9e-06
0.04325 1.4e-05
0.042933 9e-06
0.042492 8e-06
0.040394 9e-06
0.042275 8e-06
0.042163 8e-06
0.042874 8e-06
0.042256 1.1e-05
0.043023 8e-06
0.046552 9e-06
0.042282 8e-06
0.041139 8e-06
0.042959 7e-06
0.042255 8e-06
0.044034 1.1e-05
0.042689 8e-06
0.041515 8e-06
0.042498 9e-06
0.042392 9e-06
0.042819 9e-06
0.042651 8e-06
0.041717 8e-06
0.042343 1.7e-05
0.043016 9e-06
0.043365 7e-06
0.042254 8e-06
0.042646 1.5e-05
0.043114 9e-06
0.042471 9e-06
0.041678 1.3e-05
0.042713 8e-06
0.043922 1.2e-05
0.045422 8e-06
0.042458 8e-06
0.041977 1.7e-05
0.042976 7e-06
0.043406 1.3e-05
0.042806 9e-06
0.043097 1e-05
0.042882 1.1e-05
0.042828 8e-06
0.042273 6e-06
0.041836 7e-06
0.04321 1.4e-05
0.042395 1.1e-05
0.054747 9e-06
0.054356 1.1e-05
0.055486 1.7e-05
0.042396 7e-06
0.043642 9e-06
0.04236 7e-06
0.042468 8e-06
0.042912 8e-06
0.042471 8e-06
0.040865 7e-06
0.042296 8e-06
0.042349 9e-06
0.042606 8e-06
0.043521 7e-06
0.040777 8e-06
0.042423 9e-06
0.042421 1.1e-05
0.042163 7e-06
0.042228 8e-06
0.042588 9e-06
0.042275 8e-06
0.042499 8e-06
0.041356 1.1e-05
0.042533 8e-06
0.04221 8e-06
0.043244 1.2e-05
0.042446 7e-06
0.041235 1e-05
0.04222 8e-06
0.042105 9e-06
0.042407 8e-06
0.042557 1.4e-05
0.041956 9e-06
0.042952 8e-06
0.042201 8e-06
0.040838 8e-06
0.042215 7e-06
0.042198 7e-06
0.042764 8e-06
0.042195 8e-06
0.040953 1.6e-05
0.042172 7e-06
0.042193 1.6e-05
0.042541 1.4e-05
0.042226 8e-06
0.043175 1.8e-05
0.042781 9e-06
0.04232 8e-06
0.041235 9e-06
0.042342 8e-06
0.042318 1.3e-05
0.042525 1e-05
0.042415 9e-06
0.04122 9e-06
0.043306 1e-05
0.042462 7e-06
0.043176 1.5e-05
0.042531 8e-06
0.042318 1e-05
0.042366 8e-06
0.035614 1.1e-05
0.0422 9e-06
0.041851 1.9e-05
0.042476 7e-06
0.04255 7e-06
0.042392 9e-06
0.042447 8e-06
0.041477 1.2e-05
0.043075 7e-06
0.043335 9e-06
0.042009 8e-06
0.042474 1.1e-05
0.042111 1.1e-05
0.042847 8e-06
0.043322 1e-05
0.041198 8e-06
0.042427 1.1e-05
0.043188 1.7e-05
0.042654 7e-06
0.042278 8e-06
0.0411 1.3e-05
0.042153 8e-06
0.043089 7e-06
0.043063 9e-06
0.042412 8e-06
0.042674 7e-06
0.042817 1e-05
0.042333 1e-05
0.041894 9e-06
0.042392 7e-06
0.042273 8e-06
0.042606 8e-06
0.04346 8e-06
0.041102 8e-06
0.042041 1e-05
0.042509 8e-06
0.043448 1e-05
0.042289 8e-06
0.040634 8e-06
0.0435 8e-06
0.042528 1e-05
0.042779 8e-06
0.042355 1.6e-05
0.042643 9e-06
0.044973 9e-06
0.042791 8e-06
0.04197 9e-06
0.042322 8e-06
0.043656 8e-06
0.044252 1.4e-05
0.042205 8e-06
0.04102 8e-06
0.043166 8e-06
0.042433 1.4e-05
0.044753 8e-06
0.043272 1.4e-05
0.041153 9e-06
0.043832 8e-06
0.042422 8e-06
0.042427 1.3e-05
0.042333 7e-06
0.042675 8e-06
0.043256 8e-06
0.042098 9e-06
0.043532 7e-06
0.042699 7e-06
0.04215 8e-06
0.043178 8e-06
0.042288 9e-06
0.04104 7e-06
0.042395 8e-06
0.042929 1.2e-05
0.043131 9e-06
0.042426 8e-06
0.041331 1.1e-05
0.042796 9e-06
0.042872 9e-06
0.042536 8e-06
0.042366 1.1e-05
0.044198 1.7e-05
0.042765 8e-06
0.043959 9e-06
0.046061 8e-06
0.04788 9e-06
0.041223 1e-05
0.042495 1.1e-05
0.042685 9e-06
0.042681 1e-05
0.044836 9e-06
0.045446 1.2e-05
0.043726 7e-06
0.042431 1.2e-05
0.042996 9e-06
0.04503 7e-06
0.044064 2.5e-05
0.044957 8e-06
0.043447 1.2e-05
0.042332 8e-06
0.042774 9e-06
0.042506 1.1e-05
0.04308 8e-06
0.045177 1.5e-05
0.040966 9e-06
0.042595 8e-06
0.042076 7e-06
0.043925 8e-06
0.043223 9e-06
0.040894 9e-06
0.042261 7e-06
0.04208 1e-05
0.042945 9e-06
0.042712 8e-06
0.04232 2.5e-05
0.043012 8e-06
0.043451 1e-05
0.041721 9e-06
0.042275 8e-06
0.042334 1.2e-05
0.04321 8e-06
0.042436 8e-06
0.041693 8e-06
0.042409 1e-05
0.042341 8e-06
0.042544 9e-06
0.042166 1.4e-05
0.042122 9e-06
0.042857 9e-06
0.042704 1e-05
0.041574 8e-06
0.042114 1e-05
0.042643 1.2e-05
0.04292 8e-06
0.042508 9e-06
0.040855 9e-06
0.042855 8e-06
0.042891 1.1e-05
0.044661 7e-06
0.045065 8e-06
0.040654 9e-06
0.042348 1.2e-05
0.042606 9e-06
0.042322 9e-06
0.042397 8e-06
0.042038 9e-06
0.043375 8e-06
0.042725 7e-06
0.04368 9e-06
0.042222 8e-06
0.042511 8e-06
0.042295 8e-06
0.043259 2.3e-05
0.041291 7e-06
0.04337 8e-06
0.04348 9e-06
0.042424 1e-05
0.046607 9e-06
0.048885 8e-06
0.05452 9e-06
0.048642 9e-06
0.054123 9e-06
0.051189 9e-06
0.054682 9e-06
0.05489 1.1e-05
0.054653 1.1e-05
0.053199 1e-05
0.055901 7e-06
0.054191 9e-06
0.054781 9e-06
0.05362 8e-06
0.054691 9e-06
0.053475 9e-06
0.054179 9e-06
0.053422 1e-05
0.05108 8e-06
0.055367 1.5e-05
0.048344 9e-06
0.053517 8e-06
0.048574 9e-06
0.053542 9e-06
0.04993 1e-05
0.053743 1.5e-05
0.053304 1.2e-05
0.054137 8e-06
0.055193 9e-06
0.055046 9e-06
0.053329 1.3e-05
0.054704 7e-06
0.053818 8e-06
0.054631 1.1e-05
0.053779 7e-06
0.05291 7e-06
0.054846 1.9e-05
0.048743 9e-06
0.05353 1.4e-05
0.048248 7e-06
0.043135 8e-06
0.041473 9e-06
0.042032 8e-06
0.041746 1.1e-05
0.040401 9e-06
0.045193 8e-06
0.041279 9e-06
0.041469 7e-06
0.041547 1.1e-05
0.04153 8e-06
0.043376 1.5e-05
0.041698 8e-06
0.040495 8e-06
0.042064 1.2e-05
0.041537 8e-06
0.041748 7e-06
0.04141 7e-06
0.041441 9e-06
0.042509 8e-06
0.043087 7e-06
0.040635 7e-06
0.042464 1.9e-05
0.044617 8e-06
0.042748 7e-06
0.041528 9e-06
0.039951 1.1e-05
0.041323 1.1e-05
0.041838 8e-06
0.042718 8e-06
0.041516 9e-06
0.047692 8e-06
0.042231 8e-06
0.041433 8e-06
0.040423 8e-06
0.043153 9e-06
0.042494 1.1e-05
0.041957 8e-06
0.041612 1.3e-05
0.039379 9e-06
0.041991 8e-06
0.041939 8e-06
0.041817 1.5e-05
0.042473 9e-06
0.042585 1e-05
0.042529 9e-06
0.041536 8e-06
0.043579 8e-06
0.042622 8e-06
0.041841 9e-06
0.041748 7e-06
0.041516 1e-05
0.040402 1e-05
0.041985 9e-06
0.041601 7e-06
0.042448 1.4e-05
0.041629 7e-06
0.043005 7e-06
0.040344 1.2e-05
0.041229 8e-06
0.042632 1.3e-05
0.042833 8e-06
0.043101 8e-06
0.042365 1.3e-05
0.042078 7e-06
0.041406 9e-06
0.041661 7e-06
0.04291 1.6e-05
0.042013 7e-06
0.042936 9e-06
0.042173 7e-06
0.041677 1.6e-05
0.041672 8e-06
0.044835 1.2e-05
0.041448 8e-06
0.040045 1.3e-05
0.041683 7e-06
0.042335 1.6e-05
0.044937 8e-06
0.046183 7e-06
0.042029 1.6e-05
0.042039 8e-06
0.04233 1e-05
0.040717 9e-06
0.041703 9e-06
0.041558 8e-06
0.042395 9e-06
0.041871 1e-05
0.040727 7e-06
0.04236 8e-06
0.041509 8e-06
0.041864 8e-06
0.041965 1e-05
0.042683 1e-05
0.042073 1e-05
0.042961 9e-06
0.041482 1e-05
0.042855 8e-06
0.046061 1e-05
0.042381 7e-06
0.041784 9e-06
0.039857 7e-06
0.042019 7e-06
0.04182 9e-06
0.042146 1.1e-05
0.041912 1e-05
0.041301 8e-06
0.042462 2.2e-05
