0.019228 0.000149
0.019287 0.000125
0.019248 0.000154
0.020998 0.000138
0.019572 0.000113
0.019177 0.000191
0.019199 0.000169
0.019162 0.000141
0.019225 0.000141
0.017913 0.000188
0.01917 0.000125
0.019254 0.000126
0.019214 0.000193
0.019212 0.000174
0.019263 0.000139
0.019328 0.000181
0.019393 0.000188
0.019205 0.000121
0.019213 0.000131
0.01965 0.000121
0.017756 0.000109
0.019721 0.000116
0.019893 0.000184
0.019209 0.000101
0.01927 0.00015
0.019328 0.000156
0.019714 0.000186
0.019707 0.000131
0.019216 0.000234
0.019176 0.000199
0.01952 0.000123
0.018919 0.000206
0.019484 0.000113
0.019526 0.00012
0.019847 0.000169
0.019201 0.000138
0.019462 0.000201
0.018425 0.000145
0.019439 0.000143
0.019699 0.000147
0.019251 0.000189
0.01918 0.000192
0.019859 0.000181
0.019376 0.000177
0.019216 0.000131
0.019307 0.000134
0.019619 0.000103
0.019194 0.000112
0.017566 0.000183
0.019666 0.00011
0.019197 0.000154
0.019164 0.000148
0.019843 0.000113
0.019191 0.000102
0.01984 0.000107
0.019236 0.000121
0.019401 0.000116
0.019308 0.000145
0.019815 0.000185
0.020095 0.000163
0.019212 0.000168
0.019379 0.000165
0.019921 0.000162
0.02039 0.000109
0.019083 0.000151
0.019161 0.000166
0.019652 0.000106
0.019447 0.000224
0.019678 0.000122
0.01955 0.000144
0.019005 0.000109
0.019305 0.000218
0.019724 0.000131
0.019501 0.000174
0.01964 0.000154
0.020013 0.000117
0.01945 0.000155
0.020288 0.000156
0.019397 0.000225
0.019118 0.000178
0.020051 0.00013
0.019018 0.000159
0.019743 0.000146
0.019412 0.000176
0.019268 0.000186
0.01967 0.000139
0.019815 0.000136
0.026739 0.000248
0.019763 0.000201
0.01973 0.000137
0.019337 0.00014
0.019363 0.000177
0.019623 0.000135
0.019773 0.000159
0.019771 0.000234
0.026683 0.000143
0.020097 0.000127
0.019862 0.000135
0.019678 0.000173
0.019598 0.000162
0.021478 0.000142
0.019982 0.000139
0.020491 0.00024
0.02492 0.000136
0.024845 0.000191
0.01934 0.000149
0.019764 0.000215
0.019361 0.000128
0.019324 0.000168
0.019676 0.000152
0.019872 0.000112
0.019429 0.000137
0.01994 0.000166
0.018024 0.000121
0.019486 0.000203
0.019478 0.000127
0.019242 0.00019
0.023115 0.000224
0.027553 0.000231
0.021685 0.000198
0.021714 0.000186
0.019943 0.000117
0.021545 0.000188
0.021736 0.000119
0.019529 0.000172
0.021329 0.000122
0.019372 0.000144
0.020242 0.000228
0.019566 0.000174
0.019279 0.000106
0.02663 0.000154
0.019724 0.000171
0.019301 0.000179
0.019334 0.000164
0.019344 0.000147
0.019261 0.000114
0.019277 0.00012
0.019256 0.000158
0.020017 0.000146
0.020016 0.000273
0.028018 0.000198
0.024881 0.000145
0.019412 0.000134
0.020415 0.000213
0.020475 0.000152
0.019392 0.000131
0.019499 0.000274
0.020237 9.1e-05
0.019906 0.000217
0.019621 0.000156
0.02002 0.000135
0.019757 0.000151
0.019679 0.000159
0.019745 0.000162
0.019391 0.000209
0.01929 0.000191
0.024125 0.000226
0.021728 0.000184
0.022006 0.000103
0.021198 0.000155
0.021249 0.000224
0.019675 0.000148
0.019608 0.00013
0.019713 0.000185
0.020168 0.000192
0.019978 0.000207
0.019389 0.000216
0.021717 0.000132
0.019429 0.000189
0.01964 0.000244
0.019033 0.000184
0.019791 0.000142
0.019566 0.000125
0.019176 0.000131
0.019162 0.000187
0.019167 0.000213
0.01985 0.000131
0.019496 0.000175
0.020119 0.000119
0.019795 0.000121
0.019125 0.000123
0.018831 9.6e-05
0.019899 0.000119
0.019884 0.000113
0.019502 0.000193
0.020445 0.000129
0.019037 0.000169
0.019332 0.000159
0.021373 0.0002
0.0199 0.000121
0.01933 9.9e-05
0.019244 0.000128
0.01951 0.000154
0.019525 0.000237
0.01945 0.000166
0.019434 0.000133
0.019778 0.00014
0.01914 0.000105
0.019369 0.000171
0.01985 0.00015
0.019316 0.000217
0.02774 0.000153
0.02059 0.000216
0.019837 0.000134
0.019599 0.000145
0.019347 0.000108
0.019708 0.000177
0.019202 0.000192
0.01817 0.000175
0.019802 0.000242
0.019721 9.8e-05
0.019768 0.00013
0.0198 0.000155
0.019416 0.000139
0.019377 0.000149
0.019697 0.000213
0.019615 0.000205
0.01965 0.000134
0.019579 0.000175
0.018351 0.000176
0.02338 0.000109
0.0195 0.000202
0.019207 0.000107
0.019133 0.000144
0.019486 0.00014
0.019239 0.00016
0.019242 0.000179
0.019162 0.00016
0.019244 0.000182
0.019128 0.000153
0.020031 0.000161
0.020622 0.000189
0.019359 0.00018
0.019144 0.000137
0.019064 0.000182
0.01924 0.000156
0.019793 0.00014
0.019239 0.000152
0.019682 0.000162
0.019557 0.000109
0.019129 0.000132
0.017313 0.00012
0.019249 0.000157
0.019345 0.00014
0.019316 0.000145
0.019259 0.000152
0.01928 0.000148
0.019568 0.000162
0.019629 0.000138
0.019547 0.000135
0.019563 0.000113
0.019282 0.000177
0.018903 0.000209
0.019244 0.000183
0.019167 0.000172
0.019256 0.000166
0.019518 0.000223
0.019897 0.000159
0.019926 0.000185
0.019921 0.000144
0.019874 0.000181
0.019638 0.000174
0.019733 0.000113
0.020186 0.000167
0.020189 0.000111
0.019291 0.00017
0.019645 0.000191
0.019664 0.00024
0.018977 0.000201
0.019705 0.000169
0.019542 0.0002
0.01922 0.000184
0.019175 0.00016
0.019421 0.000175
0.018122 0.000219
0.019222 0.000157
0.019637 0.00012
0.019291 9.3e-05
0.019234 0.000127
0.019656 0.000117
0.019321 0.000114
0.019411 0.000117
0.019586 0.00013
0.019179 0.000102
0.019914 0.000204
0.018898 0.000167
0.019682 0.000174
0.019197 0.00016
0.019155 0.000143
0.019619 0.000209
0.019542 0.000106
0.018499 0.000135
0.02039 0.000186
0.019218 0.00014
0.019667 0.000122
0.019093 0.000161
0.019191 0.000172
0.019407 0.000218
0.019373 0.000187
0.019224 0.000182
0.01919 0.000119
0.019333 0.000126
0.017433 0.000148
0.01961 0.00016
0.019221 0.000165
0.019678 0.000129
0.019025 0.000168
0.019162 0.000147
0.019093 0.000187
0.01933 0.000194
0.019437 0.000145
0.019126 0.000169
0.019181 0.000183
0.018757 0.000163
0.019639 0.000114
0.019282 0.000178
0.019261 0.000183
0.019028 0.000145
0.019099 0.00012
0.018221 0.000166
0.019748 0.000168
0.019236 0.000134
0.019125 0.000115
0.019574 0.000127
0.019164 0.00015
0.019694 0.000207
0.019236 0.000172
0.019171 0.000223
0.019181 0.000162
0.019212 0.000119
0.016737 0.000127
0.019324 0.000199
0.019632 0.000187
0.019155 0.000118
0.019762 0.000156
0.01912 0.000157
0.019334 0.000134
0.01932 0.000158
0.019151 0.000138
0.019251 0.000111
0.019351 0.000156
0.018841 0.000157
0.019441 0.000145
0.019838 0.000133
0.019492 0.000169
0.019183 0.000131
0.019154 0.000103
0.018053 0.000163
0.019621 0.000194
0.019123 0.000168
0.019463 0.000163
0.019189 0.000129
0.019136 0.000131
0.019653 9.6e-05
0.019854 0.000144
0.019184 0.000124
0.019204 0.000122
0.019595 0.000125
0.018335 0.000136
0.019293 0.000144
0.019034 0.000152
0.019219 0.000161
0.019122 0.000145
0.019602 0.000118
0.019023 0.00012
0.0206 0.00013
0.019731 0.000144
0.019689 0.000126
0.020054 0.000154
0.018865 0.000136
0.019946 0.000144
0.019414 0.000159
0.02025 0.000201
0.019613 0.000217
0.019653 0.00018
0.019714 0.000197
0.019832 0.000168
0.020231 0.000119
0.020309 0.000185
0.019764 0.000136
0.019691 0.000204
0.019648 0.000158
0.019203 0.000134
0.019232 0.000123
0.015675 0.000219
0.019147 0.000138
0.019075 0.000133
0.01908 0.000175
0.019679 0.000127
0.019661 0.000143
0.019354 0.000176
0.019594 0.000212
0.019418 0.000198
0.019332 0.000147
0.01867 0.000147
0.019232 0.000151
0.019399 0.000177
0.019621 0.000151
0.019398 0.000138
0.019495 0.000179
0.019475 0.000131
0.019758 0.000171
0.01974 0.00012
0.019338 0.000199
0.019389 0.000128
0.018717 0.000172
0.019329 0.00018
0.019259 0.000245
0.020957 0.00022
0.020158 9.8e-05
0.019211 0.000181
0.019449 0.000126
0.019967 0.000204
0.01985 0.000137
0.019402 0.00013
0.019367 0.000155
0.018764 0.000196
0.019254 0.000172
0.019173 0.000138
0.019128 0.000122
0.019186 0.00016
0.019257 0.000145
0.019399 0.000141
0.019548 0.00016
0.01917 0.000114
0.019395 0.000166
0.019333 0.000133
0.017965 0.00015
0.019094 0.000132
0.019221 0.000185
0.019433 0.000152
0.019366 0.000186
0.019519 0.000172
0.019211 0.000175
0.01952 0.000156
0.01983 0.00014
0.019301 0.000224
0.019405 0.000155
0.018932 0.000151
0.01913 0.00017
0.019371 0.000172
0.019212 0.000172
0.019246 0.000145
0.019456 9.2e-05
0.018721 0.000119
0.019726 0.000144
0.019182 0.00017
0.020508 0.000151
0.01933 0.000174
0.019491 0.000143
0.01963 0.000189
0.019231 0.000211
0.0197 0.000118
0.019072 0.000128
0.01947 0.000173
0.018575 0.000197
0.019782 0.000132
0.019157 0.000136
0.019153 0.000155
0.019194 0.000167
0.01908 0.000122
0.019668 0.000298
0.01915 0.000165
0.019372 0.000252
0.019381 0.000187
0.01906 0.000149
0.016782 0.000128
0.019205 0.000149
0.019166 0.000118
0.019097 0.000195
0.019226 0.000165
0.019138 0.000135
0.019556 0.000175
0.019346 0.000133
0.019753 0.000208
0.019189 0.000115
0.019067 0.000132
0.018602 0.000191
0.019204 0.000111
0.019741 0.000151
0.019215 0.000151
0.018985 0.000156
0.019678 0.000105
0.01846 0.000167
0.019386 0.000133
0.019144 0.000141
0.019451 0.000145
0.019106 0.000145
0.019154 0.000234
0.019185 0.000152
0.019686 0.000167
0.019319 0.000139
0.019049 0.000169
0.019194 0.000133
0.017607 0.000158
0.019276 0.000151
0.01975 0.000207
0.019277 0.000133
0.019221 0.000189
0.019692 0.000176
0.019173 0.000136
0.019297 0.000149
0.019576 0.000124
0.019172 0.000178
0.019228 0.00016
0.018113 0.000182
0.019186 0.000205
0.019347 0.000139
0.019419 0.000226
0.027682 0.000157
0.029148 0.000181
0.026311 0.000184
0.026446 0.00013
0.024915 0.000168
0.028846 0.000166
0.019289 0.0002
0.019756 0.000158
0.019664 0.000148
0.019591 0.000156
0.019508 0.000138
0.020055 0.000106
0.019987 9.3e-05
0.019727 0.000262
0.023859 0.00018
0.023144 0.000137
0.022058 0.000161
0.022199 0.000154
0.022281 0.000207
0.021166 0.000118
0.019203 0.000105
0.018367 0.000175
0.019369 0.000171
0.019366 0.000132
0.019557 0.000125
0.01919 0.000186
0.019467 0.000107
0.019351 0.000169
0.019757 0.00012
0.01926 0.000204
0.019335 0.000135
0.019317 0.000145
0.018104 0.00015
0.019134 0.000137
0.019445 0.000139
0.019339 0.00017
0.019328 0.000132
0.019713 0.000193
0.019526 0.000151
0.019548 0.000176
0.019236 0.000139
0.019383 0.000116
0.019183 0.000175
0.018552 0.000188
0.019451 0.000193
0.019265 0.000121
0.019158 0.000141
0.019183 0.000157
0.019131 0.000147
0.019318 0.000127
0.019343 0.000161
0.019225 0.000182
0.019081 0.000178
0.019222 0.000102
0.019172 0.000188
0.019478 0.000152
0.019327 0.000222
0.019103 0.000207
0.019236 0.00013
0.019399 0.000119
0.020049 0.000206
0.019598 0.000137
0.01935 0.000201
0.019242 0.000177
0.019357 0.000138
0.018841 0.000149
0.019142 0.000158
0.019273 0.00016
0.019129 0.000111
0.019234 0.000117
0.019138 0.000143
0.017446 0.000174
0.020029 0.000188
0.019801 0.000129
0.019347 0.000182
0.019184 0.000193
0.019882 0.000198
0.019604 0.000147
0.020192 0.00013
0.019695 0.000168
0.019167 0.000202
0.019741 0.000155
0.01754 0.000119
0.01928 0.000193
0.019698 0.000109
0.019381 0.00017
0.01967 0.000142
0.019184 0.000137
0.019138 0.000184
0.01923 0.000162
0.019764 0.000166
0.019698 0.000173
0.019777 0.00014
0.018256 0.000154
0.019265 0.000178
0.019133 0.000187
0.019225 0.000112
0.019119 0.000118
0.019641 0.000177
0.019374 0.000145
0.019372 0.000157
0.019648 0.000148
0.019734 0.000169
0.019657 0.00016
0.017759 0.000129
0.019349 0.00014
0.019256 0.00012
0.019798 0.000148
0.019089 0.000175
0.019764 0.000169
0.019353 0.000174
0.019455 0.000142
0.01937 0.000159
0.019365 0.000112
0.019308 0.000127
0.019251 0.000211
0.019625 0.000111
0.019704 0.000182
0.019199 0.000155
0.019703 0.000138
0.019375 0.000166
0.019396 0.000133
0.019829 0.000149
0.019313 0.000124
0.019708 0.000173
0.01921 0.000132
0.019209 0.000179
0.01926 0.00018
0.019786 0.000133
0.019453 0.000138
0.019175 0.000163
0.019601 0.000174
0.017447 0.000186
0.019465 0.00016
0.019601 0.000126
0.019076 0.000154
0.019709 0.000175
0.019211 0.000158
0.019275 0.000177
0.019361 0.000144
0.019245 0.000149
0.019345 0.000159
0.019023 0.00018
0.018374 0.000176
0.019136 0.00016
0.01921 0.000168
0.019251 0.000202
0.01918 0.000111
0.019146 0.000103
0.018777 0.000163
0.019393 0.000135
0.019268 0.000104
0.019278 0.000108
0.019229 0.000202
0.019112 9e-05
0.019253 0.000176
0.019224 0.00015
0.019288 0.000117
0.019307 0.000152
0.019186 0.000126
0.018044 0.000142
0.0193 0.000109
0.019157 0.000136
0.019146 0.000142
0.019225 0.000133
0.019317 0.000144
0.019312 0.000158
0.019257 0.000143
0.019108 0.000161
0.019176 0.000143
0.019179 0.000131
0.019624 0.00018
0.019263 0.000144
0.019161 0.000118
0.022146 0.000132
0.019267 0.000146
0.019196 0.000166
0.019393 0.000116
0.019335 0.000157
0.019248 0.000142
0.019061 0.000183
0.019149 0.000174
0.018323 0.000175
0.019792 0.000151
0.019159 0.000147
0.019739 0.000191
0.020366 0.000111
0.019161 0.000105
0.019196 0.000118
0.019367 0.000152
0.019137 0.000175
0.019424 0.00016
0.019158 0.000181
0.019163 0.00012
0.01933 0.000201
0.01964 0.000138
0.019323 0.000129
0.019295 0.000191
0.019137 0.000216
0.017305 0.000146
0.019173 0.000132
0.019239 0.000188
0.019348 0.000174
0.019124 0.00016
0.019185 0.000131
0.019182 0.000176
0.019297 0.000117
0.019199 0.000149
0.019508 0.00015
0.019199 0.000136
0.019006 0.000206
0.019317 0.000164
0.019286 0.00016
0.019349 0.000154
0.01956 0.000142
0.019109 0.000139
0.019185 0.000109
0.019686 0.00018
0.019206 0.000123
0.019043 0.000117
0.019572 0.000122
0.01931 0.000184
0.019169 0.000118
0.019073 0.000158
0.019138 0.000167
0.019764 0.000162
0.019344 0.000181
0.018034 0.000168
0.019162 0.000196
0.019689 0.000136
0.019636 0.000109
0.01924 0.000171
0.019164 0.000158
0.019721 0.000163
0.019853 0.000146
0.019162 0.000176
0.019043 0.000109
0.019184 0.000168
0.017811 0.000177
0.01971 0.000125
0.019363 0.000157
0.019139 0.000164
0.019159 0.000153
0.019426 0.000158
0.019511 0.000144
0.019246 0.00022
0.019304 0.000115
0.01909 0.000123
0.019262 0.000197
0.019125 0.000151
0.019723 0.000219
0.019145 0.000166
0.019582 0.000152
0.019235 0.00015
0.019664 0.000116
0.019007 0.000137
0.019363 0.000167
0.019165 0.000137
0.01979 0.000184
0.019281 0.000173
0.019753 0.000191
0.019241 0.000156
0.019933 0.000104
0.019729 0.000175
0.019784 0.000139
0.019231 0.00014
0.018481 0.000137
0.019813 0.000146
0.019754 0.000137
0.019704 0.000144
0.019399 0.000173
0.019133 0.000118
0.019532 0.000143
0.019083 0.000177
0.019324 0.000106
0.019678 0.000207
0.019112 0.000117
0.017842 0.000184
0.019188 0.000188
0.025027 0.000179
0.019933 0.000169
0.019351 0.000115
0.019675 0.000161
0.01931 0.000144
0.019316 0.000181
0.019318 0.000163
0.019214 0.000174
0.019178 0.000158
0.018188 0.00012
0.019153 0.000173
0.019587 9.1e-05
0.019203 0.000142
0.019115 0.000194
0.019678 0.000112
0.019303 0.000119
0.019991 0.000155
0.019115 0.000222
0.019152 0.000203
0.01993 0.000186
0.018669 0.00014
0.019764 0.000183
0.019307 0.000153
0.019149 0.000216
0.019005 0.000174
0.019317 0.000247
0.01945 0.000213
0.019445 0.000139
0.01978 0.000138
0.019243 0.000146
0.019469 0.000137
0.018292 0.000127
0.019918 0.000181
0.019194 0.000115
0.019375 0.000104
0.019714 0.00014
0.019148 0.0001
0.018868 0.000116
0.01985 0.000161
0.019292 0.000135
0.019125 0.000111
0.019117 0.000102
0.019552 0.000111
0.019208 0.000178
0.019715 0.000151
0.019311 0.00019
0.019623 0.00015
0.019263 0.000158
0.018386 0.000182
0.019901 0.000148
0.019158 0.000143
0.019776 0.000132
0.019643 0.000112
0.019589 0.000167
0.019197 0.000147
0.019734 0.000136
0.019143 0.000117
0.019546 0.000184
0.019097 0.000119
0.018556 0.000142
0.019195 0.000131
0.019144 0.000149
0.019416 0.000124
0.019184 0.000165
0.019243 0.00019
0.019208 0.000202
0.019437 0.00017
0.019188 0.000168
0.019693 0.000119
0.019106 0.000138
0.018924 0.00012
0.01938 0.000159
0.01977 0.000209
0.01911 0.000113
0.019135 0.000154
0.019102 9.8e-05
0.018938 0.000182
0.019293 9.5e-05
0.019354 0.000149
0.01923 9.1e-05
0.019791 0.000178
0.019198 0.000149
0.019785 0.000176
0.019254 0.00019
0.019229 0.000159
0.019121 0.000112
0.019175 8.9e-05
0.017189 0.000156
0.019302 0.000145
0.019156 0.000131
0.01912 0.000133
0.01926 0.000136
0.019765 0.000169
0.019724 0.000192
0.019591 0.000197
0.019696 0.000158
0.019083 0.000123
0.019229 0.000126
0.018872 0.000118
0.019105 0.000107
0.019321 0.000182
0.019174 0.000146
0.0192 0.000117
0.019561 0.000123
0.018667 0.000171
0.019676 0.000133
0.019348 0.000123
0.019657 0.000142
0.019207 0.000215
0.019721 0.000159
0.019433 0.000118
0.02026 0.000184
0.019269 0.000118
0.019753 0.000159
0.019254 0.000145
0.017755 0.0002
0.019836 0.000215
0.019224 0.00013
0.019809 0.000145
0.02189 0.000139
0.024267 0.000213
0.019088 0.000154
0.019177 0.000189
0.019832 0.000117
0.019639 0.000127
0.019245 0.000108
0.017932 0.000105
0.019621 9.8e-05
0.019296 0.000141
0.019323 0.000205
0.019202 0.000155
0.019238 0.000138
0.019344 0.000169
0.019759 0.000127
0.019321 0.000214
0.019776 0.000145
0.01983 0.000193
0.018476 0.000125
0.019414 0.000165
0.019299 0.000118
0.019208 0.000161
0.019604 0.000133
0.01932 0.000143
0.019271 0.000171
0.019909 0.000184
0.022101 0.000164
0.020048 0.000151
0.019402 0.000151
0.018318 0.000149
0.019247 0.000136
0.01973 0.000109
0.019319 0.000164
0.019464 0.000215
0.020405 0.000131
0.01973 0.000175
0.019503 0.000117
0.019778 0.000104
0.019929 0.000113
0.019598 0.00018
0.019261 0.000103
0.019229 0.000177
0.019832 0.000167
0.019324 0.0002
0.019898 0.000161
0.01954 0.000186
0.019432 0.000125
0.01975 0.000163
0.01929 0.000227
0.019274 0.000124
0.019439 0.000166
0.019402 9.8e-05
0.020454 0.000164
0.026059 0.000149
0.01933 0.000147
0.019388 0.000164
0.019683 0.000164
0.019961 0.000126
0.019212 0.00016
0.019328 0.000261
0.024959 0.000122
0.023881 0.000183
0.022554 0.000183
0.01956 0.000147
0.019313 0.000124
0.019958 0.000109
0.018533 0.000145
0.01954 0.000156
0.019829 0.00013
0.019792 0.000263
0.024975 0.000177
0.019858 0.000175
0.02105 0.000221
0.019995 0.000172
0.019987 0.00013
0.020795 0.000216
0.019677 0.00015
0.019571 0.000145
0.019518 0.000132
0.019602 0.000183
0.028297 0.000175
0.021379 0.000186
0.021191 0.000156
0.019586 0.000194
0.021746 0.000178
0.019561 0.000222
0.020198 0.000152
0.026675 0.000167
0.024914 0.000202
0.025669 0.000195
0.02468 0.000184
0.02182 0.000187
0.0259 0.000209
