0.041736 0.000736
0.040951 0.000645
0.041197 0.000888
0.041714 0.000582
0.039993 0.000835
0.040686 0.000712
0.041155 0.000699
0.04261 0.000524
0.041005 0.000646
0.041187 0.000656
0.040578 0.000801
0.040775 0.000745
0.041585 0.001099
0.040816 0.000892
0.042079 0.000644
0.040491 0.00075
0.040541 0.001118
0.04164 0.000907
0.041029 0.00097
0.041869 0.000794
0.040913 0.000437
0.040467 0.000807
0.040997 0.000974
0.040761 0.000731
0.041047 0.000738
0.040545 0.000881
0.040924 0.000705
0.041059 0.000806
0.040485 0.000733
0.040893 0.000621
0.04126 0.000555
0.040957 0.000985
0.040765 0.001132
0.0394 0.000585
0.052639 0.000755
0.040524 0.000791
0.042198 0.000766
0.040783 0.000766
0.044129 0.000785
0.040771 0.000748
0.040393 0.000724
0.041598 0.000709
0.04172 0.000832
0.041049 0.000657
0.040503 0.000695
0.039102 0.00071
0.040889 0.000977
0.041558 0.000906
0.040599 0.000944
0.040604 0.000717
0.040131 0.000752
0.040344 0.000627
0.040664 0.000865
0.042044 0.000825
0.040509 0.000775
0.040482 0.000817
0.041361 0.000989
0.040062 0.000739
0.041893 0.000626
0.040623 0.000828
0.040667 0.00078
0.041733 0.000773
0.039744 0.000629
0.040908 0.000684
0.040718 0.000658
0.042353 0.000983
0.040705 0.000531
0.039399 0.000564
0.041792 0.000844
0.041671 0.000881
0.040998 0.000702
0.041656 0.000713
0.039607 0.000974
0.040797 0.000736
0.040599 0.000654
0.042057 0.00064
0.040902 0.000808
0.043101 0.000979
0.040531 0.000904
0.041058 0.001023
0.042046 0.001127
0.041346 0.000727
0.04213 0.001069
0.041851 0.000983
0.041242 0.000633
0.043255 0.000538
0.040636 0.000958
0.040585 0.000735
0.041533 0.001326
0.042794 0.00098
0.040687 0.000674
0.039262 0.00074
0.040755 0.000772
0.040407 0.000545
0.040778 0.000726
0.04092 0.000968
0.040547 0.000739
0.04085 0.000763
0.040757 0.00052
0.044385 0.000935
0.041909 0.000682
0.041593 0.000567
0.040633 0.000788
0.040798 0.000481
0.04191 0.0006
0.040552 0.000715
0.040677 0.000878
0.042152 0.000782
0.038555 0.000806
0.041817 0.000772
0.040277 0.000799
0.041588 0.000982
0.040568 0.000812
0.039161 0.00072
0.040643 0.000794
0.04087 0.000807
0.041077 0.001057
0.040525 0.000687
0.039157 0.000777
0.040893 0.000706
0.041577 0.000891
0.042483 0.000873
0.041297 0.000629
0.040978 0.000996
0.041682 0.000864
0.039833 0.001014
0.041607 0.000678
0.041038 0.000914
0.042587 0.000753
0.041796 0.000589
0.039004 0.000894
0.04114 0.000571
0.041641 0.00085
0.040905 0.00086
0.040569 0.001016
0.04186 0.00081
0.040808 0.00062
0.041545 0.000831
0.040745 0.00064
0.041402 0.001299
0.040608 0.000882
0.040524 0.000641
0.038839 0.000873
0.041684 0.000843
0.04056 0.000715
0.041856 0.000844
0.041394 0.000642
0.039261 0.000732
0.040645 0.000952
0.040801 0.000627
0.041136 0.000681
0.040932 0.000909
0.041465 0.000682
0.040849 0.00077
0.040638 0.001215
0.040695 0.000924
0.040442 0.000724
0.041722 0.000677
0.040737 0.001115
0.038898 0.0008
0.040835 0.000865
0.040851 0.000846
0.040705 0.000799
0.040722 0.00095
0.040125 0.000642
0.040656 0.000536
0.040816 0.001042
0.041474 0.00076
0.040648 0.000608
0.040632 0.000695
0.040558 0.000605
0.040559 0.000925
0.040779 0.000941
0.040712 0.000932
0.041921 0.00083
0.04039 0.000689
0.039811 0.000687
0.043023 0.000614
0.040732 0.000871
0.041525 0.000628
0.041794 0.000891
0.038649 0.000799
0.041184 0.000825
0.041623 0.000661
0.033958 0.00056
0.04043 0.000583
0.040337 0.000707
0.041763 0.001096
0.041445 0.00073
0.041111 0.000767
0.041039 0.001018
0.041805 0.000773
0.040669 0.000598
0.039144 0.000659
0.040696 0.000712
0.040455 0.000824
0.041832 0.000913
0.040557 0.000769
0.038791 0.000768
0.040455 0.000826
0.041557 0.000787
0.041929 0.00101
0.041431 0.000641
0.038298 0.001066
0.041824 0.00068
0.040544 0.000816
0.040942 0.000613
0.041696 0.000866
0.039944 0.000698
0.041865 0.000907
0.040587 0.000708
0.041055 0.000781
0.04077 0.000813
0.042055 0.000802
0.040582 0.000706
0.040323 0.000938
0.040656 0.00057
0.042022 0.000546
0.041 0.000797
0.040603 0.000848
0.03876 0.000712
0.041066 0.000664
0.040628 0.000719
0.040798 0.00088
0.040497 0.000788
0.039276 0.000662
0.040529 0.001023
0.041762 0.000752
0.040613 0.000679
0.0406 0.000764
0.038729 0.000688
0.041667 0.000557
0.0406 0.000639
0.042075 0.000735
0.040866 0.001133
0.040771 0.000781
0.040544 0.000673
0.041497 0.000615
0.041875 0.000835
0.040593 0.000778
0.040679 0.000814
0.040769 0.000729
0.040605 0.000752
0.042459 0.000907
0.040605 0.000603
0.040762 0.000804
0.04103 0.000786
0.040337 0.001021
0.040661 0.000749
0.040862 0.000554
0.041379 0.000608
0.040808 0.000786
0.038362 0.000672
0.040744 0.000624
0.040817 0.000859
0.040705 0.000855
0.04057 0.000726
0.03956 0.000689
0.041782 0.000638
0.040415 0.00085
0.041058 0.000832
0.040367 0.000649
0.038959 0.00077
0.041628 0.000763
0.040574 0.00059
0.041072 0.001155
0.041568 0.000852
0.039684 0.000611
0.040744 0.000575
0.040908 0.000664
0.041251 0.000713
0.041296 0.000712
0.039424 0.000655
0.040733 0.000737
0.040958 0.000933
0.041308 0.000804
0.041772 0.000787
0.040545 0.000665
0.041358 0.000802
0.040461 0.000698
0.041687 0.000825
0.041049 0.00093
0.040886 0.000931
0.040599 0.00096
0.038615 0.000646
0.040909 0.000676
0.040475 0.000764
0.040734 0.000876
0.040675 0.000659
0.040906 0.001011
0.040869 0.000606
0.040567 0.000786
0.041199 0.00085
0.041514 0.00116
0.040535 0.00064
0.040587 0.000691
0.040706 0.000652
0.040982 0.0009
0.040935 0.000467
0.040663 0.000825
0.040651 0.000603
0.040652 0.000742
0.040828 0.000862
0.040776 0.000634
0.040562 0.000735
0.040617 0.000659
0.04069 0.000914
0.04117 0.000641
0.040395 0.00053
0.04064 0.000742
0.040713 0.000855
0.040521 0.000764
0.040767 0.000747
0.041605 0.000713
0.040865 0.000917
0.040774 0.000608
0.03982 0.000652
0.040427 0.000735
0.04157 0.000724
0.041091 0.000641
0.040447 0.000847
0.03951 0.000912
0.040772 0.00049
0.040896 0.000647
0.040859 0.000747
0.040316 0.000462
0.040238 0.000621
0.040332 0.00113
0.04235 0.000492
0.040655 0.00082
0.04062 0.000844
0.038951 0.000779
0.040891 0.000554
0.040775 0.000799
0.042012 0.001254
0.040585 0.000584
0.040505 0.0005
0.040539 0.000569
0.04158 0.00057
0.041176 0.000456
0.040496 0.000612
0.04059 0.000721
0.040837 0.000813
0.041314 0.000933
0.040979 0.000661
0.040364 0.000763
0.040601 0.000807
0.041053 0.000683
0.039648 0.000945
0.040717 0.00074
0.040687 0.000714
0.040717 0.000637
0.040658 0.00085
0.040253 0.000937
0.040467 0.000526
0.040697 0.001042
0.040893 0.000688
0.040767 0.000722
0.038504 0.000893
0.040813 0.001021
0.041692 0.000839
0.041436 0.000983
0.041202 0.000568
0.039502 0.000881
0.041732 0.000765
0.040569 0.001064
0.041228 0.000711
0.041919 0.000706
0.040589 0.00057
0.040784 0.000756
0.039784 0.000813
0.040625 0.000881
0.040866 0.000728
0.040845 0.000727
0.040664 0.00079
0.039208 0.001125
0.040903 0.001051
0.040759 0.000679
0.041715 0.000663
0.040563 0.000679
0.03939 0.000917
0.041209 0.00067
0.040716 0.001162
0.042159 0.000986
0.041461 0.000576
0.042138 0.000692
0.041634 0.000589
0.040772 0.000775
0.041633 0.00068
0.041596 0.000555
0.04054 0.000608
0.041652 0.000704
0.039394 0.000697
0.040773 0.000741
0.040881 0.000753
0.041854 0.001022
0.040695 0.0009
0.037684 0.000583
0.041612 0.000821
0.041866 0.000867
0.042172 0.000765
0.041466 0.000572
0.040914 0.000685
0.04069 0.000947
0.040544 0.000836
0.040986 0.000714
0.040302 0.000579
0.040756 0.000874
0.040603 0.00075
0.041501 0.00081
0.041211 0.000767
0.040717 0.001096
0.041421 0.000591
0.040763 0.000686
0.039092 0.000837
0.041695 0.000712
0.040501 0.000665
0.040816 0.000901
0.040702 0.000789
0.040096 0.000686
0.04069 0.000796
0.040728 0.000558
0.041914 0.00075
0.040426 0.00056
0.039385 0.000609
0.041904 0.000905
0.041109 0.001134
0.041029 0.000751
0.041134 0.00087
0.040536 0.000951
0.040637 0.000625
0.041755 0.000774
0.041532 0.000725
0.033327 0.00077
0.041268 0.000649
0.040639 0.000905
0.040649 0.000999
0.040628 0.000727
0.042162 0.000739
0.041921 0.00076
0.040556 0.000761
0.040516 0.000632
0.040123 0.001157
0.040797 0.000652
0.040338 0.000533
0.040618 0.001128
0.040694 0.000652
0.03907 0.000842
0.040389 0.000831
0.04153 0.000781
0.041366 0.000602
0.040635 0.000909
0.038925 0.000945
0.040617 0.00113
0.040568 0.00088
0.040958 0.000687
0.041545 0.000694
0.04042 0.000759
0.041499 0.001012
0.040675 0.000883
0.040781 0.000644
0.041622 0.000779
0.040855 0.000734
0.040741 0.000847
0.039134 0.000739
0.040549 0.000621
0.040611 0.000587
0.040853 0.000717
0.040194 0.000788
0.039797 0.001156
0.042073 0.000744
0.040785 0.000726
0.040872 0.000786
0.04175 0.00065
0.038844 0.000913
0.040976 0.001043
0.041092 0.000746
0.041247 0.000747
0.040668 0.000803
0.039017 0.001104
0.040518 0.000836
0.041868 0.000913
0.040983 0.000578
0.04171 0.000758
0.040565 0.00074
0.040753 0.000754
0.039611 0.000695
0.04201 0.000625
0.040602 0.0006
0.040741 0.000726
0.041561 0.000984
0.040232 0.000787
0.041746 0.000789
0.040745 0.000618
0.040557 0.000745
0.04164 0.000718
0.040004 0.000702
0.04168 0.00089
0.041722 0.00068
0.041617 0.00096
0.040424 0.000773
0.040725 0.000809
0.041239 0.000598
0.04052 0.000624
0.041891 0.000922
0.040787 0.000736
0.039731 0.000886
0.040842 0.000978
0.041129 0.001213
0.040643 0.000678
0.041813 0.000986
0.040863 0.000599
0.04179 0.000749
0.040374 0.000533
0.04161 0.000745
0.041547 0.000549
0.041755 0.00077
0.040729 0.000796
0.038751 0.000787
0.040756 0.000669
0.040534 0.000721
0.041115 0.000703
0.040581 0.00084
0.038384 0.000874
0.041711 0.000664
0.040648 0.000599
0.041564 0.00062
0.040822 0.000718
0.039339 0.000687
0.040693 0.000541
0.041696 0.001182
0.041076 0.000532
0.040518 0.000819
0.039017 0.001163
0.041745 0.000954
0.040648 0.000644
0.040671 0.000769
0.04072 0.000458
0.040413 0.000722
0.04164 0.000853
0.0407 0.000706
0.040883 0.000484
0.040539 0.000778
0.040755 0.000649
0.041557 0.000855
0.039299 0.000664
0.040619 0.000693
0.041128 0.000808
0.050118 0.000786
0.040545 0.000807
0.038537 0.001034
0.041103 0.000746
0.040855 0.000614
0.041738 0.000786
0.041496 0.000743
0.03933 0.000726
0.040821 0.000706
0.041026 0.001202
0.041543 0.000879
0.040512 0.000826
0.040238 0.000769
0.040828 0.000786
0.041807 0.000909
0.041007 0.000959
0.040602 0.00082
0.040973 0.000961
0.041819 0.000733
0.040113 0.000994
0.040892 0.000611
0.041159 0.000598
0.040666 0.000779
0.040797 0.000849
0.040194 0.000764
0.040603 0.000713
0.0416 0.000663
0.046187 0.000625
0.042325 0.001188
0.041634 0.000666
0.040604 0.00086
0.042116 0.001159
0.040712 0.000669
0.04095 0.000835
0.043666 0.000859
0.042759 0.000732
0.039978 0.000596
0.040852 0.00075
0.041297 0.001004
0.041279 0.001087
0.041156 0.001
0.041013 0.000784
0.041008 0.000947
0.039426 0.000749
0.040528 0.000626
0.040529 0.000774
0.041367 0.000743
0.04135 0.000563
0.039019 0.000501
0.040853 0.000705
0.041584 0.000789
0.040997 0.000652
0.040416 0.000896
0.039519 0.000836
0.040894 0.000732
0.041885 0.001033
0.041564 0.000814
0.040451 0.000533
0.03998 0.000701
0.041552 0.000655
0.042127 0.000841
0.041165 0.000746
0.041808 0.000916
0.040879 0.000864
0.041578 0.000873
0.040361 0.000766
0.04084 0.000882
0.041112 0.000801
0.041429 0.000663
0.041773 0.000847
0.040459 0.000896
0.040723 0.000689
0.041635 0.000952
0.040883 0.000729
0.041829 0.000679
0.041404 0.000903
0.041725 0.000636
0.040689 0.000647
0.041712 0.000989
0.040631 0.000541
0.040572 0.00072
0.041926 0.000619
0.040732 0.00048
0.041212 0.000789
0.041954 0.000932
0.041562 0.000604
0.041086 0.000687
0.040316 0.000903
0.040559 0.000872
0.041934 0.000755
0.04097 0.000677
0.040592 0.000929
0.040645 0.000825
0.040805 0.000646
0.041891 0.000718
0.042417 0.000727
0.041112 0.000625
0.041969 0.001188
0.042142 0.000648
0.040927 0.000851
0.041345 0.000821
0.041973 0.000846
0.042819 0.000833
0.042373 0.000649
0.041168 0.000851
0.042173 0.000815
0.040836 0.000818
0.041611 0.000967
0.041628 0.000594
0.04085 0.000669
0.04066 0.000517
0.043047 0.000809
0.042468 0.000797
0.040535 0.000989
0.040718 0.000641
0.040874 0.00091
0.040292 0.000901
0.040579 0.000768
0.041769 0.000768
0.040976 0.000893
0.04086 0.000729
0.038947 0.000548
0.041619 0.000928
0.04029 0.000882
0.0408 0.001074
0.040395 0.000483
0.039105 0.000787
0.040321 0.000889
0.040976 0.000814
0.042005 0.000876
0.04027 0.000877
0.033939 0.000811
0.040613 0.000661
0.039162 0.000714
0.040562 0.000796
0.040584 0.000589
0.040813 0.001019
0.040945 0.000933
0.04162 0.000685
0.040518 0.000874
0.040938 0.000724
0.042193 0.000596
0.040552 0.000636
0.041733 0.000643
0.040514 0.000691
0.040711 0.000844
0.04125 0.000807
0.040807 0.000615
0.040692 0.000747
0.041731 0.000938
0.040675 0.000767
0.04074 0.000916
0.040609 0.000859
0.040749 0.000882
0.040565 0.000885
0.038724 0.000748
0.043144 0.000846
0.040334 0.001105
0.040844 0.00059
0.040474 0.000769
0.038898 0.000555
0.040907 0.000846
0.041479 0.000589
0.040735 0.000707
0.041636 0.00104
0.038779 0.000755
0.040961 0.000668
0.040872 0.00104
0.041164 0.000779
0.040717 0.000743
0.039879 0.000732
0.040564 0.00089
0.040649 0.000884
0.042235 0.000729
0.04045 0.00076
0.041649 0.000823
0.040975 0.000762
0.040654 0.000728
0.040841 0.000953
0.041122 0.000863
0.040985 0.000793
0.040993 0.000655
0.038602 0.000797
0.040585 0.000749
0.040574 0.000779
0.040995 0.000452
0.04074 0.00085
0.039989 0.000708
0.040586 0.000934
0.040863 0.000992
0.040875 0.000664
0.042345 0.000935
0.039949 0.000661
0.040569 0.000766
0.040565 0.000642
0.040508 0.00098
0.040528 0.000759
0.038508 0.00084
0.040582 0.000806
0.040404 0.000543
0.04106 0.00089
0.040642 0.00076
0.039977 0.000507
0.040591 0.001305
0.040538 0.000943
0.040635 0.000923
0.040778 0.000756
0.040715 0.001298
0.040786 0.000914
0.039613 0.000684
0.041031 0.000656
0.040922 0.000931
0.041074 0.000754
0.041843 0.001065
0.038471 0.000713
0.042093 0.000837
0.041539 0.00096
0.04212 0.000844
0.041032 0.000721
0.041273 0.000806
0.040534 0.001223
0.041113 0.00064
0.041616 0.000717
0.040909 0.000761
0.040528 0.000747
0.04164 0.0009
0.038857 0.000968
0.040859 0.000797
0.040732 0.000733
0.042116 0.000766
0.04059 0.00069
0.03933 0.000661
0.04135 0.000698
0.041561 0.000899
0.040477 0.000659
0.040991 0.000802
0.038714 0.001155
0.04072 0.000601
0.040573 0.001034
0.041369 0.000679
0.041504 0.001097
0.040691 0.0007
0.041609 0.001006
0.041604 0.000743
0.041872 0.000693
0.041727 0.000599
0.040818 0.000902
0.041892 0.00061
0.040431 0.000616
0.041753 0.000851
0.040674 0.000963
0.040879 0.000828
0.040494 0.000773
0.039805 0.000921
0.04179 0.000844
0.040777 0.000627
0.040546 0.000633
0.040487 0.000895
0.03846 0.000744
0.041696 0.000693
0.040484 0.000708
0.04088 0.001024
0.040459 0.000857
0.038881 0.001065
0.041467 0.000673
0.040408 0.001013
0.041197 0.000546
0.041502 0.00068
0.040024 0.000739
0.040561 0.00065
0.041478 0.000601
0.040955 0.000692
0.040324 0.00088
0.040256 0.000797
0.040716 0.000706
0.040308 0.000703
0.041352 0.000504
0.041341 0.00084
0.040983 0.000748
0.041438 0.00061
0.040396 0.00079
0.042355 0.000816
0.040794 0.000574
0.040511 0.000777
0.040944 0.000753
0.040576 0.000869
0.042538 0.000798
0.040539 0.000585
0.04049 0.000689
0.041509 0.000641
0.041376 0.00086
0.04059 0.000783
0.041503 0.000894
0.040715 0.001077
0.041465 0.000866
0.038674 0.000894
0.041522 0.000929
0.040986 0.000684
0.041931 0.000674
0.04105 0.000651
0.039186 0.000817
0.040762 0.00077
0.040621 0.000571
0.040595 0.000755
0.040712 0.000622
0.03848 0.000643
0.040597 0.000787
0.040559 0.000663
0.040645 0.000874
0.041465 0.000494
0.039046 0.000631
0.040522 0.000783
0.040662 0.000792
0.040779 0.000674
0.043382 0.0005
0.040111 0.000908
0.041654 0.000889
0.040451 0.000721
0.04226 0.000607
0.04096 0.000692
0.040457 0.000762
0.041777 0.000563
0.040631 0.000838
0.042238 0.000812
0.04062 0.000841
0.040999 0.000662
0.040965 0.000701
0.039925 0.000671
0.041818 0.000701
0.041063 0.000568
0.04064 0.000586
0.040637 0.000877
0.03895 0.000881
0.040617 0.000693
0.040446 0.000864
0.040819 0.000636
0.041543 0.000861
0.038661 0.000751
0.040763 0.000712
0.041667 0.000785
0.040899 0.001036
0.040241 0.000807
0.038556 0.000828
0.040499 0.000682
0.040608 0.000772
0.041953 0.000865
0.040622 0.000852
0.039438 0.000674
0.04159 0.000635
0.040626 0.000754
0.041184 0.00091
0.040392 0.000625
0.040201 0.001081
0.042061 0.000591
0.040974 0.000728
0.041934 0.000878
0.041723 0.000866
0.040916 0.000804
0.040336 0.000744
0.0394 0.000967
0.040694 0.000591
0.040449 0.000873
0.040706 0.000849
0.040594 0.000566
0.040164 0.000663
0.041855 0.000795
0.041627 0.000641
0.040986 0.000791
0.042061 0.000588
0.038526 0.000943
0.040761 0.000692
0.040555 0.000856
0.041083 0.00093
0.040705 0.000517
0.040127 0.000902
0.041806 0.000656
0.040684 0.000603
0.042666 0.000711
0.040556 0.000883
0.040706 0.000894
0.037969 0.000543
0.040591 0.000689
0.040476 0.000683
0.040468 0.000849
0.040558 0.000854
0.042579 0.000669
0.041665 0.00086
0.039611 0.000725
0.040535 0.000543
0.040738 0.000879
0.042116 0.000773
0.04053 0.000583
0.041333 0.001084
0.041877 0.000761
0.040607 0.000826
0.041952 0.000894
0.040596 0.000661
0.04169 0.000771
0.04133 0.000861
0.040735 0.000784
0.041547 0.000679
0.041729 0.000724
0.040575 0.000765
0.040637 0.000892
0.04032 0.000794
0.041408 0.000802
0.040543 0.000665
0.040913 0.000941
0.040475 0.000709
0.039233 0.000888
0.040689 0.000787
0.040668 0.000927
0.040681 0.00091
0.040622 0.000939
0.039848 0.001145
0.040479 0.000595
0.040659 0.000794
0.041316 0.0007
0.041222 0.000669
0.04068 0.000663
0.040915 0.001021
0.040596 0.001001
0.04054 0.000926
0.04095 0.000751
0.040498 0.000677
0.040506 0.000574
0.040322 0.000596
0.04235 0.000786
0.040919 0.000978
0.040506 0.000725
0.040423 0.001052
0.040125 0.000834
0.041149 0.000947
0.040619 0.000806
0.041065 0.000739
0.041573 0.000898
0.039157 0.000584
0.041735 0.000702
0.040723 0.001049
0.041796 0.00064
0.040507 0.000746
0.039243 0.000747
0.040677 0.000563
0.04057 0.001137
0.040799 0.000582
0.040912 0.00083
0.040587 0.000772
0.041335 0.000689
0.040777 0.000631
0.041229 0.000823
0.040677 0.000827
0.041582 0.000647
