0.001188 0.000123
0.001182 0.000109
0.00135 0.00015
0.001369 0.0001
0.001352 0.000113
0.001356 0.00018
0.001353 0.000135
0.001363 0.000116
0.001351 0.000144
0.001356 9.4e-05
0.001471 9.5e-05
0.001356 0.00013
0.001347 0.000105
0.001378 0.000181
0.001354 0.000113
0.001378 0.000106
0.001385 0.000165
0.001363 0.000157
0.001339 0.000107
0.001372 0.000146
0.001353 8.8e-05
0.001366 8e-05
0.00136 0.00015
0.001355 0.000124
0.001356 0.000163
0.00137 0.000138
0.001352 8.1e-05
0.001376 0.000137
0.001355 0.00013
0.001367 0.000129
0.001364 0.000114
0.001367 9.8e-05
0.001352 0.000106
0.001364 8.9e-05
0.001359 0.000172
0.0014 0.000156
0.001343 0.000129
0.001362 9.1e-05
0.001508 0.000142
0.001361 0.000115
0.001496 0.000106
0.001361 0.000101
0.001382 8.7e-05
0.001374 0.000125
0.001351 0.000121
0.001363 7.9e-05
0.001354 0.000151
0.001354 9.3e-05
0.001359 7.8e-05
0.001367 9.1e-05
0.001392 0.000155
0.00136 0.000144
0.001338 8.1e-05
0.001356 0.000118
0.001347 0.000173
0.001383 0.000141
0.00136 0.000155
0.001367 9.6e-05
0.001351 0.000115
0.001367 0.00015
0.001344 9.3e-05
0.00136 0.000142
0.001358 9.1e-05
0.001367 9.9e-05
0.001358 0.00013
0.001272 0.000103
0.001171 0.000104
0.001198 9.7e-05
0.001305 0.000137
0.001369 9.3e-05
0.00135 0.000172
0.00137 9.3e-05
0.001351 8.5e-05
0.001358 9.9e-05
0.001361 0.000114
0.001359 8.3e-05
0.001366 0.000105
0.001362 9.6e-05
0.001357 8.1e-05
0.001361 0.000112
0.001356 7.8e-05
0.001368 0.00014
0.001336 9.6e-05
0.001385 8.5e-05
0.001355 0.000125
0.001355 0.000102
0.001352 8.4e-05
0.001381 0.000127
0.001348 0.000105
0.001354 0.000123
0.001364 0.000115
0.001364 0.000152
0.001357 0.000135
0.00137 0.00013
0.001346 0.000128
0.001361 0.000103
0.001354 0.000185
0.001363 0.000127
0.001359 0.00011
0.001368 0.000129
0.001351 8.8e-05
0.001365 8.4e-05
0.00136 0.000113
0.001343 0.000123
0.001353 7.9e-05
0.001358 9.5e-05
0.001358 0.000136
0.00137 0.000106
0.001334 9.8e-05
0.001357 0.000154
0.001374 0.000122
0.001365 0.000118
0.001342 0.000112
0.001359 0.000104
0.001353 0.000151
0.001369 0.00014
0.001374 7.9e-05
0.001368 0.00012
0.001345 0.000125
0.001359 9.2e-05
0.001356 0.000133
0.001373 0.000105
0.001357 9.7e-05
0.001351 0.000115
0.001358 8.6e-05
0.001352 8.4e-05
0.001359 0.000115
0.001366 0.000112
0.001341 8.5e-05
0.001356 0.000141
0.001349 0.000104
0.001373 0.000158
0.001332 0.000117
0.001282 0.000153
0.001345 8.5e-05
0.00136 9e-05
0.001353 0.000109
0.001359 0.000135
0.00135 8.8e-05
0.001358 0.000102
0.001349 0.000118
0.001364 0.00011
0.001352 0.00012
0.001359 0.000159
0.00135 0.000144
0.001362 0.000102
0.001363 9e-05
0.001374 9.2e-05
0.001359 0.000154
0.001356 0.000163
0.001358 0.000134
0.001379 0.000164
0.00136 9.7e-05
0.001362 0.000124
0.001351 0.000138
0.001361 0.000112
0.001351 0.000146
0.00136 0.000116
0.001351 0.000122
0.001355 0.000106
0.00135 0.000148
0.001353 0.000134
0.001342 0.000112
0.001372 0.000122
0.001352 8e-05
0.001366 0.000117
0.001358 0.000187
0.001357 0.000189
0.001351 9.8e-05
0.00137 0.000181
0.001349 0.000134
0.001385 9.1e-05
0.001344 0.000112
0.001369 8.8e-05
0.001349 9.8e-05
0.001367 7.7e-05
0.001354 0.000149
0.001364 0.000148
0.001355 7.7e-05
0.001373 0.000103
0.001356 0.000119
0.001363 0.0001
0.001356 0.000102
0.001369 9e-05
0.00135 9.1e-05
0.001363 0.00012
0.001377 0.000113
0.001358 0.000162
0.001358 0.000144
0.001369 8.3e-05
0.001349 8.8e-05
0.001365 0.000164
0.001348 0.000119
0.001359 0.000109
0.00135 0.000143
0.001368 0.000132
0.001361 0.000121
0.001364 0.000113
0.001229 8.2e-05
0.001289 0.000166
0.001358 0.000127
0.001375 0.000116
0.001355 0.000121
0.001362 9.6e-05
0.001339 0.000139
0.001355 9.6e-05
0.001354 0.0001
0.001364 7.9e-05
0.001359 0.000118
0.001361 0.00012
0.001358 0.000107
0.001373 0.000117
0.001339 0.000161
0.001364 0.00011
0.001356 0.000101
0.001361 0.000112
0.001344 8.5e-05
0.001359 0.000124
0.001354 0.000108
0.001375 0.000126
0.001396 0.000118
0.001453 0.000118
0.001344 0.000117
0.001367 0.000106
0.001348 8e-05
0.001364 0.000121
0.001357 0.000101
0.001366 0.000146
0.001341 0.000102
0.001355 8.3e-05
0.001355 8.7e-05
0.001351 9.8e-05
0.001362 0.000129
0.001365 0.000113
0.001343 0.000189
0.001346 0.000101
0.001344 0.000131
0.001368 0.000169
0.001346 0.00011
0.001366 8.6e-05
0.00134 0.000113
0.001367 0.000135
0.001353 0.000116
0.001346 0.000125
0.001348 8.1e-05
0.001364 0.000152
0.001361 0.000134
0.001363 8.4e-05
0.001356 0.000138
0.001362 0.000144
0.001337 0.000124
0.001353 8.3e-05
0.001389 0.000135
0.001381 7.9e-05
0.001412 0.000109
0.001399 0.000118
0.00136 8.1e-05
0.001363 0.00011
0.001354 0.00012
0.001371 0.00011
0.001349 0.000104
0.001353 9.6e-05
0.001353 0.000163
0.002166 0.000117
0.002155 0.000109
0.001363 0.000109
0.001343 0.000116
0.001366 0.00016
0.00136 0.000101
0.001361 0.000106
0.001543 9.9e-05
0.001355 0.000222
0.001385 8.1e-05
0.001371 8.7e-05
0.001342 0.000125
0.001364 0.000165
0.001556 0.000123
0.001354 0.000124
0.001374 0.000123
0.001757 0.000127
0.001352 0.000149
0.001369 0.000159
0.001929 0.000105
0.001368 0.000101
0.001351 0.000142
0.001959 0.000155
0.00215 0.000132
0.001358 0.000113
0.001366 0.000133
0.001364 0.000155
0.001351 0.000168
0.001376 0.000123
0.001359 0.000166
0.001359 0.000113
0.001353 0.000139
0.001351 0.000159
0.001353 8e-05
0.001368 0.000125
0.001362 0.000131
0.00136 9.5e-05
0.001352 9.5e-05
0.001403 0.000115
0.001351 0.000138
0.001362 7.8e-05
0.00135 9.5e-05
0.001362 9.3e-05
0.001347 0.000129
0.001372 0.000102
0.001348 0.000153
0.001363 0.000113
0.001347 0.000107
0.001341 0.000105
0.001347 8.9e-05
0.001624 0.000106
0.001346 0.000111
0.001369 0.000192
0.001447 9.6e-05
0.001363 0.00012
0.001354 0.000103
0.00142 0.000117
0.001345 0.000146
0.001372 0.000113
0.001386 8.6e-05
0.001401 0.0001
0.001381 0.000103
0.001369 0.000103
0.001422 0.000157
0.001509 0.00013
0.001434 0.000104
0.001389 9.8e-05
0.00143 0.000149
0.001382 0.000124
0.001356 0.000126
0.001409 0.000132
0.001415 0.00018
0.00144 9.6e-05
0.001355 0.000149
0.001455 0.000125
0.001337 0.000114
0.001397 0.000121
0.001422 0.000134
0.001415 0.000111
0.001363 9.6e-05
0.001369 9.2e-05
0.001358 0.00011
0.001359 0.000126
0.001355 0.000147
0.001363 0.000101
0.001395 0.000105
0.001371 0.000112
0.001365 0.000158
0.001367 0.00013
0.001366 8.1e-05
0.001405 8.1e-05
0.001361 8.7e-05
0.001358 0.000109
0.001354 0.000118
0.001415 8e-05
0.001356 0.000128
0.001359 0.000122
0.001364 8.5e-05
0.001365 0.000153
0.001359 0.000118
0.001371 0.00012
0.00137 8.2e-05
0.001377 9.6e-05
0.001342 0.000131
0.00136 0.00012
0.001344 0.000106
0.001353 0.000137
0.001356 0.000105
0.001362 0.000101
0.001383 0.000107
0.001358 9.6e-05
0.001355 0.000117
0.001379 0.00013
0.00135 0.000119
0.001369 8.8e-05
0.001342 0.0001
0.001959 0.00016
0.001952 0.000137
0.001911 0.000202
0.001461 0.000107
0.001373 0.000121
0.001375 0.000136
0.001364 9.2e-05
0.001361 0.00012
0.001358 7.8e-05
0.001348 0.000127
0.001366 0.000101
0.001369 0.000106
0.001346 9.9e-05
0.001263 0.000146
0.001412 8.1e-05
0.001344 0.000117
0.001387 0.000146
0.001374 0.000174
0.001375 0.000126
0.001391 0.000141
0.001385 0.000132
0.001364 0.00015
0.001394 0.000101
0.001374 0.000207
0.001422 9.4e-05
0.001368 0.000126
0.001399 0.000132
0.00137 0.000151
0.001509 0.000129
0.00142 0.0001
0.001403 9.1e-05
0.001367 0.000112
0.001452 0.000142
0.001801 0.000135
0.001376 9.3e-05
0.001375 0.000103
0.001368 0.000154
0.001381 0.000114
0.001358 8.4e-05
0.001397 0.000114
0.001369 0.000118
0.001372 0.000129
0.001612 0.000147
0.002062 0.000221
0.001612 0.000137
0.001581 0.000126
0.001606 0.000152
0.00159 0.000116
0.0014 0.000114
0.002026 0.000146
0.00139 0.000249
0.002005 0.000196
0.001474 9e-05
0.001454 8e-05
0.001391 0.000113
0.001348 0.000107
0.001378 0.00011
0.001396 0.000161
0.001858 0.000116
0.001861 0.000137
0.001925 0.000143
0.001861 0.000183
0.001879 0.000127
0.001934 0.00015
0.002005 0.000142
0.001768 0.000159
0.001538 0.000135
0.001865 0.000131
0.001887 0.000175
0.00185 0.000217
0.001871 0.000165
0.001945 0.000183
0.002 0.000144
0.001995 9e-05
0.001439 0.000144
0.001345 0.000175
0.001374 8.8e-05
0.001353 0.000155
0.001364 0.00015
0.001344 0.000109
0.001363 8e-05
0.001364 0.000169
0.001394 0.00013
0.001886 0.000107
0.001367 0.000106
0.001447 9.8e-05
0.001358 0.000154
0.001449 0.000112
0.001758 0.000139
0.001348 8.1e-05
0.001353 0.000175
0.001354 8.1e-05
0.001366 0.000144
0.001506 0.000155
0.001522 0.000133
0.001378 9.2e-05
0.001396 8.8e-05
0.001358 0.000147
0.001353 0.000131
0.001356 0.000123
0.001379 0.000122
0.001351 0.000166
0.001376 0.000158
0.001352 0.00014
0.001362 0.000139
0.001365 0.000163
0.001395 0.000122
0.001546 0.000107
0.001379 8.6e-05
0.001358 0.000108
0.001391 0.000136
0.00139 0.000103
0.001343 0.00016
0.001348 8.9e-05
0.001356 9.8e-05
0.001373 0.000101
0.001378 0.000144
0.001354 0.000109
0.001381 0.00012
0.00135 0.000165
0.001371 0.000129
0.001367 0.000116
0.001515 0.000124
0.001344 0.000165
0.001355 0.000101
0.001374 0.000102
0.001377 9.7e-05
0.001361 0.000116
0.001347 0.000137
0.001355 8.6e-05
0.001345 8.7e-05
0.001358 0.000119
0.001396 8.3e-05
0.001323 0.000134
0.001274 0.000105
0.00113 7.8e-05
0.001352 0.000145
0.00135 9e-05
0.001369 8.7e-05
0.001338 0.000165
0.001361 0.000168
0.001352 0.0001
0.001356 0.000181
0.001344 0.000174
0.001374 0.000103
0.001347 0.000123
0.00136 0.000126
0.001348 0.000122
0.001359 0.000147
0.001368 0.000133
0.001367 0.00016
0.001372 9e-05
0.001352 0.000111
0.001351 0.000125
0.001361 0.000125
0.001352 9e-05
0.001372 0.000176
0.001354 0.000104
0.001365 0.000137
0.001352 0.000105
0.001368 0.000129
0.001352 0.00011
0.001375 8.6e-05
0.001363 0.000112
0.001409 0.000102
0.001369 7.8e-05
0.001364 9.2e-05
0.001354 0.000138
0.001375 0.000103
0.001371 0.00013
0.001356 8.3e-05
0.001364 0.000105
0.001386 9.7e-05
0.00137 0.00012
0.001367 8.7e-05
0.001358 0.000114
0.001362 9.6e-05
0.001354 8.6e-05
0.001357 0.000111
0.001344 8.1e-05
0.001361 0.000126
0.001361 0.000106
0.001338 0.00017
0.001394 9.3e-05
0.001346 0.000179
0.001356 0.000103
0.001364 0.0001
0.001349 8.6e-05
0.001356 0.000104
0.001355 0.000116
0.001359 9.5e-05
0.001351 0.000114
0.001359 0.000116
0.001343 0.000125
0.001342 0.000144
0.001376 0.000102
0.001372 0.000115
0.001351 0.000116
0.001398 0.000117
0.001348 0.000106
0.001238 0.000134
0.001169 9.2e-05
0.001255 0.000121
0.001356 0.000121
0.001354 0.000105
0.00137 8e-05
0.001366 0.000156
0.001349 0.000112
0.001358 9.9e-05
0.001358 0.000152
0.001354 0.000123
0.001353 0.000155
0.001355 0.000102
0.001397 0.000124
0.001354 0.000118
0.001386 0.000146
0.001356 0.000118
0.001384 0.000143
0.001354 9.5e-05
0.001352 0.000108
0.001368 0.000131
0.001344 0.00011
0.00137 0.000145
0.001351 0.000141
0.001359 0.000168
0.001345 0.00013
0.001372 0.000127
0.001412 0.000137
0.001353 0.000112
0.001352 0.000133
0.001373 0.000104
0.001354 0.00017
0.00135 9.3e-05
0.001347 0.000123
0.001358 8.4e-05
0.001349 0.000105
0.00137 0.000134
0.001349 0.000108
0.001368 0.000171
0.001343 0.000129
0.001369 0.00013
0.001357 0.000105
0.001376 9.5e-05
0.001362 0.000161
0.001366 0.000127
0.001352 0.000103
0.002047 0.000194
0.001996 0.000267
0.001994 0.000104
0.001371 0.000155
0.001535 9e-05
0.001373 0.000148
0.001351 0.000218
0.001797 0.000115
0.001358 9.5e-05
0.001446 0.000131
0.001532 9.3e-05
0.00134 0.000129
0.001375 0.000101
0.001343 0.000141
0.002034 0.000168
0.001968 0.000194
0.001895 0.000163
0.001785 0.000134
0.001448 0.000126
0.001439 0.000162
0.001395 9.3e-05
0.001513 0.000211
0.0021 0.000162
0.002085 0.000228
0.001941 8.6e-05
0.001361 0.00012
0.00137 0.000103
0.001623 0.000154
0.001365 8.6e-05
0.001383 0.000102
0.001405 0.000171
0.001522 0.000137
0.001371 0.000132
0.001358 0.000116
0.001365 0.000152
0.001349 0.000181
0.001376 9.9e-05
0.001339 0.000104
0.001373 0.000118
0.00135 0.000124
0.001369 0.000121
0.001351 0.000131
0.001356 7.9e-05
0.001351 0.000111
0.001354 9.4e-05
0.001356 8.8e-05
0.001395 0.000114
0.001361 0.000153
0.001348 0.000104
0.001355 0.000122
0.00138 0.000162
0.001392 0.000112
0.001363 0.000107
0.001357 0.000127
0.001363 9e-05
0.001361 0.000165
0.001651 0.000113
0.00135 0.000133
0.001357 8.7e-05
0.001348 9.7e-05
0.001374 0.0001
0.001365 0.000129
0.001363 0.000151
0.001352 9.3e-05
0.001364 0.000109
0.001347 0.000202
0.001371 9.3e-05
0.001348 0.000154
0.001372 9.4e-05
0.00136 9.2e-05
0.001362 0.000127
0.001346 9.3e-05
0.00137 0.000107
0.001383 0.000161
0.001363 0.000113
0.001352 8.8e-05
0.001354 0.000118
0.001353 0.000124
0.001362 0.000121
0.001384 0.000148
0.001338 8.5e-05
0.001165 6.7e-05
0.001406 0.000137
0.001609 0.000101
0.001384 9.4e-05
0.001359 0.00012
0.001345 0.000123
0.001403 9.5e-05
0.001365 0.000125
0.001362 0.000129
0.001723 0.000121
0.00136 9.9e-05
0.001376 0.000137
0.001816 0.000109
0.001362 0.000118
0.001511 0.000117
0.001593 0.000225
0.001521 9.1e-05
0.001434 0.000127
0.001391 0.000142
0.001536 0.000171
0.002108 0.000234
0.002115 0.000171
0.00206 0.000187
0.002085 0.000152
0.00209 0.000157
0.00209 0.000186
0.001619 0.000118
0.001373 9.8e-05
0.001352 0.000151
0.001423 0.000155
0.001361 0.000144
0.00135 8.9e-05
0.001347 0.0001
0.001365 0.0001
0.00137 8.8e-05
0.001368 0.000123
0.001462 0.000124
0.001358 9.8e-05
0.001352 0.000112
0.001415 0.000148
0.001358 0.000112
0.001373 0.0001
0.001339 0.000151
0.001644 0.00013
0.00136 0.000131
0.00136 0.000122
0.001357 0.000114
0.00136 0.000127
0.001361 0.00011
0.001365 0.000112
0.001348 9.2e-05
0.001365 0.000122
0.001371 9.8e-05
0.001355 0.000175
0.00136 0.000119
0.001352 0.000121
0.001366 0.000101
0.001366 0.000129
0.001356 0.000149
0.001385 9.5e-05
0.001176 0.000105
0.001188 9.7e-05
0.001152 0.000175
0.001366 0.000138
0.001357 0.000139
0.001349 9.6e-05
0.001368 0.000101
0.001368 0.000102
0.00156 0.000113
0.001365 0.000125
0.00135 9.5e-05
0.001365 0.000129
0.001367 9.3e-05
0.001358 0.000104
0.00135 0.000158
0.0015 0.000125
0.001349 9.3e-05
0.001369 0.000102
0.00139 0.000113
0.001373 0.000122
0.001353 0.000117
0.001366 0.000194
0.001351 7.9e-05
0.001368 0.000163
0.001338 9e-05
0.001368 8.6e-05
0.001347 0.000122
0.001378 0.000118
0.00134 9.3e-05
0.001362 0.000124
0.001375 0.000121
0.001448 8e-05
0.001339 0.000113
0.001357 0.000187
0.001346 0.000101
0.001367 0.000159
0.001341 0.000111
0.001367 0.000114
0.00135 8.7e-05
0.001351 8.6e-05
0.001353 9.8e-05
0.001388 0.00014
0.001373 0.000119
0.001368 0.00013
0.001347 0.00011
0.001353 0.000107
0.00136 0.000124
0.001373 0.000131
0.001335 0.000131
0.001347 0.000152
0.001573 0.000129
0.00138 8.3e-05
0.001376 0.000132
0.001354 0.000104
0.00135 0.000177
0.001372 0.000129
0.001362 0.000175
0.00137 9.7e-05
0.001342 9.8e-05
0.001361 0.000124
0.001514 8.3e-05
0.001376 9e-05
0.001384 0.0001
0.001375 0.00014
0.001338 0.00014
0.001369 0.000174
0.001317 0.000104
0.001228 0.000146
0.001187 8.8e-05
0.001372 0.000106
0.001356 0.000194
0.001379 0.000106
0.001354 0.000163
0.001367 0.000125
0.001352 9.9e-05
0.001345 0.000102
0.001373 0.000138
0.001376 0.000148
0.001362 0.000143
0.001368 8e-05
0.001348 0.000145
0.001363 8.5e-05
0.001339 0.000129
0.001364 9.4e-05
0.001417 0.000124
0.001354 0.000139
0.001343 8.8e-05
0.001359 0.000102
0.00136 8.3e-05
0.001367 0.000133
0.001343 0.000134
0.001364 0.000125
0.001369 0.000113
0.001341 0.000157
0.001385 9.2e-05
0.001359 0.000125
0.001356 0.00012
0.001358 0.000156
0.00139 8.9e-05
0.001368 0.000108
0.001345 0.000117
0.001377 9.1e-05
0.001352 9.6e-05
0.00134 9.6e-05
0.00136 0.000135
0.001355 0.000175
0.00135 0.000139
0.001349 0.0001
0.001355 9.9e-05
0.001363 0.000117
0.001355 0.000122
0.001358 0.00012
0.001346 0.000137
0.001451 0.000124
0.00195 9.2e-05
0.001399 0.000141
0.001571 0.00013
0.001397 0.000141
0.001369 8.2e-05
0.001369 0.000188
0.001386 0.000116
0.001364 0.000136
0.001355 0.000123
0.001368 0.000125
0.001405 8.8e-05
0.001359 0.000126
0.001377 7.9e-05
0.001361 0.000119
0.001358 9e-05
0.001368 9.3e-05
0.001351 0.000105
0.001349 7.7e-05
0.001293 0.000137
0.001332 7.6e-05
0.001302 9.4e-05
0.001393 0.000135
0.001345 0.000117
0.001373 0.000142
0.001374 8.4e-05
0.001416 0.000138
0.001373 8.9e-05
0.001357 0.000101
0.001351 0.000134
0.001381 8.9e-05
0.001359 8.4e-05
0.001348 0.000118
0.001357 0.000109
0.001444 0.00012
0.001357 0.000101
0.001414 0.000118
0.001364 0.000106
0.001361 0.000155
0.001375 0.000122
0.001374 0.000137
0.001356 8.9e-05
0.001377 0.000133
0.001386 0.000105
0.001371 9e-05
0.001354 9.2e-05
0.001372 0.000174
0.001383 0.00012
0.001364 0.000148
0.001351 0.000152
0.001384 0.000118
0.001366 7.9e-05
0.001382 0.000115
0.001363 9.5e-05
0.001412 9.6e-05
0.001386 8.1e-05
0.001368 0.000127
0.001377 0.000105
0.001382 0.000161
0.001356 0.000112
0.001358 0.000144
0.001355 0.000113
0.00135 0.000133
0.00137 0.00012
0.001375 0.000168
0.001372 0.000147
0.001365 9.6e-05
0.001361 0.000112
0.001357 0.000102
0.001353 0.000129
0.001375 0.000142
0.001395 0.000117
0.001357 0.000104
0.00137 0.0001
0.001381 0.000121
0.001388 0.000129
0.001344 0.000102
0.001351 0.000116
0.001409 0.000116
0.001344 0.000138
0.001375 9.4e-05
0.001364 0.000159
0.001397 0.00013
0.001338 0.000123
0.00136 0.000126
0.001382 8.1e-05
0.001287 7.3e-05
0.001234 0.0001
0.001365 0.000114
0.001354 0.000149
0.001361 0.000111
0.001346 0.000105
0.001384 0.000134
0.00135 0.000112
0.001358 7.7e-05
0.001352 0.00012
0.001411 0.000136
0.001356 0.000162
0.001377 0.000127
0.001352 0.000145
0.001376 8.2e-05
0.001368 0.000135
0.001371 8.3e-05
0.001367 0.00015
0.001367 8.5e-05
0.001354 0.000112
0.001366 0.00014
0.001348 8.8e-05
0.001365 0.000157
0.001358 0.000103
0.001358 9.3e-05
0.001362 0.000109
0.001366 0.0001
0.001355 0.000122
0.001377 0.000107
0.00135 0.000169
0.001364 9.2e-05
0.001338 9e-05
0.001353 8.2e-05
0.001395 9.4e-05
0.001362 9.3e-05
