0.041676 0.000179
0.041324 0.000158
0.04149 0.00017
0.041094 0.000157
0.040436 0.000138
0.041707 0.000137
0.040486 0.000188
0.038561 0.000189
0.04069 0.000157
0.04175 0.00014
0.040707 0.000211
0.040678 0.000166
0.041651 0.000256
0.040952 0.000113
0.040737 0.000213
0.041073 0.000147
0.04183 0.00014
0.041751 0.000139
0.041393 0.000121
0.041861 0.000145
0.040605 0.000148
0.040834 0.000111
0.041613 0.000121
0.039173 0.000116
0.040671 0.000195
0.041899 0.000196
0.040962 0.000135
0.041388 0.000193
0.040147 0.000161
0.041905 0.000238
0.040892 0.000183
0.041785 0.000214
0.040674 0.000166
0.040971 0.00015
0.041308 0.000172
0.040557 0.000174
0.039093 0.000179
0.041107 0.000166
0.040379 0.00013
0.041072 0.000168
0.041136 0.000198
0.041178 0.000127
0.041343 0.000185
0.040802 0.00014
0.040877 0.000204
0.040571 0.000171
0.040707 0.000327
0.04466 0.000162
0.054042 0.000148
0.042125 0.000131
0.044968 0.000178
0.043287 0.00014
0.042411 0.000233
0.046573 0.00012
0.040845 0.000139
0.04156 0.000185
0.053537 0.000208
0.041901 0.000145
0.041573 0.000175
0.041703 0.000188
0.042398 0.00018
0.041771 0.000183
0.043371 0.000181
0.045916 0.000129
0.053349 0.000178
0.044652 0.000142
0.040729 0.000156
0.041198 0.000192
0.041322 0.00013
0.041995 0.000189
0.039124 0.00027
0.046912 0.000146
0.042923 0.000149
0.042102 0.00017
0.040911 0.000151
0.041087 0.000178
0.043605 0.000115
0.041911 0.000173
0.040751 0.000159
0.041103 0.000128
0.040667 0.000135
0.042066 0.000189
0.040809 0.000196
0.041134 0.000157
0.042196 0.00017
0.041402 0.000155
0.041552 0.000103
0.04087 0.000202
0.040286 0.000161
0.042232 0.000154
0.042985 0.000187
0.042153 0.000213
0.040614 0.00013
0.042261 0.000181
0.042887 0.000122
0.041793 0.000187
0.04256 0.000163
0.042276 0.000146
0.044482 0.000223
0.042418 0.000186
0.042136 0.000163
0.042557 0.000168
0.042048 0.000197
0.040627 0.000148
0.041196 0.000199
0.041404 0.000131
0.040112 0.000123
0.041196 0.000147
0.041205 0.000151
0.04192 0.000136
0.041295 0.000165
0.046929 0.000134
0.043008 0.000213
0.041557 0.000132
0.0414 0.00017
0.041541 0.000131
0.042447 0.000171
0.041296 0.000123
0.04103 0.000111
0.039653 0.000153
0.040793 0.000193
0.042188 0.000115
0.042493 0.000151
0.041947 0.000121
0.042178 0.000176
0.044005 0.000172
0.040779 0.000104
0.041482 0.000187
0.04221 0.000147
0.054877 0.00016
0.054639 0.000133
0.048823 0.000262
0.048543 0.000214
0.04162 0.000133
0.043503 0.000177
0.041798 0.000199
0.045268 0.000135
0.036869 0.000143
0.040937 0.000133
0.040969 0.000141
0.041114 0.000115
0.041285 0.000147
0.041593 0.000202
0.041241 0.000136
0.041524 0.000121
0.04107 0.000162
0.04164 0.000219
0.038956 0.000178
0.041285 0.000133
0.041478 0.00017
0.041621 0.000129
0.040852 0.000153
0.040516 0.000165
0.041287 0.000144
0.040922 0.00013
0.038754 0.000191
0.041768 0.000169
0.041475 0.000188
0.041306 0.000162
0.041669 0.00019
0.041549 0.000146
0.040992 0.000168
0.046147 0.000204
0.044907 0.000195
0.042305 0.000308
0.040585 0.000187
0.04124 0.000161
0.040776 0.000106
0.041158 0.000141
0.041261 0.000137
0.042001 0.000131
0.043579 0.000194
0.043825 0.000225
0.04219 0.000142
0.041814 0.000142
0.041692 0.000149
0.042253 0.000171
0.041181 0.000203
0.04141 0.00021
0.041091 0.000225
0.040999 0.000137
0.047067 0.000131
0.042047 0.000186
0.039235 0.000152
0.041277 0.00015
0.041037 0.000218
0.04098 0.000216
0.041179 0.000163
0.042158 0.000196
0.041264 0.000144
0.041397 0.000186
0.040782 0.000143
0.041033 0.000113
0.041366 0.000225
0.042463 0.000203
0.041396 0.00014
0.040262 0.000149
0.042129 0.000142
0.041706 0.000127
0.042774 0.000131
0.042546 0.000165
0.048423 0.00016
0.044101 0.000206
0.044066 0.000219
0.041647 0.000151
0.042281 0.000192
0.039906 0.000153
0.041759 0.000197
0.043342 0.000129
0.046951 0.000129
0.041055 0.000162
0.040995 0.000155
0.04293 0.000134
0.042643 0.000151
0.042289 0.000197
0.041584 0.000144
0.041687 0.00016
0.042311 0.000197
0.041001 0.000215
0.039368 0.00025
0.04057 0.000176
0.040756 0.000144
0.041548 0.000155
0.041078 0.000151
0.050254 0.000168
0.040859 0.00014
0.040837 0.000147
0.040677 0.00012
0.041929 0.000139
0.040656 0.000166
0.041638 0.000138
0.041021 0.000157
0.039287 0.000115
0.04049 0.000201
0.04142 0.000172
0.040786 0.000161
0.041369 0.000231
0.039366 0.000143
0.040726 0.000186
0.041211 0.000127
0.040931 0.000198
0.04487 0.000131
0.042896 0.000155
0.040815 0.000169
0.0406 0.000155
0.038527 0.000192
0.040725 0.000234
0.040785 0.000199
0.040747 0.000209
0.040823 0.000249
0.041049 0.000225
0.041681 0.000168
0.040482 0.00012
0.0393 0.000131
0.041169 0.000175
0.040498 0.000148
0.040537 0.000176
0.040539 0.000148
0.04032 0.00018
0.040652 0.000142
0.041749 0.000171
0.040727 0.00015
0.041586 0.00019
0.040446 0.000152
0.041487 0.000199
0.04061 0.000129
0.038993 0.000168
0.040496 0.000173
0.041572 0.000146
0.0407 0.000183
0.040554 0.000162
0.044759 0.000133
0.04098 0.000157
0.04147 0.000172
0.039162 0.000143
0.040705 0.000189
0.043396 0.000218
0.040328 0.000153
0.041623 0.000105
0.041324 0.000157
0.041122 0.000175
0.040686 0.000105
0.038675 0.000144
0.040644 0.000141
0.040858 0.000131
0.041053 0.000196
0.04087 0.000145
0.040618 0.000209
0.041435 0.000179
0.041662 0.00014
0.038878 0.00017
0.04068 0.000132
0.040876 9.6e-05
0.0411 0.000203
0.040504 0.000236
0.040683 0.00019
0.041345 0.00015
0.04053 0.000169
0.039558 0.000199
0.040605 0.000233
0.041544 0.000178
0.040703 0.000142
0.040421 0.000143
0.039336 0.00018
0.041032 0.000225
0.040673 0.000141
0.040168 0.000174
0.041385 0.000152
0.040657 0.00016
0.041672 0.000196
0.040595 0.000133
0.038397 0.000203
0.040675 0.000209
0.041023 0.000145
0.040722 0.00018
0.041389 0.000161
0.040511 0.000197
0.041333 0.000202
0.040578 0.000162
0.039708 0.00016
0.040689 0.000186
0.041132 0.000223
0.041045 0.000214
0.041481 0.000225
0.04002 0.000315
0.041901 0.000193
0.041458 0.00015
0.040616 0.000196
0.040641 0.000147
0.040742 0.000111
0.042067 0.00015
0.040427 0.000155
0.038425 0.00016
0.041674 0.000141
0.040701 0.000162
0.040835 0.000149
0.040908 0.000145
0.040768 0.000222
0.04122 0.000221
0.040783 0.000142
0.039695 0.000137
0.041507 0.000162
0.040926 0.000121
0.04249 0.000251
0.040697 0.000207
0.041329 0.000151
0.041143 0.000218
0.041955 0.000215
0.039498 0.000175
0.04077 0.000199
0.041762 0.000155
0.041143 0.000148
0.040815 0.000216
0.039131 0.000169
0.040757 0.000195
0.040807 0.00013
0.041588 0.000181
0.04081 0.000201
0.041144 0.000174
0.040737 0.000128
0.040703 0.000134
0.039167 0.000144
0.040585 0.000171
0.04069 0.000185
0.04119 0.000205
0.040695 0.00013
0.040782 0.000183
0.042133 0.000147
0.040752 0.000137
0.039691 0.000169
0.041147 0.000117
0.040792 0.000218
0.041713 0.000107
0.04164 0.000168
0.040149 0.000137
0.041453 0.000154
0.041085 0.000118
0.04187 0.000175
0.040253 0.000158
0.040793 0.00015
0.040935 0.000115
0.041265 0.000136
0.038951 0.000174
0.041513 0.000191
0.041273 0.000137
0.041052 0.000217
0.04063 0.000155
0.041671 0.000145
0.040903 0.000153
0.040865 0.000199
0.039187 0.000178
0.040857 0.00015
0.040889 0.0002
0.040819 0.000123
0.041753 0.000154
0.040703 0.000227
0.041453 0.000179
0.040694 0.000167
0.039431 0.000137
0.04078 0.000178
0.040479 0.000248
0.04176 0.000161
0.040504 0.000137
0.040705 0.000182
0.040692 0.000173
0.041223 0.000168
0.040321 0.000181
0.040671 0.000229
0.040848 0.000165
0.040538 0.000143
0.041764 0.000178
0.043059 0.000148
0.040625 0.000168
0.041125 0.000158
0.040749 0.000159
0.039506 0.000182
0.040828 0.000131
0.040619 0.000192
0.040715 0.000125
0.040561 0.000126
0.042281 0.000154
0.040762 0.000191
0.040834 0.000131
0.03934 0.000177
0.04048 0.000184
0.040507 0.000158
0.040835 0.000195
0.040802 0.000142
0.041783 0.000218
0.042077 0.000116
0.041054 0.00019
0.038641 0.000129
0.042064 0.000193
0.04086 0.000178
0.040764 0.000126
0.040888 0.000146
0.041083 0.000191
0.041115 0.000155
0.040575 0.000131
0.040214 0.000192
0.041773 0.000242
0.041452 0.000178
0.040715 0.000148
0.040504 0.000132
0.039554 0.000112
0.04196 0.000259
0.040448 0.000134
0.0392 0.000187
0.04036 0.000186
0.041261 0.000207
0.040725 0.000189
0.040448 0.000173
0.040436 0.000175
0.0411 0.000195
0.040583 0.000181
0.039772 0.000179
0.040787 0.000227
0.040906 0.000139
0.041208 0.000124
0.040807 0.000238
0.040072 0.000238
0.041972 0.000197
0.040901 0.00014
0.050247 0.000232
0.068458 0.000143
0.043166 0.000165
0.044169 0.000143
0.040792 0.00014
0.040395 0.000193
0.041171 0.000166
0.041605 0.000164
0.040805 0.000155
0.041592 0.000142
0.041235 0.000169
0.041511 0.000249
0.041783 0.000193
0.042469 0.00021
0.040817 0.000168
0.041168 0.000188
0.04079 0.000113
0.04406 0.000149
0.04285 0.000237
0.046761 0.00025
0.040877 0.000153
0.040505 0.000126
0.041849 0.000157
0.041571 0.000183
0.041733 0.000114
0.040234 0.000147
0.04106 0.000196
0.04146 0.000182
0.042084 0.00017
0.040635 0.000163
0.039425 0.000139
0.044271 0.000182
0.040478 0.000201
0.041008 0.00016
0.040533 0.00018
0.041558 0.000115
0.040777 0.000172
0.041813 0.000159
0.039756 0.000131
0.040909 0.000156
0.041624 0.000133
0.040981 0.000141
0.040714 0.000162
0.040791 0.000172
0.042013 0.00015
0.040745 0.000196
0.04032 0.000179
0.041188 0.000179
0.042158 0.000162
0.041097 0.000155
0.040787 0.000182
0.039548 0.000145
0.041752 0.000168
0.040798 0.000232
0.040901 0.000151
0.040839 0.000136
0.040736 0.000279
0.05292 0.000212
0.041319 0.000158
0.040782 0.000213
0.040999 0.000144
0.040633 0.00014
0.041098 0.000182
0.042274 0.000185
0.040424 0.000207
0.041833 0.000216
0.040775 0.000181
0.042041 0.000185
0.04266 0.000142
0.040294 0.000209
0.044623 0.000215
0.042927 0.000141
0.046163 0.000145
0.041469 0.000129
0.03898 0.000166
0.040921 0.000147
0.040466 0.000201
0.04199 0.000169
0.04099 0.000131
0.040957 0.000188
0.04287 0.000154
0.042119 0.000216
0.039811 0.000173
0.044665 0.000197
0.040282 0.000154
0.040906 0.000107
0.040571 0.000209
0.040312 0.000171
0.040604 0.000191
0.041951 0.000106
0.041126 0.000184
0.041373 0.000141
0.040841 0.000207
0.041772 0.00013
0.040724 0.000202
0.039121 0.000154
0.04056 0.000136
0.040526 0.000138
0.040907 0.000147
0.040574 0.000174
0.040582 0.00014
0.041078 0.000159
0.041281 0.000124
0.039005 0.000154
0.040716 0.000141
0.040395 0.000171
0.040469 0.000228
0.040625 0.000164
0.040608 0.00018
0.040873 0.000182
0.041773 0.000116
0.038786 9.9e-05
0.04092 0.000153
0.041709 0.000212
0.041279 0.000197
0.041497 0.00015
0.040533 0.000113
0.041203 0.000158
0.040281 0.000142
0.038587 0.000133
0.041406 0.000129
0.041095 0.00022
0.040807 0.000186
0.040547 0.000198
0.040414 0.000141
0.042076 0.000154
0.040741 0.000212
0.040938 0.000143
0.041109 0.000182
0.040524 0.000135
0.042041 0.000195
0.04098 0.000107
0.039517 0.000192
0.041995 0.000214
0.040673 0.000146
0.040106 0.000174
0.040583 0.000214
0.040533 0.000191
0.042094 0.000159
0.040935 0.000207
0.039346 0.000222
0.040896 0.00014
0.041207 0.000117
0.041035 0.000197
0.040519 0.000161
0.042132 0.00024
0.043683 0.000128
0.043034 0.000209
0.039891 0.000135
0.04053 0.000183
0.040487 0.000139
0.041528 0.000182
0.04108 0.000161
0.038758 0.000138
0.041697 0.000168
0.040505 0.000121
0.041828 0.00015
0.040705 0.000186
0.040681 0.000153
0.041087 0.000178
0.040678 0.000147
0.038717 0.000195
0.040634 0.000133
0.041446 0.000198
0.041021 0.000121
0.041229 0.000166
0.040526 0.000227
0.042193 0.000166
0.040752 0.000163
0.038504 0.000169
0.040723 0.000202
0.041414 0.000172
0.040768 0.000177
0.04073 0.000152
0.040857 0.000159
0.041008 0.000183
0.04054 0.000131
0.039264 0.000155
0.040706 0.000154
0.041361 0.000214
0.041421 0.00014
0.041601 0.000147
0.041332 0.000161
0.040957 0.00018
0.041485 0.000153
0.038759 0.000166
0.040668 0.000148
0.040878 0.000182
0.041574 0.000174
0.040344 0.000185
0.040909 0.000204
0.040905 0.000167
0.041124 0.000113
0.038767 0.000117
0.040603 0.000171
0.040403 0.000113
0.040902 0.000159
0.04059 0.00025
0.04064 0.000222
0.042621 0.000156
0.041723 0.000159
0.039418 0.000133
0.040396 0.000139
0.041528 0.000111
0.034896 0.00016
0.042154 0.000149
0.042752 0.000208
0.041221 0.000203
0.041502 0.000175
0.041887 0.000156
0.040587 0.000202
0.04021 0.000123
0.040554 0.000139
0.040463 0.000221
0.041932 0.000186
0.040854 0.00016
0.04036 0.000149
0.040867 0.000193
0.041966 0.000164
0.038709 0.000207
0.040888 0.000172
0.040445 0.000134
0.041161 0.000186
0.040448 0.000131
0.041542 0.000162
0.041187 0.000161
0.04173 0.000184
0.041153 0.000146
0.041632 0.000203
0.040763 0.00016
0.040967 0.000238
0.041827 0.000242
0.041199 0.000213
0.040537 0.00015
0.040546 0.000137
0.041892 0.000205
0.04149 0.000141
0.040717 0.000206
0.042659 0.000209
0.040555 0.000205
0.040528 0.000162
0.040646 0.000188
0.040843 0.000169
0.04092 0.000173
0.040714 0.000119
0.039721 0.000202
0.040679 0.000119
0.040727 0.000211
0.041205 0.00013
0.040762 0.000174
0.040715 0.000173
0.040724 0.000131
0.041703 0.000192
0.041382 0.000163
0.042176 0.000165
0.040424 0.000157
0.040799 0.000166
0.041536 0.000199
0.041 0.000142
0.041151 0.000163
0.040678 0.000137
0.039719 0.000256
0.040768 0.000221
0.041814 0.000149
0.041876 0.000166
0.043242 0.000112
0.044095 0.000189
0.041727 0.000235
0.041123 0.000201
0.040686 0.000135
0.040978 0.000163
0.041903 0.000152
0.042351 0.000212
0.041743 0.000236
0.041394 0.00013
0.040809 0.000134
0.040778 0.000219
0.041919 0.000162
0.040666 0.000197
0.039929 0.000157
0.040753 0.000141
0.040665 0.000163
0.041544 0.000131
0.043806 0.000133
0.041049 0.000178
0.041614 0.000128
0.040318 0.000228
0.040166 0.000173
0.040882 0.000153
0.041725 0.000144
0.041333 0.00015
0.040422 0.00018
0.041612 0.000184
0.0409 0.00025
0.040803 0.000136
0.040231 0.000116
0.04065 0.000125
0.040547 0.00013
0.041623 0.000146
0.041511 0.000178
0.041572 0.000139
0.041956 0.000197
0.040446 0.000198
0.038376 0.000141
0.040771 0.000181
0.041681 0.000184
0.04067 0.000135
0.041581 0.000151
0.040486 0.000184
0.041273 0.000164
0.040868 0.000183
0.039511 0.000195
0.041131 0.000153
0.04087 0.000204
0.04124 0.000177
0.040653 0.000207
0.039214 0.00029
0.040784 0.000141
0.040664 0.000156
0.041002 0.000147
0.040832 0.00014
0.041423 0.000158
0.040861 0.000214
0.040454 0.000179
0.038917 0.000168
0.041674 0.000173
0.04043 0.000171
0.04078 0.000209
0.04056 0.00014
0.041552 0.000141
0.040919 0.000201
0.04044 0.000205
0.039669 0.000144
0.040415 0.000157
0.040539 0.000154
0.040751 0.000228
0.040615 0.000142
0.040474 0.000149
0.041928 0.000185
0.040646 0.000182
0.038789 0.000158
0.040832 0.000171
0.040673 0.000133
0.041168 0.000158
0.040717 0.000152
0.040797 0.000141
0.041242 0.000205
0.040456 0.000152
0.038565 0.000174
0.040686 0.000189
0.040817 0.000162
0.040721 0.00014
0.040693 0.000202
0.041337 0.000172
0.040945 0.000149
0.04079 0.000191
0.038991 0.000136
0.040645 0.000173
0.040363 0.000199
0.041928 0.000175
0.040815 0.00024
0.039942 0.000143
0.040946 0.000138
0.041866 0.000198
0.040905 0.000202
0.041712 0.000165
0.040432 0.000142
0.041937 0.000165
0.040753 0.000121
0.039075 0.000168
0.041432 0.000198
0.040615 0.00018
0.043934 0.000144
0.040603 0.000194
0.040807 0.000139
0.041853 0.000159
0.041529 0.000231
0.038699 0.000162
0.040819 0.000219
0.040671 0.000143
0.041855 0.000156
0.040614 0.000146
0.041563 0.000128
0.041482 0.000152
0.040881 0.0002
0.039551 0.000187
0.04036 0.000165
0.040513 0.000128
0.040651 0.000168
0.040645 0.000173
0.04055 0.000148
0.04192 0.000198
0.04125 0.000197
0.03996 0.00014
0.04114 0.0002
0.040865 0.000159
0.040931 0.000162
0.041708 0.000194
0.039209 0.000189
0.041947 0.000157
0.040641 0.00015
0.04034 0.000215
0.041712 0.000151
0.040841 0.000156
0.041615 0.000133
0.041557 0.000217
0.039333 0.000145
0.040659 0.000155
0.041437 0.000128
0.04168 0.000134
0.041479 0.000193
0.040678 0.000194
0.041273 0.000159
0.040506 0.000144
0.038938 0.000192
0.040458 0.000153
0.041632 0.000158
0.041642 0.000116
0.040345 0.000162
0.040564 0.000166
0.042199 0.00012
0.040643 0.000169
0.038508 0.000192
0.040422 0.000227
0.040537 0.000165
0.040656 0.000114
0.041633 0.000157
0.040419 0.000175
0.041004 0.000216
0.04067 0.000176
0.038676 0.000132
0.041465 0.000174
0.040728 0.000212
0.040834 0.000244
0.040618 0.000202
0.041557 0.000187
0.041216 0.000143
0.040377 0.000153
0.039525 0.000183
0.040483 0.000135
0.040758 0.000162
0.040658 0.000138
0.040499 0.000154
0.040921 0.000151
0.042163 0.000193
0.040509 0.000165
0.0394 0.000133
0.040605 0.000194
0.040764 0.000143
0.040914 0.000184
0.040914 0.000236
0.040516 0.000177
0.042219 0.000148
0.040682 0.000205
0.038951 0.000155
0.040561 0.000165
0.040877 0.000231
0.040474 0.00021
0.040589 0.000138
0.040708 0.00017
0.04135 0.000182
0.040427 0.000217
0.038752 0.000154
0.040751 0.000204
0.040731 0.00015
0.041066 0.000128
0.041753 0.000165
0.038715 0.000148
0.040593 0.000249
0.041375 0.00016
0.040617 0.000199
0.040655 0.000153
0.041043 0.000211
0.040491 0.000187
0.040775 0.000189
0.041725 0.000153
0.040051 0.00018
0.041365 0.000154
0.040802 0.000203
0.040252 0.000182
0.040953 0.000144
0.040989 0.000118
0.041288 0.000196
0.040735 0.000152
0.039716 0.00019
0.041013 0.00015
0.040677 0.000142
0.041587 0.000158
0.040631 0.000143
0.041366 0.00012
0.041262 0.000145
0.040705 0.000179
0.039676 0.000215
0.040889 0.000213
0.040759 0.000135
0.041489 0.000186
0.04046 0.000137
0.040829 0.00015
0.041568 0.000147
0.041022 0.000159
0.03944 0.000176
0.040591 0.000161
0.041052 0.00014
0.040609 0.000158
0.041753 0.000183
0.040813 0.000118
0.041238 0.000193
0.040897 0.000171
0.038925 0.000214
0.042044 0.000167
0.040562 0.000163
0.041265 0.000141
0.065763 0.000179
0.044953 0.000158
0.043859 0.000169
0.042431 0.000219
0.046223 0.000162
0.042676 0.000136
0.040108 0.000145
0.041315 0.000287
0.043024 0.000132
0.043361 0.00015
0.040889 0.000174
0.039094 0.000212
0.04205 0.000124
0.043985 0.000208
0.050443 0.000185
0.041594 0.000156
0.040724 0.000179
0.041326 0.000135
0.041834 0.000145
0.040869 0.000136
0.040887 0.000206
0.04205 0.00016
0.041926 0.000208
0.040689 0.000143
0.039368 0.000168
