0.004866 1.8e-05
0.004907 1.4e-05
0.004917 1.3e-05
0.004931 1.2e-05
0.004874 1.8e-05
0.004952 1.3e-05
0.004899 1.4e-05
0.00486 1.1e-05
0.004909 2e-05
0.004917 1.2e-05
0.004891 1.7e-05
0.004934 1.5e-05
0.004851 1.5e-05
0.004931 1.5e-05
0.004935 1.9e-05
0.004916 1.7e-05
0.004911 1.3e-05
0.0049 1.1e-05
0.004862 1e-05
0.004901 1.3e-05
0.004939 1e-05
0.004217 1.2e-05
0.004913 1.5e-05
0.004912 1.6e-05
0.004917 1.7e-05
0.004911 1.3e-05
0.00489 2.1e-05
0.004943 1.3e-05
0.004881 1.6e-05
0.004903 1.1e-05
0.004889 1.5e-05
0.004915 1.1e-05
0.004913 2.1e-05
0.004904 1.4e-05
0.004922 1.2e-05
0.004882 1.1e-05
0.004891 1.6e-05
0.004896 1.5e-05
0.004933 1.5e-05
0.004964 1.5e-05
0.004922 1.5e-05
0.004889 1.1e-05
0.00488 9e-06
0.004468 1.3e-05
0.004934 1.2e-05
0.00491 1.8e-05
0.004907 1.2e-05
0.004973 1.5e-05
0.005043 1.4e-05
0.004917 1.2e-05
0.004958 1.4e-05
0.004974 1.6e-05
0.004887 1.6e-05
0.004923 1.3e-05
0.004878 1.2e-05
0.004949 1.3e-05
0.00488 1.1e-05
0.004905 1.2e-05
0.004916 1.6e-05
0.004885 1.2e-05
0.004877 1.2e-05
0.004899 1.1e-05
0.004956 1.3e-05
0.00489 1.2e-05
0.004809 1.2e-05
0.004543 1.5e-05
0.004904 1.6e-05
0.004913 1.2e-05
0.004908 1.4e-05
0.004918 1.4e-05
0.004984 1.5e-05
0.004946 1.3e-05
0.004891 1.2e-05
0.004999 1.4e-05
0.004884 1.6e-05
0.004927 1.6e-05
0.004932 1.3e-05
0.004893 1.2e-05
0.004897 1.3e-05
0.00487 1.3e-05
0.004872 1.2e-05
0.004928 1.5e-05
0.00492 1.5e-05
0.004931 1.2e-05
0.004884 1.3e-05
0.004869 1.2e-05
0.004646 1.5e-05
0.004779 1.2e-05
0.004916 1.5e-05
0.004925 1.3e-05
0.004909 1.2e-05
0.004892 1.5e-05
0.004961 1.6e-05
0.004913 1.8e-05
0.004902 1.6e-05
0.004985 1.6e-05
0.004894 1e-05
0.005012 1.4e-05
0.004944 1.3e-05
0.005023 2e-05
0.004864 1.5e-05
0.004916 1.9e-05
0.004923 1.9e-05
0.004944 1.5e-05
0.004871 1.1e-05
0.004925 1.9e-05
0.004932 1.2e-05
0.004923 1.5e-05
0.004246 9e-06
0.004933 1.7e-05
0.004896 1.4e-05
0.004914 1.5e-05
0.004968 1.1e-05
0.004906 1.9e-05
0.005065 1.3e-05
0.004949 1e-05
0.004918 1.4e-05
0.004932 1.3e-05
0.004894 1.3e-05
0.004929 8e-06
0.00491 1.6e-05
0.004919 1.4e-05
0.004907 1.3e-05
0.004958 1.6e-05
0.004912 1.4e-05
0.004859 1.2e-05
0.004892 1.1e-05
0.004907 1.3e-05
0.004905 1.3e-05
0.004892 1.1e-05
0.004433 1.1e-05
0.00503 1.4e-05
0.004919 1.3e-05
0.004896 1.2e-05
0.0049 1.6e-05
0.004973 1.6e-05
0.00503 1.5e-05
0.004924 1.1e-05
0.004927 1.2e-05
0.004887 1.2e-05
0.00489 1.1e-05
0.004906 1.5e-05
0.004949 1.4e-05
0.00489 1.3e-05
0.004917 1.9e-05
0.004926 1.3e-05
0.004899 1.2e-05
0.00487 1.4e-05
0.004881 1.4e-05
0.004944 1.2e-05
0.004911 1.3e-05
0.004912 9e-06
0.004437 1.2e-05
0.004916 1.3e-05
0.004898 1.3e-05
0.004926 1.6e-05
0.004928 1.4e-05
0.004948 1.5e-05
0.004956 1.5e-05
0.004896 1.4e-05
0.004873 1.3e-05
0.00493 1.3e-05
0.00498 1.3e-05
0.00489 1.4e-05
0.004901 1.7e-05
0.00491 1.3e-05
0.004893 1.7e-05
0.004931 1.1e-05
0.004891 1.8e-05
0.004957 1.5e-05
0.004922 1.5e-05
0.004938 1.5e-05
0.004926 1.4e-05
0.004937 1.5e-05
0.005164 1.2e-05
0.004924 1.8e-05
0.004883 1.2e-05
0.004912 1.4e-05
0.004918 3.8e-05
0.004916 1.6e-05
0.004893 1.7e-05
0.004856 1.5e-05
0.004966 1.6e-05
0.004979 1.3e-05
0.004884 1.3e-05
0.004913 1.4e-05
0.004895 1.3e-05
0.005117 1.6e-05
0.004923 1.4e-05
0.004966 1.4e-05
0.005057 1.5e-05
0.004976 1.4e-05
0.004919 1.2e-05
0.004929 2.1e-05
0.004888 1.6e-05
0.004985 1.1e-05
0.004482 1.7e-05
0.005001 1.9e-05
0.004914 2.6e-05
0.004986 1.3e-05
0.00493 1.6e-05
0.004996 1.4e-05
0.00492 2.2e-05
0.004937 1.8e-05
0.004934 1.6e-05
0.004925 1.6e-05
0.004925 1.7e-05
0.004938 1.5e-05
0.004916 1.1e-05
0.004947 1.6e-05
0.004913 1.4e-05
0.004923 1.2e-05
0.004959 1.5e-05
0.004898 1.9e-05
0.004941 1.3e-05
0.004914 1.3e-05
0.004916 1.3e-05
0.00489 9e-06
0.004296 1.7e-05
0.004927 1.7e-05
0.004909 1.2e-05
0.004951 1.5e-05
0.004927 1.7e-05
0.005093 1.9e-05
0.005112 1.7e-05
0.004912 1.4e-05
0.004889 1.3e-05
0.004908 1.2e-05
0.004901 1.1e-05
0.004888 1.6e-05
0.004889 1.3e-05
0.004893 1.2e-05
0.004866 1.3e-05
0.00507 1.2e-05
0.004886 1.3e-05
0.004897 1.1e-05
0.005024 1.2e-05
0.00491 1.4e-05
0.004883 1.1e-05
0.004882 1.4e-05
0.004266 1.4e-05
0.004908 1.8e-05
0.004903 1.3e-05
0.005061 1.5e-05
0.004965 1.6e-05
0.004972 2.3e-05
0.004899 1.4e-05
0.005001 1.4e-05
0.004923 1.2e-05
0.004982 1.4e-05
0.004931 1.2e-05
0.004917 1.5e-05
0.004912 1.5e-05
0.004863 1.3e-05
0.004911 1.3e-05
0.004899 1.2e-05
0.004883 1.1e-05
0.004928 1.4e-05
0.004894 1.1e-05
0.00491 1.4e-05
0.004881 1.3e-05
0.004829 1e-05
0.004319 1.5e-05
0.004916 1.3e-05
0.004859 9e-06
0.004933 1.2e-05
0.004889 1.5e-05
0.004972 1.5e-05
0.004901 1.7e-05
0.004991 1.2e-05
0.00494 1.4e-05
0.004931 1.2e-05
0.004882 1.3e-05
0.004902 1.4e-05
0.0049 9e-06
0.004862 1.1e-05
0.00495 1.5e-05
0.004937 1.3e-05
0.004899 1.3e-05
0.004877 1.7e-05
0.004936 1.2e-05
0.004879 1.4e-05
0.00489 1.4e-05
0.004722 9e-06
0.004504 2.1e-05
0.005133 1.5e-05
0.004917 1.6e-05
0.004939 1.1e-05
0.004892 1.6e-05
0.005059 1.7e-05
0.004924 1.7e-05
0.004944 1.5e-05
0.004889 1.2e-05
0.004935 1.3e-05
0.004925 1.5e-05
0.004936 1.4e-05
0.004866 1.1e-05
0.004878 1.4e-05
0.00491 1.3e-05
0.004932 1.1e-05
0.004899 1.6e-05
0.004945 1.2e-05
0.004918 1.2e-05
0.004915 1.4e-05
0.004896 1.3e-05
0.004666 1.1e-05
0.004721 1.1e-05
0.00491 1.3e-05
0.004898 1.5e-05
0.004867 1.1e-05
0.004951 1.6e-05
0.004965 1.3e-05
0.004889 1.2e-05
0.004881 1.3e-05
0.004936 1.4e-05
0.004864 1.1e-05
0.004874 1.2e-05
0.004923 1.6e-05
0.004887 1.3e-05
0.004879 1.6e-05
0.004932 1.8e-05
0.004904 1.3e-05
0.004922 1.2e-05
0.004919 1.2e-05
0.004877 1.2e-05
0.004907 1.4e-05
0.004927 1.9e-05
0.004731 1.2e-05
0.004957 1.8e-05
0.00496 1.7e-05
0.00489 1.3e-05
0.004926 1.4e-05
0.004863 1.6e-05
0.004955 9e-06
0.004874 1.5e-05
0.004956 1.1e-05
0.004837 1.8e-05
0.004896 1.6e-05
0.004929 1.4e-05
0.004882 1e-05
0.004888 1.3e-05
0.004885 1.1e-05
0.004932 1.2e-05
0.004918 1.4e-05
0.00488 1.2e-05
0.004989 1.3e-05
0.004898 1.4e-05
0.004935 1.4e-05
0.004912 1.1e-05
0.004408 1.5e-05
0.004943 1.3e-05
0.00494 1.2e-05
0.004918 1.4e-05
0.00492 1.6e-05
0.005011 1.7e-05
0.005036 1.5e-05
0.004974 1e-05
0.004956 1.2e-05
0.004885 1.1e-05
0.004909 1.1e-05
0.004911 1.3e-05
0.004902 1.7e-05
0.004878 1.4e-05
0.00489 1.4e-05
0.004889 1.2e-05
0.004998 1.6e-05
0.004888 1.3e-05
0.004879 1.1e-05
0.004928 1.2e-05
0.004868 1.7e-05
0.004897 3.2e-05
0.004291 1.8e-05
0.004971 2.3e-05
0.004941 1.6e-05
0.004921 1.3e-05
0.004988 1.6e-05
0.005164 1.9e-05
0.005064 2e-05
0.00495 2.1e-05
0.006192 2.3e-05
0.006043 2.4e-05
0.005028 1.8e-05
0.005623 2.1e-05
0.005261 2.2e-05
0.005091 2e-05
0.005223 2.2e-05
0.0057 2.2e-05
0.006053 3.2e-05
0.005934 2.2e-05
0.006076 2.5e-05
0.006176 1.9e-05
0.005315 1.9e-05
0.004932 1.9e-05
0.004939 1.9e-05
0.004903 1.6e-05
0.005083 1.8e-05
0.005143 1.8e-05
0.004924 9e-06
0.004917 1.3e-05
0.004916 1.4e-05
0.004891 1.1e-05
0.004927 1.5e-05
0.004882 1.7e-05
0.004927 2.5e-05
0.004903 1.6e-05
0.005826 2.6e-05
0.007008 2.7e-05
0.00696 2.2e-05
0.005186 1.6e-05
0.005132 1.7e-05
0.00494 1.2e-05
0.004621 2e-05
0.004938 1.5e-05
0.004917 1.5e-05
0.004905 1.3e-05
0.004879 1.3e-05
0.004913 1.4e-05
0.005168 1.6e-05
0.005109 1.5e-05
0.004923 1.3e-05
0.004936 2e-05
0.004958 1.4e-05
0.004903 1.6e-05
0.004909 1.3e-05
0.004901 1.5e-05
0.004923 1.2e-05
0.004911 1.7e-05
0.00493 1.4e-05
0.00489 1.2e-05
0.005028 1.6e-05
0.004889 1e-05
0.004918 1.2e-05
0.005153 1.7e-05
0.004274 1.6e-05
0.004972 2.2e-05
0.005005 1.8e-05
0.00489 2.1e-05
0.004894 2.5e-05
0.004911 3e-05
0.004919 2.5e-05
0.005417 2e-05
0.005277 1.6e-05
0.005596 1.6e-05
0.005812 1.2e-05
0.006321 1.7e-05
0.006125 1.3e-05
0.006273 1.5e-05
0.005977 1.4e-05
0.0053 1.1e-05
0.004938 2.7e-05
0.004948 1.6e-05
0.004319 2.4e-05
0.004043 1.9e-05
0.004926 1e-05
0.004865 1.5e-05
0.004912 1.5e-05
0.004903 1.4e-05
0.004942 2.1e-05
0.004896 1.6e-05
0.004898 1.5e-05
0.004919 1.4e-05
0.004965 1.5e-05
0.00483 1.3e-05
0.004932 1.2e-05
0.004892 1.3e-05
0.004887 1e-05
0.004741 1e-05
0.004174 1.4e-05
0.00408 1e-05
0.004018 9e-06
0.004031 1.4e-05
0.004037 1e-05
0.004182 1.7e-05
0.004885 1.4e-05
0.004888 1.4e-05
0.004853 1.1e-05
0.004895 9e-06
0.004913 1.5e-05
0.004875 1.3e-05
0.004893 1.1e-05
0.004874 1.4e-05
0.004917 1.9e-05
0.004904 1.6e-05
0.004952 1e-05
0.004861 1.5e-05
0.004898 1.2e-05
0.004948 8e-06
0.004415 1.4e-05
0.004889 2.6e-05
0.004937 1.3e-05
0.004884 1.2e-05
0.004869 1.4e-05
0.004942 1.6e-05
0.004946 1.4e-05
0.004869 1.7e-05
0.005283 1.4e-05
0.004993 9e-06
0.004889 1.1e-05
0.004878 1.5e-05
0.004903 1.7e-05
0.004898 1.2e-05
0.004894 1.4e-05
0.004919 1.1e-05
0.00488 1.3e-05
0.004891 1.4e-05
0.004915 1.2e-05
0.004848 1.2e-05
0.004905 1.6e-05
0.004949 1e-05
0.004149 1.1e-05
0.004897 1.5e-05
0.004912 1.2e-05
0.004886 1.4e-05
0.004861 1.6e-05
0.005032 1.4e-05
0.004955 1.2e-05
0.004903 1.3e-05
0.004908 1.7e-05
0.004913 1.8e-05
0.004922 1.4e-05
0.004906 1.3e-05
0.004908 1.3e-05
0.005034 1.4e-05
0.004952 1.4e-05
0.004897 1.4e-05
0.004886 1.6e-05
0.004911 1.4e-05
0.004872 1.5e-05
0.004856 1.6e-05
0.004849 2.1e-05
0.004979 1e-05
0.004322 1.3e-05
0.004978 1.6e-05
0.00497 1.6e-05
0.004936 1.1e-05
0.004958 1.7e-05
0.004904 2e-05
0.005077 1.2e-05
0.004895 1.3e-05
0.004899 1.1e-05
0.004891 1.6e-05
0.004884 1.6e-05
0.004991 1.9e-05
0.004932 1.7e-05
0.004874 1.4e-05
0.004881 1.3e-05
0.00491 1.3e-05
0.004972 1.2e-05
0.004847 1.2e-05
0.004904 1.3e-05
0.004887 1.8e-05
0.004867 1.3e-05
0.00485 1.1e-05
0.004029 1.7e-05
0.004893 1.4e-05
0.004892 1e-05
0.004894 1.5e-05
0.004882 1.5e-05
0.004915 1.5e-05
0.004926 1.6e-05
0.004914 1.4e-05
0.004972 1.3e-05
0.004874 1.8e-05
0.004897 1.1e-05
0.004919 1.2e-05
0.004937 1e-05
0.004888 1.2e-05
0.004952 1.4e-05
0.00495 1.5e-05
0.00497 1.4e-05
0.004902 1.2e-05
0.004908 1.7e-05
0.004855 1.5e-05
0.004919 1.1e-05
0.004852 1.4e-05
0.004308 1.4e-05
0.004924 2.1e-05
0.00493 1.2e-05
0.004899 1.2e-05
0.004863 1.4e-05
0.0049 1.4e-05
0.004905 8e-06
0.004946 1.1e-05
0.004955 1.5e-05
0.005002 1.3e-05
0.004916 1e-05
0.004888 1.4e-05
0.004936 1.4e-05
0.004888 1.5e-05
0.004945 1.1e-05
0.004914 1.3e-05
0.004896 1.3e-05
0.004926 1e-05
0.004905 1.6e-05
0.004882 1.5e-05
0.0049 1.3e-05
0.00489 1.2e-05
0.004224 1.6e-05
0.004868 1.2e-05
0.004917 1.5e-05
0.004926 1.2e-05
0.004904 1.4e-05
0.004934 1.5e-05
0.004938 1.4e-05
0.004896 1.5e-05
0.00495 1.4e-05
0.005136 2e-05
0.004891 1.6e-05
0.004896 1.6e-05
0.004911 1.4e-05
0.004925 1.2e-05
0.004965 1.2e-05
0.004898 1.6e-05
0.004956 1.2e-05
0.004869 1.1e-05
0.004908 1.6e-05
0.004906 1.6e-05
0.004884 1.1e-05
0.004828 8e-06
0.004313 1.3e-05
0.004864 1.1e-05
0.005064 1.3e-05
0.004885 1.7e-05
0.005001 1.7e-05
0.004911 2.4e-05
0.004854 1.6e-05
0.004874 1.3e-05
0.004905 1.4e-05
0.004888 1.3e-05
0.004892 1.2e-05
0.004892 1.8e-05
0.004907 1.1e-05
0.004964 1.2e-05
0.004922 9e-06
0.004872 1.6e-05
0.006187 1.5e-05
0.004973 1.6e-05
0.004922 1.4e-05
0.004905 1.5e-05
0.004903 1.6e-05
0.004563 9e-06
0.00491 1.4e-05
0.00487 1.4e-05
0.004942 1.1e-05
0.004885 1.3e-05
0.004934 1.9e-05
0.004993 1.4e-05
0.004972 1.1e-05
0.004957 1.4e-05
0.00495 1.1e-05
0.004922 1.4e-05
0.004908 1.3e-05
0.004932 1.5e-05
0.004914 1.2e-05
0.004903 1.3e-05
0.004907 1.1e-05
0.00488 1.4e-05
0.0049 1e-05
0.004913 1.6e-05
0.004925 1.2e-05
0.004874 1.6e-05
0.004903 1.2e-05
0.004546 1.1e-05
0.004879 1.2e-05
0.004897 1.4e-05
0.004888 1.4e-05
0.004887 1.2e-05
0.004926 1.6e-05
0.005005 1.7e-05
0.00488 1.2e-05
0.00491 1.1e-05
0.00488 1.8e-05
0.004918 1.1e-05
0.004942 1.2e-05
0.004897 1.3e-05
0.00497 1.1e-05
0.004951 1.6e-05
0.004911 1e-05
0.004876 1.5e-05
0.004909 1.4e-05
0.004938 1.2e-05
0.004978 1.5e-05
0.004981 1.7e-05
0.004898 1.4e-05
0.004551 1.4e-05
0.004916 1.5e-05
0.004922 1.4e-05
0.004885 1.7e-05
0.004924 1.3e-05
0.004936 1.6e-05
0.004911 1.2e-05
0.0049 1.5e-05
0.004889 1.3e-05
0.004965 1.7e-05
0.00493 1.6e-05
0.004836 1.3e-05
0.004889 1.1e-05
0.004942 1.3e-05
0.004879 1.4e-05
0.004874 1.5e-05
0.004921 1.1e-05
0.004883 1.1e-05
0.004888 1.5e-05
0.004909 1.5e-05
0.004873 1e-05
0.004909 1.4e-05
0.00413 1.6e-05
0.004913 1.3e-05
0.004912 1e-05
0.004889 1.6e-05
0.004936 1.2e-05
0.004929 2.3e-05
0.004894 1.3e-05
0.004879 1.4e-05
0.004914 1.8e-05
0.004972 2.2e-05
0.00499 1.8e-05
0.004906 2.7e-05
0.004879 1.4e-05
0.00491 1.4e-05
0.004918 1.6e-05
0.004899 1.2e-05
0.004897 1.3e-05
0.004922 1.2e-05
0.00489 1.9e-05
0.00496 1.2e-05
0.004943 1.5e-05
0.004905 1.2e-05
0.004098 1.4e-05
0.004947 1.5e-05
0.004936 1.5e-05
0.0049 1.8e-05
0.004919 1.6e-05
0.004959 1.8e-05
0.004904 1.8e-05
0.00487 1.6e-05
0.004896 1.8e-05
0.004904 1.5e-05
0.004927 1.4e-05
0.004903 1.2e-05
0.004923 1.1e-05
0.005092 1.5e-05
0.004913 1.3e-05
0.005008 1.3e-05
0.004928 1.4e-05
0.00489 1.6e-05
0.004884 1.3e-05
0.004923 1.2e-05
0.004869 1.6e-05
0.004932 1.2e-05
0.004271 1.8e-05
0.005006 1.3e-05
0.004916 1.5e-05
0.004934 1.4e-05
0.004905 1.5e-05
0.004906 1.7e-05
0.004906 1.6e-05
0.004906 1.4e-05
0.006016 1.4e-05
0.004922 1.4e-05
0.004879 1.5e-05
0.004908 1.3e-05
0.004924 1.1e-05
0.004914 1.4e-05
0.004907 1.2e-05
0.004911 1.2e-05
0.004932 1.1e-05
0.004941 1.7e-05
0.004856 1e-05
0.004953 1.4e-05
0.004897 1.3e-05
0.004912 1.1e-05
0.004435 1.4e-05
0.004921 2.2e-05
0.005281 1.8e-05
0.005326 2.1e-05
0.006919 2.5e-05
0.007467 2.3e-05
0.007326 2e-05
0.004958 1.3e-05
0.004954 1.6e-05
0.004881 1.4e-05
0.00495 1.5e-05
0.004858 1.5e-05
0.00486 1.3e-05
0.004943 1.2e-05
0.004928 1.3e-05
0.004885 1.3e-05
0.004982 1.2e-05
0.005041 1.3e-05
0.00488 1.2e-05
0.004909 1.2e-05
0.004398 1.3e-05
0.004908 1.3e-05
0.005469 1.9e-05
0.004869 2.4e-05
0.005301 2.9e-05
0.007701 2.3e-05
0.007402 2.4e-05
0.005111 1.8e-05
0.004887 1.4e-05
0.004944 1e-05
0.004874 1.7e-05
0.004901 1.1e-05
0.004909 1.3e-05
0.004921 1.4e-05
0.004923 1.6e-05
0.004901 1.3e-05
0.00489 1.3e-05
0.004956 1.3e-05
0.005025 1.3e-05
0.004879 1.2e-05
0.004847 1.2e-05
0.004442 1.3e-05
0.004912 1.4e-05
0.004934 1.4e-05
0.004904 1.4e-05
0.004908 1.7e-05
0.004979 1.5e-05
0.00495 1.2e-05
0.004911 1.1e-05
0.004977 1.7e-05
0.004902 1.2e-05
0.004951 1.3e-05
0.004938 9e-06
0.004906 1.1e-05
0.004892 1.4e-05
0.004916 1.2e-05
0.00492 1.1e-05
0.004901 1e-05
0.004931 1.3e-05
0.004881 1.4e-05
0.004993 1.9e-05
0.004903 1.4e-05
0.004777 1.3e-05
0.004624 1.2e-05
0.004892 1.2e-05
0.004869 1.2e-05
0.004907 1.4e-05
0.00491 1.5e-05
0.004998 1.7e-05
0.004938 1.1e-05
0.004857 1.5e-05
0.004924 1.2e-05
0.004904 1.5e-05
0.004945 1.3e-05
0.004884 1.4e-05
0.004952 1.6e-05
0.004885 1.3e-05
0.004949 1.8e-05
0.004903 1.2e-05
0.004878 1.1e-05
0.00488 1.2e-05
0.004907 1.3e-05
0.004876 1.9e-05
0.004912 1.1e-05
0.00462 1.1e-05
0.004632 1.1e-05
0.004924 1.3e-05
0.004928 1.8e-05
0.004905 2e-05
0.004912 2.2e-05
0.004932 2.1e-05
0.004929 8e-06
0.004886 1.7e-05
0.004932 1.2e-05
0.004936 2.4e-05
0.006916 1.8e-05
0.004901 1.4e-05
0.004905 1.3e-05
0.004828 1e-05
0.004927 1.1e-05
0.004878 1.3e-05
0.004947 1.6e-05
0.004898 1.4e-05
0.004925 1.1e-05
0.004902 1.5e-05
0.004963 1.1e-05
0.004104 1.3e-05
0.004904 1.5e-05
0.004909 1.7e-05
0.004925 1.2e-05
0.004884 1.9e-05
0.00495 2.1e-05
0.004969 1.6e-05
0.004931 1.3e-05
0.004872 1.1e-05
0.004927 1.1e-05
0.004901 1.4e-05
0.004934 1.7e-05
0.004913 1.4e-05
0.005025 1.8e-05
0.004912 1.3e-05
0.004954 1.1e-05
0.004968 1.2e-05
0.004948 1.2e-05
0.004939 1.4e-05
0.004901 1.5e-05
0.004894 1.3e-05
0.004859 1.1e-05
0.004124 1.3e-05
0.004943 1.1e-05
0.004881 1.4e-05
0.004927 1.7e-05
0.004907 1.5e-05
0.004953 1.6e-05
0.00489 1.2e-05
0.004912 1.6e-05
0.004917 1.8e-05
0.005634 2.6e-05
0.005348 2e-05
0.005376 1.6e-05
0.004917 1.8e-05
0.004919 1.5e-05
0.004874 1.7e-05
0.004951 1.5e-05
0.004923 1.5e-05
0.004895 1.4e-05
0.004858 1.3e-05
0.004947 1.4e-05
0.004881 1.6e-05
0.004708 9e-06
0.005009 1.4e-05
0.004905 1.7e-05
0.004926 1.3e-05
0.004993 1.5e-05
0.004956 1.7e-05
0.004992 2e-05
0.00493 1e-05
0.004903 1.3e-05
0.004909 1.6e-05
0.005014 1.9e-05
0.005239 1.8e-05
0.005678 1.5e-05
0.004939 1.6e-05
0.004947 1.4e-05
0.004937 1.7e-05
0.004941 1.8e-05
0.004947 1.6e-05
0.004894 1.5e-05
0.004914 1.1e-05
0.004942 1.1e-05
0.00494 1.1e-05
0.004143 1.3e-05
0.004899 1.1e-05
0.004898 1.5e-05
0.004911 1.4e-05
0.004902 1.6e-05
0.004932 2.2e-05
0.004944 1e-05
0.004877 1.6e-05
0.004946 1.4e-05
0.004831 1.4e-05
0.004907 1.3e-05
0.005018 1.3e-05
0.004913 1.7e-05
0.004897 1.6e-05
0.004901 1.3e-05
0.00488 1.4e-05
0.00493 1.4e-05
0.004897 1e-05
0.004894 1.1e-05
0.004885 1.3e-05
0.004999 1.4e-05
0.004872 1.1e-05
0.004303 1.5e-05
0.004868 1.5e-05
0.004909 1.2e-05
0.004916 1.4e-05
0.004942 1.6e-05
0.004935 1.8e-05
0.004959 1.8e-05
0.004912 1.4e-05
0.004926 1.7e-05
0.004904 1.1e-05
0.004882 1.5e-05
0.004924 1.2e-05
0.004951 1.2e-05
0.004871 1.2e-05
0.004898 1.3e-05
0.004907 1.5e-05
0.004873 1.3e-05
0.004835 1.1e-05
0.004907 1.5e-05
0.004901 1.8e-05
0.0049 1.6e-05
0.004895 1.2e-05
0.004303 1.4e-05
0.004916 1.2e-05
0.004944 1.2e-05
0.004996 1.3e-05
0.004939 1.1e-05
0.004907 1.5e-05
0.004953 1.3e-05
0.004893 1.5e-05
0.004915 2.1e-05
0.004881 1.1e-05
0.005033 1.3e-05
0.004897 1.5e-05
0.004885 1.5e-05
