0.041744 1.5e-05
0.043354 1e-05
0.041564 9e-06
0.041791 1e-05
0.042092 1.2e-05
0.041941 9e-06
0.039457 1.3e-05
0.042775 1.2e-05
0.041617 9e-06
0.041818 8e-06
0.041825 9e-06
0.041461 1.4e-05
0.044529 8e-06
0.045771 1e-05
0.0483 1.3e-05
0.045213 8e-06
0.03981 1.3e-05
0.041466 9e-06
0.041564 1.6e-05
0.041776 1.3e-05
0.042934 1.2e-05
0.041594 1.3e-05
0.043447 1.2e-05
0.041559 9e-06
0.042221 1e-05
0.041516 8e-06
0.041747 1.2e-05
0.04394 1e-05
0.041932 1.2e-05
0.04006 1.4e-05
0.042513 1e-05
0.041792 1e-05
0.041725 1.1e-05
0.041358 1e-05
0.041058 1e-05
0.042109 1e-05
0.045679 9e-06
0.041998 1.4e-05
0.041755 9e-06
0.041543 1e-05
0.042018 1.3e-05
0.04216 1e-05
0.040349 1.1e-05
0.043058 9e-06
0.042036 1.2e-05
0.043747 1.2e-05
0.041967 1.2e-05
0.0435 1e-05
0.043447 1.1e-05
0.042654 1.1e-05
0.041936 1.5e-05
0.04208 8e-06
0.040977 1.1e-05
0.042177 8e-06
0.041927 8e-06
0.04157 9e-06
0.041701 9e-06
0.041653 1e-05
0.042074 9e-06
0.041841 8e-06
0.040263 9e-06
0.041859 1e-05
0.041541 1.1e-05
0.043357 1e-05
0.061132 1.5e-05
0.063923 1.1e-05
0.06071 8e-06
0.062329 1.6e-05
0.062597 1e-05
0.061068 1.3e-05
0.060746 8e-06
0.041263 1.1e-05
0.040938 1e-05
0.038903 1e-05
0.040816 8e-06
0.0408 1e-05
0.040545 9e-06
0.041453 9e-06
0.040285 9e-06
0.041358 1.4e-05
0.041417 8e-06
0.039426 1e-05
0.040897 1e-05
0.040649 2.1e-05
0.045209 9e-06
0.042969 1.4e-05
0.040515 1.3e-05
0.040586 9e-06
0.040797 8e-06
0.040213 1.1e-05
0.040588 8e-06
0.040389 1.3e-05
0.041933 1e-05
0.041782 1.2e-05
0.040264 1.1e-05
0.042102 1e-05
0.040708 8e-06
0.04069 1.1e-05
0.040692 9e-06
0.040807 1.1e-05
0.041309 1e-05
0.040656 1.7e-05
0.040907 9e-06
0.040868 1.1e-05
0.042267 9e-06
0.040937 1e-05
0.041109 1e-05
0.040969 1.6e-05
0.042077 1.1e-05
0.040784 8e-06
0.038963 1.1e-05
0.041052 1.2e-05
0.042045 9e-06
0.041276 1e-05
0.041324 9e-06
0.041017 8e-06
0.04197 1e-05
0.040701 1.5e-05
0.041801 9e-06
0.040813 7e-06
0.042438 1.1e-05
0.040775 9e-06
0.040898 9e-06
0.041837 1.5e-05
0.041524 1e-05
0.040632 8e-06
0.041503 1.1e-05
0.041943 9e-06
0.041163 1.1e-05
0.040767 1e-05
0.04116 1.1e-05
0.041262 1e-05
0.041302 8e-06
0.040757 1.2e-05
0.04169 9e-06
0.040961 1.3e-05
0.043345 8e-06
0.041147 9e-06
0.044937 1.2e-05
0.039864 1.1e-05
0.040424 8e-06
0.041086 1.6e-05
0.042377 1.1e-05
0.041839 1.1e-05
0.041218 1e-05
0.041322 1e-05
0.04355 1e-05
0.040065 9e-06
0.041995 1e-05
0.041551 1.2e-05
0.041383 1.5e-05
0.042388 9e-06
0.041324 9e-06
0.040877 9e-06
0.040704 1.1e-05
0.041043 1e-05
0.04037 8e-06
0.04053 1.4e-05
0.04239 1e-05
0.041644 8e-06
0.039142 1.2e-05
0.040642 1.1e-05
0.041579 1.2e-05
0.040715 1.1e-05
0.04046 8e-06
0.040703 1e-05
0.042417 1e-05
0.041462 9e-06
0.040075 1.2e-05
0.040951 9e-06
0.041602 1.1e-05
0.041171 1.1e-05
0.041077 9e-06
0.03962 1.8e-05
0.0414 1.1e-05
0.041384 9e-06
0.040625 9e-06
0.040616 9e-06
0.040709 1.3e-05
0.041024 8e-06
0.04109 9e-06
0.039316 1.3e-05
0.04049 1.1e-05
0.041032 1e-05
0.040787 9e-06
0.040824 9e-06
0.040658 9e-06
0.041072 9e-06
0.040692 1e-05
0.039333 1.7e-05
0.041037 1e-05
0.041541 8e-06
0.04185 9e-06
0.040564 1.2e-05
0.041737 9e-06
0.040708 1.5e-05
0.041326 9e-06
0.039395 1.2e-05
0.041139 7e-06
0.040664 7e-06
0.040246 1e-05
0.040705 1.2e-05
0.040929 8e-06
0.041008 1e-05
0.040871 7e-06
0.03965 1e-05
0.041062 1.1e-05
0.040836 7e-06
0.040579 1.3e-05
0.041525 8e-06
0.040252 1.2e-05
0.042917 9e-06
0.034591 9e-06
0.040372 1e-05
0.040712 9e-06
0.040866 9e-06
0.041465 8e-06
0.03917 1.1e-05
0.040499 1.1e-05
0.041241 1.1e-05
0.040934 9e-06
0.041293 8e-06
0.040485 1.1e-05
0.041268 1.1e-05
0.040716 1.1e-05
0.03888 1.1e-05
0.040406 9e-06
0.040558 1.2e-05
0.040738 9e-06
0.040626 1.3e-05
0.041082 1e-05
0.04102 1.2e-05
0.041123 1.1e-05
0.039055 1.1e-05
0.040792 8e-06
0.040643 1e-05
0.040919 9e-06
0.040723 1e-05
0.04056 1.4e-05
0.040998 9e-06
0.040746 1.5e-05
0.040306 1e-05
0.041096 1.1e-05
0.040447 1e-05
0.040432 1.1e-05
0.041006 9e-06
0.040686 9e-06
0.041087 1e-05
0.040536 9e-06
0.040025 8e-06
0.041552 9e-06
0.040606 9e-06
0.040924 1.3e-05
0.041878 1e-05
0.04071 9e-06
0.042876 9e-06
0.040137 9e-06
0.038407 1e-05
0.041589 1e-05
0.040674 1e-05
0.041401 1.3e-05
0.041559 1.1e-05
0.040484 1.2e-05
0.041552 1e-05
0.04032 1.2e-05
0.040428 1.1e-05
0.040636 1.3e-05
0.041385 1e-05
0.041231 1e-05
0.040708 1.1e-05
0.041132 9e-06
0.041263 1.2e-05
0.040853 9e-06
0.039343 1.4e-05
0.041668 1e-05
0.040653 1.2e-05
0.041587 1e-05
0.040694 7e-06
0.039609 1.3e-05
0.040764 1e-05
0.040663 9e-06
0.040112 1.1e-05
0.040605 1.7e-05
0.041525 1.5e-05
0.040994 1e-05
0.040522 9e-06
0.039192 1e-05
0.042051 9e-06
0.040486 8e-06
0.040739 9e-06
0.041075 9e-06
0.04143 1.4e-05
0.041085 1.4e-05
0.0414 8e-06
0.038692 9e-06
0.040857 1.3e-05
0.04069 1e-05
0.040662 9e-06
0.040595 9e-06
0.040429 1.1e-05
0.041604 1e-05
0.04105 9e-06
0.038389 1.1e-05
0.041259 1.1e-05
0.041068 1.1e-05
0.040683 1e-05
0.040653 9e-06
0.040665 1.4e-05
0.042839 1e-05
0.040685 9e-06
0.03947 1.2e-05
0.041863 1.1e-05
0.040923 9e-06
0.042118 1e-05
0.041393 9e-06
0.039259 1.1e-05
0.042158 1e-05
0.040753 1.1e-05
0.041292 1.1e-05
0.040834 8e-06
0.040691 1.9e-05
0.042158 1.2e-05
0.040662 9e-06
0.04015 1e-05
0.040784 1.2e-05
0.041501 1e-05
0.041053 1e-05
0.040499 1e-05
0.040747 1.5e-05
0.042434 9e-06
0.041124 9e-06
0.038902 9e-06
0.040444 1e-05
0.040766 1.2e-05
0.041742 9e-06
0.040709 1.2e-05
0.04164 2.7e-05
0.041226 1.1e-05
0.041298 1e-05
0.040432 1.7e-05
0.041712 9e-06
0.041755 1e-05
0.04178 1e-05
0.041688 1e-05
0.042263 1e-05
0.041174 1.1e-05
0.040954 1e-05
0.041555 1e-05
0.043686 1e-05
0.040603 2e-05
0.042036 1e-05
0.042338 9e-06
0.040845 1e-05
0.040988 9e-06
0.043795 1.2e-05
0.044193 1.1e-05
0.042139 1.1e-05
0.038911 9e-06
0.040777 9e-06
0.041207 1.1e-05
0.042245 1.2e-05
0.042032 9e-06
0.042329 1e-05
0.04132 9e-06
0.04143 8e-06
0.041052 1e-05
0.040766 1e-05
0.041282 1.1e-05
0.041065 1.2e-05
0.041006 9e-06
0.03882 3.2e-05
0.040825 9e-06
0.040931 8e-06
0.040567 1.1e-05
0.040696 1.5e-05
0.041939 1e-05
0.041523 1.1e-05
0.041479 9e-06
0.039866 1.1e-05
0.041134 9e-06
0.042042 9e-06
0.040887 1.2e-05
0.04083 1e-05
0.04071 1.1e-05
0.041457 1.5e-05
0.041201 8e-06
0.039118 9e-06
0.040917 9e-06
0.042615 1.4e-05
0.042853 1e-05
0.040763 1e-05
0.04035 1.1e-05
0.041191 9e-06
0.041541 9e-06
0.041982 1e-05
0.041375 1e-05
0.040767 1.1e-05
0.041929 9e-06
0.040745 9e-06
0.038863 1.7e-05
0.042034 1.1e-05
0.040631 8e-06
0.040758 1e-05
0.040644 1.2e-05
0.041124 1.7e-05
0.043678 1.1e-05
0.043076 9e-06
0.043743 9e-06
0.041149 1e-05
0.038857 9e-06
0.04121 1.3e-05
0.041688 1.1e-05
0.040601 1.2e-05
0.04093 9e-06
0.040685 2e-05
0.043004 9e-06
0.040437 9e-06
0.03985 1e-05
0.044455 1.2e-05
0.040355 9e-06
0.041031 1.2e-05
0.041159 9e-06
0.040902 1.2e-05
0.041879 1.5e-05
0.042443 9e-06
0.041684 1.4e-05
0.041686 1.1e-05
0.041637 1e-05
0.04154 1e-05
0.040501 1e-05
0.042022 1e-05
0.041927 1.2e-05
0.041745 9e-06
0.041133 1.1e-05
0.041149 1.1e-05
0.041158 1e-05
0.041138 1.7e-05
0.041698 9e-06
0.04008 9e-06
0.042155 7e-06
0.041772 1.7e-05
0.043365 1.3e-05
0.04279 1.1e-05
0.039098 1.1e-05
0.041172 1e-05
0.040491 1.1e-05
0.042101 1.7e-05
0.042838 1e-05
0.040988 1e-05
0.041943 1e-05
0.040868 1e-05
0.039698 1.1e-05
0.040887 9e-06
0.040474 1.3e-05
0.041461 1.1e-05
0.04079 1e-05
0.041096 1.3e-05
0.041454 1e-05
0.040576 1e-05
0.04007 9e-06
0.040617 9e-06
0.040477 1e-05
0.041048 1e-05
0.04226 1.2e-05
0.04081 3.6e-05
0.040648 1.1e-05
0.040654 8e-06
0.04067 9e-06
0.040518 1e-05
0.04066 1.2e-05
0.04148 1.1e-05
0.041944 9e-06
0.03914 9e-06
0.041024 1e-05
0.041092 1.3e-05
0.042026 9e-06
0.040587 8e-06
0.040994 1.1e-05
0.03899 1.1e-05
0.040774 1e-05
0.041362 1.2e-05
0.041105 9e-06
0.041464 1.4e-05
0.041545 1e-05
0.040459 1e-05
0.03865 1.3e-05
0.041583 1.4e-05
0.042823 1.2e-05
0.04075 1e-05
0.040502 1.1e-05
0.040102 1.1e-05
0.040922 1e-05
0.040573 8e-06
0.040263 1e-05
0.04061 1e-05
0.040691 1e-05
0.041066 1.1e-05
0.041207 1e-05
0.039838 1.5e-05
0.042182 1e-05
0.040664 9e-06
0.04215 9e-06
0.04071 1e-05
0.041065 1.1e-05
0.040875 1e-05
0.040973 1e-05
0.040051 9e-06
0.040652 8e-06
0.040651 9e-06
0.041225 1.3e-05
0.041603 9e-06
0.041763 1.2e-05
0.041189 9e-06
0.040786 1e-05
0.040027 9e-06
0.040691 1.2e-05
0.040832 9e-06
0.040681 9e-06
0.040793 8e-06
0.040838 1e-05
0.041002 1.1e-05
0.04117 9e-06
0.038878 9e-06
0.040485 7e-06
0.040624 1.2e-05
0.040902 8e-06
0.040842 1.1e-05
0.040852 9e-06
0.041056 1e-05
0.040493 9e-06
0.038469 1.1e-05
0.041061 1.2e-05
0.041174 1e-05
0.040595 9e-06
0.042144 1e-05
0.040789 1.2e-05
0.041357 1.1e-05
0.04061 1.3e-05
0.039878 1.1e-05
0.04083 9e-06
0.040789 1.1e-05
0.041038 1e-05
0.040779 1.1e-05
0.0412 1.2e-05
0.040852 9e-06
0.040951 1.2e-05
0.044013 1.5e-05
0.041793 1e-05
0.043503 1e-05
0.041337 9e-06
0.040547 8e-06
0.038983 1.3e-05
0.040673 1.1e-05
0.040682 1e-05
0.041056 1e-05
0.040723 9e-06
0.041297 1.3e-05
0.042058 1e-05
0.042016 1e-05
0.039791 9e-06
0.041091 1.7e-05
0.04256 8e-06
0.040875 9e-06
0.040999 8e-06
0.041567 1.1e-05
0.041263 1.1e-05
0.040798 1e-05
0.039057 1e-05
0.040752 1e-05
0.04066 1.4e-05
0.041649 1.1e-05
0.041007 9e-06
0.040312 9e-06
0.040837 8e-06
0.040593 8e-06
0.039128 8e-06
0.040731 1.2e-05
0.040823 1.2e-05
0.040895 1.1e-05
0.040386 9e-06
0.040244 1.5e-05
0.04167 1e-05
0.04057 1.1e-05
0.040706 1e-05
0.041075 1.6e-05
0.044429 1.1e-05
0.045775 1e-05
0.041675 1.1e-05
0.041589 9e-06
0.041027 1e-05
0.041211 1e-05
0.041583 1e-05
0.040877 9e-06
0.040702 1.6e-05
0.040591 1.1e-05
0.040656 9e-06
0.043254 1.2e-05
0.041161 1e-05
0.041567 1.3e-05
0.043629 9e-06
0.041186 1e-05
0.038374 1.5e-05
0.040971 1.4e-05
0.041662 8e-06
0.040954 1.2e-05
0.041457 1e-05
0.041494 9e-06
0.042242 7e-06
0.040819 1e-05
0.03939 1.5e-05
0.042389 1e-05
0.041584 8e-06
0.041914 1.1e-05
0.040769 1.3e-05
0.038495 1.1e-05
0.040993 9e-06
0.040746 1e-05
0.040376 1e-05
0.0406 1.6e-05
0.041647 1.2e-05
0.041141 1e-05
0.040412 8e-06
0.039368 1.1e-05
0.040751 1.9e-05
0.041953 1.1e-05
0.041502 1e-05
0.041564 1.3e-05
0.042185 1e-05
0.043417 8e-06
0.04126 1.3e-05
0.040022 1.1e-05
0.042134 9e-06
0.041741 1.4e-05
0.04195 1.1e-05
0.040851 1e-05
0.041396 1e-05
0.041631 9e-06
0.041103 1.1e-05
0.039746 1.5e-05
0.041441 1.1e-05
0.041333 1e-05
0.040974 1.4e-05
0.041453 9e-06
0.040467 1e-05
0.041235 1.3e-05
0.042078 8e-06
0.040331 1.3e-05
0.041323 1.1e-05
0.043349 1.1e-05
0.044474 1.1e-05
0.042498 1.1e-05
0.050787 1.1e-05
0.042782 1e-05
0.041746 1.1e-05
0.043585 1e-05
0.041336 1.5e-05
0.042962 1.3e-05
0.042899 1e-05
0.041141 1.2e-05
0.04091 9e-06
0.042841 1.4e-05
0.042708 1.2e-05
0.043315 9e-06
0.041613 1e-05
0.041931 1e-05
0.042118 8e-06
0.040141 1.4e-05
0.042284 1e-05
0.041816 1e-05
0.042208 9e-06
0.041786 1.2e-05
0.042976 1e-05
0.042251 1e-05
0.04189 1.1e-05
0.041023 1.2e-05
0.041529 9e-06
0.041716 1e-05
0.042583 1e-05
0.041912 9e-06
0.040684 9e-06
0.041848 1e-05
0.041711 1.1e-05
0.042987 1.1e-05
0.041974 9e-06
0.04078 1e-05
0.042168 9e-06
0.041911 1e-05
0.042375 1.2e-05
0.042209 1.5e-05
0.042684 1.2e-05
0.042595 1.1e-05
0.043956 1.1e-05
0.041448 1e-05
0.041119 1.1e-05
0.041488 1.1e-05
0.040908 1e-05
0.040843 1.4e-05
0.041338 9e-06
0.040775 1e-05
0.04085 9e-06
0.042021 1.1e-05
0.041649 9e-06
0.040428 1e-05
0.041095 9e-06
0.04061 8e-06
0.039087 1.8e-05
0.042038 9e-06
0.043242 1.2e-05
0.042162 1e-05
0.041385 2e-05
0.041931 9e-06
0.041238 1.4e-05
0.042586 1.2e-05
0.042018 9e-06
0.041613 1e-05
0.045051 1.2e-05
0.051744 1.6e-05
0.04775 1.1e-05
0.054518 1e-05
0.041758 1.2e-05
0.042462 1.4e-05
0.041575 1e-05
0.041589 9e-06
0.042337 1e-05
0.040766 1.3e-05
0.043247 1.1e-05
0.042845 1.5e-05
0.04512 9e-06
0.053781 1.3e-05
0.043512 8e-06
0.042386 9e-06
0.044334 9e-06
0.053717 1.3e-05
0.04315 1.1e-05
0.049169 1.2e-05
0.059486 1.3e-05
0.057929 1.2e-05
0.059924 1.1e-05
0.058907 9e-06
0.058675 1.3e-05
0.042918 1.1e-05
0.043593 1e-05
0.042815 1.2e-05
0.041859 1.2e-05
0.041581 1.1e-05
0.041474 1e-05
0.045235 1.2e-05
0.041403 1e-05
0.0408 1.3e-05
0.042289 1e-05
0.041988 1.2e-05
0.042333 1.1e-05
0.043904 1.4e-05
0.043508 1e-05
0.04228 1.3e-05
0.044246 1e-05
0.041478 8e-06
0.044705 1.3e-05
0.041755 1.2e-05
0.041537 9e-06
0.041254 1.2e-05
0.041734 1e-05
0.048651 1.2e-05
0.045544 1.1e-05
0.041281 1.3e-05
0.046725 1e-05
0.042825 1.4e-05
0.04744 1e-05
0.046878 1.3e-05
0.042967 1.2e-05
0.04408 8e-06
0.042114 1.2e-05
0.04186 1e-05
0.042182 9e-06
0.040601 1e-05
0.040834 1.3e-05
0.04226 1e-05
0.041545 1e-05
0.041091 1.2e-05
0.042405 1.1e-05
0.041741 1.1e-05
0.041932 9e-06
0.041629 1.1e-05
0.04099 1e-05
0.040614 1.9e-05
0.044866 9e-06
0.042056 1.2e-05
0.042495 9e-06
0.040969 1.1e-05
0.040495 1.1e-05
0.040307 1.1e-05
0.041367 9e-06
0.040642 1.3e-05
0.039125 1e-05
0.041478 1e-05
0.040843 1.1e-05
0.043689 1.1e-05
0.042625 9e-06
0.040995 9e-06
0.041788 1.2e-05
0.043128 1.1e-05
0.04148 1.4e-05
0.042926 1.2e-05
0.04206 9e-06
0.041716 1e-05
0.041559 1.1e-05
0.041646 1.3e-05
0.042 1e-05
0.041739 1e-05
0.04194 1.2e-05
0.04174 9e-06
0.039816 1e-05
0.04132 9e-06
0.040231 1e-05
0.040582 8e-06
0.0408 9e-06
0.041179 1.1e-05
0.042528 1e-05
0.041708 1e-05
0.039086 1e-05
0.040586 1.3e-05
0.041579 8e-06
0.040742 1.1e-05
0.04071 1.1e-05
0.041543 9e-06
0.041792 1.8e-05
0.042453 8e-06
0.042717 8e-06
0.041132 9e-06
0.041298 1.1e-05
0.043241 1.1e-05
0.042084 8e-06
0.038931 1.1e-05
0.040546 9e-06
0.040855 1.6e-05
0.042018 1.1e-05
0.040489 1e-05
0.040648 1.2e-05
0.041053 1e-05
0.04047 7e-06
0.03859 1.4e-05
0.041944 1e-05
0.040543 1e-05
0.040598 1.1e-05
0.040505 9e-06
0.040232 9e-06
0.04111 1e-05
0.04043 1.2e-05
0.040244 1.1e-05
0.040836 9e-06
0.041028 1.8e-05
0.041864 1.3e-05
0.040673 9e-06
0.040782 1.7e-05
0.041437 1.4e-05
0.041572 1e-05
0.039741 1.4e-05
0.040979 8e-06
0.040869 1.1e-05
0.042365 9e-06
0.04074 1e-05
0.041982 1.2e-05
0.043289 1e-05
0.041623 1.1e-05
0.041927 1.4e-05
0.043653 9e-06
0.041771 1.3e-05
0.043283 1.2e-05
0.045015 1.1e-05
0.045354 1e-05
0.044552 1.1e-05
0.04233 1.4e-05
0.04395 1e-05
0.041434 1e-05
0.040049 1.1e-05
0.040403 8e-06
0.041173 1e-05
0.047397 1e-05
0.042326 8e-06
0.041478 1.5e-05
0.041896 1.1e-05
0.041546 1.1e-05
0.042069 1e-05
0.041333 1e-05
0.041334 1.1e-05
0.040994 1e-05
0.042689 8e-06
0.041484 9e-06
0.040776 9e-06
0.040822 1.2e-05
0.042175 1e-05
0.043312 9e-06
0.038891 1e-05
0.040815 1.4e-05
0.042586 1.2e-05
0.042593 1.1e-05
0.0418 1.2e-05
0.041488 1.2e-05
0.041462 9e-06
0.041411 1.1e-05
0.041576 9e-06
0.041668 1.3e-05
0.041903 1.3e-05
0.040935 1e-05
0.040575 7e-06
0.039675 9e-06
0.041578 9e-06
0.040743 1.3e-05
0.040834 1.1e-05
0.04075 1e-05
0.040596 1e-05
0.041355 1.1e-05
0.041202 1.1e-05
0.039263 1.4e-05
0.04173 9e-06
0.044427 1.2e-05
0.04281 1.3e-05
0.041015 1.1e-05
0.040863 9e-06
0.044217 1.4e-05
0.042197 9e-06
0.040272 9e-06
0.040841 9e-06
0.042391 1.1e-05
0.041879 1.1e-05
0.041762 9e-06
0.039217 9e-06
0.040522 1e-05
0.042187 1.3e-05
0.041569 1e-05
0.04427 9e-06
0.041114 1.2e-05
0.043926 9e-06
0.04171 4.7e-05
0.046801 1.1e-05
0.044247 1.1e-05
0.043112 1e-05
0.046588 1e-05
0.041266 1.1e-05
0.04188 1e-05
0.041331 9e-06
0.041933 1e-05
0.043166 1.1e-05
0.044259 2.6e-05
0.054714 1.1e-05
0.052662 8e-06
0.040539 9e-06
0.040729 1e-05
0.041008 8e-06
0.040571 1.1e-05
0.041583 1e-05
0.043869 2.3e-05
0.043273 9e-06
0.046603 1.3e-05
0.046892 9e-06
0.042073 1.3e-05
0.04321 1.3e-05
0.040749 9e-06
0.040817 7e-06
0.040938 1.2e-05
0.048695 1.3e-05
0.040812 9e-06
0.041391 1.1e-05
0.04084 8e-06
0.039284 1.1e-05
0.041578 1.2e-05
0.041275 1.2e-05
0.041137 1.1e-05
0.042195 1e-05
0.043271 1.2e-05
0.043214 1.1e-05
0.04356 1.3e-05
0.042543 9e-06
0.043084 9e-06
0.040607 1.4e-05
0.041063 9e-06
0.040878 9e-06
0.039298 9e-06
0.04085 1.1e-05
0.040679 1e-05
0.041049 1e-05
0.040584 1e-05
0.038751 1.1e-05
0.040606 8e-06
0.040512 1e-05
0.041074 1.4e-05
0.040869 8e-06
0.040741 1.3e-05
0.042623 1.1e-05
0.041853 9e-06
0.039537 1e-05
0.040515 1.1e-05
0.040464 1.3e-05
0.042189 8e-06
0.040735 8e-06
0.040711 1.1e-05
0.040873 1.1e-05
0.041053 1.6e-05
0.040658 1.1e-05
0.042013 1.1e-05
