0.005134 1e-05
0.00518 7e-06
0.005238 5e-06
0.00493 3e-06
0.005103 4e-06
0.004926 3e-06
0.004884 3e-06
0.004971 6e-06
0.004931 4e-06
0.004943 6e-06
0.004895 4e-06
0.004924 4e-06
0.004881 3e-06
0.004407 3e-06
0.004906 4e-06
0.004866 4e-06
0.004923 3e-06
0.004893 3e-06
0.00496 6e-06
0.004927 4e-06
0.00487 3e-06
0.004887 3e-06
0.004876 4e-06
0.004884 4e-06
0.004877 3e-06
0.004903 4e-06
0.004877 3e-06
0.004903 3e-06
0.004855 4e-06
0.00494 3e-06
0.004844 4e-06
0.00492 3e-06
0.00489 3e-06
0.00486 3e-06
0.004892 2e-06
0.004495 4e-06
0.004922 4e-06
0.004892 5e-06
0.005036 6e-06
0.005556 6e-06
0.00492 5e-06
0.005185 5e-06
0.004953 5e-06
0.004899 3e-06
0.004882 3e-06
0.004925 3e-06
0.004884 3e-06
0.004911 4e-06
0.004876 4e-06
0.004897 5e-06
0.004858 4e-06
0.004875 3e-06
0.004847 3e-06
0.004918 3e-06
0.004876 4e-06
0.004896 4e-06
0.004906 4e-06
0.004123 4e-06
0.004924 3e-06
0.004903 4e-06
0.004927 4e-06
0.004903 4e-06
0.004926 5e-06
0.004925 4e-06
0.004871 4e-06
0.004919 4e-06
0.004873 3e-06
0.004897 3e-06
0.004865 3e-06
0.004887 3e-06
0.005401 5e-06
0.004893 3e-06
0.004884 4e-06
0.004915 3e-06
0.004893 5e-06
0.004882 4e-06
0.004863 4e-06
0.004895 5e-06
0.00488 4e-06
0.004369 4e-06
0.004914 3e-06
0.004904 4e-06
0.004893 3e-06
0.004912 4e-06
0.005049 7e-06
0.004901 4e-06
0.004888 3e-06
0.004944 4e-06
0.004863 4e-06
0.00495 4e-06
0.004857 3e-06
0.004898 4e-06
0.004868 3e-06
0.004892 4e-06
0.005035 9e-06
0.007266 8e-06
0.005247 5e-06
0.005707 7e-06
0.005852 5e-06
0.004931 4e-06
0.004483 6e-06
0.004958 8e-06
0.00513 5e-06
0.004894 4e-06
0.004881 4e-06
0.004922 7e-06
0.004914 4e-06
0.004937 3e-06
0.004876 3e-06
0.004937 4e-06
0.004972 5e-06
0.004985 4e-06
0.004896 4e-06
0.004939 4e-06
0.004861 3e-06
0.00492 4e-06
0.004879 3e-06
0.004929 3e-06
0.004858 3e-06
0.004935 5e-06
0.004921 4e-06
0.004931 4e-06
0.004174 3e-06
0.004925 4e-06
0.004868 3e-06
0.004848 6e-06
0.004875 4e-06
0.004916 6e-06
0.004937 3e-06
0.004884 4e-06
0.004898 4e-06
0.004877 3e-06
0.004942 4e-06
0.004896 3e-06
0.004918 4e-06
0.004879 4e-06
0.004871 3e-06
0.004947 4e-06
0.004871 4e-06
0.004921 3e-06
0.00488 4e-06
0.00493 3e-06
0.004874 3e-06
0.004909 3e-06
0.004368 3e-06
0.004913 4e-06
0.004877 4e-06
0.004918 4e-06
0.004949 6e-06
0.004901 5e-06
0.004989 4e-06
0.004887 4e-06
0.00491 4e-06
0.004881 4e-06
0.004927 4e-06
0.004931 3e-06
0.004885 5e-06
0.004904 4e-06
0.004883 4e-06
0.004906 4e-06
0.004893 4e-06
0.004923 4e-06
0.004934 4e-06
0.004928 4e-06
0.004911 4e-06
0.004918 3e-06
0.004295 4e-06
0.004866 3e-06
0.004911 4e-06
0.004945 4e-06
0.004887 5e-06
0.004961 5e-06
0.0049 4e-06
0.004901 3e-06
0.0049 3e-06
0.004919 6e-06
0.004853 4e-06
0.004921 4e-06
0.00494 3e-06
0.00491 5e-06
0.004916 3e-06
0.004905 3e-06
0.00489 4e-06
0.004942 4e-06
0.004912 4e-06
0.004934 4e-06
0.004895 4e-06
0.004958 3e-06
0.004128 4e-06
0.004939 4e-06
0.00491 4e-06
0.004918 3e-06
0.004891 5e-06
0.004945 6e-06
0.004935 4e-06
0.00489 3e-06
0.00494 4e-06
0.004908 4e-06
0.004883 4e-06
0.004902 3e-06
0.004888 3e-06
0.004943 4e-06
0.004882 3e-06
0.00492 4e-06
0.004839 4e-06
0.00494 3e-06
0.004934 4e-06
0.004845 3e-06
0.004894 3e-06
0.004908 2e-06
0.004113 4e-06
0.004965 4e-06
0.004891 3e-06
0.004888 3e-06
0.004911 5e-06
0.004959 5e-06
0.004897 3e-06
0.004918 4e-06
0.004919 3e-06
0.004878 3e-06
0.004942 5e-06
0.004976 3e-06
0.00491 3e-06
0.004916 5e-06
0.004886 5e-06
0.004952 3e-06
0.004925 3e-06
0.004891 4e-06
0.00491 4e-06
0.004878 3e-06
0.004891 3e-06
0.004893 3e-06
0.00421 4e-06
0.004911 7e-06
0.004893 3e-06
0.004932 3e-06
0.004864 5e-06
0.004918 5e-06
0.004907 5e-06
0.004965 4e-06
0.004902 3e-06
0.004913 3e-06
0.004866 4e-06
0.004925 3e-06
0.004905 3e-06
0.004913 4e-06
0.004916 4e-06
0.004964 4e-06
0.004871 4e-06
0.004915 4e-06
0.004882 3e-06
0.004861 2e-06
0.004906 4e-06
0.004925 4e-06
0.004118 3e-06
0.004899 6e-06
0.004915 4e-06
0.00493 5e-06
0.004923 5e-06
0.004924 6e-06
0.005178 9e-06
0.004964 5e-06
0.004911 4e-06
0.00492 4e-06
0.004884 4e-06
0.004929 4e-06
0.004908 4e-06
0.004929 4e-06
0.004921 4e-06
0.00491 4e-06
0.004923 3e-06
0.00496 4e-06
0.004893 3e-06
0.004894 6e-06
0.004886 4e-06
0.004867 3e-06
0.004304 3e-06
0.003959 2e-06
0.004013 2e-06
0.004012 3e-06
0.004004 3e-06
0.003969 3e-06
0.00489 4e-06
0.004853 4e-06
0.004881 3e-06
0.004907 3e-06
0.004897 3e-06
0.004917 4e-06
0.0049 3e-06
0.004939 4e-06
0.004903 4e-06
0.004916 4e-06
0.0049 4e-06
0.004907 3e-06
0.004872 4e-06
0.00488 3e-06
0.004519 4e-06
0.004919 5e-06
0.004977 5e-06
0.004903 4e-06
0.004885 4e-06
0.00494 1.1e-05
0.004899 4e-06
0.004994 5e-06
0.004961 4e-06
0.004934 4e-06
0.004883 4e-06
0.004916 3e-06
0.004942 4e-06
0.004901 4e-06
0.004923 4e-06
0.004903 3e-06
0.004928 4e-06
0.004933 4e-06
0.00487 3e-06
0.004919 4e-06
0.004881 4e-06
0.004903 4e-06
0.004508 4e-06
0.004934 4e-06
0.004851 4e-06
0.005019 5e-06
0.004922 5e-06
0.004892 6e-06
0.005064 4e-06
0.004914 3e-06
0.004922 4e-06
0.004944 3e-06
0.004896 4e-06
0.004916 4e-06
0.004882 4e-06
0.004948 4e-06
0.004897 4e-06
0.004872 5e-06
0.004917 4e-06
0.004961 3e-06
0.004874 4e-06
0.004938 4e-06
0.00498 4e-06
0.004915 3e-06
0.004744 3e-06
0.004982 5e-06
0.004976 4e-06
0.004943 4e-06
0.004878 3e-06
0.004899 7e-06
0.004896 4e-06
0.004922 3e-06
0.004897 4e-06
0.004939 4e-06
0.005038 3e-06
0.004934 4e-06
0.004922 4e-06
0.004891 3e-06
0.004948 4e-06
0.004949 4e-06
0.004895 3e-06
0.004911 3e-06
0.004895 3e-06
0.004935 6e-06
0.004845 4e-06
0.004868 2e-06
0.004256 4e-06
0.004917 5e-06
0.004889 4e-06
0.004916 5e-06
0.004888 9e-06
0.004957 6e-06
0.004923 4e-06
0.004946 4e-06
0.004899 4e-06
0.004961 4e-06
0.004889 4e-06
0.004962 4e-06
0.00492 4e-06
0.004895 4e-06
0.004987 4e-06
0.00492 3e-06
0.004875 4e-06
0.004929 4e-06
0.00487 4e-06
0.004938 4e-06
0.004961 3e-06
0.004901 2e-06
0.004088 4e-06
0.004942 4e-06
0.004904 3e-06
0.004942 4e-06
0.004877 4e-06
0.004967 7e-06
0.004916 4e-06
0.004897 3e-06
0.005323 4e-06
0.004919 4e-06
0.004921 4e-06
0.004951 4e-06
0.004882 4e-06
0.004938 3e-06
0.004876 3e-06
0.004852 3e-06
0.004913 3e-06
0.004936 3e-06
0.004894 4e-06
0.004936 3e-06
0.004902 4e-06
0.004911 4e-06
0.004392 5e-06
0.00489 6e-06
0.004949 5e-06
0.004968 5e-06
0.004891 6e-06
0.004941 5e-06
0.004914 3e-06
0.004943 4e-06
0.004882 3e-06
0.004906 5e-06
0.004873 4e-06
0.004857 4e-06
0.004905 4e-06
0.004888 4e-06
0.004893 3e-06
0.00568 8e-06
0.005961 5e-06
0.004929 5e-06
0.005566 5e-06
0.004956 4e-06
0.00488 4e-06
0.004817 6e-06
0.004942 5e-06
0.004953 5e-06
0.004934 5e-06
0.004974 5e-06
0.004931 5e-06
0.004916 2e-06
0.004904 4e-06
0.004926 6e-06
0.004913 4e-06
0.004919 3e-06
0.004898 4e-06
0.004953 6e-06
0.005831 5e-06
0.004934 4e-06
0.004928 4e-06
0.005363 5e-06
0.005006 5e-06
0.006273 7e-06
0.006258 6e-06
0.005682 5e-06
0.00556 8e-06
0.006295 6e-06
0.006323 4e-06
0.006294 7e-06
0.006906 5e-06
0.00624 3e-06
0.006251 4e-06
0.006284 4e-06
0.006248 4e-06
0.006295 4e-06
0.006225 3e-06
0.006368 4e-06
0.006283 3e-06
0.00625 4e-06
0.006271 4e-06
0.006284 4e-06
0.006335 6e-06
0.004953 3e-06
0.006013 4e-06
0.00626 4e-06
0.006254 4e-06
0.006399 7e-06
0.006702 7e-06
0.006274 4e-06
0.006246 4e-06
0.006235 4e-06
0.006239 4e-06
0.006255 4e-06
0.006174 5e-06
0.006281 3e-06
0.00622 4e-06
0.006269 4e-06
0.006246 4e-06
0.006186 4e-06
0.006267 3e-06
0.004596 3e-06
0.006236 3e-06
0.006278 4e-06
0.006235 3e-06
0.006351 7e-06
0.006422 4e-06
0.00627 5e-06
0.006269 3e-06
0.006243 5e-06
0.006234 3e-06
0.006245 6e-06
0.006168 3e-06
0.006224 4e-06
0.006236 3e-06
0.004888 3e-06
0.004902 4e-06
0.004861 4e-06
0.004917 3e-06
0.004956 5e-06
0.004205 8e-06
0.004902 4e-06
0.004888 4e-06
0.0049 4e-06
0.004888 4e-06
0.004961 6e-06
0.005067 3e-06
0.004894 3e-06
0.00488 3e-06
0.004885 3e-06
0.004878 3e-06
0.004899 3e-06
0.004853 3e-06
0.004908 3e-06
0.004815 3e-06
0.004888 4e-06
0.004938 3e-06
0.004973 4e-06
0.004854 3e-06
0.004938 3e-06
0.004884 4e-06
0.004936 4e-06
0.004468 5e-06
0.004943 4e-06
0.004909 4e-06
0.005498 4e-06
0.004922 4e-06
0.005035 7e-06
0.004879 4e-06
0.004945 4e-06
0.004899 5e-06
0.004885 4e-06
0.004885 3e-06
0.004932 4e-06
0.004946 4e-06
0.004928 3e-06
0.004891 4e-06
0.004942 4e-06
0.004893 3e-06
0.004929 4e-06
0.00493 3e-06
0.004918 4e-06
0.004886 4e-06
0.004924 4e-06
0.004577 4e-06
0.004902 3e-06
0.004917 4e-06
0.004863 3e-06
0.004941 4e-06
0.004974 7e-06
0.004963 5e-06
0.004954 4e-06
0.004906 5e-06
0.00496 4e-06
0.00491 4e-06
0.004907 4e-06
0.004943 5e-06
0.004933 5e-06
0.004938 4e-06
0.00486 3e-06
0.004858 4e-06
0.004921 5e-06
0.004914 3e-06
0.004949 4e-06
0.004937 4e-06
0.004937 3e-06
0.004235 6e-06
0.00493 4e-06
0.004919 4e-06
0.004955 5e-06
0.004949 1.4e-05
0.004952 6e-06
0.005115 6e-06
0.004907 4e-06
0.004969 5e-06
0.004919 3e-06
0.004907 3e-06
0.004885 3e-06
0.004865 5e-06
0.004916 4e-06
0.004884 3e-06
0.004973 4e-06
0.004909 3e-06
0.004946 3e-06
0.004875 3e-06
0.004919 5e-06
0.004914 4e-06
0.004909 3e-06
0.004468 2e-06
0.004909 3e-06
0.004841 3e-06
0.004927 4e-06
0.004899 3e-06
0.004897 7e-06
0.004941 4e-06
0.004893 3e-06
0.004854 4e-06
0.004931 4e-06
0.004904 5e-06
0.004892 4e-06
0.004891 5e-06
0.004884 2e-06
0.004875 4e-06
0.004919 3e-06
0.004913 4e-06
0.004897 4e-06
0.004868 3e-06
0.004892 4e-06
0.00486 3e-06
0.004922 4e-06
0.004613 3e-06
0.004796 4e-06
0.004881 7e-06
0.005005 6e-06
0.004881 4e-06
0.004912 4e-06
0.004978 4e-06
0.004918 3e-06
0.004881 3e-06
0.004899 4e-06
0.004908 3e-06
0.004986 4e-06
0.005231 7e-06
0.005612 1.1e-05
0.005193 8e-06
0.00496 7e-06
0.004946 7e-06
0.004959 8e-06
0.005307 7e-06
0.006932 8e-06
0.005435 8e-06
0.004945 6e-06
0.004887 6e-06
0.005102 9e-06
0.00545 1.2e-05
0.006575 7e-06
0.005552 1.1e-05
0.005808 8e-06
0.006162 8e-06
0.005706 6e-06
0.004962 5e-06
0.005009 1.2e-05
0.006715 1.2e-05
0.004999 7e-06
0.005403 7e-06
0.005929 9e-06
0.007596 9e-06
0.007516 7e-06
0.005077 5e-06
0.005325 7e-06
0.00488 3e-06
0.004363 6e-06
0.004931 6e-06
0.004973 5e-06
0.005172 4e-06
0.004991 5e-06
0.004926 6e-06
0.004936 5e-06
0.005004 4e-06
0.004952 4e-06
0.004891 4e-06
0.004943 5e-06
0.004879 9e-06
0.005066 6e-06
0.005398 9e-06
0.007482 5e-06
0.007499 5e-06
0.004939 3e-06
0.004878 4e-06
0.004906 2e-06
0.004962 4e-06
0.004568 4e-06
0.004874 4e-06
0.004947 4e-06
0.004867 4e-06
0.004905 3e-06
0.004873 4e-06
0.004959 5e-06
0.004919 5e-06
0.004943 5e-06
0.004932 4e-06
0.004894 3e-06
0.004958 4e-06
0.004944 4e-06
0.00482 3e-06
0.004939 4e-06
0.004937 4e-06
0.004899 4e-06
0.004881 3e-06
0.004923 4e-06
0.004851 4e-06
0.004884 2e-06
0.004907 5e-06
0.005008 3e-06
0.00475 4e-06
0.004915 3e-06
0.004907 4e-06
0.004983 4e-06
0.004897 5e-06
0.004968 6e-06
0.004902 4e-06
0.004941 4e-06
0.004884 6e-06
0.005001 5e-06
0.004876 3e-06
0.004962 4e-06
0.004915 3e-06
0.004912 4e-06
0.004873 3e-06
0.004881 4e-06
0.004946 3e-06
0.004843 3e-06
0.00491 3e-06
0.004937 4e-06
0.004905 4e-06
0.004719 3e-06
0.004955 5e-06
0.004926 4e-06
0.004862 4e-06
0.004911 3e-06
0.004934 6e-06
0.004972 5e-06
0.004869 4e-06
0.004919 4e-06
0.004906 4e-06
0.004935 4e-06
0.004937 3e-06
0.004906 4e-06
0.004876 3e-06
0.004901 4e-06
0.004952 4e-06
0.004925 5e-06
0.004911 4e-06
0.004874 3e-06
0.004965 4e-06
0.00498 3e-06
0.004889 4e-06
0.004323 3e-06
0.004914 5e-06
0.0049 3e-06
0.004955 4e-06
0.004933 4e-06
0.004878 5e-06
0.004943 4e-06
0.004891 4e-06
0.004938 3e-06
0.004889 4e-06
0.004966 3e-06
0.004897 3e-06
0.004934 4e-06
0.004884 4e-06
0.004974 4e-06
0.004936 3e-06
0.004909 4e-06
0.005011 5e-06
0.004974 3e-06
0.004905 4e-06
0.004918 3e-06
0.004918 3e-06
0.004495 3e-06
0.004881 4e-06
0.004906 4e-06
0.004916 5e-06
0.004972 5e-06
0.004927 5e-06
0.004922 3e-06
0.004876 4e-06
0.004941 3e-06
0.004969 4e-06
0.004966 4e-06
0.004878 3e-06
0.004903 4e-06
0.004916 3e-06
0.004908 3e-06
0.004923 3e-06
0.004901 4e-06
0.004875 4e-06
0.004933 4e-06
0.005539 7e-06
0.005904 4e-06
0.00476 3e-06
0.004424 3e-06
0.004895 3e-06
0.005174 8e-06
0.004903 3e-06
0.004907 4e-06
0.00496 5e-06
0.004912 4e-06
0.004899 4e-06
0.004912 3e-06
0.004892 4e-06
0.004929 3e-06
0.004925 4e-06
0.00488 3e-06
0.00493 3e-06
0.004911 3e-06
0.004886 3e-06
0.004887 4e-06
0.004899 3e-06
0.004875 4e-06
0.004821 3e-06
0.004918 3e-06
0.004814 3e-06
0.004553 4e-06
0.004907 4e-06
0.004935 3e-06
0.004934 4e-06
0.004862 5e-06
0.00492 4e-06
0.004913 3e-06
0.004919 3e-06
0.004934 4e-06
0.00492 4e-06
0.004939 3e-06
0.004897 3e-06
0.004925 3e-06
0.004899 3e-06
0.004927 3e-06
0.004894 3e-06
0.004927 4e-06
0.004893 4e-06
0.004886 4e-06
0.004885 3e-06
0.00492 3e-06
0.004973 4e-06
0.004178 4e-06
0.004883 4e-06
0.004913 3e-06
0.004896 4e-06
0.004982 5e-06
0.004955 4e-06
0.004942 3e-06
0.004868 4e-06
0.004913 4e-06
0.004911 3e-06
0.004847 3e-06
0.004901 5e-06
0.004912 3e-06
0.004886 4e-06
0.004911 4e-06
0.00486 3e-06
0.004937 4e-06
0.004856 4e-06
0.004931 4e-06
0.004951 3e-06
0.004991 4e-06
0.004943 4e-06
0.004331 5e-06
0.004907 4e-06
0.004941 5e-06
0.004967 4e-06
0.004953 5e-06
0.004906 4e-06
0.004917 4e-06
0.004856 4e-06
0.00483 4e-06
0.004908 4e-06
0.004918 4e-06
0.00492 4e-06
0.004936 5e-06
0.004906 4e-06
0.005021 5e-06
0.004961 4e-06
0.004915 3e-06
0.004942 4e-06
0.004927 4e-06
0.004976 3e-06
0.004976 3e-06
0.005415 4e-06
0.004518 4e-06
0.004967 4e-06
0.004885 4e-06
0.004906 4e-06
0.004945 5e-06
0.004932 4e-06
0.004925 3e-06
0.004915 3e-06
0.004944 4e-06
0.004915 5e-06
0.004935 3e-06
0.004896 3e-06
0.00493 5e-06
0.004985 4e-06
0.00494 4e-06
0.004879 4e-06
0.004914 3e-06
0.004873 4e-06
0.004876 4e-06
0.004909 3e-06
0.004951 4e-06
0.004655 4e-06
0.004911 4e-06
0.004884 3e-06
0.004932 3e-06
0.004886 4e-06
0.004926 7e-06
0.00494 4e-06
0.004918 4e-06
0.004892 5e-06
0.004937 4e-06
0.004878 4e-06
0.004915 3e-06
0.004881 2e-06
0.004896 4e-06
0.004914 4e-06
0.004916 4e-06
0.004881 3e-06
0.00494 4e-06
0.00491 4e-06
0.004882 4e-06
0.004936 4e-06
0.004923 3e-06
0.00449 3e-06
0.004928 3e-06
0.004925 4e-06
0.004937 6e-06
0.005008 5e-06
0.005083 8e-06
0.004968 4e-06
0.004883 3e-06
0.004913 5e-06
0.004914 3e-06
0.0049 4e-06
0.004903 3e-06
0.004909 4e-06
0.004929 4e-06
0.004889 3e-06
0.004967 4e-06
0.00485 4e-06
0.004977 5e-06
0.005361 8e-06
0.005919 8e-06
0.006779 9e-06
0.007479 1e-05
0.007388 9e-06
0.005276 8e-06
0.005272 2.7e-05
0.007595 9e-06
0.007667 9e-06
0.006248 7e-06
0.005288 6e-06
0.006211 8e-06
0.007447 6e-06
0.007473 7e-06
0.00496 7e-06
0.007492 9e-06
0.005354 5e-06
0.004906 4e-06
0.004867 3e-06
0.004908 4e-06
0.004924 3e-06
0.004232 3e-06
0.005079 4e-06
0.005041 4e-06
0.004951 5e-06
0.004938 5e-06
0.004914 5e-06
0.004918 4e-06
0.004919 4e-06
0.004894 4e-06
0.004848 4e-06
0.00492 3e-06
0.004985 5e-06
0.004889 4e-06
0.004888 3e-06
0.004951 5e-06
0.004907 4e-06
0.004967 4e-06
0.004905 4e-06
0.005378 5e-06
0.004895 3e-06
0.004922 3e-06
0.004961 3e-06
0.0043 3e-06
0.004909 3e-06
0.00493 4e-06
0.004869 5e-06
0.004921 4e-06
0.004905 5e-06
0.004934 3e-06
0.004899 3e-06
0.004902 2e-06
0.004934 5e-06
0.004916 4e-06
0.00485 4e-06
0.004942 3e-06
0.004858 4e-06
0.004891 3e-06
0.004879 3e-06
0.004863 4e-06
0.004916 3e-06
0.004906 3e-06
0.004867 4e-06
0.004905 3e-06
0.004911 3e-06
0.004103 4e-06
0.004914 4e-06
0.004923 3e-06
