0.019354 9e-06
0.019364 1e-05
0.01883 6e-06
0.01897 1.2e-05
0.019493 9e-06
0.018901 1e-05
0.019473 1e-05
0.018982 9e-06
0.018986 7e-06
0.018936 1e-05
0.018978 6e-06
0.018947 8e-06
0.020664 9e-06
0.021172 1.3e-05
0.019153 1e-05
0.019298 9e-06
0.01898 1.1e-05
0.019481 9e-06
0.019851 8e-06
0.019062 9e-06
0.01912 8e-06
0.01913 8e-06
0.018711 1.2e-05
0.019082 1.1e-05
0.018912 7e-06
0.019037 1.2e-05
0.019281 8e-06
0.019172 9e-06
0.019015 1.1e-05
0.019271 9e-06
0.018839 7e-06
0.018692 9e-06
0.019112 1e-05
0.018948 1.4e-05
0.019358 9e-06
0.019162 1.1e-05
0.018953 8e-06
0.019155 9e-06
0.01916 1.1e-05
0.017966 1.1e-05
0.020625 1.2e-05
0.019216 1e-05
0.019126 9e-06
0.019182 1e-05
0.019248 9e-06
0.019247 1.1e-05
0.019528 9e-06
0.019101 9e-06
0.019157 1e-05
0.019554 9e-06
0.018923 9e-06
0.01912 1e-05
0.01887 1.1e-05
0.01888 8e-06
0.019017 9e-06
0.019365 6e-06
0.01839 1.1e-05
0.018946 9e-06
0.018953 8e-06
0.018788 8e-06
0.018899 1.1e-05
0.019349 8e-06
0.0188 1e-05
0.018924 9e-06
0.019059 1e-05
0.018995 7e-06
0.019244 1e-05
0.018861 9e-06
0.019728 1.1e-05
0.019098 1.2e-05
0.019428 8e-06
0.018851 1.1e-05
0.019048 8e-06
0.017739 9e-06
0.018982 1.5e-05
0.018954 1.1e-05
0.018846 6e-06
0.019396 1.1e-05
0.019024 1.1e-05
0.018842 1.1e-05
0.021024 7e-06
0.019017 9e-06
0.01957 1.1e-05
0.021596 9e-06
0.019411 1e-05
0.019001 9e-06
0.019031 7e-06
0.019007 1.2e-05
0.017922 8e-06
0.020475 8e-06
0.01895 8e-06
0.019288 1e-05
0.018962 7e-06
0.018973 1e-05
0.022877 1e-05
0.019626 1.4e-05
0.020166 9e-06
0.023677 1.3e-05
0.027398 1e-05
0.019109 1.1e-05
0.019171 9e-06
0.020682 1e-05
0.019215 9e-06
0.020014 1.4e-05
0.019638 1.3e-05
0.019009 1e-05
0.019679 1e-05
0.019735 9e-06
0.019998 1.1e-05
0.019537 1.1e-05
0.021101 1.3e-05
0.019742 1.1e-05
0.019175 1.2e-05
0.019231 8e-06
0.020099 1.3e-05
0.021372 1.2e-05
0.020105 1.2e-05
0.022587 1.1e-05
0.019106 8e-06
0.017886 1.2e-05
0.019357 1e-05
0.019098 1.2e-05
0.01889 8e-06
0.018979 7e-06
0.018855 9e-06
0.018954 8e-06
0.019347 9e-06
0.018956 1e-05
0.018886 1e-05
0.019324 8e-06
0.018748 9e-06
0.018842 1.5e-05
0.019723 1e-05
0.018692 1.1e-05
0.018853 8e-06
0.018781 8e-06
0.018607 9e-06
0.019714 1.1e-05
0.01926 9e-06
0.019117 9e-06
0.019156 1.1e-05
0.019337 1.1e-05
0.018952 8e-06
0.02247 1.2e-05
0.020265 1.3e-05
0.027641 1.2e-05
0.024958 1.6e-05
0.020742 1e-05
0.020556 9e-06
0.02046 1e-05
0.02259 1e-05
0.019653 9e-06
0.019058 9e-06
0.019186 1.1e-05
0.01898 8e-06
0.018905 8e-06
0.019076 8e-06
0.020793 1e-05
0.020325 9e-06
0.019453 8e-06
0.019125 9e-06
0.020978 1.1e-05
0.019837 8e-06
0.02009 9e-06
0.019176 1.2e-05
0.018904 6e-06
0.018915 1e-05
0.019171 8e-06
0.018968 1e-05
0.019992 1.2e-05
0.019311 1.1e-05
0.018885 1.1e-05
0.019368 8e-06
0.018903 1e-05
0.017741 9e-06
0.019025 9e-06
0.018958 9e-06
0.019544 8e-06
0.018863 1.1e-05
0.0197 1.1e-05
0.019223 8e-06
0.019385 1.1e-05
0.019305 8e-06
0.019058 9e-06
0.019405 7e-06
0.018814 1.1e-05
0.019331 1.2e-05
0.019082 9e-06
0.019 1e-05
0.019274 1.1e-05
0.020033 1.1e-05
0.017718 1e-05
0.019455 1.1e-05
0.019085 7e-06
0.018795 7e-06
0.018785 9e-06
0.019788 1e-05
0.019033 1.2e-05
0.019105 1.1e-05
0.018991 1e-05
0.019925 1e-05
0.01958 1.1e-05
0.018742 1.2e-05
0.019634 1e-05
0.018905 9e-06
0.018948 9e-06
0.018944 8e-06
0.020329 1.3e-05
0.019045 8e-06
0.019156 1e-05
0.019075 9e-06
0.019426 8e-06
0.019752 9e-06
0.019313 1.8e-05
0.02148 9e-06
0.019373 8e-06
0.02033 8e-06
0.02013 9e-06
0.019959 9e-06
0.020516 1.3e-05
0.01923 9e-06
0.019127 1.1e-05
0.021605 1.1e-05
0.019973 1e-05
0.019547 1.3e-05
0.019547 1e-05
0.019222 9e-06
0.019626 1.1e-05
0.019246 8e-06
0.019037 1e-05
0.018954 1.1e-05
0.019133 1.1e-05
0.019191 1e-05
0.019058 1e-05
0.018966 9e-06
0.019474 1.3e-05
0.019516 1.2e-05
0.019128 1.3e-05
0.019867 9e-06
0.019005 1.8e-05
0.019794 9e-06
0.019178 1.1e-05
0.019396 1e-05
0.019119 1.1e-05
0.019196 9e-06
0.019288 1e-05
0.018021 9e-06
0.019276 1.5e-05
0.022419 1.3e-05
0.021438 1e-05
0.019376 1.2e-05
0.023493 1.3e-05
0.019527 1.2e-05
0.020581 1.1e-05
0.019553 1.1e-05
0.025858 1.2e-05
0.019122 1.1e-05
0.01932 9e-06
0.019279 9e-06
0.018977 8e-06
0.018904 8e-06
0.019058 9e-06
0.018961 1.1e-05
0.019871 1.2e-05
0.019312 9e-06
0.019109 8e-06
0.01881 1.2e-05
0.019408 1.1e-05
0.018834 9e-06
0.018973 1e-05
0.01898 7e-06
0.019071 7e-06
0.018943 1e-05
0.019033 8e-06
0.017393 1e-05
0.018847 1.2e-05
0.018918 9e-06
0.018924 8e-06
0.018749 8e-06
0.020422 1e-05
0.020735 1.2e-05
0.021365 1.1e-05
0.01947 9e-06
0.019861 9e-06
0.019079 9e-06
0.018918 1.1e-05
0.019277 1.2e-05
0.019322 9e-06
0.019576 1.2e-05
0.028738 1.1e-05
0.02762 8.8e-05
0.028005 1.2e-05
0.027924 9e-06
0.028034 1.3e-05
0.028751 1e-05
0.028085 1.2e-05
0.028932 9e-06
0.027869 1.1e-05
0.02802 1.1e-05
0.027947 1.1e-05
0.02777 1.1e-05
0.027821 8e-06
0.019771 9e-06
0.020913 1.5e-05
0.022344 9e-06
0.02115 1.3e-05
0.021951 1.2e-05
0.019215 9e-06
0.019383 1.1e-05
0.020009 8e-06
0.019359 9e-06
0.019384 1.1e-05
0.019507 1.1e-05
0.019792 1e-05
0.019616 1.1e-05
0.019687 1e-05
0.019168 1.1e-05
0.019742 1.1e-05
0.018966 1e-05
0.019358 9e-06
0.019472 1e-05
0.018933 8e-06
0.018708 1e-05
0.018735 7e-06
0.017745 8e-06
0.018935 1.2e-05
0.018786 8e-06
0.019214 8e-06
0.018796 7e-06
0.018867 3e-05
0.018847 7e-06
0.019113 1.2e-05
0.019166 8e-06
0.019213 9e-06
0.018774 7e-06
0.018968 9e-06
0.019542 1e-05
0.01925 8e-06
0.018815 9e-06
0.019255 8e-06
0.019401 9e-06
0.016764 9e-06
0.018934 8e-06
0.018905 1e-05
0.018902 9e-06
0.019308 1.1e-05
0.026496 1.1e-05
0.019032 9e-06
0.019011 8e-06
0.019119 8e-06
0.019052 9e-06
0.019132 1.3e-05
0.017656 7e-06
0.018931 1e-05
0.018962 1.1e-05
0.018949 9e-06
0.019304 8e-06
0.019153 8e-06
0.0188 9e-06
0.019432 1e-05
0.019108 1.2e-05
0.019543 9e-06
0.019613 1e-05
0.018855 1e-05
0.018858 8e-06
0.018942 8e-06
0.01901 6e-06
0.01878 8e-06
0.018803 6e-06
0.017916 9e-06
0.018952 9e-06
0.018847 7e-06
0.018911 7e-06
0.01874 5e-06
0.018765 1.1e-05
0.01887 1e-05
0.01936 8e-06
0.018706 7e-06
0.01883 5e-06
0.019325 8e-06
0.018862 7e-06
0.01885 1.1e-05
0.019442 9e-06
0.019008 7e-06
0.018814 6e-06
0.018901 9e-06
0.017653 9e-06
0.018816 9e-06
0.018856 8e-06
0.018951 6e-06
0.019155 8e-06
0.018767 6e-06
0.018421 9e-06
0.018793 1e-05
0.018888 6e-06
0.018725 8e-06
0.018575 6e-06
0.018792 1e-05
0.019037 1e-05
0.018885 1e-05
0.018929 9e-06
0.019094 8e-06
0.018669 7e-06
0.01868 8e-06
0.018854 9e-06
0.018741 7e-06
0.018871 6e-06
0.01884 8e-06
0.019239 9e-06
0.017141 9e-06
0.018987 9e-06
0.018784 7e-06
0.018861 7e-06
0.018984 7e-06
0.01883 1.4e-05
0.019024 8e-06
0.019233 7e-06
0.018864 1.4e-05
0.019203 8e-06
0.018837 7e-06
0.018998 9e-06
0.022955 1e-05
0.018874 9e-06
0.018864 9e-06
0.019052 9e-06
0.018729 8e-06
0.017655 1.1e-05
0.018917 1.2e-05
0.019277 7e-06
0.018845 6e-06
0.018802 7e-06
0.018663 7e-06
0.017774 1.1e-05
0.018996 1e-05
0.019059 8e-06
0.018743 6e-06
0.018734 8e-06
0.018886 9e-06
0.018842 1.4e-05
0.020032 1.1e-05
0.018826 1e-05
0.018932 7e-06
0.01877 8e-06
0.018956 8e-06
0.018854 1.6e-05
0.019297 8e-06
0.018788 8e-06
0.01874 6e-06
0.019103 1e-05
0.018502 1.1e-05
0.018871 1e-05
0.018688 9e-06
0.018818 6e-06
0.018796 5e-06
0.018765 6e-06
0.017292 9e-06
0.02241 9e-06
0.019132 1.1e-05
0.018878 7e-06
0.019007 7e-06
0.018784 8e-06
0.018639 9e-06
0.019213 8e-06
0.018725 6e-06
0.01877 8e-06
0.019239 6e-06
0.018792 9e-06
0.019004 1.7e-05
0.019004 7e-06
0.018795 1e-05
0.019254 7e-06
0.018988 8e-06
0.016885 8e-06
0.018847 1.2e-05
0.018971 1e-05
0.018905 8e-06
0.018963 5e-06
0.018781 1e-05
0.017763 7e-06
0.018892 9e-06
0.018863 7e-06
0.018716 8e-06
0.018888 8e-06
0.019038 1e-05
0.018682 1e-05
0.018876 9e-06
0.018851 7e-06
0.018871 8e-06
0.018803 9e-06
0.019124 8e-06
0.018572 1.2e-05
0.01971 1e-05
0.018765 9e-06
0.018916 7e-06
0.018966 1.2e-05
0.017976 9e-06
0.018888 1e-05
0.019096 8e-06
0.018792 7e-06
0.01872 7e-06
0.018711 6e-06
0.017822 8e-06
0.018823 1.1e-05
0.018891 8e-06
0.018954 7e-06
0.018759 8e-06
0.018968 9e-06
0.018952 8e-06
0.019103 9e-06
0.019005 1e-05
0.019163 6e-06
0.018733 8e-06
0.018768 8e-06
0.018677 1.2e-05
0.01919 1e-05
0.018894 8e-06
0.018748 9e-06
0.018841 6e-06
0.018032 8e-06
0.018895 1.1e-05
0.018987 7e-06
0.01867 5e-06
0.018704 9e-06
0.018812 7e-06
0.01778 7e-06
0.018974 7e-06
0.018814 1e-05
0.019139 7e-06
0.018717 7e-06
0.018967 7e-06
0.018844 3.6e-05
0.019636 1.1e-05
0.018855 1.2e-05
0.01887 1e-05
0.018761 8e-06
0.01918 9e-06
0.018836 1e-05
0.018981 7e-06
0.018854 9e-06
0.019279 6e-06
0.018813 9e-06
0.018547 1.2e-05
0.019102 9e-06
0.018859 1e-05
0.019909 8e-06
0.018976 8e-06
0.018818 8e-06
0.019685 9e-06
0.019378 9e-06
0.018943 5e-06
0.019712 7e-06
0.018796 7e-06
0.018787 9e-06
0.018847 8e-06
0.018839 9e-06
0.018877 1.3e-05
0.021518 1e-05
0.019188 1e-05
0.017631 1.1e-05
0.019549 9e-06
0.018817 9e-06
0.019089 8e-06
0.018887 7e-06
0.018708 6e-06
0.018695 9e-06
0.019023 1.1e-05
0.018866 9e-06
0.018784 1e-05
0.019091 7e-06
0.018862 9e-06
0.018728 1.1e-05
0.019451 8e-06
0.01872 5e-06
0.018772 7e-06
0.018746 7e-06
0.017585 9e-06
0.018843 9e-06
0.018882 7e-06
0.018787 7e-06
0.018782 8e-06
0.018925 1e-05
0.017746 8e-06
0.01889 7e-06
0.018818 8e-06
0.018927 8e-06
0.018799 7e-06
0.018856 1e-05
0.019011 8e-06
0.018982 1e-05
0.018848 1e-05
0.018905 7e-06
0.018852 7e-06
0.018746 9e-06
0.0189 1.1e-05
0.01899 6e-06
0.018996 8e-06
0.018838 6e-06
0.01899 9e-06
0.017988 1.1e-05
0.018978 1e-05
0.019256 7e-06
0.019259 1.2e-05
0.018926 8e-06
0.018694 9e-06
0.018952 1.1e-05
0.019277 9e-06
0.018869 5e-06
0.018836 1.1e-05
0.019454 1e-05
0.018827 7e-06
0.018827 1e-05
0.018774 8e-06
0.018755 1e-05
0.019315 7e-06
0.018734 1e-05
0.017508 8e-06
0.018878 1e-05
0.018935 1.4e-05
0.019561 9e-06
0.018779 7e-06
0.019659 1e-05
0.019414 1e-05
0.018995 8e-06
0.018922 1e-05
0.019359 7e-06
0.018902 7e-06
0.018021 1.2e-05
0.019387 9e-06
0.019441 9e-06
0.018924 8e-06
0.018789 8e-06
0.018917 9e-06
0.018884 9e-06
0.019191 1e-05
0.01906 7e-06
0.018908 6e-06
0.018704 9e-06
0.019109 8e-06
0.018856 1.3e-05
0.01957 8e-06
0.019566 8e-06
0.018979 5e-06
0.018771 7e-06
0.016734 7e-06
0.018704 1.1e-05
0.019169 1e-05
0.019036 8e-06
0.018926 7e-06
0.018766 7e-06
0.015885 6e-06
0.015508 7e-06
0.018725 6e-06
0.01888 8e-06
0.018902 7e-06
0.017479 7e-06
0.018829 8e-06
0.018944 8e-06
0.018907 8e-06
0.018774 8e-06
0.018868 4e-06
0.017807 1e-05
0.018854 1e-05
0.018762 7e-06
0.019005 9e-06
0.019125 6e-06
0.018836 1.2e-05
0.019421 1e-05
0.018996 7e-06
0.018768 7e-06
0.018739 6e-06
0.01877 7e-06
0.01909 9e-06
0.018895 1.1e-05
0.018864 1.3e-05
0.019319 9e-06
0.018924 9e-06
0.018847 6e-06
0.017652 9e-06
0.01886 1.4e-05
0.019197 8e-06
0.018984 6e-06
0.018889 8e-06
0.018798 9e-06
0.019088 7e-06
0.019108 1e-05
0.018974 6e-06
0.019026 1.1e-05
0.019263 6e-06
0.018526 9e-06
0.018819 1e-05
0.018934 8e-06
0.018838 7e-06
0.018965 6e-06
0.018868 9e-06
0.018065 8e-06
0.0189 9e-06
0.018888 7e-06
0.019627 8e-06
0.018854 7e-06
0.018874 1.4e-05
0.019407 1.1e-05
0.019184 1e-05
0.018858 7e-06
0.019187 8e-06
0.018906 8e-06
0.017859 9e-06
0.018872 9e-06
0.01889 9e-06
0.018846 8e-06
0.018981 8e-06
0.018735 9e-06
0.018678 1.1e-05
0.019202 1e-05
0.018919 8e-06
0.019535 1.1e-05
0.01892 8e-06
0.018883 1e-05
0.018864 1.1e-05
0.018732 6e-06
0.018877 1e-05
0.019291 9e-06
0.018925 1e-05
0.018236 9e-06
0.018862 1e-05
0.018892 8e-06
0.018832 9e-06
0.018818 6e-06
0.018959 8e-06
0.018884 8e-06
0.019009 1e-05
0.019214 8e-06
0.0187 9e-06
0.018853 5e-06
0.01874 7e-06
0.018935 1e-05
0.018626 1e-05
0.019031 6e-06
0.018748 7e-06
0.019225 5e-06
0.017479 9e-06
0.019101 9e-06
0.018808 8e-06
0.018898 9e-06
0.019305 8e-06
0.019227 7e-06
0.019076 8e-06
0.019024 1.3e-05
0.019536 7e-06
0.018959 9e-06
0.018902 6e-06
0.018874 1e-05
0.019068 9e-06
0.018804 8e-06
0.018976 7e-06
0.018876 6e-06
0.018806 5e-06
0.017593 7e-06
0.018855 1.3e-05
0.018887 7e-06
0.01884 8e-06
0.019013 7e-06
0.018751 6e-06
0.018087 9e-06
0.01883 1e-05
0.018771 6e-06
0.018763 8e-06
0.018886 7e-06
0.018886 6e-06
0.018842 8e-06
0.019398 1.2e-05
0.019319 7e-06
0.018945 6e-06
0.018616 8e-06
0.01929 1e-05
0.018965 1.1e-05
0.018799 9e-06
0.019037 7e-06
0.018653 8e-06
0.019304 7e-06
0.017784 1e-05
0.019251 9e-06
0.020358 8e-06
0.019645 9e-06
0.019534 9e-06
0.019524 1.1e-05
0.01955 9e-06
0.019614 1.2e-05
0.019388 1.2e-05
0.02121 9e-06
0.019013 1.2e-05
0.01945 1e-05
0.019345 1e-05
0.018867 9e-06
0.019019 9e-06
0.01884 9e-06
0.017919 1e-05
0.018847 9e-06
0.019049 1e-05
0.01896 8e-06
0.018826 7e-06
0.018812 7e-06
0.018791 9e-06
0.018984 9e-06
0.019076 8e-06
0.018976 7e-06
0.018856 6e-06
0.019049 1e-05
0.018911 1.2e-05
0.018931 9e-06
0.018856 6e-06
0.018882 7e-06
0.018881 6e-06
0.017468 1.1e-05
0.018827 1.2e-05
0.019492 8e-06
0.019 1.4e-05
0.019754 1.1e-05
0.019011 8e-06
0.018987 1.1e-05
0.020727 1e-05
0.019694 1.1e-05
0.01953 9e-06
0.01911 8e-06
0.017627 9e-06
0.019373 1e-05
0.019058 9e-06
0.018973 7e-06
0.019 8e-06
0.018892 1.2e-05
0.019226 1e-05
0.01911 8e-06
0.018973 8e-06
0.018919 1.2e-05
0.019569 9e-06
0.01924 1e-05
0.019382 1.1e-05
0.019022 8e-06
0.019156 8e-06
0.018929 9e-06
0.018432 1.2e-05
0.019433 1e-05
0.020396 1e-05
0.021024 1.2e-05
0.019549 1e-05
0.018871 9e-06
0.019047 1.5e-05
0.019043 8e-06
0.018683 9e-06
0.01884 9e-06
0.018924 1e-05
0.018418 1e-05
0.018814 1.2e-05
0.019016 9e-06
0.018807 8e-06
0.019417 9e-06
0.019368 7e-06
0.0183 1e-05
0.018929 1.3e-05
0.019223 1e-05
0.018936 1e-05
0.019185 7e-06
0.018985 9e-06
0.018872 9e-06
0.018927 7e-06
0.018913 8e-06
0.018926 8e-06
0.01878 1e-05
0.017235 1e-05
0.019528 9e-06
0.019359 9e-06
0.018969 1e-05
0.019007 1e-05
0.019302 1.1e-05
0.018892 3.6e-05
0.019116 9e-06
0.018927 9e-06
0.019404 7e-06
0.019136 1e-05
0.018965 1.3e-05
0.019254 1e-05
0.019413 1.1e-05
0.0188 7e-06
0.019058 1e-05
0.019584 1.3e-05
0.018982 1e-05
0.019415 7e-06
0.019135 9e-06
0.018977 8e-06
0.019192 1.1e-05
0.019039 8e-06
0.019073 9e-06
0.018889 7e-06
0.018751 9e-06
0.018942 1e-05
0.017987 1e-05
0.018766 1e-05
0.018902 7e-06
0.018781 7e-06
0.018891 9e-06
0.018855 6e-06
0.018151 8e-06
0.019104 1e-05
0.018908 6e-06
0.018726 1.1e-05
0.018887 1.2e-05
0.018897 1.2e-05
0.019367 9e-06
0.019032 7e-06
0.018805 7e-06
0.022069 9e-06
0.024197 1e-05
0.024385 1e-05
0.024281 1.1e-05
0.024258 1e-05
0.024521 1.1e-05
0.021464 1.3e-05
0.024971 1.2e-05
0.024334 9e-06
0.024486 9e-06
0.024563 1.3e-05
0.025276 1.4e-05
0.024588 1e-05
0.024559 1e-05
0.024283 9e-06
0.021956 9e-06
0.02538 1.2e-05
0.025038 1.2e-05
0.0244 8e-06
0.022834 1e-05
0.024347 1.3e-05
0.024984 8e-06
0.024373 1e-05
0.024724 6e-06
0.020043 1.4e-05
0.025843 9e-06
0.024207 6e-06
0.024186 8e-06
0.024279 1e-05
0.024299 1e-05
0.024303 1.3e-05
0.025092 8e-06
0.02502 7e-06
0.019008 1.2e-05
0.025768 9e-06
0.024613 7e-06
0.024495 9e-06
0.024327 1e-05
0.02436 1.2e-05
0.024327 1e-05
0.024287 9e-06
0.024337 9e-06
0.021185 1.2e-05
0.025188 1.2e-05
0.024624 9e-06
0.024416 1.2e-05
0.02502 1e-05
0.024316 1e-05
0.024566 1.1e-05
0.024511 1e-05
0.024485 9e-06
0.024277 1.1e-05
0.025125 1e-05
0.024453 9e-06
0.025076 8e-06
0.021093 1.2e-05
0.02465 9e-06
0.024031 9e-06
0.024194 1e-05
0.024481 6e-06
0.023872 1.2e-05
0.024631 1e-05
0.024569 6e-06
0.024294 6e-06
0.024274 1e-05
0.02408 1.6e-05
0.025148 1.2e-05
0.024313 1e-05
0.024196 7e-06
0.018968 1.1e-05
0.025341 9e-06
0.024171 1.1e-05
0.02411 6e-06
0.02413 9e-06
0.024348 1.1e-05
0.024585 1.3e-05
0.025112 7e-06
0.024096 9e-06
0.019841 1.3e-05
0.025238 1.1e-05
0.024338 8e-06
0.021234 1e-05
0.018868 7e-06
0.017274 1.4e-05
0.019287 1.1e-05
0.018776 7e-06
0.018925 9e-06
0.019344 6e-06
0.019222 9e-06
0.018742 8e-06
0.019079 9e-06
