0.001351 8e-06
0.001358 1.3e-05
0.00135 9e-06
0.001353 1.2e-05
0.00137 1.1e-05
0.001373 1e-05
0.001355 1.3e-05
0.001362 1.4e-05
0.001352 1e-05
0.001361 1.3e-05
0.001343 9e-06
0.001357 1.4e-05
0.001362 1.1e-05
0.00137 1.4e-05
0.001358 1.4e-05
0.00136 1.3e-05
0.001335 1.4e-05
0.001358 1.3e-05
0.001343 1.7e-05
0.001361 1e-05
0.001351 1e-05
0.001352 1.2e-05
0.00135 1e-05
0.00137 1.2e-05
0.001353 1.1e-05
0.00137 1.3e-05
0.001358 1.3e-05
0.001357 1e-05
0.001371 1.2e-05
0.001376 1e-05
0.001361 1.5e-05
0.001353 1.5e-05
0.001358 8e-06
0.001353 1.1e-05
0.001353 1.5e-05
0.001369 9e-06
0.001352 1e-05
0.001369 1.2e-05
0.001351 9e-06
0.001367 1.4e-05
0.001401 1.1e-05
0.001359 1.2e-05
0.001359 1e-05
0.001362 1e-05
0.001342 9e-06
0.00136 1.2e-05
0.001347 1.5e-05
0.00135 1.2e-05
0.001268 1.3e-05
0.001457 8e-06
0.001309 1.3e-05
0.00137 1.5e-05
0.001371 1.3e-05
0.001375 1.3e-05
0.001349 1e-05
0.001374 1.2e-05
0.001355 1.4e-05
0.001356 8e-06
0.001348 1.2e-05
0.00136 1.2e-05
0.001358 1.3e-05
0.001368 1e-05
0.001352 1.3e-05
0.001477 1.1e-05
0.001424 1.8e-05
0.001378 1.1e-05
0.001417 1.9e-05
0.00137 1.6e-05
0.001381 1.1e-05
0.001368 1.3e-05
0.001354 1.4e-05
0.001352 1.6e-05
0.001346 1.2e-05
0.001358 1.4e-05
0.001348 1e-05
0.001376 1.3e-05
0.001355 1.8e-05
0.00137 1e-05
0.00138 1.2e-05
0.001363 1e-05
0.001353 1.7e-05
0.001359 1.3e-05
0.001373 1.2e-05
0.001358 1.3e-05
0.001391 1.3e-05
0.001361 1.5e-05
0.001388 1.2e-05
0.001369 1e-05
0.001405 1.1e-05
0.001367 1.5e-05
0.001415 1.1e-05
0.001363 1.3e-05
0.001367 1.4e-05
0.001361 1.1e-05
0.001358 1.5e-05
0.001359 1.2e-05
0.001351 1e-05
0.001355 1.5e-05
0.001349 1.1e-05
0.001357 1.4e-05
0.001355 9e-06
0.001424 1.2e-05
0.001348 1e-05
0.00148 1.1e-05
0.001365 1.2e-05
0.001458 1.3e-05
0.001345 1.3e-05
0.001361 1.4e-05
0.001353 9e-06
0.001357 1.5e-05
0.001353 1.2e-05
0.00137 1.3e-05
0.001363 1.2e-05
0.001365 1.2e-05
0.001345 1.4e-05
0.001363 1.2e-05
0.001348 1.4e-05
0.001349 8e-06
0.001391 1.5e-05
0.001392 9e-06
0.001395 1.1e-05
0.001355 2.8e-05
0.001527 1.1e-05
0.001335 9e-06
0.001238 1.5e-05
0.00113 1.4e-05
0.001398 1.4e-05
0.001353 1.7e-05
0.001368 1e-05
0.001376 1.1e-05
0.001355 1.3e-05
0.001369 1.3e-05
0.001353 9e-06
0.001364 9e-06
0.001395 1e-05
0.001361 1.1e-05
0.001404 1.6e-05
0.001368 1e-05
0.001402 1.1e-05
0.001362 1.6e-05
0.001335 1.4e-05
0.001361 1e-05
0.001362 1.2e-05
0.001362 1.1e-05
0.001347 1.2e-05
0.001358 1.4e-05
0.001362 1.1e-05
0.001378 1.1e-05
0.00136 1.2e-05
0.001374 1.8e-05
0.001353 1.2e-05
0.001364 1.5e-05
0.001346 1.4e-05
0.001411 1.3e-05
0.001356 1e-05
0.001402 1e-05
0.001347 1.3e-05
0.001409 9e-06
0.001355 1.4e-05
0.001374 1.4e-05
0.001349 1.3e-05
0.001378 1.4e-05
0.00134 1.7e-05
0.001371 1.7e-05
0.00135 1.3e-05
0.001405 1.2e-05
0.001348 9e-06
0.001363 1.1e-05
0.001341 1.1e-05
0.001355 9e-06
0.001361 1.3e-05
0.001375 1.8e-05
0.001408 1.4e-05
0.001373 1.5e-05
0.001395 1.6e-05
0.001358 1.1e-05
0.001408 1.4e-05
0.001362 1.2e-05
0.001349 8e-06
0.001355 1.5e-05
0.001337 1.4e-05
0.001374 1.2e-05
0.001945 1.1e-05
0.001402 1.3e-05
0.001349 1e-05
0.001415 1.4e-05
0.001357 1.1e-05
0.001422 1.2e-05
0.001403 1.1e-05
0.001362 1.1e-05
0.001359 1.2e-05
0.001387 1e-05
0.001345 1.3e-05
0.001365 1.4e-05
0.001344 1.5e-05
0.00136 1.4e-05
0.001356 1.1e-05
0.001328 1e-05
0.001219 8e-06
0.001162 1.3e-05
0.001345 9e-06
0.001356 1.3e-05
0.00135 1e-05
0.001358 1.3e-05
0.001345 1.3e-05
0.001378 1.5e-05
0.001365 1.3e-05
0.001365 9e-06
0.001353 1.2e-05
0.00137 1.6e-05
0.001346 1.1e-05
0.001368 1.1e-05
0.001367 1.1e-05
0.001377 1.2e-05
0.001356 1.1e-05
0.001358 1.5e-05
0.001348 1.4e-05
0.00136 1.1e-05
0.001342 1e-05
0.001361 9e-06
0.001362 1.2e-05
0.001399 9e-06
0.001343 1.2e-05
0.00136 1.5e-05
0.001356 1.5e-05
0.001376 1e-05
0.001377 1.7e-05
0.001362 1e-05
0.001357 1.5e-05
0.001369 1.4e-05
0.001361 1.2e-05
0.001351 1.2e-05
0.001366 1.6e-05
0.001402 1.4e-05
0.001439 1.5e-05
0.001356 1e-05
0.001361 1.4e-05
0.001361 1e-05
0.00136 1.1e-05
0.00136 1e-05
0.001353 1.4e-05
0.001362 1.1e-05
0.001366 1.3e-05
0.001377 1.3e-05
0.001358 1.1e-05
0.001389 1.2e-05
0.001348 1.1e-05
0.00138 1e-05
0.001355 1.1e-05
0.001353 1.4e-05
0.001346 1.2e-05
0.001358 1.4e-05
0.001346 1.1e-05
0.001378 1e-05
0.001339 1.3e-05
0.001359 1.1e-05
0.001342 1e-05
0.001403 1.4e-05
0.00135 1.2e-05
0.00137 1.8e-05
0.001354 1.4e-05
0.001344 1.1e-05
0.001346 1.4e-05
0.001367 1.2e-05
0.001831 1.7e-05
0.00214 1.6e-05
0.001337 1.5e-05
0.002104 1.9e-05
0.002117 1.5e-05
0.001266 1.1e-05
0.001786 3.2e-05
0.001385 1.2e-05
0.001364 1.4e-05
0.00139 1.1e-05
0.001353 1.2e-05
0.001364 1.3e-05
0.001347 1.3e-05
0.00137 1.5e-05
0.001352 1.2e-05
0.001363 1.5e-05
0.001346 1.1e-05
0.001367 1.4e-05
0.001347 1.4e-05
0.001356 1.2e-05
0.001367 1.1e-05
0.001362 1.2e-05
0.001353 1.6e-05
0.001388 1.3e-05
0.00137 8e-06
0.001428 1.8e-05
0.001357 1e-05
0.00135 1.4e-05
0.001351 1e-05
0.001374 1.4e-05
0.001343 1.2e-05
0.001374 1.1e-05
0.00135 1e-05
0.001366 1.3e-05
0.00135 1.2e-05
0.001425 1.5e-05
0.001348 1.3e-05
0.001353 1.2e-05
0.001352 1.3e-05
0.001352 1.2e-05
0.001366 1.4e-05
0.001365 1e-05
0.001361 1.4e-05
0.001366 1.3e-05
0.001349 1.2e-05
0.001371 1.5e-05
0.001358 1.1e-05
0.00141 1.6e-05
0.001352 1.2e-05
0.001359 1.1e-05
0.001349 1e-05
0.001352 1.3e-05
0.001348 1.1e-05
0.001364 9e-06
0.001345 1.2e-05
0.001355 1.2e-05
0.001356 1.3e-05
0.001346 1.3e-05
0.001346 1.5e-05
0.001373 1e-05
0.001356 9e-06
0.001357 1.3e-05
0.001357 1e-05
0.001368 1.3e-05
0.001362 1e-05
0.001388 1.3e-05
0.001355 1.2e-05
0.001365 1.2e-05
0.001346 1.3e-05
0.001367 1.1e-05
0.001348 1.4e-05
0.001362 1.4e-05
0.001353 1.2e-05
0.001372 1.2e-05
0.001349 1.3e-05
0.001365 1.5e-05
0.001347 1e-05
0.001358 1.1e-05
0.001358 8e-06
0.001364 1.5e-05
0.001219 8e-06
0.001237 1e-05
0.001115 1e-05
0.001355 1.3e-05
0.001352 1.2e-05
0.001356 1.3e-05
0.001356 1.4e-05
0.001402 1e-05
0.001341 1.3e-05
0.001353 8e-06
0.001349 1.1e-05
0.001355 9e-06
0.00137 1.1e-05
0.001365 1.2e-05
0.001362 1.6e-05
0.001363 1.5e-05
0.001351 1.4e-05
0.001374 9e-06
0.001363 1e-05
0.001403 1.3e-05
0.001444 1.4e-05
0.00136 1.1e-05
0.001343 1.3e-05
0.001355 1.3e-05
0.001344 1.2e-05
0.001359 1e-05
0.001353 1.4e-05
0.001364 1.3e-05
0.001342 1.9e-05
0.001351 1.3e-05
0.001354 1.1e-05
0.001402 1.3e-05
0.001351 1.4e-05
0.001362 1.1e-05
0.001353 1.2e-05
0.001362 1.2e-05
0.001348 1.1e-05
0.001364 1.3e-05
0.001358 1.2e-05
0.001354 1.2e-05
0.001365 9e-06
0.001361 1.3e-05
0.001359 1.3e-05
0.001375 9e-06
0.001339 1e-05
0.00137 1.3e-05
0.001346 1.6e-05
0.001361 1.2e-05
0.001347 1.5e-05
0.001365 1.3e-05
0.001342 1.4e-05
0.001348 1.1e-05
0.00137 1e-05
0.001354 1.2e-05
0.001354 1e-05
0.001386 8e-06
0.001349 1.5e-05
0.001356 1.3e-05
0.001347 1.3e-05
0.001371 1.6e-05
0.00135 1e-05
0.001359 1.3e-05
0.001355 1.3e-05
0.001369 1e-05
0.001375 9e-06
0.001365 1.6e-05
0.001342 1.1e-05
0.001385 1.5e-05
0.001346 1.4e-05
0.001352 1.2e-05
0.001353 1.1e-05
0.001365 9e-06
0.001355 8e-06
0.001369 1.4e-05
0.001354 8e-06
0.001146 1.2e-05
0.001211 8e-06
0.001135 7e-06
0.001205 1.3e-05
0.001356 1.2e-05
0.001367 1.1e-05
0.001365 1.5e-05
0.00135 9e-06
0.001366 1.1e-05
0.001344 1.4e-05
0.001356 1.2e-05
0.001366 1.6e-05
0.001364 1e-05
0.001343 1.3e-05
0.001365 1.6e-05
0.001353 1.1e-05
0.001354 1.5e-05
0.001363 1.6e-05
0.001367 1.1e-05
0.001351 1.2e-05
0.001363 1.6e-05
0.001358 9e-06
0.00137 1e-05
0.001357 1.3e-05
0.001374 1.2e-05
0.001358 1.6e-05
0.001367 1.3e-05
0.001359 1.7e-05
0.001367 1.2e-05
0.001347 9e-06
0.001364 1e-05
0.001371 1.2e-05
0.001356 1.1e-05
0.001342 9e-06
0.001356 1.2e-05
0.001362 1.3e-05
0.001363 1e-05
0.001355 1e-05
0.001356 1.4e-05
0.001348 1.2e-05
0.001363 1.2e-05
0.001345 9e-06
0.001371 1.4e-05
0.001353 1e-05
0.001356 9e-06
0.001365 1.6e-05
0.001349 1e-05
0.001347 1.9e-05
0.001358 1.5e-05
0.001359 1.3e-05
0.001352 1.3e-05
0.001375 1.5e-05
0.001354 1.4e-05
0.001356 1.3e-05
0.001363 1e-05
0.001406 1.6e-05
0.00136 1.3e-05
0.001366 1.1e-05
0.001352 1.4e-05
0.001399 1.1e-05
0.001368 9e-06
0.001377 1.4e-05
0.001362 1.2e-05
0.00143 1.4e-05
0.001404 9e-06
0.00135 1.2e-05
0.001359 1.1e-05
0.001417 1.3e-05
0.001357 1.3e-05
0.00135 1.3e-05
0.001382 1.1e-05
0.001353 1.4e-05
0.001376 1.6e-05
0.00136 1.1e-05
0.00137 1.1e-05
0.001412 1.2e-05
0.001134 9e-06
0.001128 7e-06
0.001297 1.6e-05
0.001357 1.2e-05
0.001369 1.4e-05
0.001347 1e-05
0.001354 1.5e-05
0.001358 1.1e-05
0.001357 1.4e-05
0.001361 1.5e-05
0.001387 1.2e-05
0.00135 1.5e-05
0.001391 1.5e-05
0.001369 1.5e-05
0.001377 1.1e-05
0.001359 2e-05
0.001363 1.1e-05
0.001367 1e-05
0.001359 1.2e-05
0.001361 1.3e-05
0.001353 1.4e-05
0.001341 1e-05
0.001364 1.7e-05
0.001351 1.3e-05
0.001362 1.3e-05
0.00136 1.1e-05
0.001365 1.1e-05
0.001352 1.3e-05
0.001367 1.1e-05
0.001354 1.4e-05
0.001366 9e-06
0.001353 1.2e-05
0.001359 1.3e-05
0.001362 1e-05
0.001372 1.4e-05
0.00135 9e-06
0.001365 1.2e-05
0.001352 8e-06
0.001365 1.4e-05
0.001352 1.5e-05
0.00136 1.2e-05
0.001355 1.4e-05
0.001345 1.1e-05
0.001358 1e-05
0.00137 1.3e-05
0.001342 1.4e-05
0.001363 1e-05
0.001358 1.1e-05
0.001353 1.5e-05
0.001345 1.7e-05
0.001361 1e-05
0.001336 1.3e-05
0.001356 9e-06
0.00135 9e-06
0.001361 1.1e-05
0.001344 1.3e-05
0.001354 1.5e-05
0.00136 9e-06
0.001367 1e-05
0.001357 1.1e-05
0.001368 9e-06
0.001355 1.3e-05
0.001372 9e-06
0.00137 1.1e-05
0.001374 1.7e-05
0.001391 1.3e-05
0.00139 1.3e-05
0.00135 1.3e-05
0.001359 1.3e-05
0.001342 1.1e-05
0.001367 1.1e-05
0.001349 1e-05
0.001364 1.1e-05
0.001344 1e-05
0.00124 9e-06
0.001348 7e-06
0.001132 1e-05
0.001132 1.7e-05
0.001356 1.2e-05
0.001353 1.2e-05
0.001365 1.2e-05
0.001373 1.1e-05
0.001373 9e-06
0.001336 1.1e-05
0.001368 1.4e-05
0.001354 8e-06
0.00137 1.1e-05
0.001346 8e-06
0.001375 1.5e-05
0.001369 1e-05
0.001362 1.6e-05
0.001339 1e-05
0.001374 1.2e-05
0.001353 9e-06
0.001379 1e-05
0.001344 9e-06
0.001366 1.1e-05
0.001359 1e-05
0.001347 1.2e-05
0.001343 1e-05
0.001376 1.2e-05
0.001351 1.3e-05
0.001361 1.1e-05
0.001345 1e-05
0.001348 1.1e-05
0.001366 1.3e-05
0.001366 1.8e-05
0.001344 1.2e-05
0.00136 1.5e-05
0.001351 1.1e-05
0.001359 1.1e-05
0.001343 1.4e-05
0.001365 1.2e-05
0.001353 1.4e-05
0.001373 1.2e-05
0.001356 1.3e-05
0.001365 9e-06
0.001354 1.1e-05
0.001362 1e-05
0.001352 1.3e-05
0.001364 1.1e-05
0.001345 1.2e-05
0.001361 1.2e-05
0.001346 1.5e-05
0.001364 1.2e-05
0.001357 9e-06
0.00135 1.2e-05
0.001356 1.2e-05
0.001358 1e-05
0.00136 1.2e-05
0.001359 1.1e-05
0.001347 1.4e-05
0.001343 1.2e-05
0.001351 1.3e-05
0.001352 1e-05
0.001345 1e-05
0.001399 1.2e-05
0.001359 1e-05
0.001357 1.1e-05
0.001348 1.2e-05
0.001362 1e-05
0.001358 9e-06
0.001371 1.4e-05
0.001347 1.3e-05
0.001347 1e-05
0.001352 1.4e-05
0.001362 1.2e-05
0.001349 1e-05
0.001371 1.1e-05
0.00127 8e-06
0.001233 1e-05
0.001234 9e-06
0.001349 9e-06
0.001338 1.4e-05
0.001355 1.3e-05
0.001348 1.5e-05
0.001368 1.4e-05
0.001349 1.1e-05
0.00138 1.1e-05
0.001342 1.3e-05
0.001361 1e-05
0.001359 1e-05
0.001361 1.2e-05
0.001352 1.6e-05
0.001357 1.2e-05
0.001361 1.1e-05
0.001361 1.2e-05
0.001359 1.6e-05
0.001366 1.3e-05
0.001353 1e-05
0.00136 1.4e-05
0.001351 1.8e-05
0.001349 1e-05
0.00136 1.2e-05
0.001381 1.4e-05
0.001383 9e-06
0.001401 1.1e-05
0.001506 1.7e-05
0.001362 1.1e-05
0.001341 1.1e-05
0.001373 1.6e-05
0.00137 9e-06
0.001366 1.4e-05
0.00135 1.4e-05
0.001363 1.4e-05
0.001357 1.3e-05
0.001369 1.2e-05
0.001362 1.9e-05
0.001695 1.6e-05
0.001355 1e-05
0.001371 1.3e-05
0.001352 1.3e-05
0.001381 9e-06
0.001356 9e-06
0.001365 9e-06
0.001356 1.6e-05
0.001398 1.2e-05
0.001342 1.6e-05
0.001351 1.4e-05
0.001358 1.3e-05
0.001362 1.1e-05
0.001364 9e-06
0.001359 1.1e-05
0.001371 1e-05
0.001371 1.4e-05
0.001355 1e-05
0.001357 1.7e-05
0.001339 9e-06
0.001359 1.4e-05
0.001355 8e-06
0.001357 1.1e-05
0.001351 1.6e-05
0.001374 8e-06
0.001338 1.4e-05
0.00137 1.2e-05
0.001356 1.3e-05
0.001348 1.2e-05
0.001364 1.2e-05
0.001368 1.7e-05
0.001345 1.3e-05
0.001354 1.4e-05
0.001346 1.1e-05
0.001354 1.1e-05
0.001375 1.3e-05
0.001274 1e-05
0.001299 9e-06
0.00117 1.2e-05
0.001355 1.7e-05
0.001362 1.7e-05
0.001358 1.2e-05
0.001357 1.4e-05
0.001356 1.1e-05
0.001357 1.5e-05
0.00137 1.1e-05
0.00137 1.2e-05
0.001368 1.5e-05
0.001353 1.4e-05
0.001346 1.1e-05
0.00135 1.2e-05
0.001361 8e-06
0.001365 1.6e-05
0.001376 1.1e-05
0.001357 1.4e-05
0.001365 1.8e-05
0.001364 1.1e-05
0.001353 1e-05
0.001385 1.2e-05
0.00136 1.4e-05
0.001372 1.6e-05
0.001357 1.5e-05
0.001366 1.7e-05
0.001366 1.4e-05
0.001365 1.4e-05
0.001354 1.2e-05
0.001376 1.5e-05
0.001379 1.5e-05
0.001365 1.6e-05
0.001353 1.1e-05
0.001371 1.3e-05
0.001364 1.1e-05
0.001355 9e-06
0.001349 1.5e-05
0.001353 1.6e-05
0.001368 1.3e-05
0.001355 1.3e-05
0.001356 8e-06
0.001361 1.4e-05
0.001336 9e-06
0.001364 1.5e-05
0.001352 9e-06
0.001347 1.5e-05
0.001359 9e-06
0.001367 1.1e-05
0.001361 1.5e-05
0.001363 1.1e-05
0.001343 1.6e-05
0.001345 1.7e-05
0.001358 1.1e-05
0.001373 1.4e-05
0.001346 1e-05
0.001358 1.2e-05
0.001354 1.3e-05
0.001357 1e-05
0.001358 1.4e-05
0.001361 1.4e-05
0.001345 1.1e-05
0.001368 1e-05
0.001349 1.4e-05
0.001353 1.2e-05
0.001346 1.1e-05
0.001363 1e-05
0.001349 1.4e-05
0.001353 1.2e-05
0.001354 1e-05
0.001376 1.3e-05
0.001372 1.6e-05
0.001368 9e-06
0.001371 1.3e-05
0.001295 1e-05
0.001284 1.2e-05
0.001206 9e-06
0.001247 1.1e-05
0.001366 1.2e-05
0.00136 1.3e-05
0.001433 1.8e-05
0.00137 1.7e-05
0.001865 2.3e-05
0.001364 1.3e-05
0.001356 8e-06
0.001358 1.7e-05
0.001355 1.3e-05
0.001352 1.2e-05
0.001396 1.2e-05
0.00135 9e-06
0.001365 1.1e-05
0.001355 1.7e-05
0.001367 1.4e-05
0.001357 1.2e-05
0.00137 1.2e-05
0.001352 1.6e-05
0.001365 1.1e-05
0.001344 1.1e-05
0.00135 1.8e-05
0.001344 1.1e-05
0.001364 9e-06
0.001357 1.6e-05
0.001365 1e-05
0.001356 1.5e-05
0.001359 1e-05
0.00133 1.4e-05
0.001354 1e-05
0.001341 1.4e-05
0.00136 1.2e-05
0.001344 1e-05
0.001363 9e-06
0.001353 1.6e-05
0.001354 1.1e-05
0.001346 1e-05
0.001357 9e-06
0.001344 1.2e-05
0.001356 1e-05
0.001383 1.1e-05
0.001356 1.3e-05
0.00135 1.4e-05
0.001367 1.3e-05
0.001356 1.5e-05
0.001361 9e-06
0.00135 1.5e-05
0.001355 1.7e-05
0.001351 1.4e-05
0.00136 1e-05
0.001354 1.6e-05
0.001357 1.2e-05
0.001345 1.5e-05
0.001364 1e-05
0.001358 1.3e-05
0.001347 9e-06
0.001358 1e-05
0.001367 9e-06
0.001358 1.3e-05
0.001367 1.1e-05
0.001349 1.6e-05
0.00136 1.1e-05
0.001347 1.6e-05
0.00136 1.6e-05
0.00135 1.1e-05
0.001366 1.4e-05
0.001352 1.2e-05
0.001354 9e-06
0.001353 1e-05
0.001367 8e-06
0.001339 1.5e-05
0.001359 8e-06
0.001124 1e-05
0.001139 1.1e-05
0.001119 1e-05
0.001087 1.1e-05
0.001367 1e-05
0.001365 1.3e-05
0.001354 1.5e-05
0.001352 1.5e-05
0.001351 1.1e-05
0.00136 1e-05
0.001355 1.1e-05
0.001364 1.3e-05
0.00139 1.2e-05
0.001365 1.4e-05
0.001346 8e-06
0.001354 1e-05
0.00137 1.2e-05
0.001368 1.1e-05
0.001352 1.3e-05
0.00138 1.6e-05
0.001407 1.6e-05
0.001382 1.4e-05
0.001345 1.1e-05
0.001365 1.4e-05
0.001384 1.7e-05
0.001363 1.3e-05
0.001338 1.3e-05
0.001357 1.7e-05
0.001355 1.6e-05
0.001363 1.3e-05
0.001517 1.4e-05
0.001357 1.2e-05
0.001369 1.2e-05
0.001372 9e-06
0.001378 1.7e-05
0.001378 1.3e-05
0.001349 1.1e-05
0.00137 1.4e-05
0.001355 1e-05
0.001357 1.2e-05
0.001348 1e-05
0.001366 9e-06
0.001359 1.2e-05
0.001362 1.4e-05
0.001366 1.2e-05
0.001362 1.4e-05
0.001356 1e-05
0.001364 1e-05
0.001351 1e-05
0.001367 1.4e-05
0.00136 1.2e-05
0.001364 8e-06
0.001355 9e-06
0.001363 1.4e-05
0.001351 1.1e-05
0.001358 1e-05
0.001354 1.1e-05
0.001359 1.5e-05
0.001344 1.1e-05
0.001367 1.6e-05
0.001358 1.6e-05
0.001373 1.3e-05
0.001355 1e-05
0.001375 8e-06
0.001359 1.2e-05
0.001359 1e-05
0.001365 1.4e-05
0.001363 1.1e-05
0.001361 1.4e-05
0.001349 1.2e-05
0.00137 1.2e-05
0.001362 8e-06
0.001362 1.1e-05
0.00137 1.5e-05
0.001344 1.3e-05
0.001309 1.1e-05
0.001128 1e-05
0.00113 1.1e-05
0.001184 1.6e-05
0.001366 1.2e-05
0.001355 1.1e-05
0.001362 1.4e-05
0.00138 1.5e-05
0.001357 1.1e-05
0.00136 1.4e-05
0.001348 1e-05
0.001361 1.4e-05
0.001349 1.5e-05
0.001345 1.2e-05
0.001368 1.3e-05
0.001358 1.6e-05
0.001367 1.2e-05
0.001386 1.2e-05
0.001356 1e-05
0.001353 1.4e-05
0.00145 2.1e-05
0.001355 2e-05
0.001433 1.4e-05
0.00191 1.6e-05
0.001382 1.4e-05
0.001368 1.2e-05
0.001396 2.4e-05
0.002001 1.3e-05
0.001354 1e-05
0.001353 1.4e-05
0.001358 1.3e-05
0.001361 1.2e-05
0.00137 1e-05
0.001352 1.7e-05
0.001352 1.5e-05
0.001347 1.3e-05
0.001361 1.2e-05
0.001354 1e-05
0.001367 1.7e-05
0.001358 1.6e-05
0.001371 1.1e-05
0.00136 1.4e-05
0.001361 1.1e-05
0.001355 1.3e-05
0.001366 9e-06
0.001356 1.2e-05
0.001373 1.1e-05
0.001348 1.3e-05
0.00135 1.1e-05
0.001339 9e-06
0.001363 1.3e-05
0.001348 1.1e-05
0.001365 1e-05
0.001342 1.2e-05
0.001345 1.4e-05
0.001345 1.3e-05
0.00137 9e-06
