0.010742 9.3e-05
0.010788 6.9e-05
0.010814 5.8e-05
0.010587 8.3e-05
0.010666 8e-05
0.010851 7.6e-05
0.01062 9.4e-05
0.011742 6.3e-05
0.010038 7.8e-05
0.013749 8.7e-05
0.010763 6.2e-05
0.010635 7.9e-05
0.011104 6.1e-05
0.01072 9e-05
0.01065 8e-05
0.010647 7e-05
0.010712 7.1e-05
0.010632 8.3e-05
0.010691 7.8e-05
0.010688 6.1e-05
0.010822 8.5e-05
0.010665 9.6e-05
0.010623 7.3e-05
0.010884 9.3e-05
0.01065 8.3e-05
0.010654 0.000108
0.010704 7.9e-05
0.010654 7.9e-05
0.010582 7.8e-05
0.010938 8.2e-05
0.010739 8.8e-05
0.010715 8e-05
0.011706 6.3e-05
0.011372 7.2e-05
0.010696 5.8e-05
0.010756 7.8e-05
0.01075 7.2e-05
0.010643 6.1e-05
0.010776 0.00011
0.010706 0.0001
0.010856 7.4e-05
0.010944 7.8e-05
0.010735 7.4e-05
0.012875 0.000136
0.015915 0.000108
0.016041 0.000156
0.015089 0.0001
0.013755 8.5e-05
0.010703 0.000107
0.010683 8.4e-05
0.010698 7.3e-05
0.01069 5.1e-05
0.010534 9.5e-05
0.010523 6.2e-05
0.010665 7.9e-05
0.010595 4.3e-05
0.010645 0.000119
0.010708 9.5e-05
0.010698 8.3e-05
0.010777 7e-05
0.01065 7.2e-05
0.010957 9.9e-05
0.010611 9.4e-05
0.010708 6.9e-05
0.010576 6.8e-05
0.010695 4.9e-05
0.010687 7.8e-05
0.010631 7.2e-05
0.010632 6.4e-05
0.010599 8.1e-05
0.010619 6.8e-05
0.010615 5.9e-05
0.010568 7.7e-05
0.010655 9.4e-05
0.010645 7.7e-05
0.010636 4.2e-05
0.009883 7.7e-05
0.010656 6.5e-05
0.011016 0.000105
0.010814 6.9e-05
0.010678 8.6e-05
0.010663 8.6e-05
0.010695 5.3e-05
0.010648 9.3e-05
0.01058 7.5e-05
0.010667 5.5e-05
0.009618 6.1e-05
0.010925 6.3e-05
0.010748 8e-05
0.010745 0.0001
0.011496 0.000125
0.011309 9.3e-05
0.010791 8.9e-05
0.010539 6.5e-05
0.010602 8.2e-05
0.010777 8.7e-05
0.010649 8.3e-05
0.010563 8.4e-05
0.010739 7.1e-05
0.010778 6.4e-05
0.010708 9.9e-05
0.010676 7.6e-05
0.010721 6e-05
0.010617 8.7e-05
0.010759 8.3e-05
0.010733 6.8e-05
0.010944 6.3e-05
0.010647 8.8e-05
0.010706 0.00012
0.010901 7e-05
0.010827 5.5e-05
0.010719 8.6e-05
0.010691 6.8e-05
0.010655 5.6e-05
0.010584 8.5e-05
0.010692 6.3e-05
0.010685 7.7e-05
0.010681 8.8e-05
0.010745 6.8e-05
0.010615 9.8e-05
0.010952 9.9e-05
0.010585 7.5e-05
0.010823 7.2e-05
0.010635 6.3e-05
0.010714 7.4e-05
0.010635 5.6e-05
0.010625 7.8e-05
0.010866 6.1e-05
0.010632 8.1e-05
0.010667 6e-05
0.010659 6.9e-05
0.01063 8.4e-05
0.010607 9.1e-05
0.010641 6.5e-05
0.010536 9.2e-05
0.010531 5.5e-05
0.010509 6.4e-05
0.010572 6.9e-05
0.010753 7.1e-05
0.01061 7.1e-05
0.010624 6.2e-05
0.010698 8.2e-05
0.010618 9e-05
0.010613 7.4e-05
0.010635 7e-05
0.010646 8.6e-05
0.009997 7.5e-05
0.010615 6.6e-05
0.01061 6.6e-05
0.010707 8.1e-05
0.010721 9.9e-05
0.010706 8.6e-05
0.010577 8.1e-05
0.010662 0.000104
0.010742 5.8e-05
0.010673 6.5e-05
0.008804 6.1e-05
0.008729 5.8e-05
0.008753 9.3e-05
0.010689 8e-05
0.010589 9.7e-05
0.01059 6.9e-05
0.010546 5.7e-05
0.010613 8.5e-05
0.01059 6.9e-05
0.010026 8.8e-05
0.010677 6.9e-05
0.010937 7e-05
0.010725 8.7e-05
0.010729 5.7e-05
0.010561 6.7e-05
0.010928 9.9e-05
0.010616 6.6e-05
0.010657 7.9e-05
0.010684 9.1e-05
0.010674 8.1e-05
0.010747 8.8e-05
0.010686 7.5e-05
0.010677 0.000113
0.010563 5.9e-05
0.010579 9.6e-05
0.01057 7.7e-05
0.010547 7.2e-05
0.010919 5.6e-05
0.010619 8.1e-05
0.010107 6.4e-05
0.010676 0.0001
0.010686 8.4e-05
0.010673 7.5e-05
0.010732 7.3e-05
0.010882 8.3e-05
0.010665 7.2e-05
0.011009 0.000109
0.010672 7.3e-05
0.010575 7.7e-05
0.010417 7.1e-05
0.010597 7.2e-05
0.010571 8.8e-05
0.010659 6.6e-05
0.010652 6e-05
0.010579 6e-05
0.010554 6.2e-05
0.010588 7.6e-05
0.010604 9.4e-05
0.010847 5.4e-05
0.010752 9.8e-05
0.010621 6.4e-05
0.010623 8.9e-05
0.011006 8.2e-05
0.011743 4.8e-05
0.010639 8.6e-05
0.010648 5.5e-05
0.010557 5.7e-05
0.010665 8.2e-05
0.010562 7.4e-05
0.010574 7.3e-05
0.010614 8.1e-05
0.010613 8.7e-05
0.010592 9.1e-05
0.010629 0.000101
0.01063 7.2e-05
0.0106 9.7e-05
0.010561 8.1e-05
0.010815 7.6e-05
0.010893 5.9e-05
0.010588 9e-05
0.010952 0.000109
0.010631 6.1e-05
0.012349 9.9e-05
0.012162 9e-05
0.010643 8.4e-05
0.010842 7.6e-05
0.010566 7.9e-05
0.010547 5.1e-05
0.010841 6.6e-05
0.010376 6.2e-05
0.010674 6.6e-05
0.010665 7e-05
0.011002 5e-05
0.010626 7.8e-05
0.010608 8e-05
0.010785 6e-05
0.010572 0.000135
0.010674 8.3e-05
0.010554 7.2e-05
0.010071 7.8e-05
0.010647 6.9e-05
0.011239 9.5e-05
0.010588 6.8e-05
0.010652 8.1e-05
0.01057 5.9e-05
0.010621 7.8e-05
0.010627 6.8e-05
0.010629 7.6e-05
0.010572 6.6e-05
0.010107 8.3e-05
0.010688 6.9e-05
0.010648 6e-05
0.010963 8.9e-05
0.010632 8.3e-05
0.01089 6.5e-05
0.010523 7e-05
0.010595 8.4e-05
0.010642 0.000101
0.010766 6.9e-05
0.010275 6.7e-05
0.010696 6.2e-05
0.010513 5.9e-05
0.011091 6.2e-05
0.010942 6.6e-05
0.011831 4.9e-05
0.012424 9.4e-05
0.01269 8.2e-05
0.012644 0.0001
0.012774 5.9e-05
0.010093 0.000106
0.010968 7.4e-05
0.010631 0.000101
0.0106 8.6e-05
0.010729 7.5e-05
0.010639 8.1e-05
0.010639 6e-05
0.010615 6.4e-05
0.010548 9e-05
0.01219 4.7e-05
0.012414 8.1e-05
0.012537 6e-05
0.01258 8.5e-05
0.012766 0.000113
0.011667 8.3e-05
0.010666 7.5e-05
0.010615 6e-05
0.010607 6.9e-05
0.010714 6.1e-05
0.009809 9.4e-05
0.010759 5.5e-05
0.010927 0.000128
0.010661 7.4e-05
0.010655 6.1e-05
0.010618 4.8e-05
0.010648 7.1e-05
0.010722 8.7e-05
0.010785 7.4e-05
0.010741 9.5e-05
0.010051 9e-05
0.010674 0.0001
0.010954 0.00012
0.01072 0.000108
0.01068 5.7e-05
0.01056 7e-05
0.010864 7.4e-05
0.01067 0.000113
0.010577 7.5e-05
0.010603 8.7e-05
0.009522 9.1e-05
0.010582 7.4e-05
0.010618 7e-05
0.010658 8.2e-05
0.010692 5.4e-05
0.010628 7.3e-05
0.010577 9.3e-05
0.010579 0.000109
0.010671 6.4e-05
0.010583 5.5e-05
0.010269 8.4e-05
0.010691 9.4e-05
0.010621 8.5e-05
0.010605 7.6e-05
0.010756 7.8e-05
0.010543 6.5e-05
0.010649 8.3e-05
0.010589 6e-05
0.010765 5.7e-05
0.010604 9.7e-05
0.010606 8.5e-05
0.010629 0.000102
0.01065 0.000108
0.01073 4.8e-05
0.010704 7.9e-05
0.010647 6.8e-05
0.010592 8e-05
0.010629 6.2e-05
0.010631 7.8e-05
0.010918 0.000103
0.010528 0.00011
0.010621 8.5e-05
0.010598 9.1e-05
0.010665 7.8e-05
0.010654 5.6e-05
0.010637 5e-05
0.010574 5.8e-05
0.010638 8.1e-05
0.010563 7.7e-05
0.010666 6.7e-05
0.010634 6.8e-05
0.010626 6e-05
0.010645 7.9e-05
0.01084 0.000103
0.010752 7.9e-05
0.010687 9.4e-05
0.010628 7e-05
0.010761 0.0001
0.010589 6.8e-05
0.010546 7.6e-05
0.01061 6.4e-05
0.010686 9.5e-05
0.010706 6.9e-05
0.010727 6.7e-05
0.010588 5.9e-05
0.010647 7.8e-05
0.010589 8.1e-05
0.01057 5.5e-05
0.010519 7.4e-05
0.010574 8.1e-05
0.01064 6.6e-05
0.010617 0.000103
0.010554 0.00011
0.010713 7.3e-05
0.010733 8.4e-05
0.010654 6.7e-05
0.010674 6.3e-05
0.010609 7.8e-05
0.010741 8.2e-05
0.010618 7e-05
0.01064 5.6e-05
0.010867 9.5e-05
0.010674 7.8e-05
0.010697 6.5e-05
0.010703 6.5e-05
0.01061 8e-05
0.010715 7.9e-05
0.010753 7.4e-05
0.010643 7.4e-05
0.010758 5.6e-05
0.010729 7.3e-05
0.010624 8.2e-05
0.010934 7.2e-05
0.010732 7.5e-05
0.010703 9e-05
0.010907 8.2e-05
0.010641 8e-05
0.010662 7.6e-05
0.010728 7.3e-05
0.010831 5.9e-05
0.010571 5.8e-05
0.010607 6.4e-05
0.01061 6.5e-05
0.010783 0.00011
0.010962 9.4e-05
0.010655 6.9e-05
0.010641 8.6e-05
0.010765 8e-05
0.010578 7.1e-05
0.010592 7.7e-05
0.010738 4.3e-05
0.010725 8.6e-05
0.010763 0.000109
0.010613 5.8e-05
0.010668 9.5e-05
0.010607 8.9e-05
0.010554 5.4e-05
0.010602 6e-05
0.010705 8.9e-05
0.010558 0.000107
0.010614 9.5e-05
0.010403 0.0001
0.010602 7e-05
0.01072 0.000105
0.010788 7.5e-05
0.012551 0.00011
0.011508 9.2e-05
0.010715 0.00012
0.010632 0.000105
0.010917 6.4e-05
0.010408 0.000107
0.010648 5.6e-05
0.014705 9.4e-05
0.010572 9.1e-05
0.010715 7.8e-05
0.010793 7.7e-05
0.010692 8.4e-05
0.010633 5.9e-05
0.010694 7.1e-05
0.010608 8.8e-05
0.009512 9e-05
0.010638 0.000111
0.012727 6.2e-05
0.010958 9.7e-05
0.01061 8.5e-05
0.010599 6.9e-05
0.010637 0.000102
0.010728 7.9e-05
0.010532 7.4e-05
0.010606 0.000111
0.009948 6.5e-05
0.010648 5.8e-05
0.01066 7.2e-05
0.010693 8.5e-05
0.011147 7.5e-05
0.010635 6.9e-05
0.010628 5.5e-05
0.010559 9.8e-05
0.010713 7.6e-05
0.010583 8.5e-05
0.00963 6.1e-05
0.010789 6.3e-05
0.010606 8.6e-05
0.01067 7.1e-05
0.010676 5.4e-05
0.010569 7.8e-05
0.010592 5.3e-05
0.010622 6.7e-05
0.010626 9.3e-05
0.010682 6.7e-05
0.009516 7.3e-05
0.010827 7.2e-05
0.010694 9.7e-05
0.010849 9.7e-05
0.010878 5.9e-05
0.010791 0.000115
0.010706 7.8e-05
0.010586 6.5e-05
0.010694 8.5e-05
0.010729 0.0001
0.009867 5.5e-05
0.01085 7.9e-05
0.010671 5.8e-05
0.010781 7.4e-05
0.010694 5.4e-05
0.010595 7.1e-05
0.010829 9.7e-05
0.010704 6.4e-05
0.010652 7.2e-05
0.010849 5.6e-05
0.009466 6.6e-05
0.010651 8.9e-05
0.010838 7e-05
0.010671 6.2e-05
0.010611 7.7e-05
0.010581 8.1e-05
0.010827 5.8e-05
0.010704 7.5e-05
0.010582 5.6e-05
0.010656 6.6e-05
0.009485 0.00011
0.010632 6.7e-05
0.010664 7.2e-05
0.010915 0.000106
0.011024 8.7e-05
0.010603 9e-05
0.010629 8.9e-05
0.010867 9.7e-05
0.010727 8.2e-05
0.010709 8.9e-05
0.009538 9.2e-05
0.010663 6.9e-05
0.010665 8.4e-05
0.010724 0.000105
0.010588 7.1e-05
0.010559 6.3e-05
0.010517 8.1e-05
0.010989 6.1e-05
0.010621 7e-05
0.010597 7.5e-05
0.009701 8.2e-05
0.010653 8.2e-05
0.010639 9.7e-05
0.010609 5.5e-05
0.010621 7.9e-05
0.010645 5.5e-05
0.010943 8.2e-05
0.010582 0.0001
0.010635 9.9e-05
0.010692 6.6e-05
0.008957 5.9e-05
0.010796 0.000106
0.010589 8.7e-05
0.010756 6e-05
0.010595 0.000111
0.010645 5.6e-05
0.010572 7.8e-05
0.010708 8.2e-05
0.010985 8.4e-05
0.010913 6.7e-05
0.009566 0.000105
0.010747 0.000111
0.01077 0.000104
0.010734 8.3e-05
0.01065 8.8e-05
0.010548 5.4e-05
0.010514 7.2e-05
0.010755 5.4e-05
0.010668 7.7e-05
0.010544 7.4e-05
0.009537 5.7e-05
0.010626 9.4e-05
0.010735 7.9e-05
0.010707 6e-05
0.010619 5.7e-05
0.010674 5.5e-05
0.010585 6.2e-05
0.010627 9.1e-05
0.010672 7.9e-05
0.010622 6.8e-05
0.010603 7.9e-05
0.010695 7.9e-05
0.010678 6.6e-05
0.01094 8.2e-05
0.010728 7.1e-05
0.015088 0.000132
0.015144 8.6e-05
0.012208 6.7e-05
0.011669 5.7e-05
0.009493 7e-05
0.010623 6.9e-05
0.010774 8.3e-05
0.010754 6.6e-05
0.010775 7.9e-05
0.010607 5.7e-05
0.011082 7.1e-05
0.010664 8e-05
0.010636 7.6e-05
0.010711 7.3e-05
0.012293 7.4e-05
0.010677 9.7e-05
0.010752 9.7e-05
0.011009 7.3e-05
0.010708 6.5e-05
0.010659 0.000117
0.010653 5.9e-05
0.011931 9.4e-05
0.011948 7.2e-05
0.010427 9.9e-05
0.010644 7.7e-05
0.010632 9.3e-05
0.010871 7.1e-05
0.01067 9.9e-05
0.010582 6.4e-05
0.010526 6.1e-05
0.010602 5.9e-05
0.010621 5.3e-05
0.010545 8e-05
0.010655 5.6e-05
0.010734 9e-05
0.010741 8.9e-05
0.010976 6.7e-05
0.010678 6.4e-05
0.01064 7.3e-05
0.010608 5.7e-05
0.010682 9.4e-05
0.010798 9.8e-05
0.010606 6.1e-05
0.010548 8.4e-05
0.010623 6.8e-05
0.010712 9.1e-05
0.010833 9.6e-05
0.010716 9.3e-05
0.010677 7.1e-05
0.01066 0.000108
0.010647 6.6e-05
0.010533 7.1e-05
0.01064 9.2e-05
0.010747 5.8e-05
0.010736 9.1e-05
0.010665 5e-05
0.011035 6.2e-05
0.010764 7.5e-05
0.010702 7.1e-05
0.010685 7.6e-05
0.010912 0.000108
0.010663 0.0001
0.010586 7.8e-05
0.010723 7.8e-05
0.010768 6.3e-05
0.010626 7.2e-05
0.010722 9.2e-05
0.010703 9.8e-05
0.010738 7.2e-05
0.010675 6.4e-05
0.010641 8e-05
0.010609 6.3e-05
0.010705 8.5e-05
0.010919 9.4e-05
0.010729 7.7e-05
0.01075 9.4e-05
0.010736 7.3e-05
0.010721 6.3e-05
0.010829 5.8e-05
0.010766 7.1e-05
0.010647 7.1e-05
0.010698 7.8e-05
0.010862 6.8e-05
0.010579 0.00012
0.010658 6.1e-05
0.010688 8.9e-05
0.010995 9.8e-05
0.010691 0.000117
0.010856 8.5e-05
0.010613 5.5e-05
0.010534 5.2e-05
0.010481 7.2e-05
0.010585 5.5e-05
0.010557 7.5e-05
0.01066 7e-05
0.010651 0.000135
0.010744 9.7e-05
0.010778 7.5e-05
0.010639 7.9e-05
0.010634 8.6e-05
0.010623 6.7e-05
0.010699 6.2e-05
0.010521 8.1e-05
0.010658 7.5e-05
0.01058 0.000103
0.010738 9.9e-05
0.010792 8.3e-05
0.010561 6.8e-05
0.010608 6.6e-05
0.010659 8.1e-05
0.010639 5.2e-05
0.010637 7.1e-05
0.010848 5.6e-05
0.010611 5.4e-05
0.010536 0.000118
0.010727 5e-05
0.010643 8.5e-05
0.010693 7.5e-05
0.010542 7.1e-05
0.010538 6.4e-05
0.010595 6.5e-05
0.010568 8.6e-05
0.010922 8.8e-05
0.010662 6.8e-05
0.009893 5.1e-05
0.010614 8.4e-05
0.010627 8.7e-05
0.010745 9.3e-05
0.010851 4.8e-05
0.010648 9.5e-05
0.010638 8.3e-05
0.010559 7.8e-05
0.010603 9.3e-05
0.010613 5.4e-05
0.009536 6.8e-05
0.010606 9.2e-05
0.010921 6.7e-05
0.010575 8.7e-05
0.010628 8.3e-05
0.010914 8.5e-05
0.010667 6e-05
0.010635 9.9e-05
0.01078 5.3e-05
0.010616 7.2e-05
0.009465 7.8e-05
0.010681 7.7e-05
0.010635 6.8e-05
0.01061 7.7e-05
0.010628 7.9e-05
0.010679 7.8e-05
0.010703 8.4e-05
0.01068 5.6e-05
0.010667 8.2e-05
0.010665 9.5e-05
0.00922 9.1e-05
0.010778 6.9e-05
0.010876 7e-05
0.010725 7.2e-05
0.010555 7.5e-05
0.010632 5.8e-05
0.010605 9.4e-05
0.010933 9.7e-05
0.0106 8.3e-05
0.010689 6e-05
0.011406 7.6e-05
0.010645 7.7e-05
0.010631 6.6e-05
0.010653 9e-05
0.010617 7.1e-05
0.010578 9.7e-05
0.010616 8.2e-05
0.010733 7.6e-05
0.0107 8.9e-05
0.010546 9.9e-05
0.009977 7.2e-05
0.010781 8.4e-05
0.010676 7.6e-05
0.010762 8.3e-05
0.010587 7.1e-05
0.010582 5.7e-05
0.01061 8.6e-05
0.010564 6.1e-05
0.010626 6.6e-05
0.01066 5.4e-05
0.010199 8.8e-05
0.010845 7.7e-05
0.010598 8.4e-05
0.010776 9.4e-05
0.010675 5.1e-05
0.010821 5.9e-05
0.010795 8.8e-05
0.010628 6.4e-05
0.010744 8.5e-05
0.010678 8.8e-05
0.01061 6.3e-05
0.010745 8.4e-05
0.010698 8.7e-05
0.011036 8.8e-05
0.012957 0.000104
0.010941 6.3e-05
0.01076 8.9e-05
0.010683 7.1e-05
0.01065 0.000111
0.010678 6.1e-05
0.010635 8.5e-05
0.0108 9.9e-05
0.010675 0.000103
0.010731 0.000117
0.010628 7.4e-05
0.010634 8.6e-05
0.010597 0.000107
0.010571 6.8e-05
0.010656 8.4e-05
0.010592 8.7e-05
0.010817 7.6e-05
0.010757 0.000109
0.010742 9.1e-05
0.010789 8.4e-05
0.010595 7e-05
0.010703 8.6e-05
0.010684 8.2e-05
0.010673 6.9e-05
0.010704 9.6e-05
0.010692 5.6e-05
0.010389 7.1e-05
0.010678 6.2e-05
0.01073 9.1e-05
0.010579 5.5e-05
0.01062 9.4e-05
0.010628 5e-05
0.010703 6.3e-05
0.010603 7.2e-05
0.010636 7.3e-05
0.0105 6.8e-05
0.010701 8.6e-05
0.01075 7.9e-05
0.010577 9.6e-05
0.010844 9.9e-05
0.010606 7.1e-05
0.010975 8.4e-05
0.010644 5.6e-05
0.01065 5.6e-05
0.010609 7.5e-05
0.010635 9.3e-05
0.010815 6.5e-05
0.010737 8e-05
0.010713 7.3e-05
0.010892 0.00011
0.010716 8.7e-05
0.010641 9.4e-05
0.010621 9.3e-05
0.010717 7e-05
0.010654 8.1e-05
0.010636 8.7e-05
0.010736 0.000103
0.010676 0.000111
0.010945 9.9e-05
0.010734 7e-05
0.010796 8.9e-05
0.010665 0.000107
0.010548 7.7e-05
0.01064 0.000106
0.010576 6.3e-05
0.010603 7.9e-05
0.010539 8.3e-05
0.010579 7.5e-05
0.010681 5.6e-05
0.01068 7.9e-05
0.010796 7.7e-05
0.010658 6.8e-05
0.010651 8e-05
0.010701 9.1e-05
0.010648 7.3e-05
0.010882 0.000115
0.010686 6.1e-05
0.01071 7.2e-05
0.010645 6.6e-05
0.011058 8.3e-05
0.010862 9.6e-05
0.010958 5.2e-05
0.010667 7.5e-05
0.010903 8.8e-05
0.010647 6.8e-05
0.010747 7.4e-05
0.010762 7.6e-05
0.010745 7.6e-05
0.010676 5.6e-05
0.010815 6.5e-05
0.010723 5.1e-05
0.010727 6.1e-05
0.010664 0.000121
0.010666 9.4e-05
0.010638 0.000104
0.010642 9.3e-05
0.011366 9.4e-05
0.010766 8.7e-05
0.011735 8.4e-05
0.011266 7e-05
0.010587 6.4e-05
0.010603 7.2e-05
0.010619 6.4e-05
0.010646 7.3e-05
0.010691 0.000103
0.010589 9.7e-05
0.011736 0.000122
0.015967 6.7e-05
0.011403 8.2e-05
0.013879 0.00015
0.011226 0.000112
0.011948 6e-05
0.012976 9.5e-05
0.010702 8.8e-05
0.01073 7.8e-05
0.010173 8.9e-05
0.010629 8e-05
0.010654 7.7e-05
0.010701 6.3e-05
0.010815 6.8e-05
0.01072 9.1e-05
0.010635 9.3e-05
0.010814 0.000101
0.014226 0.000111
0.01094 0.0001
0.011042 0.000164
0.014758 8.3e-05
0.011794 0.0001
0.010616 6.7e-05
0.010654 5.2e-05
0.010657 9.8e-05
0.010585 0.000101
0.010832 0.000107
0.01062 5.9e-05
0.0099 6e-05
0.01066 6e-05
0.010861 0.000134
0.010602 7.7e-05
0.010672 6.7e-05
0.010754 8.7e-05
0.010723 8.6e-05
0.010716 6.4e-05
0.010683 7.1e-05
0.01058 6.1e-05
0.009529 8.2e-05
0.010774 5.1e-05
0.01065 7.9e-05
0.010756 8e-05
0.010722 7e-05
0.010628 5.9e-05
0.010658 7.4e-05
0.010663 8.7e-05
0.010678 4.9e-05
0.010995 6.7e-05
0.009179 6.5e-05
0.010689 7.6e-05
0.010637 9.6e-05
0.010629 6.2e-05
0.011517 6.9e-05
0.01126 7.2e-05
0.011262 6.2e-05
0.01167 6.5e-05
0.010713 8.8e-05
0.010631 6.8e-05
0.010839 7.1e-05
0.011608 6.4e-05
0.011431 0.000113
0.010643 8.2e-05
0.010565 8.3e-05
0.010702 6.6e-05
0.010617 8.3e-05
0.010632 6.8e-05
0.010645 9.9e-05
0.010617 8.7e-05
0.010543 9.5e-05
0.010634 8.7e-05
0.010707 7.2e-05
0.010612 7.9e-05
0.010661 6.8e-05
0.010701 9e-05
0.010689 6.6e-05
0.01082 6.7e-05
0.010885 7.5e-05
0.010702 7.6e-05
0.010794 6.5e-05
0.010876 7.7e-05
0.010724 6.6e-05
0.010527 7e-05
0.01063 9.8e-05
0.010875 6.6e-05
0.010654 7.4e-05
0.010697 7e-05
0.010621 7e-05
0.010707 5.8e-05
0.010608 9.4e-05
0.010723 0.000101
0.010714 6.5e-05
0.010917 8.5e-05
0.010701 0.000103
0.010712 5.9e-05
0.010672 5.9e-05
0.010661 8.3e-05
0.010672 0.000123
0.010625 4.9e-05
0.010614 6.9e-05
0.010684 7e-05
0.011132 0.000103
0.010605 5.6e-05
0.010647 7.1e-05
0.010599 9e-05
0.010597 6.8e-05
0.01079 5.8e-05
0.010688 7e-05
0.010877 6.6e-05
0.010704 6e-05
0.010768 7.3e-05
0.011305 7e-05
0.01086 7.7e-05
0.010849 0.000102
0.010654 8.3e-05
0.010729 0.000103
0.010664 8.7e-05
0.010639 8.2e-05
0.012812 7.4e-05
0.010756 9.1e-05
0.010738 9.8e-05
0.01074 6.7e-05
0.010724 0.000104
0.010688 7.1e-05
0.010706 9.5e-05
0.011109 6.2e-05
0.010734 7e-05
0.010772 0.000106
