0.001356 5e-06
0.001359 5e-06
0.001358 5e-06
0.001365 4e-06
0.001354 4e-06
0.001351 4e-06
0.001351 5e-06
0.001395 4e-06
0.001339 4e-06
0.00136 4e-06
0.00135 4e-06
0.001364 4e-06
0.00135 4e-06
0.001357 5e-06
0.001341 4e-06
0.001359 4e-06
0.001347 4e-06
0.001348 4e-06
0.001364 3e-06
0.001375 4e-06
0.001364 4e-06
0.00135 5e-06
0.001359 5e-06
0.001348 4e-06
0.001353 4e-06
0.001415 4e-06
0.00135 4e-06
0.001354 5e-06
0.001374 5e-06
0.001358 5e-06
0.00136 5e-06
0.00159 4e-06
0.001352 5e-06
0.001352 6e-06
0.001366 8e-06
0.001642 6e-06
0.0013 5e-06
0.001136 4e-06
0.001132 5e-06
0.001134 5e-06
0.001345 4e-06
0.001354 4e-06
0.001352 4e-06
0.00138 5e-06
0.001346 4e-06
0.001357 4e-06
0.001351 3e-06
0.001362 5e-06
0.001469 6e-06
0.001359 4e-06
0.001352 3e-06
0.001354 3e-06
0.001347 4e-06
0.00139 4e-06
0.00135 4e-06
0.00139 4e-06
0.001353 4e-06
0.001393 4e-06
0.001348 6e-06
0.001367 5e-06
0.00134 4e-06
0.001362 5e-06
0.001358 3e-06
0.001361 5e-06
0.00135 5e-06
0.001356 5e-06
0.001341 4e-06
0.001379 4e-06
0.001353 4e-06
0.001361 4e-06
0.001346 5e-06
0.001346 5e-06
0.001355 4e-06
0.001356 3e-06
0.001372 5e-06
0.001345 3e-06
0.00137 4e-06
0.001357 4e-06
0.001369 4e-06
0.001378 3e-06
0.001373 3e-06
0.001368 4e-06
0.001386 4e-06
0.001427 4e-06
0.001367 5e-06
0.001365 4e-06
0.001347 4e-06
0.001348 3e-06
0.001288 4e-06
0.001326 4e-06
0.001569 4e-06
0.001399 5e-06
0.001354 4e-06
0.001357 3e-06
0.001328 6e-06
0.00142 4e-06
0.001416 4e-06
0.001369 4e-06
0.00136 3e-06
0.001513 5e-06
0.001356 5e-06
0.001362 4e-06
0.001354 5e-06
0.00138 5e-06
0.001355 4e-06
0.001361 4e-06
0.001357 5e-06
0.001523 5e-06
0.001344 4e-06
0.00136 4e-06
0.001338 4e-06
0.00151 4e-06
0.001346 4e-06
0.001371 4e-06
0.001361 4e-06
0.001439 6e-06
0.001353 4e-06
0.001367 4e-06
0.001358 4e-06
0.001368 4e-06
0.001359 4e-06
0.001361 4e-06
0.001356 4e-06
0.001435 4e-06
0.001356 4e-06
0.001357 5e-06
0.001357 5e-06
0.001362 4e-06
0.00135 4e-06
0.001359 4e-06
0.001344 4e-06
0.001362 3e-06
0.001349 4e-06
0.001364 4e-06
0.001361 3e-06
0.001349 3e-06
0.001337 4e-06
0.001363 4e-06
0.001351 3e-06
0.001389 4e-06
0.001354 5e-06
0.001369 3e-06
0.001347 3e-06
0.001468 5e-06
0.001344 3e-06
0.001361 4e-06
0.001355 5e-06
0.001362 4e-06
0.001372 4e-06
0.001187 3e-06
0.001169 3e-06
0.001173 5e-06
0.001357 4e-06
0.001366 4e-06
0.001363 5e-06
0.001378 4e-06
0.001341 4e-06
0.001355 4e-06
0.001358 4e-06
0.001365 4e-06
0.001354 4e-06
0.001358 4e-06
0.001353 4e-06
0.001361 5e-06
0.00135 3e-06
0.001361 5e-06
0.00135 5e-06
0.001355 4e-06
0.001373 1.2e-05
0.001386 6e-06
0.001356 4e-06
0.001374 5e-06
0.001345 4e-06
0.001366 7e-06
0.001345 3e-06
0.001369 7e-06
0.001352 4e-06
0.001353 4e-06
0.001352 4e-06
0.001365 4e-06
0.00136 4e-06
0.001359 3e-06
0.001345 3e-06
0.001348 6e-06
0.001356 4e-06
0.001356 4e-06
0.001346 5e-06
0.001355 4e-06
0.001391 4e-06
0.001358 4e-06
0.001345 3e-06
0.001354 4e-06
0.001333 4e-06
0.001361 5e-06
0.001385 5e-06
0.001373 4e-06
0.001356 4e-06
0.001379 4e-06
0.00135 5e-06
0.00146 5e-06
0.001363 4e-06
0.00136 4e-06
0.00134 4e-06
0.001426 6e-06
0.001504 4e-06
0.00136 5e-06
0.001353 4e-06
0.001515 5e-06
0.001347 4e-06
0.001364 5e-06
0.001348 5e-06
0.001371 5e-06
0.001407 5e-06
0.001355 4e-06
0.001346 4e-06
0.001368 5e-06
0.001356 4e-06
0.001379 5e-06
0.001354 4e-06
0.001425 5e-06
0.001367 4e-06
0.001363 3e-06
0.001377 4e-06
0.001659 4e-06
0.001435 3e-06
0.001134 5e-06
0.001349 5e-06
0.001401 6e-06
0.00135 4e-06
0.001358 4e-06
0.001353 5e-06
0.001505 5e-06
0.001359 4e-06
0.001377 5e-06
0.001351 3e-06
0.001513 5e-06
0.00136 4e-06
0.001367 3e-06
0.001362 4e-06
0.001375 5e-06
0.00134 5e-06
0.001362 3e-06
0.00134 9e-06
0.001369 5e-06
0.001344 3e-06
0.001359 4e-06
0.00136 4e-06
0.001362 3e-06
0.001345 3e-06
0.001362 4e-06
0.001354 4e-06
0.001355 4e-06
0.001348 4e-06
0.001361 3e-06
0.001353 3e-06
0.001375 3e-06
0.00135 4e-06
0.001422 5e-06
0.001354 4e-06
0.001516 4e-06
0.001341 3e-06
0.001374 4e-06
0.001364 4e-06
0.001361 3e-06
0.001351 3e-06
0.001356 5e-06
0.001341 6e-06
0.00136 5e-06
0.001397 5e-06
0.001913 5e-06
0.001603 5e-06
0.001468 4e-06
0.001354 6e-06
0.001581 5e-06
0.001995 6e-06
0.001496 5e-06
0.001449 6e-06
0.001359 7e-06
0.001693 5e-06
0.001846 5e-06
0.001395 5e-06
0.001377 6e-06
0.001346 7e-06
0.001887 5e-06
0.001618 6e-06
0.001455 5e-06
0.001361 1e-05
0.001604 5e-06
0.0019 4e-06
0.001662 5e-06
0.001454 5e-06
0.00136 5e-06
0.001349 5e-06
0.001369 4e-06
0.001281 4e-06
0.001244 4e-06
0.001208 4e-06
0.001373 4e-06
0.001347 5e-06
0.001353 4e-06
0.001343 6e-06
0.001366 6e-06
0.001369 4e-06
0.001357 4e-06
0.001381 5e-06
0.001363 4e-06
0.001351 4e-06
0.00137 4e-06
0.00135 4e-06
0.001408 5e-06
0.001355 4e-06
0.001404 5e-06
0.001369 5e-06
0.001395 1.7e-05
0.001369 4e-06
0.001399 4e-06
0.001391 5e-06
0.001356 4e-06
0.001378 4e-06
0.001386 4e-06
0.001356 4e-06
0.001385 5e-06
0.001365 4e-06
0.001355 5e-06
0.001343 4e-06
0.001371 3e-06
0.001367 4e-06
0.001355 5e-06
0.001379 4e-06
0.001348 4e-06
0.001348 4e-06
0.00139 4e-06
0.001364 4e-06
0.001374 3e-06
0.00135 4e-06
0.00137 4e-06
0.001357 4e-06
0.001357 4e-06
0.001359 5e-06
0.001411 5e-06
0.001353 3e-06
0.001369 3e-06
0.001341 5e-06
0.001356 4e-06
0.001345 3e-06
0.001367 4e-06
0.001349 4e-06
0.001355 6e-06
0.001359 4e-06
0.001357 4e-06
0.00135 5e-06
0.001354 5e-06
0.001356 4e-06
0.001354 4e-06
0.001357 4e-06
0.001356 4e-06
0.001343 4e-06
0.001384 4e-06
0.001355 4e-06
0.001393 4e-06
0.001349 4e-06
0.001382 4e-06
0.001359 4e-06
0.001363 8e-06
0.001344 3e-06
0.001369 4e-06
0.001332 3e-06
0.001365 3e-06
0.001342 4e-06
0.001237 4e-06
0.001145 3e-06
0.001136 4e-06
0.00135 4e-06
0.001372 4e-06
0.001363 4e-06
0.001363 4e-06
0.001414 4e-06
0.001358 4e-06
0.00135 4e-06
0.001347 4e-06
0.001345 3e-06
0.001362 3e-06
0.001351 4e-06
0.001362 4e-06
0.00135 4e-06
0.001354 4e-06
0.001356 4e-06
0.001358 4e-06
0.001383 5e-06
0.001472 4e-06
0.001355 4e-06
0.001364 4e-06
0.001348 4e-06
0.001359 4e-06
0.001386 3e-06
0.001361 4e-06
0.001345 5e-06
0.001362 4e-06
0.001373 5e-06
0.001365 3e-06
0.00139 6e-06
0.001368 4e-06
0.001346 3e-06
0.001379 5e-06
0.00135 4e-06
0.001346 4e-06
0.001356 4e-06
0.001348 4e-06
0.001346 4e-06
0.001357 5e-06
0.001337 4e-06
0.001367 3e-06
0.001375 4e-06
0.001339 4e-06
0.001338 3e-06
0.001351 4e-06
0.001351 4e-06
0.001352 3e-06
0.001352 5e-06
0.001355 5e-06
0.001364 3e-06
0.001382 5e-06
0.001348 5e-06
0.001365 4e-06
0.001387 4e-06
0.001355 3e-06
0.001355 3e-06
0.001354 3e-06
0.001356 3e-06
0.001355 4e-06
0.001355 4e-06
0.001363 4e-06
0.001342 4e-06
0.001368 5e-06
0.001393 5e-06
0.001356 4e-06
0.00139 4e-06
0.001355 5e-06
0.001343 5e-06
0.001349 5e-06
0.001362 4e-06
0.001364 4e-06
0.001345 4e-06
0.001359 5e-06
0.001291 3e-06
0.001366 3e-06
0.001263 4e-06
0.001288 4e-06
0.001351 4e-06
0.001356 5e-06
0.001361 3e-06
0.001368 4e-06
0.001357 3e-06
0.001365 4e-06
0.001379 5e-06
0.001366 4e-06
0.001356 4e-06
0.001353 4e-06
0.00136 4e-06
0.001364 4e-06
0.001342 4e-06
0.001359 4e-06
0.001346 5e-06
0.001367 4e-06
0.001361 5e-06
0.001363 5e-06
0.001348 4e-06
0.001361 3e-06
0.001357 4e-06
0.001357 4e-06
0.001369 5e-06
0.001354 6e-06
0.001349 4e-06
0.001356 4e-06
0.001356 4e-06
0.001369 4e-06
0.00135 4e-06
0.001366 4e-06
0.001354 4e-06
0.00136 3e-06
0.001349 4e-06
0.001378 4e-06
0.001354 4e-06
0.001362 4e-06
0.001353 3e-06
0.001356 4e-06
0.001358 5e-06
0.00137 3e-06
0.001341 4e-06
0.001355 4e-06
0.001344 4e-06
0.001348 4e-06
0.001354 3e-06
0.001352 4e-06
0.001351 5e-06
0.001367 3e-06
0.001338 4e-06
0.001369 3e-06
0.001346 5e-06
0.00136 4e-06
0.001353 5e-06
0.001361 4e-06
0.001349 4e-06
0.001359 5e-06
0.00136 5e-06
0.001355 4e-06
0.001336 3e-06
0.001371 5e-06
0.001354 4e-06
0.001353 4e-06
0.001369 4e-06
0.00135 5e-06
0.00136 4e-06
0.00137 4e-06
0.001349 4e-06
0.00136 4e-06
0.001347 4e-06
0.00135 4e-06
0.001363 4e-06
0.001359 4e-06
0.001211 4e-06
0.001199 4e-06
0.001122 4e-06
0.001353 4e-06
0.001347 4e-06
0.001365 4e-06
0.00136 4e-06
0.00137 4e-06
0.001346 4e-06
0.001364 4e-06
0.001346 4e-06
0.001357 2e-06
0.001347 3e-06
0.001362 3e-06
0.001344 3e-06
0.001358 4e-06
0.001349 3e-06
0.001358 4e-06
0.001342 5e-06
0.001351 4e-06
0.001381 4e-06
0.001378 4e-06
0.001348 5e-06
0.001366 5e-06
0.001354 4e-06
0.001368 4e-06
0.001357 3e-06
0.001375 4e-06
0.001343 5e-06
0.001362 3e-06
0.00135 3e-06
0.001357 4e-06
0.00134 4e-06
0.001366 3e-06
0.001337 4e-06
0.001359 4e-06
0.001355 4e-06
0.001364 4e-06
0.001361 5e-06
0.001348 4e-06
0.001398 4e-06
0.001357 3e-06
0.001348 3e-06
0.001362 3e-06
0.001348 3e-06
0.001355 4e-06
0.001354 5e-06
0.001353 6e-06
0.001357 5e-06
0.001365 4e-06
0.001354 5e-06
0.001382 4e-06
0.001352 3e-06
0.001365 4e-06
0.001354 4e-06
0.001358 4e-06
0.00135 4e-06
0.00136 4e-06
0.001345 4e-06
0.001355 4e-06
0.001349 4e-06
0.001346 3e-06
0.001341 3e-06
0.001368 4e-06
0.001347 4e-06
0.001358 5e-06
0.001356 4e-06
0.001365 4e-06
0.00134 4e-06
0.001356 4e-06
0.001349 4e-06
0.001363 5e-06
0.001357 4e-06
0.001365 3e-06
0.001342 1.7e-05
0.001234 3e-06
0.001235 4e-06
0.00113 3e-06
0.0012 4e-06
0.00135 3e-06
0.001343 4e-06
0.001362 3e-06
0.00135 4e-06
0.001367 4e-06
0.001343 4e-06
0.00135 4e-06
0.001357 4e-06
0.001368 4e-06
0.001364 4e-06
0.001361 4e-06
0.001354 3e-06
0.001364 4e-06
0.001358 4e-06
0.00135 4e-06
0.00136 5e-06
0.001378 3e-06
0.001354 4e-06
0.001366 4e-06
0.001357 5e-06
0.001363 3e-06
0.001362 3e-06
0.001363 4e-06
0.001354 3e-06
0.001358 4e-06
0.001357 5e-06
0.001355 4e-06
0.00135 5e-06
0.001351 3e-06
0.001342 4e-06
0.001348 4e-06
0.001346 4e-06
0.001356 4e-06
0.00135 5e-06
0.001378 4e-06
0.00135 4e-06
0.001345 4e-06
0.001358 4e-06
0.001365 4e-06
0.001354 4e-06
0.001359 4e-06
0.001348 5e-06
0.001364 4e-06
0.001349 4e-06
0.001352 4e-06
0.001346 4e-06
0.001366 4e-06
0.001356 4e-06
0.001355 3e-06
0.001354 4e-06
0.001355 4e-06
0.001357 4e-06
0.001366 5e-06
0.001354 3e-06
0.00136 4e-06
0.001345 5e-06
0.00135 4e-06
0.001336 4e-06
0.001353 4e-06
0.00136 3e-06
0.00135 4e-06
0.001347 4e-06
0.001356 4e-06
0.001355 4e-06
0.001374 4e-06
0.001361 5e-06
0.001369 5e-06
0.001362 3e-06
0.001365 4e-06
0.001342 4e-06
0.001363 4e-06
0.001346 3e-06
0.001172 3e-06
0.001235 3e-06
0.001178 5e-06
0.001358 3e-06
0.001375 4e-06
0.001337 4e-06
0.001358 4e-06
0.001357 4e-06
0.001358 4e-06
0.001346 4e-06
0.00136 4e-06
0.001359 3e-06
0.001353 3e-06
0.001345 4e-06
0.001362 4e-06
0.001345 5e-06
0.001367 3e-06
0.001343 5e-06
0.001376 5e-06
0.001372 4e-06
0.001404 4e-06
0.001347 4e-06
0.001359 4e-06
0.001345 4e-06
0.001356 3e-06
0.001342 4e-06
0.001357 4e-06
0.001355 4e-06
0.001359 4e-06
0.001341 3e-06
0.001375 5e-06
0.001358 4e-06
0.001372 4e-06
0.00135 4e-06
0.001365 4e-06
0.001364 5e-06
0.001359 4e-06
0.001361 3e-06
0.001369 4e-06
0.001351 4e-06
0.001365 4e-06
0.001358 4e-06
0.001368 5e-06
0.001342 4e-06
0.00137 5e-06
0.001352 4e-06
0.001359 5e-06
0.00135 4e-06
0.001353 4e-06
0.001353 4e-06
0.001369 5e-06
0.001357 5e-06
0.001364 3e-06
0.001353 4e-06
0.00136 5e-06
0.00135 4e-06
0.00136 4e-06
0.001359 4e-06
0.001364 4e-06
0.001353 3e-06
0.001356 4e-06
0.001352 4e-06
0.001354 3e-06
0.001357 4e-06
0.001372 4e-06
0.001349 5e-06
0.001357 6e-06
0.001354 4e-06
0.001363 4e-06
0.001359 5e-06
0.001358 4e-06
0.001338 4e-06
0.001358 4e-06
0.001336 4e-06
0.001366 4e-06
0.001275 4e-06
0.001187 2e-06
0.001123 3e-06
0.00114 3e-06
0.001352 7e-06
0.001357 3e-06
0.001382 4e-06
0.001362 3e-06
0.001356 5e-06
0.001359 4e-06
0.001344 4e-06
0.001361 4e-06
0.00135 3e-06
0.00135 3e-06
0.001356 4e-06
0.001355 5e-06
0.001352 5e-06
0.001361 5e-06
0.001395 5e-06
0.001371 4e-06
0.001358 5e-06
0.001362 4e-06
0.001352 3e-06
0.001378 4e-06
0.001353 3e-06
0.001364 4e-06
0.001352 4e-06
0.001356 4e-06
0.00136 4e-06
0.001362 4e-06
0.001356 4e-06
0.001366 5e-06
0.001359 4e-06
0.001353 5e-06
0.00135 4e-06
0.001369 4e-06
0.001348 3e-06
0.001364 3e-06
0.001345 3e-06
0.00136 5e-06
0.001376 5e-06
0.00136 4e-06
0.001355 4e-06
0.001362 4e-06
0.001337 3e-06
0.001371 4e-06
0.001339 5e-06
0.001357 6e-06
0.001348 4e-06
0.00135 4e-06
0.001354 4e-06
0.001363 4e-06
0.001352 3e-06
0.001364 4e-06
0.001355 4e-06
0.001358 3e-06
0.001351 4e-06
0.001363 4e-06
0.001354 3e-06
0.001354 4e-06
0.001346 4e-06
0.001354 5e-06
0.001342 4e-06
0.001345 4e-06
0.001358 4e-06
0.001369 4e-06
0.001381 6e-06
0.001366 4e-06
0.001357 4e-06
0.001363 4e-06
0.001344 5e-06
0.001356 4e-06
0.001351 4e-06
0.001357 4e-06
0.001352 4e-06
0.001378 4e-06
0.001231 3e-06
0.001244 3e-06
0.001135 3e-06
0.00142 5e-06
0.00137 4e-06
0.001367 4e-06
0.001342 4e-06
0.001364 4e-06
0.001357 3e-06
0.001371 4e-06
0.001363 4e-06
0.001355 4e-06
0.001346 4e-06
0.001367 4e-06
0.001356 4e-06
0.00141 5e-06
0.001343 5e-06
0.00136 4e-06
0.001338 4e-06
0.001346 3e-06
0.001358 5e-06
0.001345 3e-06
0.001349 4e-06
0.00137 4e-06
0.001346 4e-06
0.001362 4e-06
0.001338 4e-06
0.001396 4e-06
0.001352 4e-06
0.001363 5e-06
0.001338 4e-06
0.001352 4e-06
0.001348 3e-06
0.00136 3e-06
0.001346 4e-06
0.001367 5e-06
0.001339 5e-06
0.001373 5e-06
0.001355 3e-06
0.001408 4e-06
0.001351 4e-06
0.001357 4e-06
0.001345 3e-06
0.001352 4e-06
0.001352 5e-06
0.001358 4e-06
0.00136 4e-06
0.001363 5e-06
0.00134 4e-06
0.001351 4e-06
0.001344 5e-06
0.001357 4e-06
0.00134 3e-06
0.001369 3e-06
0.001355 4e-06
0.001352 4e-06
0.001349 4e-06
0.001386 4e-06
0.001338 4e-06
0.001352 4e-06
0.001348 4e-06
0.001368 3e-06
0.001359 4e-06
0.001353 4e-06
0.001357 4e-06
0.001359 2e-06
0.001355 4e-06
0.001365 4e-06
0.001362 4e-06
0.001366 4e-06
0.001353 4e-06
0.00136 4e-06
0.001337 4e-06
0.001363 4e-06
0.001348 3e-06
0.001365 3e-06
0.001139 4e-06
0.001179 3e-06
0.001128 3e-06
0.001361 4e-06
0.001338 4e-06
0.001361 4e-06
0.00135 5e-06
0.001358 3e-06
0.001364 3e-06
0.001362 5e-06
0.001356 5e-06
0.001365 4e-06
0.001398 4e-06
0.001361 4e-06
0.001353 3e-06
0.001355 3e-06
0.001348 4e-06
0.001354 5e-06
0.001405 4e-06
0.001374 5e-06
0.001429 6e-06
0.001347 3e-06
0.001405 4e-06
0.001347 3e-06
0.001425 5e-06
0.001356 4e-06
0.001336 4e-06
0.001345 5e-06
0.001343 3e-06
0.001351 5e-06
0.001365 3e-06
0.001377 5e-06
0.001371 3e-06
0.001374 5e-06
0.001364 5e-06
0.00135 3e-06
0.001402 6e-06
0.001362 5e-06
0.001348 3e-06
0.001359 5e-06
0.001344 4e-06
0.001369 4e-06
0.001345 4e-06
0.001363 5e-06
0.001337 4e-06
0.001523 6e-06
0.001359 4e-06
0.001444 5e-06
0.001366 4e-06
0.001422 4e-06
0.001356 4e-06
0.001434 4e-06
0.001354 4e-06
0.001377 3e-06
0.001349 4e-06
0.001365 4e-06
0.001358 4e-06
0.001356 5e-06
0.00135 5e-06
0.001355 7e-06
0.001355 4e-06
0.001353 3e-06
0.001338 5e-06
0.00137 5e-06
0.001353 4e-06
0.001363 4e-06
0.001379 4e-06
0.001369 4e-06
0.001396 4e-06
0.00137 4e-06
0.001395 4e-06
0.001361 3e-06
0.001384 4e-06
0.001376 5e-06
0.001369 5e-06
0.001283 3e-06
0.00132 3e-06
0.001194 2e-06
0.001232 5e-06
0.001367 4e-06
0.00139 5e-06
0.001352 4e-06
0.001431 6e-06
0.001416 4e-06
0.001359 5e-06
0.001368 3e-06
0.001346 4e-06
0.001358 4e-06
0.001357 4e-06
0.001365 4e-06
0.001345 4e-06
0.001357 5e-06
0.001359 4e-06
0.001375 4e-06
0.00134 5e-06
0.00138 4e-06
0.001353 5e-06
0.001357 5e-06
0.00135 3e-06
0.001352 4e-06
0.001355 4e-06
0.001355 4e-06
