0.0107 0.000159
0.010755 0.000187
0.010816 0.000113
0.012105 0.000143
0.011685 0.000139
0.01078 0.000184
0.010674 0.000114
0.010761 0.000173
0.010842 0.000123
0.010603 0.000125
0.009213 0.000164
0.010744 0.000207
0.010744 0.000181
0.010724 0.000175
0.010729 0.000151
0.011659 0.000165
0.010626 0.00014
0.010609 9.6e-05
0.010595 0.000173
0.010633 0.000134
0.009375 0.000216
0.010615 0.000146
0.01064 0.000143
0.010964 0.000126
0.010652 0.000114
0.010763 0.000165
0.010605 0.000135
0.010853 0.000144
0.010677 0.000164
0.010575 0.000121
0.009913 0.000175
0.010819 0.000142
0.010658 9.8e-05
0.010666 0.000166
0.010678 9.7e-05
0.010592 0.000121
0.010779 0.00011
0.010919 0.000141
0.010582 0.000186
0.010669 8.1e-05
0.010079 0.000178
0.010718 0.000129
0.010623 0.00012
0.010937 0.000244
0.019583 0.000127
0.010841 0.000144
0.010652 0.000139
0.014413 0.000168
0.010666 8.2e-05
0.009625 0.000149
0.010993 0.000195
0.0108 0.000132
0.01096 0.000258
0.012878 9.3e-05
0.010614 0.000104
0.010667 0.000132
0.010692 0.000106
0.010884 9.6e-05
0.010704 0.000118
0.010893 0.000184
0.010693 0.000188
0.010752 0.000149
0.010709 0.000124
0.010811 0.00011
0.010748 0.000168
0.010713 0.000108
0.010626 0.000135
0.010672 0.000134
0.010605 0.000187
0.010708 0.00011
0.01065 0.000137
0.010808 0.00011
0.012022 0.000115
0.010696 0.000135
0.010612 0.000133
0.010618 0.000111
0.01063 0.000173
0.010752 0.000177
0.010552 0.000124
0.011418 0.00018
0.011165 0.00017
0.01082 0.000178
0.010589 0.000124
0.010617 0.000106
0.010965 0.00013
0.010601 0.000156
0.010747 0.000179
0.010709 0.000142
0.010265 0.00014
0.010648 0.000141
0.010749 0.000158
0.010673 0.0001
0.010839 0.00014
0.010651 0.000104
0.010821 0.000128
0.010635 8.6e-05
0.010844 0.000124
0.010559 0.000202
0.010267 0.000143
0.010778 0.000147
0.01065 0.000166
0.010942 0.000152
0.010724 0.000124
0.010733 0.000112
0.011026 0.000138
0.010717 0.000208
0.010734 0.000138
0.010631 0.000128
0.009834 0.000111
0.0107 0.000133
0.010868 0.000132
0.010693 0.000121
0.010556 0.000129
0.010765 0.000138
0.010586 0.000121
0.010605 0.000115
0.01057 8.8e-05
0.010601 0.000149
0.012703 0.000133
0.012737 0.000234
0.011374 0.000168
0.011216 0.000167
0.010697 0.000138
0.010802 0.000148
0.010796 0.000174
0.010607 0.000121
0.010831 0.000189
0.010102 0.000128
0.010721 0.000135
0.010734 0.000142
0.010983 0.000176
0.010784 0.000121
0.010983 0.000185
0.010705 0.000139
0.010648 0.00018
0.010659 0.000148
0.011048 0.000107
0.009505 0.000171
0.010642 0.000172
0.010726 0.000118
0.010644 0.00018
0.010685 0.000172
0.010794 0.000109
0.010705 0.000161
0.010788 0.000215
0.010698 0.000166
0.010736 0.000114
0.010453 0.00021
0.010629 0.000126
0.010747 0.000148
0.01077 9.5e-05
0.010737 0.000156
0.010672 0.000227
0.010697 0.000113
0.010723 0.000168
0.010816 0.00019
0.00903 0.000116
0.010771 0.000146
0.010715 0.000106
0.0107 0.000145
0.010746 0.00012
0.010676 0.000124
0.010616 0.000148
0.009109 0.000107
0.008625 9.1e-05
0.008774 0.000131
0.010816 8.4e-05
0.010631 0.000147
0.010893 0.000116
0.010628 0.000158
0.010732 0.000141
0.010631 0.000116
0.00964 0.00011
0.010595 0.00013
0.010614 0.000111
0.011046 0.000112
0.010657 0.000113
0.010691 0.000121
0.011103 0.000188
0.010661 0.000125
0.010603 0.000159
0.01066 0.000135
0.009737 0.000118
0.010662 0.000103
0.010807 0.000142
0.010766 0.000143
0.0108 0.000105
0.010762 0.000139
0.010676 0.00012
0.010551 0.000118
0.010622 0.000135
0.0105 0.000117
0.010219 0.000169
0.01059 0.000138
0.011096 0.000155
0.010752 0.000126
0.010731 0.000194
0.010739 0.000181
0.010638 9.7e-05
0.010679 0.000164
0.010817 0.000126
0.01123 9.7e-05
0.010914 0.000167
0.010789 0.000109
0.010869 0.000151
0.010729 0.000202
0.010731 0.00014
0.010641 0.000165
0.010715 0.000161
0.010689 0.000148
0.01064 0.000132
0.010695 0.00017
0.010697 0.000135
0.010692 0.000114
0.01087 0.000164
0.010955 0.000102
0.010677 0.000155
0.010611 0.000116
0.01099 0.000115
0.010939 0.000168
0.011037 0.000109
0.011205 0.000179
0.011178 0.000108
0.010634 0.000106
0.010682 0.000204
0.010637 0.000109
0.010657 0.000133
0.010629 0.00014
0.010855 0.000156
0.010584 0.0002
0.010591 0.000108
0.009215 0.000118
0.010616 0.000178
0.010666 0.000197
0.010801 0.000172
0.010774 0.000137
0.010695 0.000148
0.011142 8.6e-05
0.011069 0.000181
0.010715 0.000186
0.011024 0.000129
0.00954 0.000137
0.010669 0.000126
0.010825 0.000149
0.010696 9e-05
0.010561 0.000154
0.010644 0.000106
0.01059 0.00012
0.010636 0.000171
0.010566 0.000115
0.01123 0.000167
0.010079 0.00015
0.010778 0.000112
0.011116 0.000211
0.01076 0.000159
0.01069 0.00015
0.010636 0.000146
0.010672 0.000141
0.010666 0.000127
0.010647 0.000169
0.01071 0.00013
0.010517 0.000147
0.010954 0.000154
0.010963 0.00014
0.010599 0.000186
0.010774 0.000114
0.010683 0.000127
0.010569 9.5e-05
0.010647 0.000144
0.011056 0.000142
0.01068 9e-05
0.010661 0.00017
0.010629 0.000131
0.010691 0.000122
0.010701 0.000144
0.010643 0.000145
0.010889 0.000123
0.010614 0.000139
0.010696 0.000103
0.010687 9.9e-05
0.010566 0.000128
0.010676 0.000136
0.010783 0.00013
0.010691 0.000161
0.010967 0.000147
0.010697 0.000109
0.010588 0.000112
0.010629 0.000129
0.010567 0.000127
0.010664 0.000119
0.010643 0.000162
0.010704 0.000153
0.010669 0.000165
0.010733 0.000112
0.01073 0.000122
0.010559 0.000113
0.010666 0.000179
0.010688 0.000162
0.010754 0.000129
0.010661 0.000186
0.010755 0.000177
0.010656 0.000114
0.010926 0.000177
0.011137 0.000139
0.01074 0.000146
0.010715 0.000208
0.010625 0.000167
0.010531 0.000211
0.010658 0.000134
0.010663 0.000212
0.010385 0.000124
0.010635 0.000197
0.010522 0.000142
0.010649 0.000173
0.010633 0.000118
0.010569 0.000143
0.010737 0.000154
0.010641 0.000137
0.01068 0.00015
0.010743 0.000104
0.01036 0.000138
0.010783 0.000162
0.01068 0.000125
0.010741 0.000121
0.01065 0.000162
0.010524 0.000143
0.01065 0.000135
0.010595 0.000162
0.01061 0.000144
0.010772 8.9e-05
0.009854 0.000151
0.010677 0.00013
0.010658 0.000171
0.010652 0.000167
0.010641 0.000179
0.010671 0.000171
0.010752 0.000136
0.011149 0.000141
0.010681 0.000153
0.010749 0.000112
0.009611 0.000138
0.010646 0.000182
0.01058 0.000164
0.010698 9.1e-05
0.010691 0.000162
0.010623 0.000115
0.010543 0.000129
0.010828 0.000128
0.010582 0.0001
0.010639 0.000133
0.010286 0.000156
0.010666 0.00014
0.010692 0.000232
0.010671 0.000151
0.01065 0.000141
0.010564 0.000147
0.010588 0.00015
0.010668 0.000107
0.010793 9.8e-05
0.010926 0.00013
0.010034 0.000144
0.010628 0.000126
0.010652 0.000192
0.010516 0.000158
0.010705 0.000171
0.010602 0.000124
0.010561 9.5e-05
0.010647 0.000138
0.010621 0.000145
0.010666 0.000139
0.010345 0.00014
0.010918 0.000148
0.010637 0.000165
0.01092 0.000121
0.010718 0.000145
0.010601 0.00017
0.010696 0.000152
0.010668 0.000129
0.010651 0.000133
0.010576 0.000156
0.009126 0.000143
0.010635 0.000153
0.010724 0.000167
0.010985 0.000117
0.010674 0.000182
0.010814 0.000155
0.010669 9.5e-05
0.010655 0.00017
0.010618 0.000151
0.010508 0.00017
0.009553 0.00014
0.010624 0.000119
0.010851 0.000221
0.010684 0.00015
0.010588 0.000176
0.014298 0.000141
0.010594 0.000135
0.010552 0.000176
0.010595 0.000146
0.010593 0.000126
0.010318 0.00014
0.01058 0.000182
0.01071 0.000132
0.010579 0.000123
0.010572 0.00013
0.010619 0.00011
0.010653 0.000144
0.01064 0.000128
0.010608 0.000148
0.010703 0.00011
0.010266 8.9e-05
0.010709 0.000146
0.010683 0.000128
0.010711 0.000122
0.010621 0.00011
0.010889 0.000167
0.010593 0.000109
0.010617 0.000131
0.010547 0.000167
0.010629 0.000227
0.010562 0.000121
0.010636 0.000173
0.010726 0.000148
0.010608 0.00018
0.010765 0.000135
0.010632 0.000115
0.010545 9.2e-05
0.010589 0.000189
0.010567 0.00017
0.010553 0.0001
0.010561 0.000141
0.010632 0.00014
0.01085 0.000124
0.010579 0.000173
0.010617 0.000154
0.010589 0.000137
0.01062 0.000113
0.010659 0.000111
0.010635 0.000141
0.010766 9.3e-05
0.010521 0.000111
0.01067 0.000101
0.010661 0.000139
0.010596 0.000111
0.010533 0.000141
0.010586 0.000127
0.010619 0.000105
0.010577 0.000142
0.010667 0.000137
0.010665 0.0001
0.010647 0.000138
0.01058 0.000123
0.01114 0.000134
0.010696 0.000228
0.010587 0.000125
0.010705 0.000129
0.010707 0.000177
0.010611 0.000102
0.010671 0.000166
0.010683 0.000184
0.010638 0.000194
0.01058 0.000157
0.010674 0.000126
0.010572 0.000151
0.010597 0.00013
0.010629 0.000136
0.010591 9.5e-05
0.010644 0.000136
0.010749 0.000114
0.010663 0.00018
0.010695 0.000127
0.010595 0.00012
0.011145 0.000116
0.010692 0.000193
0.010653 0.000138
0.010667 0.000173
0.010664 0.000138
0.010601 0.000154
0.010637 0.000186
0.010547 0.000111
0.010628 0.000133
0.010529 0.000182
0.011023 0.000136
0.010642 0.000142
0.010685 0.000137
0.010775 0.000127
0.01069 0.000142
0.010641 0.000178
0.010561 0.000118
0.010228 0.000187
0.010762 0.000127
0.010652 0.000151
0.010657 0.000118
0.010578 0.000133
0.010543 0.00012
0.010553 0.000124
0.010624 9e-05
0.010595 0.000143
0.010627 0.000153
0.009734 0.000107
0.010681 0.000118
0.010644 0.000157
0.010608 0.000106
0.010864 0.000135
0.010562 0.000155
0.010633 0.000113
0.010544 0.000135
0.010609 9.3e-05
0.010724 0.000106
0.010199 0.000106
0.010689 0.000167
0.010616 0.000141
0.010711 0.000175
0.010648 0.000124
0.010559 0.000169
0.010574 0.000169
0.010609 0.000168
0.010446 0.000125
0.010528 0.00013
0.01047 0.000149
0.010771 0.000138
0.010689 8.8e-05
0.010849 0.000138
0.010678 0.000157
0.010613 0.000108
0.010597 0.000124
0.010612 0.000114
0.010619 0.000183
0.010712 0.000123
0.009823 0.000126
0.010634 0.000118
0.010668 0.000177
0.010857 0.00015
0.010644 0.000144
0.010607 0.000116
0.010673 0.000167
0.010646 9e-05
0.010869 0.000163
0.010648 0.000132
0.009967 0.000113
0.010721 0.000138
0.010867 0.00017
0.010792 0.000103
0.010722 0.000123
0.010682 0.000172
0.010678 0.000145
0.0107 0.000159
0.010574 0.000127
0.010668 0.000167
0.009712 0.000128
0.01067 0.000193
0.010674 0.000152
0.010677 0.000106
0.010607 0.000116
0.010542 0.000189
0.010675 8.3e-05
0.010534 0.00017
0.010593 0.000146
0.01066 0.000203
0.009067 0.000147
0.010599 0.000124
0.01064 0.000181
0.010682 0.000137
0.010633 0.0002
0.010576 0.000155
0.011036 0.000178
0.010684 8.7e-05
0.010558 0.000135
0.0124 0.000167
0.010933 0.000212
0.010693 9.3e-05
0.012117 0.000116
0.010608 0.000154
0.0107 0.000119
0.010677 0.000103
0.011126 0.000119
0.010712 0.000153
0.010691 0.000188
0.010633 0.000101
0.010643 0.000165
0.010688 0.000138
0.010803 0.000181
0.010923 0.000145
0.010579 0.000142
0.010628 0.000186
0.010751 0.000101
0.010584 0.000149
0.010686 0.000109
0.010694 0.000201
0.010689 0.000116
0.01076 0.000206
0.010934 0.000126
0.010649 0.000157
0.010522 0.000189
0.010797 0.000104
0.010639 9.7e-05
0.010572 0.000185
0.010631 0.000132
0.010947 0.000118
0.010585 0.000147
0.010673 0.000132
0.01101 0.000166
0.010797 0.000147
0.010652 0.000165
0.010613 0.000124
0.010557 0.000109
0.010891 0.000142
0.010708 0.000134
0.010686 0.000113
0.010675 0.000106
0.010838 0.000206
0.010762 0.000153
0.010729 0.000113
0.010621 0.000111
0.010787 0.000119
0.011668 9.3e-05
0.010668 0.000103
0.011008 0.000192
0.010835 0.000176
0.011104 0.00014
0.010708 0.000106
0.011249 0.000134
0.010933 0.000235
0.013718 0.000196
0.010661 0.000215
0.011094 0.000116
0.010622 0.000147
0.016129 0.000145
0.010884 0.000154
0.012012 0.000123
0.010994 0.000149
0.010985 0.00013
0.010916 0.000113
0.010794 0.000103
0.010792 0.000129
0.010797 0.000152
0.010751 0.000153
0.009259 9.9e-05
0.010696 0.000125
0.010758 0.000148
0.011067 9.5e-05
0.0111 0.000171
0.010689 0.000135
0.01089 0.000147
0.01067 0.000208
0.010758 0.000132
0.010763 0.000105
0.01044 0.000162
0.010715 0.000149
0.010644 0.000147
0.010652 0.000105
0.010609 0.000163
0.010726 0.000129
0.010795 0.000156
0.010919 0.000164
0.011006 0.00013
0.01074 0.000192
0.011138 0.000222
0.010677 0.000132
0.010917 0.000118
0.010708 0.000188
0.010793 0.000143
0.010662 9.4e-05
0.010789 0.000133
0.010834 0.000109
0.010866 0.000159
0.010758 0.000163
0.010675 0.000187
0.01071 0.000133
0.011108 9.4e-05
0.010716 0.000152
0.010632 0.000137
0.010618 0.00011
0.010649 0.000161
0.010601 0.000158
0.010625 9.9e-05
0.010185 0.000118
0.010717 0.000172
0.010663 0.000114
0.010682 0.000194
0.010718 0.00015
0.010674 0.000177
0.010617 0.000154
0.010801 0.000121
0.010809 0.000128
0.010733 0.000119
0.010565 0.000138
0.012436 0.000115
0.012405 0.000157
0.010759 0.000175
0.010994 0.000113
0.010574 8.4e-05
0.010681 0.000179
0.010591 0.000133
0.010716 0.00013
0.010607 0.000107
0.0099 0.00013
0.010596 0.000153
0.010782 0.000151
0.010717 0.000142
0.010637 0.000101
0.010646 0.000187
0.01074 0.000141
0.010812 0.000155
0.010613 0.000169
0.010674 0.000206
0.010456 0.000163
0.01078 0.000148
0.010864 0.000167
0.010662 9.2e-05
0.010699 0.000134
0.010875 0.000231
0.010647 0.000115
0.010623 0.000173
0.010935 0.000122
0.010707 0.000133
0.010704 0.000122
0.010661 0.000165
0.010748 0.000151
0.010635 0.00017
0.010708 0.000152
0.010646 0.000114
0.010664 0.000135
0.010644 0.000121
0.010653 0.00016
0.010612 0.000125
0.010729 0.000106
0.010654 0.000121
0.010726 0.000127
0.01066 0.000113
0.010732 0.000113
0.010671 0.000105
0.010683 0.000186
0.010609 0.000163
0.01066 0.000141
0.010697 0.000149
0.010799 0.000122
0.010637 0.000179
0.010731 0.000135
0.013318 0.000247
0.013793 0.000145
0.013348 0.000173
0.012414 0.000149
0.013159 0.000108
0.013205 0.000144
0.012427 0.000168
0.010707 0.000156
0.010708 0.000117
0.011508 0.000138
0.010667 0.00016
0.010706 0.00011
0.010656 0.000162
0.011277 0.000186
0.01098 0.000129
0.009757 0.000129
0.010681 0.000112
0.010706 0.000139
0.010722 9.4e-05
0.010715 0.000174
0.015432 0.000154
0.011445 0.000147
0.011335 0.000139
0.011356 0.000146
0.010071 0.000166
0.010633 0.000126
0.010538 0.000156
0.010673 0.000152
0.010733 0.000143
0.010519 0.000117
0.010536 0.000146
0.012491 0.000161
0.010632 0.000175
0.010598 0.000122
0.009164 0.000137
0.010645 0.00011
0.010683 0.000116
0.010618 0.000157
0.010604 0.000134
0.010599 0.000123
0.010728 9.6e-05
0.011073 0.000155
0.01069 0.00013
0.010558 0.000141
0.009614 0.000123
0.010723 8.5e-05
0.01101 0.000149
0.010967 0.000119
0.010901 0.000133
0.011102 0.000166
0.010936 0.000157
0.010916 0.000147
0.010874 0.000109
0.010884 0.000144
0.00998 0.000134
0.010737 0.000135
0.011221 0.000152
0.01063 0.000112
0.010675 0.000124
0.010567 0.000182
0.01093 0.000117
0.010807 0.000143
0.010932 0.000127
0.01058 0.00017
0.01066 0.000128
0.010672 0.000117
0.010761 0.000215
0.010643 0.000186
0.010644 0.000123
0.010668 0.000151
0.010679 0.000192
0.01055 0.000129
0.01053 0.000146
0.010969 0.000112
0.010641 0.000117
0.010678 0.000117
0.01075 0.000135
0.010558 0.000119
0.010617 0.000129
0.011419 0.000112
0.010652 0.000125
0.010534 0.000113
0.012263 0.000156
0.010681 0.000102
0.010773 0.000126
0.010662 0.000133
0.010771 0.000137
0.010617 0.000202
0.010618 0.00014
0.010597 0.000149
0.010891 0.000141
0.010663 0.000186
0.010606 0.000117
0.010553 9.8e-05
0.010586 0.000239
0.010669 0.000142
0.010627 0.000122
0.010668 0.000159
0.0106 0.00014
0.010705 0.000165
0.010574 0.000176
0.01059 0.00012
0.010621 0.000175
0.010092 8.4e-05
0.010819 0.000157
0.012205 0.00016
0.012411 0.000144
0.011154 0.000169
0.010619 0.000113
0.010581 0.000107
0.010568 9.8e-05
0.010537 0.00012
0.010831 0.00015
0.010099 0.000125
0.010795 0.000157
0.010564 0.000111
0.010746 0.000122
0.010653 0.000124
0.010637 0.000132
0.010661 0.000105
0.010593 0.000169
0.010572 0.000108
0.010608 0.000126
0.009539 0.000132
0.012445 0.000169
0.010884 0.000218
0.010811 0.00014
0.011834 0.000143
0.01219 0.000113
0.012403 0.000144
0.012344 0.000104
0.012218 0.000145
0.011497 0.000132
0.010873 0.000168
0.010921 0.000155
0.010849 0.000143
0.010839 0.000147
0.010594 0.000109
0.010672 0.000161
0.010594 0.000164
0.010621 0.000112
0.010644 0.000119
0.010388 0.000121
0.010536 0.000133
0.010673 0.000113
0.010676 0.000179
0.010654 0.000143
0.010638 0.0001
0.010606 0.000149
0.010589 0.000106
0.010688 0.0001
0.010607 0.000124
0.010124 0.000158
0.010609 0.000129
0.010961 0.000127
0.010732 0.00015
0.010941 0.000126
0.010568 0.000175
0.010667 0.000206
0.010583 0.000176
0.010639 0.000128
0.010582 0.000149
0.010342 0.000166
0.010946 0.000104
0.010652 0.000127
0.010566 0.000112
0.010726 0.000117
0.01067 0.000102
0.010604 0.000157
0.010648 0.000265
0.011831 0.000138
0.010781 0.000158
0.0106 0.000114
0.010675 0.000171
0.010873 0.000173
0.010646 0.000123
0.010627 0.000129
0.010649 0.000156
0.010618 0.000172
0.010524 0.00011
0.010583 9.6e-05
0.010843 0.000127
0.010618 0.000182
0.010669 0.000165
0.010748 0.000138
0.010575 0.000153
0.010654 0.000123
0.01087 0.000155
0.010634 0.000139
0.010686 8.6e-05
0.010594 0.000154
0.010527 0.000176
0.010689 0.000155
0.010654 0.000105
0.010677 0.000129
0.010676 0.000197
0.010657 0.000126
0.010641 0.000123
0.010584 0.000184
0.010666 0.000148
0.01064 0.00017
0.010522 0.000105
0.010634 0.0002
0.010644 0.00016
0.011059 0.000192
0.010667 0.000116
0.010551 0.00012
0.010703 0.00018
0.01051 0.000114
0.010577 0.000106
0.010592 0.000162
0.010709 0.000143
0.010566 0.00016
0.010591 0.000132
0.010908 0.000187
0.01075 0.000138
0.010664 0.000124
0.010571 0.000144
0.010593 0.000127
0.010592 0.000142
0.010751 0.000133
0.010819 0.000147
0.010954 0.000126
0.010685 0.000116
0.010912 0.000124
0.010584 0.000185
0.010606 9.5e-05
0.010599 0.000102
0.010535 0.000155
0.010611 0.000131
0.010559 0.000104
0.010706 0.000103
0.010706 0.000127
0.010625 0.000152
0.010789 0.000147
0.010593 0.000107
0.010572 0.000135
0.010552 0.000144
0.0106 0.000136
0.010624 0.000167
0.010623 0.000158
0.010494 0.000152
0.010869 0.000122
0.01063 0.000141
0.010912 0.000103
0.010668 0.000183
0.010664 9.4e-05
0.010633 0.000121
0.01054 0.000166
0.010617 0.000169
0.010678 0.000113
0.010357 0.000173
0.01069 0.000152
0.010609 0.000118
0.010764 0.000148
0.010739 0.000138
0.010753 0.000142
0.010561 0.000153
0.010604 0.000122
0.010615 0.000167
0.010586 0.000124
