0.024991 0.001137
0.025211 0.00068
0.02199 0.001035
0.026089 0.001051
0.025792 0.000954
0.025228 0.000879
0.023028 0.000804
0.025944 0.000577
0.024864 0.000871
0.025034 0.000482
0.02542 0.0009
0.025196 0.000885
0.025039 0.000844
0.025077 0.001089
0.025077 0.000666
0.025049 0.000956
0.025994 0.001005
0.024266 0.000894
0.025327 0.00075
0.024992 0.000982
0.026083 0.00094
0.022337 0.000626
0.026032 0.000835
0.02486 0.000533
0.025113 0.000835
0.021268 0.001232
0.025099 0.000824
0.025684 0.000924
0.025151 0.000522
0.025368 0.001303
0.025919 0.000664
0.025055 0.000846
0.024945 0.001144
0.024836 0.000737
0.02581 0.000929
0.025021 0.000974
0.025707 0.000856
0.025625 0.000694
0.025503 0.000733
0.024939 0.000946
0.024 0.000784
0.025531 0.00081
0.025198 0.000578
0.025194 0.000878
0.023589 0.000809
0.025396 0.000742
0.024906 0.00097
0.025164 0.000875
0.01965 0.000725
0.02583 0.000925
0.025776 0.000827
0.024959 0.000898
0.021086 0.000916
0.025505 0.00106
0.025201 0.000935
0.024979 0.000545
0.025283 0.000814
0.025105 0.000569
0.025124 0.000894
0.025996 0.000529
0.026116 0.0007
0.025188 0.000811
0.02517 0.000912
0.02633 0.000862
0.025216 0.000666
0.025569 0.000803
0.025285 0.000883
0.025155 0.000815
0.025972 0.000851
0.02514 0.000927
0.025276 0.000712
0.024428 0.000921
0.026161 0.000882
0.025348 0.001114
0.024991 0.001121
0.022201 0.000822
0.025708 0.000607
0.025184 0.000985
0.025263 0.001064
0.025456 0.000672
0.026743 0.000738
0.024926 0.000893
0.025683 0.000816
0.02615 0.000836
0.025368 0.000896
0.02535 0.000934
0.025004 0.000715
0.025065 0.000739
0.025122 0.000829
0.025211 0.000603
0.025944 0.001155
0.026011 0.000994
0.025789 0.001143
0.025161 0.000738
0.021872 0.001106
0.025778 0.000669
0.019253 0.00102
0.018788 0.000687
0.018811 0.000675
0.018963 0.000737
0.019394 0.000821
0.018868 0.00067
0.019268 0.000504
0.018401 0.000687
0.019308 0.000727
0.019086 0.000817
0.019296 0.00061
0.018893 0.000982
0.01826 0.00077
0.019025 0.000602
0.018875 0.000859
0.018931 0.00055
0.018823 0.000838
0.01896 0.000859
0.019018 0.000843
0.018833 0.000701
0.019381 0.00062
0.018827 0.000936
0.019211 0.000696
0.020004 0.000593
0.018927 0.001036
0.019297 0.000775
0.018695 0.000613
0.019313 0.000752
0.018887 0.000719
0.019421 0.000716
0.019819 0.000798
0.018369 0.001231
0.019533 0.000788
0.018911 0.000681
0.018914 0.000793
0.019038 0.000535
0.01924 0.000884
0.019399 0.000681
0.019316 0.000748
0.018893 0.000646
0.019489 0.000651
0.019214 0.000706
0.019172 0.000658
0.018911 0.000846
0.019939 0.001035
0.018804 0.000709
0.019218 0.000636
0.018885 0.000706
0.018937 0.000665
0.018854 0.000853
0.018434 0.000874
0.018959 0.000533
0.01882 0.001041
0.019036 0.001162
0.018957 0.000871
0.018701 0.000783
0.019612 0.000546
0.021905 0.000715
0.020031 0.000749
0.019272 0.000795
0.018896 0.000695
0.019121 0.000883
0.018847 0.000695
0.018737 0.000601
0.018935 0.000833
0.018811 0.000954
0.018965 0.000649
0.019299 0.000809
0.018858 0.00061
0.019438 0.00069
0.018905 0.000868
0.018957 0.000833
0.018891 0.000651
0.018868 0.000706
0.01937 0.000655
0.01943 0.000662
0.018845 0.000617
0.01898 0.000717
0.019223 0.000666
0.017634 0.000879
0.018959 0.000859
0.019189 0.000562
0.019356 0.000727
0.018944 0.000486
0.019266 0.000593
0.019024 0.00076
0.018845 0.000617
0.018811 0.000681
0.019413 0.000663
0.01889 0.000788
0.019179 0.000626
0.019288 0.000687
0.018897 0.00098
0.019347 0.000597
0.019001 0.000518
0.019095 0.000465
0.018776 0.0008
0.019363 0.000738
0.019256 0.000713
0.019304 0.000864
0.019325 0.000636
0.019335 0.000885
0.01909 0.000702
0.017214 0.000608
0.019369 0.000658
0.018933 0.000855
0.018898 0.000692
0.019173 0.000804
0.017986 0.000684
0.019536 0.000767
0.018851 0.000691
0.019413 0.000699
0.018841 0.000589
0.018961 0.000695
0.019081 0.000701
0.01884 0.000601
0.018834 0.000806
0.018839 0.000461
0.018926 0.000526
0.023212 0.000706
0.019044 0.000733
0.018826 0.000977
0.018923 0.00068
0.018946 0.000716
0.019004 0.000483
0.019072 0.000977
0.018778 0.001076
0.018453 0.000685
0.019003 0.000537
0.018966 0.000665
0.018789 0.001114
0.019038 0.00058
0.01788 0.000724
0.018937 0.000939
0.018786 0.000569
0.018841 0.000946
0.018786 0.0008
0.018792 0.000684
0.018914 0.000981
0.018857 0.001064
0.018904 0.000615
0.019305 0.001025
0.019063 0.000665
0.019121 0.000546
0.019458 0.000914
0.018873 0.000728
0.018262 0.00067
0.018921 0.00064
0.019002 0.000735
0.018913 0.000656
0.018931 0.000633
0.017132 0.000627
0.019757 0.000579
0.018821 0.000699
0.018865 0.000814
0.018768 0.000681
0.017079 0.000728
0.018836 0.000713
0.018908 0.000566
0.019323 0.00067
0.018802 0.000868
0.017769 0.001
0.01887 0.000522
0.018804 0.000671
0.019546 0.000528
0.018974 0.000472
0.019226 0.000682
0.019193 0.000758
0.019371 0.000658
0.018914 0.000816
0.018855 0.000603
0.018906 0.000797
0.019336 0.000606
0.019914 0.000566
0.018901 0.000884
0.019616 0.000687
0.019051 0.000773
0.01895 0.000545
0.018871 0.000736
0.019484 0.000904
0.01887 0.000815
0.01917 0.001114
0.018897 0.000783
0.019196 0.000831
0.019211 0.000668
0.017713 0.001054
0.01933 0.000761
0.019463 0.00084
0.01894 0.000837
0.018969 0.000666
0.018888 0.000593
0.019212 0.000509
0.018972 0.000636
0.018972 0.000605
0.018746 0.000552
0.018846 0.001301
0.019047 0.000796
0.0191 0.00076
0.019365 0.000664
0.018733 0.000577
0.019048 0.000712
0.018986 0.000518
0.019422 0.00079
0.020656 0.000624
0.02038 0.001006
0.019999 0.000553
0.019736 0.000602
0.019015 0.000696
0.018894 0.000781
0.018929 0.000909
0.018993 0.000814
0.018853 0.000937
0.019157 0.000992
0.018298 0.000658
0.019274 0.001068
0.019049 0.000785
0.018825 0.000686
0.019511 0.000694
0.017488 0.000872
0.018977 0.000673
0.019351 0.00079
0.018738 0.000848
0.018899 0.000875
0.018801 0.000794
0.018867 0.000978
0.019309 0.000623
0.019304 0.00071
0.019229 0.00069
0.019293 0.00067
0.019589 0.000835
0.018935 0.001129
0.018834 0.001003
0.017047 0.001039
0.018939 0.000954
0.018916 0.000734
0.01889 0.000612
0.019451 0.000514
0.018889 0.000722
0.019187 0.000739
0.019021 0.000689
0.018852 0.0008
0.019459 0.000833
0.018922 0.000567
0.01895 0.000668
0.019221 0.001027
0.019075 0.000909
0.020748 0.000915
0.028869 0.00067
0.019234 0.000706
0.019888 0.000749
0.019117 0.000756
0.019548 0.000846
0.019901 0.000926
0.019468 0.000743
0.020584 0.000881
0.020078 0.000737
0.019509 0.000927
0.020196 0.000883
0.019028 0.000913
0.018218 0.000894
0.018972 0.000698
0.019021 0.000546
0.020392 0.000936
0.019584 0.000697
0.019073 0.000668
0.020122 0.000965
0.018992 0.000716
0.018987 0.001046
0.019751 0.000814
0.019328 0.000917
0.018955 0.000785
0.018907 0.000631
0.019405 0.001028
0.017361 0.000773
0.019073 0.000742
0.018903 0.000609
0.018795 0.00061
0.018931 0.000505
0.016886 0.001063
0.019104 0.000802
0.018842 0.000775
0.01881 0.000635
0.019408 0.000825
0.018923 0.001055
0.019986 0.000795
0.018864 0.000634
0.018884 0.000798
0.019231 0.00077
0.0189 0.00061
0.018934 0.000889
0.019156 0.00077
0.019325 0.000534
0.018935 0.000627
0.019231 0.000751
0.01896 0.000524
0.018861 0.000786
0.019275 0.000824
0.018891 0.001015
0.019436 0.000657
0.018887 0.000941
0.019047 0.000618
0.018787 0.001094
0.017456 0.000728
0.019447 0.001075
0.018951 0.000491
0.019727 0.000959
0.018825 0.00107
0.019121 0.000684
0.018924 0.000521
0.018847 0.000566
0.016137 0.00069
0.016898 0.000661
0.019287 0.000878
0.019301 0.000603
0.019831 0.000591
0.018914 0.000814
0.01944 0.001342
0.018952 0.000636
0.019368 0.001082
0.017816 0.000874
0.019517 0.000754
0.019012 0.001207
0.020787 0.000861
0.019535 0.000947
0.019495 0.000572
0.019726 0.000886
0.018866 0.001028
0.018942 0.000591
0.017938 0.001121
0.019409 0.000647
0.019332 0.000711
0.019445 0.001065
0.019072 0.000722
0.019418 0.000749
0.019469 0.000876
0.019059 0.00082
0.018812 0.000934
0.019016 0.000754
0.019402 0.001108
0.024521 0.000915
0.024467 0.00077
0.024065 0.000859
0.024956 0.001143
0.024224 0.000675
0.024335 0.000822
0.021867 0.00091
0.025261 0.00094
0.024501 0.000668
0.024302 0.001022
0.01996 0.00104
0.025041 0.000832
0.024366 0.000942
0.024286 0.001085
0.021263 0.000803
0.026057 0.00088
0.025071 0.000833
0.024653 0.000793
0.022843 0.000664
0.024387 0.000746
0.024671 0.000795
0.024323 0.000721
0.024753 0.001219
0.024199 0.000792
0.025033 0.000774
0.024339 0.000603
0.024683 0.000984
0.02424 0.000998
0.024288 0.000846
0.024216 0.000677
0.024453 0.00089
0.024864 0.0009
0.024257 0.000632
0.025077 0.000705
0.025293 0.00068
0.024343 0.001212
0.024479 0.000932
0.024483 0.001311
0.024459 0.001192
0.024291 0.000742
0.024244 0.000661
0.023411 0.000867
0.028057 0.001046
0.025861 0.001025
0.022681 0.000656
0.019848 0.000653
0.02027 0.000658
0.02078 0.00066
0.019801 0.000715
0.019662 0.000702
0.021368 0.001135
0.020199 0.000656
0.020214 0.00068
0.019887 0.000721
0.019675 0.000634
0.019765 0.000837
0.019521 0.001242
0.019504 0.001136
0.019618 0.000975
0.01887 0.000927
0.020021 0.00094
0.02424 0.000717
0.019662 0.000749
0.019632 0.000625
0.020208 0.000676
0.020083 0.000714
0.020316 0.000766
0.020007 0.000804
0.022005 0.000803
0.021753 0.000996
0.02321 0.001057
0.024854 0.000886
0.023599 0.001046
0.021469 0.000665
0.019767 0.000674
0.020067 0.000512
0.020009 0.000705
0.020113 0.000826
0.019916 0.0007
0.019666 0.000541
0.019627 0.000716
0.020204 0.000734
0.019897 0.001009
0.019963 0.000577
0.021389 0.000636
0.019533 0.000946
0.018829 0.000975
0.019562 0.000759
0.020354 0.000815
0.019541 0.000795
0.019687 0.001066
0.01961 0.000763
0.020362 0.000711
0.019587 0.000607
0.020342 0.00072
0.018951 0.000629
0.019816 0.000798
0.020328 0.00091
0.01973 0.000627
0.019469 0.000828
0.01953 0.000699
0.019559 0.0007
0.019508 0.000698
0.019708 0.000628
0.019501 0.000791
0.01971 0.000946
0.019662 0.000727
0.019722 0.000664
0.019442 0.000761
0.018189 0.000723
0.019546 0.000946
0.019429 0.000702
0.019526 0.000679
0.019773 0.000716
0.018411 0.000673
0.019661 0.000974
0.019488 0.000658
0.019453 0.000889
0.019505 0.000766
0.019526 0.00055
0.019655 0.000516
0.019624 0.000851
0.019791 0.000652
0.019246 0.000586
0.019446 0.000787
0.01965 0.000821
0.020326 0.000676
0.020063 0.000691
0.01943 0.00087
0.019888 0.001038
0.019499 0.000965
0.019603 0.000531
0.019823 0.000768
0.019997 0.000595
0.019783 0.000859
0.019914 0.000745
0.019593 0.000813
0.019641 0.000609
0.019622 0.000649
0.019507 0.000678
0.020133 0.000995
0.019574 0.000827
0.018538 0.000855
0.019753 0.000764
0.019582 0.000729
0.019492 0.000567
0.019704 0.000629
0.018025 0.000706
0.019833 0.00073
0.019533 0.000632
0.019599 0.00084
0.020105 0.000828
0.020153 0.000779
0.020464 0.000681
0.019627 0.000798
0.020109 0.00087
0.019779 0.000659
0.01969 0.000697
0.019666 0.001029
0.019529 0.000918
0.020227 0.000938
0.017892 0.000755
0.019975 0.000624
0.019489 0.000653
0.019551 0.000686
0.019571 0.000841
0.021561 0.000906
0.019853 0.000705
0.01964 0.000496
0.019555 0.000746
0.019541 0.000674
0.01974 0.000808
0.019651 0.000646
0.019943 0.000613
0.019483 0.001064
0.019904 0.00065
0.019656 0.000647
0.019563 0.000686
0.019494 0.00075
0.019378 0.000974
0.020703 0.000802
0.01978 0.000612
0.019521 0.000838
0.019566 0.000682
0.019941 0.000714
0.019767 0.000809
0.019937 0.000652
0.019525 0.000737
0.01954 0.000654
0.020176 0.000912
0.019634 0.000805
0.019713 0.00071
0.01982 0.00083
0.019508 0.000816
0.019446 0.000673
0.019634 0.000747
0.019777 0.000702
0.019593 0.000619
0.019658 0.000974
0.017679 0.000893
0.019945 0.000702
0.019567 0.000868
0.019657 0.000845
0.019562 0.000587
0.020076 0.000677
0.019569 0.000954
0.019953 0.001156
0.020442 0.00078
0.019144 0.000802
0.019744 0.000602
0.019931 0.000554
0.019608 0.000585
0.019635 0.000706
0.019356 0.000763
0.019637 0.00075
0.020267 0.000556
0.021185 0.001006
0.020304 0.000841
0.019617 0.000662
0.020422 0.001089
0.019828 0.000682
0.020246 0.000952
0.018889 0.000673
0.020013 0.000499
0.019726 0.000543
0.019479 0.00094
0.019547 0.000618
0.017534 0.000754
0.019804 0.000539
0.019574 0.000948
0.0196 0.000748
0.019525 0.000805
0.019253 0.00079
0.020598 0.000628
0.019706 0.000777
0.021848 0.000763
0.019871 0.000557
0.020023 0.00072
0.019543 0.000625
0.019554 0.000773
0.020015 0.000646
0.019457 0.000922
0.020066 0.001004
0.019706 0.000689
0.019661 0.000722
0.01951 0.000755
0.019339 0.000859
0.019597 0.000655
0.019682 0.000935
0.019761 0.000492
0.020065 0.000788
0.019303 0.00072
0.019805 0.000765
0.020509 0.000668
0.020303 0.000526
0.019627 0.00045
0.01979 0.000928
0.019784 0.000707
0.019514 0.000517
0.019547 0.000752
0.019633 0.000621
0.019672 0.000902
0.019458 0.00071
0.020188 0.000878
0.019636 0.000546
0.019692 0.000761
0.019711 0.000632
0.020009 0.000597
0.019664 0.000948
0.019965 0.000823
0.018646 0.000749
0.019844 0.000697
0.019437 0.000803
0.019395 0.000779
0.019608 0.000565
0.018018 0.001104
0.020011 0.000857
0.019909 0.000718
0.019583 0.000645
0.019529 0.000832
0.019541 0.000809
0.019629 0.000542
0.019461 0.000459
0.019586 0.000907
0.019508 0.000685
0.019805 0.000963
0.019576 0.000806
0.019521 0.000787
0.020065 0.000767
0.018833 0.000782
0.020081 0.000833
0.020025 0.000598
0.019525 0.000654
0.019433 0.000814
0.019152 0.000636
0.020226 0.000809
0.020547 0.000723
0.019544 0.00075
0.020044 0.00076
0.019671 0.000641
0.019599 0.000795
0.019911 0.000586
0.019574 0.000648
0.020469 0.001032
0.019866 0.000731
0.020498 0.000641
0.019453 0.000652
0.019636 0.000701
0.019645 0.000697
0.021378 0.000742
0.020177 0.000689
0.019846 0.000556
0.019525 0.000739
0.017503 0.000541
0.019504 0.000774
0.019377 0.000603
0.0195 0.000672
0.019908 0.000674
0.01874 0.000669
0.019911 0.000774
0.019668 0.000633
0.019461 0.000984
0.019976 0.00052
0.019498 0.000894
0.019533 0.000786
0.019514 0.000582
0.019696 0.000914
0.019468 0.000913
0.019438 0.000617
0.019635 0.001124
0.019346 0.000534
0.019964 0.000711
0.017982 0.000921
0.024847 0.000792
0.0202 0.00067
0.019962 0.000682
0.019768 0.000939
0.019796 0.000775
0.019643 0.000552
0.019751 0.00094
0.020716 0.000992
0.020026 0.000948
0.02127 0.001224
0.021159 0.000631
0.021212 0.000721
0.020238 0.000666
0.019557 0.001101
0.020073 0.00067
0.020182 0.000724
0.02035 0.000522
0.019516 0.000517
0.019796 0.000609
0.019602 0.000597
0.019939 0.000632
0.020168 0.000705
0.019705 0.000521
0.019775 0.000638
0.020076 0.001004
0.020784 0.000863
0.019861 0.000802
0.020105 0.000834
0.019769 0.000942
0.019725 0.000742
0.020031 0.000676
0.019562 0.000752
0.019566 0.000583
0.020082 0.000949
0.019985 0.000657
0.01949 0.000826
0.018443 0.000717
0.020072 0.000631
0.019539 0.00074
0.019583 0.000782
0.020153 0.000675
0.020154 0.000878
0.020137 0.000779
0.019385 0.000607
0.019667 0.000674
0.019581 0.000575
0.019537 0.000581
0.019452 0.000704
0.019596 0.00087
0.019996 0.00098
0.019668 0.000799
0.020068 0.000504
0.020006 0.001047
0.020224 0.000895
0.01955 0.000742
0.018981 0.000781
0.020216 0.00081
0.020017 0.000761
0.019955 0.000552
0.019444 0.00063
0.019385 0.000667
0.019594 0.001076
0.019964 0.000686
0.019981 0.000618
0.019847 0.000773
0.020001 0.00065
0.020052 0.00061
0.019571 0.000686
0.01962 0.0007
0.019384 0.00051
0.019716 0.000595
0.020086 0.000651
0.019731 0.000878
0.019478 0.000744
0.019107 0.000857
0.019684 0.000808
0.019604 0.000606
0.020041 0.000828
0.01998 0.000558
0.018636 0.000886
0.019746 0.00084
0.019555 0.00072
0.019854 0.00065
0.01949 0.000722
0.019796 0.000694
0.01966 0.000656
0.019567 0.000748
0.020064 0.00084
0.019578 0.000648
0.019629 0.000695
0.019635 0.000748
0.019961 0.000699
0.019613 0.000737
0.01952 0.000739
0.019466 0.000564
0.019968 0.000827
0.019728 0.000712
0.020012 0.000921
0.019399 0.000651
0.020289 0.000667
0.024578 0.000733
0.02038 0.000992
0.020338 0.000776
0.019392 0.000477
0.020099 0.000779
0.020483 0.000838
0.019599 0.000665
0.020183 0.000637
0.020112 0.000623
0.01954 0.000658
0.019559 0.000704
0.020131 0.000725
0.020295 0.000868
0.020059 0.000698
0.020212 0.00065
0.020448 0.000769
0.01982 0.000984
0.021318 0.000523
0.019531 0.00082
0.019996 0.000868
0.020201 0.00074
0.018865 0.000704
0.019743 0.000767
0.019631 0.001
0.019977 0.000473
0.020118 0.000645
0.019739 0.000687
0.024832 0.000851
0.019731 0.000913
0.020208 0.000702
0.019662 0.000759
0.01974 0.000751
0.019666 0.000706
0.019698 0.000857
0.02025 0.000751
0.019 0.000634
0.019896 0.000735
0.019667 0.000504
0.019596 0.000619
0.019419 0.000679
0.017888 0.000668
0.019881 0.000617
0.019407 0.000682
0.019549 0.000993
0.019742 0.000558
0.019573 0.000548
0.020646 0.000741
0.019536 0.00086
0.01964 0.000879
0.020051 0.00051
0.019742 0.000713
0.019498 0.00081
0.019847 0.000668
0.019741 0.000713
0.019484 0.000855
0.019536 0.000554
0.01943 0.00106
0.019847 0.000903
0.019543 0.00097
0.018012 0.000664
0.019884 0.000615
0.019649 0.000574
0.019606 0.000636
0.019638 0.000568
0.018631 0.000635
0.01979 0.000847
0.025775 0.000718
0.02416 0.0011
0.021297 0.000627
0.021525 0.001142
0.023942 0.000713
0.019985 0.000709
0.020131 0.00072
0.019905 0.000694
0.02353 0.000526
0.021624 0.00078
0.01999 0.000671
0.018452 0.000818
0.019692 0.000832
0.021471 0.000863
0.019452 0.00095
0.019464 0.000807
0.019662 0.000976
0.019978 0.000964
0.019701 0.000731
0.019286 0.000596
0.019704 0.000668
0.0197 0.000752
0.019577 0.000758
0.019538 0.000717
0.019439 0.000932
0.018994 0.000508
0.020608 0.000663
0.019623 0.001084
0.019636 0.000881
0.019514 0.000956
0.02004 0.001044
0.020149 0.000778
0.020959 0.000827
0.019688 0.001038
0.020187 0.000706
0.020559 0.000768
0.020332 0.000674
0.020121 0.001199
0.020756 0.000899
0.022523 0.000935
0.02105 0.001006
0.019925 0.000663
0.020144 0.00098
0.019613 0.00065
0.019666 0.000663
0.020191 0.000709
0.019844 0.000979
0.018712 0.000938
0.0203 0.00078
0.020234 0.000717
0.019594 0.000741
0.021314 0.000826
0.021125 0.000803
0.020017 0.000658
0.020275 0.000861
0.019988 0.000618
0.020258 0.001177
0.026018 0.000815
0.025152 0.000683
0.025149 0.000781
0.022382 0.000727
0.026221 0.000752
0.024936 0.000736
0.024951 0.000722
0.020946 0.000769
0.025598 0.000932
