0.004871 5e-06
0.004942 6e-06
0.0049 8e-06
0.004876 3e-06
0.004874 6e-06
0.004941 6e-06
0.004929 6e-06
0.00499 5e-06
0.004861 5e-06
0.004912 5e-06
0.004951 6e-06
0.004903 4e-06
0.004942 4e-06
0.005648 6e-06
0.004928 4e-06
0.004944 4e-06
0.004864 4e-06
0.004882 5e-06
0.004935 3e-06
0.004399 5e-06
0.004912 6e-06
0.004948 5e-06
0.004927 5e-06
0.004897 7e-06
0.004896 9e-06
0.004938 5e-06
0.004865 6e-06
0.004944 4e-06
0.00492 4e-06
0.004858 4e-06
0.00491 5e-06
0.004904 4e-06
0.004878 5e-06
0.004918 5e-06
0.004879 5e-06
0.004927 5e-06
0.004894 5e-06
0.004913 5e-06
0.004865 4e-06
0.004918 4e-06
0.004917 6e-06
0.004848 6e-06
0.004937 5e-06
0.004953 6e-06
0.004922 6e-06
0.004924 6e-06
0.004985 7e-06
0.004903 5e-06
0.00489 4e-06
0.004866 6e-06
0.004903 5e-06
0.004934 4e-06
0.004888 4e-06
0.00494 4e-06
0.004899 5e-06
0.004909 5e-06
0.004879 4e-06
0.004908 4e-06
0.004871 4e-06
0.004918 4e-06
0.004837 4e-06
0.004914 5e-06
0.004872 3e-06
0.004177 4e-06
0.004917 5e-06
0.004905 3e-06
0.004921 4e-06
0.004945 5e-06
0.004902 6e-06
0.004972 6e-06
0.004937 4e-06
0.004904 5e-06
0.004899 5e-06
0.004921 5e-06
0.004898 4e-06
0.004936 5e-06
0.004924 5e-06
0.004932 5e-06
0.004926 5e-06
0.004902 5e-06
0.00491 4e-06
0.004888 4e-06
0.004908 4e-06
0.004905 5e-06
0.004918 4e-06
0.004283 5e-06
0.004913 6e-06
0.004961 5e-06
0.004917 5e-06
0.004901 5e-06
0.004984 7e-06
0.004943 5e-06
0.004939 5e-06
0.0049 7e-06
0.004894 5e-06
0.004899 3e-06
0.004924 3e-06
0.004909 5e-06
0.004854 4e-06
0.004941 5e-06
0.004891 5e-06
0.004916 4e-06
0.004901 4e-06
0.004907 4e-06
0.00486 4e-06
0.004971 5e-06
0.004869 5e-06
0.004142 5e-06
0.004899 5e-06
0.005175 5e-06
0.004964 5e-06
0.004886 7e-06
0.004892 8e-06
0.004942 4e-06
0.004864 6e-06
0.004935 7e-06
0.004898 5e-06
0.004921 5e-06
0.005001 4e-06
0.004943 4e-06
0.004906 5e-06
0.0049 6e-06
0.00489 5e-06
0.004917 5e-06
0.004893 5e-06
0.004901 4e-06
0.004893 5e-06
0.004963 4e-06
0.00488 4e-06
0.004216 4e-06
0.004832 5e-06
0.004916 4e-06
0.004952 5e-06
0.004921 6e-06
0.004902 9e-06
0.004935 6e-06
0.004903 4e-06
0.004914 5e-06
0.004855 5e-06
0.004883 4e-06
0.004893 5e-06
0.004925 5e-06
0.004929 4e-06
0.004862 4e-06
0.004956 4e-06
0.005052 4e-06
0.004954 4e-06
0.0049 5e-06
0.00489 5e-06
0.00497 4e-06
0.00492 4e-06
0.004633 8e-06
0.004952 7e-06
0.004943 6e-06
0.00492 5e-06
0.004982 5e-06
0.004948 6e-06
0.004934 5e-06
0.004925 5e-06
0.004921 5e-06
0.00493 5e-06
0.004888 5e-06
0.004905 4e-06
0.004923 3e-06
0.004885 4e-06
0.004929 5e-06
0.004886 4e-06
0.004936 4e-06
0.004883 6e-06
0.004921 4e-06
0.004857 5e-06
0.00487 4e-06
0.004909 3e-06
0.004221 4e-06
0.004912 6e-06
0.004903 5e-06
0.004879 4e-06
0.004906 6e-06
0.004956 4e-06
0.004935 5e-06
0.004947 5e-06
0.004889 6e-06
0.004894 6e-06
0.004923 4e-06
0.004917 4e-06
0.004881 5e-06
0.004876 5e-06
0.004864 6e-06
0.004857 5e-06
0.004936 4e-06
0.004909 4e-06
0.004925 4e-06
0.00491 4e-06
0.004921 4e-06
0.004884 4e-06
0.004219 5e-06
0.004924 5e-06
0.004903 5e-06
0.004912 5e-06
0.004929 7e-06
0.004986 7e-06
0.004914 5e-06
0.004898 6e-06
0.004888 5e-06
0.004881 6e-06
0.004917 5e-06
0.004906 5e-06
0.004933 4e-06
0.004854 5e-06
0.004923 4e-06
0.004898 5e-06
0.004882 4e-06
0.004872 6e-06
0.004887 5e-06
0.004939 5e-06
0.004928 4e-06
0.004513 4e-06
0.004542 5e-06
0.004928 5e-06
0.004905 5e-06
0.004895 5e-06
0.004909 5e-06
0.005079 5e-06
0.004925 5e-06
0.004913 6e-06
0.00492 5e-06
0.004878 5e-06
0.005011 1.1e-05
0.007832 5e-06
0.004944 5e-06
0.004951 5e-06
0.004976 4e-06
0.004844 5e-06
0.004902 4e-06
0.004866 5e-06
0.004921 4e-06
0.004865 4e-06
0.004892 3e-06
0.004127 5e-06
0.004891 5e-06
0.004927 5e-06
0.004917 4e-06
0.004862 5e-06
0.004916 6e-06
0.004912 5e-06
0.004945 5e-06
0.004966 4e-06
0.004899 5e-06
0.0049 5e-06
0.004892 4e-06
0.004878 4e-06
0.004883 5e-06
0.004874 5e-06
0.004913 4e-06
0.004891 4e-06
0.004882 4e-06
0.004885 3e-06
0.004897 4e-06
0.004844 5e-06
0.004851 4e-06
0.004251 5e-06
0.004919 6e-06
0.004941 6e-06
0.004906 6e-06
0.00488 5e-06
0.004962 8e-06
0.00491 5e-06
0.004948 5e-06
0.004884 4e-06
0.004903 5e-06
0.004884 5e-06
0.004952 5e-06
0.004868 6e-06
0.004918 4e-06
0.004874 4e-06
0.004922 4e-06
0.004934 5e-06
0.004833 4e-06
0.004866 4e-06
0.004893 4e-06
0.00491 5e-06
0.004881 5e-06
0.004126 4e-06
0.004928 5e-06
0.004872 5e-06
0.004891 4e-06
0.004848 6e-06
0.004947 8e-06
0.004888 5e-06
0.004945 4e-06
0.004903 5e-06
0.005031 4e-06
0.004907 4e-06
0.004886 6e-06
0.004876 5e-06
0.004892 5e-06
0.004925 5e-06
0.004916 4e-06
0.004918 5e-06
0.004873 4e-06
0.004935 5e-06
0.004968 5e-06
0.004891 5e-06
0.004889 4e-06
0.004067 4e-06
0.004867 5e-06
0.004905 4e-06
0.004898 4e-06
0.004864 5e-06
0.004996 7e-06
0.004903 4e-06
0.004897 5e-06
0.004905 4e-06
0.004903 4e-06
0.004868 6e-06
0.004923 6e-06
0.004965 4e-06
0.004943 5e-06
0.004944 5e-06
0.004997 7e-06
0.004913 5e-06
0.00492 5e-06
0.004934 5e-06
0.004968 5e-06
0.004972 5e-06
0.004933 6e-06
0.004303 5e-06
0.004969 5e-06
0.00495 5e-06
0.004973 5e-06
0.004975 1.4e-05
0.005008 7e-06
0.004989 6e-06
0.005014 7e-06
0.004923 8e-06
0.004914 5e-06
0.004892 5e-06
0.004983 5e-06
0.004952 4e-06
0.004902 5e-06
0.004884 5e-06
0.004999 5e-06
0.004863 6e-06
0.004959 5e-06
0.00494 4e-06
0.004929 5e-06
0.004897 5e-06
0.004918 3e-06
0.004671 4e-06
0.004904 5e-06
0.004884 5e-06
0.004932 5e-06
0.004934 7e-06
0.005034 6e-06
0.004953 5e-06
0.004932 5e-06
0.004855 4e-06
0.004908 5e-06
0.004888 5e-06
0.004931 5e-06
0.004885 5e-06
0.004891 4e-06
0.00486 5e-06
0.004953 5e-06
0.004887 5e-06
0.004935 5e-06
0.004857 5e-06
0.004934 4e-06
0.004862 5e-06
0.004771 3e-06
0.004513 7e-06
0.004948 6e-06
0.004906 4e-06
0.004962 5e-06
0.004885 1.4e-05
0.00511 5e-06
0.004893 5e-06
0.0049 5e-06
0.004912 5e-06
0.004899 4e-06
0.004896 5e-06
0.004891 4e-06
0.004852 5e-06
0.004869 4e-06
0.004876 6e-06
0.00499 4e-06
0.00487 5e-06
0.004913 5e-06
0.004882 5e-06
0.004906 5e-06
0.00487 4e-06
0.004835 3e-06
0.004512 5e-06
0.004913 5e-06
0.004892 4e-06
0.004923 5e-06
0.004913 7e-06
0.004934 7e-06
0.004888 4e-06
0.004936 5e-06
0.004902 5e-06
0.004881 5e-06
0.004882 5e-06
0.004922 4e-06
0.004849 5e-06
0.004977 4e-06
0.004895 6e-06
0.004915 6e-06
0.004855 5e-06
0.00492 4e-06
0.004946 4e-06
0.004905 4e-06
0.005893 6e-06
0.004732 6e-06
0.004835 5e-06
0.004928 5e-06
0.004936 6e-06
0.004882 4e-06
0.004899 2.1e-05
0.005 7e-06
0.004945 4e-06
0.004918 1e-05
0.005192 1e-05
0.005057 9e-06
0.006735 1.3e-05
0.007417 9e-06
0.007436 1.2e-05
0.005466 8e-06
0.006036 1.1e-05
0.00753 9e-06
0.007445 1.5e-05
0.005045 8e-06
0.004886 6e-06
0.00468 7e-06
0.004944 9e-06
0.004912 6e-06
0.004968 8e-06
0.004976 7e-06
0.004972 8e-06
0.004951 7e-06
0.005748 1.5e-05
0.005505 8e-06
0.005724 1e-05
0.007486 1e-05
0.007514 8e-06
0.005321 9e-06
0.004921 7e-06
0.00494 5e-06
0.004921 4e-06
0.004909 4e-06
0.004917 6e-06
0.004867 4e-06
0.004907 4e-06
0.004169 4e-06
0.004934 4e-06
0.004899 4e-06
0.004864 4e-06
0.004934 7e-06
0.004945 8e-06
0.004944 4e-06
0.004906 5e-06
0.004918 5e-06
0.004931 4e-06
0.004955 6e-06
0.004873 5e-06
0.004914 4e-06
0.004904 4e-06
0.004887 6e-06
0.004928 5e-06
0.004906 4e-06
0.004924 6e-06
0.004963 5e-06
0.004949 7e-06
0.00542 5e-06
0.005392 5e-06
0.004888 8e-06
0.004958 7e-06
0.004988 8e-06
0.005584 8e-06
0.005052 8e-06
0.004986 9e-06
0.004997 6e-06
0.00495 5e-06
0.004946 5e-06
0.004921 5e-06
0.004953 5e-06
0.004883 5e-06
0.004922 5e-06
0.004902 4e-06
0.004903 4e-06
0.004898 4e-06
0.0049 4e-06
0.004853 5e-06
0.004894 4e-06
0.004839 4e-06
0.004134 4e-06
0.004832 3e-06
0.004875 4e-06
0.00488 5e-06
0.004883 5e-06
0.004923 7e-06
0.004923 4e-06
0.004904 5e-06
0.004879 4e-06
0.004882 4e-06
0.004894 5e-06
0.004916 4e-06
0.004911 5e-06
0.004873 4e-06
0.004854 3e-06
0.00491 5e-06
0.00492 4e-06
0.004978 6e-06
0.004913 5e-06
0.004864 4e-06
0.004892 5e-06
0.004881 3e-06
0.004178 5e-06
0.004924 5e-06
0.004907 5e-06
0.004912 5e-06
0.004894 5e-06
0.00492 7e-06
0.004909 5e-06
0.004865 5e-06
0.004919 5e-06
0.004865 5e-06
0.004934 5e-06
0.004867 5e-06
0.0049 4e-06
0.005769 5e-06
0.004881 5e-06
0.004912 5e-06
0.004906 5e-06
0.004876 5e-06
0.004924 4e-06
0.004899 5e-06
0.00561 4e-06
0.004907 5e-06
0.004301 5e-06
0.004892 6e-06
0.004913 4e-06
0.004882 4e-06
0.004909 8e-06
0.004912 5e-06
0.004898 4e-06
0.004908 5e-06
0.004951 6e-06
0.004918 6e-06
0.004904 5e-06
0.004874 5e-06
0.005256 5e-06
0.004937 5e-06
0.00489 4e-06
0.004857 6e-06
0.004872 5e-06
0.004862 6e-06
0.004911 5e-06
0.004899 5e-06
0.004887 4e-06
0.004831 4e-06
0.004083 5e-06
0.004948 6e-06
0.004889 5e-06
0.004914 4e-06
0.004941 5e-06
0.004885 9e-06
0.004934 6e-06
0.004918 4e-06
0.004944 5e-06
0.004906 5e-06
0.004952 5e-06
0.004909 6e-06
0.00493 5e-06
0.00486 5e-06
0.00491 4e-06
0.004919 5e-06
0.004899 4e-06
0.004905 4e-06
0.005444 6e-06
0.00494 4e-06
0.004942 4e-06
0.004995 4e-06
0.004612 1e-05
0.004919 6e-06
0.00497 6e-06
0.004873 7e-06
0.004976 8e-06
0.004957 7e-06
0.00495 4e-06
0.004939 5e-06
0.004899 6e-06
0.004929 5e-06
0.004868 5e-06
0.004882 4e-06
0.004973 5e-06
0.004942 6e-06
0.004941 4e-06
0.004854 4e-06
0.004873 5e-06
0.004917 4e-06
0.00485 4e-06
0.004905 4e-06
0.004914 4e-06
0.004476 5e-06
0.004892 5e-06
0.004875 6e-06
0.004891 4e-06
0.00488 6e-06
0.004909 9e-06
0.004918 5e-06
0.004871 5e-06
0.004882 5e-06
0.004918 6e-06
0.004904 5e-06
0.004932 4e-06
0.004917 4e-06
0.0049 5e-06
0.004891 4e-06
0.004926 4e-06
0.004886 5e-06
0.004907 5e-06
0.004889 5e-06
0.00491 5e-06
0.004886 5e-06
0.004904 4e-06
0.004154 5e-06
0.004835 5e-06
0.004859 6e-06
0.004946 5e-06
0.004899 7e-06
0.004905 9e-06
0.004964 6e-06
0.004891 8e-06
0.007052 5e-06
0.004863 5e-06
0.004914 4e-06
0.004855 5e-06
0.004909 5e-06
0.004897 5e-06
0.004895 5e-06
0.004879 4e-06
0.004986 5e-06
0.005409 5e-06
0.004919 6e-06
0.004891 5e-06
0.004886 5e-06
0.004955 3e-06
0.004169 6e-06
0.00493 5e-06
0.004855 5e-06
0.004901 4e-06
0.004868 6e-06
0.004958 7e-06
0.004878 5e-06
0.004934 3e-06
0.00488 6e-06
0.004944 4e-06
0.004952 8e-06
0.005058 6e-06
0.004947 4e-06
0.004838 5e-06
0.004891 4e-06
0.004921 5e-06
0.004897 4e-06
0.00493 4e-06
0.004906 4e-06
0.004915 4e-06
0.00489 5e-06
0.004884 5e-06
0.004229 5e-06
0.004926 5e-06
0.004901 5e-06
0.004903 4e-06
0.004879 6e-06
0.00496 6e-06
0.004902 5e-06
0.004917 4e-06
0.004917 4e-06
0.004885 4e-06
0.004921 4e-06
0.005003 6e-06
0.004862 5e-06
0.004922 5e-06
0.004881 5e-06
0.004885 5e-06
0.004825 4e-06
0.004888 5e-06
0.004909 6e-06
0.004941 5e-06
0.004887 5e-06
0.004957 5e-06
0.004127 5e-06
0.004898 4e-06
0.004911 8e-06
0.004982 5e-06
0.004923 6e-06
0.004954 7e-06
0.004927 6e-06
0.00499 6e-06
0.004891 5e-06
0.004908 5e-06
0.004942 6e-06
0.00489 5e-06
0.004987 5e-06
0.004937 6e-06
0.004955 7e-06
0.004891 5e-06
0.00486 6e-06
0.004989 4e-06
0.00488 6e-06
0.004902 4e-06
0.00486 5e-06
0.004865 5e-06
0.004273 5e-06
0.004894 6e-06
0.004888 4e-06
0.004925 5e-06
0.004903 5e-06
0.004949 7e-06
0.004943 4e-06
0.00492 4e-06
0.004865 5e-06
0.004875 4e-06
0.004858 5e-06
0.004882 4e-06
0.00488 4e-06
0.004915 4e-06
0.004888 3e-06
0.004908 5e-06
0.005089 5e-06
0.004894 6e-06
0.00489 5e-06
0.004901 5e-06
0.004875 4e-06
0.004865 5e-06
0.004175 6e-06
0.004864 5e-06
0.004874 4e-06
0.004936 4e-06
0.004847 4e-06
0.004962 7e-06
0.004894 4e-06
0.004936 5e-06
0.004857 4e-06
0.004919 4e-06
0.004913 4e-06
0.004903 4e-06
0.004895 4e-06
0.004914 4e-06
0.004915 7e-06
0.005004 6e-06
0.004889 5e-06
0.004909 4e-06
0.004877 5e-06
0.004909 5e-06
0.00491 5e-06
0.005006 4e-06
0.00451 7e-06
0.004975 5e-06
0.004936 5e-06
0.00491 5e-06
0.004897 1e-05
0.00507 9e-06
0.00492 6e-06
0.005004 5e-06
0.004925 7e-06
0.004955 6e-06
0.005005 5e-06
0.004922 5e-06
0.004912 5e-06
0.004911 4e-06
0.004972 5e-06
0.005007 6e-06
0.004929 5e-06
0.004888 4e-06
0.004887 5e-06
0.004944 5e-06
0.004929 4e-06
0.004927 4e-06
0.004134 5e-06
0.004939 5e-06
0.00492 3e-06
0.004885 4e-06
0.004924 7e-06
0.004912 6e-06
0.004939 5e-06
0.004927 6e-06
0.004908 5e-06
0.004948 5e-06
0.004893 4e-06
0.004866 4e-06
0.004934 4e-06
0.00488 5e-06
0.004948 4e-06
0.00487 5e-06
0.00487 5e-06
0.004908 5e-06
0.004928 6e-06
0.004912 4e-06
0.004893 4e-06
0.004907 4e-06
0.004179 6e-06
0.004875 5e-06
0.004932 4e-06
0.004916 5e-06
0.004964 7e-06
0.005065 8e-06
0.004938 5e-06
0.004927 4e-06
0.004923 4e-06
0.004904 5e-06
0.004836 5e-06
0.004874 5e-06
0.004906 6e-06
0.004939 4e-06
0.004875 4e-06
0.004895 5e-06
0.004936 5e-06
0.004926 4e-06
0.004909 5e-06
0.004904 7e-06
0.004928 4e-06
0.004867 4e-06
0.004281 6e-06
0.004904 6e-06
0.00495 5e-06
0.004909 4e-06
0.004923 5e-06
0.00502 7e-06
0.004963 5e-06
0.004946 9e-06
0.004921 4e-06
0.004911 5e-06
0.0049 6e-06
0.004954 5e-06
0.004852 5e-06
0.004903 5e-06
0.004869 4e-06
0.004901 6e-06
0.00521 9e-06
0.004905 5e-06
0.004899 7e-06
0.004869 4e-06
0.005553 4e-06
0.004851 3e-06
0.004047 5e-06
0.004916 4e-06
0.004898 5e-06
0.004909 5e-06
0.00499 7e-06
0.004918 8e-06
0.004884 5e-06
0.004895 4e-06
0.004916 4e-06
0.004923 4e-06
0.005073 5e-06
0.004887 6e-06
0.004894 5e-06
0.00491 6e-06
0.004895 4e-06
0.0049 4e-06
0.004895 4e-06
0.004938 5e-06
0.004895 5e-06
0.004927 6e-06
0.004921 5e-06
0.004905 3e-06
0.004194 4e-06
0.004897 5e-06
0.004943 6e-06
0.004946 4e-06
0.004873 5e-06
0.00494 6e-06
0.004913 5e-06
0.004879 5e-06
0.004945 3e-06
0.004926 6e-06
0.004896 7e-06
0.004953 4e-06
0.004941 5e-06
0.004972 5e-06
0.004914 4e-06
0.004903 4e-06
0.004897 5e-06
0.004933 4e-06
0.004883 3e-06
0.004901 4e-06
0.00488 4e-06
0.004875 4e-06
0.004174 6e-06
0.004931 5e-06
0.004888 6e-06
0.004947 5e-06
0.004837 6e-06
0.004911 5e-06
0.004898 5e-06
0.004885 5e-06
0.004899 5e-06
0.004886 5e-06
0.004904 4e-06
0.004914 5e-06
0.004878 4e-06
0.004902 4e-06
0.004898 5e-06
0.00489 5e-06
0.004945 6e-06
0.004934 4e-06
0.004906 5e-06
0.004937 4e-06
0.004902 5e-06
0.004861 6e-06
0.005951 7e-06
0.004959 7e-06
0.00493 5e-06
0.005395 6e-06
0.004966 8e-06
0.004963 6e-06
0.004912 4e-06
0.004923 5e-06
0.00486 4e-06
0.004892 4e-06
0.004931 4e-06
0.0049 4e-06
0.00496 4e-06
0.004931 4e-06
0.004902 4e-06
0.00491 5e-06
0.004908 5e-06
0.004901 5e-06
0.004888 5e-06
0.004913 4e-06
0.004865 4e-06
0.004183 3e-06
0.004795 5e-06
0.004985 4e-06
0.004912 6e-06
0.004843 4e-06
0.004972 7e-06
0.004913 5e-06
0.004871 5e-06
0.005006 5e-06
0.004903 4e-06
0.00486 4e-06
0.004905 4e-06
0.004882 4e-06
0.004885 6e-06
0.004952 5e-06
0.004904 4e-06
0.004921 4e-06
0.004906 4e-06
0.004902 5e-06
0.004908 4e-06
0.004885 4e-06
0.004895 5e-06
0.004472 3e-06
0.004883 7e-06
0.004875 6e-06
0.004868 4e-06
0.004895 5e-06
0.004912 1e-05
0.004969 6e-06
0.004921 5e-06
0.004927 6e-06
0.004906 4e-06
0.004917 6e-06
0.005073 3e-06
0.004929 5e-06
0.004905 6e-06
0.005022 5e-06
0.004879 5e-06
0.00493 4e-06
0.004903 4e-06
0.004906 4e-06
0.004875 5e-06
0.00492 5e-06
0.00492 6e-06
0.00456 6e-06
0.004905 3e-06
0.004895 4e-06
0.004915 6e-06
0.004885 5e-06
0.004879 2.6e-05
0.005007 6e-06
0.004888 7e-06
0.004918 5e-06
0.004859 5e-06
0.004926 5e-06
0.004935 5e-06
0.004931 5e-06
0.00491 5e-06
0.004943 5e-06
0.004915 3e-06
0.004879 5e-06
0.004924 4e-06
0.004912 5e-06
0.004899 5e-06
0.004929 4e-06
0.004914 3e-06
0.0045 4e-06
