0.004579 2e-06
0.00434 2e-06
0.004322 1e-06
0.00432 1e-06
0.004314 1e-06
0.004315 2e-06
0.004294 1e-06
0.005093 2e-06
0.004325 2e-06
0.004328 2e-06
0.004326 2e-06
0.004325 3e-06
0.004167 1e-06
0.003966 1e-06
0.004306 2e-06
0.004302 1e-06
0.004308 1e-06
0.00432 2e-06
0.004359 2e-06
0.00433 1e-06
0.00429 2e-06
0.004313 1e-06
0.004309 2e-06
0.004329 3e-06
0.004301 1e-06
0.00429 3e-06
0.004282 1e-06
0.004312 1e-06
0.004296 2e-06
0.004304 2e-06
0.004298 3e-06
0.004325 2e-06
0.004302 1e-06
0.004313 1e-06
0.004244 1e-06
0.003946 2e-06
0.004298 2e-06
0.00452 1e-06
0.005473 2e-06
0.004331 2e-06
0.004362 2e-06
0.004338 2e-06
0.004312 1e-06
0.004317 2e-06
0.004305 2e-06
0.004317 2e-06
0.004308 2e-06
0.004309 2e-06
0.004296 1e-06
0.004322 2e-06
0.004301 1e-06
0.004322 1e-06
0.004314 1e-06
0.005043 2e-06
0.004309 2e-06
0.004312 1e-06
0.004292 1e-06
0.004341 1e-06
0.004304 2e-06
0.004312 1e-06
0.004309 1e-06
0.004326 2e-06
0.004343 2e-06
0.004332 2e-06
0.004307 2e-06
0.004306 1e-06
0.004281 1e-06
0.004319 2e-06
0.004288 2e-06
0.004313 2e-06
0.004324 1e-06
0.004312 1e-06
0.004322 1e-06
0.004301 1e-06
0.004309 2e-06
0.004357 2e-06
0.004302 2e-06
0.004326 1e-06
0.004124 1e-06
0.004346 1e-06
0.004285 1e-06
0.00432 2e-06
0.004311 1e-06
0.004329 2e-06
0.004338 2e-06
0.004327 2e-06
0.004304 2e-06
0.004308 1e-06
0.004372 2e-06
0.004318 1e-06
0.004293 1e-06
0.004338 1e-06
0.004308 1e-06
0.004339 2e-06
0.006497 4e-06
0.005065 1e-06
0.004712 2e-06
0.004341 2e-06
0.004342 2e-06
0.00414 2e-06
0.004293 2e-06
0.004509 3e-06
0.004922 3e-06
0.004361 2e-06
0.004319 2e-06
0.004427 2e-06
0.004306 2e-06
0.004321 3e-06
0.004305 3e-06
0.004327 1e-06
0.004315 2e-06
0.004327 1e-06
0.004301 1e-06
0.004309 1e-06
0.00432 1e-06
0.004319 1e-06
0.004301 2e-06
0.004316 1e-06
0.004307 1e-06
0.004319 1e-06
0.004304 1e-06
0.003979 2e-06
0.004195 1e-06
0.004305 1e-06
0.004298 2e-06
0.004367 2e-06
0.004331 2e-06
0.00439 1e-06
0.004332 1e-06
0.004335 1e-06
0.004306 2e-06
0.004331 1e-06
0.004302 1e-06
0.004328 2e-06
0.004321 2e-06
0.004391 2e-06
0.004321 1e-06
0.004329 1e-06
0.004323 2e-06
0.004342 1e-06
0.004295 1e-06
0.004317 2e-06
0.004304 1e-06
0.004124 1e-06
0.004108 1e-06
0.004311 2e-06
0.004503 1e-06
0.004343 1e-06
0.004316 2e-06
0.004534 2e-06
0.004327 1e-06
0.00433 1e-06
0.004308 3e-06
0.004315 2e-06
0.004318 2e-06
0.004318 2e-06
0.004312 2e-06
0.00431 1e-06
0.004349 1e-06
0.004358 1e-06
0.004319 1e-06
0.004381 2e-06
0.004315 2e-06
0.004319 2e-06
0.004301 2e-06
0.003735 2e-06
0.004313 1e-06
0.004323 2e-06
0.004318 1e-06
0.004306 1e-06
0.004328 2e-06
0.004362 2e-06
0.004318 2e-06
0.004327 1e-06
0.004306 2e-06
0.004339 1e-06
0.004308 1e-06
0.004331 2e-06
0.004336 1e-06
0.004327 2e-06
0.004318 1e-06
0.004338 1e-06
0.004326 2e-06
0.004309 2e-06
0.004339 2e-06
0.004356 2e-06
0.004311 1e-06
0.003969 0
0.004333 2e-06
0.004358 1e-06
0.004371 2e-06
0.004332 3e-06
0.004362 2e-06
0.004345 2e-06
0.004314 1e-06
0.004312 2e-06
0.004333 1e-06
0.004371 2e-06
0.004321 1e-06
0.004334 1e-06
0.004304 1e-06
0.004322 2e-06
0.004311 2e-06
0.004334 2e-06
0.00431 2e-06
0.004312 1e-06
0.004321 1e-06
0.004328 2e-06
0.004302 1e-06
0.003688 2e-06
0.004322 1e-06
0.004321 1e-06
0.004315 1e-06
0.004343 2e-06
0.00432 2e-06
0.004338 2e-06
0.004316 2e-06
0.00433 2e-06
0.004312 1e-06
0.004323 1e-06
0.004348 2e-06
0.004344 2e-06
0.004331 1e-06
0.004354 2e-06
0.004328 2e-06
0.004314 2e-06
0.004305 1e-06
0.004339 1e-06
0.004311 1e-06
0.004328 2e-06
0.004306 2e-06
0.003786 1e-06
0.004314 2e-06
0.004323 2e-06
0.004305 3e-06
0.004339 2e-06
0.004334 1e-06
0.004363 2e-06
0.004326 2e-06
0.004329 1e-06
0.004315 2e-06
0.004338 1e-06
0.004314 2e-06
0.00433 1e-06
0.00429 1e-06
0.00435 1e-06
0.004319 1e-06
0.004321 2e-06
0.004322 2e-06
0.004329 2e-06
0.00432 1e-06
0.004337 1e-06
0.004335 2e-06
0.003996 1e-06
0.00431 2e-06
0.004329 1e-06
0.004323 2e-06
0.004333 2e-06
0.004333 2e-06
0.004362 2e-06
0.004401 2e-06
0.00437 1e-06
0.004338 2e-06
0.004373 2e-06
0.004303 1e-06
0.004322 1e-06
0.004346 1e-06
0.004343 1e-06
0.004299 2e-06
0.004338 3e-06
0.004311 2e-06
0.004324 2e-06
0.004296 1e-06
0.004325 1e-06
0.004311 1e-06
0.003969 2e-06
0.003712 1e-06
0.003536 1e-06
0.003526 2e-06
0.003562 1e-06
0.003458 1e-06
0.00377 2e-06
0.004336 2e-06
0.004332 1e-06
0.004327 2e-06
0.004332 2e-06
0.004316 1e-06
0.004334 2e-06
0.004298 1e-06
0.004321 1e-06
0.004317 1e-06
0.004325 2e-06
0.004315 2e-06
0.004327 2e-06
0.004307 2e-06
0.004299 1e-06
0.004057 1e-06
0.004339 2e-06
0.004337 1e-06
0.004343 1e-06
0.004318 2e-06
0.004403 3e-06
0.004363 1e-06
0.004385 2e-06
0.004359 3e-06
0.004355 1e-06
0.004334 1e-06
0.004334 1e-06
0.00431 1e-06
0.004334 2e-06
0.004351 3e-06
0.004333 2e-06
0.004329 2e-06
0.004332 1e-06
0.004319 1e-06
0.004318 1e-06
0.004304 1e-06
0.004297 1e-06
0.003852 1e-06
0.004353 1e-06
0.004365 2e-06
0.004318 2e-06
0.004385 2e-06
0.004416 2e-06
0.004336 1e-06
0.004328 1e-06
0.004423 1e-06
0.004349 2e-06
0.004342 2e-06
0.00434 1e-06
0.004316 1e-06
0.004344 1e-06
0.004372 2e-06
0.004332 2e-06
0.004312 1e-06
0.004322 1e-06
0.004335 2e-06
0.00433 2e-06
0.004324 1e-06
0.004235 2e-06
0.004323 1e-06
0.004326 1e-06
0.004322 1e-06
0.004321 2e-06
0.004328 2e-06
0.004429 2e-06
0.004338 2e-06
0.004335 1e-06
0.004306 1e-06
0.004331 1e-06
0.004315 2e-06
0.00433 1e-06
0.004341 1e-06
0.004342 1e-06
0.004322 2e-06
0.004349 2e-06
0.004313 1e-06
0.004324 2e-06
0.004301 2e-06
0.004327 3e-06
0.004366 2e-06
0.00401 1e-06
0.004309 2e-06
0.004434 3e-06
0.004323 1e-06
0.004383 2e-06
0.00434 4e-06
0.004414 2e-06
0.004342 3e-06
0.00434 2e-06
0.00433 1e-06
0.004347 1e-06
0.004402 2e-06
0.004339 1e-06
0.00431 1e-06
0.004343 2e-06
0.004336 2e-06
0.00433 1e-06
0.004317 1e-06
0.004335 2e-06
0.004316 1e-06
0.00434 2e-06
0.004347 1e-06
0.003651 1e-06
0.004311 2e-06
0.004331 2e-06
0.004317 1e-06
0.004344 1e-06
0.004328 2e-06
0.004435 2e-06
0.004325 1e-06
0.00432 2e-06
0.004331 2e-06
0.004327 2e-06
0.004326 1e-06
0.004342 1e-06
0.004303 2e-06
0.004311 2e-06
0.004313 1e-06
0.004331 2e-06
0.004313 1e-06
0.004334 2e-06
0.004325 1e-06
0.004317 1e-06
0.004313 2e-06
0.003996 1e-06
0.004322 2e-06
0.005101 3e-06
0.004353 2e-06
0.004343 2e-06
0.004364 3e-06
0.004378 2e-06
0.004343 1e-06
0.004338 2e-06
0.004312 2e-06
0.004331 1e-06
0.004304 1e-06
0.004327 2e-06
0.004324 1e-06
0.004319 1e-06
0.004309 3e-06
0.005758 3e-06
0.004361 2e-06
0.004344 3e-06
0.004356 1e-06
0.004354 1e-06
0.004315 1e-06
0.004367 1e-06
0.005408 2e-06
0.00434 1e-06
0.004869 2e-06
0.00439 1e-06
0.004342 1e-06
0.004341 1e-06
0.004324 2e-06
0.004354 2e-06
0.005065 2e-06
0.004337 1e-06
0.004751 2e-06
0.005074 4e-06
0.004357 2e-06
0.004322 1e-06
0.004331 2e-06
0.004374 2e-06
0.00528 2e-06
0.005274 3e-06
0.005276 3e-06
0.00407 1e-06
0.005336 2e-06
0.005256 2e-06
0.005265 2e-06
0.005362 2e-06
0.005245 2e-06
0.005265 2e-06
0.005214 2e-06
0.005231 2e-06
0.005224 2e-06
0.005278 3e-06
0.005267 1e-06
0.005233 1e-06
0.005204 2e-06
0.005234 1e-06
0.00521 1e-06
0.005248 1e-06
0.00522 2e-06
0.0037 2e-06
0.005223 2e-06
0.005234 2e-06
0.005207 1e-06
0.005442 2e-06
0.00525 4e-06
0.005284 2e-06
0.005214 2e-06
0.005233 2e-06
0.005207 2e-06
0.005232 1e-06
0.005213 3e-06
0.005234 1e-06
0.005254 2e-06
0.005231 1e-06
0.005221 2e-06
0.005224 1e-06
0.00516 1e-06
0.003692 1e-06
0.005221 2e-06
0.005251 2e-06
0.005235 2e-06
0.005504 3e-06
0.005259 2e-06
0.005266 3e-06
0.005232 1e-06
0.005271 2e-06
0.005239 2e-06
0.005256 2e-06
0.005246 1e-06
0.005249 2e-06
0.004313 2e-06
0.004327 1e-06
0.004319 1e-06
0.004341 1e-06
0.004302 2e-06
0.004366 1e-06
0.003917 3e-06
0.004374 2e-06
0.004322 2e-06
0.00434 2e-06
0.004312 1e-06
0.004414 3e-06
0.004334 2e-06
0.004336 2e-06
0.004327 1e-06
0.004334 2e-06
0.004302 1e-06
0.004322 1e-06
0.004303 1e-06
0.004331 2e-06
0.004301 1e-06
0.004354 1e-06
0.004326 2e-06
0.00434 2e-06
0.004348 1e-06
0.004351 1e-06
0.004333 2e-06
0.004427 1e-06
0.004103 2e-06
0.004341 1e-06
0.004322 2e-06
0.00434 2e-06
0.004321 2e-06
0.004415 2e-06
0.004306 1e-06
0.004364 2e-06
0.004345 2e-06
0.004321 2e-06
0.004314 1e-06
0.004327 1e-06
0.004333 2e-06
0.004327 2e-06
0.004324 1e-06
0.004335 1e-06
0.00431 2e-06
0.004347 1e-06
0.00433 2e-06
0.004337 1e-06
0.004311 2e-06
0.004264 1e-06
0.003748 1e-06
0.004341 3e-06
0.004322 2e-06
0.004325 1e-06
0.004339 1e-06
0.004389 3e-06
0.004327 1e-06
0.004338 1e-06
0.004357 2e-06
0.004332 2e-06
0.004308 1e-06
0.004336 1e-06
0.004319 1e-06
0.004326 1e-06
0.004322 2e-06
0.004421 2e-06
0.004335 2e-06
0.004338 2e-06
0.004313 2e-06
0.004318 1e-06
0.004319 1e-06
0.004322 1e-06
0.004229 2e-06
0.004354 1e-06
0.004318 3e-06
0.00435 1e-06
0.004327 3e-06
0.004361 1e-06
0.004416 2e-06
0.004339 1e-06
0.004346 1e-06
0.004326 2e-06
0.004321 2e-06
0.004342 1e-06
0.004316 1e-06
0.004325 1e-06
0.004306 2e-06
0.004332 1e-06
0.004303 1e-06
0.004332 1e-06
0.004316 1e-06
0.004331 3e-06
0.004337 2e-06
0.004307 1e-06
0.00384 2e-06
0.004327 2e-06
0.004322 1e-06
0.004345 2e-06
0.004319 1e-06
0.00437 2e-06
0.004353 2e-06
0.004322 1e-06
0.004342 2e-06
0.004331 1e-06
0.004315 2e-06
0.004319 2e-06
0.004321 2e-06
0.004327 1e-06
0.004308 2e-06
0.004358 2e-06
0.004337 1e-06
0.004335 1e-06
0.004312 1e-06
0.004344 1e-06
0.004309 2e-06
0.004324 1e-06
0.003805 2e-06
0.004341 1e-06
0.004385 1e-06
0.00436 2e-06
0.004356 1e-06
0.004335 1e-06
0.004312 2e-06
0.004312 1e-06
0.004297 2e-06
0.004349 1e-06
0.004313 2e-06
0.004374 2e-06
0.004399 2e-06
0.005089 2e-06
0.004422 2e-06
0.004425 2e-06
0.004362 2e-06
0.004425 2e-06
0.004512 2e-06
0.004709 1e-06
0.004405 2e-06
0.00432 2e-06
0.004369 2e-06
0.0044 2e-06
0.005265 3e-06
0.004932 1e-06
0.004511 2e-06
0.004774 2e-06
0.004451 2e-06
0.00442 2e-06
0.005409 2e-06
0.005913 2e-06
0.004438 4e-06
0.004742 2e-06
0.004815 2e-06
0.006504 2e-06
0.006406 3e-06
0.005282 2e-06
0.004348 1e-06
0.004546 2e-06
0.004114 2e-06
0.00435 1e-06
0.004338 2e-06
0.004348 2e-06
0.00432 2e-06
0.004382 1e-06
0.004368 2e-06
0.00441 2e-06
0.004359 3e-06
0.004348 1e-06
0.004327 1e-06
0.004648 2e-06
0.00451 2e-06
0.004785 2e-06
0.00648 2e-06
0.006441 2e-06
0.004352 1e-06
0.00435 1e-06
0.004325 2e-06
0.004315 1e-06
0.004378 2e-06
0.003712 1e-06
0.004327 1e-06
0.004338 2e-06
0.004313 2e-06
0.004322 1e-06
0.004328 2e-06
0.004388 2e-06
0.004355 2e-06
0.004348 3e-06
0.00432 2e-06
0.004328 2e-06
0.004307 1e-06
0.004321 1e-06
0.004333 1e-06
0.004323 1e-06
0.004296 2e-06
0.00436 1e-06
0.004313 1e-06
0.004326 1e-06
0.004317 1e-06
0.004333 2e-06
0.004337 2e-06
0.003667 1e-06
0.004318 2e-06
0.004336 2e-06
0.004316 2e-06
0.004367 1e-06
0.004351 1e-06
0.004413 2e-06
0.004341 2e-06
0.004325 2e-06
0.00437 2e-06
0.00434 1e-06
0.004303 1e-06
0.00431 2e-06
0.004338 2e-06
0.00456 1e-06
0.004307 2e-06
0.004334 1e-06
0.004317 2e-06
0.004325 2e-06
0.004308 1e-06
0.004342 1e-06
0.004325 2e-06
0.003864 1e-06
0.004354 2e-06
0.004342 1e-06
0.004317 1e-06
0.004329 2e-06
0.004332 2e-06
0.004344 1e-06
0.004351 1e-06
0.004332 1e-06
0.004305 2e-06
0.004361 2e-06
0.00434 2e-06
0.004362 1e-06
0.004308 1e-06
0.004334 2e-06
0.004348 2e-06
0.004363 1e-06
0.004315 1e-06
0.004324 2e-06
0.004295 2e-06
0.004329 2e-06
0.004316 2e-06
0.004324 2e-06
0.004322 2e-06
0.004334 1e-06
0.004355 2e-06
0.004383 2e-06
0.004421 1e-06
0.004354 2e-06
0.00433 1e-06
0.004324 2e-06
0.004337 1e-06
0.004313 1e-06
0.00432 1e-06
0.004321 1e-06
0.004326 2e-06
0.004331 1e-06
0.00432 2e-06
0.004384 1e-06
0.004341 1e-06
0.004331 1e-06
0.004317 2e-06
0.00433 1e-06
0.004025 2e-06
0.004319 2e-06
0.004301 2e-06
0.004329 2e-06
0.004319 2e-06
0.004316 2e-06
0.004371 2e-06
0.004335 2e-06
0.004331 2e-06
0.004334 2e-06
0.004361 1e-06
0.004368 1e-06
0.004302 2e-06
0.004342 2e-06
0.004316 1e-06
0.004313 1e-06
0.004315 1e-06
0.004322 3e-06
0.004313 1e-06
0.005357 2e-06
0.004927 2e-06
0.004348 2e-06
0.003651 1e-06
0.004356 3e-06
0.004321 2e-06
0.004365 1e-06
0.004305 1e-06
0.004354 2e-06
0.004352 2e-06
0.004341 1e-06
0.004329 2e-06
0.004334 2e-06
0.004304 1e-06
0.004334 2e-06
0.004311 2e-06
0.00436 2e-06
0.004316 2e-06
0.004321 1e-06
0.004311 1e-06
0.004318 1e-06
0.00431 1e-06
0.004321 3e-06
0.004326 1e-06
0.004332 2e-06
0.003764 1e-06
0.004333 3e-06
0.004316 2e-06
0.004325 1e-06
0.004319 1e-06
0.004338 2e-06
0.004318 2e-06
0.004334 1e-06
0.004329 1e-06
0.004328 2e-06
0.004306 1e-06
0.004337 2e-06
0.004295 1e-06
0.004321 1e-06
0.004312 2e-06
0.004331 1e-06
0.004316 2e-06
0.004331 1e-06
0.0043 2e-06
0.004333 1e-06
0.004314 1e-06
0.004338 2e-06
0.003763 1e-06
0.004412 1e-06
0.004316 1e-06
0.004339 2e-06
0.00432 2e-06
0.004346 2e-06
0.004331 2e-06
0.004345 1e-06
0.004346 1e-06
0.004318 3e-06
0.004307 1e-06
0.004315 2e-06
0.004314 3e-06
0.00433 1e-06
0.004315 2e-06
0.004367 2e-06
0.004317 1e-06
0.004367 2e-06
0.004344 2e-06
0.004329 2e-06
0.004309 1e-06
0.004361 1e-06
0.003815 1e-06
0.004337 2e-06
0.00436 2e-06
0.00436 2e-06
0.004348 1e-06
0.004348 3e-06
0.004339 4e-06
0.00434 1e-06
0.00431 2e-06
0.004332 2e-06
0.004336 1e-06
0.004356 1e-06
0.004332 1e-06
0.004325 2e-06
0.004325 2e-06
0.004365 1e-06
0.004373 2e-06
0.004356 2e-06
0.004331 1e-06
0.004342 2e-06
0.004342 1e-06
0.004369 1e-06
0.003864 2e-06
0.004352 3e-06
0.004361 2e-06
0.004324 2e-06
0.004315 1e-06
0.004331 1e-06
0.004324 1e-06
0.004325 2e-06
0.004308 1e-06
0.004338 1e-06
0.004714 1e-06
0.004331 1e-06
0.004325 2e-06
0.004307 1e-06
0.00432 2e-06
0.004326 2e-06
0.004331 2e-06
0.004337 1e-06
0.004323 1e-06
0.004327 3e-06
0.004313 1e-06
0.004333 2e-06
0.003919 1e-06
0.004324 2e-06
0.004338 1e-06
0.004323 2e-06
0.004313 2e-06
0.004468 3e-06
0.004331 3e-06
0.004333 2e-06
0.00442 1e-06
0.004395 2e-06
0.004324 1e-06
0.004329 1e-06
0.004302 1e-06
0.004389 2e-06
0.004335 1e-06
0.004324 2e-06
0.004337 2e-06
0.004326 2e-06
0.004315 1e-06
0.004324 1e-06
0.004321 2e-06
0.004234 2e-06
0.003954 2e-06
0.004334 2e-06
0.004367 2e-06
0.004376 2e-06
0.004351 1e-06
0.004463 3e-06
0.004332 2e-06
0.004334 2e-06
0.004328 3e-06
0.004321 1e-06
0.00432 1e-06
0.004335 3e-06
0.004347 1e-06
0.004316 2e-06
0.004333 1e-06
0.004342 2e-06
0.004311 1e-06
0.004344 2e-06
0.005698 3e-06
0.004969 2e-06
0.006456 2e-06
0.006379 3e-06
0.004814 1e-06
0.004772 2e-06
0.005742 8e-06
0.006541 2e-06
0.006419 2e-06
0.00494 1e-06
0.005648 1e-06
0.006462 2e-06
0.00644 3e-06
0.004356 2e-06
0.005449 3e-06
0.006583 3e-06
0.004362 2e-06
0.004333 1e-06
0.004313 2e-06
0.004338 1e-06
0.004115 1e-06
0.004096 2e-06
0.004339 2e-06
0.004353 2e-06
0.004323 1e-06
0.004344 1e-06
0.004365 1e-06
0.004379 2e-06
0.004327 2e-06
0.004326 2e-06
0.004319 1e-06
0.004363 2e-06
0.004338 1e-06
0.004342 1e-06
0.004318 1e-06
0.004373 2e-06
0.004338 2e-06
0.004345 1e-06
0.004315 1e-06
0.004323 1e-06
0.00433 1e-06
0.004322 1e-06
0.004118 1e-06
0.00435 2e-06
0.004304 1e-06
0.004341 1e-06
0.004366 2e-06
0.004335 2e-06
0.004344 1e-06
0.004324 3e-06
0.004309 2e-06
0.004331 1e-06
0.004316 2e-06
0.004333 2e-06
0.004306 1e-06
0.004328 2e-06
0.004314 1e-06
0.004332 2e-06
0.004309 1e-06
0.004344 2e-06
0.004309 2e-06
0.004339 1e-06
0.004319 3e-06
0.004334 1e-06
0.003867 1e-06
0.004168 1e-06
0.004353 2e-06
0.004342 1e-06
