0.035105 0.000183
0.033449 0.000144
0.034374 0.000195
0.033912 0.000159
0.034274 0.000166
0.034021 0.000115
0.03393 0.000196
0.034553 0.000164
0.034046 0.000149
0.032493 0.000134
0.034094 0.000177
0.034268 0.000161
0.034067 0.000202
0.034001 0.000145
0.037386 0.000228
0.034929 0.000133
0.034112 0.000134
0.035777 0.000158
0.034129 0.000129
0.034092 0.000115
0.034307 0.000142
0.034278 0.000155
0.033992 0.000126
0.034762 0.000117
0.034471 0.000205
0.034063 0.000206
0.034094 0.000159
0.034046 0.000177
0.034738 0.000203
0.033966 0.000213
0.031908 0.000179
0.03429 0.000172
0.034386 0.000135
0.034228 0.000158
0.034039 0.000157
0.034032 0.000182
0.034986 0.000164
0.034167 0.000188
0.032014 0.000146
0.034258 0.000166
0.034087 0.00024
0.034537 0.000187
0.034122 0.000156
0.034052 0.000145
0.034338 0.000224
0.034173 0.000159
0.053241 0.000239
0.040394 0.000176
0.036336 0.000178
0.037032 0.000132
0.040376 0.000289
0.038429 0.000197
0.036128 0.000232
0.035046 0.000123
0.035591 0.00014
0.034937 0.000175
0.035457 0.00023
0.034808 0.000147
0.034943 0.000174
0.035016 0.000182
0.034938 0.000194
0.034944 0.000185
0.03964 0.000143
0.036325 0.000118
0.051118 0.000234
0.034487 0.000138
0.034153 0.000142
0.034357 0.000178
0.034555 0.000152
0.034149 0.000158
0.035657 0.000222
0.035542 0.000172
0.034882 0.000174
0.034332 0.000183
0.034833 0.000156
0.037802 0.00022
0.034632 0.000143
0.032722 0.000148
0.034416 0.000182
0.034174 0.000136
0.034295 0.000178
0.034113 0.000189
0.034025 0.000195
0.037036 0.000155
0.03521 0.000162
0.033176 0.000172
0.03432 0.000106
0.034723 0.000205
0.03459 0.000211
0.037844 0.000137
0.034887 0.000175
0.034988 0.000152
0.034528 0.000132
0.035858 0.000212
0.035479 0.000148
0.035242 0.000181
0.037486 0.000119
0.035872 0.00016
0.036245 0.000278
0.035725 0.000184
0.035675 0.000173
0.036226 0.000157
0.034376 0.000165
0.033183 0.000155
0.034507 0.000206
0.034426 0.000117
0.034479 0.000221
0.03418 0.00016
0.034269 0.000166
0.035449 0.000151
0.035184 0.000175
0.036726 0.000143
0.035807 0.000245
0.034757 0.000147
0.035423 0.000154
0.035178 0.000188
0.0349 0.00015
0.034613 0.000139
0.034431 0.00014
0.035101 0.000158
0.035476 0.000167
0.034292 0.000172
0.03525 0.000145
0.03495 0.000116
0.035421 0.000203
0.035104 0.000139
0.034048 0.000118
0.034496 0.000183
0.034092 0.00015
0.038056 0.00031
0.037374 0.000137
0.03974 0.000198
0.0359 0.00022
0.03597 0.000138
0.036128 0.000204
0.034806 0.000203
0.031581 0.000149
0.034483 0.000156
0.03421 0.00014
0.035052 0.000178
0.03437 0.00012
0.031901 0.000142
0.034104 0.000166
0.034164 0.000145
0.034358 0.000154
0.034564 0.000176
0.034502 0.000223
0.035786 0.000164
0.0357 0.000137
0.032801 0.000179
0.034345 0.000133
0.034057 0.000204
0.034088 0.000184
0.034399 0.00016
0.034034 0.000118
0.034735 0.000192
0.041079 0.000179
0.035185 0.000167
0.03706 0.000175
0.034497 0.000179
0.035643 0.000159
0.035211 0.000168
0.037326 0.000217
0.03719 0.00021
0.050795 0.000358
0.03496 0.000151
0.034919 0.000141
0.035007 0.000111
0.034208 0.000153
0.03428 0.00018
0.03519 0.000118
0.034107 0.000189
0.034939 0.000215
0.035902 0.000146
0.03527 0.000151
0.034556 0.000146
0.034749 0.000195
0.034263 0.000287
0.03463 0.000221
0.035021 0.000222
0.034506 0.000143
0.034895 0.000142
0.03499 0.00019
0.03593 0.000196
0.034813 0.000163
0.032862 0.000248
0.035127 0.000223
0.034754 0.000155
0.035106 0.000189
0.034893 0.000144
0.035085 0.000108
0.03497 0.000159
0.034523 0.000111
0.035232 0.000223
0.034674 0.000319
0.03493 0.000149
0.035745 0.000162
0.034588 0.000167
0.033163 0.000126
0.035113 0.000143
0.034583 0.000162
0.036926 0.000181
0.042729 0.000348
0.035627 0.000225
0.035924 0.000169
0.035099 0.000158
0.035932 0.000193
0.034986 0.000193
0.034114 0.000144
0.034641 0.000167
0.034282 0.000173
0.035761 0.000185
0.034596 0.000156
0.033548 0.00017
0.034191 0.00023
0.034164 0.000146
0.034635 0.000175
0.035915 0.000191
0.034347 0.000217
0.035064 0.000211
0.034896 0.000151
0.034923 0.000206
0.03442 0.000207
0.034345 0.000152
0.034844 0.000204
0.034057 0.000142
0.032392 0.000164
0.035375 0.000122
0.034556 0.000126
0.037575 0.000175
0.034131 0.000132
0.034081 0.000186
0.03489 0.000139
0.036798 0.000142
0.033821 0.000215
0.036833 0.000151
0.03415 0.00018
0.034559 0.000139
0.035324 0.000143
0.034339 0.000146
0.034777 0.000234
0.034385 0.000128
0.034875 0.000143
0.034224 0.000167
0.034103 0.000161
0.035324 0.000196
0.034292 0.000184
0.031912 0.000171
0.034045 0.000202
0.034525 0.000242
0.034783 0.000177
0.034018 0.000146
0.034 0.000145
0.034781 0.00013
0.03403 0.00016
0.033266 0.000147
0.034087 0.000201
0.034145 0.000148
0.034412 0.00019
0.034147 0.000138
0.033069 0.000151
0.034205 0.000144
0.0341 0.000194
0.03419 0.000119
0.034194 0.000197
0.034052 0.000154
0.035419 0.000191
0.034153 0.000163
0.032803 0.000153
0.034094 0.000193
0.034059 0.000142
0.034192 0.000143
0.03416 0.000196
0.034254 0.000157
0.034847 0.000168
0.034108 0.000199
0.032166 0.000233
0.03429 0.000145
0.035734 0.000117
0.034409 0.000167
0.034009 0.000198
0.033964 0.000118
0.034883 0.000146
0.034483 0.000141
0.032093 0.000171
0.034103 0.00019
0.034103 0.000185
0.034206 0.000257
0.033985 0.000174
0.034009 0.000158
0.035108 0.000193
0.034225 0.00014
0.031749 0.000129
0.034074 0.000184
0.033858 0.000233
0.034384 0.000218
0.034188 0.000148
0.03417 0.000155
0.034593 0.000194
0.034535 0.000249
0.034144 0.000177
0.034071 0.000139
0.034149 0.000151
0.034582 0.000223
0.034158 0.000251
0.033692 0.000149
0.034147 0.000175
0.034148 0.000164
0.034661 0.00016
0.034168 0.000199
0.033986 0.000119
0.034831 0.000227
0.034445 0.000176
0.032256 0.00015
0.034188 0.0002
0.034061 0.000171
0.034163 0.000164
0.034566 0.000173
0.033947 0.000138
0.034771 0.000171
0.03429 0.000206
0.033528 0.000177
0.034045 0.000208
0.033966 0.000254
0.034268 0.000246
0.036315 0.000188
0.033099 0.000131
0.034129 0.00015
0.033931 0.000136
0.03445 0.000134
0.034285 0.00014
0.033904 0.000136
0.034859 0.000168
0.034052 0.000147
0.032286 0.000178
0.034334 0.00015
0.034077 0.000139
0.034319 0.000172
0.034276 0.000188
0.034207 0.000149
0.034954 0.000144
0.034193 0.000185
0.032478 0.000128
0.034558 0.000209
0.0341 0.0002
0.034186 0.000149
0.03425 0.000197
0.034162 0.000198
0.034562 0.000179
0.034186 0.000163
0.0326 0.000169
0.034238 0.000151
0.034189 0.000179
0.034412 0.000213
0.034119 0.000185
0.033793 0.000109
0.034279 0.000148
0.034158 0.000184
0.034286 0.000184
0.034224 0.000144
0.033983 0.000161
0.034681 0.00015
0.034216 0.000158
0.032577 0.000187
0.034167 0.000186
0.034432 0.000124
0.034275 0.000168
0.034102 0.00015
0.034252 0.000173
0.035004 0.000196
0.034055 0.000103
0.032566 0.000191
0.034279 0.000139
0.034065 0.000173
0.034344 0.00016
0.034078 0.000176
0.033906 0.000123
0.034079 0.000149
0.034392 0.000157
0.034021 0.000168
0.033975 0.000112
0.033997 0.000139
0.034513 0.000204
0.034193 0.000186
0.031978 0.000154
0.034016 0.000171
0.034134 0.00014
0.034361 0.000162
0.034032 0.000162
0.034349 0.000175
0.034808 0.000171
0.034036 0.000162
0.032542 0.00021
0.034692 0.000153
0.034002 0.000199
0.034192 0.000221
0.034242 0.000179
0.033977 0.000143
0.035383 0.000157
0.034067 0.000179
0.034241 0.000286
0.034026 0.000144
0.028226 0.000129
0.034044 0.000167
0.032635 0.000175
0.03416 0.000161
0.034571 0.000201
0.034222 0.000192
0.034198 0.000164
0.034329 0.000122
0.034411 0.000235
0.033994 0.000151
0.03417 0.000158
0.034145 0.00016
0.034001 0.000176
0.034759 0.000192
0.034165 0.000135
0.032723 0.000217
0.034192 0.000139
0.034138 0.000147
0.034224 0.000152
0.034096 0.000209
0.034073 0.00014
0.035259 0.000178
0.034048 0.000186
0.032714 0.000149
0.034013 0.000191
0.034548 0.000147
0.03407 0.00021
0.034051 0.000147
0.033945 0.000209
0.035371 0.000147
0.034023 0.000194
0.032356 0.00015
0.034091 0.000124
0.03417 0.000131
0.034156 0.000157
0.033985 0.000173
0.034102 0.000149
0.034871 0.000165
0.034539 0.000228
0.033704 0.000174
0.034079 0.000143
0.034073 0.000135
0.034722 0.000127
0.034087 0.000214
0.03394 0.000168
0.034717 0.00017
0.034047 0.000193
0.033066 0.000174
0.034131 0.000194
0.034178 0.000178
0.034415 0.000196
0.034305 0.00016
0.033764 0.000179
0.034162 0.00019
0.034213 0.000236
0.03446 0.00018
0.034211 0.000123
0.034103 0.000215
0.034855 0.000261
0.034823 0.000224
0.033118 0.000151
0.053829 0.00044
0.036744 0.000131
0.036825 0.000196
0.035882 0.000146
0.034465 0.000151
0.035687 0.000172
0.032522 0.000192
0.034181 0.000145
0.034026 0.000146
0.034076 0.000167
0.034283 0.000188
0.034001 0.000188
0.035089 0.000175
0.03422 0.000184
0.034047 0.000195
0.03431 0.000233
0.034311 0.000127
0.037225 0.000184
0.036304 0.00027
0.035126 0.00022
0.034181 0.000178
0.034106 0.000133
0.03452 0.000176
0.034091 0.000197
0.033987 0.000113
0.034244 0.000171
0.03416 0.000159
0.034873 0.000201
0.034074 0.000173
0.034093 0.000167
0.040771 0.000143
0.034158 0.000178
0.032653 0.000197
0.034489 0.000203
0.03422 0.000176
0.034441 0.000139
0.034162 0.000139
0.034216 0.000145
0.03544 0.000156
0.034862 0.00015
0.032584 0.000136
0.034135 0.000161
0.034089 0.000129
0.034177 0.000179
0.034263 0.000198
0.03401 0.000188
0.035093 0.00019
0.034225 0.000208
0.034225 0.000165
0.034096 0.000158
0.034161 0.000152
0.035106 0.000156
0.034357 0.000153
0.033023 0.000251
0.03431 0.000139
0.034353 0.000135
0.041892 0.000269
0.038222 0.000212
0.033128 0.000197
0.0348 0.000173
0.034175 0.000165
0.034227 0.000148
0.034135 0.000165
0.0338 0.000195
0.034689 0.000209
0.034258 0.000167
0.034411 0.000183
0.039359 0.000175
0.034408 0.000122
0.040759 0.000336
0.03649 0.000211
0.036653 0.000169
0.036417 0.000155
0.034088 0.000136
0.035209 0.000151
0.034112 0.000137
0.032931 0.000221
0.034366 0.000178
0.034077 0.000188
0.03459 0.000221
0.034383 0.000132
0.034257 0.000189
0.035091 0.00017
0.034215 0.000202
0.033 0.000146
0.034382 0.000115
0.034109 0.000162
0.034639 0.00022
0.034193 0.000151
0.033092 0.00012
0.034205 0.000156
0.034044 0.000129
0.03426 0.000208
0.034026 0.000156
0.034398 0.000186
0.034671 0.000173
0.034305 0.000138
0.032278 0.000158
0.034505 0.000146
0.034164 0.000175
0.034278 0.000149
0.034155 0.000134
0.033991 0.000137
0.034951 0.000155
0.034138 0.000158
0.031859 0.000174
0.034114 0.000146
0.034226 0.000173
0.034173 0.00015
0.034255 0.000183
0.034112 0.000148
0.03477 0.000111
0.034243 0.000142
0.032836 0.000211
0.034237 0.000204
0.033924 0.000136
0.034335 0.000134
0.034048 0.000171
0.033909 0.000149
0.035057 0.000155
0.034139 0.000128
0.032457 0.00023
0.034179 0.000214
0.033852 0.000154
0.034319 0.000149
0.033923 0.000168
0.0344 0.000197
0.034669 0.00013
0.034008 0.000186
0.033631 0.000137
0.0341 0.00017
0.033958 0.000132
0.034312 0.000145
0.03408 0.000213
0.033681 0.000144
0.034164 0.000152
0.033929 0.000156
0.033052 0.000181
0.034249 0.000179
0.03407 0.000194
0.034577 0.000232
0.034055 0.000152
0.032722 0.000132
0.034152 0.000173
0.034014 0.000188
0.036221 0.000285
0.035625 0.000153
0.03697 0.0002
0.034458 0.000139
0.034156 0.000185
0.033307 0.000138
0.034169 0.000169
0.034019 0.000134
0.034502 0.000134
0.034055 0.000139
0.032918 9.9e-05
0.034228 0.000159
0.034066 0.000194
0.034176 0.000167
0.034243 0.000171
0.03408 0.000154
0.034628 0.000198
0.034184 0.000143
0.031934 0.000174
0.035049 0.000137
0.034368 0.000154
0.034501 0.000197
0.0343 0.000158
0.034082 0.000154
0.034993 0.000141
0.034132 0.0002
0.032318 0.000147
0.034326 0.000178
0.034589 0.000152
0.034378 0.000128
0.034067 0.000181
0.034157 0.000149
0.03493 0.000164
0.034283 0.000164
0.032556 0.000178
0.03435 0.000147
0.034926 0.000139
0.034702 0.000165
0.034225 0.000155
0.034122 0.00017
0.034781 0.000167
0.033943 0.000127
0.032531 0.000232
0.034166 0.0002
0.03425 0.000151
0.03418 0.000215
0.034032 0.000177
0.033971 0.000136
0.034609 0.000104
0.034053 0.000189
0.032309 0.000111
0.034085 0.000184
0.033955 0.000213
0.03667 0.000291
0.034074 0.000144
0.034056 0.000132
0.035681 0.000137
0.03403 0.000138
0.027839 0.000104
0.038022 0.000209
0.035564 0.000172
0.034364 0.000214
0.034089 0.000216
0.034371 0.000175
0.034207 0.000169
0.034451 0.000206
0.034915 0.000153
0.034174 0.000136
0.032425 0.000244
0.034344 0.000179
0.03404 0.000143
0.034117 0.000164
0.034566 0.000145
0.034026 0.000188
0.034873 0.000202
0.034048 0.000152
0.032681 0.000141
0.034002 0.000163
0.033968 0.00014
0.034492 0.000222
0.034107 0.000147
0.034153 0.000167
0.034246 0.000154
0.034059 0.000179
0.034033 0.000164
0.034129 0.000212
0.034121 0.000192
0.035272 0.000211
0.034026 0.000152
0.032624 0.000167
0.034132 0.000212
0.034025 0.000142
0.034176 0.000169
0.034053 0.000171
0.034195 0.000224
0.03545 0.000194
0.034217 0.00016
0.033507 0.000161
0.033974 0.000146
0.03411 0.000128
0.034356 0.000213
0.034085 0.000121
0.033252 0.000198
0.035004 0.000145
0.034007 0.000176
0.034189 0.000169
0.034037 0.00016
0.033962 0.000205
0.035401 0.000135
0.034188 0.00015
0.03303 0.000209
0.034322 0.000162
0.034429 0.000167
0.034374 0.000134
0.034183 0.000194
0.034135 0.000125
0.03551 0.000243
0.035279 0.000222
0.033813 0.000191
0.035519 0.000175
0.034691 0.000142
0.03485 0.000175
0.034051 0.000246
0.032244 0.00016
0.034256 0.000184
0.034823 0.000153
0.034539 0.000168
0.034336 0.000207
0.035839 0.000269
0.036743 0.000156
0.034071 0.00015
0.033578 0.000197
0.034104 0.000192
0.034019 0.000196
0.034552 0.000166
0.034361 0.000138
0.033698 0.000136
0.034101 0.000144
0.034243 0.000148
0.034322 0.000182
0.034038 0.000131
0.034135 0.000218
0.034732 0.000165
0.034091 0.000197
0.031859 0.000126
0.034158 0.000144
0.034089 0.00017
0.034327 0.000174
0.034006 0.000223
0.034117 0.000141
0.034969 0.000136
0.03409 0.000148
0.032598 0.000154
0.034177 0.000158
0.034139 0.000176
0.034113 0.000187
0.034036 0.000181
0.034113 0.000182
0.035193 0.000156
0.034202 0.000154
0.032571 0.00017
0.034139 0.000153
0.034107 0.000146
0.034291 0.000184
0.034158 0.00016
0.034178 0.000187
0.03473 0.000163
0.034057 0.000186
0.033096 0.000195
0.034336 0.000145
0.033933 0.000163
0.034436 0.000197
0.033899 0.00017
0.033341 0.000174
0.034207 0.00015
0.038444 0.000137
0.034185 0.000166
0.034109 0.000216
0.034134 0.00021
0.035106 0.000151
0.034176 0.00019
0.032296 0.000172
0.034232 0.000188
0.034177 0.00014
0.034228 0.000119
0.034099 0.000206
0.033873 0.00017
0.034805 0.000151
0.034568 0.000174
0.032348 0.000165
0.034181 0.000231
0.034319 0.000152
0.0343 0.000154
0.03413 0.000187
0.033949 0.000144
0.034848 0.000138
0.034088 0.00018
0.032473 0.000182
0.033994 0.000147
0.034053 0.000135
0.034243 0.000153
0.03401 0.000207
0.034103 0.000126
0.034665 0.000193
0.034011 0.000175
0.032507 0.000211
0.033964 0.00018
0.034073 0.000218
0.034164 0.000157
0.034145 0.000173
0.033915 0.000203
0.034524 0.000148
0.03397 0.000177
0.032238 0.000264
0.034004 0.000159
0.033901 0.000201
0.034232 0.000146
0.034127 0.000159
0.033395 0.000219
0.034115 0.000222
0.03393 0.000174
0.034142 0.000127
0.035615 0.00018
0.034157 0.000137
0.034771 0.000143
0.033959 0.000209
0.032695 0.000191
0.034143 0.00013
0.033906 0.000215
0.034402 0.000158
0.034143 0.000153
0.034141 0.000222
0.034731 0.000144
0.03403 0.000209
0.032439 0.000151
0.0344 0.000165
0.034072 0.000162
0.0341 0.00015
0.03392 0.000174
0.034076 0.000198
0.034962 0.000194
0.034185 0.000142
0.03198 0.000144
0.034121 0.000193
0.034161 0.000233
0.034219 0.000153
0.034135 0.000202
0.034052 0.00019
0.03478 0.000153
0.034047 0.000168
0.033214 0.000142
0.034259 0.000152
0.03403 0.000188
0.03459 0.000211
0.034066 0.000157
0.033864 0.000143
0.034656 0.000185
0.034078 0.000136
0.034196 0.00014
0.034052 0.000127
0.033968 0.000171
0.034537 0.000138
0.034159 0.000165
0.032815 0.000152
0.034197 0.000134
0.034056 0.000228
0.034237 0.000198
0.033967 0.000173
0.033958 0.000163
0.034644 0.000187
0.034061 0.000162
0.032941 0.000151
0.034126 0.000126
0.033998 0.000172
0.034242 0.000193
0.034317 0.000128
0.033991 0.000162
0.034689 0.000159
0.03399 0.000194
0.031683 0.00014
0.034222 0.00012
0.034087 0.000152
0.034074 0.000184
0.033895 0.000217
0.034099 0.000156
0.034765 0.000141
0.034025 0.000194
0.032701 0.000214
0.034107 0.000224
0.034202 0.000183
0.034244 0.000211
0.034049 0.000131
0.034056 0.000141
0.034932 0.000209
0.034165 0.00015
0.03208 0.000162
0.03402 0.00011
0.034118 0.0002
0.034269 0.000164
0.03403 0.000225
0.033947 0.000144
0.034958 0.000146
0.034116 0.000204
0.033189 0.000121
0.034279 0.000153
0.033973 0.000254
0.034511 0.000169
0.034327 0.000137
0.034218 0.000167
0.034663 0.000135
0.033981 0.000152
0.033006 0.000205
0.034065 0.000188
0.033943 0.00017
0.034176 0.000161
0.034258 0.000148
0.034105 0.000198
0.034594 0.000137
0.034034 0.000189
0.03335 0.000143
0.034165 0.00013
0.034128 0.000149
0.034125 0.000147
0.034097 0.000247
0.033918 0.000169
0.03404 0.000201
0.027775 0.00016
0.034119 0.000209
0.033195 0.000203
0.034122 0.000188
0.033904 0.000137
0.034204 0.000203
0.033988 0.000133
0.034086 0.000173
0.034872 0.000169
0.033978 0.000125
0.033007 0.000137
0.034316 0.00014
0.034108 0.000161
0.034505 0.000205
0.034078 0.000135
0.034125 0.000156
0.035151 0.000199
0.034241 0.000128
0.033364 0.000121
0.035174 0.000132
0.034513 0.000174
0.034657 0.00023
0.034558 0.000228
0.033793 0.000136
0.034663 0.000214
0.034046 0.00014
0.03419 0.000137
0.034335 0.000142
0.034166 0.000188
0.035039 0.000154
0.034146 0.000178
0.032742 0.000122
0.034168 0.000144
0.034167 0.000169
0.034216 0.000136
0.034198 0.00018
0.033975 0.000144
0.034997 0.000192
0.034217 0.000139
0.03289 0.000135
0.038424 0.000162
0.036017 0.00017
0.036959 0.000131
0.036345 0.000214
0.036499 0.000239
0.037071 0.000131
0.034198 0.000122
0.034877 0.000146
0.036587 0.000265
0.03688 0.00014
0.034232 0.000152
0.033952 0.000192
0.035355 0.000208
0.039012 0.000118
0.037688 0.000236
0.03868 0.000246
0.034283 0.000143
0.035105 0.000209
0.034058 0.000117
0.032689 0.000209
0.03466 0.000156
0.034761 0.000162
0.035174 0.000227
0.034543 0.000216
0.034007 0.00015
0.035412 0.000238
