0.016265 0.000194
0.016249 0.000141
0.016113 0.000181
0.017514 0.000133
0.016513 0.000118
0.016437 0.000196
0.016367 0.000163
0.016287 0.000146
0.016232 0.000157
0.016351 0.000197
0.016353 0.000124
0.01636 0.000124
0.016243 0.000202
0.016273 0.000201
0.015348 0.000157
0.016419 0.000169
0.016318 0.00017
0.016234 0.00013
0.016291 0.000143
0.016181 0.000128
0.016294 0.000125
0.016968 0.000125
0.01697 0.000206
0.016292 0.000107
0.016236 0.000138
0.013991 0.000122
0.016362 0.000192
0.016485 0.000138
0.016163 0.000229
0.01623 0.000176
0.016232 0.000133
0.016224 0.000204
0.016485 0.000129
0.017183 0.000115
0.016252 0.000162
0.016305 0.000142
0.016139 0.000186
0.016357 0.000144
0.016404 0.000139
0.016317 0.000149
0.016219 0.000195
0.016229 0.000182
0.016328 0.000193
0.016477 0.000175
0.016305 0.000138
0.016261 0.000139
0.016137 0.00012
0.016202 0.000121
0.01631 0.000176
0.016319 0.000116
0.016196 0.000144
0.016262 0.000189
0.016241 0.00012
0.014986 0.000115
0.016236 0.000108
0.016324 0.000129
0.016284 0.000132
0.016245 0.000152
0.016435 0.000198
0.016374 0.000165
0.016902 0.000176
0.017191 0.000201
0.016758 0.000194
0.016245 0.000131
0.015096 0.00016
0.016367 0.000163
0.016324 0.000113
0.016342 0.000229
0.016283 0.000131
0.016293 0.00016
0.016448 0.000149
0.016693 0.000224
0.016532 0.000141
0.016486 0.000175
0.016716 0.000154
0.015473 0.000125
0.01641 0.000125
0.016965 0.000164
0.016415 0.00017
0.016514 0.000198
0.016407 0.000139
0.016432 0.000158
0.016461 0.000139
0.016479 0.000191
0.01624 0.000203
0.01672 0.000136
0.015095 0.000182
0.023179 0.000242
0.018329 0.000198
0.016312 0.000138
0.016306 0.000166
0.017852 0.000209
0.016677 0.000124
0.016484 0.000155
0.017011 0.00027
0.016476 0.000128
0.017077 0.000134
0.016909 0.000133
0.017408 0.000152
0.016851 0.000146
0.01885 0.000183
0.016984 0.000155
0.020098 0.000272
0.020541 0.000137
0.017412 0.000228
0.016583 0.000147
0.01654 0.000211
0.016476 0.000132
0.016594 0.000214
0.016537 0.00016
0.016489 0.000128
0.017271 0.000154
0.016589 0.000174
0.016851 0.000139
0.016441 0.0002
0.016411 0.000136
0.016254 0.00018
0.024755 0.000279
0.024638 0.000268
0.018778 0.000214
0.017898 0.000217
0.01692 0.000127
0.016549 0.000179
0.022718 0.000134
0.017363 0.000188
0.016443 0.000118
0.018949 0.000222
0.016409 0.00023
0.016548 0.000203
0.01674 0.000111
0.019057 0.000156
0.016579 0.000199
0.016386 0.000182
0.016722 0.000165
0.016833 0.000182
0.016357 0.000114
0.016279 0.000115
0.020769 0.000148
0.016076 0.000198
0.024674 0.000307
0.023108 0.000224
0.016576 0.000136
0.019331 0.000121
0.017382 0.000235
0.017493 0.000185
0.016469 0.000141
0.018601 0.000289
0.016415 9.5e-05
0.015447 0.000218
0.016411 0.000145
0.016583 0.000145
0.016405 0.000141
0.016362 0.000165
0.016339 0.000154
0.016316 0.00022
0.017949 0.000243
0.024401 0.000236
0.020132 0.000222
0.02091 0.000113
0.017246 0.000167
0.017606 0.000255
0.016731 0.000149
0.016788 0.00014
0.01651 0.000187
0.016875 0.000203
0.017016 0.000214
0.017142 0.000222
0.016636 0.00013
0.016537 0.000203
0.016042 0.00013
0.016621 0.000173
0.016623 0.000148
0.016576 0.000127
0.016384 0.000148
0.016318 0.000204
0.016668 0.000225
0.016883 0.000147
0.016553 0.000182
0.016502 0.000118
0.016741 0.000135
0.015482 0.000145
0.016426 9.9e-05
0.016653 0.000145
0.016486 0.000142
0.016867 0.000187
0.016633 0.000147
0.016343 0.000169
0.019466 0.000156
0.0169 0.000207
0.016463 0.000112
0.016591 0.000107
0.015073 0.000162
0.016429 0.000144
0.016379 0.00023
0.016314 0.000159
0.016249 0.000148
0.016404 0.000162
0.016438 0.000122
0.016826 0.000177
0.016446 0.000152
0.017569 0.000217
0.01732 0.000159
0.015697 0.000217
0.016736 0.000149
0.016478 0.000141
0.016324 0.000109
0.016281 0.000172
0.016279 0.000173
0.016296 0.000214
0.016923 0.000205
0.016852 0.000104
0.0169 0.000151
0.016421 0.000147
0.016151 0.000125
0.016971 0.000158
0.016876 0.000225
0.016681 0.000158
0.016827 0.000134
0.016549 0.0002
0.019512 0.000206
0.016489 0.000117
0.016405 0.000202
0.016299 0.000113
0.016292 0.000149
0.0163 0.000159
0.016547 0.000162
0.016233 0.000183
0.016295 0.000148
0.01688 0.000163
0.016558 0.000151
0.016446 0.000168
0.016365 0.000196
0.016242 0.000202
0.016234 0.00014
0.01621 0.000173
0.016263 0.000159
0.016475 0.000222
0.016322 0.000168
0.016256 0.000156
0.016217 0.000113
0.016362 0.000132
0.016275 0.00013
0.01629 0.000143
0.016268 0.000135
0.016173 0.00016
0.016386 0.000179
0.014694 0.000164
0.016489 0.000154
0.016674 0.000138
0.016384 0.000129
0.016272 0.000117
0.016239 0.000182
0.016247 0.000198
0.01658 0.000172
0.016317 0.000188
0.016281 0.000145
0.016686 0.000214
0.016763 0.000182
0.016783 0.000186
0.016836 0.000148
0.016541 0.000185
0.01673 0.000201
0.016555 0.000138
0.016846 0.000168
0.017156 0.00011
0.016422 0.000168
0.016835 0.000198
0.018271 0.000198
0.015723 0.000199
0.016452 0.000178
0.01634 0.000208
0.016758 0.000177
0.016321 0.00017
0.016292 0.000165
0.016285 0.000245
0.016393 0.000156
0.016462 0.00012
0.016344 0.000109
0.016316 0.00013
0.014356 0.000143
0.016331 0.000111
0.016374 0.000124
0.016594 0.000131
0.01625 0.000109
0.016249 0.000195
0.016265 0.000179
0.016505 0.000163
0.016303 0.000182
0.016255 0.00015
0.017882 0.000207
0.015834 0.000114
0.016338 0.000131
0.016286 0.000192
0.016246 0.000148
0.016241 0.000128
0.016287 0.000161
0.015894 0.000156
0.016367 0.000177
0.016334 0.000173
0.016254 0.000194
0.016268 0.000129
0.016239 0.000133
0.016309 0.000152
0.016278 0.000155
0.016509 0.000171
0.016392 0.000134
0.016224 0.000156
0.014426 0.000149
0.016251 0.000198
0.01634 0.000195
0.01622 0.000156
0.016237 0.000204
0.016209 0.000196
0.016281 0.000169
0.016542 0.000121
0.016363 0.000209
0.016262 0.00018
0.016258 0.000139
0.015921 0.000101
0.016394 0.000147
0.016338 0.00017
0.016198 0.000134
0.016205 0.000109
0.016325 0.00014
0.015811 0.000156
0.01638 0.00021
0.016219 0.000176
0.016255 0.000216
0.016237 0.000157
0.016221 0.000132
0.016271 0.000123
0.016538 0.000225
0.016497 0.000198
0.016459 0.000129
0.016179 0.000132
0.014963 0.00017
0.016336 0.000134
0.016343 0.000157
0.016204 0.000128
0.016245 0.000136
0.016191 0.000158
0.016237 0.000141
0.016694 0.000145
0.016367 0.000139
0.016165 0.000155
0.016233 0.000119
0.01582 0.000124
0.016358 0.00015
0.016277 0.000194
0.016285 0.000152
0.016207 0.000143
0.016314 0.000134
0.015552 0.000148
0.016372 0.000101
0.016315 0.000125
0.016191 0.000133
0.016226 0.000135
0.016282 0.000122
0.016245 0.000135
0.016328 0.00017
0.016419 0.000178
0.016271 0.000153
0.016247 0.000145
0.015415 0.00013
0.016992 0.000129
0.016766 0.000142
0.016667 0.000137
0.016743 0.000123
0.01677 0.000172
0.016829 0.000134
0.016803 0.000159
0.017057 0.00014
0.016685 0.000196
0.016636 0.000202
0.016401 0.000191
0.016939 0.000229
0.016878 0.000169
0.016745 0.000116
0.016752 0.000186
0.015226 0.000186
0.016608 0.000193
0.016281 0.000157
0.017013 0.000131
0.013301 0.000123
0.013472 0.000232
0.016403 0.000143
0.01621 0.00017
0.01624 0.00015
0.015741 0.000136
0.016428 0.000153
0.016337 0.000175
0.016339 0.00022
0.016305 0.000219
0.016423 0.000169
0.016376 0.000143
0.016502 0.000146
0.016399 0.000191
0.016632 0.000157
0.016324 0.000149
0.01526 0.000189
0.018049 0.000122
0.016528 0.000147
0.016483 0.00013
0.01657 0.00021
0.01636 0.00013
0.016411 0.000177
0.016402 0.00016
0.019277 0.000285
0.016367 0.000216
0.016372 9.3e-05
0.015613 0.000197
0.016562 0.000122
0.016625 0.000182
0.016337 0.000159
0.016407 0.00012
0.016292 0.000146
0.016339 0.000218
0.016298 0.000206
0.016299 0.000147
0.016239 0.000142
0.016196 0.000172
0.014611 0.00016
0.016354 0.000129
0.016514 0.000165
0.016286 0.000122
0.016521 0.000153
0.016302 0.00016
0.01638 0.000142
0.016557 0.000129
0.016433 0.000177
0.016319 0.000148
0.016312 0.000173
0.014945 0.000143
0.01626 0.000173
0.016696 0.000165
0.016569 0.000144
0.016325 0.000228
0.01639 0.000175
0.016338 0.00016
0.016544 0.000174
0.016401 0.000175
0.016389 0.00014
0.016399 0.000138
0.016092 9.9e-05
0.016414 0.000131
0.016345 0.000157
0.016318 0.000179
0.016251 0.000137
0.016303 0.000184
0.016517 0.000158
0.016392 0.00022
0.01635 0.000192
0.016237 0.000118
0.016475 0.000169
0.016201 0.000154
0.016375 0.000178
0.016363 0.000131
0.016295 0.000138
0.016232 0.000155
0.016216 0.00018
0.016299 0.000135
0.016364 0.000194
0.01649 0.000173
0.016284 0.000231
0.016353 0.000178
0.016209 0.000169
0.016246 0.000138
0.016362 0.000132
0.016239 0.000116
0.016268 0.000208
0.016249 0.000158
0.014439 0.000117
0.016256 0.000187
0.016434 0.000143
0.016196 0.000225
0.016233 0.000127
0.016253 0.000147
0.016364 0.000182
0.016629 0.000104
0.016276 0.000184
0.016259 0.000177
0.016405 0.000156
0.015072 0.000114
0.016306 0.000163
0.016295 0.000155
0.016296 0.000132
0.016235 0.000159
0.01621 0.000165
0.016059 0.000202
0.016356 0.000151
0.0166 0.000168
0.016322 0.000134
0.016204 0.000163
0.01625 0.000136
0.016243 0.000174
0.016388 0.000153
0.016303 0.000231
0.016214 0.00015
0.016295 0.000189
0.015932 0.000168
0.016379 0.000169
0.01636 0.000136
0.016197 0.000131
0.016266 0.000212
0.016297 0.000152
0.016396 0.000165
0.016545 0.000213
0.01647 0.000138
0.020535 0.000234
0.024265 0.000163
0.020151 0.00021
0.020279 0.000197
0.018311 0.000136
0.016885 0.00019
0.016447 0.00017
0.017888 0.000213
0.016466 0.000154
0.016562 0.000143
0.020501 0.000158
0.01684 0.000129
0.017686 0.000131
0.016742 0.000103
0.021606 0.000291
0.018376 0.00018
0.018784 0.000174
0.01847 0.000205
0.019263 0.000181
0.02174 0.000251
0.016268 0.000132
0.015954 9.7e-05
0.016323 0.000185
0.01637 0.000186
0.0163 0.000137
0.016328 0.000136
0.016329 0.000216
0.01558 0.000115
0.01633 0.000169
0.016298 0.000121
0.016259 0.000189
0.016494 0.000143
0.016443 0.00015
0.016412 0.000143
0.016348 0.000154
0.016395 0.000137
0.016307 0.000177
0.016539 0.000148
0.016188 0.000223
0.016595 0.000183
0.016627 0.000182
0.016351 0.000159
0.016288 0.000117
0.016249 0.000145
0.016293 0.000175
0.016514 0.000185
0.01634 0.000143
0.016259 0.000146
0.017693 0.000179
0.014215 0.000238
0.01641 0.000133
0.01636 0.000141
0.016253 0.000196
0.016226 0.000167
0.016521 0.000101
0.016497 0.000172
0.016721 0.000177
0.016338 0.000222
0.016457 0.000209
0.016404 0.000132
0.015833 0.000125
0.016819 0.000191
0.01656 0.000144
0.016398 0.000206
0.016292 0.000186
0.016213 0.00016
0.016245 0.000144
0.01643 0.000163
0.016356 0.000151
0.016194 0.000114
0.016169 0.000154
0.016152 0.000157
0.016352 0.000177
0.016436 0.000178
0.016322 0.000154
0.016306 0.000174
0.016453 0.000213
0.016087 0.000207
0.016723 0.000158
0.016564 0.000147
0.019572 0.000211
0.016559 0.000171
0.01618 0.000148
0.016295 0.000113
0.016422 0.000174
0.016354 0.000122
0.01701 0.000192
0.016342 0.000145
0.016119 0.000147
0.016436 0.000162
0.016401 0.000151
0.016327 0.000159
0.016247 0.000206
0.016142 0.000137
0.016285 0.000144
0.016304 0.000172
0.016337 0.000167
0.016181 0.000119
0.016273 0.000123
0.014801 0.000165
0.016326 0.000169
0.016489 0.00015
0.016232 0.000142
0.016245 0.000164
0.016254 0.000147
0.016254 0.000149
0.016344 0.000137
0.016223 0.000113
0.016306 0.000156
0.016252 0.000155
0.01544 0.000165
0.016423 0.000168
0.016499 0.000149
0.016451 0.00015
0.016218 0.000113
0.016303 0.000133
0.016265 0.000227
0.016449 0.000119
0.01627 0.000212
0.016436 0.000152
0.016186 0.00013
0.015112 0.000182
0.016304 0.000141
0.016287 0.000148
0.016236 0.000136
0.016219 0.000205
0.016262 0.000129
0.016219 0.000165
0.016684 0.000194
0.01643 0.000148
0.016236 0.000159
0.016251 0.00017
0.016421 0.000174
0.016299 0.000181
0.016321 0.000164
0.01627 0.000142
0.016213 0.000203
0.016288 0.000168
0.014646 0.000178
0.016342 0.000201
0.016385 0.000173
0.016224 0.000167
0.016246 0.000186
0.016212 0.000207
0.016391 0.000199
0.016486 0.000145
0.016368 0.000165
0.016392 0.000194
0.016201 0.000123
0.015722 0.000128
0.016276 0.000161
0.016323 0.000142
0.016262 0.000107
0.016244 0.00012
0.016219 0.0002
0.016331 9.6e-05
0.016641 0.000197
0.016331 0.000146
0.016217 0.000134
0.01638 0.000155
0.016259 0.000121
0.016469 0.000136
0.016391 0.000121
0.016265 0.000137
0.016269 0.000151
0.016316 0.00014
0.015458 0.00015
0.016327 0.000143
0.016328 0.000148
0.016254 0.000149
0.016213 0.000182
0.016279 0.000141
0.016472 0.000187
0.016336 0.000144
0.018249 0.000128
0.016445 0.000125
0.016318 0.000141
0.014743 0.000155
0.016279 0.000127
0.016536 0.000162
0.016311 0.000164
0.016273 0.000193
0.016177 0.000193
0.016313 0.000182
0.016755 0.000147
0.016344 0.00014
0.016366 0.000178
0.016309 0.000129
0.015585 0.000111
0.016378 0.000123
0.016311 0.000156
0.016298 0.000177
0.016216 0.000145
0.016287 0.00015
0.01615 0.000136
0.016369 0.000324
0.016324 0.000126
0.016225 0.000136
0.01631 0.000196
0.016254 0.000246
0.016255 0.000118
0.016282 0.000125
0.016249 0.0002
0.016342 0.000199
0.016234 0.000184
0.014959 0.000135
0.016332 0.000195
0.016346 0.000118
0.016273 0.000153
0.016238 0.000169
0.016296 0.000152
0.016304 0.000207
0.016462 0.000216
0.016273 0.000159
0.016271 0.000125
0.016223 0.000159
0.015348 0.000151
0.01633 0.000125
0.016252 0.000178
0.016246 0.000139
0.016217 0.000119
0.016333 0.000124
0.016317 0.00016
0.016452 0.000132
0.016246 0.000183
0.016249 0.000174
0.016229 0.000175
0.015386 0.000136
0.016278 0.000169
0.01638 0.000188
0.016296 0.000141
0.016313 0.000123
0.016199 0.000182
0.015692 0.000137
0.016298 0.000153
0.016294 0.00015
0.016191 0.000171
0.016243 0.000122
0.016152 0.000145
0.016381 0.000189
0.016321 0.000123
0.01625 0.000159
0.016203 0.000188
0.016279 0.000159
0.014613 0.000177
0.016329 0.000152
0.016359 0.000233
0.016228 0.000115
0.016221 0.000135
0.016333 0.000196
0.016342 0.000165
0.016482 0.000165
0.016304 0.000162
0.016349 0.000152
0.016323 0.000162
0.014738 0.000113
0.016326 0.000135
0.016302 0.000147
0.016282 0.000154
0.016334 0.00019
0.016324 0.000171
0.016419 0.000199
0.016471 0.000186
0.016358 0.000109
0.016464 0.000178
0.016756 0.000166
0.017337 0.000128
0.016391 0.000139
0.016383 0.000187
0.016335 0.000149
0.016215 0.000161
0.016222 0.000185
0.015903 0.000117
0.016317 0.000127
0.016278 0.000173
0.016418 0.00011
0.016202 0.000184
0.01635 0.000115
0.016304 0.000184
0.016421 0.00018
0.016455 0.000182
0.016589 0.000174
0.016509 0.000129
0.015678 0.000182
0.01638 0.000162
0.017263 0.000178
0.016342 0.000152
0.016257 0.000187
0.01632 0.000179
0.016404 0.000121
0.016214 0.000161
0.016321 9.5e-05
0.016205 0.000161
0.016251 0.000202
0.015611 0.000108
0.016519 0.000131
0.016425 0.000159
0.016271 0.00019
0.016353 0.000194
0.016324 0.000192
0.016389 0.000129
0.016462 0.000209
0.016337 0.000124
0.016236 0.000207
0.016244 0.000226
0.015434 0.000206
0.016667 0.000227
0.016373 0.000142
0.016355 0.000122
0.016415 0.000167
0.016289 0.000136
0.016425 0.000136
0.016458 0.000142
0.016339 0.000128
0.016327 0.000111
0.016241 0.000141
0.015113 0.000127
0.016359 0.000125
0.016348 0.000187
0.016334 0.000136
0.016242 0.000119
0.016328 0.000109
0.016233 0.000119
0.016605 0.000206
0.016291 0.000166
0.016253 0.000194
0.016157 0.00014
0.016023 0.000149
0.016279 0.00017
0.016286 0.000164
0.016275 0.000157
0.016239 0.000133
0.016259 0.00013
0.015489 0.000154
0.016328 0.000149
0.016257 0.000129
0.016336 0.000127
0.016248 0.000193
0.016134 0.000127
0.016277 0.000159
0.016272 0.000173
0.01626 0.000147
0.016311 0.000122
0.016241 0.000145
0.014745 0.000178
0.016322 0.0002
0.016369 0.000187
0.016266 0.000165
0.016209 0.000126
0.016249 0.000144
0.016316 0.000124
0.016789 0.000168
0.016252 0.000235
0.016258 0.000127
0.01622 0.000148
0.015352 0.000104
0.016263 0.000164
0.016343 0.000102
0.016165 0.000175
0.016205 0.000102
0.0162 0.000195
0.01637 0.000153
0.016464 0.00017
0.016369 0.0002
0.016243 0.000167
0.016248 0.000122
0.016254 0.000106
0.016308 0.000141
0.016234 0.000157
0.016215 0.000134
0.016263 0.00017
0.016295 0.000149
0.014199 0.000177
0.016359 0.000178
0.016317 0.0002
0.016208 0.000198
0.016159 0.000133
0.016172 0.000134
0.016293 0.000122
0.016572 0.00012
0.016282 0.000146
0.016156 0.000124
0.016374 0.000131
0.015809 0.000127
0.016418 0.000179
0.016403 0.00015
0.016353 0.000139
0.016209 0.000152
0.016305 0.000222
0.016477 0.000155
0.016643 0.00014
0.016391 0.000144
0.016349 0.000125
0.01635 0.000156
0.016314 0.000155
0.01636 0.000212
0.016314 0.000191
0.016786 0.000136
0.01641 0.000147
0.021062 0.00016
0.016385 0.000198
0.016417 0.000162
0.016407 0.0002
0.01634 0.000125
0.016319 0.000122
0.015325 9.2e-05
0.016215 0.00012
0.016371 0.000101
0.016277 0.000143
0.016235 0.000194
0.01653 0.000155
0.016465 0.000151
0.017213 0.000247
0.016383 0.000132
0.016461 0.00019
0.016443 0.00015
0.01647 0.000212
0.016399 0.000122
0.01641 0.000155
0.016398 0.000113
0.016422 0.00016
0.016793 0.000141
0.015754 0.000177
0.016575 0.000199
0.016356 0.000165
0.016782 0.000164
0.016353 0.000138
0.016259 0.000148
0.016501 0.000149
0.01735 0.000154
0.01652 0.000128
0.017482 0.000162
0.016786 0.000238
0.014667 0.000145
0.016643 0.000174
0.016559 0.000134
0.016492 0.000116
0.016545 0.000129
0.016494 0.000188
0.016748 0.000105
0.01641 0.000192
0.016364 0.000182
0.016521 0.000191
0.016096 0.000162
0.016496 0.00021
0.016446 0.000153
0.016416 0.000147
0.016338 0.000215
0.016339 0.000129
0.016348 0.00017
0.016633 0.000112
0.016865 0.000153
0.016574 0.000147
0.016289 0.000137
0.016521 0.000166
0.018044 0.00017
0.016379 0.000121
0.016293 0.000161
0.023574 0.000277
0.018457 0.000141
0.018446 0.000238
0.016944 0.000186
0.016472 0.000194
0.016775 0.000138
0.016465 0.000123
0.016612 0.000137
0.016397 0.000177
0.016588 0.000124
0.024019 0.000319
0.017598 0.000231
0.017307 0.000154
0.016903 0.00021
0.016738 0.000215
0.016799 0.000131
0.018096 0.000205
0.01669 0.00015
0.017064 0.000169
0.017385 0.000154
0.025613 0.000227
0.0165 0.000161
0.016988 0.000283
0.023615 0.000162
0.017215 0.000189
0.016405 0.000193
0.016941 0.00021
0.020262 0.000189
0.020685 0.000179
0.020392 0.000242
0.019918 0.000238
0.020048 0.000223
0.020132 0.00019
0.019887 0.000215
