0.028944 1.1e-05
0.034228 1.9e-05
0.034005 1.9e-05
0.034813 2.6e-05
0.034076 2.1e-05
0.033069 2.2e-05
0.03404 2.1e-05
0.034131 1.4e-05
0.034116 2.7e-05
0.034063 2.3e-05
0.034054 2.9e-05
0.034967 1.9e-05
0.034396 2.3e-05
0.035307 1.7e-05
0.034201 2.4e-05
0.034141 2.4e-05
0.034322 2.6e-05
0.034211 2.2e-05
0.034764 5e-05
0.034516 2.1e-05
0.034261 1.9e-05
0.034426 2.1e-05
0.034514 3e-05
0.034339 2.1e-05
0.035012 2e-05
0.034062 2.5e-05
0.032323 2.3e-05
0.034381 2e-05
0.034787 2.4e-05
0.034129 1.9e-05
0.03412 2.6e-05
0.034069 1.7e-05
0.03464 2.2e-05
0.034605 2.3e-05
0.032448 1.9e-05
0.034082 2.3e-05
0.034539 1.9e-05
0.034715 2e-05
0.034239 2.3e-05
0.035328 2.9e-05
0.03662 1.7e-05
0.035342 1.8e-05
0.03249 2.3e-05
0.035742 2.6e-05
0.035709 2.3e-05
0.035493 2.2e-05
0.034031 2.2e-05
0.03302 1.8e-05
0.035047 1.7e-05
0.035395 2.6e-05
0.035135 2e-05
0.034102 2e-05
0.034345 2.1e-05
0.034837 2.2e-05
0.03409 1.8e-05
0.031546 2.3e-05
0.034755 1.7e-05
0.036038 2.2e-05
0.036535 2.3e-05
0.034105 2.2e-05
0.034985 2.2e-05
0.035894 2.6e-05
0.034196 1.4e-05
0.034727 2.1e-05
0.035388 2.4e-05
0.034459 2.3e-05
0.034419 2.4e-05
0.035762 2.6e-05
0.034198 2.9e-05
0.034183 2.2e-05
0.034132 1.7e-05
0.03569 2e-05
0.034887 2.3e-05
0.034233 2.4e-05
0.034768 2.6e-05
0.035511 2.1e-05
0.034512 1.9e-05
0.034736 2.1e-05
0.034253 1.6e-05
0.035899 7.6e-05
0.035572 2.7e-05
0.033505 1.4e-05
0.034159 2e-05
0.034085 2.2e-05
0.033923 2.3e-05
0.034646 2.3e-05
0.034678 2.1e-05
0.035967 2.5e-05
0.034178 2e-05
0.033442 1.5e-05
0.035553 2.2e-05
0.035854 2.2e-05
0.034537 1.6e-05
0.034673 1.7e-05
0.03617 2.1e-05
0.035932 2.3e-05
0.034109 2.2e-05
0.033063 1.9e-05
0.035748 1.3e-05
0.035305 1.6e-05
0.034694 2.4e-05
0.034126 2.4e-05
0.034832 2e-05
0.0361 2.9e-05
0.034313 2.1e-05
0.034397 2.8e-05
0.034491 2.1e-05
0.034115 3.4e-05
0.036451 2.2e-05
0.034836 2e-05
0.032643 2.9e-05
0.034154 2.6e-05
0.034734 2.5e-05
0.036029 3.1e-05
0.034898 2.6e-05
0.033998 1.9e-05
0.034123 2e-05
0.035144 2.2e-05
0.036095 2.2e-05
0.035174 1.8e-05
0.034578 2.1e-05
0.035815 2.3e-05
0.03521 2.2e-05
0.034589 2.4e-05
0.035415 1.9e-05
0.035638 2.2e-05
0.036028 2e-05
0.035124 3.2e-05
0.036493 2.1e-05
0.035739 2.3e-05
0.035024 2.1e-05
0.034262 1.6e-05
0.03467 2.5e-05
0.03548 2.3e-05
0.036043 2.6e-05
0.035168 2.1e-05
0.03439 2.7e-05
0.035599 1.9e-05
0.034963 1.7e-05
0.03539 3.1e-05
0.034026 2.3e-05
0.03402 1.8e-05
0.034516 2.5e-05
0.034378 1.9e-05
0.035032 2.8e-05
0.034279 2.3e-05
0.034247 2.1e-05
0.034832 2.9e-05
0.033972 1.9e-05
0.032064 1.6e-05
0.034225 1.5e-05
0.034082 1.8e-05
0.034434 2.4e-05
0.034222 2e-05
0.034267 2.1e-05
0.034498 5.9e-05
0.033953 1.8e-05
0.033054 2e-05
0.034169 1.7e-05
0.03419 2.2e-05
0.034315 2.1e-05
0.034665 1.3e-05
0.034025 1.9e-05
0.035017 2.2e-05
0.034185 3e-05
0.033834 2e-05
0.034119 1.6e-05
0.034032 2.4e-05
0.03443 2.6e-05
0.034034 2e-05
0.03782 2.5e-05
0.035 1.9e-05
0.035523 2.4e-05
0.034635 2.5e-05
0.034542 2.5e-05
0.034055 2.5e-05
0.034459 2.4e-05
0.034219 1.7e-05
0.034454 2.1e-05
0.035372 2.2e-05
0.034061 1.7e-05
0.033824 2.5e-05
0.034479 1.9e-05
0.034509 1.8e-05
0.034581 2.4e-05
0.034469 2.2e-05
0.033872 1.7e-05
0.035223 2.2e-05
0.034829 2.5e-05
0.035728 2.1e-05
0.035285 2.2e-05
0.034207 1.7e-05
0.034955 1.5e-05
0.034283 2e-05
0.03479 2.4e-05
0.034142 2.2e-05
0.03404 1.8e-05
0.034374 2.3e-05
0.034855 2.3e-05
0.034422 1.7e-05
0.03487 1.9e-05
0.035457 3e-05
0.034551 2.8e-05
0.035637 1.9e-05
0.034483 1.8e-05
0.035735 2.2e-05
0.036873 2.5e-05
0.035889 2.1e-05
0.035914 2.2e-05
0.035948 2e-05
0.036104 3e-05
0.035879 1.8e-05
0.036129 2e-05
0.036455 1.4e-05
0.036222 2.2e-05
0.034348 1.9e-05
0.035699 2.2e-05
0.034734 2.7e-05
0.037537 2.6e-05
0.035731 2.8e-05
0.032896 1.9e-05
0.034512 1.8e-05
0.034171 2.2e-05
0.034154 1.8e-05
0.03394 1.7e-05
0.034603 2.3e-05
0.035315 2.5e-05
0.034407 2.2e-05
0.034684 1.8e-05
0.03466 1.7e-05
0.033997 2e-05
0.034832 3e-05
0.034515 2.3e-05
0.034444 2.3e-05
0.036731 2.2e-05
0.034541 2.1e-05
0.034206 2.3e-05
0.034459 2e-05
0.034651 2.5e-05
0.035255 1.9e-05
0.035118 4.7e-05
0.035889 2.2e-05
0.035273 2.3e-05
0.039699 2.8e-05
0.034364 2.4e-05
0.040972 2.1e-05
0.036539 2.2e-05
0.037375 2.6e-05
0.048972 2.2e-05
0.034308 2.2e-05
0.034151 1.8e-05
0.03435 1.6e-05
0.034597 1.9e-05
0.034136 2.3e-05
0.034992 2.3e-05
0.034238 1.5e-05
0.032917 1.9e-05
0.034108 2.6e-05
0.03408 2.2e-05
0.034562 2.6e-05
0.034146 2.2e-05
0.034221 1.6e-05
0.034902 1.9e-05
0.034414 2.4e-05
0.02946 2.8e-05
0.034342 2.1e-05
0.033557 2.6e-05
0.034285 1.6e-05
0.034095 2e-05
0.034379 2.6e-05
0.034125 2e-05
0.03316 1.9e-05
0.034335 2.6e-05
0.034212 2.5e-05
0.034497 2.6e-05
0.034181 1.7e-05
0.033574 1.3e-05
0.034809 2.1e-05
0.035411 1.9e-05
0.035062 1.7e-05
0.033988 1.6e-05
0.034692 2.4e-05
0.035264 2.5e-05
0.035622 2.9e-05
0.034428 2.7e-05
0.034777 2.3e-05
0.034693 2.2e-05
0.035438 2.3e-05
0.035137 2.7e-05
0.034277 1.8e-05
0.034737 2e-05
0.034388 1.9e-05
0.035567 2e-05
0.03496 2.5e-05
0.034453 2e-05
0.034515 2.3e-05
0.034185 1.9e-05
0.035675 1.8e-05
0.035825 1.5e-05
0.035021 2.1e-05
0.034993 2.7e-05
0.034169 2.2e-05
0.033384 2.9e-05
0.035081 2.2e-05
0.034749 2.8e-05
0.036486 2.8e-05
0.034143 1.7e-05
0.033598 2.1e-05
0.035215 2.5e-05
0.034791 2.3e-05
0.034202 2.6e-05
0.034747 2.5e-05
0.034149 1.9e-05
0.035385 1.8e-05
0.035305 2e-05
0.034913 1.5e-05
0.035549 2.1e-05
0.034088 1.8e-05
0.034494 3.4e-05
0.034078 1.7e-05
0.034768 2.4e-05
0.03556 2.5e-05
0.034159 1.8e-05
0.034684 1.9e-05
0.034675 2.2e-05
0.034446 2.2e-05
0.035255 2.8e-05
0.03427 2.2e-05
0.033085 1.8e-05
0.034157 2.1e-05
0.034428 1.7e-05
0.035666 2.2e-05
0.034969 2.4e-05
0.035337 2.7e-05
0.036475 2.9e-05
0.034897 1.7e-05
0.034757 1.9e-05
0.035386 2.6e-05
0.034276 1.7e-05
0.034326 3.4e-05
0.034251 2.2e-05
0.033993 1.6e-05
0.034731 2.3e-05
0.034106 2e-05
0.034172 2.6e-05
0.034037 2.1e-05
0.034456 2.3e-05
0.034711 1.9e-05
0.034164 1.7e-05
0.033548 1.5e-05
0.034431 2.1e-05
0.034184 2.1e-05
0.034759 2e-05
0.034007 1.8e-05
0.034095 2e-05
0.034812 5.1e-05
0.034173 2.2e-05
0.033193 1.5e-05
0.034097 2.7e-05
0.034099 1.9e-05
0.034154 2.3e-05
0.03434 3e-05
0.034247 2.6e-05
0.034563 1.8e-05
0.034318 2.5e-05
0.033989 2e-05
0.03542 1.6e-05
0.036198 2.3e-05
0.034961 2.1e-05
0.034256 1.4e-05
0.034137 2e-05
0.036432 2.2e-05
0.034191 2.3e-05
0.033391 2.1e-05
0.034967 2e-05
0.034136 2.8e-05
0.03415 2.8e-05
0.03425 2.6e-05
0.034309 2.7e-05
0.037946 2.2e-05
0.034292 1.7e-05
0.033136 2.1e-05
0.034115 1.9e-05
0.034049 1.4e-05
0.034356 2.4e-05
0.034106 2.6e-05
0.034072 2.2e-05
0.034503 2.1e-05
0.034196 2e-05
0.033176 1.7e-05
0.034175 2.9e-05
0.033931 2.6e-05
0.034142 1.8e-05
0.03409 2.2e-05
0.033913 1.7e-05
0.034651 2.7e-05
0.034191 2.1e-05
0.032934 2.1e-05
0.034087 2e-05
0.034248 2.1e-05
0.034276 1.9e-05
0.034171 2.1e-05
0.03418 1.9e-05
0.035239 2.2e-05
0.035329 1.9e-05
0.035529 2e-05
0.035749 2.1e-05
0.03455 1.5e-05
0.035473 2.3e-05
0.03519 2.9e-05
0.0357 2.2e-05
0.035051 2.5e-05
0.034413 1.6e-05
0.03638 2.6e-05
0.035163 1.7e-05
0.033219 2.1e-05
0.034251 2.4e-05
0.035032 2.1e-05
0.035909 3.2e-05
0.034493 1.8e-05
0.032487 2.2e-05
0.034324 1.7e-05
0.034004 2.1e-05
0.034412 2.4e-05
0.034114 2e-05
0.034202 2e-05
0.034778 2.1e-05
0.034039 1.9e-05
0.032478 2.5e-05
0.034469 1.6e-05
0.033976 2.6e-05
0.035761 3.6e-05
0.03506 1.7e-05
0.035219 2.1e-05
0.036193 2.4e-05
0.034734 2.7e-05
0.034139 2.2e-05
0.035069 2.4e-05
0.034326 2.6e-05
0.035967 2.9e-05
0.035083 2.2e-05
0.034494 2e-05
0.035082 3.4e-05
0.034573 2.2e-05
0.035389 1.9e-05
0.035238 2.6e-05
0.034247 1.6e-05
0.034999 2.4e-05
0.034699 2.3e-05
0.034524 2.1e-05
0.035249 1.8e-05
0.034459 1.7e-05
0.034516 7.2e-05
0.034146 1.5e-05
0.03341 2.3e-05
0.034207 1.8e-05
0.034037 2e-05
0.03416 2e-05
0.034068 2.2e-05
0.034131 2.2e-05
0.034845 2.6e-05
0.035156 2.1e-05
0.034519 4.1e-05
0.03422 2e-05
0.033974 2.3e-05
0.034249 2.3e-05
0.034073 2.4e-05
0.035104 2.4e-05
0.038988 2.2e-05
0.034137 1.6e-05
0.0322 2.5e-05
0.034669 2e-05
0.034088 2.3e-05
0.034445 1.9e-05
0.034136 1.8e-05
0.034156 1.8e-05
0.035048 1.9e-05
0.034025 2.1e-05
0.033266 1.6e-05
0.034108 1.5e-05
0.033961 1.6e-05
0.034301 2.3e-05
0.034547 1.9e-05
0.034095 2e-05
0.034922 2.2e-05
0.034081 1.3e-05
0.031726 2.2e-05
0.034173 1.9e-05
0.034482 1.7e-05
0.03435 2.1e-05
0.034004 2.3e-05
0.034164 1.8e-05
0.034778 1.9e-05
0.034008 2.2e-05
0.032569 2.3e-05
0.034301 1.9e-05
0.034059 3.2e-05
0.034369 1.2e-05
0.034101 1.8e-05
0.034059 1.8e-05
0.034786 2.2e-05
0.034296 2.4e-05
0.033966 1.6e-05
0.034077 1.6e-05
0.034588 2.3e-05
0.03471 2.6e-05
0.034051 2.2e-05
0.03367 1.6e-05
0.034205 2.4e-05
0.034054 2.1e-05
0.033764 2e-05
0.034091 2.8e-05
0.033932 2.2e-05
0.034726 2e-05
0.034098 1.5e-05
0.033309 1.5e-05
0.034269 1.8e-05
0.034003 2.6e-05
0.034438 1.7e-05
0.034095 2.3e-05
0.034039 1.7e-05
0.034434 5.5e-05
0.034622 1.8e-05
0.033072 1.3e-05
0.034293 2.6e-05
0.034066 2.6e-05
0.034428 1.9e-05
0.034143 1.8e-05
0.033909 1.9e-05
0.034479 2.3e-05
0.034071 2.2e-05
0.033407 1.7e-05
0.034072 2e-05
0.034024 2.1e-05
0.034206 3.1e-05
0.034144 2.1e-05
0.03384 2.4e-05
0.034534 2.5e-05
0.033948 1.8e-05
0.033076 1.9e-05
0.03426 1.9e-05
0.034092 2.3e-05
0.034194 5.5e-05
0.034198 2.5e-05
0.034051 2.6e-05
0.034558 2.4e-05
0.03402 2.7e-05
0.033773 2.2e-05
0.039283 2.3e-05
0.034047 2.5e-05
0.034355 2e-05
0.034096 2.3e-05
0.033662 2e-05
0.034586 1.8e-05
0.034033 2.3e-05
0.033882 1.8e-05
0.034123 1.8e-05
0.034103 2.1e-05
0.034294 2.2e-05
0.0341 2e-05
0.033536 2.5e-05
0.03413 1.8e-05
0.034405 1.7e-05
0.034433 2.1e-05
0.034195 2.4e-05
0.034124 1.8e-05
0.034732 3.5e-05
0.034173 2.2e-05
0.03305 1.9e-05
0.034288 1.9e-05
0.034006 2.1e-05
0.034508 1.9e-05
0.034133 2.7e-05
0.0341 2.4e-05
0.034751 1.5e-05
0.034255 2.4e-05
0.032443 2.2e-05
0.034263 1.9e-05
0.034114 1.8e-05
0.034271 2.3e-05
0.034157 2.6e-05
0.033925 1.8e-05
0.034996 2.7e-05
0.034283 2.3e-05
0.033128 2.8e-05
0.034209 1.9e-05
0.034224 1.8e-05
0.034329 2.3e-05
0.034272 1.9e-05
0.034108 1.8e-05
0.035129 2.5e-05
0.034151 2.3e-05
0.033114 2e-05
0.034197 2.7e-05
0.034116 1.5e-05
0.034303 2.1e-05
0.034133 1.6e-05
0.03376 8.3e-05
0.0344 1.9e-05
0.034165 2e-05
0.034364 2.4e-05
0.034177 2e-05
0.03439 1.6e-05
0.034739 1.6e-05
0.03393 2.1e-05
0.032503 1.6e-05
0.034344 3e-05
0.034097 2.1e-05
0.034018 2e-05
0.034136 1.9e-05
0.033971 1.8e-05
0.03482 3e-05
0.034038 1.8e-05
0.032159 2.7e-05
0.034113 1.9e-05
0.034423 2.2e-05
0.034049 1.7e-05
0.033981 2.3e-05
0.033989 1.7e-05
0.034875 2.4e-05
0.034032 2e-05
0.031885 2.5e-05
0.034032 1.6e-05
0.034035 1.8e-05
0.034508 1.7e-05
0.034044 2.6e-05
0.033932 1.7e-05
0.034884 2.7e-05
0.034023 2.2e-05
0.032726 2e-05
0.034192 2.5e-05
0.03408 1.7e-05
0.034304 2.3e-05
0.035143 1.9e-05
0.034003 1.9e-05
0.034696 1.8e-05
0.034094 1.9e-05
0.032467 2.1e-05
0.034114 1.7e-05
0.034053 1.9e-05
0.034104 2.3e-05
0.033997 2e-05
0.034238 2.2e-05
0.034694 2e-05
0.034064 1.7e-05
0.03229 1.8e-05
0.034132 2.2e-05
0.033945 1.9e-05
0.034108 1.6e-05
0.034123 2.1e-05
0.034075 1.7e-05
0.034804 2e-05
0.034042 1.9e-05
0.031757 2.6e-05
0.034031 2.3e-05
0.034326 2.1e-05
0.034158 1.8e-05
0.034031 2.3e-05
0.033822 2.4e-05
0.034872 2.3e-05
0.033975 1.6e-05
0.03177 3.2e-05
0.034038 2.6e-05
0.034026 1.8e-05
0.034594 2.7e-05
0.034133 2e-05
0.033958 1.5e-05
0.034771 2.2e-05
0.03405 2e-05
0.03203 1.8e-05
0.034037 1.9e-05
0.034035 2.8e-05
0.034267 1.7e-05
0.034196 2.4e-05
0.033999 1.7e-05
0.034784 2.2e-05
0.034051 2.4e-05
0.031833 1.9e-05
0.03405 2.3e-05
0.034025 2.1e-05
0.034132 2.5e-05
0.034038 1.8e-05
0.03409 2.2e-05
0.035059 2e-05
0.03422 1.9e-05
0.031961 2.4e-05
0.034203 1.6e-05
0.034112 1.6e-05
0.034298 1.6e-05
0.034147 2e-05
0.033975 1.5e-05
0.034825 1.8e-05
0.033993 2.3e-05
0.033123 1.9e-05
0.034177 2.1e-05
0.034298 2.4e-05
0.03412 1.7e-05
0.034267 2.6e-05
0.034014 2.8e-05
0.034822 1.7e-05
0.034135 2.2e-05
0.031721 1.9e-05
0.034133 2.2e-05
0.033922 1.6e-05
0.034396 1.9e-05
0.034082 2.1e-05
0.034096 2.6e-05
0.03489 2.5e-05
0.033988 2e-05
0.033026 2e-05
0.034035 2.3e-05
0.033994 2.2e-05
0.034126 2.2e-05
0.034165 1.7e-05
0.034149 2.3e-05
0.034708 2.1e-05
0.033997 2.3e-05
0.032831 2.5e-05
0.034244 2e-05
0.034708 2.6e-05
0.034469 2.1e-05
0.034139 2.2e-05
0.033925 1.8e-05
0.034352 2.2e-05
0.033975 1.9e-05
0.034219 1.6e-05
0.034535 2.1e-05
0.034051 1.5e-05
0.034421 2.2e-05
0.034067 1.9e-05
0.033758 1.6e-05
0.034272 1.8e-05
0.033866 1.6e-05
0.033397 2.2e-05
0.034038 2.6e-05
0.034247 1.9e-05
0.034514 1.6e-05
0.034142 2.7e-05
0.033159 2.2e-05
0.034133 1.7e-05
0.034066 2.1e-05
0.03399 2.4e-05
0.033944 2.4e-05
0.034103 2.6e-05
0.034712 2.2e-05
0.034054 2.1e-05
0.033722 2.3e-05
0.034393 1.4e-05
0.0341 1.7e-05
0.033676 2.1e-05
0.034069 2e-05
0.034088 2.5e-05
0.034235 1.6e-05
0.034304 1.9e-05
0.03392 1.5e-05
0.034738 2e-05
0.037513 2.6e-05
0.034267 1.7e-05
0.034166 2.2e-05
0.033996 2.3e-05
0.034646 2.6e-05
0.034113 2.3e-05
0.032353 1.5e-05
0.034273 2.7e-05
0.03411 1.6e-05
0.034229 2e-05
0.034385 1.6e-05
0.034161 1.8e-05
0.034798 2.9e-05
0.034301 2.4e-05
0.034229 1.7e-05
0.035482 2.3e-05
0.035764 2.2e-05
0.03449 1.8e-05
0.035015 2.7e-05
0.035508 2.7e-05
0.035594 2.7e-05
0.033967 2e-05
0.032744 2e-05
0.035417 2.3e-05
0.035324 2e-05
0.035794 2.6e-05
0.034214 2.3e-05
0.033417 2.1e-05
0.035245 3.1e-05
0.035656 2.1e-05
0.034636 2.2e-05
0.03414 1.7e-05
0.034288 2.2e-05
0.036316 1.8e-05
0.035584 2.5e-05
0.034624 2.3e-05
0.034573 2.2e-05
0.034237 1.6e-05
0.035856 2.3e-05
0.035483 2.6e-05
0.034057 2.3e-05
0.034345 1.6e-05
0.034141 2.4e-05
0.035274 2.7e-05
0.035384 1.8e-05
0.035825 2.1e-05
0.036037 2.5e-05
0.0362 3e-05
0.036022 2.1e-05
0.032585 2.4e-05
0.034119 1.6e-05
0.034312 2.4e-05
0.035068 2.9e-05
0.03698 2e-05
0.035645 2.4e-05
0.036412 2.2e-05
0.036167 2.3e-05
0.035555 2.3e-05
0.034118 1.9e-05
0.034251 2.4e-05
0.035306 2.1e-05
0.034126 1.5e-05
0.032561 1.9e-05
0.034214 2.5e-05
0.033964 1.9e-05
0.034293 2.2e-05
0.034042 2.4e-05
0.034287 1.9e-05
0.03493 2e-05
0.034137 1.9e-05
0.032526 2.2e-05
0.034567 2.5e-05
0.034038 2.3e-05
0.034135 1.9e-05
0.03393 1.7e-05
0.033939 2.2e-05
0.034977 2.3e-05
0.034055 2.7e-05
0.032237 2.2e-05
0.034183 1.9e-05
0.034358 1.7e-05
0.034225 2.7e-05
0.03419 2.6e-05
0.034087 1.7e-05
0.034824 2.1e-05
0.034168 1.7e-05
0.032125 1.8e-05
0.034248 2e-05
0.033958 2.2e-05
0.034489 2.4e-05
0.034222 2.3e-05
0.034156 2.8e-05
0.034715 2.4e-05
0.034218 2.4e-05
0.032469 2.3e-05
0.034292 2.8e-05
0.035617 2.3e-05
0.035457 2.1e-05
0.034636 2.6e-05
0.03463 2.7e-05
0.035653 1.8e-05
0.03451 2.5e-05
0.033905 2.1e-05
0.034157 2.6e-05
0.034984 2.7e-05
0.034699 2.1e-05
0.03403 1.7e-05
0.033491 1.6e-05
0.034168 1.6e-05
0.034043 2e-05
0.034128 1.6e-05
0.034522 2.5e-05
0.03404 1.8e-05
0.034668 2e-05
0.034157 2.3e-05
0.032965 2.8e-05
0.03418 1.6e-05
0.034029 2.7e-05
0.034058 1.7e-05
0.03411 1.6e-05
0.034219 1.8e-05
0.034728 2.6e-05
0.034011 1.8e-05
0.031975 2.8e-05
0.034155 1.8e-05
0.034098 2.3e-05
0.034095 2.5e-05
0.034171 2.4e-05
0.034003 2.2e-05
0.034926 2e-05
0.03407 1.6e-05
0.032232 3e-05
0.035667 1.8e-05
0.034352 1.8e-05
0.034423 2.2e-05
0.034055 2.1e-05
0.033903 2.2e-05
0.03475 2e-05
0.034099 2.3e-05
0.032278 2.5e-05
0.034054 2.7e-05
0.033997 1.7e-05
0.034604 1.9e-05
0.034111 2.1e-05
0.034073 1.6e-05
0.034821 2.9e-05
0.034015 2.2e-05
0.032372 1.8e-05
0.0341 2e-05
0.033943 1.8e-05
0.034315 2.4e-05
0.03421 2e-05
0.03394 1.6e-05
0.034706 1.6e-05
0.03401 2e-05
0.032248 2.2e-05
0.03418 1.9e-05
0.034124 1.5e-05
0.034111 2.6e-05
0.034172 2e-05
0.034042 2.2e-05
0.034713 1.7e-05
0.034117 2.4e-05
0.032219 2.2e-05
0.034024 1.7e-05
0.03401 1.9e-05
0.034009 1.6e-05
0.034009 2.1e-05
0.033862 2.1e-05
0.03505 2.1e-05
0.03396 2.3e-05
0.032809 2.1e-05
0.034012 3.2e-05
0.034311 3e-05
0.034316 2e-05
0.03418 1.6e-05
0.033962 2e-05
0.034756 2.3e-05
0.034017 1.6e-05
0.031892 1.7e-05
0.034163 1.9e-05
0.034009 2.1e-05
0.034574 2e-05
0.034135 1.8e-05
0.034031 2.7e-05
0.034857 2.3e-05
0.034191 2e-05
0.031934 1.9e-05
0.034242 1.6e-05
0.033997 2.2e-05
0.03408 2.3e-05
0.03559 2.2e-05
0.034056 2.6e-05
0.034763 2.4e-05
0.034107 2e-05
0.032739 1.8e-05
0.034117 1.3e-05
0.034021 2.2e-05
0.034055 2.2e-05
0.03393 1.7e-05
0.034179 2e-05
0.034653 1.5e-05
0.033913 2.1e-05
0.032852 1.8e-05
0.034129 2.4e-05
0.034116 1.5e-05
0.034259 2.5e-05
0.034148 2.4e-05
0.034031 1.8e-05
0.034819 2.4e-05
0.033937 1.9e-05
0.032296 1.8e-05
0.034045 1.6e-05
0.034233 1.6e-05
0.034279 3.1e-05
0.034115 1.4e-05
0.033787 2.2e-05
0.03415 2.3e-05
0.034047 2.2e-05
0.033334 2.1e-05
0.034136 2.2e-05
0.034033 2e-05
0.034801 2.6e-05
0.034091 2e-05
0.033876 2.2e-05
0.034635 1.7e-05
0.033888 2.4e-05
0.032708 2e-05
0.033971 2.3e-05
0.034044 2e-05
0.034266 2.2e-05
0.034137 2.5e-05
0.034024 2.5e-05
0.034788 2e-05
0.033972 2.1e-05
0.03363 1.7e-05
0.034127 2.1e-05
0.034135 1.8e-05
0.034198 2.2e-05
0.034054 1.4e-05
0.034041 2e-05
0.034323 1.8e-05
0.034026 1.7e-05
0.033043 2.9e-05
