0.009249 5.1e-05
0.009276 1.9e-05
0.009186 2.1e-05
0.011595 2.2e-05
0.009236 1.5e-05
0.00921 1.6e-05
0.0092 2e-05
0.009223 1.9e-05
0.008188 1.9e-05
0.0093 2.5e-05
0.00923 2.1e-05
0.009272 1.7e-05
0.009245 1.4e-05
0.009225 2.3e-05
0.009206 2.1e-05
0.009187 1.5e-05
0.0092 1.9e-05
0.009219 2e-05
0.008499 1.4e-05
0.009286 1.7e-05
0.009204 1.6e-05
0.009289 1.8e-05
0.009265 1.8e-05
0.009274 2e-05
0.009261 1.9e-05
0.009226 1.7e-05
0.009271 2e-05
0.009277 1.8e-05
0.008674 1.3e-05
0.009257 1.9e-05
0.009215 2e-05
0.009308 1.4e-05
0.009242 1.7e-05
0.009195 1.4e-05
0.009199 2e-05
0.009223 2e-05
0.00918 1.7e-05
0.009233 2.1e-05
0.009209 1.9e-05
0.009274 1.9e-05
0.00923 2.2e-05
0.009391 2e-05
0.009275 1.7e-05
0.009266 2.2e-05
0.009195 1.8e-05
0.009189 2.1e-05
0.009218 1.9e-05
0.009206 1.5e-05
0.009203 1.8e-05
0.00924 1.7e-05
0.009245 2.1e-05
0.009324 2e-05
0.009269 2.3e-05
0.00922 1.6e-05
0.009195 2.4e-05
0.009215 1.6e-05
0.009199 2.2e-05
0.009203 2.1e-05
0.009215 1.9e-05
0.008663 2e-05
0.009225 1.8e-05
0.009459 1.9e-05
0.009238 1.5e-05
0.009214 2.2e-05
0.0092 1.8e-05
0.009223 2.1e-05
0.009189 1.9e-05
0.009189 1.3e-05
0.0092 1.3e-05
0.008183 1.5e-05
0.009226 2.4e-05
0.009251 1.7e-05
0.00926 1.4e-05
0.009237 1.8e-05
0.0092 1.9e-05
0.009266 1.7e-05
0.009228 2.1e-05
0.009261 1.7e-05
0.009211 1.5e-05
0.007903 1.4e-05
0.00921 2.2e-05
0.009228 1.9e-05
0.009275 2.5e-05
0.009215 1.6e-05
0.010052 2.1e-05
0.009251 2.4e-05
0.009157 1.7e-05
0.009209 2e-05
0.009178 1.5e-05
0.008876 1.5e-05
0.009214 1.2e-05
0.009284 1.7e-05
0.009438 1.6e-05
0.009355 1.9e-05
0.009259 1.9e-05
0.00924 1.6e-05
0.009203 2e-05
0.009236 1.7e-05
0.009207 1.2e-05
0.009154 1.6e-05
0.009238 2.1e-05
0.009225 1.7e-05
0.009367 1.6e-05
0.009217 1.6e-05
0.009258 1.9e-05
0.009192 1.8e-05
0.009202 1.3e-05
0.009257 1.9e-05
0.009206 2.1e-05
0.009276 1.5e-05
0.009292 1.8e-05
0.009309 1.7e-05
0.009345 1.9e-05
0.00926 2.2e-05
0.009199 1.3e-05
0.009225 1.9e-05
0.009218 2e-05
0.011073 1.7e-05
0.00922 2.1e-05
0.009213 1.9e-05
0.009254 2.1e-05
0.009251 2.2e-05
0.009407 2.4e-05
0.011871 3.7e-05
0.009278 1.5e-05
0.009218 1.4e-05
0.009243 1.3e-05
0.009234 1.6e-05
0.009208 2e-05
0.008305 1.7e-05
0.009347 2e-05
0.009217 1.8e-05
0.009223 1.6e-05
0.00921 1.5e-05
0.00922 1.3e-05
0.009227 1.9e-05
0.008151 1.2e-05
0.007621 1.3e-05
0.007379 1.7e-05
0.009221 1.6e-05
0.009216 1.6e-05
0.009232 1.8e-05
0.009201 1.6e-05
0.009241 1.8e-05
0.009272 1.6e-05
0.008976 1.6e-05
0.009258 1.8e-05
0.009216 1.6e-05
0.009326 2e-05
0.009258 1.8e-05
0.009252 1.3e-05
0.009225 2.3e-05
0.009225 1.5e-05
0.009253 1.7e-05
0.009187 1.4e-05
0.009117 1.7e-05
0.009198 2e-05
0.009223 1.9e-05
0.009282 1.7e-05
0.009252 1.4e-05
0.009308 2.4e-05
0.009263 1.4e-05
0.009226 1.2e-05
0.009269 1.6e-05
0.009196 1.6e-05
0.009231 1.5e-05
0.009237 1.9e-05
0.009219 1.8e-05
0.009279 2.1e-05
0.009277 2.1e-05
0.009209 2e-05
0.009204 1.9e-05
0.009186 2e-05
0.009231 2.3e-05
0.00921 1.9e-05
0.009216 1.9e-05
0.009258 1.8e-05
0.009271 1.9e-05
0.009266 1.9e-05
0.00929 2.5e-05
0.009229 1.9e-05
0.009203 1.8e-05
0.009197 1.8e-05
0.009189 1.9e-05
0.009194 1.7e-05
0.009218 1.9e-05
0.008147 1.4e-05
0.009233 1.8e-05
0.009232 1.8e-05
0.009333 1.8e-05
0.009241 1.5e-05
0.009215 1.6e-05
0.00922 2.4e-05
0.009223 2.1e-05
0.009195 1.6e-05
0.009232 1.5e-05
0.007926 1.6e-05
0.009248 1.6e-05
0.009219 3e-05
0.009264 2.3e-05
0.009211 2.1e-05
0.009217 2.3e-05
0.00925 1.7e-05
0.009196 1.5e-05
0.009197 1.9e-05
0.009201 1.5e-05
0.008833 1.7e-05
0.009255 1.6e-05
0.009215 2e-05
0.009288 2e-05
0.009218 1.8e-05
0.009312 2.1e-05
0.00923 2e-05
0.009176 1.3e-05
0.00919 2e-05
0.009245 2.1e-05
0.00899 1.7e-05
0.009213 2e-05
0.009252 2e-05
0.009301 2.3e-05
0.009202 2.1e-05
0.00923 1.5e-05
0.009204 1.8e-05
0.009203 2e-05
0.009173 1.6e-05
0.009211 2.2e-05
0.008873 2.4e-05
0.009249 1.6e-05
0.009298 1.5e-05
0.00936 2.1e-05
0.009243 2.3e-05
0.009215 1.9e-05
0.009227 1.9e-05
0.009236 1.5e-05
0.009206 1.8e-05
0.009213 2.1e-05
0.009195 1.8e-05
0.009255 1.8e-05
0.009229 2.1e-05
0.009326 1.7e-05
0.009251 1.8e-05
0.00923 1.4e-05
0.009162 2e-05
0.00921 2e-05
0.009202 1.5e-05
0.009278 1.9e-05
0.009228 1.6e-05
0.009229 1.5e-05
0.009208 1.5e-05
0.00926 3e-05
0.009263 1.9e-05
0.009212 2.3e-05
0.00919 1.5e-05
0.009203 2.1e-05
0.009214 2.1e-05
0.009217 1.8e-05
0.009208 1.7e-05
0.009224 2.1e-05
0.009182 1.8e-05
0.00924 2.5e-05
0.009231 1.9e-05
0.009474 1.6e-05
0.009251 2.3e-05
0.009207 2.1e-05
0.009193 1.6e-05
0.009215 1.9e-05
0.0092 1.3e-05
0.008432 2e-05
0.009213 1.8e-05
0.009221 1.4e-05
0.009287 2.3e-05
0.009231 2.6e-05
0.009224 2.1e-05
0.009208 1.8e-05
0.009188 2.4e-05
0.00923 1.7e-05
0.009208 1.9e-05
0.007735 1.4e-05
0.009441 1.8e-05
0.009296 1.7e-05
0.009362 1.9e-05
0.009235 2.4e-05
0.009193 2.1e-05
0.009215 1.8e-05
0.009201 1.6e-05
0.00921 2e-05
0.009218 1.7e-05
0.008751 1.5e-05
0.009247 2.1e-05
0.009232 1.2e-05
0.009267 1.5e-05
0.009227 2.2e-05
0.009208 1.9e-05
0.009232 1.7e-05
0.00919 1.8e-05
0.00942 2e-05
0.009248 2.1e-05
0.009201 1.6e-05
0.009226 2e-05
0.009217 1.8e-05
0.009287 2.1e-05
0.009224 1.5e-05
0.009196 2e-05
0.009217 2.2e-05
0.009202 2.5e-05
0.009211 2.3e-05
0.009261 1.8e-05
0.009231 1.3e-05
0.009236 1.8e-05
0.009243 1.9e-05
0.009261 1.4e-05
0.009262 1.8e-05
0.009412 1.8e-05
0.009241 1.3e-05
0.009213 1.9e-05
0.009236 1.9e-05
0.00922 1.5e-05
0.009191 1.7e-05
0.008615 1.8e-05
0.009235 1.7e-05
0.009225 2.3e-05
0.009251 2e-05
0.009238 2.2e-05
0.009224 1.6e-05
0.009204 2e-05
0.009206 1.4e-05
0.009185 1.4e-05
0.009414 2e-05
0.008528 2e-05
0.009314 2.1e-05
0.009274 1.6e-05
0.009265 1.8e-05
0.009269 1.9e-05
0.00925 1.8e-05
0.009195 1.6e-05
0.009192 2.2e-05
0.009202 1.6e-05
0.009211 1.9e-05
0.008307 1.2e-05
0.009247 1.7e-05
0.009213 1.6e-05
0.009278 2e-05
0.009242 1.6e-05
0.009291 2e-05
0.009205 2.1e-05
0.009209 1.3e-05
0.0094 2.1e-05
0.009215 1.6e-05
0.008361 1.7e-05
0.009272 1.9e-05
0.009201 1.5e-05
0.009285 2.6e-05
0.009203 2.2e-05
0.009285 2.1e-05
0.009211 1.9e-05
0.009204 2.3e-05
0.009215 2.2e-05
0.009186 1.7e-05
0.009142 1.8e-05
0.009192 1.5e-05
0.009238 1.9e-05
0.009308 2.2e-05
0.009221 1.6e-05
0.009431 2.3e-05
0.009233 1.7e-05
0.009271 2.1e-05
0.009204 2.2e-05
0.009236 2e-05
0.0092 1.5e-05
0.009257 1.5e-05
0.009224 1.6e-05
0.009363 2.3e-05
0.009222 1.6e-05
0.00924 1.4e-05
0.009197 1.6e-05
0.009202 2.3e-05
0.009207 1.4e-05
0.009198 1.4e-05
0.009207 2.1e-05
0.009156 1.8e-05
0.009256 1.8e-05
0.009286 1.9e-05
0.00924 1.9e-05
0.00925 1.8e-05
0.009197 2e-05
0.009237 1.9e-05
0.009216 2.4e-05
0.009208 2.2e-05
0.009191 2.4e-05
0.008799 1.8e-05
0.009253 2.2e-05
0.009242 2.2e-05
0.009262 2.2e-05
0.009245 2.4e-05
0.009215 1.7e-05
0.009284 2.1e-05
0.009189 1.7e-05
0.009379 1.7e-05
0.009216 1.6e-05
0.008005 2.2e-05
0.009288 1.9e-05
0.009263 2e-05
0.009301 1.3e-05
0.009302 1.6e-05
0.009207 1.6e-05
0.009187 2.3e-05
0.009204 1.2e-05
0.009213 1.8e-05
0.009191 1.5e-05
0.008095 1.6e-05
0.009254 1.8e-05
0.009256 1.8e-05
0.009261 1.7e-05
0.009251 1.6e-05
0.009418 1.3e-05
0.009226 1.7e-05
0.009271 1.7e-05
0.009208 2.2e-05
0.009228 1.4e-05
0.009039 2.1e-05
0.009222 2e-05
0.009283 1.8e-05
0.009302 1.9e-05
0.009237 2.4e-05
0.009204 2e-05
0.009207 1.5e-05
0.009209 2.3e-05
0.009194 1.7e-05
0.009211 1.5e-05
0.009236 1.3e-05
0.009277 1.7e-05
0.009246 1.8e-05
0.0094 1.9e-05
0.009304 2.2e-05
0.00929 1.7e-05
0.009224 1.6e-05
0.009215 2e-05
0.009213 1.9e-05
0.009188 2.1e-05
0.009324 2e-05
0.008998 1.9e-05
0.009268 1.6e-05
0.009226 2e-05
0.009337 2.1e-05
0.009227 1.6e-05
0.009199 1.7e-05
0.009242 2.1e-05
0.009204 2.2e-05
0.009213 2e-05
0.009244 1.8e-05
0.008518 1.4e-05
0.009255 1.9e-05
0.009278 2.1e-05
0.009285 2.1e-05
0.009239 2.1e-05
0.009222 2.1e-05
0.009221 2e-05
0.00922 1.6e-05
0.009145 1.7e-05
0.009206 1.5e-05
0.007896 1.2e-05
0.009286 2.3e-05
0.009206 1.7e-05
0.009299 2.3e-05
0.00922 1.6e-05
0.009436 2e-05
0.009245 1.7e-05
0.009224 1.5e-05
0.009206 1.9e-05
0.009236 2.1e-05
0.008163 1.6e-05
0.009238 1.9e-05
0.009176 2.5e-05
0.009285 1.8e-05
0.009197 1.9e-05
0.009227 1.4e-05
0.009209 1.5e-05
0.009217 2e-05
0.009283 1.8e-05
0.0092 1.4e-05
0.008849 1.9e-05
0.009193 1.5e-05
0.009427 1.4e-05
0.009391 1.9e-05
0.009231 2e-05
0.009216 1.4e-05
0.009197 1.7e-05
0.009203 1.5e-05
0.009175 2.1e-05
0.009218 2.1e-05
0.009209 1.9e-05
0.009302 1.5e-05
0.009224 1.9e-05
0.009327 2.1e-05
0.009221 1.9e-05
0.009227 2.4e-05
0.009222 2.3e-05
0.009212 1.6e-05
0.009195 2.3e-05
0.009402 1.6e-05
0.009298 1.8e-05
0.009088 2.1e-05
0.009235 2.5e-05
0.009231 2.3e-05
0.009306 1.6e-05
0.009219 2.1e-05
0.009224 2.9e-05
0.009206 2e-05
0.009205 2.1e-05
0.009177 1.7e-05
0.009209 1.6e-05
0.00811 2e-05
0.009257 1.5e-05
0.009281 2.5e-05
0.009267 1.6e-05
0.009221 2e-05
0.009203 1.8e-05
0.009288 1.8e-05
0.009236 1.8e-05
0.009239 1.7e-05
0.009198 1.7e-05
0.007785 2.2e-05
0.009223 1.7e-05
0.00923 1.7e-05
0.009276 1.6e-05
0.009238 2.1e-05
0.009196 1.8e-05
0.009215 1.7e-05
0.009212 1.7e-05
0.009212 1.7e-05
0.009262 1.7e-05
0.008821 1.4e-05
0.009268 1.9e-05
0.009239 1.8e-05
0.009352 1.3e-05
0.009233 2.4e-05
0.009229 2.4e-05
0.009246 1.6e-05
0.009215 2.2e-05
0.00921 2e-05
0.009228 2e-05
0.009217 1.6e-05
0.009241 1.4e-05
0.009216 1.9e-05
0.009259 1.7e-05
0.009271 2.4e-05
0.009234 2.3e-05
0.009195 1.5e-05
0.009197 2e-05
0.009217 2e-05
0.009206 1.8e-05
0.009087 3.1e-05
0.00922 1.8e-05
0.00938 2.1e-05
0.009262 1.8e-05
0.009259 1.9e-05
0.00923 1.5e-05
0.009288 1.8e-05
0.009193 2e-05
0.009211 1.9e-05
0.009179 1.7e-05
0.009192 2e-05
0.009219 2.1e-05
0.009252 1.5e-05
0.009286 2.3e-05
0.009249 1.9e-05
0.009252 1.8e-05
0.009204 1.5e-05
0.00926 1.6e-05
0.00923 1.5e-05
0.009214 1.6e-05
0.009274 1.6e-05
0.009007 2.4e-05
0.009257 2.4e-05
0.009251 1.9e-05
0.009267 2.1e-05
0.009203 1.4e-05
0.009216 1.5e-05
0.009188 1.5e-05
0.009239 1.4e-05
0.009212 1.8e-05
0.009227 2.1e-05
0.008852 2.5e-05
0.009238 1.9e-05
0.009213 2.6e-05
0.009313 2.2e-05
0.00923 2e-05
0.009231 1.7e-05
0.009216 1.7e-05
0.009234 1.7e-05
0.009204 1.6e-05
0.009212 1.8e-05
0.007849 2.4e-05
0.009309 2e-05
0.009231 1.4e-05
0.009271 1.9e-05
0.009232 1.7e-05
0.009236 1.4e-05
0.009217 2.5e-05
0.009211 2.3e-05
0.009222 1.9e-05
0.009206 2e-05
0.008522 1.8e-05
0.009249 1.8e-05
0.009261 2e-05
0.009313 2.1e-05
0.009291 1.5e-05
0.009238 2.2e-05
0.009231 2.1e-05
0.009209 1.9e-05
0.009188 1.8e-05
0.009224 1.9e-05
0.00836 1.3e-05
0.009263 1.3e-05
0.009248 1.3e-05
0.009348 1.6e-05
0.00922 1.8e-05
0.009213 1.7e-05
0.009198 1.6e-05
0.009269 2.3e-05
0.009215 1.8e-05
0.009172 1.7e-05
0.009194 1.6e-05
0.009248 1.5e-05
0.00921 2.4e-05
0.009317 2.3e-05
0.009269 1.8e-05
0.009212 1.7e-05
0.009243 1.9e-05
0.009206 2.1e-05
0.009214 1.9e-05
0.009202 1.9e-05
0.009211 1.6e-05
0.008743 1.7e-05
0.009232 1.6e-05
0.009261 1.9e-05
0.009312 2e-05
0.009259 2.2e-05
0.00921 2e-05
0.009222 1.9e-05
0.0092 1.7e-05
0.009221 2e-05
0.009211 1.5e-05
0.008169 2.6e-05
0.009227 1.7e-05
0.009226 2.3e-05
0.009288 1.8e-05
0.009233 1.6e-05
0.009182 2.2e-05
0.009252 2e-05
0.009215 1.5e-05
0.009218 1.5e-05
0.009181 1.2e-05
0.008305 1.9e-05
0.009247 2.4e-05
0.009273 2.2e-05
0.009259 1.8e-05
0.009225 1.8e-05
0.009207 2e-05
0.009218 1.5e-05
0.009217 1.7e-05
0.009239 1.7e-05
0.009193 2e-05
0.008931 1.4e-05
0.009245 2.2e-05
0.00923 1.7e-05
0.009323 2.2e-05
0.009236 1.6e-05
0.009198 1.9e-05
0.00922 1.6e-05
0.009275 1.7e-05
0.009248 1.8e-05
0.009203 1.9e-05
0.009226 1.5e-05
0.009254 1.7e-05
0.009266 1.6e-05
0.009339 1.6e-05
0.009259 1.9e-05
0.00922 1.5e-05
0.009208 1.8e-05
0.00922 1.7e-05
0.009215 2.2e-05
0.009215 1.8e-05
0.00921 2.2e-05
0.009218 2.2e-05
0.009219 1.9e-05
0.009292 1.7e-05
0.009349 1.5e-05
0.009243 2.3e-05
0.009259 2.3e-05
0.009215 2e-05
0.009268 1.9e-05
0.009212 1.8e-05
0.009239 1.6e-05
0.009206 2.7e-05
0.009236 2.1e-05
0.009314 2.4e-05
0.009257 1.7e-05
0.009214 2e-05
0.009211 2.1e-05
0.009216 1.5e-05
0.009199 2.4e-05
0.00922 1.5e-05
0.00921 1.5e-05
0.009118 1.8e-05
0.009302 2.6e-05
0.009257 2.9e-05
0.009296 1.6e-05
0.009242 1.4e-05
0.009214 2.1e-05
0.00923 1.3e-05
0.009199 1.3e-05
0.009205 2e-05
0.009255 2.3e-05
0.008231 2.7e-05
0.009276 2.5e-05
0.009232 2.1e-05
0.009289 1.3e-05
0.009255 1.8e-05
0.009247 1.9e-05
0.009241 1.8e-05
0.00927 1.4e-05
0.009249 2.3e-05
0.009256 2.2e-05
0.008091 1.3e-05
0.009237 2.1e-05
0.009223 2.1e-05
0.009274 1.9e-05
0.009286 1.9e-05
0.009215 1.6e-05
0.009222 1.4e-05
0.009235 2.3e-05
0.009211 2e-05
0.009212 1.4e-05
0.009199 1.9e-05
0.00925 2.3e-05
0.00926 2.1e-05
0.009347 1.9e-05
0.009309 1.9e-05
0.009303 2.3e-05
0.009233 1.5e-05
0.009211 1.7e-05
0.009216 2.1e-05
0.009241 1.5e-05
0.00921 1.9e-05
0.009259 2.1e-05
0.009262 1.8e-05
0.009346 2.4e-05
0.009293 2.2e-05
0.00932 1.8e-05
0.009221 1.8e-05
0.009211 1.6e-05
0.0092 2e-05
0.009203 1.7e-05
0.009242 2.2e-05
0.009333 1.6e-05
0.009261 2e-05
0.0093 2.4e-05
0.009243 1.9e-05
0.009245 2.1e-05
0.009215 2.1e-05
0.009219 1.8e-05
0.009248 2.2e-05
0.009241 2e-05
0.009193 1.8e-05
0.009207 1.2e-05
0.009243 2e-05
0.00932 1.7e-05
0.009242 2.3e-05
0.009297 1.8e-05
0.009242 1.9e-05
0.009302 1.7e-05
0.00931 2.3e-05
0.009245 1.8e-05
0.009246 1.5e-05
0.008759 2.2e-05
0.009224 1.7e-05
0.009282 1.7e-05
0.009271 1.6e-05
0.00921 2.5e-05
0.009215 1.7e-05
0.00924 2.2e-05
0.009248 1.8e-05
0.009236 1.5e-05
0.009226 1.6e-05
0.007975 1.6e-05
0.009241 1.6e-05
0.009234 1.8e-05
0.009419 1.9e-05
0.00932 2.3e-05
0.009267 1.7e-05
0.009225 2.4e-05
0.00924 1.9e-05
0.009227 1.7e-05
0.009235 1e-05
0.008235 1.6e-05
0.009234 1.7e-05
0.009194 2e-05
0.009295 1.8e-05
0.009226 1.7e-05
0.009216 2.1e-05
0.009292 1.4e-05
0.009185 2e-05
0.009223 1.9e-05
0.009216 1.6e-05
0.008986 2.1e-05
0.009362 1.2e-05
0.00929 2.2e-05
0.009289 1.6e-05
0.009228 2.3e-05
0.009173 1.8e-05
0.009253 2.1e-05
0.009198 1.5e-05
0.009229 2e-05
0.009227 1.6e-05
0.009113 1.8e-05
0.009261 2.6e-05
0.009232 1.3e-05
0.009302 2.6e-05
0.009258 1.8e-05
0.009202 1.8e-05
0.0092 1.5e-05
0.009247 1.8e-05
0.009231 1.4e-05
0.009248 1.7e-05
0.009216 1.6e-05
0.009238 2.1e-05
0.009313 1.9e-05
0.009295 1.4e-05
0.009283 1.2e-05
0.009202 2.4e-05
0.00921 1.7e-05
0.009225 1.6e-05
0.009202 1.8e-05
0.009203 1.7e-05
0.009215 1.8e-05
0.009212 2.7e-05
0.009238 1.9e-05
0.009294 2.9e-05
0.009299 2.3e-05
0.009303 1.6e-05
0.009252 2.1e-05
0.009212 2e-05
0.009247 2e-05
0.009207 2.3e-05
0.009236 2.4e-05
0.008567 1.7e-05
0.009252 1.8e-05
0.009233 1.4e-05
0.009239 1.8e-05
0.009239 2.2e-05
0.009204 1.7e-05
0.009221 2.2e-05
0.009257 1.7e-05
0.009196 1.9e-05
0.009215 1.9e-05
0.008549 1.9e-05
0.009296 2.4e-05
0.009249 1.8e-05
0.009272 1.9e-05
0.009278 2.3e-05
0.009244 1.6e-05
0.009207 2e-05
0.009243 2e-05
0.00921 2e-05
0.009235 2e-05
0.008178 1.5e-05
0.009249 2e-05
0.009231 1.7e-05
0.009321 1.4e-05
0.009261 1.6e-05
0.009243 1.6e-05
0.009214 1.2e-05
0.009266 1.5e-05
0.009205 2.2e-05
0.009238 1.9e-05
0.008246 1.4e-05
0.009273 1.8e-05
0.009212 1.5e-05
0.009313 2.3e-05
0.009269 1.8e-05
0.009237 1.9e-05
0.009219 1.5e-05
0.009208 2.2e-05
0.009202 2.1e-05
0.009229 1.8e-05
0.00901 1.5e-05
0.009242 1.4e-05
0.009201 1.8e-05
0.009338 1.7e-05
0.009267 2.6e-05
0.009261 2e-05
0.009236 1.8e-05
0.0092 1.7e-05
0.009209 1.8e-05
0.009288 1.4e-05
0.009226 2.2e-05
0.009258 1.7e-05
0.009222 2e-05
0.009293 1.5e-05
0.009223 2e-05
0.009213 1.3e-05
0.009221 1.9e-05
0.009194 2e-05
0.00919 1.3e-05
0.009223 1.1e-05
0.009174 1.6e-05
0.009305 2.2e-05
0.009221 2.2e-05
0.009326 1.8e-05
0.009246 2.2e-05
0.009257 1.7e-05
0.00922 2e-05
0.009243 1.8e-05
0.009201 1.5e-05
0.009215 2.3e-05
0.009194 1.4e-05
0.008532 1.3e-05
0.009267 1.1e-05
0.009294 2.2e-05
0.009256 1.8e-05
0.009341 1.4e-05
0.009238 1.9e-05
0.009228 1.5e-05
0.009227 1.9e-05
0.009251 2e-05
0.009231 1.3e-05
0.007771 1.4e-05
0.009308 2.2e-05
0.009252 1.3e-05
0.00928 2.5e-05
0.009353 1.3e-05
0.009208 2.1e-05
0.00923 1.7e-05
0.009175 2.1e-05
0.009204 2.1e-05
0.009206 1.6e-05
0.008045 1.5e-05
0.00925 1.6e-05
0.009236 1.9e-05
0.009281 2.1e-05
0.009279 2.2e-05
0.00923 1.8e-05
0.009238 2e-05
0.013544 2.9e-05
0.009349 1.8e-05
0.009274 1.9e-05
0.008848 1.7e-05
0.009272 2e-05
0.009342 1.6e-05
0.009328 1.8e-05
0.00935 1.8e-05
0.009274 1.8e-05
0.009236 1.8e-05
0.009248 1.7e-05
0.009272 1.6e-05
0.009233 1.9e-05
0.00835 1.8e-05
0.009347 2.4e-05
0.009327 2e-05
0.0093 1.9e-05
0.00927 2.1e-05
0.009197 1.9e-05
0.009248 1.7e-05
0.009201 1.4e-05
0.009282 2.3e-05
0.009201 1.9e-05
0.008102 1e-05
0.009246 1.4e-05
0.009261 1.6e-05
0.009277 2.2e-05
0.009261 1.7e-05
0.009213 1.5e-05
0.009261 1.6e-05
0.009423 1.9e-05
0.009316 2.6e-05
0.009301 2.2e-05
0.008436 1.2e-05
0.009308 2e-05
0.009282 1.7e-05
0.009287 1.5e-05
0.009239 1.4e-05
0.009202 1.8e-05
0.009201 1.7e-05
0.009208 1.5e-05
0.0092 2.2e-05
0.00923 1.2e-05
0.008723 1.8e-05
0.009248 1.9e-05
0.009313 2.1e-05
0.009368 1.4e-05
0.009497 2.1e-05
0.009435 2.2e-05
0.00934 1.6e-05
0.010278 2.3e-05
0.009329 1.9e-05
0.009272 1.6e-05
0.009055 1.5e-05
0.009285 2.2e-05
0.009288 2.1e-05
