0.036232 9e-06
0.038364 7e-06
0.035373 8e-06
0.034807 6e-06
0.034801 7e-06
0.035217 4e-06
0.038182 4e-06
0.034574 5e-06
0.034647 6e-06
0.034818 5e-06
0.034322 3e-06
0.034975 6e-06
0.034846 4e-06
0.035259 8e-06
0.041485 5e-06
0.034991 4e-06
0.036519 6e-06
0.034504 4e-06
0.033262 7e-06
0.036707 5e-06
0.034324 5e-06
0.035676 6e-06
0.036185 9e-06
0.03344 3e-06
0.034553 6e-06
0.034135 5e-06
0.034706 5e-06
0.035036 6e-06
0.035028 5e-06
0.03523 5e-06
0.035043 6e-06
0.032432 5e-06
0.036232 6e-06
0.034283 5e-06
0.034416 6e-06
0.034661 1e-05
0.034018 5e-06
0.038367 6e-06
0.034833 6e-06
0.034202 5e-06
0.034734 5e-06
0.03678 5e-06
0.035735 5e-06
0.034629 6e-06
0.038581 7e-06
0.035805 4e-06
0.034249 7e-06
0.035784 6e-06
0.034193 5e-06
0.035305 5e-06
0.034367 7e-06
0.034378 6e-06
0.035055 7e-06
0.034325 5e-06
0.033136 4e-06
0.035126 5e-06
0.034431 5e-06
0.034564 5e-06
0.034238 4e-06
0.034823 4e-06
0.035482 5e-06
0.034277 4e-06
0.033895 6e-06
0.042319 5e-06
0.048309 7e-06
0.048445 7e-06
0.045907 6e-06
0.048703 7e-06
0.048311 7e-06
0.047996 6e-06
0.034203 6e-06
0.034178 5e-06
0.034086 5e-06
0.035088 6e-06
0.034061 4e-06
0.032965 4e-06
0.034594 5e-06
0.034248 4e-06
0.03411 5e-06
0.034344 8e-06
0.034127 3e-06
0.035871 5e-06
0.033999 6e-06
0.036364 6e-06
0.034242 4e-06
0.034852 6e-06
0.037498 5e-06
0.034485 4e-06
0.033512 4e-06
0.034401 7e-06
0.034535 4e-06
0.03334 3e-06
0.034717 5e-06
0.034847 7e-06
0.034817 8e-06
0.038895 8e-06
0.032545 4e-06
0.034079 3e-06
0.034005 6e-06
0.035363 6e-06
0.033888 7e-06
0.034165 4e-06
0.034783 4e-06
0.034269 7e-06
0.032562 6e-06
0.034393 6e-06
0.033967 3e-06
0.034314 5e-06
0.034443 5e-06
0.034128 6e-06
0.035078 4e-06
0.034142 4e-06
0.032202 7e-06
0.034278 6e-06
0.034627 7e-06
0.035264 8e-06
0.034183 3e-06
0.034574 6e-06
0.036217 5e-06
0.034137 4e-06
0.032325 5e-06
0.034378 3e-06
0.034017 6e-06
0.034408 5e-06
0.034137 5e-06
0.034525 4e-06
0.03432 3e-06
0.03755 7e-06
0.03723 5e-06
0.034452 5e-06
0.034245 7e-06
0.034712 4e-06
0.033963 5e-06
0.033152 5e-06
0.035216 5e-06
0.034567 4e-06
0.034205 4e-06
0.034251 5e-06
0.034026 5e-06
0.03478 4e-06
0.034031 4e-06
0.0342 4e-06
0.034389 5e-06
0.035471 7e-06
0.034648 6e-06
0.034303 3e-06
0.034439 4e-06
0.035116 5e-06
0.035238 5e-06
0.03476 5e-06
0.034494 4e-06
0.036582 5e-06
0.035337 6e-06
0.034022 6e-06
0.032718 4e-06
0.034169 6e-06
0.035105 5e-06
0.034933 7e-06
0.034064 5e-06
0.034009 4e-06
0.034649 5e-06
0.034353 4e-06
0.033901 7e-06
0.03414 4e-06
0.034006 5e-06
0.034539 2e-06
0.034146 6e-06
0.04154 6e-06
0.034501 7e-06
0.0343 6e-06
0.033752 6e-06
0.034278 4e-06
0.034037 4e-06
0.034517 1e-05
0.034118 5e-06
0.03275 5e-06
0.034082 6e-06
0.034087 6e-06
0.034455 6e-06
0.034117 4e-06
0.034045 6e-06
0.034435 8e-06
0.033949 6e-06
0.0333 3e-06
0.034448 6e-06
0.034165 5e-06
0.033866 4e-06
0.034492 7e-06
0.033947 5e-06
0.034507 1e-05
0.034445 3e-06
0.032463 4e-06
0.034145 5e-06
0.034135 4e-06
0.034063 3e-06
0.034718 6e-06
0.034107 6e-06
0.034624 5e-06
0.033969 4e-06
0.032448 3e-06
0.03449 6e-06
0.034585 5e-06
0.034109 3e-06
0.034086 4e-06
0.034005 4e-06
0.034821 6e-06
0.034062 5e-06
0.033359 5e-06
0.034255 6e-06
0.034325 5e-06
0.034516 8e-06
0.034102 5e-06
0.032425 7e-06
0.034203 5e-06
0.03441 7e-06
0.033972 6e-06
0.034101 4e-06
0.034881 5e-06
0.034238 4e-06
0.033771 7e-06
0.034107 4e-06
0.034041 5e-06
0.034214 5e-06
0.034029 5e-06
0.033949 6e-06
0.034833 5e-06
0.034131 6e-06
0.032975 5e-06
0.034001 4e-06
0.034034 5e-06
0.034107 5e-06
0.0345 7e-06
0.034193 5e-06
0.034754 4e-06
0.034057 5e-06
0.032413 4e-06
0.035077 6e-06
0.034023 6e-06
0.034161 6e-06
0.033955 4e-06
0.033941 6e-06
0.035183 5e-06
0.034091 4e-06
0.032444 5e-06
0.034376 5e-06
0.034279 3e-06
0.034099 6e-06
0.034084 5e-06
0.036501 5e-06
0.034922 4e-06
0.034068 4e-06
0.032386 5e-06
0.034209 4e-06
0.034714 6e-06
0.03432 5e-06
0.03411 4e-06
0.034061 5e-06
0.034857 6e-06
0.034012 5e-06
0.032427 5e-06
0.034224 5e-06
0.034078 6e-06
0.034294 5e-06
0.034116 5e-06
0.034138 5e-06
0.03498 4e-06
0.034188 5e-06
0.033073 5e-06
0.034159 5e-06
0.034986 6e-06
0.034082 4e-06
0.034066 5e-06
0.034083 4e-06
0.035134 5e-06
0.034581 6e-06
0.033196 6e-06
0.03448 9e-06
0.033988 4e-06
0.034417 5e-06
0.034333 5e-06
0.033664 6e-06
0.034021 6e-06
0.034109 5e-06
0.033759 7e-06
0.034268 5e-06
0.034205 3e-06
0.034546 6e-06
0.03436 5e-06
0.033488 4e-06
0.034213 5e-06
0.034064 4e-06
0.03512 1.2e-05
0.034143 4e-06
0.034097 6e-06
0.034736 5e-06
0.035577 8e-06
0.032415 7e-06
0.034222 5e-06
0.034509 4e-06
0.034238 4e-06
0.034078 5e-06
0.034051 6e-06
0.034812 7e-06
0.034064 4e-06
0.03262 8e-06
0.035089 4e-06
0.034248 6e-06
0.034719 5e-06
0.037798 8e-06
0.034044 5e-06
0.034614 7e-06
0.035027 5e-06
0.033936 4e-06
0.034138 4e-06
0.034593 4e-06
0.035547 6e-06
0.034463 6e-06
0.033722 5e-06
0.034182 5e-06
0.034019 4e-06
0.034624 1.4e-05
0.034335 6e-06
0.034347 5e-06
0.034657 8e-06
0.03422 6e-06
0.034253 6e-06
0.034251 5e-06
0.034366 7e-06
0.035179 5e-06
0.03482 6e-06
0.034162 7e-06
0.035064 8e-06
0.035025 5e-06
0.032676 5e-06
0.034164 4e-06
0.034088 4e-06
0.034192 9e-06
0.034621 5e-06
0.034178 5e-06
0.035099 5e-06
0.034037 5e-06
0.033135 8e-06
0.034294 6e-06
0.034352 4e-06
0.034672 6e-06
0.035615 6e-06
0.033836 7e-06
0.034128 6e-06
0.034276 7e-06
0.035194 5e-06
0.03461 5e-06
0.03591 6e-06
0.035568 3e-06
0.03431 6e-06
0.040408 6e-06
0.035224 7e-06
0.034653 5e-06
0.035124 4e-06
0.036636 5e-06
0.032561 7e-06
0.034239 4e-06
0.037203 5e-06
0.03572 6e-06
0.035531 7e-06
0.034179 5e-06
0.035302 4e-06
0.034283 4e-06
0.034221 5e-06
0.03406 6e-06
0.034068 3e-06
0.034325 2.4e-05
0.034313 4e-06
0.033339 5e-06
0.034092 6e-06
0.034925 6e-06
0.034484 6e-06
0.034151 5e-06
0.034545 7e-06
0.035613 4e-06
0.035394 6e-06
0.03329 4e-06
0.034468 4e-06
0.034231 6e-06
0.034122 4e-06
0.034762 5e-06
0.034109 5e-06
0.035325 3e-06
0.035586 6e-06
0.033502 5e-06
0.034386 4e-06
0.034333 6e-06
0.034313 4e-06
0.034357 4e-06
0.033628 4e-06
0.034335 5e-06
0.034209 5e-06
0.034251 4e-06
0.034177 3e-06
0.033921 4e-06
0.03538 6e-06
0.03416 7e-06
0.032638 5e-06
0.034143 5e-06
0.034344 4e-06
0.039989 1.1e-05
0.0373 7e-06
0.036866 8e-06
0.035201 6e-06
0.033858 7e-06
0.035157 5e-06
0.034068 5e-06
0.035958 7e-06
0.034637 5e-06
0.034605 7e-06
0.036061 5e-06
0.03429 3e-06
0.034481 4e-06
0.035285 7e-06
0.034365 5e-06
0.034287 5e-06
0.034248 6e-06
0.035015 4e-06
0.035548 8e-06
0.035077 6e-06
0.035177 1.3e-05
0.035552 9e-06
0.035554 4e-06
0.034312 6e-06
0.034075 5e-06
0.035025 7e-06
0.035549 6e-06
0.034139 5e-06
0.032206 4e-06
0.035036 6e-06
0.034172 4e-06
0.033981 6e-06
0.034181 5e-06
0.034007 6e-06
0.03615 5e-06
0.034137 4e-06
0.037268 4e-06
0.03542 6e-06
0.034885 5e-06
0.034934 5e-06
0.034231 6e-06
0.033913 8e-06
0.035285 6e-06
0.034467 6e-06
0.035126 7e-06
0.034388 5e-06
0.034088 5e-06
0.035501 6e-06
0.034082 4e-06
0.032905 6e-06
0.034486 5e-06
0.034073 4e-06
0.036874 5e-06
0.034085 4e-06
0.034106 5e-06
0.034784 3e-06
0.034277 6e-06
0.033436 7e-06
0.034041 6e-06
0.034023 5e-06
0.034246 6e-06
0.034204 7e-06
0.033983 4e-06
0.034093 4e-06
0.034047 4e-06
0.034821 8e-06
0.034256 4e-06
0.034078 6e-06
0.03598 4e-06
0.034277 7e-06
0.034453 8e-06
0.034652 5e-06
0.033964 5e-06
0.027677 5e-06
0.034025 5e-06
0.035566 6e-06
0.034258 5e-06
0.034888 7e-06
0.03457 5e-06
0.034225 3e-06
0.034026 3e-06
0.03605 9e-06
0.034093 5e-06
0.033653 5e-06
0.034129 6e-06
0.035629 6e-06
0.034338 6e-06
0.034337 5e-06
0.034285 4e-06
0.034385 7e-06
0.034128 5e-06
0.033676 6e-06
0.034058 8e-06
0.034244 6e-06
0.034348 7e-06
0.034206 4e-06
0.033186 5e-06
0.034322 7e-06
0.03407 5e-06
0.034284 6e-06
0.03437 4e-06
0.03425 5e-06
0.034838 4e-06
0.034079 7e-06
0.032421 5e-06
0.034369 3e-06
0.034638 6e-06
0.034384 5e-06
0.034846 5e-06
0.034391 3e-06
0.03485 6e-06
0.03434 5e-06
0.032954 5e-06
0.034122 5e-06
0.03404 4e-06
0.03412 5e-06
0.034113 6e-06
0.034245 4e-06
0.035587 6e-06
0.034109 4e-06
0.032504 5e-06
0.034311 5e-06
0.034185 5e-06
0.034296 5e-06
0.033999 5e-06
0.034058 6e-06
0.03545 8e-06
0.034264 4e-06
0.032473 4e-06
0.034062 5e-06
0.034159 6e-06
0.034762 9e-06
0.033997 6e-06
0.034022 6e-06
0.035122 6e-06
0.034576 5e-06
0.032508 5e-06
0.035466 6e-06
0.0351 7e-06
0.034309 4e-06
0.034515 5e-06
0.034061 6e-06
0.034453 6e-06
0.034307 4e-06
0.034348 5e-06
0.034156 5e-06
0.034334 4e-06
0.034742 7e-06
0.034167 5e-06
0.034505 7e-06
0.034861 6e-06
0.03407 5e-06
0.034435 6e-06
0.034464 7e-06
0.034084 4e-06
0.037201 5e-06
0.03438 4e-06
0.032853 5e-06
0.036541 4e-06
0.034143 4e-06
0.034628 5e-06
0.034321 7e-06
0.034492 4e-06
0.034782 4e-06
0.034155 4e-06
0.032702 3e-06
0.034013 6e-06
0.034141 4e-06
0.034506 4e-06
0.034147 5e-06
0.034186 3e-06
0.035043 8e-06
0.034059 5e-06
0.033801 5e-06
0.034242 5e-06
0.035653 6e-06
0.034654 5e-06
0.034563 6e-06
0.033901 6e-06
0.034263 6e-06
0.040657 7e-06
0.035399 4e-06
0.034903 5e-06
0.034917 4e-06
0.036029 6e-06
0.035124 4e-06
0.033531 5e-06
0.034933 4e-06
0.034208 5e-06
0.034818 7e-06
0.034689 7e-06
0.03318 5e-06
0.034461 6e-06
0.035288 4e-06
0.035494 6e-06
0.035026 4e-06
0.034656 5e-06
0.035274 8e-06
0.034253 5e-06
0.032242 5e-06
0.034639 4e-06
0.03411 5e-06
0.034617 5e-06
0.034167 5e-06
0.034642 5e-06
0.036757 6e-06
0.035436 7e-06
0.035153 4e-06
0.034054 8e-06
0.034216 4e-06
0.035822 6e-06
0.033986 4e-06
0.03305 4e-06
0.034094 6e-06
0.033995 4e-06
0.035251 5e-06
0.034074 5e-06
0.033891 4e-06
0.034152 7e-06
0.034381 4e-06
0.033565 3e-06
0.035451 5e-06
0.035806 6e-06
0.035679 4e-06
0.034207 4e-06
0.034296 7e-06
0.0365 8e-06
0.034777 4e-06
0.034627 5e-06
0.034165 5e-06
0.034468 7e-06
0.035833 5e-06
0.03491 5e-06
0.033718 5e-06
0.034772 4e-06
0.034095 6e-06
0.034278 6e-06
0.034163 7e-06
0.034232 4e-06
0.034355 7e-06
0.034924 6e-06
0.03411 3e-06
0.034493 6e-06
0.03933 5e-06
0.036883 6e-06
0.038463 6e-06
0.040615 5e-06
0.036492 7e-06
0.036074 6e-06
0.034277 5e-06
0.034432 5e-06
0.03538 6e-06
0.036524 5e-06
0.034493 5e-06
0.034484 4e-06
0.034891 5e-06
0.038638 9e-06
0.036841 7e-06
0.035275 6e-06
0.035434 7e-06
0.035563 5e-06
0.036662 4e-06
0.036301 6e-06
0.034981 5e-06
0.034128 5e-06
0.035077 6e-06
0.0352 4e-06
0.035679 6e-06
0.034923 4e-06
0.034901 8e-06
0.035411 5e-06
0.035021 5e-06
0.035171 6e-06
0.034894 5e-06
0.034966 6e-06
0.036118 4e-06
0.035033 6e-06
0.03528 6e-06
0.035453 5e-06
0.035224 6e-06
0.036219 7e-06
0.035162 4e-06
0.035012 6e-06
0.03512 5e-06
0.035056 8e-06
0.036643 6e-06
0.036472 6e-06
0.032888 7e-06
0.034976 7e-06
0.03431 4e-06
0.034466 5e-06
0.03423 6e-06
0.035238 7e-06
0.035476 6e-06
0.034119 7e-06
0.032888 6e-06
0.034403 5e-06
0.03426 5e-06
0.034123 6e-06
0.034252 4e-06
0.033952 5e-06
0.035148 5e-06
0.03561 5e-06
0.033243 4e-06
0.036059 1.3e-05
0.03467 7e-06
0.035609 5e-06
0.034609 6e-06
0.034398 7e-06
0.034911 4e-06
0.035068 5e-06
0.035321 5e-06
0.037817 5e-06
0.03501 4e-06
0.036065 5e-06
0.035041 6e-06
0.04366 5e-06
0.03487 4e-06
0.033231 5e-06
0.034283 5e-06
0.044148 6e-06
0.040752 5e-06
0.038736 6e-06
0.038918 7e-06
0.035336 7e-06
0.035248 5e-06
0.036001 7e-06
0.037619 1e-05
0.035861 6e-06
0.038699 5e-06
0.045719 8e-06
0.047866 1e-05
0.046258 5e-06
0.047949 6e-06
0.048781 6e-06
0.035784 5e-06
0.035926 5e-06
0.035983 6e-06
0.035848 5e-06
0.034398 5e-06
0.034592 5e-06
0.034279 7e-06
0.040372 6e-06
0.03417 4e-06
0.035353 4e-06
0.034738 5e-06
0.035558 7e-06
0.036559 9e-06
0.037221 7e-06
0.036646 5e-06
0.035783 5e-06
0.036019 8e-06
0.034895 5e-06
0.036858 8e-06
0.035166 7e-06
0.033736 5e-06
0.034306 5e-06
0.034027 5e-06
0.047455 6e-06
0.034747 5e-06
0.035555 6e-06
0.036458 6e-06
0.036563 5e-06
0.037108 7e-06
0.037181 5e-06
0.036336 6e-06
0.035682 4e-06
0.035446 6e-06
0.036552 6e-06
0.034623 3e-06
0.032754 6e-06
0.034521 6e-06
0.034153 5e-06
0.034178 7e-06
0.035008 4e-06
0.035211 5e-06
0.036141 6e-06
0.035379 8e-06
0.034226 4e-06
0.03402 6e-06
0.034395 7e-06
0.036686 5e-06
0.035044 7e-06
0.033712 5e-06
0.034088 7e-06
0.034169 5e-06
0.034207 4e-06
0.034048 5e-06
0.0341 6e-06
0.034663 4e-06
0.034258 4e-06
0.035164 8e-06
0.035944 7e-06
0.035492 6e-06
0.035871 4e-06
0.035127 5e-06
0.034005 5e-06
0.035554 4e-06
0.035069 3e-06
0.035287 4e-06
0.034957 5e-06
0.034621 4e-06
0.035241 4e-06
0.035659 8e-06
0.035479 5e-06
0.035114 5e-06
0.035038 6e-06
0.035448 4e-06
0.034145 5e-06
0.031844 5e-06
0.034173 6e-06
0.034036 4e-06
0.035321 4e-06
0.035341 5e-06
0.034086 4e-06
0.035064 5e-06
0.034289 5e-06
0.032751 5e-06
0.034074 5e-06
0.034683 4e-06
0.034197 6e-06
0.035452 8e-06
0.035981 6e-06
0.03417 4e-06
0.034035 4e-06
0.035591 5e-06
0.034977 6e-06
0.034209 5e-06
0.034985 6e-06
0.034039 4e-06
0.032712 8e-06
0.034369 4e-06
0.034472 5e-06
0.034122 7e-06
0.034093 5e-06
0.034101 4e-06
0.034728 5e-06
0.034054 5e-06
0.032241 5e-06
0.034155 5e-06
0.034098 5e-06
0.034942 5e-06
0.034021 5e-06
0.034107 4e-06
0.03507 6e-06
0.033994 5e-06
0.031973 8e-06
0.034129 3e-06
0.034228 4e-06
0.034284 5e-06
0.034351 4e-06
0.034198 5e-06
0.035979 9e-06
0.034251 4e-06
0.033024 5e-06
0.034334 3e-06
0.034085 6e-06
0.035512 5e-06
0.034886 6e-06
0.035231 6e-06
0.035916 3e-06
0.035077 5e-06
0.035562 7e-06
0.041699 9e-06
0.036914 5e-06
0.037453 5e-06
0.035624 6e-06
0.03616 7e-06
0.035312 4e-06
0.034968 5e-06
0.034889 5e-06
0.034062 5e-06
0.034528 5e-06
0.038045 5e-06
0.034996 4e-06
0.035133 7e-06
0.034133 5e-06
0.034549 8e-06
0.03526 5e-06
0.034119 4e-06
0.034687 5e-06
0.035306 5e-06
0.035151 4e-06
0.035046 5e-06
0.033983 5e-06
0.035113 6e-06
0.036301 4e-06
0.034265 4e-06
0.03473 6e-06
0.035242 6e-06
0.034432 8e-06
0.035755 5e-06
0.034185 4e-06
0.034865 4e-06
0.034153 5e-06
0.035265 6e-06
0.036196 4e-06
0.034254 7e-06
0.034253 7e-06
0.034155 4e-06
0.034098 3e-06
0.034206 5e-06
0.034095 7e-06
0.034269 5e-06
0.034697 4e-06
0.034143 4e-06
0.034069 7e-06
0.034481 4e-06
0.034769 7e-06
0.034822 6e-06
0.036037 5e-06
0.034167 6e-06
0.03467 7e-06
0.034148 6e-06
0.035213 4e-06
0.036462 4e-06
0.034871 5e-06
0.034859 5e-06
0.034937 4e-06
0.038205 5e-06
0.034952 8e-06
0.034351 5e-06
0.0351 5e-06
0.035045 4e-06
0.032918 6e-06
0.036689 7e-06
0.034576 6e-06
0.035759 7e-06
0.034838 6e-06
0.04251 1e-05
0.039576 5e-06
0.035521 5e-06
0.036765 6e-06
0.035057 5e-06
0.035996 4e-06
0.03746 5e-06
0.03477 5e-06
0.037611 6e-06
0.036933 5e-06
0.03656 7e-06
0.042258 8e-06
0.034157 4e-06
0.034934 5e-06
0.034224 5e-06
0.032646 3e-06
0.034163 6e-06
0.034055 4e-06
0.038486 6e-06
0.036393 5e-06
0.03715 6e-06
0.034171 4e-06
0.039954 6e-06
0.035174 8e-06
0.034258 5e-06
0.033027 6e-06
0.042613 5e-06
0.03588 7e-06
0.034526 6e-06
0.034008 5e-06
0.034192 5e-06
0.036016 7e-06
0.034257 4e-06
0.032812 4e-06
0.034118 5e-06
0.035958 5e-06
0.037663 8e-06
0.038007 5e-06
0.034989 7e-06
0.036175 5e-06
0.036489 5e-06
0.034528 1.6e-05
0.034067 4e-06
0.033974 4e-06
0.034717 4e-06
0.033996 4e-06
0.034485 5e-06
0.034058 6e-06
0.034083 5e-06
0.034514 6e-06
0.034259 6e-06
0.032907 4e-06
0.034319 6e-06
0.034091 3e-06
0.034554 5e-06
0.034563 6e-06
0.034297 4e-06
0.034995 7e-06
0.034056 5e-06
0.032593 5e-06
0.034139 4e-06
0.033968 4e-06
0.034224 3e-06
0.034427 5e-06
0.034501 7e-06
0.035754 6e-06
0.03414 5e-06
