0.020147 0.001351
0.020016 0.000736
0.02013 0.001594
0.019961 0.001055
0.019834 0.001093
0.019823 0.000627
0.01996 0.000926
0.019897 0.000883
0.019768 0.000936
0.017364 0.000729
0.020231 0.001141
0.019867 0.001165
0.019688 0.000853
0.015847 0.001124
0.020238 0.000881
0.019873 0.001289
0.020242 0.001482
0.020241 0.001054
0.0199 0.001038
0.019914 0.001222
0.020091 0.001227
0.021794 0.000897
0.019791 0.001106
0.019843 0.000862
0.021181 0.001664
0.01998 0.001697
0.019881 0.000865
0.019897 0.001297
0.018652 0.001004
0.020346 0.00146
0.019933 0.000823
0.020045 0.00115
0.015486 0.001591
0.020194 0.000812
0.019882 0.001116
0.019854 0.001036
0.020072 0.001053
0.019879 0.000885
0.019727 0.000832
0.019794 0.001064
0.020031 0.001008
0.019901 0.000784
0.019787 0.000679
0.019721 0.000942
0.019962 0.000984
0.019855 0.000642
0.0198 0.001092
0.019876 0.000948
0.019846 0.000763
0.019914 0.0011
0.019766 0.000951
0.019751 0.000695
0.019781 0.001369
0.019776 0.001367
0.019767 0.000939
0.018374 0.000581
0.020168 0.000759
0.019739 0.000682
0.019814 0.001046
0.017405 0.000868
0.02071 0.000752
0.019752 0.000915
0.020046 0.001343
0.019016 0.001146
0.020482 0.000844
0.01983 0.000941
0.019867 0.001024
0.019437 0.000993
0.019893 0.001236
0.020015 0.000979
0.019865 0.000804
0.020392 0.001132
0.019885 0.001051
0.019812 0.001178
0.020073 0.00125
0.019987 0.001022
0.019832 0.000944
0.019815 0.0014
0.019916 0.001313
0.021262 0.001107
0.019987 0.000859
0.020116 0.000934
0.017619 0.001201
0.020985 0.001086
0.020144 0.001354
0.020125 0.00109
0.02024 0.000861
0.020239 0.000972
0.019811 0.001188
0.019961 0.000772
0.020156 0.001396
0.020421 0.001344
0.020267 0.001242
0.019667 0.000555
0.019862 0.00172
0.016457 0.00072
0.017207 0.000893
0.016288 0.000719
0.016197 0.00077
0.016929 0.000821
0.016182 0.000833
0.016126 0.000657
0.016355 0.000603
0.016319 0.000732
0.016309 0.000709
0.016254 0.000888
0.016179 0.000561
0.016273 0.000873
0.016275 0.0009
0.016266 0.000774
0.016252 0.000865
0.016209 0.000602
0.015883 0.000996
0.016249 0.000841
0.016308 0.000861
0.016323 0.000708
0.016174 0.000777
0.014166 0.000979
0.016537 0.000766
0.016206 0.000548
0.016163 0.00099
0.016153 0.00067
0.016289 0.000603
0.016481 0.000928
0.016164 0.000767
0.016689 0.000774
0.016553 0.000824
0.016747 0.001245
0.016348 0.000885
0.01632 0.000715
0.016289 0.000737
0.023171 0.000673
0.016443 0.001006
0.016386 0.000712
0.016219 0.000768
0.01652 0.000613
0.014595 0.000721
0.01629 0.000789
0.016276 0.000824
0.016267 0.000783
0.016295 0.001021
0.016303 0.000746
0.016442 0.000793
0.016498 0.000735
0.016253 0.000641
0.016275 0.000887
0.016181 0.000787
0.016407 0.000601
0.016296 0.001104
0.016243 0.001221
0.016242 0.00081
0.016325 0.000886
0.016359 0.000864
0.018655 0.000681
0.016429 0.000964
0.015488 0.00083
0.016552 0.000887
0.016363 0.000994
0.016124 0.00088
0.016177 0.000772
0.014771 0.000861
0.016361 0.000956
0.016179 0.000692
0.016183 0.000687
0.016221 0.000542
0.016179 0.000706
0.01628 0.000803
0.016235 0.000918
0.01613 0.000608
0.016277 0.000737
0.016278 0.000727
0.016326 0.000726
0.016272 0.000554
0.016146 0.000994
0.018504 0.000557
0.016283 0.000893
0.016263 0.000768
0.016216 0.00074
0.016247 0.000801
0.016461 0.0007
0.016268 0.000622
0.016308 0.000662
0.016133 0.000778
0.016196 0.000724
0.015437 0.000816
0.016195 0.000883
0.016301 0.000739
0.016191 0.000679
0.016181 0.001008
0.016261 0.000659
0.016495 0.000752
0.016278 0.000505
0.016155 0.000855
0.016316 0.000924
0.016272 0.000879
0.022635 0.000793
0.016356 0.000703
0.016222 0.000948
0.016153 0.000759
0.016249 0.000595
0.016242 0.000543
0.016129 0.000901
0.016154 0.000763
0.01614 0.000774
0.016337 0.000703
0.017214 0.000857
0.016202 0.000701
0.016183 0.000734
0.014846 0.000725
0.016243 0.000826
0.016248 0.000712
0.016172 0.000525
0.016259 0.000781
0.014784 0.000606
0.016298 0.000751
0.016279 0.000686
0.016132 0.000906
0.016175 0.001079
0.016229 0.000712
0.016472 0.000603
0.016315 0.000635
0.016162 0.00105
0.016179 0.001129
0.016229 0.000672
0.016229 0.000613
0.016172 0.000794
0.016288 0.001095
0.016373 0.000648
0.016383 0.000907
0.016311 0.000914
0.016176 0.000525
0.016167 0.000988
0.015491 0.000991
0.016356 0.000947
0.016207 0.00093
0.01616 0.001151
0.016247 0.000542
0.016202 0.000883
0.016549 0.00063
0.016225 0.000606
0.016131 0.000695
0.016271 0.000816
0.016264 0.000662
0.016413 0.000745
0.016228 0.000907
0.016289 0.000721
0.016301 0.000702
0.016231 0.000702
0.016314 0.000622
0.016218 0.000649
0.016153 0.000912
0.016195 0.00069
0.016249 0.000711
0.016253 0.000748
0.016262 0.000584
0.01615 0.000521
0.016161 0.00086
0.016325 0.001031
0.01627 0.00071
0.016212 0.000688
0.016363 0.000543
0.016815 0.000737
0.017052 0.000843
0.016474 0.000703
0.016277 0.00079
0.016334 0.000848
0.016019 0.000653
0.017133 0.000962
0.016384 0.000688
0.016415 0.000739
0.017116 0.000918
0.015764 0.000723
0.016431 0.000788
0.016242 0.000586
0.016327 0.000957
0.01629 0.000958
0.016413 0.000904
0.0165 0.001279
0.016445 0.000876
0.017261 0.000948
0.016461 0.00073
0.016487 0.001154
0.016545 0.000874
0.016449 0.000853
0.016504 0.001092
0.015592 0.000774
0.016505 0.00096
0.016426 0.00065
0.016225 0.000709
0.016232 0.000641
0.014652 0.000747
0.01633 0.001689
0.016656 0.000987
0.016554 0.000788
0.016363 0.000814
0.016427 0.000613
0.018918 0.001161
0.01794 0.000591
0.016872 0.001254
0.018285 0.000673
0.019896 0.000977
0.016706 0.00059
0.016329 0.000667
0.016448 0.000842
0.014932 0.0009
0.016504 0.001156
0.016299 0.000929
0.016225 0.001018
0.016359 0.001025
0.016473 0.000737
0.016639 0.00109
0.01626 0.000741
0.01614 0.000719
0.016294 0.000574
0.016258 0.000953
0.016283 0.000744
0.016295 0.000769
0.016231 0.000877
0.015295 0.001078
0.01623 0.000806
0.016213 0.000938
0.016188 0.000707
0.016101 0.00072
0.016151 0.000828
0.017939 0.000708
0.0165 0.000859
0.016491 0.000993
0.016278 0.000992
0.017432 0.001076
0.016678 0.000997
0.016224 0.000638
0.016381 0.000661
0.015642 0.00061
0.019835 0.001075
0.01645 0.000845
0.016444 0.000698
0.016451 0.001027
0.01582 0.000948
0.016441 0.000657
0.016343 0.000725
0.01632 0.001017
0.024246 0.001201
0.02267 0.001129
0.018656 0.000724
0.018104 0.000746
0.016316 0.000849
0.016319 0.001134
0.016928 0.001461
0.016992 0.000949
0.017188 0.00117
0.017237 0.000988
0.017278 0.001028
0.016466 0.001034
0.016558 0.000983
0.016428 0.000924
0.017319 0.000927
0.016394 0.000706
0.016516 0.000544
0.017882 0.001021
0.017064 0.000806
0.016811 0.000875
0.016773 0.000868
0.016299 0.000718
0.016455 0.000917
0.016065 0.001019
0.016658 0.000835
0.016333 0.00094
0.016399 0.000703
0.016226 0.000994
0.016255 0.000859
0.01636 0.000798
0.016228 0.000658
0.01618 0.00057
0.016139 0.000566
0.016387 0.001106
0.016348 0.000861
0.016059 0.000757
0.016146 0.000694
0.017759 0.000665
0.016336 0.001474
0.016203 0.000872
0.016091 0.000673
0.016161 0.000849
0.013781 0.000853
0.016222 0.000809
0.01624 0.000881
0.016281 0.000819
0.016118 0.000695
0.01441 0.000664
0.016253 0.000865
0.016179 0.000689
0.016147 0.000772
0.016076 0.00092
0.015759 0.001098
0.016585 0.000723
0.016226 0.001091
0.016519 0.00068
0.016211 0.001049
0.016592 0.000744
0.016527 0.000949
0.016229 0.000724
0.016365 0.000818
0.015581 0.00113
0.016235 0.00069
0.016233 0.000519
0.016384 0.000559
0.014029 0.000787
0.016323 0.000621
0.01614 0.000972
0.01631 0.000663
0.016317 0.00053
0.016454 0.000844
0.016181 0.001351
0.016296 0.00075
0.01614 0.000843
0.01621 0.000801
0.016262 0.000824
0.016892 0.00107
0.016431 0.000918
0.015525 0.001144
0.016689 0.000721
0.016267 0.000825
0.016239 0.000921
0.0163 0.000669
0.016319 0.001203
0.016391 0.000707
0.016404 0.00073
0.016344 0.000975
0.016576 0.001042
0.016894 0.000992
0.016815 0.000865
0.016361 0.001004
0.01662 0.001204
0.017364 0.000864
0.020044 0.001539
0.019698 0.001066
0.019675 0.000933
0.01996 0.000898
0.019873 0.001111
0.019613 0.000731
0.019739 0.000885
0.019638 0.001055
0.019731 0.000939
0.019666 0.000768
0.01957 0.001117
0.019804 0.001114
0.019661 0.000987
0.019693 0.001087
0.01969 0.001107
0.020035 0.000953
0.019721 0.00087
0.01971 0.000995
0.019552 0.000481
0.019711 0.001343
0.019561 0.001049
0.019489 0.001067
0.018405 0.00105
0.020092 0.001388
0.019663 0.000874
0.019638 0.000927
0.016632 0.00099
0.02049 0.000885
0.019481 0.001138
0.019502 0.000991
0.01544 0.000736
0.020426 0.000992
0.01959 0.000851
0.019631 0.000868
0.015994 0.000867
0.020482 0.00068
0.019725 0.001324
0.020562 0.001123
0.018242 0.001708
0.01982 0.00175
0.019702 0.000821
0.019775 0.000951
0.020245 0.001079
0.020539 0.00154
0.019727 0.001277
0.016493 0.000747
0.017374 0.000796
0.017 0.000922
0.016749 0.000596
0.016634 0.000771
0.016596 0.000861
0.016871 0.001472
0.016692 0.000735
0.016873 0.000718
0.016666 0.000767
0.016034 0.000742
0.016532 0.000794
0.016597 0.001247
0.01646 0.001366
0.016448 0.000835
0.016433 0.001097
0.016564 0.000972
0.017598 0.000841
0.016568 0.000702
0.016446 0.000737
0.017023 0.000742
0.017473 0.000931
0.016505 0.000663
0.017448 0.000909
0.016758 0.001186
0.023967 0.001662
0.020997 0.001456
0.01958 0.001517
0.018753 0.001081
0.016467 0.000746
0.016483 0.000682
0.016911 0.000582
0.015809 0.000786
0.016931 0.001056
0.016952 0.000878
0.01648 0.000596
0.016555 0.000814
0.016895 0.000697
0.017539 0.001084
0.017703 0.000678
0.016476 0.000743
0.016316 0.000906
0.016474 0.001083
0.016652 0.000924
0.016412 0.000901
0.017314 0.001046
0.016427 0.00144
0.017529 0.000816
0.016454 0.000826
0.016438 0.000571
0.016548 0.000823
0.016683 0.000713
0.016589 0.000929
0.016527 0.000938
0.017728 0.000832
0.015243 0.001007
0.016374 0.000926
0.01638 0.000676
0.016343 0.000727
0.016296 0.000643
0.015605 0.00106
0.016796 0.001002
0.016409 0.000813
0.016292 0.000681
0.016375 0.000901
0.016469 0.000734
0.016387 0.000847
0.016318 0.000588
0.016926 0.000711
0.016463 0.000714
0.016548 0.000775
0.016429 0.001049
0.016272 0.000678
0.016315 0.000917
0.014935 0.00102
0.0164 0.000604
0.016483 0.000754
0.016399 0.000822
0.016299 0.000665
0.015805 0.00059
0.016553 0.001188
0.016354 0.000842
0.016787 0.000631
0.016508 0.000942
0.01673 0.001006
0.016388 0.001015
0.016282 0.000898
0.016355 0.000667
0.015607 0.000834
0.016293 0.000656
0.01642 0.000685
0.016353 0.000847
0.016529 0.000927
0.016115 0.000743
0.016577 0.000634
0.016504 0.000736
0.016332 0.001064
0.016448 0.000856
0.016483 0.001031
0.016462 0.000879
0.01905 0.00061
0.01651 0.000591
0.016459 0.000546
0.01638 0.000816
0.016528 0.00064
0.016389 0.000715
0.016417 0.000777
0.016311 0.000861
0.01664 0.000873
0.016433 0.000586
0.016345 0.000902
0.01639 0.000831
0.015991 0.00071
0.016722 0.000733
0.016538 0.001139
0.01635 0.001023
0.016363 0.000879
0.016388 0.00089
0.016466 0.000742
0.016317 0.000688
0.016308 0.000601
0.016314 0.00097
0.016488 0.001113
0.016426 0.00074
0.016403 0.000667
0.016305 0.000803
0.014558 0.001177
0.016519 0.000921
0.01642 0.000799
0.016307 0.000728
0.016339 0.000892
0.016368 0.000678
0.016682 0.00068
0.016299 0.000859
0.01624 0.000744
0.016338 0.00105
0.016449 0.000873
0.016382 0.000719
0.01633 0.00094
0.016315 0.000861
0.016102 0.000893
0.01729 0.000815
0.016424 0.000656
0.016283 0.000752
0.016415 0.000697
0.015315 0.001009
0.016666 0.000898
0.016539 0.000747
0.017656 0.000788
0.016384 0.000867
0.016629 0.000719
0.016656 0.000895
0.016761 0.00078
0.016406 0.000542
0.016442 0.001053
0.016459 0.000873
0.016441 0.00078
0.016297 0.00087
0.016266 0.000877
0.015013 0.000715
0.016465 0.000865
0.016458 0.000988
0.016626 0.001291
0.016635 0.001002
0.016896 0.000783
0.016798 0.000761
0.01656 0.000723
0.016381 0.000685
0.016594 0.000871
0.016882 0.000862
0.016934 0.001213
0.01675 0.000635
0.016552 0.001147
0.016167 0.000861
0.017499 0.000766
0.016441 0.001175
0.016456 0.000761
0.016672 0.000739
0.016557 0.000736
0.016523 0.000544
0.016535 0.000605
0.016307 0.000935
0.016316 0.000787
0.016411 0.000749
0.016383 0.000715
0.01649 0.000828
0.016354 0.000833
0.016306 0.000603
0.016557 0.000966
0.016579 0.000524
0.018408 0.000716
0.016423 0.001263
0.016199 0.000582
0.016312 0.00091
0.016379 0.000594
0.016435 0.000854
0.016274 0.000679
0.015557 0.001042
0.016601 0.000991
0.016502 0.000723
0.016585 0.000803
0.01646 0.000725
0.016696 0.001056
0.016608 0.000751
0.016407 0.001004
0.016444 0.000666
0.016531 0.000688
0.016463 0.000774
0.016593 0.000736
0.016989 0.000637
0.016576 0.000783
0.016031 0.000485
0.016525 0.000902
0.016525 0.000723
0.016429 0.0007
0.016221 0.000816
0.014455 0.000633
0.016509 0.000941
0.016529 0.000772
0.016419 0.000853
0.016448 0.000594
0.016441 0.000752
0.016786 0.000671
0.016436 0.00058
0.016437 0.000992
0.016268 0.000842
0.016432 0.000888
0.016581 0.000734
0.01636 0.000779
0.016227 0.000906
0.016271 0.000573
0.016369 0.001134
0.016509 0.001061
0.016363 0.000811
0.016306 0.0007
0.014753 0.000876
0.016446 0.000955
0.016402 0.000564
0.016362 0.000539
0.016235 0.001015
0.014713 0.000701
0.016713 0.000793
0.016338 0.000865
0.016425 0.00081
0.016229 0.000803
0.016381 0.000845
0.016432 0.000968
0.016274 0.000651
0.01625 0.00067
0.016996 0.000854
0.016667 0.000747
0.016709 0.000967
0.016961 0.000859
0.016435 0.000813
0.014499 0.000706
0.016547 0.00095
0.016506 0.000824
0.01647 0.000574
0.016637 0.000749
0.016885 0.001037
0.017078 0.000783
0.01639 0.000794
0.016335 0.000679
0.016417 0.000803
0.016824 0.00075
0.016592 0.0008
0.017025 0.000814
0.016439 0.00071
0.016327 0.000783
0.016395 0.00057
0.016432 0.000707
0.016275 0.000661
0.016303 0.000577
0.016343 0.000651
0.016362 0.00058
0.01691 0.000899
0.01632 0.000683
0.016282 0.001031
0.014885 0.000653
0.016337 0.001009
0.016356 0.001033
0.016362 0.000592
0.016333 0.000878
0.016446 0.001019
0.016532 0.000791
0.016279 0.001052
0.01628 0.000605
0.016362 0.000781
0.016458 0.001598
0.016775 0.00085
0.016719 0.000685
0.016573 0.000701
0.015887 0.001267
0.016757 0.001032
0.017629 0.000668
0.021093 0.000832
0.016689 0.000865
0.017962 0.000982
0.018063 0.001229
0.017434 0.000756
0.016691 0.000647
0.015395 0.000756
0.016673 0.001112
0.016679 0.000688
0.017305 0.000859
0.016581 0.000613
0.017113 0.000598
0.016847 0.000549
0.016519 0.00065
0.016529 0.000688
0.016495 0.000806
0.016485 0.000543
0.016827 0.000699
0.016782 0.00093
0.017489 0.001009
0.016435 0.001086
0.016468 0.000929
0.016436 0.00095
0.016456 0.000802
0.016405 0.000641
0.016383 0.000686
0.016786 0.000588
0.01642 0.001022
0.016288 0.000586
0.016236 0.000839
0.01641 0.000733
0.016413 0.000806
0.016272 0.000628
0.016455 0.000895
0.016273 0.000799
0.01661 0.001044
0.016305 0.000996
0.016346 0.000529
0.016285 0.000844
0.014451 0.000665
0.016361 0.000704
0.016348 0.000643
0.016332 0.001031
0.016454 0.00107
0.016352 0.000843
0.016409 0.000568
0.016381 0.001061
0.016349 0.000842
0.016389 0.000698
0.016398 0.000857
0.016474 0.000912
0.016342 0.000741
0.016287 0.0006
0.014271 0.000731
0.016281 0.000667
0.016403 0.001225
0.016266 0.000708
0.016293 0.00066
0.016052 0.000819
0.016591 0.000713
0.016355 0.000666
0.016275 0.000694
0.016291 0.000659
0.01641 0.00056
0.01671 0.000681
0.016346 0.000667
0.016231 0.00094
0.016395 0.00083
0.016365 0.000833
0.016433 0.000766
0.016327 0.000501
0.016346 0.000839
0.01628 0.000709
0.016406 0.000791
0.016498 0.000792
0.016365 0.000774
0.016228 0.000688
0.016399 0.000613
0.016351 0.000783
0.016364 0.000768
0.016281 0.00086
0.01629 0.000783
0.015091 0.000615
0.016533 0.000751
0.016622 0.000882
0.016379 0.000726
0.01629 0.000752
0.015586 0.000832
0.016535 0.000745
0.016352 0.000966
0.016455 0.000741
0.016442 0.000744
0.01665 0.000663
0.020374 0.000848
0.017432 0.000811
0.016504 0.00111
0.015331 0.000799
0.01468 0.00074
0.016793 0.000847
0.016457 0.000963
0.016378 0.000549
0.01638 0.000643
0.01635 0.000646
0.016351 0.000665
0.016319 0.000695
0.015079 0.00079
0.016639 0.001043
0.016514 0.000778
0.016825 0.000933
0.016544 0.000872
0.016476 0.001018
0.016644 0.000754
0.016518 0.000716
0.01637 0.000906
0.016426 0.00067
0.016459 0.000739
0.01635 0.000809
0.016345 0.001019
0.016375 0.000534
0.015279 0.000769
0.016627 0.00083
0.016668 0.001079
0.016637 0.001032
0.016566 0.00078
0.01683 0.000681
0.016612 0.001047
0.01631 0.000677
0.016806 0.000839
0.016448 0.00078
0.016741 0.000705
0.016541 0.000675
0.016399 0.000694
0.016264 0.000624
0.016343 0.000607
0.016401 0.000789
0.016383 0.000692
0.016308 0.000642
0.016437 0.001116
0.015884 0.000818
0.016479 0.000585
0.016372 0.000655
0.016355 0.000937
0.016412 0.000976
0.015616 0.000794
0.0168 0.000853
0.016451 0.000878
0.016416 0.000817
0.016393 0.000788
0.016438 0.000927
0.016489 0.000655
0.016362 0.001032
0.016303 0.000943
0.016217 0.000882
0.016748 0.000743
0.016436 0.000639
0.01632 0.000575
0.016308 0.000741
0.016317 0.000529
0.016383 0.000753
0.021369 0.000844
0.017616 0.000935
0.019839 0.001075
0.01948 0.000977
0.025174 0.001594
0.016947 0.000772
0.016747 0.000831
0.016955 0.000966
0.016507 0.000715
0.016959 0.000558
0.017356 0.000823
0.016901 0.000803
0.016493 0.000954
0.016537 0.001112
0.016528 0.000919
0.016952 0.000854
0.014822 0.000938
0.01681 0.00097
0.016382 0.001067
0.016298 0.000791
0.016392 0.000546
0.016812 0.000713
0.016594 0.0008
0.016304 0.000842
0.016365 0.000765
0.020631 0.000806
0.016898 0.000928
0.016457 0.000605
0.01688 0.00111
0.016406 0.00077
0.014877 0.000992
0.019601 0.001111
0.017247 0.000895
0.01701 0.00077
0.018287 0.001294
0.016956 0.000852
0.016781 0.000993
0.017011 0.000782
0.020338 0.001059
0.016618 0.001945
0.017378 0.000855
0.018352 0.001351
0.017324 0.000811
0.023325 0.000951
0.016787 0.000736
0.016652 0.000731
0.016703 0.000687
0.016526 0.001193
0.016498 0.000998
0.016619 0.000747
0.016591 0.000882
0.017252 0.000811
0.017005 0.00113
0.017218 0.001031
0.016761 0.00065
0.017087 0.000965
0.017309 0.00077
0.020069 0.001523
0.01997 0.001035
0.019787 0.000662
0.019742 0.000828
0.019941 0.00087
0.019847 0.000931
0.019817 0.000848
0.01983 0.000831
0.019812 0.00094
0.019696 0.000992
