0.0013 0.000588
0.001307 0.000485
0.001302 0.00052
0.001306 0.000475
0.001345 0.000563
0.001315 0.000538
0.001306 0.000522
0.001316 0.000541
0.00131 0.000549
0.001337 0.000525
0.0013 0.000547
0.001312 0.000552
0.001426 0.000603
0.001313 0.000493
0.001353 0.000441
0.001188 0.000537
0.001371 0.000495
0.001303 0.000534
0.001647 0.000622
0.001304 0.00052
0.001307 0.000558
0.0013 0.000582
0.001315 0.000559
0.001307 0.00055
0.001298 0.000568
0.001317 0.000584
0.001301 0.000605
0.001301 0.000475
0.001302 0.000531
0.00131 0.00047
0.001294 0.000589
0.001305 0.000584
0.001302 0.000505
0.001304 0.000599
0.001314 0.000594
0.001306 0.000574
0.001304 0.000517
0.001303 0.000556
0.001293 0.000548
0.001295 0.000593
0.001305 0.000507
0.001308 0.000578
0.001288 0.000509
0.001319 0.000597
0.001185 0.000467
0.001304 0.000549
0.001299 0.000474
0.001306 0.000592
0.001305 0.000584
0.001309 0.000487
0.001298 0.000543
0.001308 0.000548
0.001338 0.000527
0.001312 0.000533
0.001302 0.000574
0.001301 0.000556
0.001314 0.000467
0.001307 0.000434
0.001305 0.000573
0.001305 0.000577
0.001294 0.00055
0.001298 0.000549
0.001297 0.000558
0.001306 0.000479
0.001297 0.000578
0.001304 0.00054
0.001303 0.000603
0.0013 0.000517
0.001303 0.000508
0.001304 0.000499
0.001299 0.000578
0.001308 0.000612
0.001308 0.000593
0.001307 0.000515
0.001307 0.000447
0.001086 0.000517
0.001296 0.000598
0.001306 0.000598
0.001303 0.000565
0.00131 0.000513
0.001302 0.000543
0.001301 0.000535
0.001322 0.000582
0.001308 0.000623
0.001306 0.000514
0.001295 0.000509
0.001299 0.000559
0.001311 0.000496
0.001298 0.000555
0.001305 0.000566
0.001304 0.000521
0.001314 0.000526
0.00131 0.000602
0.001311 0.000479
0.001327 0.000565
0.001316 0.000599
0.001301 0.000539
0.001322 0.000483
0.001302 0.000599
0.00129 0.000546
0.001296 0.000593
0.001303 0.000637
0.001295 0.000503
0.001328 0.000562
0.001304 0.000478
0.001227 0.000417
0.00117 0.000537
0.001302 0.000514
0.001297 0.000628
0.001315 0.00062
0.001302 0.000551
0.001307 0.000584
0.001308 0.000604
0.001296 0.000449
0.001295 0.000522
0.001333 0.000554
0.001296 0.000604
0.001308 0.000504
0.0013 0.000533
0.001301 0.000466
0.001293 0.000514
0.001299 0.000594
0.001306 0.000465
0.001303 0.000534
0.001301 0.000586
0.001302 0.000573
0.001299 0.000512
0.001297 0.000605
0.001298 0.000529
0.00131 0.000535
0.001305 0.000542
0.001317 0.000444
0.001296 0.000554
0.001297 0.000595
0.001298 0.000604
0.001529 0.000612
0.001303 0.000575
0.001337 0.000556
0.001363 0.000564
0.001299 0.000519
0.001301 0.000614
0.001309 0.000584
0.001311 0.000545
0.00131 0.000549
0.001301 0.000625
0.001305 0.000511
0.001307 0.000582
0.001311 0.000566
0.001294 0.000519
0.001302 0.000585
0.001316 0.000571
0.001303 0.000527
0.001298 0.000511
0.001298 0.000543
0.001306 0.00061
0.0013 0.000515
0.001302 0.000516
0.001316 0.000619
0.0013 0.000551
0.001312 0.000475
0.001303 0.000567
0.00133 0.0005
0.001291 0.000528
0.0013 0.000544
0.001295 0.000596
0.001131 0.000454
0.001188 0.000528
0.001312 0.000575
0.001291 0.0006
0.001303 0.000481
0.001308 0.000545
0.001298 0.000608
0.001301 0.000621
0.001331 0.000577
0.001302 0.000497
0.0013 0.000508
0.001301 0.000587
0.001304 0.000501
0.001313 0.000526
0.001309 0.000603
0.001297 0.000588
0.001305 0.000527
0.0013 0.000587
0.001308 0.000539
0.001287 0.000544
0.001298 0.000497
0.001311 0.000523
0.001299 0.000594
0.001292 0.000535
0.001306 0.000486
0.001303 0.000552
0.001293 0.000452
0.001312 0.000588
0.001303 0.000559
0.001299 0.000617
0.001304 0.000554
0.00133 0.000545
0.001305 0.000541
0.001306 0.00049
0.001306 0.000556
0.001307 0.000606
0.001303 0.000567
0.001296 0.000631
0.0013 0.000561
0.0013 0.000473
0.001304 0.000539
0.001293 0.000564
0.0013 0.000601
0.001308 0.00052
0.001309 0.000558
0.001302 0.000555
0.001297 0.000563
0.001305 0.000485
0.00131 0.000516
0.001297 0.000554
0.001304 0.000533
0.001296 0.000492
0.001305 0.000577
0.001298 0.000447
0.001306 0.000571
0.001319 0.000556
0.001302 0.00057
0.001295 0.00054
0.001303 0.000582
0.001296 0.000594
0.001316 0.000603
0.001302 0.00046
0.001086 0.000485
0.001159 0.000596
0.0013 0.000713
0.001323 0.000569
0.001299 0.000611
0.001299 0.00059
0.001308 0.000536
0.001297 0.000539
0.001303 0.000574
0.001308 0.000647
0.001306 0.000614
0.001293 0.000631
0.001312 0.000592
0.001291 0.00055
0.001316 0.000529
0.001312 0.000602
0.00133 0.000468
0.001308 0.000589
0.001294 0.000575
0.001307 0.000589
0.001308 0.000552
0.001302 0.000538
0.001313 0.000552
0.001304 0.000511
0.001307 0.000616
0.001294 0.000601
0.001298 0.000616
0.001301 0.000574
0.001308 0.000569
0.001315 0.00062
0.001303 0.000473
0.001211 0.000562
0.001323 0.000573
0.001297 0.000526
0.001304 0.000544
0.0013 0.000517
0.001307 0.00056
0.001318 0.000608
0.001312 0.000655
0.001318 0.000519
0.001292 0.000606
0.001298 0.000535
0.001311 0.000549
0.001311 0.000564
0.001303 0.00061
0.001298 0.00053
0.00132 0.000571
0.001301 0.000551
0.001303 0.000608
0.001299 0.000599
0.001295 0.000588
0.001303 0.000577
0.001309 0.000533
0.001298 0.000616
0.001301 0.000564
0.001305 0.000544
0.001302 0.000603
0.001308 0.000541
0.001304 0.000547
0.001306 0.000477
0.0013 0.000513
0.001111 0.000567
0.001313 0.000495
0.001292 0.000615
0.00131 0.000531
0.001305 0.000546
0.001321 0.000536
0.001309 0.00055
0.001302 0.000465
0.0013 0.000502
0.001357 0.000513
0.00131 0.000464
0.001304 0.000563
0.001304 0.000525
0.001314 0.000542
0.001301 0.000557
0.001297 0.000527
0.0013 0.000574
0.001292 0.000547
0.001303 0.000628
0.0013 0.00052
0.001301 0.000453
0.001297 0.000546
0.0013 0.000485
0.00131 0.000554
0.001298 0.000533
0.001296 0.000537
0.001306 0.000526
0.001299 0.00057
0.001303 0.000532
0.001302 0.000557
0.001308 0.000479
0.001202 0.000497
0.001307 0.000556
0.001305 0.000566
0.001306 0.000507
0.001305 0.000596
0.001299 0.000532
0.001303 0.000581
0.0013 0.000609
0.0013 0.000567
0.001296 0.0005
0.001304 0.000587
0.00131 0.000604
0.001298 0.000522
0.001311 0.00058
0.001302 0.000555
0.001298 0.000553
0.001311 0.000539
0.001312 0.000593
0.001304 0.000538
0.001317 0.000558
0.001303 0.000588
0.001304 0.000564
0.001329 0.00052
0.001385 0.000507
0.001309 0.000521
0.001305 0.000616
0.001304 0.000601
0.001307 0.000546
0.001468 0.000607
0.001297 0.000509
0.001093 0.000514
0.001302 0.00057
0.001347 0.000582
0.00134 0.000622
0.001297 0.000541
0.001314 0.000556
0.001667 0.000494
0.00131 0.000648
0.0013 0.00063
0.001309 0.000592
0.001298 0.000516
0.001301 0.000523
0.0013 0.000612
0.0013 0.000552
0.001306 0.000602
0.001306 0.000535
0.001307 0.00053
0.001301 0.000584
0.001295 0.000615
0.001295 0.000579
0.001294 0.000594
0.001313 0.000536
0.001303 0.000655
0.001299 0.000577
0.00131 0.000572
0.001297 0.000482
0.001313 0.000508
0.001321 0.000593
0.001205 0.000537
0.001147 0.000517
0.001305 0.000578
0.001294 0.000499
0.001299 0.000518
0.00132 0.000556
0.00131 0.000608
0.001304 0.000604
0.001308 0.00054
0.001307 0.000462
0.00131 0.000518
0.001298 0.000546
0.001315 0.000585
0.001307 0.000589
0.001311 0.000566
0.001302 0.000634
0.001301 0.000467
0.001306 0.000545
0.001319 0.000782
0.001327 0.000531
0.001298 0.000544
0.0013 0.000518
0.00132 0.00057
0.001306 0.000533
0.001312 0.000523
0.001292 0.000591
0.001306 0.000593
0.001294 0.000558
0.001302 0.000552
0.001346 0.000582
0.001301 0.000555
0.001311 0.000498
0.001158 0.000617
0.001314 0.0005
0.001294 0.000484
0.001304 0.000562
0.001293 0.000579
0.001301 0.000565
0.001307 0.000564
0.001298 0.00059
0.001291 0.000607
0.001301 0.000606
0.001301 0.000575
0.001296 0.000585
0.001295 0.000567
0.001305 0.000472
0.001309 0.000528
0.001315 0.000563
0.001302 0.000613
0.001297 0.000433
0.001303 0.000539
0.001294 0.000487
0.001295 0.000559
0.001291 0.000564
0.001298 0.000621
0.001296 0.000532
0.001719 0.000539
0.001293 0.000484
0.001941 0.000735
0.001696 0.000596
0.00137 0.000447
0.001698 0.000637
0.001302 0.000636
0.001324 0.000588
0.001332 0.000579
0.001301 0.000583
0.001322 0.000609
0.001325 0.000623
0.001316 0.000596
0.001421 0.000587
0.001304 0.000557
0.001297 0.000607
0.001301 0.000547
0.001307 0.000505
0.001341 0.000487
0.001293 0.000533
0.001325 0.00055
0.001301 0.00056
0.001311 0.000588
0.001305 0.000582
0.001296 0.000496
0.001296 0.000548
0.001293 0.000548
0.001312 0.000609
0.0013 0.00056
0.0013 0.000551
0.001303 0.000581
0.001305 0.000568
0.0013 0.000532
0.001296 0.000473
0.0013 0.000503
0.001081 0.000428
0.001202 0.000478
0.001299 0.000558
0.001306 0.000544
0.001311 0.000557
0.001309 0.000568
0.001304 0.000583
0.001306 0.000549
0.001304 0.000555
0.001322 0.000557
0.001297 0.00053
0.001314 0.000548
0.001294 0.000585
0.001297 0.000554
0.001288 0.000593
0.001307 0.000509
0.0013 0.00054
0.001307 0.000576
0.001301 0.000553
0.001311 0.000567
0.001302 0.000525
0.001303 0.000557
0.001311 0.000582
0.001309 0.000521
0.001306 0.000569
0.00131 0.000485
0.001307 0.000583
0.001311 0.000546
0.001321 0.000514
0.001311 0.000546
0.001299 0.000536
0.001082 0.000499
0.001207 0.000502
0.001306 0.00058
0.001301 0.000508
0.00131 0.000589
0.001294 0.000536
0.001301 0.000611
0.001306 0.000595
0.001309 0.000615
0.001301 0.000464
0.001304 0.000558
0.001296 0.000606
0.001309 0.000617
0.001302 0.000552
0.001302 0.000557
0.001302 0.000583
0.00131 0.000539
0.001302 0.000583
0.001305 0.000592
0.001302 0.000462
0.001315 0.000601
0.001306 0.000598
0.001316 0.000515
0.001296 0.000602
0.001301 0.000447
0.001299 0.000522
0.00131 0.000612
0.001339 0.000447
0.001302 0.00059
0.001296 0.000558
0.001298 0.000472
0.00123 0.000516
0.001086 0.000512
0.001298 0.000459
0.001301 0.000554
0.0013 0.000536
0.001301 0.000594
0.001294 0.000589
0.001304 0.000567
0.001305 0.000573
0.001311 0.000455
0.001301 0.000542
0.001302 0.000579
0.001311 0.000527
0.001308 0.000521
0.001306 0.000529
0.001302 0.000658
0.001299 0.000516
0.001312 0.000563
0.001329 0.000561
0.001309 0.000541
0.001308 0.000629
0.001316 0.000614
0.001299 0.000601
0.001314 0.00058
0.0013 0.000525
0.001298 0.000552
0.001305 0.000565
0.001314 0.000609
0.001293 0.000601
0.001307 0.000541
0.001297 0.000585
0.001085 0.000614
0.001302 0.00053
0.001323 0.000574
0.001313 0.00052
0.001301 0.000496
0.001303 0.000539
0.001316 0.000521
0.001308 0.000598
0.001303 0.000544
0.001312 0.000493
0.001303 0.000594
0.001301 0.00054
0.001307 0.000531
0.001296 0.00062
0.001304 0.000599
0.001303 0.000569
0.001302 0.000521
0.001296 0.000571
0.0013 0.000565
0.00131 0.000586
0.001293 0.000563
0.001302 0.000586
0.001307 0.000464
0.001301 0.00051
0.001301 0.000599
0.001298 0.000463
0.001302 0.000601
0.001292 0.000579
0.001298 0.000496
0.001091 0.00047
0.0013 0.000559
0.001308 0.00058
0.001313 0.000522
0.0013 0.000636
0.001304 0.00053
0.001294 0.00053
0.001302 0.000856
0.001309 0.000502
0.0013 0.000483
0.001308 0.000575
0.0013 0.000498
0.001295 0.000548
0.001309 0.000596
0.001316 0.000474
0.001303 0.000548
0.001299 0.000516
0.001304 0.000483
0.001297 0.000563
0.001301 0.00051
0.001309 0.000577
0.001319 0.000535
0.001305 0.000591
0.001303 0.000556
0.00131 0.000612
0.001315 0.000571
0.001305 0.000566
0.001314 0.000597
0.001325 0.000547
0.0013 0.000549
0.001302 0.000496
0.001095 0.000454
0.001298 0.000566
0.001308 0.000507
0.001295 0.00048
0.001309 0.000536
0.001303 0.000585
0.001305 0.000544
0.001299 0.000602
0.001305 0.000514
0.001293 0.000485
0.0013 0.000556
0.001314 0.000601
0.001297 0.000496
0.001303 0.00059
0.001299 0.000501
0.001297 0.000451
0.001314 0.000572
0.001304 0.000589
0.001324 0.000509
0.001309 0.000609
0.001301 0.00062
0.001305 0.000535
0.001298 0.000563
0.001331 0.000605
0.001295 0.000616
0.001305 0.000534
0.001329 0.000534
0.001306 0.000592
0.001307 0.000523
0.001305 0.000583
0.001219 0.0005
0.001295 0.000492
0.001305 0.000547
0.001301 0.000552
0.001311 0.000515
0.001305 0.000591
0.0013 0.000493
0.0013 0.000533
0.001416 0.000514
0.001308 0.000512
0.001317 0.00048
0.001316 0.000622
0.001308 0.00055
0.00131 0.000542
0.00131 0.00056
0.001299 0.000565
0.001305 0.00056
0.001294 0.000591
0.001307 0.000558
0.001294 0.000527
0.001305 0.000499
0.001302 0.000537
0.001305 0.000563
0.001308 0.000603
0.001305 0.000589
0.001296 0.000462
0.001312 0.000553
0.001303 0.000595
0.001298 0.000597
0.001306 0.000568
0.001313 0.000478
0.001084 0.000447
0.001214 0.000521
0.001295 0.000576
0.001306 0.000482
0.001306 0.000621
0.00131 0.000525
0.001308 0.000557
0.00131 0.000591
0.001306 0.000486
0.001306 0.000583
0.001302 0.000527
0.001305 0.000514
0.001304 0.000599
0.001298 0.000588
0.001302 0.000464
0.001321 0.000518
0.001323 0.00048
0.001304 0.000554
0.001308 0.000488
0.001309 0.000491
0.001299 0.000573
0.001299 0.000564
0.001304 0.000581
0.001297 0.000477
0.001317 0.000609
0.001303 0.000542
0.001308 0.00048
0.001303 0.000508
0.001311 0.000507
0.001316 0.000575
0.0013 0.000539
0.001158 0.000474
0.001316 0.000518
0.001303 0.000488
0.001317 0.000505
0.00133 0.000582
0.001302 0.000565
0.001306 0.000605
0.001306 0.000559
0.001325 0.000541
0.001297 0.000539
0.001313 0.000531
0.001296 0.000546
0.001332 0.000547
0.001301 0.000571
0.001331 0.000594
0.001302 0.00047
0.001309 0.000548
0.001303 0.000546
0.001302 0.000619
0.001309 0.000537
0.001307 0.000619
0.001312 0.00058
0.001302 0.000536
0.001304 0.000571
0.001326 0.000605
0.00131 0.000496
0.0013 0.000523
0.001305 0.000554
0.001302 0.000568
0.001304 0.000521
0.001299 0.00053
0.001229 0.000491
0.001231 0.000516
0.00129 0.000619
0.001308 0.000582
0.001312 0.000504
0.001325 0.000537
0.001323 0.0006
0.001309 0.00058
0.001315 0.000609
0.001319 0.000553
0.001295 0.000536
0.001308 0.000548
0.001301 0.000574
0.001316 0.000531
0.001296 0.000588
0.0013 0.000569
0.001299 0.000552
0.00131 0.000611
0.001301 0.000537
0.001302 0.000542
0.001305 0.000468
0.001309 0.000602
0.001311 0.000539
0.001306 0.000602
0.001308 0.000604
0.001343 0.000549
0.001306 0.000555
0.001296 0.000592
0.001289 0.000539
0.001302 0.000566
0.001273 0.00048
0.001199 0.000575
0.00131 0.000543
0.001313 0.000503
0.001293 0.000576
0.001294 0.000578
0.001303 0.000523
0.001305 0.000499
0.0013 0.000739
0.001293 0.000532
0.001301 0.000557
0.001318 0.000555
0.001311 0.000512
0.001306 0.000517
0.001292 0.00056
0.001315 0.000488
0.001299 0.000614
0.001307 0.00061
0.001304 0.000595
0.001299 0.000564
0.001303 0.000539
0.001313 0.000488
0.00133 0.00055
0.001299 0.000584
0.001305 0.000562
0.00132 0.000593
0.001295 0.000537
0.001315 0.000503
0.001311 0.000531
0.001305 0.00055
0.001308 0.000487
0.00118 0.000506
0.001305 0.000608
0.001303 0.000546
0.001304 0.000443
0.001312 0.000612
0.001303 0.000516
0.001305 0.000532
0.001295 0.000533
0.001309 0.000586
0.001301 0.000561
0.001304 0.000511
0.001296 0.000564
0.001309 0.000586
0.001318 0.000532
0.001311 0.000527
0.001302 0.000529
0.001303 0.000521
0.001298 0.000592
0.001299 0.000502
0.001309 0.000503
0.001299 0.000542
0.001295 0.000538
0.0013 0.000636
0.001303 0.00055
0.001309 0.000599
0.001316 0.000532
0.001643 0.000603
0.001298 0.000587
0.001312 0.000573
0.001296 0.000473
0.001294 0.000478
0.001085 0.000566
0.001307 0.000521
0.001308 0.000573
0.001307 0.000505
0.0013 0.000446
0.001307 0.000479
0.001305 0.000589
0.001302 0.000491
0.001304 0.000632
0.001314 0.000537
0.001298 0.000627
0.001321 0.000585
0.001304 0.000542
0.001305 0.000463
0.001312 0.00052
0.001312 0.000579
0.001312 0.000521
0.001304 0.000567
0.001302 0.000575
0.001306 0.00053
0.001296 0.000528
0.001299 0.000597
0.001303 0.00059
0.001299 0.000569
0.001304 0.000571
0.001297 0.000561
0.001295 0.000539
0.001302 0.000495
0.001295 0.000529
0.001315 0.000507
0.001221 0.000527
0.001302 0.000503
0.001305 0.000593
0.001307 0.000592
0.001304 0.000639
0.001307 0.000538
0.001303 0.000511
0.001312 0.000458
0.001302 0.000551
0.001292 0.000505
0.001295 0.000608
0.001296 0.000569
0.001303 0.000545
0.001298 0.000566
0.001298 0.000597
0.001351 0.000605
0.001317 0.000558
0.001304 0.000589
0.001301 0.000604
0.001293 0.000615
0.001302 0.000482
0.001295 0.000576
0.001307 0.000512
0.001308 0.000563
0.001301 0.000496
0.00131 0.000505
0.001315 0.000542
0.001329 0.000531
0.001302 0.000585
0.001303 0.000438
0.001096 0.000503
0.001308 0.000564
0.001293 0.000595
0.001315 0.000551
0.001299 0.000533
0.001302 0.000557
0.001317 0.000604
0.001308 0.000504
0.001308 0.000449
0.001314 0.000599
0.001297 0.000505
0.001302 0.000545
0.001296 0.000544
0.001299 0.000578
0.0013 0.000522
0.00131 0.000569
0.001303 0.000605
0.001309 0.000536
0.001297 0.000566
0.001296 0.000518
0.001302 0.000573
0.001305 0.000524
0.001308 0.000502
0.0013 0.000555
0.0013 0.000563
0.001306 0.000568
0.001309 0.000548
0.001305 0.000619
0.001304 0.000599
0.00131 0.000538
0.001325 0.000522
0.00111 0.000588
0.001302 0.000607
0.00131 0.000519
0.0013 0.000566
0.00131 0.000526
0.001308 0.000601
0.001305 0.000606
0.001298 0.000586
0.00131 0.000565
0.001297 0.000512
0.00135 0.000542
0.001318 0.000569
0.001312 0.000604
0.001313 0.000568
0.001316 0.000572
0.001299 0.000507
0.001339 0.000526
0.001297 0.000576
0.001301 0.000598
0.001299 0.000504
0.001303 0.000564
0.001307 0.000529
0.001309 0.000574
0.001305 0.000612
0.001711 0.00049
0.001324 0.000721
0.001473 0.000628
0.001309 0.000567
0.001304 0.000588
0.001305 0.000604
0.001336 0.000516
0.001185 0.000521
0.001328 0.000492
0.001301 0.000599
0.001309 0.000537
0.001318 0.000553
0.001307 0.000526
0.001297 0.000524
0.001311 0.000632
0.001316 0.000607
0.0013 0.000533
0.001308 0.000558
0.001301 0.00056
0.001297 0.000476
0.001301 0.000569
0.001308 0.000598
0.001305 0.000594
0.001303 0.000518
0.001328 0.000611
0.00131 0.000492
0.001296 0.000544
0.001303 0.000565
0.001306 0.000531
0.001323 0.000563
0.001295 0.000622
0.0013 0.000577
0.001316 0.000513
0.001306 0.000613
0.001332 0.000551
0.00129 0.000584
0.001241 0.000413
0.001131 0.000556
0.0013 0.000604
0.001316 0.000543
0.001294 0.000493
0.001295 0.000554
0.001298 0.000587
0.001308 0.000555
0.001323 0.000567
0.001305 0.000535
0.001312 0.000541
0.001297 0.000539
0.001309 0.000497
