0.042501 2e-06
0.041421 3e-06
0.041454 3e-06
0.041194 4e-06
0.041303 3e-06
0.042106 2e-06
0.041116 2e-06
0.042501 3e-06
0.041312 2e-06
0.042159 4e-06
0.03462 3e-06
0.033784 4e-06
0.034987 1e-06
0.034645 2e-06
0.034722 2e-06
0.03628 2e-06
0.034178 2e-06
0.034457 2e-06
0.034255 3e-06
0.034639 2e-06
0.034607 2e-06
0.032609 2e-06
0.034181 3e-06
0.034389 2e-06
0.034244 2e-06
0.034517 3e-06
0.035378 3e-06
0.04234 4e-06
0.035062 3e-06
0.035245 3e-06
0.035027 3e-06
0.033854 4e-06
0.035004 3e-06
0.034213 2e-06
0.034776 2e-06
0.034718 1e-06
0.034633 2e-06
0.035512 2e-06
0.034367 1e-06
0.034252 2e-06
0.036351 2e-06
0.034582 2e-06
0.034998 2e-06
0.034558 5e-06
0.034035 2e-06
0.035405 4e-06
0.034804 2e-06
0.035637 3e-06
0.039927 2e-06
0.039917 3e-06
0.035646 3e-06
0.03807 4e-06
0.036165 1e-06
0.037736 5e-06
0.035686 2e-06
0.035623 2e-06
0.034887 3e-06
0.036064 3e-06
0.03492 2e-06
0.034129 3e-06
0.034291 2e-06
0.042191 2e-06
0.036026 4e-06
0.035992 2e-06
0.036563 2e-06
0.036941 2e-06
0.035424 2e-06
0.035099 3e-06
0.035172 2e-06
0.034953 2e-06
0.034856 2e-06
0.034582 1e-06
0.038638 2e-06
0.034464 3e-06
0.035766 2e-06
0.038763 6e-06
0.049769 4e-06
0.048691 2e-06
0.050607 4e-06
0.04868 2e-06
0.048624 3e-06
0.048454 2e-06
0.035754 2e-06
0.035902 1e-06
0.035379 2e-06
0.035599 3e-06
0.034172 2e-06
0.034598 2e-06
0.034211 2e-06
0.03394 2e-06
0.035005 2e-06
0.035562 4e-06
0.035046 2e-06
0.035267 3e-06
0.034973 3e-06
0.035331 2e-06
0.034847 4e-06
0.035051 3e-06
0.034879 2e-06
0.035734 3e-06
0.035835 4e-06
0.034892 2e-06
0.034421 3e-06
0.036254 4e-06
0.035609 1e-06
0.040549 3e-06
0.035599 4e-06
0.0358 3e-06
0.037033 4e-06
0.035308 3e-06
0.035494 2e-06
0.040175 2e-06
0.034662 2e-06
0.034445 2e-06
0.035014 3e-06
0.036407 3e-06
0.035464 2e-06
0.035386 4e-06
0.034613 3e-06
0.034939 2e-06
0.034926 2e-06
0.034363 2e-06
0.034303 3e-06
0.035337 1e-06
0.034428 2e-06
0.034591 2e-06
0.034695 2e-06
0.03395 3e-06
0.034739 3e-06
0.034812 2e-06
0.035092 6e-06
0.034491 3e-06
0.033163 1e-06
0.034705 2e-06
0.034326 3e-06
0.034455 1e-06
0.034278 2e-06
0.034274 1e-06
0.034963 2e-06
0.034329 3e-06
0.03265 2e-06
0.034458 1e-06
0.034256 2e-06
0.034523 5e-06
0.034411 1e-06
0.032765 2e-06
0.034623 1e-06
0.034411 2e-06
0.035144 3e-06
0.034416 1e-06
0.034194 3e-06
0.034686 2e-06
0.034365 2e-06
0.033639 3e-06
0.034312 2e-06
0.034203 2e-06
0.034779 3e-06
0.03449 2e-06
0.034315 3e-06
0.035185 3e-06
0.035237 2e-06
0.035777 2e-06
0.034637 2e-06
0.034108 2e-06
0.035066 3e-06
0.034686 2e-06
0.035058 3e-06
0.035041 3e-06
0.034633 3e-06
0.035145 3e-06
0.034625 3e-06
0.033788 2e-06
0.034681 2e-06
0.035016 3e-06
0.035517 3e-06
0.034523 1e-06
0.033313 3e-06
0.034681 3e-06
0.034474 2e-06
0.034722 3e-06
0.032963 3e-06
0.034891 3e-06
0.040086 3e-06
0.034933 3e-06
0.034797 2e-06
0.034148 3e-06
0.03468 3e-06
0.03546 3e-06
0.035063 3e-06
0.038473 4e-06
0.042255 3e-06
0.03666 3e-06
0.050422 7e-06
0.035893 2e-06
0.034934 2e-06
0.035049 3e-06
0.034574 4e-06
0.037091 2e-06
0.036507 3e-06
0.037156 2e-06
0.035607 2e-06
0.035415 3e-06
0.033779 3e-06
0.034597 2e-06
0.036777 3e-06
0.039397 3e-06
0.034291 2e-06
0.034394 2e-06
0.040446 5e-06
0.034796 2e-06
0.034476 2e-06
0.034567 3e-06
0.034899 2e-06
0.035482 3e-06
0.034491 2e-06
0.032973 2e-06
0.034614 2e-06
0.034458 2e-06
0.035286 3e-06
0.035349 3e-06
0.035286 4e-06
0.035194 3e-06
0.034635 1e-06
0.034952 3e-06
0.035267 2e-06
0.034948 1e-06
0.035883 2e-06
0.035296 4e-06
0.035433 3e-06
0.036538 3e-06
0.034537 2e-06
0.035294 3e-06
0.034502 3e-06
0.041759 4e-06
0.045854 2e-06
0.036014 2e-06
0.037468 3e-06
0.035823 5e-06
0.03644 2e-06
0.035347 3e-06
0.035165 3e-06
0.035381 2e-06
0.043748 2e-06
0.036356 4e-06
0.035027 2e-06
0.034659 3e-06
0.036211 3e-06
0.034828 2e-06
0.03561 3e-06
0.035257 2e-06
0.03606 2e-06
0.035459 2e-06
0.034765 3e-06
0.03479 1e-06
0.034624 1e-06
0.034477 2e-06
0.035354 2e-06
0.03545 1e-06
0.035695 2e-06
0.034843 3e-06
0.035057 2e-06
0.038148 2e-06
0.036395 2e-06
0.035051 2e-06
0.035994 1e-06
0.037558 2e-06
0.034584 1e-06
0.034412 1e-06
0.034961 2e-06
0.035559 2e-06
0.034857 4e-06
0.035896 4e-06
0.034573 1e-06
0.034933 3e-06
0.035108 2e-06
0.034838 3e-06
0.035241 3e-06
0.034774 3e-06
0.034822 3e-06
0.034856 3e-06
0.047981 3e-06
0.036351 2e-06
0.051443 3e-06
0.037297 2e-06
0.037 3e-06
0.036223 3e-06
0.036614 3e-06
0.036278 2e-06
0.036028 3e-06
0.034492 3e-06
0.035185 3e-06
0.03524 2e-06
0.034392 2e-06
0.037641 2e-06
0.035028 2e-06
0.035441 2e-06
0.035239 2e-06
0.03495 2e-06
0.040409 2e-06
0.035769 2e-06
0.035353 3e-06
0.036032 3e-06
0.034961 4e-06
0.036519 3e-06
0.036199 2e-06
0.034965 2e-06
0.034627 2e-06
0.034491 2e-06
0.035184 3e-06
0.034699 3e-06
0.035922 2e-06
0.034565 3e-06
0.034541 2e-06
0.035059 2e-06
0.039036 2e-06
0.033504 2e-06
0.034491 2e-06
0.034331 2e-06
0.034749 5e-06
0.034421 2e-06
0.033384 2e-06
0.034721 2e-06
0.034415 2e-06
0.034346 3e-06
0.034362 1e-06
0.034716 3e-06
0.034701 2e-06
0.034361 1e-06
0.034648 2e-06
0.03504 3e-06
0.034931 2e-06
0.034675 3e-06
0.034109 1e-06
0.033722 2e-06
0.034878 2e-06
0.034414 2e-06
0.035017 2e-06
0.034772 2e-06
0.034397 2e-06
0.034477 3e-06
0.035192 4e-06
0.035315 2e-06
0.034656 1e-06
0.034527 1e-06
0.035251 3e-06
0.034839 2e-06
0.033709 3e-06
0.034697 3e-06
0.036133 3e-06
0.035098 2e-06
0.034359 1e-06
0.033388 3e-06
0.034619 3e-06
0.034321 2e-06
0.034927 3e-06
0.034553 2e-06
0.034315 1e-06
0.034763 2e-06
0.034475 2e-06
0.033611 2e-06
0.034472 3e-06
0.034504 2e-06
0.034721 2e-06
0.034755 1e-06
0.03445 2e-06
0.034543 2e-06
0.034388 1e-06
0.034734 2e-06
0.034396 1e-06
0.034001 2e-06
0.03451 3e-06
0.036113 3e-06
0.034527 2e-06
0.034546 2e-06
0.034355 2e-06
0.035038 2e-06
0.034401 2e-06
0.033859 2e-06
0.034484 2e-06
0.034263 1e-06
0.034869 4e-06
0.035102 2e-06
0.032641 3e-06
0.034448 3e-06
0.034416 3e-06
0.034576 2e-06
0.035845 2e-06
0.034376 1e-06
0.034622 1e-06
0.034249 3e-06
0.034718 2e-06
0.03435 2e-06
0.036716 3e-06
0.035757 3e-06
0.034487 1e-06
0.032369 2e-06
0.034337 4e-06
0.034315 3e-06
0.034485 2e-06
0.034392 3e-06
0.033943 2e-06
0.034398 2e-06
0.034359 2e-06
0.03497 2e-06
0.034381 2e-06
0.034546 1e-06
0.035079 2e-06
0.034696 2e-06
0.033028 2e-06
0.034377 2e-06
0.034244 3e-06
0.034699 4e-06
0.034434 2e-06
0.033689 3e-06
0.037752 2e-06
0.034541 1e-06
0.034936 2e-06
0.034554 2e-06
0.033755 3e-06
0.03434 3e-06
0.034567 2e-06
0.034465 4e-06
0.034372 2e-06
0.034764 3e-06
0.035267 2e-06
0.034803 2e-06
0.032832 3e-06
0.034498 2e-06
0.034277 2e-06
0.034443 2e-06
0.03446 3e-06
0.033549 1e-06
0.034389 2e-06
0.034607 2e-06
0.034381 4e-06
0.034407 3e-06
0.034349 2e-06
0.031625 1e-06
0.034365 3e-06
0.034477 2e-06
0.034336 2e-06
0.034302 1e-06
0.035448 2e-06
0.034399 1e-06
0.033176 3e-06
0.0345 2e-06
0.034495 3e-06
0.03476 2e-06
0.03461 1e-06
0.033975 1e-06
0.035087 2e-06
0.034358 2e-06
0.034463 2e-06
0.03437 2e-06
0.034539 4e-06
0.035613 3e-06
0.035319 4e-06
0.033295 2e-06
0.034528 1e-06
0.034476 3e-06
0.035087 2e-06
0.034556 2e-06
0.033045 3e-06
0.034501 2e-06
0.034581 3e-06
0.036992 6e-06
0.037354 3e-06
0.036191 2e-06
0.034609 2e-06
0.034685 3e-06
0.034816 2e-06
0.034552 3e-06
0.035103 3e-06
0.034503 2e-06
0.035621 2e-06
0.034476 3e-06
0.034955 2e-06
0.03341 2e-06
0.034584 3e-06
0.034959 2e-06
0.034923 3e-06
0.034595 1e-06
0.034576 3e-06
0.03558 3e-06
0.034589 2e-06
0.034594 3e-06
0.034506 2e-06
0.03439 2e-06
0.035354 2e-06
0.03495 3e-06
0.033672 2e-06
0.034917 2e-06
0.034574 2e-06
0.03466 2e-06
0.034584 2e-06
0.03525 3e-06
0.035256 3e-06
0.034386 3e-06
0.034651 3e-06
0.035118 2e-06
0.034559 2e-06
0.046985 2e-06
0.034547 2e-06
0.034824 2e-06
0.03441 2e-06
0.034381 3e-06
0.03545 1e-06
0.034316 3e-06
0.033549 2e-06
0.03446 2e-06
0.034448 2e-06
0.037266 6e-06
0.03739 4e-06
0.032855 4e-06
0.034711 1e-06
0.034608 2e-06
0.034853 3e-06
0.034494 1e-06
0.032942 2e-06
0.035326 2e-06
0.034482 2e-06
0.034601 1e-06
0.034393 3e-06
0.034621 3e-06
0.035107 2e-06
0.034509 2e-06
0.03353 2e-06
0.034366 2e-06
0.03459 3e-06
0.034768 2e-06
0.034493 3e-06
0.033063 3e-06
0.034923 2e-06
0.034409 1e-06
0.03477 2e-06
0.034508 1e-06
0.034904 2e-06
0.03515 2e-06
0.034506 5e-06
0.034694 3e-06
0.034324 2e-06
0.034457 1e-06
0.034864 4e-06
0.034445 1e-06
0.033696 3e-06
0.034726 1e-06
0.034318 1e-06
0.034508 2e-06
0.034354 3e-06
0.035016 4e-06
0.034566 2e-06
0.034497 1e-06
0.034561 4e-06
0.034444 2e-06
0.034737 3e-06
0.03572 2e-06
0.034306 2e-06
0.034895 3e-06
0.034598 2e-06
0.034499 3e-06
0.034983 2e-06
0.034439 3e-06
0.033729 2e-06
0.03454 2e-06
0.034616 2e-06
0.034764 4e-06
0.034546 2e-06
0.0338 2e-06
0.034634 3e-06
0.03455 2e-06
0.034572 3e-06
0.034512 2e-06
0.034418 5e-06
0.035208 2e-06
0.035199 2e-06
0.035642 2e-06
0.034601 2e-06
0.03481 4e-06
0.03534 2e-06
0.034432 2e-06
0.032651 4e-06
0.03459 4e-06
0.034529 2e-06
0.034805 2e-06
0.034451 2e-06
0.03517 4e-06
0.034551 2e-06
0.034561 2e-06
0.035809 1e-06
0.035208 2e-06
0.037515 3e-06
0.035256 2e-06
0.035532 2e-06
0.034376 2e-06
0.034453 2e-06
0.035415 3e-06
0.034886 3e-06
0.034477 2e-06
0.034704 2e-06
0.034931 3e-06
0.034328 1e-06
0.036717 2e-06
0.034594 2e-06
0.035371 2e-06
0.035176 2e-06
0.034733 2e-06
0.035111 1e-06
0.03455 3e-06
0.035025 2e-06
0.035266 3e-06
0.034464 3e-06
0.032341 4e-06
0.034396 3e-06
0.034714 2e-06
0.03518 2e-06
0.034406 2e-06
0.032876 2e-06
0.03463 3e-06
0.034595 2e-06
0.034692 1e-06
0.034378 2e-06
0.03513 3e-06
0.034873 3e-06
0.034613 2e-06
0.034053 2e-06
0.034533 2e-06
0.034696 2e-06
0.036034 3e-06
0.034545 2e-06
0.036496 2e-06
0.034706 1e-06
0.035231 2e-06
0.035107 3e-06
0.034415 2e-06
0.034098 1e-06
0.034703 4e-06
0.034484 1e-06
0.041861 3e-06
0.041512 2e-06
0.042091 4e-06
0.037688 4e-06
0.033999 1e-06
0.035442 2e-06
0.034567 2e-06
0.034624 3e-06
0.03452 2e-06
0.034396 3e-06
0.035446 1e-06
0.034508 2e-06
0.033574 3e-06
0.034554 3e-06
0.034446 2e-06
0.035057 3e-06
0.03442 2e-06
0.032701 5e-06
0.035179 3e-06
0.034874 2e-06
0.03451 2e-06
0.034468 2e-06
0.034439 3e-06
0.035191 2e-06
0.03439 3e-06
0.033517 3e-06
0.034464 3e-06
0.034452 2e-06
0.035353 3e-06
0.034402 2e-06
0.032872 2e-06
0.034556 2e-06
0.034491 2e-06
0.034508 3e-06
0.034399 3e-06
0.034689 2e-06
0.03507 2e-06
0.034423 1e-06
0.033918 3e-06
0.03437 2e-06
0.034503 2e-06
0.03496 3e-06
0.034556 2e-06
0.032981 1e-06
0.034384 2e-06
0.034692 2e-06
0.034441 2e-06
0.034376 1e-06
0.03454 1e-06
0.035113 3e-06
0.034518 2e-06
0.033984 2e-06
0.034571 3e-06
0.03455 2e-06
0.035204 2e-06
0.034409 1e-06
0.032149 3e-06
0.034609 3e-06
0.034939 2e-06
0.034321 2e-06
0.033804 3e-06
0.034316 1e-06
0.034532 2e-06
0.0351 2e-06
0.034353 2e-06
0.032366 2e-06
0.034412 2e-06
0.034656 2e-06
0.034942 5e-06
0.034483 3e-06
0.033707 1e-06
0.034835 2e-06
0.034477 2e-06
0.03452 3e-06
0.034455 2e-06
0.034418 2e-06
0.035203 3e-06
0.034548 5e-06
0.033617 2e-06
0.034345 3e-06
0.034499 2e-06
0.034753 2e-06
0.034575 2e-06
0.033991 3e-06
0.034766 2e-06
0.037305 3e-06
0.034557 3e-06
0.034431 1e-06
0.034741 2e-06
0.034556 2e-06
0.034367 3e-06
0.034579 4e-06
0.034501 4e-06
0.035082 3e-06
0.03499 2e-06
0.034382 2e-06
0.033233 1e-06
0.044744 3e-06
0.034486 1e-06
0.035137 3e-06
0.034571 2e-06
0.032914 3e-06
0.035034 2e-06
0.034341 3e-06
0.034595 3e-06
0.034422 2e-06
0.033782 1e-06
0.035256 3e-06
0.034565 2e-06
0.034559 1e-06
0.034942 1e-06
0.034509 2e-06
0.035459 2e-06
0.034484 3e-06
0.033152 2e-06
0.034725 2e-06
0.034358 4e-06
0.035293 2e-06
0.035137 2e-06
0.033096 4e-06
0.034489 2e-06
0.034255 2e-06
0.034745 2e-06
0.034639 3e-06
0.033251 4e-06
0.034637 5e-06
0.034881 4e-06
0.034889 2e-06
0.034603 2e-06
0.034594 2e-06
0.035703 2e-06
0.034522 2e-06
0.034443 3e-06
0.034454 2e-06
0.034398 2e-06
0.035355 1e-06
0.035085 2e-06
0.03337 1e-06
0.034504 2e-06
0.034674 3e-06
0.035409 3e-06
0.037919 3e-06
0.034638 3e-06
0.034625 2e-06
0.035038 1e-06
0.0354 4e-06
0.03464 2e-06
0.034161 3e-06
0.03447 2e-06
0.034544 3e-06
0.034754 3e-06
0.034438 1e-06
0.034855 2e-06
0.037167 3e-06
0.035064 2e-06
0.034398 4e-06
0.034858 2e-06
0.034623 2e-06
0.038462 3e-06
0.03487 2e-06
0.034747 2e-06
0.034866 4e-06
0.034483 3e-06
0.035341 2e-06
0.034611 2e-06
0.034548 4e-06
0.034682 3e-06
0.034978 3e-06
0.03531 4e-06
0.03469 1e-06
0.03371 6e-06
0.034543 1e-06
0.039083 3e-06
0.035213 3e-06
0.034758 2e-06
0.034547 2e-06
0.034554 4e-06
0.034346 2e-06
0.034608 3e-06
0.034394 2e-06
0.034411 2e-06
0.035271 3e-06
0.034337 1e-06
0.033265 3e-06
0.034565 2e-06
0.034419 2e-06
0.034417 2e-06
0.034575 2e-06
0.033819 2e-06
0.035351 3e-06
0.03983 2e-06
0.034821 3e-06
0.034555 3e-06
0.034476 3e-06
0.037453 4e-06
0.03488 2e-06
0.034653 2e-06
0.034878 1e-06
0.034493 1e-06
0.035192 3e-06
0.03466 3e-06
0.032417 2e-06
0.034383 3e-06
0.034302 2e-06
0.034452 3e-06
0.03439 2e-06
0.033415 2e-06
0.034866 2e-06
0.035188 3e-06
0.034799 2e-06
0.034931 2e-06
0.034368 4e-06
0.037338 2e-06
0.034624 1e-06
0.033099 2e-06
0.034601 2e-06
0.041573 2e-06
0.042124 3e-06
0.041725 3e-06
0.04333 3e-06
0.041548 2e-06
0.043238 4e-06
0.041978 2e-06
0.042775 5e-06
0.041752 3e-06
0.04161 2e-06
0.041338 3e-06
0.040135 2e-06
0.041906 3e-06
0.03718 2e-06
0.04118 3e-06
0.037651 3e-06
0.041349 3e-06
0.039708 3e-06
0.041552 2e-06
0.041605 2e-06
0.041934 3e-06
0.041406 3e-06
0.043154 4e-06
0.041489 2e-06
0.043099 3e-06
0.041346 2e-06
0.041485 2e-06
0.041528 2e-06
0.041804 3e-06
0.041635 4e-06
0.036851 4e-06
0.041393 4e-06
0.035974 2e-06
0.041893 4e-06
0.040332 2e-06
0.041569 3e-06
0.041349 4e-06
0.041749 3e-06
0.04133 2e-06
0.039019 3e-06
0.034386 2e-06
0.03463 2e-06
0.034419 2e-06
0.03436 2e-06
0.03456 3e-06
0.034247 2e-06
0.034107 3e-06
0.034561 2e-06
0.034204 2e-06
0.034397 3e-06
0.034257 3e-06
0.034115 3e-06
0.035132 2e-06
0.034634 2e-06
0.032497 2e-06
0.034276 3e-06
0.034198 1e-06
0.034484 2e-06
0.034426 3e-06
0.034092 2e-06
0.034518 2e-06
0.03412 1e-06
0.035099 2e-06
0.034401 2e-06
0.034848 3e-06
0.035077 3e-06
0.034207 2e-06
0.032084 1e-06
0.034606 1e-06
0.035152 2e-06
0.03516 2e-06
0.035044 2e-06
0.034797 2e-06
0.035014 2e-06
0.034493 1e-06
0.034393 2e-06
0.034257 2e-06
0.034225 2e-06
0.034894 5e-06
0.034194 2e-06
0.032318 1e-06
0.036032 4e-06
0.034425 2e-06
0.034528 2e-06
0.034943 2e-06
0.034303 2e-06
0.035219 2e-06
0.034298 3e-06
0.034653 2e-06
0.034747 2e-06
0.034889 3e-06
0.034995 2e-06
0.034172 2e-06
0.03307 3e-06
0.035589 3e-06
0.034249 3e-06
0.028664 2e-06
0.035277 3e-06
0.033065 2e-06
0.034323 2e-06
0.034588 2e-06
0.034909 2e-06
0.034278 2e-06
0.03429 3e-06
0.035551 2e-06
0.03453 3e-06
0.034662 2e-06
0.034238 1e-06
0.035084 3e-06
0.038209 2e-06
0.03465 3e-06
0.034351 3e-06
0.03834 4e-06
0.034436 2e-06
0.034797 2e-06
0.034351 2e-06
0.032618 2e-06
0.034436 2e-06
0.034321 2e-06
0.034962 2e-06
0.034407 2e-06
0.034847 2e-06
0.035251 2e-06
0.034509 3e-06
0.035124 4e-06
0.035403 3e-06
0.035924 3e-06
0.03516 3e-06
0.034211 2e-06
0.032089 2e-06
0.035202 2e-06
0.034209 3e-06
0.034423 4e-06
0.034579 3e-06
0.03507 2e-06
0.037928 3e-06
0.03503 3e-06
0.035266 3e-06
0.034387 2e-06
0.034904 2e-06
0.035163 2e-06
0.034337 2e-06
0.034884 2e-06
0.034344 2e-06
0.0344 3e-06
0.037111 2e-06
0.03513 4e-06
