0.008841 0.001099
0.009218 0.000556
0.009264 0.000764
0.009386 0.000822
0.009269 0.001174
0.009316 0.000688
0.009226 0.000554
0.009151 0.000623
0.009298 0.000557
0.009263 0.00092
0.009235 0.000648
0.009218 0.001088
0.009241 0.000754
0.009222 0.001019
0.009208 0.000926
0.009152 0.000625
0.009223 0.000935
0.009256 0.000756
0.009242 0.000874
0.01094 0.000779
0.009276 0.000579
0.010176 0.00078
0.009226 0.000634
0.009323 0.000774
0.009309 0.001071
0.00929 0.000652
0.009286 0.000593
0.009258 0.000555
0.009228 0.000842
0.009211 0.000514
0.008373 0.000756
0.009257 0.000673
0.009355 0.000734
0.009276 0.000555
0.009232 0.000767
0.009228 0.000534
0.009215 0.000502
0.009229 0.000769
0.008129 0.000919
0.009259 0.000709
0.009397 0.00085
0.009282 0.000892
0.009252 0.000567
0.009235 0.001004
0.00922 0.000665
0.009268 0.000838
0.009242 0.000616
0.009272 0.000817
0.009267 0.000686
0.009235 0.000678
0.009223 0.000781
0.009212 0.000654
0.009225 0.000892
0.009225 0.000585
0.009224 0.001252
0.009346 0.000912
0.009264 0.000901
0.009215 0.000514
0.009347 0.000586
0.009251 0.000783
0.009253 0.00073
0.008135 0.000964
0.009269 0.001245
0.009307 0.001209
0.009237 0.000796
0.009213 0.000632
0.009201 0.000728
0.009228 0.000764
0.008311 0.000873
0.009352 0.000592
0.009432 0.000532
0.009492 0.000601
0.00923 0.000585
0.009216 0.000583
0.009235 0.000594
0.009208 0.000542
0.009209 0.000692
0.00927 0.000665
0.00932 0.001345
0.009297 0.000569
0.009296 0.000587
0.009294 0.000655
0.009276 0.000853
0.009257 0.000818
0.009234 0.00054
0.009356 0.000695
0.009298 0.000682
0.009291 0.00069
0.009227 0.000564
0.009194 0.00062
0.009251 0.000533
0.009235 0.001019
0.009194 0.00073
0.009292 0.000729
0.009352 0.00054
0.009347 0.000978
0.009286 0.000924
0.009484 0.00057
0.009261 0.001148
0.009289 0.000771
0.008568 0.000627
0.009299 0.000766
0.00933 0.000837
0.009259 0.000802
0.009233 0.0008
0.009513 0.000643
0.009403 0.000564
0.009324 0.000676
0.009386 0.000908
0.009305 0.001258
0.009389 0.000603
0.009325 0.000967
0.009299 0.000531
0.009256 0.000558
0.009265 0.000574
0.009259 0.000569
0.009456 0.0008
0.00936 0.000937
0.00949 0.000708
0.009306 0.000757
0.009256 0.000506
0.009262 0.000704
0.009271 0.000622
0.009475 0.000523
0.007955 0.000564
0.007801 0.000533
0.009249 0.000813
0.009257 0.000721
0.009229 0.00061
0.009278 0.000776
0.009297 0.000608
0.009303 0.000762
0.009267 0.000879
0.009282 0.000976
0.00928 0.000492
0.009255 0.000964
0.009219 0.000694
0.009341 0.000968
0.009303 0.000567
0.009234 0.000733
0.00931 0.000989
0.009259 0.000499
0.009324 0.000765
0.009331 0.000867
0.009276 0.000765
0.009268 0.000545
0.008974 0.000536
0.009278 0.000538
0.009279 0.000703
0.009316 0.00056
0.009305 0.000689
0.009245 0.00082
0.009232 0.00056
0.009297 0.000837
0.009194 0.000785
0.009602 0.000842
0.009351 0.000721
0.009524 0.000584
0.00932 0.000562
0.009329 0.000574
0.009334 0.000995
0.012054 0.000999
0.014054 0.000539
0.009489 0.000802
0.009354 0.000959
0.009263 0.000601
0.009207 0.000833
0.009203 0.000495
0.009587 0.000592
0.009266 0.00087
0.009602 0.000852
0.009804 0.000747
0.009596 0.000755
0.009342 0.000665
0.00934 0.000632
0.009302 0.00053
0.009285 0.000635
0.008415 0.001079
0.009415 0.000773
0.009486 0.000646
0.009301 0.000597
0.009453 0.000557
0.009376 0.000698
0.009259 0.000825
0.009341 0.000609
0.008076 0.001109
0.009239 0.000698
0.009316 0.000725
0.009372 0.000767
0.009325 0.000667
0.009407 0.000899
0.009262 0.000728
0.009351 0.000565
0.009275 0.000733
0.009261 0.000725
0.009476 0.000586
0.009225 0.000644
0.009346 0.000523
0.009205 0.000674
0.009227 0.000936
0.009199 0.00057
0.008506 0.000668
0.00938 0.000717
0.009804 0.000936
0.009238 0.00095
0.009213 0.000476
0.009199 0.000827
0.009218 0.000663
0.009223 0.000563
0.009213 0.000556
0.009246 0.000498
0.00931 0.000664
0.009238 0.000632
0.009237 0.000554
0.00919 0.00053
0.009216 0.000888
0.00921 0.00059
0.008207 0.000726
0.009264 0.001024
0.009267 0.000641
0.00921 0.000975
0.009217 0.000757
0.009201 0.000601
0.009216 0.000622
0.009225 0.00055
0.009237 0.001027
0.009197 0.000917
0.009296 0.000519
0.009438 0.000552
0.009263 0.000765
0.009254 0.000734
0.009219 0.000718
0.009163 0.001044
0.009263 0.000839
0.009326 0.000606
0.009266 0.000804
0.009331 0.00059
0.009252 0.0006
0.009251 0.000595
0.009271 0.000681
0.008308 0.001237
0.009328 0.000771
0.009321 0.000753
0.009314 0.000719
0.009249 0.00051
0.009271 0.000894
0.009231 0.00053
0.009223 0.000804
0.009332 0.000628
0.009252 0.001059
0.00936 0.000542
0.00925 0.000606
0.009235 0.000685
0.009264 0.000906
0.009266 0.0006
0.009303 0.000553
0.009268 0.00064
0.009307 0.000753
0.009332 0.000767
0.009301 0.000667
0.009256 0.000717
0.00932 0.000587
0.009256 0.000544
0.009278 0.000656
0.0093 0.000626
0.009338 0.000524
0.009365 0.000737
0.009275 0.000499
0.00934 0.00081
0.009265 0.000744
0.010902 0.000546
0.009284 0.000711
0.00929 0.000615
0.009297 0.000723
0.009273 0.000901
0.009233 0.000934
0.00926 0.000577
0.009232 0.000599
0.009997 0.000797
0.009397 0.000705
0.009283 0.000778
0.009424 0.000832
0.010137 0.000794
0.009219 0.00066
0.009219 0.00054
0.00922 0.000604
0.009225 0.000667
0.008739 0.000601
0.009257 0.000667
0.009626 0.001051
0.009238 0.000642
0.009236 0.001021
0.009206 0.000577
0.00968 0.000787
0.00926 0.000569
0.007919 0.000536
0.009241 0.000585
0.009284 0.000564
0.009264 0.000762
0.009237 0.000634
0.009213 0.000923
0.009247 0.000849
0.009217 0.000684
0.008082 0.000596
0.009265 0.000559
0.009295 0.000976
0.00926 0.000628
0.009349 0.000682
0.00964 0.001057
0.009274 0.001108
0.009255 0.000767
0.009269 0.000842
0.00923 0.000546
0.009276 0.000674
0.009219 0.000555
0.009236 0.000944
0.009247 0.000768
0.009214 0.000573
0.009237 0.000518
0.009265 0.000623
0.009267 0.000725
0.009283 0.000861
0.009226 0.000518
0.009277 0.000738
0.009254 0.000564
0.009229 0.000609
0.00923 0.000744
0.009276 0.000818
0.009268 0.001019
0.009307 0.000537
0.009221 0.000945
0.009205 0.000577
0.009262 0.0007
0.009449 0.000806
0.009276 0.000526
0.009303 0.000621
0.009255 0.000513
0.009363 0.000893
0.00921 0.000551
0.009248 0.000557
0.009201 0.000661
0.009216 0.000639
0.009213 0.000701
0.009213 0.00059
0.00922 0.000594
0.009297 0.000498
0.009242 0.000552
0.009297 0.001083
0.00923 0.000619
0.009233 0.000602
0.009229 0.000628
0.009023 0.000939
0.00925 0.000772
0.009265 0.000609
0.009231 0.000622
0.009239 0.000648
0.009165 0.000632
0.009196 0.00066
0.009219 0.000553
0.009054 0.000813
0.009492 0.000803
0.009303 0.000949
0.009263 0.000757
0.009216 0.000677
0.009207 0.000837
0.009217 0.000517
0.009083 0.000575
0.009261 0.000565
0.009251 0.000538
0.00925 0.000681
0.009211 0.000724
0.0094 0.000851
0.009199 0.000624
0.009244 0.001147
0.009035 0.000436
0.009288 0.000506
0.009261 0.001024
0.009234 0.000655
0.009197 0.000497
0.009203 0.000557
0.0092 0.000693
0.009222 0.000815
0.009133 0.000804
0.009297 0.000691
0.009372 0.000791
0.009315 0.000504
0.009202 0.000699
0.009332 0.000571
0.009292 0.00095
0.012786 0.000586
0.008162 0.000674
0.009293 0.000515
0.009312 0.000911
0.009274 0.000685
0.009207 0.000894
0.010218 0.000658
0.009389 0.000884
0.009934 0.001101
0.009331 0.000682
0.009304 0.000966
0.009384 0.000599
0.009448 0.000572
0.009279 0.000774
0.009266 0.000486
0.00921 0.000611
0.009278 0.000793
0.008234 0.000631
0.00929 0.000535
0.009749 0.000725
0.009337 0.000583
0.009273 0.00055
0.00923 0.000481
0.009176 0.000595
0.00927 0.000592
0.009117 0.001056
0.009287 0.000571
0.00928 0.000785
0.009257 0.000716
0.00924 0.000539
0.00922 0.000585
0.009245 0.00051
0.009248 0.000764
0.009213 0.000446
0.009243 0.000625
0.009211 0.000636
0.009284 0.000822
0.009222 0.000949
0.009308 0.000695
0.009258 0.000789
0.009185 0.000692
0.008967 0.000471
0.009292 0.000525
0.009236 0.000579
0.009318 0.000754
0.009242 0.000507
0.009257 0.000932
0.00919 0.000789
0.009221 0.000776
0.008812 0.000568
0.009385 0.001103
0.009577 0.000543
0.009269 0.000765
0.009237 0.000724
0.009232 0.000596
0.009177 0.000792
0.009235 0.000888
0.008538 0.000745
0.009239 0.000658
0.009292 0.000895
0.009256 0.000685
0.009208 0.00076
0.009229 0.000682
0.009206 0.000718
0.009333 0.000579
0.009245 0.000527
0.009231 0.000906
0.009282 0.00068
0.009232 0.000541
0.009198 0.000695
0.009229 0.000873
0.00921 0.000751
0.009226 0.000782
0.009239 0.000734
0.009243 0.00124
0.009342 0.000553
0.009228 0.000808
0.009332 0.000762
0.009269 0.00101
0.009196 0.000504
0.008476 0.000574
0.009254 0.000686
0.0093 0.000571
0.009219 0.000763
0.009237 0.000871
0.009202 0.000556
0.009218 0.000643
0.009184 0.000707
0.00893 0.000469
0.009234 0.000852
0.009374 0.000915
0.009301 0.000564
0.009218 0.000553
0.009302 0.000859
0.009235 0.000758
0.00926 0.000737
0.008464 0.000941
0.009238 0.00078
0.009342 0.000635
0.00923 0.001055
0.009237 0.000857
0.009216 0.000729
0.009236 0.000928
0.009322 0.000629
0.009296 0.000507
0.009248 0.000951
0.009303 0.000731
0.009234 0.000657
0.009236 0.000728
0.009192 0.00075
0.009223 0.000666
0.008849 0.000597
0.009248 0.000716
0.009304 0.001076
0.009297 0.000516
0.00918 0.000893
0.009353 0.000748
0.009296 0.000584
0.009242 0.000924
0.008626 0.000988
0.009365 0.000722
0.009304 0.000737
0.009267 0.000572
0.009206 0.000524
0.009209 0.000531
0.00924 0.000529
0.009208 0.000775
0.007754 0.000692
0.009256 0.000632
0.009393 0.000714
0.009301 0.000619
0.00921 0.000679
0.009246 0.000638
0.009222 0.000766
0.009294 0.001065
0.009471 0.000578
0.009241 0.000713
0.009284 0.000593
0.009245 0.000936
0.009223 0.000807
0.009227 0.000546
0.009206 0.000713
0.009245 0.000528
0.009942 0.000718
0.009221 0.000646
0.009337 0.000612
0.00924 0.000501
0.009277 0.000719
0.009204 0.000534
0.009206 0.000673
0.009226 0.000589
0.008737 0.000887
0.012403 0.000647
0.009267 0.000838
0.009442 0.00131
0.009338 0.000717
0.00931 0.000837
0.009293 0.000526
0.009151 0.000418
0.009219 0.000811
0.009256 0.001165
0.009235 0.00058
0.009303 0.000603
0.009252 0.00056
0.009242 0.000616
0.009207 0.000626
0.009184 0.000832
0.00923 0.00081
0.00924 0.000792
0.00926 0.000652
0.009283 0.000597
0.00925 0.000524
0.009266 0.000748
0.009214 0.000687
0.009223 0.000718
0.009309 0.000628
0.009433 0.000924
0.009272 0.000618
0.009222 0.000727
0.009241 0.000809
0.009248 0.000571
0.009219 0.000638
0.009065 0.000809
0.009306 0.000524
0.009388 0.000758
0.009304 0.000935
0.009249 0.000647
0.00923 0.000775
0.009253 0.000863
0.009206 0.00099
0.011241 0.000671
0.011179 0.001471
0.011224 0.000922
0.011187 0.001122
0.011189 0.000868
0.011119 0.000935
0.009194 0.000618
0.011112 0.000726
0.011285 0.000877
0.011159 0.000632
0.01117 0.000845
0.011175 0.000932
0.011195 0.000733
0.011138 0.000776
0.011497 0.00106
0.01115 0.000854
0.011117 0.000757
0.01112 0.001178
0.011095 0.000746
0.008317 0.000761
0.011132 0.000711
0.01116 0.000703
0.011151 0.000825
0.011096 0.000706
0.011179 0.000761
0.011144 0.000761
0.011154 0.001053
0.011942 0.000915
0.011111 0.000721
0.011124 0.001189
0.011181 0.000971
0.011084 0.000883
0.011243 0.000618
0.011412 0.000723
0.011232 0.000695
0.011112 0.000835
0.011236 0.000686
0.011099 0.000711
0.009689 0.000784
0.011243 0.000759
0.011314 0.000612
0.011238 0.000834
0.011232 0.000678
0.011159 0.000816
0.011138 0.000666
0.010786 0.000766
0.011286 0.000948
0.011353 0.000993
0.011202 0.000834
0.011221 0.000779
0.011227 0.000709
0.010716 0.000427
0.011191 0.000692
0.011929 0.000717
0.011268 0.000706
0.011225 0.000619
0.009241 0.000707
0.00923 0.00053
0.009458 0.000867
0.009284 0.000589
0.009298 0.001094
0.009275 0.000544
0.009258 0.000763
0.009255 0.000528
0.009252 0.0006
0.009235 0.00057
0.009269 0.000938
0.009306 0.000708
0.009269 0.001116
0.009283 0.000622
0.009227 0.000709
0.009284 0.000592
0.009246 0.000618
0.009272 0.000968
0.008961 0.00087
0.009712 0.000756
0.009494 0.000918
0.009353 0.000688
0.0096 0.00089
0.009348 0.000712
0.009367 0.000802
0.009321 0.000925
0.00932 0.000535
0.009291 0.000552
0.009377 0.000577
0.009383 0.000874
0.00926 0.000621
0.009249 0.001065
0.009306 0.000655
0.009347 0.000791
0.009338 0.00066
0.009326 0.001193
0.009316 0.000677
0.009301 0.000967
0.009384 0.00099
0.009236 0.000517
0.00933 0.000635
0.008314 0.000582
0.009339 0.000699
0.009362 0.000587
0.00938 0.000937
0.00924 0.000621
0.009259 0.000641
0.009292 0.000746
0.009389 0.000788
0.007869 0.000677
0.009247 0.000711
0.009399 0.000687
0.009352 0.00061
0.009311 0.000923
0.009406 0.000674
0.009318 0.00055
0.009258 0.000548
0.008023 0.000716
0.009253 0.000881
0.009342 0.000832
0.009259 0.000839
0.009419 0.000904
0.009243 0.001109
0.009353 0.000868
0.009369 0.000578
0.009286 0.000855
0.009404 0.000762
0.009301 0.000923
0.00956 0.000889
0.009238 0.000656
0.00922 0.00073
0.00922 0.000637
0.008512 0.000817
0.009273 0.000535
0.009346 0.000684
0.009268 0.000698
0.009232 0.0005
0.009193 0.000709
0.009251 0.000649
0.009242 0.000702
0.008104 0.000739
0.009248 0.000993
0.009302 0.000593
0.009253 0.000751
0.009255 0.000699
0.009202 0.000701
0.00927 0.000847
0.009254 0.00063
0.009254 0.000608
0.009259 0.000769
0.009297 0.00084
0.009237 0.000647
0.009442 0.000696
0.009253 0.000484
0.009248 0.000597
0.00923 0.000791
0.009259 0.000962
0.009234 0.001089
0.009355 0.000762
0.009223 0.00064
0.009232 0.000685
0.009196 0.000913
0.009194 0.000714
0.008857 0.000718
0.009246 0.000817
0.009342 0.000866
0.009282 0.000695
0.009219 0.00069
0.009199 0.000502
0.009197 0.000669
0.009229 0.000629
0.009214 0.000636
0.009248 0.000832
0.009273 0.000925
0.009205 0.000822
0.009209 0.000735
0.009221 0.000557
0.009211 0.000993
0.00923 0.000703
0.009237 0.000603
0.009284 0.00096
0.009264 0.000802
0.009203 0.000515
0.00921 0.000914
0.009217 0.000691
0.009234 0.000505
0.008734 0.000483
0.009282 0.000635
0.009252 0.000674
0.009278 0.000846
0.009214 0.001012
0.009219 0.000508
0.009316 0.000891
0.009202 0.000756
0.008358 0.000548
0.009235 0.000765
0.009444 0.000663
0.00925 0.000505
0.009224 0.000837
0.009243 0.000738
0.009218 0.000582
0.009232 0.001006
0.007975 0.000955
0.009231 0.000626
0.009626 0.000548
0.009311 0.000631
0.009262 0.000734
0.009215 0.000627
0.009245 0.000788
0.009243 0.000509
0.008136 0.000768
0.009228 0.000603
0.009289 0.000579
0.009232 0.00054
0.009252 0.000765
0.009215 0.000949
0.009211 0.000497
0.009206 0.000508
0.009118 0.000673
0.009286 0.000694
0.009298 0.000585
0.009289 0.000653
0.009265 0.00062
0.009234 0.0005
0.009247 0.000748
0.009255 0.000568
0.009277 0.000556
0.009268 0.000782
0.009318 0.000605
0.0093 0.000642
0.009283 0.00076
0.00926 0.000595
0.009304 0.00059
0.009241 0.000625
0.00925 0.000495
0.008718 0.000672
0.009301 0.000907
0.009277 0.000558
0.009288 0.000749
0.009318 0.000541
0.009278 0.000757
0.009268 0.00071
0.009292 0.000604
0.008958 0.00052
0.009285 0.000657
0.009563 0.00096
0.009277 0.000808
0.009235 0.000658
0.009271 0.001097
0.009233 0.000526
0.009245 0.000642
0.008902 0.000791
0.009285 0.000736
0.00931 0.000585
0.009307 0.000576
0.009284 0.000606
0.009246 0.000624
0.009234 0.0008
0.009268 0.000803
0.00917 0.000515
0.009257 0.000922
0.009293 0.000785
0.009264 0.00107
0.009219 0.000621
0.009241 0.000828
0.009217 0.000835
0.00923 0.000585
0.009251 0.000582
0.009263 0.000549
0.009288 0.000796
0.009263 0.000551
0.009241 0.000623
0.009357 0.000768
0.009224 0.000613
0.009225 0.000614
0.009223 0.000709
0.009264 0.000628
0.00933 0.000736
0.009257 0.000616
0.009262 0.000541
0.009253 0.000722
0.009233 0.000565
0.009259 0.000624
0.008608 0.000706
0.009281 0.000704
0.009588 0.000765
0.009285 0.00057
0.009196 0.000812
0.009238 0.000661
0.009258 0.000624
0.009237 0.000832
0.008763 0.000664
0.009248 0.001005
0.009258 0.000735
0.009245 0.00066
0.00921 0.000578
0.009215 0.000612
0.009244 0.000887
0.009247 0.00059
0.009261 0.000671
0.009275 0.000691
0.009342 0.000598
0.009245 0.00049
0.009212 0.000722
0.00923 0.000571
0.009193 0.000623
0.009206 0.00115
0.009231 0.00074
0.009243 0.000786
0.00928 0.000582
0.009274 0.000616
0.009197 0.000727
0.009263 0.000584
0.009226 0.000637
0.00923 0.000805
0.009237 0.000718
0.009255 0.000563
0.009289 0.00081
0.009222 0.001059
0.009198 0.000647
0.009235 0.000728
0.009254 0.000728
0.009241 0.000535
0.00928 0.000727
0.009384 0.000882
0.009349 0.000959
0.009236 0.000632
0.00924 0.000566
0.009223 0.000664
0.009232 0.000603
0.007882 0.000557
0.009218 0.000635
0.009231 0.000773
0.009231 0.000685
0.009255 0.00055
0.009221 0.00058
0.007449 0.000553
0.007389 0.000705
0.009229 0.000522
0.009288 0.000809
0.009246 0.000527
0.009213 0.000654
0.009251 0.000754
0.008304 0.000519
0.009307 0.000717
0.009351 0.000677
0.009242 0.000784
0.009206 0.000605
0.009219 0.000758
0.009211 0.000627
0.009201 0.000832
0.008355 0.000478
0.009314 0.0011
0.009279 0.000724
0.009222 0.0008
0.009231 0.000817
0.009243 0.000957
0.009219 0.001127
0.008698 0.000546
0.009265 0.00064
0.009292 0.00064
0.009277 0.000527
0.009444 0.001067
0.009249 0.000633
0.009278 0.000695
0.009386 0.000671
0.009127 0.000436
0.009311 0.000675
0.009325 0.000954
0.009328 0.000852
0.009443 0.000803
0.010586 0.001548
0.009357 0.000631
0.00927 0.000628
0.009357 0.000816
0.009313 0.000683
0.009286 0.000615
0.009286 0.000583
0.009254 0.000798
0.009228 0.000587
0.009256 0.000612
0.009203 0.000776
0.009334 0.000757
0.009258 0.000647
0.009306 0.000699
0.009281 0.000704
0.009265 0.000903
0.009195 0.000656
0.009251 0.000601
0.009226 0.000675
0.009321 0.000655
0.009268 0.000626
0.009274 0.000863
0.009233 0.000738
0.00923 0.000651
0.009212 0.000564
0.009202 0.00078
0.009212 0.000503
0.009248 0.000674
0.009207 0.000765
0.009282 0.000852
0.009231 0.000517
0.009274 0.000477
0.00921 0.000648
0.009294 0.000647
0.009234 0.000662
0.00924 0.000656
0.0092 0.000915
0.009554 0.000795
0.009234 0.000758
0.009246 0.000617
0.009285 0.000629
0.009215 0.00049
0.0092 0.000592
0.009231 0.000704
0.009238 0.000596
0.009625 0.000601
0.009305 0.000569
0.009269 0.00068
0.009569 0.000721
0.009219 0.000526
0.009255 0.000716
0.009255 0.000765
0.009235 0.000669
0.009303 0.000785
