0.004379 0.000717
0.004521 0.000815
0.004469 0.000619
0.003948 0.000935
0.004333 0.000603
0.004358 0.00084
0.004387 0.000687
0.004347 0.000745
0.005022 0.000713
0.00444 0.000635
0.004369 0.000652
0.004343 0.000567
0.004333 0.000708
0.004332 0.000579
0.004327 0.000652
0.004337 0.000522
0.004328 0.000785
0.004357 0.000745
0.004309 0.000673
0.004335 0.000552
0.004405 0.000633
0.004349 0.000614
0.004343 0.000645
0.004334 0.000518
0.004408 0.000814
0.004495 0.00079
0.004347 0.000638
0.004333 0.000618
0.004995 0.000546
0.004461 0.000766
0.004291 0.000582
0.00433 0.000509
0.004325 0.000594
0.00438 0.000643
0.004348 0.000551
0.004322 0.000503
0.004325 0.000532
0.004333 0.000718
0.004342 0.000985
0.004331 0.000688
0.004308 0.000647
0.004342 0.000572
0.004321 0.000772
0.004356 0.000608
0.003697 0.000525
0.004329 0.000861
0.004321 0.000618
0.004332 0.000762
0.004336 0.00061
0.004344 0.000536
0.004319 0.000662
0.004335 0.000702
0.004346 0.000593
0.004349 0.000774
0.004331 0.000613
0.004882 0.00067
0.004376 0.000719
0.004336 0.00055
0.004324 0.000806
0.004326 0.000689
0.004321 0.00087
0.004346 0.000566
0.004347 0.000617
0.004337 0.000653
0.004336 0.000632
0.004345 0.000695
0.004355 0.000682
0.004322 0.000523
0.004342 0.000705
0.00435 0.000489
0.004361 0.000631
0.004344 0.000544
0.004342 0.000688
0.004089 0.000635
0.004348 0.000763
0.004374 0.000878
0.004364 0.000777
0.004371 0.000594
0.004357 0.00064
0.004384 0.000522
0.004349 0.000573
0.004343 0.000795
0.004321 0.000549
0.004336 0.000512
0.004422 0.000741
0.004342 0.000632
0.004337 0.000585
0.004343 0.000456
0.004134 0.000759
0.004354 0.000737
0.004365 0.000664
0.004365 0.000808
0.004413 0.000545
0.004347 0.000517
0.004317 0.000579
0.00434 0.000699
0.004324 0.000625
0.004333 0.000763
0.004347 0.00075
0.004339 0.000809
0.004318 0.000541
0.004348 0.00079
0.004742 0.000756
0.00434 0.000567
0.004325 0.000631
0.004331 0.000626
0.004399 0.000588
0.004355 0.000768
0.004331 0.000749
0.004355 0.000608
0.004468 0.000564
0.004356 0.000738
0.004327 0.000786
0.004341 0.000892
0.004327 0.000564
0.004334 0.000656
0.003738 0.000629
0.004336 0.000659
0.004322 0.000497
0.004331 0.001003
0.004332 0.000598
0.004347 0.000594
0.004313 0.000557
0.004342 0.000795
0.004378 0.000543
0.00436 0.000592
0.004306 0.000605
0.004319 0.000865
0.004314 0.000815
0.00434 0.000511
0.004256 0.000719
0.004343 0.000601
0.004318 0.000596
0.004329 0.000727
0.00435 0.000628
0.004338 0.000829
0.004309 0.00052
0.004333 0.000604
0.004308 0.000618
0.004328 0.000515
0.004312 0.000787
0.004333 0.000543
0.004312 0.000524
0.004339 0.000791
0.004315 0.000623
0.004343 0.000661
0.00433 0.000925
0.00434 0.001007
0.004343 0.000504
0.004339 0.000868
0.004327 0.000964
0.00433 0.00063
0.004309 0.000812
0.004336 0.000579
0.004336 0.000577
0.004327 0.000505
0.004715 0.000732
0.004214 0.000615
0.004319 0.000632
0.004351 0.000643
0.00432 0.000561
0.004573 0.000566
0.004341 0.00049
0.004358 0.00055
0.004341 0.000597
0.004332 0.000608
0.004336 0.000575
0.004346 0.000882
0.004318 0.000574
0.004338 0.000612
0.004974 0.000589
0.004384 0.000708
0.004356 0.000555
0.004359 0.000781
0.004329 0.00057
0.004347 0.000569
0.004573 0.000545
0.004472 0.000716
0.004665 0.000838
0.005342 0.000681
0.005767 0.000683
0.005833 0.000757
0.004358 0.001071
0.004688 0.000942
0.004809 0.000921
0.006393 0.000886
0.005078 0.001065
0.005234 0.000777
0.004368 0.000704
0.004395 0.00066
0.00601 0.000809
0.006549 0.0008
0.006476 0.0009
0.004473 0.000781
0.004509 0.000744
0.00542 0.000857
0.00478 0.000517
0.004042 0.000728
0.004351 0.000763
0.004407 0.000495
0.004333 0.000854
0.004363 0.00066
0.004338 0.000554
0.004361 0.000576
0.004348 0.000845
0.004332 0.000625
0.004357 0.000527
0.007737 0.000565
0.004366 0.000781
0.005167 0.000693
0.004349 0.00084
0.0039 0.000686
0.004375 0.000598
0.004343 0.00078
0.004376 0.000834
0.004357 0.000636
0.004325 0.000549
0.004776 0.000634
0.004377 0.000703
0.004357 0.000752
0.004348 0.000615
0.004364 0.000551
0.004335 0.00063
0.004334 0.000552
0.00437 0.000674
0.003998 0.000595
0.004511 0.000552
0.004338 0.000674
0.004332 0.000724
0.004449 0.000516
0.004337 0.000657
0.004381 0.000548
0.004354 0.000581
0.004326 0.000635
0.00433 0.000588
0.004332 0.000498
0.00435 0.000575
0.004334 0.000747
0.004322 0.000581
0.004376 0.000674
0.004357 0.000581
0.004512 0.000843
0.004327 0.000665
0.004345 0.000918
0.004363 0.000602
0.004354 0.000692
0.00433 0.000482
0.00434 0.00089
0.004336 0.000726
0.004365 0.00092
0.004365 0.000718
0.004341 0.000724
0.004339 0.000566
0.004344 0.000753
0.004076 0.000722
0.004369 0.000534
0.004342 0.000624
0.00434 0.000602
0.00435 0.000589
0.004371 0.000769
0.004333 0.000535
0.004335 0.000653
0.004318 0.000642
0.004371 0.000572
0.00433 0.000636
0.004359 0.000568
0.004321 0.000681
0.004343 0.000895
0.004324 0.000513
0.004359 0.000606
0.004313 0.000809
0.004335 0.000619
0.004315 0.000853
0.004354 0.000871
0.004321 0.000739
0.004335 0.000813
0.004316 0.000796
0.004339 0.000644
0.004322 0.000684
0.00433 0.000508
0.004333 0.000728
0.004319 0.000708
0.003687 0.000414
0.004337 0.000575
0.004309 0.000489
0.004323 0.000876
0.004368 0.000567
0.004338 0.000641
0.004366 0.000492
0.004334 0.000665
0.004341 0.000788
0.004336 0.000757
0.004312 0.000529
0.004332 0.000682
0.004335 0.000596
0.004349 0.00066
0.004322 0.000671
0.00362 0.000582
0.004333 0.000615
0.004337 0.00073
0.004322 0.000538
0.004365 0.000698
0.004332 0.000887
0.004331 0.000644
0.004335 0.00057
0.004343 0.000752
0.00432 0.000785
0.004334 0.000773
0.004341 0.000514
0.004332 0.000551
0.00433 0.000695
0.00417 0.000576
0.004322 0.000645
0.004398 0.000944
0.004351 0.000695
0.00434 0.00062
0.004314 0.000562
0.004346 0.000775
0.004325 0.000675
0.004327 0.000704
0.004319 0.000564
0.004344 0.0005
0.004332 0.000571
0.004328 0.000729
0.004307 0.000529
0.004069 0.000577
0.004322 0.000567
0.004338 0.00061
0.004322 0.000651
0.004367 0.000604
0.004338 0.000748
0.004334 0.000752
0.004316 0.000626
0.00433 0.000605
0.004499 0.000596
0.004364 0.0005
0.004687 0.00066
0.00435 0.000895
0.004317 0.0005
0.00434 0.000685
0.003607 0.000663
0.004346 0.00057
0.004331 0.00089
0.004392 0.000862
0.004331 0.000709
0.004357 0.000564
0.004338 0.000829
0.004334 0.000578
0.004315 0.00073
0.004349 0.000658
0.004322 0.000814
0.004334 0.000484
0.004322 0.000623
0.004336 0.00075
0.004329 0.000604
0.004338 0.00068
0.004319 0.000756
0.004361 0.000796
0.004343 0.000593
0.004337 0.000627
0.00433 0.000641
0.004333 0.000636
0.004323 0.000701
0.00436 0.000615
0.00432 0.000727
0.004325 0.000652
0.004323 0.000717
0.00433 0.000589
0.004329 0.000643
0.004335 0.000758
0.004344 0.000464
0.004347 0.000808
0.004361 0.0009
0.004336 0.000503
0.004332 0.000789
0.00435 0.000703
0.004342 0.000765
0.004331 0.000821
0.004319 0.000542
0.004355 0.000679
0.004892 0.000888
0.004177 0.000621
0.00434 0.000707
0.004433 0.000707
0.004317 0.000877
0.004374 0.000585
0.004325 0.000488
0.004319 0.000611
0.004335 0.000623
0.004332 0.000646
0.004326 0.00064
0.004337 0.000639
0.004308 0.000579
0.004351 0.000467
0.004319 0.000774
0.004331 0.000571
0.003783 0.00066
0.004357 0.00076
0.004319 0.000573
0.004356 0.000773
0.004337 0.00078
0.004344 0.000688
0.004302 0.0006
0.004325 0.000761
0.004353 0.000617
0.004364 0.00057
0.004316 0.000658
0.004344 0.000884
0.004331 0.000751
0.004335 0.00056
0.003953 0.000681
0.004347 0.000568
0.004317 0.000697
0.004336 0.000615
0.004341 0.000619
0.00435 0.00053
0.004327 0.000854
0.004351 0.000591
0.004311 0.000504
0.004339 0.00066
0.004318 0.00071
0.004345 0.000733
0.004318 0.000577
0.004335 0.000503
0.003962 0.000661
0.004328 0.000711
0.004321 0.000639
0.004332 0.000646
0.004337 0.000512
0.004389 0.000532
0.004332 0.000694
0.004356 0.000785
0.004322 0.000725
0.004324 0.000739
0.004316 0.000561
0.004335 0.000781
0.004328 0.00073
0.004343 0.000766
0.003985 0.000534
0.004335 0.000766
0.004357 0.000596
0.004338 0.000856
0.004341 0.000849
0.004348 0.000555
0.004323 0.00063
0.004331 0.000554
0.00431 0.000669
0.004341 0.000689
0.004324 0.000657
0.004326 0.000619
0.004309 0.000714
0.004328 0.000671
0.00432 0.000776
0.004331 0.00056
0.004339 0.000646
0.004351 0.000592
0.00436 0.00081
0.004341 0.000731
0.004336 0.000661
0.004335 0.000618
0.004337 0.000703
0.004359 0.000527
0.004321 0.000715
0.004336 0.000662
0.004327 0.000866
0.004338 0.000746
0.004066 0.000484
0.004341 0.000684
0.00433 0.000753
0.004324 0.000629
0.004344 0.000757
0.004337 0.000807
0.00432 0.000575
0.00433 0.000629
0.004331 0.00052
0.004347 0.000685
0.004337 0.00069
0.004345 0.00053
0.004321 0.000505
0.004326 0.000501
0.004324 0.000645
0.003706 0.000545
0.004369 0.000537
0.004338 0.00062
0.004309 0.000634
0.004327 0.000613
0.004342 0.000853
0.004336 0.000537
0.004326 0.000541
0.004327 0.000503
0.004325 0.000644
0.004351 0.000697
0.004308 0.000625
0.004332 0.00084
0.004326 0.000553
0.00434 0.000631
0.004331 0.000596
0.00434 0.000703
0.004318 0.000613
0.00435 0.00078
0.004332 0.000626
0.004338 0.000668
0.004335 0.000642
0.004346 0.000607
0.004331 0.000851
0.00434 0.000577
0.00433 0.000732
0.004341 0.000653
0.004319 0.000611
0.004342 0.000525
0.003674 0.000747
0.004356 0.00075
0.004338 0.000511
0.004331 0.000522
0.004325 0.00059
0.004339 0.000632
0.004331 0.000631
0.004335 0.000684
0.004316 0.000671
0.004377 0.00054
0.004327 0.001013
0.004336 0.000802
0.004316 0.000612
0.004335 0.000721
0.004159 0.00049
0.004348 0.000643
0.004341 0.000637
0.004344 0.000547
0.004336 0.001003
0.00433 0.000712
0.00431 0.000687
0.004337 0.000621
0.004306 0.000786
0.004323 0.000523
0.0043 0.000522
0.004327 0.000777
0.004336 0.000605
0.004349 0.000605
0.004315 0.000785
0.003711 0.000756
0.004319 0.000507
0.004351 0.000637
0.004331 0.000659
0.004347 0.000564
0.004323 0.000943
0.004324 0.000526
0.004346 0.000726
0.004328 0.000618
0.004334 0.000681
0.004344 0.00053
0.004335 0.000537
0.004354 0.000564
0.004337 0.000536
0.004338 0.000736
0.004324 0.000543
0.004342 0.000576
0.004307 0.000479
0.004354 0.000687
0.004347 0.000601
0.00435 0.000718
0.004323 0.000728
0.004351 0.000823
0.004317 0.000556
0.004341 0.000576
0.004325 0.000565
0.00435 0.000608
0.004323 0.000667
0.00434 0.000583
0.00415 0.000629
0.004334 0.000617
0.004326 0.000671
0.004351 0.000645
0.004356 0.000706
0.00434 0.000547
0.004328 0.000581
0.004336 0.000597
0.004332 0.000612
0.004339 0.000604
0.004328 0.000598
0.004324 0.000519
0.004341 0.00059
0.004338 0.000614
0.004326 0.00078
0.00363 0.000677
0.004324 0.000728
0.00435 0.000815
0.004325 0.000647
0.00437 0.000748
0.004329 0.000693
0.004346 0.00066
0.004327 0.000594
0.004341 0.000547
0.004331 0.000488
0.004353 0.000563
0.004336 0.000707
0.004349 0.000736
0.00431 0.00077
0.004332 0.000672
0.004339 0.000676
0.004351 0.000707
0.004324 0.000688
0.004553 0.000643
0.004324 0.000619
0.004339 0.000767
0.004319 0.000548
0.004335 0.000595
0.004341 0.000641
0.004388 0.000671
0.004325 0.000633
0.004341 0.000494
0.004334 0.000538
0.00434 0.000681
0.003721 0.000952
0.004395 0.000513
0.004318 0.000629
0.004345 0.000745
0.004315 0.000567
0.005093 0.000716
0.004323 0.000568
0.004328 0.000596
0.004313 0.000595
0.004349 0.000643
0.004325 0.0005
0.004398 0.000681
0.004325 0.000777
0.004337 0.000721
0.00398 0.00067
0.004362 0.000538
0.004314 0.000617
0.004341 0.000585
0.00434 0.000693
0.004348 0.000853
0.004334 0.000749
0.004329 0.000744
0.004317 0.000542
0.00444 0.000623
0.004319 0.000889
0.004325 0.000832
0.004322 0.000645
0.004347 0.000576
0.004325 0.00056
0.004333 0.000697
0.004355 0.000751
0.004358 0.000654
0.004334 0.000503
0.004376 0.000642
0.004404 0.000811
0.004332 0.00072
0.00436 0.000605
0.004338 0.000704
0.004317 0.000727
0.00433 0.000656
0.004331 0.000645
0.004332 0.000972
0.003911 0.000577
0.004333 0.00082
0.004337 0.000603
0.004363 0.000567
0.004352 0.000859
0.004348 0.000935
0.004322 0.000648
0.004359 0.000659
0.004321 0.000656
0.004337 0.000688
0.004313 0.000743
0.004337 0.000795
0.004337 0.000912
0.004259 0.001048
0.004339 0.00063
0.004339 0.000489
0.004321 0.000688
0.004373 0.000577
0.004324 0.000826
0.004316 0.000498
0.004342 0.000579
0.004332 0.00062
0.004314 0.000819
0.004348 0.000696
0.004307 0.000703
0.00433 0.000774
0.004316 0.000511
0.004341 0.000551
0.00434 0.000513
0.004334 0.000892
0.004379 0.000895
0.004357 0.000648
0.00433 0.000624
0.004332 0.000509
0.004334 0.000559
0.00433 0.000728
0.004327 0.000666
0.004394 0.000766
0.004328 0.000667
0.004353 0.000778
0.004324 0.000427
0.003844 0.000493
0.004325 0.000618
0.004332 0.000796
0.004329 0.000729
0.004341 0.000637
0.004355 0.000596
0.00434 0.000804
0.004309 0.000655
0.004326 0.000545
0.00432 0.000519
0.004321 0.0007
0.004325 0.000573
0.004329 0.000671
0.004329 0.000633
0.003712 0.000535
0.004337 0.000694
0.004341 0.000798
0.004324 0.000506
0.004339 0.000649
0.004334 0.00075
0.00434 0.000608
0.004326 0.000662
0.004326 0.000806
0.004313 0.000538
0.004327 0.000915
0.004335 0.000773
0.004336 0.000582
0.004315 0.000612
0.004336 0.000561
0.00433 0.000895
0.004323 0.000511
0.00433 0.000525
0.004334 0.00059
0.004332 0.00055
0.004336 0.000593
0.004328 0.000567
0.004332 0.001014
0.004307 0.000499
0.004346 0.000541
0.00433 0.001004
0.004331 0.000682
0.004319 0.00068
0.003808 0.000666
0.004332 0.000712
0.00433 0.000587
0.004327 0.000552
0.004366 0.000665
0.00432 0.000491
0.004333 0.000697
0.004319 0.000595
0.004355 0.000586
0.004329 0.000588
0.004344 0.000746
0.004312 0.000533
0.00432 0.00074
0.004321 0.000777
0.00433 0.000636
0.003971 0.000448
0.004341 0.000767
0.004325 0.000618
0.004333 0.000579
0.004357 0.000505
0.004334 0.00057
0.004311 0.000585
0.004337 0.000588
0.00431 0.000791
0.004322 0.000557
0.004322 0.000751
0.004359 0.000766
0.004308 0.000714
0.004341 0.000598
0.004321 0.000602
0.003684 0.000682
0.004319 0.000658
0.004338 0.000576
0.004319 0.000656
0.004384 0.000752
0.004321 0.000612
0.004335 0.000917
0.004316 0.000888
0.004346 0.000654
0.004342 0.000725
0.004328 0.000635
0.004329 0.000552
0.00434 0.00068
0.004316 0.000507
0.00399 0.000567
0.004332 0.000682
0.004342 0.000817
0.004314 0.001034
0.004368 0.000482
0.00432 0.000615
0.004332 0.00068
0.004331 0.000582
0.004383 0.00068
0.004348 0.000705
0.004335 0.000582
0.004313 0.000632
0.004333 0.000547
0.004341 0.000573
0.004345 0.000533
0.003654 0.000752
0.004391 0.000515
0.004324 0.000768
0.004353 0.000562
0.004335 0.000747
0.004327 0.000587
0.004317 0.000537
0.004357 0.000766
0.004331 0.000701
0.004354 0.000724
0.004339 0.000589
0.004339 0.000851
0.004346 0.000621
0.004337 0.000663
0.004334 0.00101
0.004437 0.000525
0.004407 0.000684
0.004344 0.000888
0.00433 0.000687
0.004342 0.000768
0.004318 0.000733
0.00433 0.000482
0.004328 0.000687
0.004343 0.000548
0.004316 0.000909
0.004334 0.000497
0.004327 0.000656
0.004349 0.000528
0.004321 0.000536
0.004358 0.000529
0.004338 0.000599
0.004536 0.000753
0.004361 0.000583
0.004335 0.00075
0.004338 0.000618
0.004328 0.000597
0.00433 0.000593
0.00439 0.000679
0.004381 0.000552
0.004361 0.00053
0.004336 0.000667
0.004331 0.000856
0.005539 0.000787
0.004349 0.000672
0.004338 0.000508
0.004788 0.000737
0.004343 0.000549
0.004362 0.000778
0.004336 0.000633
0.00434 0.000941
0.004329 0.000565
0.004332 0.000681
0.004314 0.000791
0.004343 0.000522
0.004319 0.000698
0.004332 0.000795
0.003751 0.000635
0.004332 0.000633
0.004357 0.000812
0.004337 0.000737
0.004316 0.000531
0.004342 0.000853
0.004336 0.000714
0.004326 0.000731
0.004312 0.000562
0.004361 0.000715
0.004328 0.000893
0.004346 0.000505
0.00431 0.000643
0.004327 0.000502
0.003653 0.000645
0.004355 0.000726
0.004318 0.000522
0.004334 0.000722
0.004328 0.000549
0.004333 0.000665
0.004319 0.000559
0.00434 0.000528
0.00432 0.000819
0.004334 0.000528
0.004333 0.000836
0.004335 0.000593
0.004329 0.000579
0.004333 0.000692
0.003674 0.000815
0.004359 0.000663
0.004411 0.000839
0.004347 0.0005
0.004456 0.000524
0.004337 0.000786
0.004311 0.000788
0.004323 0.000748
0.004315 0.000675
0.004359 0.00075
0.004315 0.000648
0.004316 0.000744
0.004323 0.000494
0.004355 0.000773
0.004041 0.000555
0.004338 0.000637
0.004317 0.00058
0.004341 0.000716
0.00435 0.000716
0.004345 0.000513
0.004334 0.00077
0.004365 0.000678
0.004306 0.000715
0.004342 0.00067
0.004355 0.000588
0.004404 0.000573
0.004312 0.000602
0.004375 0.000708
0.004318 0.000668
0.004016 0.000806
0.004345 0.000487
0.004332 0.000535
0.004333 0.000605
0.004357 0.000675
0.004324 0.000841
0.004323 0.000856
0.004311 0.000593
0.004327 0.00059
0.004315 0.000909
0.00434 0.000491
0.004338 0.001014
0.004357 0.000688
0.004031 0.000582
0.004317 0.000517
0.004318 0.000557
0.004331 0.0005
0.004349 0.000627
0.004333 0.000567
0.004344 0.000626
0.004345 0.000637
0.004337 0.000742
0.004333 0.000943
0.004314 0.000724
0.004324 0.000711
0.004325 0.000684
0.004349 0.000651
0.00432 0.000586
0.003843 0.000555
0.004347 0.000521
0.004329 0.000718
0.004327 0.000698
0.004376 0.000581
0.004323 0.000539
0.004321 0.000733
0.004313 0.000791
0.004328 0.000471
0.004325 0.000813
0.004333 0.000606
0.004312 0.000801
0.004416 0.000593
0.004335 0.000745
0.004031 0.000929
0.004371 0.00053
0.006399 0.000558
0.004344 0.000769
0.004332 0.000631
0.004426 0.000587
0.004339 0.000534
0.00432 0.000862
0.004334 0.000731
0.004312 0.000644
0.004327 0.000608
0.004305 0.000802
0.004346 0.000612
0.004337 0.000596
0.004092 0.000842
0.004846 0.000609
0.004341 0.000812
0.004376 0.000696
0.004354 0.000648
0.00434 0.000867
0.004348 0.000691
0.00436 0.000522
0.004405 0.000485
0.004421 0.000772
0.004361 0.000604
0.004371 0.000519
0.004365 0.000794
0.004324 0.000608
0.004368 0.000744
0.004366 0.000628
0.004405 0.000915
0.004405 0.000595
0.004402 0.000756
0.004348 0.000651
0.004315 0.000567
0.004311 0.000921
0.004401 0.000683
0.00433 0.000962
0.004328 0.000686
0.004714 0.000529
0.00508 0.000519
0.003848 0.00085
0.004359 0.00083
0.004328 0.000639
0.004363 0.000563
0.004347 0.000582
0.00436 0.000557
0.004403 0.000774
0.004349 0.000629
