0.034264 0.000718
0.035596 0.000892
0.034161 0.000957
0.034886 0.00062
0.035168 0.001086
0.035191 0.0008
0.035695 0.001177
0.035242 0.000682
0.03695 0.00078
0.034073 0.000801
0.035175 0.000812
0.045733 0.001005
0.034201 0.001266
0.032593 0.001084
0.035614 0.000748
0.034298 0.000954
0.035668 0.001303
0.034454 0.001017
0.03442 0.001078
0.034256 0.000995
0.033148 0.000741
0.034241 0.000728
0.034156 0.001059
0.034596 0.000868
0.03414 0.000876
0.031768 0.00089
0.034401 0.000781
0.034357 0.000663
0.034945 0.001014
0.03424 0.000731
0.033261 0.00074
0.034191 0.000857
0.034185 0.000777
0.035266 0.00169
0.034179 0.000596
0.034296 0.000847
0.034014 0.000676
0.032812 0.001084
0.034051 0.000731
0.034024 0.000742
0.034589 0.000672
0.034228 0.000726
0.032264 0.000804
0.034021 0.000906
0.034004 0.000764
0.035059 0.000783
0.034105 0.00098
0.034166 0.000963
0.033994 0.001203
0.03406 0.000723
0.034451 0.000851
0.033998 0.000553
0.034174 0.000888
0.034284 0.00069
0.034088 0.001028
0.034235 0.000942
0.033958 0.001061
0.034247 0.000877
0.034181 0.000712
0.032625 0.000969
0.034314 0.000863
0.034094 0.000788
0.034907 0.00081
0.034442 0.000701
0.03366 0.000971
0.034377 0.001054
0.034479 0.000861
0.035119 0.000927
0.034211 0.000829
0.034057 0.001067
0.03473 0.000814
0.034184 0.000911
0.035149 0.001026
0.034122 0.000626
0.034609 0.000891
0.034234 0.000712
0.033794 0.000782
0.035444 0.000907
0.035561 0.000892
0.036491 0.001153
0.035556 0.00122
0.035822 0.000785
0.035446 0.00082
0.034998 0.000953
0.03446 0.00066
0.035327 0.000837
0.034791 0.001226
0.034144 0.000692
0.033129 0.001599
0.034743 0.001029
0.034806 0.000681
0.035334 0.000802
0.034135 0.000862
0.034595 0.000856
0.03433 0.000643
0.034184 0.000831
0.034483 0.000901
0.034295 0.000693
0.034434 0.000719
0.035336 0.000747
0.032741 0.000795
0.034202 0.000745
0.034401 0.000911
0.034432 0.000913
0.034124 0.000809
0.032749 0.00075
0.034168 0.00065
0.034134 0.000625
0.034502 0.000963
0.0341 0.000822
0.032464 0.001003
0.034219 0.000955
0.034111 0.000841
0.034861 0.000563
0.033969 0.000588
0.033635 0.000732
0.034003 0.001021
0.034019 0.000823
0.034652 0.000847
0.034284 0.000754
0.034135 0.000819
0.034126 0.000863
0.032368 0.001024
0.034193 0.000792
0.034052 0.001015
0.034746 0.000838
0.034074 0.000811
0.032893 0.000898
0.034209 0.000807
0.034418 0.000634
0.03456 0.000984
0.034188 0.000645
0.034174 0.000949
0.034146 0.000921
0.033679 0.001168
0.034305 0.000776
0.034185 0.000724
0.034275 0.000876
0.034153 0.000681
0.032865 0.001105
0.034133 0.001012
0.033924 0.000671
0.035038 0.001005
0.034185 0.00082
0.033818 0.000729
0.03415 0.000853
0.034134 0.000667
0.034879 0.001076
0.033922 0.000849
0.0341 0.000776
0.034106 0.000797
0.034431 0.001068
0.034015 0.000742
0.034056 0.00052
0.036572 0.001393
0.034256 0.000974
0.03213 0.000757
0.034067 0.000695
0.033906 0.000868
0.035325 0.00081
0.033995 0.0011
0.034283 0.000991
0.03459 0.000731
0.034052 0.000668
0.034184 0.000734
0.03433 0.000641
0.034143 0.000819
0.034371 0.000889
0.033364 0.000695
0.034048 0.000541
0.033969 0.000863
0.0342 0.001212
0.034119 0.000703
0.032039 0.001029
0.034101 0.000832
0.03393 0.001029
0.034493 0.000918
0.034114 0.000685
0.033905 0.000944
0.03417 0.000726
0.034027 0.00095
0.034504 0.001199
0.03416 0.000855
0.02907 0.000602
0.034075 0.000638
0.033786 0.000547
0.034325 0.000898
0.03402 0.000941
0.034316 0.000839
0.034136 0.00099
0.032849 0.001113
0.034094 0.000836
0.034289 0.000687
0.034684 0.000826
0.033956 0.000686
0.032394 0.000724
0.034244 0.000763
0.034094 0.000831
0.034866 0.000797
0.034236 0.000769
0.033773 0.000942
0.034289 0.000843
0.033953 0.000664
0.035105 0.000956
0.034208 0.000855
0.03418 0.000928
0.034067 0.00064
0.033949 0.000897
0.034918 0.000715
0.034738 0.000994
0.034143 0.000701
0.034066 0.000735
0.03392 0.000519
0.034236 0.001143
0.034142 0.000733
0.034308 0.001062
0.034118 0.000888
0.032572 0.000678
0.034329 0.000687
0.033993 0.000817
0.034296 0.000808
0.034099 0.000705
0.032263 0.00057
0.03409 0.000815
0.034002 0.000694
0.034782 0.000844
0.034088 0.000961
0.031664 0.000998
0.033952 0.000762
0.034189 0.000878
0.034867 0.000736
0.034027 0.00084
0.033176 0.000956
0.036222 0.000753
0.034066 0.001095
0.034083 0.00092
0.034021 0.000553
0.03463 0.000716
0.03401 0.000768
0.0338 0.000773
0.034118 0.000745
0.034281 0.001013
0.034372 0.000945
0.034086 0.000855
0.032821 0.000784
0.034385 0.000917
0.034039 0.000831
0.034198 0.001531
0.034046 0.00068
0.032935 0.000646
0.034224 0.000869
0.034005 0.000925
0.034494 0.000953
0.034097 0.000669
0.032499 0.001065
0.034226 0.000779
0.034005 0.000804
0.034932 0.000656
0.034025 0.00063
0.032196 0.000854
0.034066 0.000752
0.034004 0.000797
0.034844 0.000908
0.034101 0.00083
0.032819 0.000761
0.034211 0.001203
0.034202 0.000955
0.034934 0.000685
0.03513 0.000651
0.03429 0.000816
0.034342 0.0007
0.034069 0.000699
0.034896 0.0007
0.034149 0.000731
0.034513 0.000805
0.034084 0.000947
0.033749 0.000959
0.034167 0.000675
0.034342 0.00074
0.034224 0.000889
0.034209 0.000726
0.032515 0.000988
0.034637 0.001018
0.034009 0.001011
0.034621 0.000732
0.034029 0.00079
0.032358 0.00088
0.034066 0.000826
0.034129 0.0008
0.034946 0.00116
0.034313 0.000696
0.034466 0.000914
0.034096 0.000948
0.034171 0.000806
0.034327 0.000628
0.034021 0.000618
0.03412 0.000796
0.034071 0.000956
0.033962 0.00057
0.034236 0.000888
0.034091 0.000614
0.034188 0.00082
0.034075 0.000867
0.033192 0.000627
0.034175 0.000864
0.034081 0.000702
0.034361 0.000948
0.034091 0.000849
0.033162 0.000729
0.034111 0.000675
0.033973 0.001004
0.034273 0.001119
0.034215 0.000844
0.032801 0.000856
0.034003 0.000696
0.034112 0.000806
0.034637 0.000949
0.034127 0.000795
0.032632 0.000936
0.034151 0.000766
0.034003 0.000669
0.034679 0.000902
0.034115 0.000664
0.032911 0.000874
0.034074 0.000766
0.03405 0.00074
0.035153 0.000811
0.034029 0.00097
0.034383 0.000546
0.034024 0.000792
0.033912 0.000888
0.034691 0.000909
0.033947 0.000559
0.034242 0.000843
0.034103 0.00137
0.033621 0.000839
0.034132 0.000725
0.03414 0.000639
0.034098 0.000706
0.034154 0.000736
0.034076 0.000614
0.03411 0.000759
0.0341 0.001138
0.034208 0.001203
0.034177 0.000805
0.033055 0.000789
0.034162 0.000919
0.034072 0.000962
0.034601 0.001166
0.034055 0.000892
0.032255 0.000694
0.034263 0.000818
0.034272 0.000835
0.03483 0.000899
0.03414 0.000813
0.032916 0.001062
0.034449 0.000849
0.034053 0.000665
0.034956 0.00073
0.034045 0.000994
0.03446 0.000853
0.034049 0.001061
0.033916 0.000706
0.034769 0.000898
0.034093 0.000745
0.03418 0.001314
0.034262 0.00109
0.032892 0.000833
0.034177 0.000663
0.034011 0.000746
0.034168 0.001101
0.034103 0.000759
0.031944 0.000875
0.034124 0.000586
0.034059 0.000769
0.034877 0.000907
0.034041 0.000982
0.034308 0.000832
0.034034 0.000719
0.034037 0.000599
0.034917 0.000978
0.033946 0.000607
0.034191 0.001359
0.034116 0.001077
0.032903 0.001069
0.034131 0.000726
0.033926 0.000665
0.034268 0.001332
0.034085 0.000876
0.031625 0.00064
0.034346 0.000713
0.034281 0.000947
0.03427 0.001048
0.034098 0.000784
0.032676 0.000791
0.034086 0.001039
0.033882 0.000949
0.035213 0.000776
0.0341 0.000657
0.034168 0.00077
0.034142 0.000907
0.034158 0.000548
0.034079 0.000622
0.033966 0.001008
0.034058 0.000725
0.034067 0.000911
0.033599 0.000552
0.034253 0.001063
0.033929 0.000674
0.034378 0.000767
0.034051 0.000666
0.033064 0.001123
0.033995 0.000658
0.034455 0.000785
0.034852 0.000924
0.034046 0.000737
0.032198 0.000769
0.034293 0.000606
0.034093 0.000702
0.0348 0.000831
0.033981 0.000968
0.034306 0.000763
0.034 0.000596
0.033986 0.000636
0.03487 0.000927
0.034011 0.00063
0.034043 0.001039
0.034038 0.000633
0.033918 0.000624
0.034069 0.001022
0.034167 0.000911
0.034128 0.000731
0.030597 0.00084
0.034133 0.000857
0.033711 0.000683
0.034082 0.000707
0.034008 0.000947
0.034112 0.00065
0.034224 0.00076
0.032362 0.000747
0.034111 0.000554
0.034104 0.000673
0.034337 0.001162
0.033944 0.000852
0.032283 0.000594
0.035819 0.000769
0.033999 0.000645
0.036116 0.000719
0.034098 0.001236
0.033852 0.000658
0.034447 0.000882
0.034212 0.000934
0.034596 0.00087
0.034016 0.000913
0.034479 0.000823
0.034225 0.000726
0.033824 0.000742
0.034197 0.000736
0.034301 0.000974
0.034202 0.000943
0.034073 0.000812
0.032115 0.001016
0.034396 0.000859
0.03409 0.000984
0.034711 0.000887
0.033991 0.000903
0.031818 0.000885
0.034078 0.000748
0.034019 0.000846
0.036836 0.001102
0.034035 0.000873
0.032325 0.000755
0.034171 0.000735
0.034103 0.00075
0.03486 0.001065
0.034885 0.00113
0.033699 0.000848
0.034194 0.00089
0.034052 0.000797
0.034771 0.000993
0.034015 0.000835
0.034298 0.001041
0.0341 0.000838
0.033806 0.000977
0.034155 0.000828
0.03408 0.000606
0.034219 0.000926
0.034117 0.000576
0.032407 0.000618
0.034182 0.000771
0.033811 0.000951
0.034522 0.000848
0.034135 0.000691
0.031821 0.000923
0.034079 0.00099
0.034284 0.00071
0.034559 0.000866
0.034103 0.00083
0.032442 0.000785
0.03418 0.000786
0.034091 0.000843
0.034725 0.000884
0.034075 0.000631
0.034315 0.00079
0.034618 0.000921
0.034019 0.000637
0.034528 0.000889
0.034182 0.00113
0.034203 0.001262
0.034142 0.000995
0.03244 0.000847
0.034255 0.000658
0.034128 0.00083
0.034657 0.000741
0.034158 0.000756
0.032273 0.000588
0.034106 0.000668
0.034005 0.00091
0.034779 0.000741
0.034054 0.000741
0.032899 0.000887
0.034153 0.000895
0.03401 0.000634
0.034894 0.00093
0.034239 0.00095
0.033597 0.000618
0.034068 0.000893
0.034028 0.000779
0.03496 0.000773
0.034171 0.000672
0.032191 0.000918
0.034144 0.000734
0.034191 0.000849
0.034991 0.001252
0.033982 0.000871
0.034039 0.000698
0.034229 0.000716
0.033999 0.000477
0.03415 0.000841
0.034012 0.000745
0.03445 0.001082
0.034115 0.000707
0.032614 0.001004
0.03416 0.000657
0.034168 0.000953
0.034375 0.000745
0.033972 0.000779
0.032177 0.000845
0.035226 0.000925
0.034024 0.000791
0.034814 0.001119
0.03428 0.000699
0.033832 0.000729
0.034056 0.000799
0.033992 0.000558
0.034992 0.000731
0.034228 0.000938
0.03437 0.001067
0.034148 0.000977
0.034178 0.001005
0.033983 0.000713
0.034276 0.000974
0.034349 0.000839
0.034093 0.000871
0.032326 0.000827
0.034424 0.001055
0.034333 0.000818
0.034829 0.001086
0.034175 0.000606
0.033888 0.000741
0.034375 0.000682
0.034305 0.000781
0.034995 0.000963
0.034257 0.000761
0.036045 0.00081
0.03644 0.000827
0.03446 0.001224
0.034318 0.000731
0.035188 0.001123
0.034264 0.001206
0.034177 0.000699
0.033369 0.001145
0.03553 0.001016
0.035058 0.000691
0.035159 0.000928
0.034232 0.001038
0.036198 0.001583
0.034306 0.000858
0.033392 0.001403
0.034215 0.000826
0.034091 0.001176
0.034922 0.000748
0.034151 0.000841
0.033982 0.00094
0.034321 0.000708
0.034282 0.0006
0.034944 0.000599
0.034278 0.000803
0.033016 0.000764
0.034232 0.00076
0.034026 0.000959
0.035331 0.00067
0.034223 0.000724
0.033102 0.000766
0.034029 0.00075
0.034303 0.000693
0.035051 0.000924
0.035647 0.000691
0.035516 0.000815
0.034433 0.000783
0.03405 0.000961
0.0343 0.000892
0.034602 0.000894
0.035595 0.000738
0.034221 0.000653
0.032983 0.000922
0.034311 0.000797
0.035682 0.000851
0.03479 0.001041
0.034342 0.000704
0.032439 0.000854
0.034296 0.001093
0.034283 0.000788
0.035163 0.000777
0.034252 0.000924
0.034465 0.001026
0.034352 0.000852
0.034974 0.00046
0.034487 0.000798
0.034682 0.00089
0.034185 0.000597
0.034232 0.001186
0.033239 0.000829
0.034543 0.000797
0.034229 0.000724
0.03432 0.000919
0.034276 0.000838
0.032686 0.000583
0.034002 0.001117
0.034211 0.000857
0.035049 0.000929
0.034152 0.000676
0.034097 0.000596
0.034003 0.000661
0.035717 0.001047
0.035873 0.001059
0.034111 0.000912
0.034211 0.000786
0.034143 0.000886
0.034477 0.000931
0.034997 0.000991
0.036718 0.000653
0.040332 0.001473
0.034611 0.000712
0.034657 0.000887
0.034273 0.001128
0.034523 0.000713
0.034332 0.000585
0.034143 0.000578
0.034771 0.000849
0.034074 0.000884
0.032632 0.000938
0.034321 0.000784
0.034236 0.001219
0.034688 0.001004
0.034093 0.000837
0.03265 0.000803
0.03408 0.001032
0.033964 0.000744
0.034755 0.000664
0.034074 0.001068
0.034422 0.001004
0.034052 0.000756
0.033946 0.000821
0.034741 0.000933
0.034105 0.000665
0.034276 0.000761
0.034052 0.000787
0.034118 0.000922
0.034099 0.000737
0.03402 0.000685
0.034678 0.000926
0.034476 0.000936
0.034232 0.000707
0.034077 0.00097
0.034152 0.000678
0.034273 0.000651
0.034081 0.000894
0.034397 0.001035
0.034061 0.000659
0.032639 0.000853
0.034169 0.000698
0.034 0.000972
0.034126 0.000855
0.034028 0.000829
0.033438 0.000755
0.034143 0.000908
0.034109 0.000951
0.03421 0.001237
0.03413 0.000784
0.032595 0.000828
0.034215 0.000894
0.034046 0.000777
0.034773 0.000868
0.03548 0.000882
0.032621 0.000851
0.034102 0.000674
0.034175 0.00088
0.035211 0.000673
0.034185 0.001013
0.033062 0.000715
0.034166 0.000718
0.034061 0.001145
0.034835 0.000642
0.034016 0.000513
0.034501 0.000943
0.034143 0.000841
0.034028 0.000566
0.034357 0.000931
0.034365 0.000989
0.034215 0.000967
0.034059 0.000813
0.033893 0.00058
0.034289 0.000672
0.034048 0.000875
0.034113 0.000743
0.034154 0.000969
0.032646 0.000962
0.034297 0.00082
0.033992 0.000859
0.034443 0.001047
0.03408 0.00076
0.032076 0.001025
0.034098 0.00069
0.03406 0.000848
0.0349 0.000663
0.034094 0.000954
0.032223 0.000989
0.034136 0.000801
0.034296 0.000871
0.03492 0.000609
0.034059 0.000597
0.033933 0.000667
0.034099 0.00098
0.033985 0.000945
0.03468 0.000832
0.03408 0.000664
0.034348 0.000808
0.034076 0.000994
0.034028 0.000577
0.034216 0.000549
0.034033 0.001417
0.034212 0.000917
0.034106 0.000849
0.031762 0.000726
0.03409 0.001239
0.03411 0.001041
0.034744 0.000814
0.034055 0.000728
0.032727 0.000894
0.034243 0.000658
0.034005 0.00123
0.034801 0.000767
0.034114 0.000783
0.034524 0.000811
0.034095 0.000671
0.034074 0.000589
0.034325 0.000751
0.034383 0.001057
0.034372 0.001003
0.03419 0.000925
0.032491 0.000777
0.034524 0.000874
0.03412 0.000767
0.034389 0.001009
0.034039 0.000631
0.032358 0.000733
0.034 0.000766
0.033953 0.000653
0.034864 0.000867
0.034053 0.000728
0.031805 0.000893
0.034785 0.000807
0.035531 0.000819
0.034728 0.000879
0.034097 0.000722
0.033521 0.001096
0.034025 0.000757
0.033842 0.000734
0.034213 0.001061
0.034103 0.001105
0.034005 0.000663
0.034094 0.000879
0.032351 0.000561
0.0341 0.000913
0.033919 0.000567
0.03408 0.000735
0.034069 0.000922
0.031648 0.000702
0.034006 0.000942
0.034014 0.000879
0.03435 0.000988
0.033918 0.000867
0.032656 0.000686
0.034074 0.000644
0.03404 0.001004
0.035016 0.000974
0.034063 0.000747
0.032374 0.000724
0.034188 0.001081
0.033954 0.001009
0.03484 0.000992
0.033957 0.000847
0.034922 0.000782
0.034119 0.000667
0.034041 0.000876
0.034701 0.000775
0.034252 0.000654
0.034228 0.000775
0.034086 0.000532
0.034059 0.000825
0.034542 0.000869
0.034092 0.00078
0.034191 0.000599
0.034037 0.000784
0.033937 0.000938
0.034097 0.00063
0.033923 0.000647
0.034207 0.000878
0.034148 0.000855
0.033628 0.000636
0.034059 0.001065
0.033863 0.000859
0.034354 0.000928
0.034072 0.00085
0.032578 0.000693
0.034102 0.000755
0.034198 0.000876
0.034217 0.000934
0.034208 0.000789
0.032692 0.000656
0.034257 0.001054
0.034012 0.001179
0.034676 0.001121
0.034006 0.000974
0.033116 0.000883
0.034232 0.0009
0.034013 0.000758
0.034797 0.000848
0.034139 0.00067
0.033816 0.000731
0.034027 0.001046
0.034383 0.000679
0.034889 0.000591
0.034117 0.000996
0.033859 0.000675
0.034084 0.000991
0.034075 0.000563
0.034847 0.000694
0.034049 0.000676
0.033758 0.000813
0.038496 0.000736
0.033941 0.000504
0.034159 0.001028
0.033956 0.000867
0.034252 0.000874
0.03396 0.000551
0.033467 0.000853
0.034024 0.000595
0.03393 0.00074
0.034082 0.000892
0.034243 0.000701
0.032419 0.000993
0.034272 0.000764
0.033804 0.000666
0.034429 0.000647
0.034045 0.000717
0.032559 0.0008
0.034065 0.000684
0.034339 0.00097
0.034324 0.001012
0.03411 0.000626
0.032094 0.001058
0.034326 0.000702
0.033926 0.000802
0.034565 0.001018
0.034189 0.000818
0.032903 0.000738
0.034009 0.000786
0.034013 0.000838
0.035122 0.000799
0.034334 0.000662
0.033743 0.000985
0.03399 0.000937
0.033961 0.000816
0.034706 0.000773
0.033943 0.000794
0.034148 0.000835
0.033962 0.001044
0.033951 0.000672
0.034354 0.001154
0.034032 0.000747
0.034309 0.000845
0.034243 0.000713
0.032434 0.000695
0.034333 0.001106
0.033948 0.000815
0.034304 0.001302
0.034135 0.000569
0.032373 0.00093
0.034043 0.000665
0.034169 0.000599
0.034779 0.000722
0.034137 0.000993
0.032104 0.000654
0.034329 0.00067
0.034167 0.000683
0.034902 0.001104
0.034142 0.000961
0.034346 0.000891
0.034168 0.000972
0.034031 0.000596
0.034384 0.000787
0.034063 0.0007
0.034424 0.000696
0.034228 0.000814
0.0339 0.000913
0.03411 0.000953
0.034284 0.000647
0.034056 0.000901
0.034549 0.000745
0.034064 0.000651
0.033323 0.000752
0.034217 0.000744
0.0342 0.001
0.034795 0.000749
0.034393 0.000798
0.033094 0.00095
0.034063 0.00068
0.03474 0.000673
0.035059 0.001054
0.034096 0.000868
0.034147 0.000928
0.034035 0.000921
0.033596 0.0007
0.034101 0.000746
0.033926 0.000865
0.034099 0.001055
0.034141 0.000625
0.033623 0.001064
0.034025 0.000672
0.034004 0.000913
0.034203 0.001248
0.034097 0.000805
0.032342 0.000769
0.034174 0.000924
0.034013 0.000781
0.03467 0.000998
0.034011 0.000836
0.032277 0.001001
0.034005 0.000907
0.034082 0.001095
0.034733 0.001133
0.03413 0.000762
0.034266 0.000913
0.034211 0.00072
0.033936 0.000769
0.034179 0.000735
0.034133 0.000954
0.034214 0.001133
0.034123 0.000701
0.031811 0.000852
0.034163 0.000733
0.034168 0.000627
0.034171 0.000697
0.034385 0.001001
0.032394 0.000995
0.034419 0.000738
0.034082 0.000916
0.034913 0.00077
0.034063 0.000821
0.03277 0.00077
0.03421 0.000588
0.034098 0.000814
0.034867 0.000763
0.034089 0.000844
0.032909 0.001016
0.034105 0.000874
0.034094 0.000844
0.034771 0.00081
0.034023 0.000748
0.034153 0.001011
0.033975 0.000721
0.033989 0.000676
0.034303 0.000804
0.034493 0.000742
0.034681 0.000566
0.034178 0.00079
0.03431 0.000626
0.034548 0.000824
