0.009145 0.000138
0.009326 0.000136
0.009645 0.000126
0.009384 0.000204
0.009428 0.000186
0.00955 0.000127
0.009271 0.000138
0.009266 0.000162
0.009201 0.000116
0.009276 0.000104
0.009315 0.000161
0.009302 0.000209
0.009455 0.00017
0.009901 0.000172
0.009399 0.000163
0.009439 0.000163
0.009303 0.000139
0.009251 0.000101
0.009198 0.000225
0.009082 0.000144
0.009316 0.000228
0.009247 0.000168
0.009327 0.000133
0.009273 0.000152
0.009238 0.000118
0.009232 0.000165
0.009211 0.000165
0.009253 0.000148
0.009302 0.000198
0.008924 0.000126
0.009298 0.000193
0.00971 0.000162
0.009349 0.000122
0.00925 0.000166
0.009254 0.000111
0.009268 0.000138
0.009262 0.000106
0.009257 0.000144
0.009433 0.000188
0.008687 9.8e-05
0.009249 0.00016
0.009318 0.000112
0.009331 0.000106
0.013769 0.000153
0.009261 0.000152
0.009251 0.000171
0.010088 0.00014
0.00929 0.000141
0.009038 9.3e-05
0.009294 0.000139
0.009309 0.000202
0.00937 0.000129
0.009539 0.000257
0.011477 0.000114
0.009261 0.000107
0.010746 0.000121
0.009207 0.00011
0.009336 9.4e-05
0.007992 0.000142
0.009313 0.000175
0.009312 0.00019
0.009316 0.000156
0.009446 0.00013
0.00926 9.9e-05
0.00926 0.000153
0.009284 0.000109
0.009271 0.000147
0.009239 0.000136
0.008526 0.000171
0.009279 0.000116
0.009495 0.000132
0.009316 0.000118
0.009301 0.000115
0.009224 0.000152
0.00925 0.000157
0.009315 0.000114
0.00924 0.000214
0.009212 0.000187
0.008876 0.000117
0.009368 0.000217
0.009274 0.000191
0.009314 0.000196
0.009277 0.000128
0.00929 0.000122
0.009247 0.000143
0.009336 0.000162
0.009187 0.000188
0.009271 0.000147
0.009126 0.00019
0.009321 0.000127
0.009328 0.000233
0.009498 0.000114
0.009318 0.000137
0.009794 0.000116
0.009223 0.00014
0.009277 9.6e-05
0.009146 0.000123
0.009276 0.000213
0.009455 0.000149
0.009349 0.000146
0.009495 0.000174
0.009378 0.000129
0.009292 0.000127
0.009531 0.000125
0.009425 0.000154
0.009328 0.000187
0.009275 0.000138
0.009271 0.000131
0.009224 0.000107
0.009251 0.000133
0.009394 0.00014
0.009244 0.000144
0.009225 0.000128
0.009264 0.000166
0.009358 0.00013
0.009233 0.000142
0.010724 9.3e-05
0.009117 0.000196
0.009501 0.000133
0.012365 0.000198
0.010034 0.000193
0.009339 0.000142
0.009316 0.000135
0.009285 0.000153
0.00934 0.000184
0.009297 0.000146
0.009266 0.000165
0.009327 0.000135
0.009347 0.000122
0.009531 0.000117
0.009321 0.000177
0.00936 0.000105
0.00926 0.000174
0.009264 0.000148
0.009297 0.000192
0.009297 0.000164
0.009525 0.000122
0.00929 0.000159
0.009296 0.000173
0.009329 0.000126
0.009368 0.00017
0.009312 0.00018
0.009285 0.000101
0.0093 0.000174
0.009328 0.000212
0.009312 0.000179
0.008733 0.000129
0.009353 0.000194
0.00934 0.000126
0.009389 0.000157
0.009335 9.2e-05
0.009378 0.000151
0.009558 0.000226
0.009435 0.000127
0.009322 0.000151
0.008429 0.000192
0.00934 0.000112
0.009252 0.000167
0.009251 0.000119
0.009304 0.000151
0.009243 0.000135
0.009286 0.000147
0.00907 0.00016
0.007672 0.000143
0.007671 9e-05
0.009318 0.000142
0.00931 9.2e-05
0.009298 0.000165
0.009245 0.000123
0.009428 0.000173
0.009223 0.000155
0.009086 0.000112
0.009261 0.000128
0.009231 0.000138
0.009374 0.000107
0.009285 0.000119
0.009295 0.00014
0.009447 0.000109
0.009264 0.000194
0.009245 0.00013
0.009232 0.000196
0.008804 0.000153
0.009281 0.000151
0.009275 9.5e-05
0.009319 0.000193
0.009284 0.000145
0.009249 0.000134
0.009239 0.000176
0.009259 0.000131
0.009244 0.000119
0.009238 0.000163
0.00881 0.000168
0.009265 0.000161
0.00945 0.000151
0.009334 0.000141
0.009295 0.000147
0.009222 0.000197
0.009275 0.000168
0.009242 0.000114
0.009271 0.000224
0.009498 0.000153
0.009448 0.000103
0.009382 0.000162
0.009367 0.000114
0.009357 0.000156
0.0093 0.000196
0.00925 0.000133
0.009313 0.00017
0.009484 0.000148
0.009276 0.000201
0.009269 0.000127
0.008602 0.000186
0.009277 0.000126
0.009293 0.000122
0.009285 0.000174
0.009278 0.000102
0.009203 0.000202
0.009645 0.000131
0.009563 0.000128
0.009646 0.000202
0.009707 0.000126
0.009856 0.000192
0.009353 0.000111
0.009377 0.000115
0.009235 0.00019
0.009257 0.000127
0.009225 0.000142
0.009229 0.000155
0.00924 0.000173
0.009258 0.000223
0.009209 9.8e-05
0.009282 0.00013
0.009284 0.00017
0.009387 0.000232
0.00927 0.000195
0.009837 0.000148
0.009319 0.000163
0.009278 9.3e-05
0.009262 0.000157
0.009304 0.00016
0.008735 0.000132
0.009243 0.000163
0.009209 0.000121
0.009358 0.000172
0.009271 9.6e-05
0.009241 0.000157
0.009212 0.000152
0.009231 0.000129
0.009246 0.00018
0.009246 0.000133
0.008992 0.000183
0.009277 0.000168
0.00938 0.00016
0.009324 0.000186
0.009278 0.000176
0.009255 0.000133
0.009315 0.000132
0.00951 0.000153
0.009294 0.000125
0.009519 0.000164
0.007857 0.000124
0.009298 0.000177
0.009352 0.000178
0.009273 0.000149
0.009265 0.000196
0.00926 0.000133
0.009216 0.000122
0.009233 0.000105
0.009204 0.000178
0.009287 0.000143
0.007882 0.000101
0.009338 0.000182
0.009239 0.000156
0.009289 0.000121
0.009687 0.000151
0.009304 0.000144
0.009203 0.000128
0.009238 0.000162
0.009262 0.000113
0.009219 0.000114
0.007963 0.000116
0.009267 0.000142
0.009255 0.00012
0.009323 0.000171
0.009265 0.000157
0.009463 0.000121
0.009231 0.000121
0.009284 0.000138
0.009324 0.000132
0.009239 0.000129
0.00877 0.000174
0.009261 0.000159
0.009239 0.000165
0.009282 0.000103
0.009207 0.000145
0.009214 0.000131
0.009327 0.000161
0.009237 0.000218
0.009226 0.00014
0.009284 0.000188
0.008442 0.000194
0.009281 0.000124
0.009386 0.000185
0.00931 0.000158
0.009311 0.000149
0.009313 0.0002
0.009266 0.00018
0.009278 0.000205
0.009256 0.00015
0.009322 0.000186
0.009036 0.000136
0.009295 0.000167
0.009253 0.000137
0.009304 0.00018
0.009302 0.00013
0.009249 0.000143
0.009209 0.000169
0.009232 0.000138
0.009405 0.000162
0.009262 0.000123
0.009274 0.000143
0.009235 0.000184
0.009394 0.000124
0.009244 0.000135
0.009231 0.000154
0.009248 0.000145
0.009195 0.000119
0.009213 0.00018
0.009216 0.000148
0.009201 0.000106
0.009152 0.000167
0.009249 0.000132
0.009359 0.00019
0.009241 0.000157
0.009226 0.000186
0.009296 0.000139
0.009303 0.000151
0.009304 0.00015
0.009275 0.000174
0.009229 0.000119
0.009241 0.000116
0.009256 0.000179
0.009309 0.000154
0.009242 0.000123
0.00925 0.000163
0.009221 0.00013
0.009218 0.000149
0.009238 0.00013
0.009217 0.00012
0.009211 0.000127
0.009205 0.000142
0.009245 0.000166
0.009423 0.000136
0.00929 0.000164
0.009244 0.000135
0.00922 0.00014
0.009205 0.000146
0.009247 0.000121
0.009199 0.000133
0.009202 0.000134
0.009248 0.000153
0.009238 0.000119
0.009317 0.000183
0.009221 0.000156
0.009236 0.000152
0.009251 0.000116
0.009185 0.000112
0.00921 0.000179
0.009235 0.000144
0.009218 0.000157
0.009256 0.000172
0.009275 0.000153
0.009317 0.000141
0.009271 0.000137
0.00921 0.000144
0.009212 0.000185
0.009229 0.000157
0.009198 0.000175
0.009227 0.000129
0.009246 0.00018
0.009212 0.000165
0.009222 0.00014
0.009308 0.000164
0.009225 0.000126
0.009242 0.000198
0.00927 0.000148
0.009226 0.000118
0.009224 0.000171
0.00922 0.000125
0.009228 0.000169
0.009207 0.000142
0.009237 0.000127
0.009336 0.000211
0.009247 0.000166
0.009568 0.000164
0.010746 0.000137
0.009207 0.000136
0.009301 0.00019
0.009249 0.000143
0.0083 0.000132
0.009228 0.000162
0.009308 0.00016
0.009261 0.000145
0.009271 0.000105
0.00918 0.000156
0.009216 0.000133
0.009257 0.000154
0.0092 0.000138
0.009203 0.00016
0.008678 0.000131
0.009247 9.1e-05
0.009305 0.000156
0.009296 0.000136
0.009196 0.000113
0.009286 0.00013
0.009216 0.000182
0.009184 0.000127
0.009227 0.000138
0.00927 0.000166
0.00809 0.000141
0.009213 0.000133
0.009273 0.000165
0.009289 0.00015
0.009186 0.000171
0.00925 0.000111
0.009196 0.00013
0.009214 0.000123
0.009243 0.000219
0.009212 0.000177
0.007723 0.00012
0.009234 0.000152
0.00922 0.000164
0.009261 0.000116
0.009229 0.000184
0.009267 0.000163
0.009227 0.000133
0.009216 0.000113
0.009217 0.000123
0.009216 0.000152
0.00777 9.9e-05
0.009216 0.000121
0.009243 0.000112
0.009262 0.000139
0.009215 0.000104
0.009211 0.000149
0.009189 0.000116
0.009214 0.000105
0.009207 0.000138
0.009212 0.000189
0.008462 0.00014
0.009279 0.000136
0.00933 0.000126
0.009271 0.000138
0.0093 0.00016
0.009268 0.000162
0.009259 0.000154
0.009313 0.000189
0.009271 0.000106
0.009442 0.000172
0.008472 0.000181
0.009231 0.000173
0.009285 0.000147
0.009287 0.000125
0.009244 0.000147
0.009201 0.000142
0.009219 0.000151
0.009208 0.000102
0.009194 0.000144
0.009286 0.000139
0.008421 0.000178
0.009223 0.000152
0.009376 0.00012
0.009263 0.000119
0.009235 0.000167
0.009207 0.000187
0.009237 0.000171
0.009214 0.000171
0.009217 0.000144
0.009183 0.000213
0.008809 0.000126
0.009232 0.000123
0.009321 0.000184
0.009263 0.000126
0.009211 0.000129
0.009246 0.000164
0.009251 0.000141
0.009196 0.000175
0.009242 0.000164
0.00922 0.000151
0.009221 0.00017
0.009205 0.000121
0.009311 0.000202
0.00922 0.000132
0.009205 0.00012
0.00922 0.00012
0.009214 0.000161
0.009187 0.00011
0.009236 0.000146
0.009193 0.000169
0.00922 0.000117
0.009342 0.000163
0.009425 0.000143
0.009234 0.000116
0.009223 0.000132
0.009212 0.000175
0.009198 0.000132
0.009183 0.000132
0.009201 0.000108
0.009189 0.000124
0.009222 0.00012
0.009223 0.000191
0.009377 0.000123
0.009219 0.000201
0.009276 0.000138
0.00919 0.000154
0.009209 0.000163
0.009218 0.000142
0.009389 0.000158
0.0092 0.000117
0.009348 0.000134
0.009334 0.000137
0.00933 9.5e-05
0.009223 0.000135
0.009234 0.000148
0.009218 0.000145
0.009188 0.000165
0.009242 0.000128
0.009256 0.000153
0.009229 0.000149
0.00927 0.000143
0.009217 0.000154
0.00935 0.000158
0.009242 0.000137
0.00924 0.00012
0.00924 0.000115
0.009285 0.00017
0.009318 0.000103
0.009271 0.000135
0.00924 0.000171
0.009287 0.000148
0.009243 0.000148
0.009386 0.000155
0.009301 0.000142
0.009275 0.000116
0.009238 0.0002
0.009241 0.000182
0.009259 0.000209
0.009324 0.000148
0.009289 0.000151
0.009298 0.00013
0.009253 0.000199
0.00974 0.00015
0.00927 0.00011
0.010055 0.000128
0.009211 0.000196
0.009226 0.0001
0.009421 0.000156
0.009229 0.000154
0.009206 0.000179
0.009229 0.000158
0.00923 0.000117
0.009465 0.000175
0.009228 0.00017
0.009206 0.000204
0.009673 0.000162
0.009282 0.000165
0.009198 0.0001
0.009278 0.00015
0.009744 0.000209
0.009345 0.000216
0.009337 9.3e-05
0.009324 0.000135
0.009287 0.000149
0.009261 0.000152
0.009269 0.000105
0.009305 0.000118
0.009326 0.000167
0.00927 0.000155
0.008021 0.000109
0.009385 0.000159
0.009303 0.000157
0.009383 0.00018
0.00929 0.000149
0.009474 0.000167
0.009306 0.000174
0.009282 0.000123
0.009224 0.000182
0.009225 0.000135
0.008201 0.000198
0.009312 0.000116
0.009293 0.000227
0.009271 0.000119
0.009216 0.000155
0.009256 0.00018
0.009209 0.000114
0.009228 9.8e-05
0.009201 0.00018
0.009301 0.000141
0.008345 0.000118
0.009351 0.000127
0.009371 0.000159
0.009428 0.000168
0.009258 0.000153
0.009206 0.000147
0.009192 0.000123
0.009232 0.00013
0.009199 0.000141
0.009212 0.000143
0.008811 0.000121
0.009265 0.000117
0.009267 0.000191
0.009379 0.000166
0.009265 0.000106
0.009222 0.000116
0.009209 0.000116
0.009229 0.000106
0.009228 0.000124
0.00931 0.000174
0.010471 0.000258
0.009402 0.000129
0.009502 0.000116
0.009338 0.000134
0.012595 0.000227
0.012677 0.000171
0.010224 0.00021
0.00944 0.000106
0.00963 0.000247
0.01123 0.000147
0.009374 0.000152
0.009781 0.00013
0.009454 0.000164
0.009283 0.000111
0.009279 0.000126
0.009393 0.000106
0.009334 0.000137
0.009361 0.00017
0.009266 0.000141
0.009418 0.000106
0.009285 0.000119
0.009417 0.000147
0.009365 0.000109
0.009286 0.000148
0.009328 0.000135
0.009325 0.000146
0.009286 0.000213
0.009288 0.00014
0.009317 0.000143
0.009331 0.000157
0.009342 0.00014
0.009305 0.000166
0.009279 0.000113
0.009319 0.000166
0.009233 0.000144
0.009231 0.000174
0.009508 0.000166
0.0094 0.000126
0.009838 0.000119
0.010494 0.000143
0.009352 0.000131
0.009306 0.000121
0.009265 0.000183
0.00927 0.000148
0.009303 9.2e-05
0.009293 0.000129
0.009282 0.000101
0.009314 0.000206
0.009058 0.000174
0.009306 0.000196
0.009313 0.000135
0.009333 9.4e-05
0.009281 0.000161
0.009229 0.000138
0.009164 0.000113
0.009239 0.000144
0.009219 0.000128
0.009231 0.000119
0.009227 0.000129
0.009281 0.000181
0.00934 0.000137
0.009262 0.00022
0.009259 0.000166
0.009451 0.000198
0.009241 0.000133
0.009332 0.000105
0.00933 0.000122
0.009337 0.000141
0.011266 0.00015
0.011163 0.000137
0.010924 0.000151
0.009333 0.000174
0.009255 0.000125
0.009272 0.000108
0.009284 0.000186
0.009275 0.000139
0.009221 0.000143
0.00904 0.000119
0.009274 0.00014
0.009486 0.000162
0.009303 0.000142
0.009295 0.000172
0.009237 0.000122
0.009226 0.000167
0.009296 0.000151
0.009267 0.000164
0.009236 0.000189
0.008357 0.00015
0.009282 0.000144
0.009286 0.00014
0.009352 0.000171
0.009294 0.000105
0.009258 0.000147
0.010082 0.000241
0.00923 0.000117
0.010459 0.000167
0.009275 0.000111
0.008094 0.00015
0.009241 0.000113
0.009261 0.000176
0.009278 0.000157
0.009255 0.000164
0.009202 0.000165
0.00922 0.000135
0.009197 0.000161
0.0092 0.000131
0.009209 0.000169
0.008114 0.000156
0.009248 0.000144
0.009311 0.000118
0.009266 0.000131
0.009242 0.000111
0.009421 0.000168
0.009277 0.000124
0.00921 0.000211
0.009221 0.000146
0.009206 0.000164
0.008189 0.000195
0.009282 0.000144
0.009239 0.000224
0.009461 0.000129
0.012842 0.000245
0.011201 0.000153
0.010725 0.000162
0.011886 0.000143
0.010947 0.000121
0.010299 0.000122
0.010669 0.000198
0.009552 0.000152
0.009291 0.000175
0.009271 0.000144
0.009247 0.000164
0.009232 0.000168
0.009298 0.000152
0.009342 0.000168
0.008907 0.000133
0.009271 0.000138
0.009318 0.000125
0.009273 0.000151
0.009221 0.000119
0.012948 0.000172
0.01042 0.00014
0.009999 0.000162
0.010179 0.000121
0.00931 0.000148
0.009813 0.000179
0.009266 0.000115
0.009403 0.000142
0.009243 0.00015
0.00928 0.000157
0.009206 0.000109
0.009359 0.000163
0.009222 0.000154
0.009224 0.000186
0.009208 0.000142
0.009252 0.000155
0.00922 0.000117
0.00933 0.000112
0.009268 0.000145
0.009221 0.00013
0.009412 0.00012
0.009341 9.5e-05
0.009249 0.000172
0.00929 0.000134
0.009475 0.000129
0.009296 0.000127
0.009323 0.000104
0.009408 0.00016
0.009267 0.000119
0.009301 0.000146
0.009494 0.000145
0.00951 0.000157
0.009417 0.000178
0.009587 0.000131
0.009325 0.000138
0.009573 0.00015
0.00923 0.000147
0.009396 0.000145
0.009264 0.00013
0.009204 0.000134
0.009295 0.000194
0.009308 0.000139
0.009391 0.000152
0.009263 0.000161
0.007809 0.000159
0.009259 0.00014
0.00923 0.000109
0.009286 0.000181
0.009209 0.000177
0.009236 0.000127
0.009223 0.000187
0.009218 0.000175
0.009191 0.000155
0.009263 0.000134
0.007835 0.00011
0.009284 0.000124
0.009276 0.000149
0.009267 0.000139
0.009211 0.00011
0.009287 0.000177
0.009545 0.000115
0.009195 0.000145
0.009192 0.000127
0.009284 0.000145
0.008222 0.00011
0.00927 0.000127
0.009245 0.000143
0.009279 0.000119
0.009237 0.000177
0.009208 0.000152
0.00924 0.000147
0.009251 0.000167
0.0092 0.000187
0.009222 0.000128
0.008438 0.000113
0.012552 0.000294
0.009343 0.00014
0.009243 0.000126
0.009223 0.000142
0.00923 0.000155
0.009185 0.000155
0.009214 0.000226
0.009218 0.00012
0.009258 0.000177
0.009259 0.000107
0.009317 0.000132
0.009451 0.000169
0.009288 0.000161
0.009234 0.000195
0.009233 0.000124
0.009178 0.00011
0.009219 0.000107
0.009199 0.000144
0.009216 0.000172
0.009256 0.000147
0.009266 0.000169
0.009379 0.000115
0.009226 0.000142
0.009238 0.000132
0.009173 0.00012
0.009216 0.00011
0.009231 0.000166
0.009585 0.000139
0.009237 0.000112
0.009358 0.000145
0.00996 0.000179
0.010763 0.000162
0.010764 0.000124
0.010782 0.00014
0.010719 0.000118
0.010798 0.000153
0.010717 0.000122
0.010187 0.000138
0.009322 0.000119
0.009397 0.000189
0.009556 0.000197
0.00948 0.000154
0.009286 0.000127
0.009307 0.000108
0.00956 0.000132
0.009214 0.000163
0.009239 0.000133
0.008572 0.000154
0.009243 0.000134
0.009223 0.000117
0.009293 0.000134
0.009237 0.000185
0.009205 0.000145
0.009194 0.00012
0.009277 0.00016
0.009195 0.00011
0.009212 0.000144
0.007972 0.000129
0.009239 0.000174
0.009242 0.000138
0.009372 0.000126
0.009223 0.000182
0.009218 0.000153
0.009216 0.000194
0.0092 0.000213
0.009197 0.00018
0.009219 0.000115
0.008 0.000138
0.00928 0.000191
0.009257 0.000114
0.0093 0.00013
0.009232 0.000121
0.009224 0.000143
0.009202 0.000112
0.009202 0.00016
0.009725 0.0003
0.009303 0.000152
0.008554 0.000175
0.009282 0.000133
0.009254 0.00017
0.009288 0.000167
0.009275 0.000156
0.009269 0.000138
0.009217 0.000173
0.009214 0.000161
0.009212 0.000119
0.009277 0.000106
0.008422 0.000132
0.009263 0.000189
0.009251 0.000181
0.009261 0.000153
0.009248 0.000151
0.0092 0.000151
0.009282 0.000159
0.00927 0.000156
0.009201 9.8e-05
0.009226 0.000162
0.008568 0.000187
0.009279 0.000145
0.00924 0.000103
0.009274 0.000136
0.009238 0.000172
0.009232 0.000163
0.00923 0.000125
0.009241 0.000155
0.00918 0.000182
0.009245 0.000187
0.008728 0.00014
0.00922 0.000188
0.009502 0.000154
0.009345 0.00021
0.009261 0.000125
0.009224 0.000116
0.009184 0.00018
0.009221 0.000118
0.009207 0.000118
0.009228 0.00017
0.008501 0.00017
0.009301 0.000171
0.009251 0.000133
0.009305 0.000197
0.009256 0.000156
0.009243 0.000161
0.009263 0.000159
0.009252 0.000118
0.009247 0.000162
0.009333 0.000151
0.009277 0.000171
0.009266 0.00012
0.009258 0.000119
0.009261 0.000124
0.009195 0.000193
0.009225 0.000104
0.0092 0.000118
0.009191 0.000157
0.009176 0.000148
0.009207 0.000126
0.00894 0.000128
0.009215 0.00015
0.0094 0.000159
0.009277 0.000179
0.009235 0.000124
0.009276 0.000143
0.009441 0.000144
0.009235 0.00013
0.009249 0.000183
0.009227 0.000183
0.008581 0.000151
0.009386 0.000148
0.009329 0.000139
0.009334 9.3e-05
0.009236 0.000201
0.009255 0.000125
0.009197 0.000141
0.009194 0.000163
0.009236 0.000164
0.009192 0.000109
0.008514 0.000191
0.009245 0.00016
0.009271 0.000125
0.009272 0.000143
0.009299 0.000154
0.009241 0.00013
0.009184 0.000163
0.009226 0.000125
0.009213 0.000155
0.00921 0.000163
