0.010976 4e-06
0.009277 4e-06
0.009355 5e-06
0.009276 4e-06
0.009272 4e-06
0.009413 5e-06
0.010305 5e-06
0.008615 3e-06
0.00926 4e-06
0.009332 5e-06
0.009336 3e-06
0.009299 3e-06
0.009308 4e-06
0.009235 5e-06
0.009274 3e-06
0.009307 5e-06
0.009295 4e-06
0.009209 5e-06
0.009379 4e-06
0.009255 3e-06
0.009403 5e-06
0.009318 5e-06
0.009248 5e-06
0.009236 5e-06
0.009233 4e-06
0.009314 4e-06
0.009237 5e-06
0.009243 6e-06
0.009288 2e-06
0.009273 6e-06
0.009421 4e-06
0.009329 4e-06
0.009334 6e-06
0.009337 3e-06
0.009279 5e-06
0.00925 4e-06
0.0093 4e-06
0.009231 4e-06
0.009295 4e-06
0.009313 6e-06
0.009338 1.2e-05
0.009304 5e-06
0.00928 5e-06
0.009262 5e-06
0.009245 6e-06
0.009219 5e-06
0.009299 4e-06
0.009255 5e-06
0.009248 4e-06
0.009531 5e-06
0.009381 7e-06
0.009317 4e-06
0.009267 4e-06
0.009234 4e-06
0.009246 3e-06
0.009232 4e-06
0.0092 4e-06
0.009279 3e-06
0.008798 5e-06
0.009299 4e-06
0.009309 4e-06
0.009304 4e-06
0.009214 4e-06
0.009266 4e-06
0.009255 4e-06
0.009246 5e-06
0.009293 4e-06
0.009273 4e-06
0.007776 5e-06
0.009278 4e-06
0.01055 8e-06
0.009402 4e-06
0.009291 5e-06
0.009273 5e-06
0.009265 5e-06
0.00925 4e-06
0.009277 5e-06
0.009235 3e-06
0.007758 4e-06
0.009287 4e-06
0.009305 5e-06
0.009312 4e-06
0.009293 5e-06
0.009289 4e-06
0.009285 6e-06
0.009269 2e-06
0.009259 4e-06
0.009327 5e-06
0.008271 3e-06
0.009297 4e-06
0.009285 5e-06
0.009302 5e-06
0.00926 4e-06
0.009268 5e-06
0.009225 6e-06
0.009221 4e-06
0.009206 5e-06
0.009226 4e-06
0.008599 5e-06
0.009297 6e-06
0.009291 4e-06
0.009315 5e-06
0.00924 5e-06
0.00923 3e-06
0.009231 4e-06
0.009244 4e-06
0.009258 3e-06
0.009247 4e-06
0.008712 3e-06
0.009276 6e-06
0.009318 4e-06
0.00939 6e-06
0.009255 4e-06
0.00929 4e-06
0.009234 5e-06
0.009263 5e-06
0.009244 3e-06
0.009258 5e-06
0.009244 3e-06
0.009302 5e-06
0.009244 5e-06
0.009406 7e-06
0.009404 5e-06
0.009268 5e-06
0.009227 4e-06
0.009266 6e-06
0.009239 4e-06
0.009249 5e-06
0.009246 4e-06
0.007854 4e-06
0.007665 2e-06
0.007558 4e-06
0.00925 3e-06
0.009346 5e-06
0.009258 4e-06
0.009244 3e-06
0.009239 5e-06
0.009231 4e-06
0.008655 3e-06
0.009288 5e-06
0.009257 4e-06
0.009289 4e-06
0.009288 4e-06
0.009223 4e-06
0.009208 3e-06
0.00928 5e-06
0.009247 3e-06
0.009243 4e-06
0.008279 3e-06
0.009294 4e-06
0.00927 4e-06
0.009328 3e-06
0.009274 5e-06
0.009252 5e-06
0.009238 3e-06
0.009351 4e-06
0.011149 5e-06
0.011244 5e-06
0.010759 6e-06
0.011184 5e-06
0.011221 7e-06
0.011218 5e-06
0.01122 4e-06
0.011169 4e-06
0.011217 5e-06
0.011187 7e-06
0.010051 6e-06
0.011279 5e-06
0.011724 5e-06
0.011182 4e-06
0.011225 5e-06
0.011198 5e-06
0.011262 5e-06
0.011214 4e-06
0.008332 6e-06
0.011224 4e-06
0.011784 4e-06
0.011185 5e-06
0.01114 6e-06
0.011224 4e-06
0.011251 5e-06
0.011143 5e-06
0.008503 2e-06
0.01123 6e-06
0.011525 5e-06
0.011275 4e-06
0.011193 5e-06
0.011154 5e-06
0.011219 8e-06
0.009254 5e-06
0.009209 4e-06
0.008762 5e-06
0.009264 4e-06
0.009409 4e-06
0.009366 4e-06
0.009321 5e-06
0.00923 5e-06
0.009239 3e-06
0.009234 4e-06
0.00925 4e-06
0.009217 4e-06
0.008636 7e-06
0.009259 6e-06
0.00929 4e-06
0.00929 4e-06
0.009267 4e-06
0.009238 3e-06
0.009214 3e-06
0.009216 4e-06
0.009224 5e-06
0.009349 5e-06
0.008198 3e-06
0.009304 3e-06
0.009277 6e-06
0.009272 4e-06
0.009265 4e-06
0.009277 5e-06
0.009261 3e-06
0.009271 6e-06
0.009238 5e-06
0.009233 6e-06
0.007939 2e-06
0.009306 4e-06
0.009281 4e-06
0.009313 5e-06
0.009274 4e-06
0.009268 5e-06
0.00932 3e-06
0.009254 4e-06
0.009245 4e-06
0.009235 3e-06
0.008436 3e-06
0.009277 5e-06
0.00923 5e-06
0.009274 4e-06
0.009262 4e-06
0.009216 3e-06
0.009275 4e-06
0.009222 4e-06
0.009256 4e-06
0.009206 4e-06
0.008875 3e-06
0.009293 4e-06
0.009297 4e-06
0.009329 4e-06
0.009285 4e-06
0.009224 6e-06
0.009236 4e-06
0.009231 7e-06
0.009245 4e-06
0.009216 4e-06
0.008985 2e-06
0.009203 5e-06
0.009291 4e-06
0.009442 4e-06
0.009306 5e-06
0.009236 4e-06
0.009308 3e-06
0.009235 5e-06
0.009226 4e-06
0.00928 4e-06
0.009304 5e-06
0.009272 6e-06
0.009305 3e-06
0.00954 5e-06
0.009297 4e-06
0.009261 3e-06
0.009251 2e-06
0.009288 3e-06
0.009247 6e-06
0.009271 2e-06
0.009254 3e-06
0.009258 4e-06
0.00935 4e-06
0.009398 4e-06
0.009298 4e-06
0.00926 2e-06
0.009263 5e-06
0.009235 4e-06
0.0093 5e-06
0.009247 5e-06
0.009221 4e-06
0.009255 5e-06
0.009274 4e-06
0.009452 4e-06
0.009288 4e-06
0.009243 4e-06
0.009248 5e-06
0.009229 3e-06
0.009243 4e-06
0.009243 5e-06
0.009274 4e-06
0.00928 4e-06
0.009281 5e-06
0.009398 3e-06
0.009307 6e-06
0.009307 5e-06
0.009299 7e-06
0.009243 4e-06
0.009222 5e-06
0.009244 5e-06
0.009265 4e-06
0.008796 5e-06
0.009276 3e-06
0.009309 5e-06
0.00933 4e-06
0.009267 3e-06
0.009272 4e-06
0.009245 5e-06
0.009281 4e-06
0.009233 6e-06
0.009279 4e-06
0.008556 3e-06
0.009285 4e-06
0.009293 4e-06
0.009304 4e-06
0.009239 5e-06
0.009257 3e-06
0.009232 3e-06
0.009229 4e-06
0.009239 3e-06
0.009232 3e-06
0.008321 5e-06
0.009256 4e-06
0.009249 4e-06
0.009322 4e-06
0.009253 4e-06
0.009257 7e-06
0.009314 3e-06
0.009338 4e-06
0.009274 4e-06
0.009266 4e-06
0.007917 3e-06
0.009272 6e-06
0.009259 5e-06
0.009335 6e-06
0.00924 4e-06
0.009238 4e-06
0.009254 5e-06
0.009228 4e-06
0.009236 3e-06
0.00924 3e-06
0.008364 3e-06
0.009296 5e-06
0.009243 5e-06
0.009408 4e-06
0.009361 3e-06
0.009267 4e-06
0.009265 2e-06
0.009241 6e-06
0.009215 3e-06
0.009277 5e-06
0.008868 4e-06
0.00928 6e-06
0.009259 4e-06
0.009336 4e-06
0.009256 5e-06
0.009246 5e-06
0.009233 4e-06
0.009217 5e-06
0.009266 3e-06
0.009262 3e-06
0.009052 4e-06
0.009307 5e-06
0.009275 4e-06
0.009648 6e-06
0.009332 4e-06
0.00936 4e-06
0.009272 4e-06
0.009247 5e-06
0.009292 5e-06
0.00926 4e-06
0.009054 3e-06
0.009346 5e-06
0.009265 4e-06
0.009392 4e-06
0.009257 4e-06
0.009278 2e-06
0.009344 3e-06
0.009259 4e-06
0.00927 4e-06
0.0093 4e-06
0.009226 5e-06
0.009298 3e-06
0.009215 5e-06
0.009547 5e-06
0.009316 6e-06
0.00926 3e-06
0.009251 3e-06
0.009259 5e-06
0.009256 5e-06
0.009246 4e-06
0.00922 4e-06
0.00925 4e-06
0.009243 3e-06
0.009417 7e-06
0.009279 3e-06
0.009253 5e-06
0.009299 4e-06
0.0094 3e-06
0.009494 4e-06
0.009595 3e-06
0.009239 5e-06
0.009256 4e-06
0.00943 5e-06
0.009454 6e-06
0.010219 7e-06
0.009347 6e-06
0.010559 7e-06
0.015178 4e-06
0.009342 5e-06
0.009341 4e-06
0.009355 4e-06
0.013389 4e-06
0.009876 5e-06
0.009321 5e-06
0.009266 4e-06
0.009254 3e-06
0.009438 4e-06
0.009643 6e-06
0.009345 5e-06
0.009173 4e-06
0.009508 4e-06
0.009392 3e-06
0.009361 5e-06
0.009315 7e-06
0.009324 4e-06
0.012222 3e-06
0.009591 4e-06
0.009293 4e-06
0.009306 5e-06
0.007824 2e-06
0.009361 4e-06
0.009328 1e-05
0.010087 4e-06
0.009326 4e-06
0.009312 6e-06
0.009282 4e-06
0.009304 3e-06
0.01002 5e-06
0.009364 3e-06
0.007979 4e-06
0.009349 4e-06
0.009297 3e-06
0.009372 4e-06
0.009931 5e-06
0.009315 5e-06
0.009315 3e-06
0.009223 3e-06
0.009364 2e-06
0.009266 3e-06
0.008259 5e-06
0.009624 3e-06
0.009477 6e-06
0.00963 5e-06
0.009894 4e-06
0.009317 4e-06
0.009294 3e-06
0.009412 5e-06
0.009311 6e-06
0.009741 5e-06
0.008656 3e-06
0.010092 4e-06
0.009472 6e-06
0.009562 4e-06
0.009599 5e-06
0.009278 2e-06
0.009642 6e-06
0.009301 4e-06
0.009813 4e-06
0.009269 4e-06
0.010603 5e-06
0.009392 6e-06
0.009912 5e-06
0.009732 6e-06
0.009282 4e-06
0.009276 5e-06
0.009391 4e-06
0.009262 5e-06
0.009287 3e-06
0.009319 5e-06
0.010855 5e-06
0.010113 4e-06
0.009399 4e-06
0.00932 6e-06
0.009279 4e-06
0.009217 4e-06
0.009305 5e-06
0.009483 3e-06
0.009283 5e-06
0.009232 4e-06
0.009339 4e-06
0.009264 6e-06
0.009394 4e-06
0.009304 4e-06
0.009402 7e-06
0.009299 6e-06
0.00931 4e-06
0.009348 6e-06
0.009361 4e-06
0.009287 5e-06
0.013339 9e-06
0.009398 5e-06
0.009651 5e-06
0.00933 5e-06
0.009319 5e-06
0.009278 5e-06
0.009252 5e-06
0.009244 4e-06
0.01069 5e-06
0.008836 4e-06
0.009312 6e-06
0.009351 7e-06
0.009385 5e-06
0.009292 4e-06
0.009302 3e-06
0.009313 5e-06
0.00929 4e-06
0.009245 4e-06
0.00929 4e-06
0.009391 5e-06
0.009356 3e-06
0.009339 6e-06
0.00936 5e-06
0.009344 6e-06
0.009306 5e-06
0.009506 5e-06
0.009373 4e-06
0.010705 5e-06
0.009296 4e-06
0.008095 4e-06
0.009308 4e-06
0.00936 4e-06
0.009316 6e-06
0.009328 4e-06
0.00929 4e-06
0.009264 5e-06
0.009307 5e-06
0.009227 5e-06
0.012319 5e-06
0.008553 3e-06
0.009297 4e-06
0.009389 5e-06
0.012778 7e-06
0.012271 5e-06
0.013614 5e-06
0.013364 8e-06
0.013368 5e-06
0.00877 4e-06
0.009341 5e-06
0.009408 3e-06
0.009381 4e-06
0.009353 5e-06
0.009394 6e-06
0.00928 5e-06
0.009349 3e-06
0.009325 4e-06
0.009307 4e-06
0.0118 4e-06
0.009335 3e-06
0.010109 6e-06
0.009365 5e-06
0.009753 7e-06
0.009381 4e-06
0.013369 6e-06
0.009331 4e-06
0.00925 4e-06
0.00858 5e-06
0.009302 6e-06
0.009312 5e-06
0.009339 4e-06
0.009301 6e-06
0.009226 4e-06
0.009382 5e-06
0.009303 4e-06
0.009307 5e-06
0.009679 6e-06
0.007891 3e-06
0.009359 5e-06
0.009329 3e-06
0.009301 4e-06
0.009301 4e-06
0.009265 6e-06
0.009257 5e-06
0.009337 4e-06
0.009267 4e-06
0.00934 6e-06
0.009068 1e-05
0.01126 4e-06
0.011818 5e-06
0.009291 4e-06
0.009307 3e-06
0.009373 6e-06
0.009234 3e-06
0.009295 5e-06
0.009243 5e-06
0.009241 5e-06
0.00925 4e-06
0.009287 3e-06
0.00937 5e-06
0.009274 4e-06
0.009244 4e-06
0.009207 3e-06
0.00928 4e-06
0.009198 3e-06
0.009293 5e-06
0.009314 5e-06
0.00924 7e-06
0.010747 5e-06
0.011631 4e-06
0.009222 4e-06
0.009636 3e-06
0.009253 4e-06
0.009271 4e-06
0.009321 4e-06
0.009222 2e-06
0.008573 3e-06
0.013289 5e-06
0.013866 9e-06
0.009404 5e-06
0.009266 4e-06
0.009313 5e-06
0.00924 5e-06
0.0093 4e-06
0.009208 3e-06
0.009329 4e-06
0.009803 6e-06
0.009349 4e-06
0.010259 6e-06
0.009344 4e-06
0.009256 3e-06
0.009219 5e-06
0.009207 4e-06
0.009287 4e-06
0.009216 3e-06
0.009225 4e-06
0.012308 8e-06
0.009324 5e-06
0.009689 4e-06
0.009368 4e-06
0.00923 3e-06
0.009235 3e-06
0.009223 2e-06
0.009254 6e-06
0.009207 4e-06
0.009111 4e-06
0.010445 6e-06
0.012571 5e-06
0.00935 5e-06
0.00931 6e-06
0.009219 5e-06
0.009286 4e-06
0.009238 4e-06
0.00925 4e-06
0.009226 5e-06
0.008486 5e-06
0.009258 4e-06
0.009298 5e-06
0.009339 4e-06
0.009257 4e-06
0.009291 4e-06
0.009247 4e-06
0.009195 5e-06
0.009292 6e-06
0.009272 4e-06
0.00855 3e-06
0.009254 6e-06
0.009275 4e-06
0.009297 4e-06
0.009271 5e-06
0.009225 3e-06
0.009322 4e-06
0.009654 4e-06
0.009354 5e-06
0.009249 4e-06
0.009253 4e-06
0.009255 5e-06
0.009289 5e-06
0.00937 5e-06
0.009278 6e-06
0.009244 5e-06
0.009222 4e-06
0.009189 3e-06
0.009252 4e-06
0.009209 5e-06
0.00922 5e-06
0.009227 5e-06
0.009263 4e-06
0.009417 5e-06
0.009289 4e-06
0.009244 4e-06
0.009245 4e-06
0.009286 4e-06
0.009395 6e-06
0.009257 4e-06
0.009272 3e-06
0.009341 6e-06
0.009293 4e-06
0.009369 5e-06
0.009294 3e-06
0.009257 5e-06
0.009257 5e-06
0.009253 5e-06
0.009342 4e-06
0.009302 4e-06
0.009364 5e-06
0.008351 6e-06
0.009306 4e-06
0.009295 3e-06
0.009309 5e-06
0.009298 5e-06
0.009289 5e-06
0.009254 4e-06
0.009278 2e-06
0.009245 3e-06
0.00925 4e-06
0.008098 3e-06
0.009296 4e-06
0.009305 5e-06
0.009274 4e-06
0.009239 5e-06
0.009209 4e-06
0.009321 4e-06
0.00925 3e-06
0.009254 4e-06
0.00928 4e-06
0.008238 3e-06
0.009292 4e-06
0.009262 5e-06
0.009356 5e-06
0.009212 4e-06
0.009216 3e-06
0.009239 3e-06
0.009209 4e-06
0.009188 3e-06
0.00922 5e-06
0.008707 4e-06
0.009265 5e-06
0.009228 4e-06
0.009338 3e-06
0.009235 4e-06
0.009245 4e-06
0.009227 4e-06
0.009207 4e-06
0.009214 4e-06
0.009251 4e-06
0.0091 3e-06
0.009228 6e-06
0.009181 4e-06
0.009399 4e-06
0.009217 5e-06
0.009247 4e-06
0.009223 4e-06
0.009202 3e-06
0.009204 4e-06
0.009262 4e-06
0.009299 6e-06
0.009277 3e-06
0.009253 4e-06
0.00933 1.3e-05
0.009255 4e-06
0.010738 3e-06
0.009288 5e-06
0.009263 6e-06
0.009261 3e-06
0.00929 5e-06
0.009253 4e-06
0.009339 6e-06
0.009281 4e-06
0.009332 5e-06
0.009298 4e-06
0.009232 5e-06
0.009411 4e-06
0.009278 5e-06
0.009229 4e-06
0.009229 4e-06
0.009195 5e-06
0.009248 4e-06
0.009247 5e-06
0.009501 5e-06
0.009233 5e-06
0.009266 6e-06
0.009741 5e-06
0.013579 6e-06
0.013494 8e-06
0.013466 8e-06
0.013633 4e-06
0.013582 8e-06
0.012705 8e-06
0.010117 7e-06
0.00927 5e-06
0.00927 3e-06
0.009248 3e-06
0.0092 3e-06
0.009176 5e-06
0.00924 5e-06
0.009222 4e-06
0.009286 4e-06
0.009206 5e-06
0.009212 5e-06
0.00927 3e-06
0.009217 3e-06
0.009205 4e-06
0.009406 6e-06
0.008979 3e-06
0.009264 4e-06
0.009214 6e-06
0.009274 4e-06
0.009218 4e-06
0.009191 4e-06
0.009202 6e-06
0.009204 4e-06
0.00917 4e-06
0.009201 5e-06
0.009172 3e-06
0.009202 5e-06
0.009208 6e-06
0.009393 4e-06
0.009213 4e-06
0.00922 5e-06
0.009441 5e-06
0.00925 3e-06
0.009834 3e-06
0.009215 3e-06
0.009203 5e-06
0.009237 5e-06
0.009363 4e-06
0.009336 6e-06
0.009225 4e-06
0.009224 3e-06
0.009231 3e-06
0.009236 3e-06
0.009206 3e-06
0.009177 3e-06
0.009206 3e-06
0.00876 5e-06
0.009236 4e-06
0.00933 6e-06
0.009283 6e-06
0.009241 3e-06
0.009207 4e-06
0.009215 4e-06
0.009209 5e-06
0.009274 3e-06
0.009183 4e-06
0.008128 5e-06
0.00923 6e-06
0.009262 3e-06
0.009272 6e-06
0.009267 5e-06
0.009194 5e-06
0.009205 5e-06
0.009243 4e-06
0.009234 4e-06
0.009207 4e-06
0.008265 4e-06
0.009244 3e-06
0.00924 4e-06
0.009295 4e-06
0.009226 5e-06
0.009229 4e-06
0.009204 4e-06
0.009189 6e-06
0.00921 2e-06
0.009218 3e-06
0.009205 2e-06
0.009212 4e-06
0.009226 6e-06
0.009376 7e-06
0.009393 4e-06
0.009245 4e-06
0.009428 4e-06
0.009239 4e-06
0.009221 4e-06
0.009209 4e-06
0.00926 4e-06
0.009229 4e-06
0.009234 5e-06
0.009338 5e-06
0.009275 5e-06
0.00923 3e-06
0.009182 4e-06
0.009229 3e-06
0.009213 4e-06
0.009199 5e-06
0.009232 4e-06
0.008723 6e-06
0.009363 5e-06
0.009511 5e-06
0.009283 6e-06
0.009217 5e-06
0.009233 4e-06
0.009216 4e-06
0.009207 5e-06
0.009168 4e-06
0.009204 4e-06
0.008123 4e-06
0.009225 4e-06
0.009256 3e-06
0.009331 3e-06
0.009221 4e-06
0.009212 4e-06
0.009214 4e-06
0.00918 4e-06
0.00919 4e-06
0.00944 3e-06
0.008323 3e-06
0.009265 4e-06
0.009239 4e-06
0.009314 5e-06
0.009271 4e-06
0.009236 5e-06
0.009188 4e-06
0.009235 3e-06
0.009185 4e-06
0.009206 5e-06
0.009192 3e-06
0.009222 6e-06
0.009229 5e-06
0.009335 6e-06
0.009225 5e-06
0.009258 4e-06
0.009383 5e-06
0.009267 4e-06
0.009207 3e-06
0.009229 2e-06
0.009209 4e-06
0.009087 4e-06
0.009229 5e-06
0.009285 4e-06
0.009249 5e-06
0.009238 5e-06
0.009176 5e-06
0.009197 4e-06
0.009223 4e-06
0.009218 4e-06
0.009191 4e-06
0.008154 4e-06
0.009237 5e-06
0.009442 4e-06
0.009327 5e-06
0.009239 4e-06
0.009255 4e-06
0.009206 3e-06
0.009197 4e-06
0.009195 5e-06
0.009195 5e-06
0.007846 3e-06
0.009238 4e-06
0.009208 4e-06
0.009239 3e-06
0.00927 3e-06
0.009212 3e-06
0.009214 4e-06
0.009569 6e-06
0.009303 4e-06
0.009233 4e-06
0.008862 5e-06
0.009242 5e-06
0.009219 5e-06
0.009302 3e-06
0.009281 5e-06
0.009232 4e-06
0.009195 5e-06
0.009199 4e-06
0.0092 5e-06
0.009219 5e-06
0.009208 4e-06
0.009239 5e-06
0.009225 4e-06
0.00938 4e-06
0.009234 3e-06
0.009232 5e-06
0.009447 3e-06
0.009308 6e-06
0.009252 5e-06
0.009246 4e-06
0.009232 4e-06
0.009206 5e-06
0.009238 4e-06
0.009288 5e-06
0.009253 6e-06
0.009221 4e-06
0.009408 4e-06
0.009194 4e-06
0.009207 5e-06
0.009199 4e-06
0.009236 5e-06
0.008504 4e-06
0.009263 5e-06
0.009463 5e-06
0.009355 5e-06
0.009231 4e-06
0.009244 3e-06
0.009208 3e-06
0.009213 4e-06
0.009211 3e-06
0.009198 3e-06
0.007795 3e-06
0.009237 4e-06
