0.001656 2e-06
0.001593 2e-06
0.001584 2e-06
0.001579 1e-06
0.001559 1e-06
0.001572 1e-06
0.001567 2e-06
0.001167 1e-06
0.001136 1e-06
0.001131 1e-06
0.001573 1e-06
0.00157 1e-06
0.001565 1e-06
0.001564 2e-06
0.001567 1e-06
0.00157 1e-06
0.001562 2e-06
0.001574 1e-06
0.00156 2e-06
0.00156 1e-06
0.001556 2e-06
0.001579 3e-06
0.001561 2e-06
0.001586 1e-06
0.001575 1e-06
0.001569 1e-06
0.001556 1e-06
0.001573 1e-06
0.001584 1e-06
0.001575 2e-06
0.001566 2e-06
0.001565 1e-06
0.001586 2e-06
0.001577 2e-06
0.001571 2e-06
0.001566 2e-06
0.001574 1e-06
0.001567 1e-06
0.001568 3e-06
0.001569 2e-06
0.001575 2e-06
0.001572 2e-06
0.001571 1e-06
0.001573 1e-06
0.001565 2e-06
0.001563 1e-06
0.001559 1e-06
0.001562 2e-06
0.001572 2e-06
0.001577 2e-06
0.001565 2e-06
0.001583 1e-06
0.001561 2e-06
0.001575 2e-06
0.001562 2e-06
0.001576 1e-06
0.001558 2e-06
0.00156 2e-06
0.001561 1e-06
0.001569 2e-06
0.001558 2e-06
0.001567 1e-06
0.001579 2e-06
0.001573 1e-06
0.001561 2e-06
0.001568 1e-06
0.001564 1e-06
0.001566 1e-06
0.001576 2e-06
0.001178 2e-06
0.001198 1e-06
0.001083 1e-06
0.001074 1e-06
0.001569 2e-06
0.001598 2e-06
0.001564 1e-06
0.001564 2e-06
0.001564 2e-06
0.001558 2e-06
0.001566 2e-06
0.001565 2e-06
0.00156 1e-06
0.001568 1e-06
0.001561 2e-06
0.001641 2e-06
0.001697 2e-06
0.00169 2e-06
0.001582 2e-06
0.001561 2e-06
0.001577 1e-06
0.001572 2e-06
0.001566 1e-06
0.001571 2e-06
0.001577 2e-06
0.001564 2e-06
0.001575 1e-06
0.001572 1e-06
0.001572 2e-06
0.001562 2e-06
0.001564 2e-06
0.00157 1e-06
0.001565 1e-06
0.001567 1e-06
0.001565 2e-06
0.001561 1e-06
0.001558 2e-06
0.001561 1e-06
0.001569 1e-06
0.001558 3e-06
0.00157 2e-06
0.001557 2e-06
0.001567 2e-06
0.001566 1e-06
0.001574 2e-06
0.001562 2e-06
0.001564 2e-06
0.001567 1e-06
0.001564 2e-06
0.001561 2e-06
0.001567 1e-06
0.001563 1e-06
0.001569 1e-06
0.001565 1e-06
0.001559 2e-06
0.001571 2e-06
0.001556 1e-06
0.00156 2e-06
0.001564 1e-06
0.001568 2e-06
0.001569 2e-06
0.001566 1e-06
0.001569 3e-06
0.001138 1e-06
0.001137 2e-06
0.00115 1e-06
0.001362 2e-06
0.001573 2e-06
0.001599 1e-06
0.001559 1e-06
0.001578 2e-06
0.00157 1e-06
0.001568 1e-06
0.001572 1e-06
0.001562 2e-06
0.00157 1e-06
0.001567 2e-06
0.001556 1e-06
0.001649 2e-06
0.001581 2e-06
0.001565 2e-06
0.001569 1e-06
0.001581 1e-06
0.001565 2e-06
0.001568 2e-06
0.001577 1e-06
0.001585 2e-06
0.001568 1e-06
0.001568 2e-06
0.00157 1e-06
0.001563 2e-06
0.001568 1e-06
0.001572 2e-06
0.001578 2e-06
0.001561 1e-06
0.001572 2e-06
0.001571 2e-06
0.001569 1e-06
0.001563 1e-06
0.001556 1e-06
0.001564 1e-06
0.001571 2e-06
0.001557 1e-06
0.001559 1e-06
0.001572 2e-06
0.001572 2e-06
0.001572 1e-06
0.001561 1e-06
0.001566 2e-06
0.001563 2e-06
0.001574 2e-06
0.001566 2e-06
0.001573 3e-06
0.001565 1e-06
0.001577 2e-06
0.001574 2e-06
0.001565 1e-06
0.001571 2e-06
0.001563 3e-06
0.00156 2e-06
0.001564 2e-06
0.001558 1e-06
0.001568 1e-06
0.001564 1e-06
0.001569 1e-06
0.001518 1e-06
0.001118 1e-06
0.001083 1e-06
0.001572 1e-06
0.001564 1e-06
0.001579 1e-06
0.001569 1e-06
0.001575 1e-06
0.001562 2e-06
0.001562 2e-06
0.001554 1e-06
0.001562 2e-06
0.00156 2e-06
0.001563 1e-06
0.001564 2e-06
0.001663 2e-06
0.001662 1e-06
0.001572 2e-06
0.001566 1e-06
0.001561 2e-06
0.001561 1e-06
0.001575 2e-06
0.00158 1e-06
0.001571 2e-06
0.001565 1e-06
0.001565 2e-06
0.00157 2e-06
0.001564 2e-06
0.001563 2e-06
0.001575 2e-06
0.001569 1e-06
0.001576 2e-06
0.001569 2e-06
0.001574 2e-06
0.001564 2e-06
0.001573 2e-06
0.001562 1e-06
0.001565 1e-06
0.001565 2e-06
0.00157 2e-06
0.001568 2e-06
0.001571 1e-06
0.001576 3e-06
0.001574 1e-06
0.001564 1e-06
0.001571 1e-06
0.001571 2e-06
0.001568 2e-06
0.001565 1e-06
0.001568 1e-06
0.001567 2e-06
0.001566 2e-06
0.001566 1e-06
0.001569 1e-06
0.001566 2e-06
0.001561 2e-06
0.001564 2e-06
0.001572 2e-06
0.001566 1e-06
0.001567 2e-06
0.001566 1e-06
0.001562 1e-06
0.001083 1e-06
0.001089 1e-06
0.001078 1e-06
0.001172 1e-06
0.00157 2e-06
0.001606 1e-06
0.001559 3e-06
0.001563 1e-06
0.00157 1e-06
0.001575 1e-06
0.001571 2e-06
0.001571 2e-06
0.00156 1e-06
0.001569 2e-06
0.001568 2e-06
0.001645 2e-06
0.001563 2e-06
0.001575 3e-06
0.001581 1e-06
0.001561 1e-06
0.001566 2e-06
0.001564 1e-06
0.001568 1e-06
0.001574 1e-06
0.001572 2e-06
0.001569 2e-06
0.00156 2e-06
0.00158 2e-06
0.001575 1e-06
0.001568 1e-06
0.001564 2e-06
0.001573 2e-06
0.001568 2e-06
0.001567 2e-06
0.001568 1e-06
0.001572 2e-06
0.001561 2e-06
0.001565 2e-06
0.001582 2e-06
0.001569 2e-06
0.001561 1e-06
0.001574 1e-06
0.001572 1e-06
0.001559 2e-06
0.00157 2e-06
0.001565 2e-06
0.001568 1e-06
0.001571 1e-06
0.001554 1e-06
0.001576 2e-06
0.001578 1e-06
0.001572 2e-06
0.001571 1e-06
0.001584 1e-06
0.001594 1e-06
0.001583 1e-06
0.001577 1e-06
0.001585 1e-06
0.001582 1e-06
0.001574 1e-06
0.001569 2e-06
0.001572 3e-06
0.001538 1e-06
0.001177 1e-06
0.001132 1e-06
0.001122 1e-06
0.001574 2e-06
0.001562 1e-06
0.001561 1e-06
0.001566 1e-06
0.001619 1e-06
0.001572 1e-06
0.00157 1e-06
0.00157 1e-06
0.001564 2e-06
0.001571 1e-06
0.001563 1e-06
0.001657 2e-06
0.001571 1e-06
0.001612 1e-06
0.001921 2e-06
0.001585 1e-06
0.001568 1e-06
0.001581 2e-06
0.001573 2e-06
0.001564 2e-06
0.001564 1e-06
0.001579 1e-06
0.001574 3e-06
0.001566 3e-06
0.001561 2e-06
0.001579 2e-06
0.001568 2e-06
0.001589 1e-06
0.001571 3e-06
0.00159 1e-06
0.001568 2e-06
0.001564 2e-06
0.001579 2e-06
0.001574 1e-06
0.001563 1e-06
0.001574 2e-06
0.001567 3e-06
0.001572 2e-06
0.001558 1e-06
0.001569 1e-06
0.001578 3e-06
0.001572 1e-06
0.001568 2e-06
0.001576 2e-06
0.001572 2e-06
0.001567 1e-06
0.001569 1e-06
0.00156 2e-06
0.001575 2e-06
0.001576 2e-06
0.001568 1e-06
0.001573 2e-06
0.001574 1e-06
0.00157 1e-06
0.001563 1e-06
0.00157 1e-06
0.001366 1e-06
0.001303 1e-06
0.001299 0
0.001306 1e-06
0.00122 1e-06
0.001158 2e-06
0.001126 3e-06
0.001316 2e-06
0.001299 2e-06
0.001313 1e-06
0.001302 1e-06
0.001304 1e-06
0.001298 1e-06
0.001304 1e-06
0.001299 1e-06
0.001297 2e-06
0.001294 2e-06
0.001306 2e-06
0.001298 1e-06
0.001299 1e-06
0.001297 1e-06
0.001301 2e-06
0.001292 2e-06
0.001297 2e-06
0.0013 1e-06
0.001303 1e-06
0.001288 2e-06
0.001299 2e-06
0.001309 2e-06
0.001296 1e-06
0.001294 2e-06
0.001297 1e-06
0.00129 2e-06
0.001305 2e-06
0.001299 2e-06
0.001301 3e-06
0.001306 2e-06
0.001303 1e-06
0.0013 2e-06
0.001318 2e-06
0.001305 0
0.001305 2e-06
0.001301 1e-06
0.0013 1e-06
0.001307 2e-06
0.001307 1e-06
0.0013 2e-06
0.001293 2e-06
0.001289 2e-06
0.001301 2e-06
0.0013 1e-06
0.00129 1e-06
0.001301 1e-06
0.001297 1e-06
0.00129 1e-06
0.001302 1e-06
0.001295 2e-06
0.001303 2e-06
0.001297 1e-06
0.001311 2e-06
0.001305 1e-06
0.001301 2e-06
0.001298 1e-06
0.0013 1e-06
0.001301 2e-06
0.001298 2e-06
0.001298 1e-06
0.001296 2e-06
0.001307 1e-06
0.001304 1e-06
0.001302 2e-06
0.001354 1e-06
0.001311 1e-06
0.001301 1e-06
0.001306 1e-06
0.001299 1e-06
0.001295 1e-06
0.001296 1e-06
0.001299 1e-06
0.001298 1e-06
0.001092 1e-06
0.001135 2e-06
0.001161 1e-06
0.001292 2e-06
0.001297 1e-06
0.001307 1e-06
0.001302 1e-06
0.001298 2e-06
0.001298 1e-06
0.001304 1e-06
0.001285 1e-06
0.001308 2e-06
0.001302 1e-06
0.001302 3e-06
0.001305 2e-06
0.001303 2e-06
0.001294 2e-06
0.001298 1e-06
0.001317 1e-06
0.001311 2e-06
0.001297 1e-06
0.001301 2e-06
0.001299 1e-06
0.00131 1e-06
0.001305 2e-06
0.001317 2e-06
0.001298 1e-06
0.001296 1e-06
0.001303 1e-06
0.001311 2e-06
0.001298 2e-06
0.001316 2e-06
0.001298 1e-06
0.001305 1e-06
0.001295 1e-06
0.001298 1e-06
0.001299 1e-06
0.001306 1e-06
0.001306 2e-06
0.0013 1e-06
0.001303 2e-06
0.001303 1e-06
0.001297 1e-06
0.001298 0
0.001302 2e-06
0.001299 2e-06
0.001291 1e-06
0.001296 1e-06
0.001298 1e-06
0.001295 2e-06
0.001298 1e-06
0.001298 1e-06
0.001302 1e-06
0.001294 1e-06
0.001298 1e-06
0.0013 1e-06
0.00129 1e-06
0.0013 1e-06
0.001296 1e-06
0.001304 1e-06
0.001312 2e-06
0.001304 1e-06
0.0013 2e-06
0.001307 2e-06
0.001301 2e-06
0.001307 1e-06
0.001299 1e-06
0.001299 1e-06
0.001304 1e-06
0.001303 1e-06
0.001297 1e-06
0.001292 2e-06
0.001294 2e-06
0.001298 1e-06
0.001292 1e-06
0.001292 1e-06
0.001232 1e-06
0.001087 1e-06
0.001125 1e-06
0.001302 1e-06
0.001296 2e-06
0.001301 2e-06
0.001298 3e-06
0.001301 2e-06
0.001303 1e-06
0.001307 2e-06
0.001293 1e-06
0.001305 1e-06
0.001296 1e-06
0.001298 1e-06
0.001305 1e-06
0.001293 1e-06
0.0013 2e-06
0.001299 1e-06
0.001305 2e-06
0.001311 2e-06
0.001301 2e-06
0.001301 2e-06
0.001298 1e-06
0.001307 2e-06
0.001304 1e-06
0.001301 2e-06
0.001302 2e-06
0.001301 1e-06
0.001304 1e-06
0.001295 2e-06
0.001301 1e-06
0.001308 1e-06
0.001295 1e-06
0.001304 2e-06
0.001296 2e-06
0.001305 2e-06
0.001291 2e-06
0.001312 2e-06
0.001327 2e-06
0.001944 2e-06
0.001307 1e-06
0.001297 1e-06
0.001334 1e-06
0.001307 2e-06
0.001304 1e-06
0.001311 2e-06
0.001297 1e-06
0.001309 1e-06
0.001308 2e-06
0.001332 2e-06
0.001299 2e-06
0.001918 2e-06
0.001305 2e-06
0.001301 1e-06
0.001307 1e-06
0.001298 1e-06
0.001298 1e-06
0.001312 2e-06
0.001305 1e-06
0.001301 2e-06
0.001299 1e-06
0.001299 1e-06
0.001298 1e-06
0.001298 2e-06
0.001303 1e-06
0.001304 1e-06
0.001348 1e-06
0.001312 1e-06
0.001307 2e-06
0.001295 1e-06
0.00131 2e-06
0.0013 1e-06
0.001305 2e-06
0.001299 1e-06
0.001315 2e-06
0.001183 1e-06
0.001186 1e-06
0.001084 1e-06
0.001302 1e-06
0.001295 2e-06
0.001294 2e-06
0.001305 1e-06
0.001304 1e-06
0.001314 2e-06
0.001302 2e-06
0.00134 2e-06
0.001296 1e-06
0.001312 1e-06
0.001309 1e-06
0.001305 2e-06
0.001294 1e-06
0.001307 1e-06
0.001324 2e-06
0.001313 2e-06
0.001319 3e-06
0.001346 2e-06
0.001293 1e-06
0.001306 1e-06
0.001292 2e-06
0.001302 2e-06
0.001307 1e-06
0.001307 1e-06
0.001312 2e-06
0.001322 2e-06
0.001305 2e-06
0.001303 1e-06
0.001297 1e-06
0.001305 1e-06
0.001296 1e-06
0.001303 2e-06
0.001298 1e-06
0.001318 2e-06
0.001292 2e-06
0.001305 1e-06
0.00129 2e-06
0.001306 1e-06
0.001295 1e-06
0.001299 1e-06
0.001291 2e-06
0.001294 2e-06
0.001302 1e-06
0.001307 1e-06
0.0013 1e-06
0.001304 2e-06
0.001288 2e-06
0.001302 2e-06
0.001314 1e-06
0.0013 1e-06
0.001296 1e-06
0.001302 1e-06
0.00131 1e-06
0.00131 0
0.001297 1e-06
0.001315 1e-06
0.001309 1e-06
0.001302 1e-06
0.001298 0
0.001304 1e-06
0.001309 2e-06
0.001312 1e-06
0.001306 1e-06
0.001335 2e-06
0.001306 2e-06
0.001304 1e-06
0.00129 1e-06
0.001301 1e-06
0.001297 1e-06
0.001294 2e-06
0.0013 2e-06
0.001314 1e-06
0.001178 1e-06
0.001156 1e-06
0.001119 2e-06
0.001089 1e-06
0.001306 1e-06
0.001314 2e-06
0.001302 1e-06
0.001309 1e-06
0.001329 2e-06
0.0013 3e-06
0.001297 2e-06
0.001297 1e-06
0.001299 1e-06
0.001299 1e-06
0.001303 1e-06
0.001313 1e-06
0.001295 2e-06
0.001305 1e-06
0.001299 1e-06
0.001334 1e-06
0.001308 1e-06
0.001307 1e-06
0.001295 1e-06
0.001306 2e-06
0.00131 1e-06
0.001304 1e-06
0.001319 1e-06
0.001321 1e-06
0.001304 2e-06
0.001319 1e-06
0.0013 1e-06
0.001308 2e-06
0.001295 1e-06
0.0013 1e-06
0.001301 3e-06
0.001311 1e-06
0.001297 1e-06
0.001303 1e-06
0.001294 1e-06
0.001298 1e-06
0.00129 2e-06
0.001297 1e-06
0.001293 2e-06
0.001306 2e-06
0.001298 1e-06
0.001305 1e-06
0.0013 1e-06
0.0013 1e-06
0.001303 1e-06
0.001306 1e-06
0.001295 1e-06
0.001302 1e-06
0.001305 1e-06
0.001297 2e-06
0.001297 1e-06
0.001304 1e-06
0.001305 2e-06
0.001307 2e-06
0.001299 1e-06
0.001301 1e-06
0.001305 2e-06
0.001309 2e-06
0.001305 2e-06
0.001304 1e-06
0.001302 1e-06
0.001309 1e-06
0.001301 2e-06
0.0013 2e-06
0.001301 1e-06
0.001301 1e-06
0.0013 1e-06
0.001299 1e-06
0.001293 1e-06
0.001301 1e-06
0.0013 1e-06
0.001299 2e-06
0.001202 2e-06
0.001151 1e-06
0.001089 1e-06
0.001085 1e-06
0.001298 1e-06
0.001395 2e-06
0.001301 1e-06
0.001679 2e-06
0.001813 2e-06
0.001805 1e-06
0.001635 2e-06
0.001824 2e-06
0.0018 2e-06
0.001806 2e-06
0.001808 2e-06
0.001943 4e-06
0.001822 1e-06
0.001787 2e-06
0.001804 2e-06
0.002735 4e-06
0.001807 2e-06
0.001797 1e-06
0.001813 2e-06
0.001794 3e-06
0.001816 2e-06
0.00181 2e-06
0.001802 1e-06
0.001797 1e-06
0.001806 2e-06
0.001557 3e-06
0.001823 2e-06
0.001549 2e-06
0.001791 2e-06
0.001814 2e-06
0.001803 3e-06
0.001817 2e-06
0.002626 1e-06
0.001813 1e-06
0.001777 2e-06
0.001306 2e-06
0.001291 2e-06
0.001311 2e-06
0.001296 2e-06
0.001309 1e-06
0.001297 1e-06
0.001305 2e-06
0.001304 2e-06
0.001304 2e-06
0.001302 2e-06
0.001299 1e-06
0.001299 2e-06
0.001304 1e-06
0.001595 1e-06
0.001689 3e-06
0.00164 1e-06
0.001957 2e-06
0.001316 1e-06
0.001307 1e-06
0.0017 1e-06
0.001332 1e-06
0.001256 3e-06
0.001393 1e-06
0.001083 1e-06
0.001279 1e-06
0.001738 2e-06
0.001322 1e-06
0.001305 2e-06
0.001353 1e-06
0.001986 3e-06
0.001294 1e-06
0.001321 2e-06
0.001524 2e-06
0.001429 1e-06
0.001305 1e-06
0.001314 1e-06
0.001311 2e-06
0.00131 2e-06
0.001317 1e-06
0.001299 2e-06
0.001318 4e-06
0.001306 2e-06
0.001302 1e-06
0.001295 3e-06
0.001305 1e-06
0.001313 3e-06
0.001307 2e-06
0.001315 1e-06
0.001318 2e-06
0.001297 1e-06
0.001309 2e-06
0.001294 1e-06
0.001295 1e-06
0.001299 2e-06
0.001307 2e-06
0.001297 1e-06
0.001315 1e-06
0.001305 1e-06
0.001297 2e-06
0.001303 2e-06
0.001308 1e-06
0.001303 1e-06
0.001311 1e-06
0.001364 1e-06
0.001296 1e-06
0.001309 1e-06
0.0013 2e-06
0.001297 1e-06
0.001325 1e-06
0.001308 1e-06
0.001314 2e-06
0.001299 1e-06
0.001344 1e-06
0.001294 2e-06
0.001312 1e-06
0.001301 2e-06
0.001449 1e-06
0.001293 1e-06
0.001298 1e-06
0.0013 2e-06
0.001301 2e-06
0.001302 2e-06
0.001303 1e-06
0.001297 1e-06
0.001308 1e-06
0.001306 1e-06
0.001306 2e-06
0.001299 1e-06
0.001456 2e-06
0.001306 1e-06
0.001309 1e-06
0.001314 2e-06
0.0013 2e-06
0.001321 1e-06
0.001299 2e-06
0.001362 1e-06
0.001209 2e-06
0.00109 1e-06
0.001041 1e-06
0.001308 1e-06
0.001334 1e-06
0.001294 1e-06
0.001305 2e-06
0.001298 1e-06
0.0013 2e-06
0.0013 1e-06
0.001303 2e-06
0.001301 2e-06
0.001305 2e-06
0.001301 1e-06
0.0013 1e-06
0.001305 1e-06
0.001329 1e-06
0.001321 2e-06
0.001308 1e-06
0.001353 2e-06
0.001313 2e-06
0.001323 1e-06
0.001306 1e-06
0.00131 1e-06
0.00131 2e-06
0.001293 1e-06
0.001299 2e-06
0.001302 2e-06
0.001594 3e-06
0.001914 3e-06
0.001522 2e-06
0.001488 1e-06
0.001598 3e-06
0.001305 3e-06
0.001311 2e-06
0.001294 1e-06
0.001308 2e-06
0.001297 1e-06
0.0013 1e-06
0.001327 1e-06
0.001304 2e-06
0.001305 1e-06
0.001308 1e-06
0.001299 2e-06
0.001306 1e-06
0.001298 2e-06
0.001303 1e-06
0.001303 1e-06
0.001302 1e-06
0.001303 2e-06
0.001298 1e-06
0.001316 2e-06
0.001324 1e-06
0.001302 1e-06
0.001307 2e-06
0.001426 1e-06
0.001301 2e-06
0.001304 2e-06
0.001301 1e-06
0.00129 2e-06
0.001307 1e-06
0.0013 2e-06
0.001314 1e-06
0.001302 2e-06
0.001296 1e-06
0.001302 1e-06
0.001313 1e-06
0.001307 2e-06
0.001304 2e-06
0.001301 1e-06
0.001303 2e-06
0.001315 1e-06
0.001303 1e-06
0.001256 1e-06
0.001182 1e-06
0.001147 1e-06
0.00113 1e-06
0.001298 1e-06
0.001298 1e-06
0.001295 1e-06
0.001297 1e-06
0.001297 1e-06
0.001305 1e-06
0.001299 1e-06
0.001307 2e-06
0.001293 1e-06
0.001309 2e-06
0.001334 2e-06
0.001308 2e-06
0.001302 1e-06
0.001303 1e-06
0.001332 1e-06
0.001302 2e-06
0.001304 2e-06
0.001307 1e-06
0.001303 0
0.001344 2e-06
0.001299 1e-06
0.001308 1e-06
0.001307 2e-06
0.001376 1e-06
0.001306 1e-06
0.001301 1e-06
0.001332 1e-06
0.001302 1e-06
