0.009387 8.5e-05
0.009264 6.6e-05
0.009228 6e-05
0.009219 8.7e-05
0.009247 8.9e-05
0.009723 6.9e-05
0.009749 8.3e-05
0.009444 5.7e-05
0.013435 7.5e-05
0.009372 9.9e-05
0.009322 5.8e-05
0.009255 9.1e-05
0.009228 6e-05
0.009397 8.2e-05
0.009332 8.3e-05
0.009341 8.4e-05
0.009411 6.7e-05
0.008684 7.6e-05
0.00958 8.2e-05
0.009331 5.9e-05
0.00931 8.1e-05
0.009258 0.000103
0.009276 7.5e-05
0.009246 8.3e-05
0.009485 7.9e-05
0.009285 9.4e-05
0.009284 7.9e-05
0.008142 7.4e-05
0.009292 6.9e-05
0.009277 8.5e-05
0.009255 7.8e-05
0.009456 8.5e-05
0.010621 6.7e-05
0.009276 7.2e-05
0.009302 5.5e-05
0.009286 7.3e-05
0.009259 7.5e-05
0.009021 6.2e-05
0.009326 0.000111
0.009325 8.4e-05
0.009413 7.5e-05
0.009382 6.6e-05
0.009393 8.7e-05
0.013559 0.000134
0.013437 0.00011
0.013258 0.000122
0.013144 0.000103
0.009296 8.6e-05
0.009287 0.0001
0.011102 8.3e-05
0.009221 6.9e-05
0.009224 5.3e-05
0.010084 9.5e-05
0.00923 5.9e-05
0.009227 7.8e-05
0.007792 4.7e-05
0.009379 0.000107
0.009288 8.1e-05
0.009292 8.8e-05
0.009261 7.2e-05
0.009239 6.9e-05
0.009256 0.000118
0.009501 0.0001
0.009554 8e-05
0.009251 7e-05
0.007987 5.3e-05
0.009269 7.7e-05
0.00922 7.1e-05
0.009258 7.5e-05
0.009224 8.2e-05
0.009259 6.7e-05
0.009226 5.8e-05
0.009214 6.9e-05
0.009274 0.000112
0.009244 7.1e-05
0.008584 4.3e-05
0.009279 0.000117
0.010332 6.7e-05
0.009825 0.000119
0.00928 7e-05
0.00922 8.9e-05
0.009241 8.1e-05
0.009248 6.5e-05
0.009243 8.5e-05
0.009238 7.9e-05
0.008979 5.2e-05
0.009286 5.7e-05
0.009281 6.2e-05
0.009284 7.8e-05
0.009297 9.3e-05
0.012243 0.000137
0.009288 7.6e-05
0.0112 8e-05
0.00929 6.3e-05
0.009253 7.1e-05
0.008292 7.2e-05
0.009279 9e-05
0.009288 7.2e-05
0.009449 6.4e-05
0.00935 5.6e-05
0.009315 8.5e-05
0.009304 7.2e-05
0.00934 6.1e-05
0.009324 9.3e-05
0.00932 7.4e-05
0.008806 7.4e-05
0.009488 7e-05
0.009387 9.9e-05
0.009361 0.000101
0.009317 7e-05
0.009301 5.8e-05
0.009273 9.1e-05
0.00933 7.5e-05
0.00926 6.7e-05
0.009288 9.9e-05
0.008346 7.9e-05
0.009301 7.8e-05
0.009294 9.6e-05
0.009282 6.3e-05
0.009283 9.9e-05
0.009304 0.000106
0.009278 9.5e-05
0.009227 8e-05
0.009273 6.6e-05
0.009193 7.6e-05
0.007884 6.4e-05
0.009278 7.7e-05
0.009213 6.4e-05
0.009263 6.7e-05
0.00924 6.2e-05
0.009211 6.7e-05
0.009216 9.2e-05
0.009189 8.8e-05
0.009229 7.1e-05
0.009183 9.8e-05
0.008231 6.2e-05
0.009247 7.6e-05
0.00923 6e-05
0.009279 7e-05
0.009334 6.9e-05
0.009286 6.7e-05
0.009245 8.7e-05
0.009207 9.3e-05
0.009231 6.4e-05
0.00923 6.4e-05
0.008774 7.4e-05
0.009263 8.1e-05
0.009247 6.9e-05
0.009444 6.1e-05
0.009316 6.9e-05
0.00928 9.2e-05
0.009255 8.8e-05
0.009182 8.7e-05
0.00925 0.000116
0.009203 6.2e-05
0.008679 6.9e-05
0.007664 6.8e-05
0.007645 6.6e-05
0.009315 9.7e-05
0.00923 7.3e-05
0.009207 0.000101
0.009224 6.7e-05
0.009181 5.8e-05
0.0092 0.000105
0.009198 9e-05
0.009247 7.8e-05
0.009237 6.9e-05
0.009301 6.3e-05
0.009192 8.6e-05
0.009255 6e-05
0.009232 6.7e-05
0.009252 9.5e-05
0.009166 6.1e-05
0.00941 8.2e-05
0.009249 9e-05
0.009271 8.8e-05
0.009267 9.4e-05
0.009325 6.4e-05
0.009272 0.000108
0.009231 7.4e-05
0.009201 7.8e-05
0.009221 7.7e-05
0.009251 7.8e-05
0.009208 6.1e-05
0.009186 8.3e-05
0.009213 9.4e-05
0.009411 8.8e-05
0.009307 8.5e-05
0.009221 7.2e-05
0.009241 7.7e-05
0.009265 9.5e-05
0.009234 6.4e-05
0.009237 0.000111
0.009204 7.1e-05
0.009203 9.4e-05
0.009236 7e-05
0.009239 7.9e-05
0.009244 0.000132
0.009271 6.1e-05
0.009212 6.2e-05
0.009221 6.3e-05
0.009198 6.5e-05
0.009198 9e-05
0.009219 9.3e-05
0.009265 5.1e-05
0.008861 0.000106
0.00922 7.5e-05
0.009283 8.5e-05
0.009306 8.5e-05
0.009245 5.2e-05
0.00921 8.8e-05
0.009213 5.5e-05
0.009224 5.9e-05
0.009213 8.3e-05
0.009204 8.2e-05
0.008638 7.1e-05
0.009241 8.8e-05
0.009241 8.7e-05
0.009274 8.9e-05
0.009233 9.1e-05
0.009195 7.4e-05
0.009215 9.8e-05
0.009215 0.000105
0.009223 7.2e-05
0.009311 6.2e-05
0.00848 8.2e-05
0.009277 0.000104
0.0093 6.4e-05
0.009642 7.8e-05
0.009231 8.5e-05
0.009217 8.3e-05
0.009196 0.0001
0.009204 7.1e-05
0.009209 5e-05
0.009209 7.2e-05
0.009028 6.3e-05
0.009227 8.1e-05
0.009254 7e-05
0.00922 5.2e-05
0.009229 9.3e-05
0.009413 9.2e-05
0.009262 6.6e-05
0.011114 0.000148
0.009223 7.5e-05
0.009201 7.2e-05
0.009237 7.8e-05
0.009284 6.2e-05
0.009312 9.3e-05
0.00924 7.7e-05
0.00921 7.3e-05
0.009225 6.2e-05
0.009232 7.9e-05
0.009201 7.9e-05
0.009205 6.1e-05
0.009213 7.2e-05
0.009249 8.4e-05
0.009204 7.1e-05
0.009348 7.3e-05
0.009244 8.2e-05
0.00922 7.8e-05
0.009218 7e-05
0.009193 7.4e-05
0.009186 7.8e-05
0.009226 0.000102
0.009217 7.7e-05
0.009248 7.5e-05
0.009219 7.4e-05
0.009333 5.5e-05
0.009308 6.7e-05
0.009683 6.9e-05
0.010699 5e-05
0.011282 0.000101
0.011155 9.5e-05
0.010381 0.000104
0.008031 6.5e-05
0.009279 7.6e-05
0.009219 8.5e-05
0.009259 9.6e-05
0.009217 7.3e-05
0.00924 7.5e-05
0.009782 8.7e-05
0.009203 7.5e-05
0.009222 6e-05
0.009234 9.1e-05
0.009004 5.3e-05
0.010551 7.6e-05
0.010023 5.7e-05
0.009346 0.0001
0.009487 0.000105
0.010411 8.1e-05
0.009248 9.1e-05
0.009249 6.8e-05
0.009247 7.1e-05
0.009225 7.1e-05
0.009274 8.1e-05
0.009355 5.7e-05
0.009614 0.000113
0.009339 7.4e-05
0.009273 6.1e-05
0.009294 4.8e-05
0.009263 6.6e-05
0.009229 7.9e-05
0.009235 8.1e-05
0.009338 9.4e-05
0.009276 9.3e-05
0.009291 9.3e-05
0.009761 0.000116
0.00939 0.000126
0.009234 5.9e-05
0.009218 6.8e-05
0.009274 8e-05
0.009229 0.0001
0.009212 9.1e-05
0.009202 8.5e-05
0.009241 7.7e-05
0.009246 8.1e-05
0.009339 7.4e-05
0.009269 8.3e-05
0.009245 5.9e-05
0.009256 6.6e-05
0.009206 9.4e-05
0.009217 0.000104
0.009195 7.5e-05
0.00927 5.7e-05
0.009275 8.5e-05
0.009277 0.000102
0.009263 8.3e-05
0.009253 6.9e-05
0.009241 8.5e-05
0.009218 8e-05
0.009207 8.5e-05
0.009216 6.9e-05
0.009208 6.6e-05
0.009247 9e-05
0.009141 8.3e-05
0.009212 0.000104
0.009254 0.000104
0.009226 5.4e-05
0.009271 8.4e-05
0.00923 6.9e-05
0.009237 7.9e-05
0.009293 6.9e-05
0.009238 9.3e-05
0.009216 9.3e-05
0.008592 0.000115
0.009269 9.5e-05
0.009269 8.8e-05
0.009252 8.8e-05
0.009218 5.4e-05
0.009223 5.3e-05
0.009215 7.4e-05
0.009231 8.3e-05
0.009217 7.8e-05
0.009249 8e-05
0.008462 7.6e-05
0.00924 5.7e-05
0.009259 8.1e-05
0.009367 0.000108
0.009285 7.7e-05
0.009228 0.000102
0.009225 8.1e-05
0.009332 0.00011
0.009232 6.5e-05
0.009207 8.3e-05
0.00835 7.4e-05
0.009219 9.4e-05
0.009235 8.1e-05
0.009289 6.2e-05
0.00923 6e-05
0.009217 7.7e-05
0.009219 8.5e-05
0.009206 6.5e-05
0.009189 8.2e-05
0.009182 9.8e-05
0.008518 7.8e-05
0.009304 9.3e-05
0.009284 9.9e-05
0.00927 7e-05
0.009258 8e-05
0.009221 7.5e-05
0.00922 5.4e-05
0.009252 9.2e-05
0.009249 7e-05
0.00922 7.9e-05
0.008204 6.1e-05
0.00931 9.2e-05
0.009285 8.9e-05
0.009334 6.1e-05
0.009252 6.4e-05
0.009257 9.5e-05
0.009266 7e-05
0.009322 7.1e-05
0.009278 8.5e-05
0.00932 5.1e-05
0.008378 6.9e-05
0.009264 7.3e-05
0.009254 7.8e-05
0.009286 7.3e-05
0.009218 9.4e-05
0.009228 8.9e-05
0.009207 9.3e-05
0.009312 6.7e-05
0.009281 7.2e-05
0.009293 5.8e-05
0.007952 6.1e-05
0.009307 6.6e-05
0.009269 6.2e-05
0.009395 9.1e-05
0.009281 8.4e-05
0.009216 6.8e-05
0.009265 9.2e-05
0.009277 8.3e-05
0.009212 7.1e-05
0.00995 7.4e-05
0.00816 5.7e-05
0.009247 8.3e-05
0.009244 0.000109
0.009258 6.2e-05
0.009234 0.000108
0.00924 0.000107
0.009227 4.9e-05
0.009209 6.8e-05
0.00921 8.5e-05
0.009218 9.4e-05
0.00879 9.3e-05
0.009307 9.3e-05
0.009263 6.7e-05
0.00933 8.2e-05
0.009329 9.5e-05
0.009421 0.000122
0.010124 0.000109
0.010595 9e-05
0.010496 0.000118
0.009639 6.3e-05
0.00928 0.000102
0.009376 6.6e-05
0.00973 8.6e-05
0.00923 9.4e-05
0.009208 8.4e-05
0.009213 6.7e-05
0.009223 9.3e-05
0.009804 6.9e-05
0.009223 7.4e-05
0.009209 8.9e-05
0.009215 9.1e-05
0.009551 0.000105
0.009752 7.3e-05
0.009661 8.1e-05
0.009312 9.1e-05
0.009235 6.5e-05
0.009246 8.7e-05
0.009223 8.6e-05
0.009263 6.4e-05
0.009034 7.1e-05
0.009293 5.9e-05
0.009283 5.7e-05
0.009349 8.3e-05
0.00935 9.7e-05
0.009282 7.2e-05
0.0092 6.5e-05
0.009227 5.8e-05
0.009273 0.0001
0.009192 9.1e-05
0.008829 9.1e-05
0.009257 5.7e-05
0.009228 6.4e-05
0.009316 8.3e-05
0.009238 6.4e-05
0.009283 6.4e-05
0.009231 9.2e-05
0.009199 5.9e-05
0.009238 7.8e-05
0.009254 8.4e-05
0.009197 5.7e-05
0.009264 6.5e-05
0.009296 8.1e-05
0.009692 8.4e-05
0.009355 0.000103
0.009303 6.2e-05
0.009275 0.000113
0.009283 8.2e-05
0.009298 6.7e-05
0.009308 8.2e-05
0.009331 8.5e-05
0.009274 6.6e-05
0.009252 7.8e-05
0.009332 6.5e-05
0.009257 7.1e-05
0.009224 5.2e-05
0.009242 7.4e-05
0.00925 9.2e-05
0.009222 6.4e-05
0.00924 7.7e-05
0.009205 5.6e-05
0.00934 6.3e-05
0.009231 8.4e-05
0.009249 6.3e-05
0.009253 6.4e-05
0.009191 7.8e-05
0.009214 8.7e-05
0.009212 5.8e-05
0.009169 6.8e-05
0.009176 5.7e-05
0.008463 6.3e-05
0.009228 0.000102
0.009217 6.7e-05
0.009274 7e-05
0.009312 8.7e-05
0.009396 8.5e-05
0.009218 9.5e-05
0.009233 8.5e-05
0.009198 9.6e-05
0.009182 8.4e-05
0.009013 9.1e-05
0.009227 0.000101
0.009218 7.8e-05
0.009343 7.9e-05
0.00926 9.7e-05
0.009216 7e-05
0.009223 6.8e-05
0.00925 7.4e-05
0.009264 6.6e-05
0.009492 5e-05
0.009335 7.2e-05
0.00925 7.3e-05
0.009375 7.4e-05
0.009333 8.9e-05
0.009241 6.4e-05
0.009209 7.1e-05
0.009199 5.3e-05
0.009204 8.2e-05
0.0092 9.2e-05
0.009206 8.9e-05
0.008961 6.8e-05
0.009212 5.6e-05
0.009254 9e-05
0.009288 7.9e-05
0.009211 6.2e-05
0.009232 9.3e-05
0.009208 5.9e-05
0.009403 7.2e-05
0.009232 8.1e-05
0.00924 9.1e-05
0.00923 7.1e-05
0.009233 9.4e-05
0.009238 0.000105
0.009319 9.5e-05
0.009243 6.7e-05
0.009218 9.3e-05
0.009219 6.3e-05
0.009201 7.8e-05
0.009242 5.7e-05
0.009204 8.4e-05
0.009023 9.5e-05
0.009227 6.6e-05
0.009262 8.8e-05
0.009305 8.8e-05
0.009323 5.5e-05
0.009297 4.7e-05
0.009218 5.7e-05
0.009164 7.5e-05
0.009266 7.4e-05
0.009253 8.1e-05
0.009189 7.3e-05
0.00942 7.8e-05
0.009257 8.3e-05
0.009291 6e-05
0.009313 7.6e-05
0.009338 8.2e-05
0.010681 0.000117
0.010305 8.4e-05
0.010982 6.7e-05
0.010832 5.9e-05
0.009382 7e-05
0.009267 6.4e-05
0.010046 7.9e-05
0.009274 7e-05
0.009644 6.2e-05
0.009262 7.1e-05
0.009303 7.1e-05
0.009906 8.4e-05
0.009254 7.2e-05
0.009937 6.9e-05
0.011229 7.2e-05
0.009273 9.7e-05
0.009336 8.5e-05
0.009281 7.5e-05
0.009615 6.1e-05
0.010468 0.000104
0.011154 5.2e-05
0.011125 8.6e-05
0.010952 7e-05
0.009058 0.00011
0.009229 9.7e-05
0.009232 0.000101
0.009248 7e-05
0.009198 0.000111
0.009194 7.8e-05
0.009213 6.7e-05
0.009189 6.1e-05
0.009201 5.5e-05
0.009334 7.9e-05
0.009034 5.5e-05
0.009281 8e-05
0.009434 8.8e-05
0.009352 6.2e-05
0.009494 6.3e-05
0.009283 8.5e-05
0.009232 5.6e-05
0.009254 8.2e-05
0.009244 8.5e-05
0.009219 7.8e-05
0.008257 8.6e-05
0.009251 7e-05
0.009348 0.000104
0.009284 9.8e-05
0.009223 8.2e-05
0.009239 7.6e-05
0.00921 0.000102
0.009239 6.9e-05
0.009201 8.2e-05
0.009227 0.000105
0.007894 6.5e-05
0.009496 7.9e-05
0.009354 5.9e-05
0.009372 5.6e-05
0.009283 7.2e-05
0.009297 7.3e-05
0.009271 7.6e-05
0.009276 0.000101
0.009263 9.6e-05
0.009288 7.6e-05
0.008014 7.2e-05
0.009283 5.9e-05
0.0093 7.5e-05
0.009284 0.00011
0.009223 9.2e-05
0.009261 8.1e-05
0.009218 7.2e-05
0.009232 8.4e-05
0.009234 5.7e-05
0.009216 6.3e-05
0.008631 8.5e-05
0.00934 7.5e-05
0.009364 8.6e-05
0.009514 7.8e-05
0.009382 5.5e-05
0.009301 9.1e-05
0.009295 8.2e-05
0.009292 8e-05
0.009315 9.9e-05
0.0093 7e-05
0.008952 0.00012
0.009347 5.7e-05
0.009359 8.8e-05
0.009291 9.1e-05
0.009231 0.000114
0.0093 7.9e-05
0.009276 6.2e-05
0.009221 5.7e-05
0.009186 7.7e-05
0.0092 6.2e-05
0.008733 8.2e-05
0.009284 7.2e-05
0.009279 0.0001
0.009294 7.3e-05
0.009237 8e-05
0.009211 7.4e-05
0.009234 8.9e-05
0.009204 6.8e-05
0.009187 6.4e-05
0.009222 9e-05
0.007854 7.9e-05
0.009235 9.9e-05
0.009385 9.2e-05
0.009291 7.9e-05
0.009274 6.7e-05
0.009271 5.9e-05
0.009206 8.1e-05
0.009191 5.2e-05
0.009213 7.7e-05
0.009198 6.6e-05
0.008201 5.2e-05
0.009234 0.000121
0.009243 5.5e-05
0.009262 0.0001
0.00922 6.9e-05
0.009264 7.9e-05
0.009227 6.2e-05
0.009233 6.6e-05
0.009421 8.6e-05
0.009253 9.3e-05
0.00803 8.1e-05
0.009239 5.5e-05
0.009198 8.2e-05
0.009294 9.3e-05
0.009234 8e-05
0.009246 4.8e-05
0.009206 9.9e-05
0.009211 8.7e-05
0.009193 7.6e-05
0.009207 9.9e-05
0.008755 5.3e-05
0.009249 8.4e-05
0.009225 8.9e-05
0.00928 5.8e-05
0.009194 9.9e-05
0.009436 8e-05
0.009243 7.5e-05
0.009243 5.7e-05
0.009239 0.000109
0.009207 6e-05
0.009085 7e-05
0.009243 7.6e-05
0.009256 7.6e-05
0.009376 6.1e-05
0.009364 7.8e-05
0.009279 9e-05
0.009269 7.5e-05
0.009246 9.7e-05
0.009265 6.1e-05
0.009251 8.1e-05
0.00925 8.6e-05
0.009264 9.1e-05
0.009298 7.3e-05
0.009396 6.7e-05
0.009365 7e-05
0.00924 7e-05
0.009239 5.7e-05
0.00922 9.8e-05
0.009267 9.7e-05
0.009272 7.6e-05
0.00923 5.4e-05
0.009237 7.6e-05
0.00928 7.5e-05
0.009318 7.1e-05
0.009252 8.4e-05
0.009225 6.7e-05
0.009187 9.9e-05
0.009201 7.7e-05
0.00922 7.1e-05
0.009363 8.8e-05
0.009328 9.6e-05
0.009352 7e-05
0.009308 7.7e-05
0.009306 6.8e-05
0.009241 6.1e-05
0.009234 8.4e-05
0.009218 5.5e-05
0.009206 9.5e-05
0.009207 7.3e-05
0.009203 7.4e-05
0.009194 6.8e-05
0.009147 9.3e-05
0.009219 8.5e-05
0.009266 0.000101
0.009244 9e-05
0.009223 4.8e-05
0.009306 6.2e-05
0.009252 9.3e-05
0.009237 6.9e-05
0.009262 7.8e-05
0.009266 9.2e-05
0.008468 7.2e-05
0.009283 8e-05
0.009332 9.3e-05
0.009388 9.4e-05
0.009271 0.0001
0.009257 8.2e-05
0.009264 8.5e-05
0.009238 7.3e-05
0.009261 0.000108
0.009333 6.2e-05
0.009141 7.8e-05
0.009531 9.2e-05
0.009364 9.6e-05
0.009315 0.000121
0.009266 9e-05
0.00921 6.5e-05
0.009226 0.000108
0.00924 7.6e-05
0.009272 8.6e-05
0.009244 8.4e-05
0.009245 7.5e-05
0.009257 9.4e-05
0.009335 9.8e-05
0.009341 9e-05
0.009321 7e-05
0.009255 8.3e-05
0.009222 8.8e-05
0.009253 8.2e-05
0.009294 9.6e-05
0.00926 5.4e-05
0.00931 6.4e-05
0.00927 6.5e-05
0.009449 8.3e-05
0.009267 5.6e-05
0.009254 8.5e-05
0.009199 4.7e-05
0.009203 7.9e-05
0.009222 8.9e-05
0.009215 7.3e-05
0.009202 7.3e-05
0.008897 7.1e-05
0.009267 7.2e-05
0.009333 8.8e-05
0.009267 8.2e-05
0.009252 7e-05
0.009319 6.9e-05
0.009236 5.1e-05
0.009237 5.9e-05
0.009233 8.4e-05
0.009197 8.7e-05
0.008988 6.6e-05
0.009386 7.7e-05
0.009439 6.3e-05
0.009421 9.4e-05
0.009275 7.6e-05
0.009273 9.6e-05
0.00925 9.8e-05
0.00925 7e-05
0.009267 8.8e-05
0.009224 9.7e-05
0.008348 9.9e-05
0.009308 0.000106
0.009404 0.0001
0.009326 6.2e-05
0.009297 8.3e-05
0.009229 9.8e-05
0.009237 8.4e-05
0.00922 0.000108
0.009192 7.8e-05
0.00921 9.2e-05
0.008294 7.8e-05
0.009294 7.8e-05
0.009291 6.1e-05
0.009309 6.3e-05
0.009259 7.4e-05
0.009228 7.3e-05
0.009264 7.7e-05
0.009225 8.8e-05
0.009465 7.1e-05
0.009262 0.000116
0.008153 7.2e-05
0.009254 6.9e-05
0.00933 6.3e-05
0.0093 7.9e-05
0.009393 0.000101
0.009244 5.1e-05
0.009241 7.6e-05
0.009248 8.5e-05
0.00925 6.7e-05
0.009328 7.1e-05
0.008017 8.6e-05
0.009262 7.2e-05
0.009239 6.9e-05
0.009292 6.4e-05
0.00924 5.4e-05
0.009229 6.2e-05
0.009256 0.000121
0.009267 8.7e-05
0.009233 0.000114
0.009278 9.2e-05
0.009572 8.9e-05
0.009369 9e-05
0.009421 8.4e-05
0.009286 7.3e-05
0.009283 6.3e-05
0.009241 6.9e-05
0.009209 6.9e-05
0.009224 7.5e-05
0.009211 9.6e-05
0.011041 9.4e-05
0.012693 0.000147
0.011095 7.8e-05
0.009761 7.9e-05
0.010528 0.000141
0.012883 9.8e-05
0.009806 5.8e-05
0.009283 8.3e-05
0.009255 9e-05
0.009212 7.1e-05
0.009275 9.4e-05
0.013314 8.3e-05
0.009351 7.7e-05
0.009374 7e-05
0.009327 7.3e-05
0.010142 9.5e-05
0.009471 0.000106
0.012769 0.000107
0.012323 0.000124
0.009779 0.000104
0.011712 0.000184
0.013453 8.7e-05
0.009319 0.0001
0.009268 6.3e-05
0.00925 5.9e-05
0.009225 0.000101
0.009293 9.3e-05
0.009279 9.8e-05
0.00916 5.5e-05
0.009306 5.3e-05
0.009264 6.7e-05
0.009278 0.000112
0.009254 7.3e-05
0.009261 6.8e-05
0.009267 9.6e-05
0.009265 8.2e-05
0.009278 6.3e-05
0.009283 6.5e-05
0.009098 7.7e-05
0.009244 8.4e-05
0.009236 5.3e-05
0.009408 6.9e-05
0.009286 7.7e-05
0.009259 7.4e-05
0.00926 6.8e-05
0.009263 7.3e-05
0.009225 8.6e-05
0.009231 4.7e-05
0.009209 9.2e-05
0.009271 7.1e-05
0.009252 7.9e-05
0.00937 9.6e-05
0.009319 6.8e-05
0.00985 6.6e-05
0.009301 7.2e-05
0.009854 6.2e-05
0.009973 6.7e-05
0.009833 0.000116
0.008848 6.5e-05
0.00931 7.4e-05
0.009973 6.2e-05
0.009351 0.000102
0.009227 9.5e-05
0.009232 8.2e-05
0.009228 6.9e-05
0.009344 8.4e-05
0.009238 6.9e-05
0.009435 8.8e-05
0.008493 8.1e-05
0.009274 7.5e-05
0.009386 0.000106
0.009395 7.6e-05
0.009253 8.5e-05
0.009342 8.1e-05
0.009322 9.1e-05
0.009311 6e-05
0.00935 9.1e-05
0.009402 5.9e-05
0.008469 0.000103
0.009372 7.2e-05
0.009271 9.4e-05
0.009469 6.7e-05
0.009262 7.2e-05
0.009232 9.1e-05
0.009308 6.1e-05
0.009258 6.5e-05
0.009375 7e-05
0.009321 8.4e-05
0.008189 7.2e-05
0.009379 8.8e-05
0.009284 0.000101
0.009409 6.8e-05
0.009309 7.9e-05
0.009282 0.000102
0.009236 6.1e-05
0.009261 6e-05
0.009254 9.4e-05
0.009212 0.000123
0.008321 4.8e-05
0.009253 7.5e-05
0.009519 6.4e-05
0.009329 9.5e-05
0.009244 6.7e-05
0.009245 8.5e-05
0.009229 8.1e-05
0.009228 6.4e-05
0.009261 6.5e-05
0.009236 6.9e-05
0.008056 8.2e-05
0.0093 6.1e-05
0.009783 8.5e-05
0.009342 7.9e-05
0.009341 7.3e-05
0.009318 0.000123
0.009298 8.4e-05
0.009291 0.000111
0.009308 9.1e-05
0.009702 8.5e-05
0.008981 7.1e-05
0.009333 8.6e-05
0.009355 0.000107
0.009293 6.7e-05
0.009255 0.000111
0.009213 6.6e-05
0.0093 8.2e-05
0.009285 5.9e-05
0.009357 7.5e-05
0.00933 8.9e-05
