0.001343 4e-06
0.001302 3e-06
0.001299 5e-06
0.001314 3e-06
0.001295 4e-06
0.001322 5e-06
0.001301 4e-06
0.001296 4e-06
0.001302 2e-06
0.001291 4e-06
0.001303 3e-06
0.001296 3e-06
0.001305 4e-06
0.0013 4e-06
0.001298 4e-06
0.001309 5e-06
0.001302 5e-06
0.001312 3e-06
0.001307 3e-06
0.001311 4e-06
0.001294 3e-06
0.001305 4e-06
0.0013 4e-06
0.001308 3e-06
0.001296 3e-06
0.001363 4e-06
0.001304 2e-06
0.001588 3e-06
0.001304 4e-06
0.001297 4e-06
0.001321 4e-06
0.001324 4e-06
0.001298 5e-06
0.001364 5e-06
0.001308 5e-06
0.001339 3e-06
0.001236 2e-06
0.00133 3e-06
0.001147 5e-06
0.001359 4e-06
0.001309 2e-06
0.00132 4e-06
0.001314 5e-06
0.001328 3e-06
0.001301 3e-06
0.001326 2e-06
0.001305 3e-06
0.001301 4e-06
0.001308 3e-06
0.001307 2e-06
0.001308 2e-06
0.00131 3e-06
0.001297 3e-06
0.001305 2e-06
0.001302 4e-06
0.001302 2e-06
0.001296 4e-06
0.001305 3e-06
0.00143 6e-06
0.001305 3e-06
0.001308 4e-06
0.001301 5e-06
0.001323 4e-06
0.001313 4e-06
0.001319 3e-06
0.001327 4e-06
0.001315 3e-06
0.001308 3e-06
0.001307 4e-06
0.001337 3e-06
0.001295 3e-06
0.001539 4e-06
0.00131 4e-06
0.001293 2e-06
0.001324 4e-06
0.001299 2e-06
0.001294 2e-06
0.001306 4e-06
0.001302 4e-06
0.001299 3e-06
0.001297 4e-06
0.001302 4e-06
0.001305 3e-06
0.001311 3e-06
0.001326 4e-06
0.001314 3e-06
0.001304 3e-06
0.001511 2e-06
0.001483 3e-06
0.001251 4e-06
0.0013 5e-06
0.001497 3e-06
0.001301 4e-06
0.001308 3e-06
0.001302 4e-06
0.001314 3e-06
0.001301 3e-06
0.001303 3e-06
0.001298 3e-06
0.001315 4e-06
0.001307 5e-06
0.001297 4e-06
0.00131 3e-06
0.001492 4e-06
0.001298 5e-06
0.001303 4e-06
0.001311 5e-06
0.001301 4e-06
0.001296 3e-06
0.001303 5e-06
0.001309 3e-06
0.001302 4e-06
0.001297 4e-06
0.001303 3e-06
0.001305 3e-06
0.001308 5e-06
0.001307 4e-06
0.001303 3e-06
0.001301 2e-06
0.001304 5e-06
0.001311 3e-06
0.001329 4e-06
0.001314 3e-06
0.001311 4e-06
0.001304 4e-06
0.001326 3e-06
0.0013 4e-06
0.0013 6e-06
0.001291 5e-06
0.001302 3e-06
0.001307 3e-06
0.001301 4e-06
0.00129 3e-06
0.001303 4e-06
0.001285 4e-06
0.001297 4e-06
0.001302 3e-06
0.001305 3e-06
0.001298 3e-06
0.001298 3e-06
0.001298 5e-06
0.001306 3e-06
0.001303 2e-06
0.0013 3e-06
0.001304 4e-06
0.001313 4e-06
0.001304 4e-06
0.001294 4e-06
0.001209 3e-06
0.001087 2e-06
0.001128 4e-06
0.001443 4e-06
0.001299 4e-06
0.001305 4e-06
0.001321 4e-06
0.00131 4e-06
0.001294 3e-06
0.001379 2e-06
0.001315 4e-06
0.001334 3e-06
0.001305 3e-06
0.001318 4e-06
0.001304 4e-06
0.001312 4e-06
0.001306 3e-06
0.00132 5e-06
0.001316 4e-06
0.001303 4e-06
0.001323 6e-06
0.001297 4e-06
0.001328 3e-06
0.001303 4e-06
0.001289 4e-06
0.001322 4e-06
0.001296 3e-06
0.001375 4e-06
0.001292 3e-06
0.001309 3e-06
0.00131 4e-06
0.001297 7e-06
0.001296 3e-06
0.001302 2e-06
0.0013 4e-06
0.001324 5e-06
0.0013 3e-06
0.001317 3e-06
0.001305 4e-06
0.001295 3e-06
0.001292 5e-06
0.001302 3e-06
0.001296 2e-06
0.001328 2e-06
0.001295 5e-06
0.001478 3e-06
0.001299 4e-06
0.001674 3e-06
0.001298 4e-06
0.001295 5e-06
0.001342 3e-06
0.001623 5e-06
0.001314 3e-06
0.001312 3e-06
0.001332 3e-06
0.001314 5e-06
0.001301 5e-06
0.001303 4e-06
0.001306 3e-06
0.001299 4e-06
0.001304 3e-06
0.001308 4e-06
0.001303 5e-06
0.00132 4e-06
0.001307 4e-06
0.001306 3e-06
0.001299 2e-06
0.001426 3e-06
0.001305 4e-06
0.001304 6e-06
0.001308 3e-06
0.001419 5e-06
0.001308 3e-06
0.001311 4e-06
0.001308 3e-06
0.001305 3e-06
0.001088 4e-06
0.001299 4e-06
0.00131 4e-06
0.001322 4e-06
0.001285 5e-06
0.001308 4e-06
0.001295 3e-06
0.001304 3e-06
0.001297 4e-06
0.001313 4e-06
0.001301 3e-06
0.001298 4e-06
0.001305 4e-06
0.001306 2e-06
0.0013 3e-06
0.001306 2e-06
0.001317 4e-06
0.0013 2e-06
0.001325 4e-06
0.00131 4e-06
0.0013 4e-06
0.001308 4e-06
0.001301 3e-06
0.001308 2e-06
0.001302 2e-06
0.001308 3e-06
0.001296 4e-06
0.001306 4e-06
0.001301 5e-06
0.001303 3e-06
0.001296 4e-06
0.001297 4e-06
0.001298 3e-06
0.001317 2e-06
0.001315 4e-06
0.001309 3e-06
0.001303 3e-06
0.001296 4e-06
0.001299 3e-06
0.001298 3e-06
0.001317 3e-06
0.001304 4e-06
0.001692 4e-06
0.00182 3e-06
0.001411 4e-06
0.001395 4e-06
0.001306 3e-06
0.001689 4e-06
0.001684 4e-06
0.001404 4e-06
0.0013 5e-06
0.001319 4e-06
0.001829 4e-06
0.001722 5e-06
0.001404 3e-06
0.001309 3e-06
0.001418 4e-06
0.001882 6e-06
0.001322 4e-06
0.001404 5e-06
0.001307 5e-06
0.001693 3e-06
0.001604 4e-06
0.001412 4e-06
0.001308 3e-06
0.001299 5e-06
0.001862 4e-06
0.001468 4e-06
0.001301 4e-06
0.001307 3e-06
0.001202 4e-06
0.001373 4e-06
0.001313 3e-06
0.001316 3e-06
0.001302 4e-06
0.001307 5e-06
0.001319 4e-06
0.001313 4e-06
0.001303 4e-06
0.001356 4e-06
0.001301 4e-06
0.001305 3e-06
0.001297 3e-06
0.001306 4e-06
0.001313 4e-06
0.001329 4e-06
0.001317 5e-06
0.001297 4e-06
0.001332 5e-06
0.001338 6e-06
0.001335 2e-06
0.001302 4e-06
0.001317 5e-06
0.001317 3e-06
0.001297 4e-06
0.001316 3e-06
0.001316 4e-06
0.001334 4e-06
0.001313 3e-06
0.001316 4e-06
0.001339 4e-06
0.001313 3e-06
0.001298 3e-06
0.001422 3e-06
0.001295 3e-06
0.001307 4e-06
0.001327 2e-06
0.001306 3e-06
0.001313 3e-06
0.001311 3e-06
0.001321 3e-06
0.001306 3e-06
0.001339 4e-06
0.001303 4e-06
0.001313 4e-06
0.001325 4e-06
0.001298 5e-06
0.001304 2e-06
0.001307 4e-06
0.001309 4e-06
0.001299 4e-06
0.001303 3e-06
0.001299 4e-06
0.001302 5e-06
0.001303 4e-06
0.001322 3e-06
0.0013 4e-06
0.00131 4e-06
0.001293 3e-06
0.001292 5e-06
0.00131 3e-06
0.001292 3e-06
0.001298 4e-06
0.001298 3e-06
0.001294 4e-06
0.001304 3e-06
0.001298 3e-06
0.001294 3e-06
0.001313 3e-06
0.001309 4e-06
0.001304 2e-06
0.001309 3e-06
0.001306 3e-06
0.001303 4e-06
0.001227 4e-06
0.001192 4e-06
0.001082 3e-06
0.001214 4e-06
0.001304 4e-06
0.001302 3e-06
0.001306 5e-06
0.001301 3e-06
0.001312 3e-06
0.001303 2e-06
0.001298 4e-06
0.001313 3e-06
0.001305 2e-06
0.0013 3e-06
0.001306 5e-06
0.001299 3e-06
0.001294 4e-06
0.00131 4e-06
0.001308 4e-06
0.001302 3e-06
0.001311 4e-06
0.001302 4e-06
0.001291 4e-06
0.001298 3e-06
0.001311 3e-06
0.001311 3e-06
0.001294 4e-06
0.001302 4e-06
0.001301 4e-06
0.001311 4e-06
0.001298 5e-06
0.0013 4e-06
0.001324 5e-06
0.001307 4e-06
0.001311 4e-06
0.001307 3e-06
0.001304 5e-06
0.001306 4e-06
0.001304 4e-06
0.001308 4e-06
0.001306 3e-06
0.001292 5e-06
0.001303 5e-06
0.0013 3e-06
0.001293 3e-06
0.001295 5e-06
0.0013 4e-06
0.001306 3e-06
0.0013 4e-06
0.0013 3e-06
0.001297 3e-06
0.001299 5e-06
0.001299 3e-06
0.001299 5e-06
0.001303 3e-06
0.00132 3e-06
0.0013 3e-06
0.001298 3e-06
0.001293 3e-06
0.001306 3e-06
0.001303 2e-06
0.001352 3e-06
0.0013 5e-06
0.001307 5e-06
0.001305 4e-06
0.001315 4e-06
0.001306 4e-06
0.001311 4e-06
0.0013 4e-06
0.001301 3e-06
0.001306 6e-06
0.001304 5e-06
0.001295 5e-06
0.001299 2e-06
0.001295 5e-06
0.001302 4e-06
0.001185 3e-06
0.001188 3e-06
0.001149 3e-06
0.001301 3e-06
0.001301 3e-06
0.001317 4e-06
0.001296 3e-06
0.001295 4e-06
0.001302 3e-06
0.001303 4e-06
0.0013 4e-06
0.001298 4e-06
0.0013 3e-06
0.001309 4e-06
0.0013 3e-06
0.001302 3e-06
0.001298 4e-06
0.001306 3e-06
0.001324 4e-06
0.001309 4e-06
0.001404 3e-06
0.001303 4e-06
0.001299 4e-06
0.0013 3e-06
0.001302 3e-06
0.001303 4e-06
0.001314 4e-06
0.001301 5e-06
0.001298 4e-06
0.001315 2e-06
0.001301 2e-06
0.001307 4e-06
0.001297 5e-06
0.001306 3e-06
0.001295 4e-06
0.001303 4e-06
0.001299 4e-06
0.001297 3e-06
0.0013 3e-06
0.001302 3e-06
0.00131 2e-06
0.001305 4e-06
0.001299 4e-06
0.001297 2e-06
0.001297 4e-06
0.001308 5e-06
0.0013 4e-06
0.001306 3e-06
0.001297 2e-06
0.001296 3e-06
0.001306 4e-06
0.001286 3e-06
0.001302 5e-06
0.001301 4e-06
0.001298 5e-06
0.0013 3e-06
0.001299 4e-06
0.0013 2e-06
0.001308 2e-06
0.001298 4e-06
0.00131 3e-06
0.001302 3e-06
0.001292 4e-06
0.001298 4e-06
0.001296 3e-06
0.001299 3e-06
0.001297 3e-06
0.001305 5e-06
0.001302 4e-06
0.001308 3e-06
0.001303 3e-06
0.001307 4e-06
0.001309 3e-06
0.001308 3e-06
0.001305 3e-06
0.001226 2e-06
0.001137 3e-06
0.001135 3e-06
0.00133 4e-06
0.001306 3e-06
0.001296 5e-06
0.001294 4e-06
0.001305 5e-06
0.00131 4e-06
0.001305 3e-06
0.001305 4e-06
0.00131 4e-06
0.001302 2e-06
0.001299 4e-06
0.001305 4e-06
0.001295 3e-06
0.001302 4e-06
0.001298 4e-06
0.001305 4e-06
0.001305 4e-06
0.00131 4e-06
0.001301 4e-06
0.001305 3e-06
0.001286 5e-06
0.001307 3e-06
0.0013 4e-06
0.001299 3e-06
0.001302 3e-06
0.001299 3e-06
0.00129 4e-06
0.001301 4e-06
0.001309 3e-06
0.001304 4e-06
0.001307 3e-06
0.001303 3e-06
0.001306 3e-06
0.001309 3e-06
0.001301 4e-06
0.001309 3e-06
0.001302 5e-06
0.001307 4e-06
0.001299 4e-06
0.0013 3e-06
0.001294 3e-06
0.001305 4e-06
0.001297 3e-06
0.001306 5e-06
0.001297 5e-06
0.001316 4e-06
0.001296 6e-06
0.001296 3e-06
0.001298 4e-06
0.001305 3e-06
0.001311 3e-06
0.001307 3e-06
0.001303 4e-06
0.0013 4e-06
0.001291 3e-06
0.001306 3e-06
0.001303 2e-06
0.001315 4e-06
0.001299 3e-06
0.001303 3e-06
0.001297 2e-06
0.001301 4e-06
0.001305 3e-06
0.001302 4e-06
0.001298 4e-06
0.001311 3e-06
0.001301 3e-06
0.001303 3e-06
0.001298 3e-06
0.00131 3e-06
0.001302 4e-06
0.001302 2e-06
0.001288 4e-06
0.001179 2e-06
0.001091 3e-06
0.001079 2e-06
0.001313 4e-06
0.001308 3e-06
0.001305 3e-06
0.001304 3e-06
0.001305 3e-06
0.001297 4e-06
0.001304 5e-06
0.0013 3e-06
0.001306 3e-06
0.001299 4e-06
0.001298 3e-06
0.001316 3e-06
0.001298 4e-06
0.001301 3e-06
0.001307 4e-06
0.001296 3e-06
0.001301 4e-06
0.001395 3e-06
0.001306 3e-06
0.00131 3e-06
0.001307 3e-06
0.001306 3e-06
0.00131 3e-06
0.001307 3e-06
0.001302 3e-06
0.001306 3e-06
0.001291 4e-06
0.001302 5e-06
0.001294 4e-06
0.001297 3e-06
0.001309 3e-06
0.001304 4e-06
0.00131 3e-06
0.0013 3e-06
0.001293 4e-06
0.001303 3e-06
0.0013 3e-06
0.00131 3e-06
0.001296 4e-06
0.0013 4e-06
0.001291 4e-06
0.001307 6e-06
0.0013 5e-06
0.001302 4e-06
0.001296 3e-06
0.001311 3e-06
0.001303 3e-06
0.001307 3e-06
0.001308 3e-06
0.001311 3e-06
0.001314 3e-06
0.001306 3e-06
0.001304 3e-06
0.001305 4e-06
0.001301 3e-06
0.001292 4e-06
0.001326 4e-06
0.001301 5e-06
0.001291 4e-06
0.001312 3e-06
0.001293 4e-06
0.001308 2e-06
0.001309 3e-06
0.001304 3e-06
0.0013 3e-06
0.001299 4e-06
0.001324 4e-06
0.001313 4e-06
0.001352 3e-06
0.001305 3e-06
0.0013 4e-06
0.001298 3e-06
0.001089 2e-06
0.001086 4e-06
0.001128 2e-06
0.001123 5e-06
0.001303 3e-06
0.001299 4e-06
0.001294 4e-06
0.001297 3e-06
0.001295 4e-06
0.001305 3e-06
0.001306 5e-06
0.001324 3e-06
0.00129 3e-06
0.001299 3e-06
0.001303 4e-06
0.001315 5e-06
0.001311 4e-06
0.001305 3e-06
0.001317 4e-06
0.001306 5e-06
0.00131 3e-06
0.001316 3e-06
0.001294 4e-06
0.001304 3e-06
0.001293 2e-06
0.001303 3e-06
0.001295 4e-06
0.001308 3e-06
0.001302 3e-06
0.001299 2e-06
0.001302 3e-06
0.0013 5e-06
0.001308 2e-06
0.00131 4e-06
0.001297 5e-06
0.001305 3e-06
0.001292 3e-06
0.001301 3e-06
0.001298 2e-06
0.001297 3e-06
0.001302 4e-06
0.001301 3e-06
0.001299 3e-06
0.001313 5e-06
0.001292 5e-06
0.001308 5e-06
0.001302 4e-06
0.001304 4e-06
0.001303 3e-06
0.001304 3e-06
0.0013 4e-06
0.001303 4e-06
0.001304 4e-06
0.001299 2e-06
0.001298 3e-06
0.001299 4e-06
0.001295 3e-06
0.001326 3e-06
0.0013 3e-06
0.001295 4e-06
0.001295 3e-06
0.0013 3e-06
0.001295 4e-06
0.001293 4e-06
0.001306 3e-06
0.001299 3e-06
0.001292 5e-06
0.001312 3e-06
0.001304 4e-06
0.001353 3e-06
0.001305 5e-06
0.001308 4e-06
0.001301 5e-06
0.001306 3e-06
0.001311 3e-06
0.001294 2e-06
0.001265 4e-06
0.001126 2e-06
0.001081 2e-06
0.0013 2e-06
0.001297 4e-06
0.00131 2e-06
0.001298 4e-06
0.001307 2e-06
0.001306 4e-06
0.001296 3e-06
0.00131 2e-06
0.001294 4e-06
0.001307 3e-06
0.001309 3e-06
0.001293 3e-06
0.001318 4e-06
0.0013 5e-06
0.001298 3e-06
0.001305 4e-06
0.001315 4e-06
0.001335 4e-06
0.001297 3e-06
0.001302 3e-06
0.001302 3e-06
0.001299 3e-06
0.001304 3e-06
0.001305 4e-06
0.001299 4e-06
0.001292 3e-06
0.001295 4e-06
0.0013 4e-06
0.001311 5e-06
0.001308 4e-06
0.001305 4e-06
0.001311 5e-06
0.001306 4e-06
0.001304 4e-06
0.001304 4e-06
0.001292 3e-06
0.001314 3e-06
0.001303 5e-06
0.001299 4e-06
0.001311 3e-06
0.001304 3e-06
0.0013 3e-06
0.001301 4e-06
0.001301 4e-06
0.001307 5e-06
0.001301 3e-06
0.001309 3e-06
0.001302 5e-06
0.001298 5e-06
0.001308 3e-06
0.001303 4e-06
0.001301 3e-06
0.001298 3e-06
0.001303 4e-06
0.001305 3e-06
0.001291 3e-06
0.001306 4e-06
0.001305 2e-06
0.001314 3e-06
0.001299 5e-06
0.001303 3e-06
0.0013 3e-06
0.0013 4e-06
0.001317 4e-06
0.001303 3e-06
0.0013 3e-06
0.001293 3e-06
0.001299 3e-06
0.001303 5e-06
0.001292 4e-06
0.001311 4e-06
0.001304 3e-06
0.001183 3e-06
0.001179 3e-06
0.001088 2e-06
0.001084 1e-06
0.001304 3e-06
0.0013 4e-06
0.001301 3e-06
0.001301 4e-06
0.001307 3e-06
0.001296 4e-06
0.001298 4e-06
0.001301 4e-06
0.001302 5e-06
0.001318 3e-06
0.001305 4e-06
0.001298 3e-06
0.001308 3e-06
0.001301 6e-06
0.001299 4e-06
0.001294 3e-06
0.001321 3e-06
0.001302 5e-06
0.001313 3e-06
0.001301 5e-06
0.001305 4e-06
0.001299 4e-06
0.00131 4e-06
0.001304 4e-06
0.001304 3e-06
0.001295 4e-06
0.001305 4e-06
0.001294 4e-06
0.001295 4e-06
0.001292 4e-06
0.001293 4e-06
0.001302 4e-06
0.001297 2e-06
0.001302 4e-06
0.001303 5e-06
0.001294 2e-06
0.001304 2e-06
0.001288 4e-06
0.001302 5e-06
0.001302 2e-06
0.001294 4e-06
0.001303 4e-06
0.001298 3e-06
0.001285 5e-06
0.001314 3e-06
0.001296 3e-06
0.001305 4e-06
0.001307 5e-06
0.001298 4e-06
0.001303 3e-06
0.001311 4e-06
0.001299 5e-06
0.001302 3e-06
0.001307 4e-06
0.001297 4e-06
0.001292 4e-06
0.0013 5e-06
0.001306 4e-06
0.0013 3e-06
0.001302 3e-06
0.001311 3e-06
0.001301 3e-06
0.001294 2e-06
0.001299 3e-06
0.001307 3e-06
0.001308 3e-06
0.001306 3e-06
0.0013 3e-06
0.001299 5e-06
0.001299 3e-06
0.00131 4e-06
0.001304 4e-06
0.001099 3e-06
0.001089 3e-06
0.001096 3e-06
0.001037 3e-06
0.001303 4e-06
0.001295 5e-06
0.001305 3e-06
0.001299 4e-06
0.001303 4e-06
0.0013 3e-06
0.001313 4e-06
0.001295 4e-06
0.001295 3e-06
0.001294 2e-06
0.001299 5e-06
0.001305 3e-06
0.001299 4e-06
0.001296 3e-06
0.001318 4e-06
0.001313 3e-06
0.001314 5e-06
0.001314 5e-06
0.0013 3e-06
0.001316 3e-06
0.00131 2e-06
0.001294 3e-06
0.001362 3e-06
0.001296 4e-06
0.001369 3e-06
0.001305 3e-06
0.001347 4e-06
0.001293 3e-06
0.001346 5e-06
0.001296 4e-06
0.001311 5e-06
0.0013 4e-06
0.001301 3e-06
0.001299 5e-06
0.001296 4e-06
0.001299 2e-06
0.001358 4e-06
0.001308 3e-06
0.001371 3e-06
0.001296 3e-06
0.001328 3e-06
0.001328 3e-06
0.001659 5e-06
0.00129 3e-06
0.001307 5e-06
0.001295 4e-06
0.001294 4e-06
0.001292 5e-06
0.001301 4e-06
0.001297 4e-06
0.001297 4e-06
0.001358 4e-06
0.001312 4e-06
0.001455 3e-06
0.00134 3e-06
0.001402 3e-06
0.001311 7e-06
0.001308 4e-06
0.001298 3e-06
0.001296 4e-06
0.001294 4e-06
0.001302 3e-06
0.001303 3e-06
0.0013 3e-06
0.001304 3e-06
0.001297 3e-06
0.001303 4e-06
0.001287 4e-06
0.001302 4e-06
0.001303 3e-06
0.00131 4e-06
0.001187 3e-06
0.001086 3e-06
0.001085 2e-06
0.001088 2e-06
0.001302 5e-06
0.001297 3e-06
0.001307 3e-06
0.001307 3e-06
0.001296 5e-06
0.001305 2e-06
0.001306 5e-06
0.001301 3e-06
0.001295 5e-06
0.001298 3e-06
0.001301 3e-06
0.001309 3e-06
0.001306 3e-06
0.001317 4e-06
0.001304 3e-06
0.001312 3e-06
0.001299 5e-06
0.001402 4e-06
0.001298 3e-06
0.0013 3e-06
0.0013 2e-06
0.001299 4e-06
0.001287 5e-06
0.001325 3e-06
