0.016186 1.9e-05
0.016121 2e-05
0.016379 2.1e-05
0.015969 1.9e-05
0.016404 1.9e-05
0.016459 2.1e-05
0.016187 2.1e-05
0.0163 1.8e-05
0.016157 2.1e-05
0.016503 1.8e-05
0.016587 2.1e-05
0.016184 2.2e-05
0.016459 2e-05
0.016252 1.4e-05
0.015182 1.3e-05
0.01627 2e-05
0.016254 1.8e-05
0.016196 2e-05
0.016358 1.6e-05
0.016405 1.6e-05
0.015746 1.9e-05
0.016458 2.4e-05
0.016257 1.8e-05
0.016391 1.8e-05
0.016446 2.4e-05
0.016369 2.1e-05
0.016435 2e-05
0.016578 1.8e-05
0.016407 1.8e-05
0.016305 1.8e-05
0.016338 1.6e-05
0.016071 2.2e-05
0.016543 2.2e-05
0.016508 1.4e-05
0.016405 2.4e-05
0.016443 1.7e-05
0.016398 2.2e-05
0.01655 1.6e-05
0.016918 2e-05
0.016459 2e-05
0.016401 2e-05
0.016388 1.9e-05
0.015235 1.7e-05
0.016162 2.3e-05
0.016224 1.7e-05
0.016223 2e-05
0.016207 1.7e-05
0.016191 1.9e-05
0.015458 2.3e-05
0.016276 2.2e-05
0.016241 2.2e-05
0.016512 3e-05
0.016114 2.1e-05
0.016162 1.8e-05
0.016175 2.3e-05
0.016578 1.6e-05
0.016447 1.3e-05
0.016219 2e-05
0.016139 1.9e-05
0.016128 1.6e-05
0.0162 2.1e-05
0.016241 1.6e-05
0.016441 2.3e-05
0.016212 1.6e-05
0.016197 1.6e-05
0.014729 1.3e-05
0.016292 2.1e-05
0.01619 1.9e-05
0.016441 1.8e-05
0.016453 1.8e-05
0.016328 2.1e-05
0.016069 1.9e-05
0.01628 2.7e-05
0.016282 2.1e-05
0.016168 2.1e-05
0.016455 1.9e-05
0.016497 2.1e-05
0.016235 1.8e-05
0.01632 2.4e-05
0.01628 1.8e-05
0.016614 2.4e-05
0.016177 1.6e-05
0.016058 1.7e-05
0.016783 2e-05
0.016178 1.9e-05
0.016318 2.2e-05
0.016367 2.1e-05
0.01636 2e-05
0.014399 1.8e-05
0.016209 1.8e-05
0.016272 1.8e-05
0.016112 1.4e-05
0.01617 2e-05
0.016135 2.4e-05
0.016288 1.9e-05
0.016425 1.9e-05
0.016236 1.8e-05
0.016124 1.6e-05
0.016135 1.8e-05
0.016295 2.1e-05
0.016276 2.1e-05
0.016493 1.7e-05
0.016311 2.2e-05
0.016179 1.9e-05
0.016373 2.4e-05
0.016246 1.8e-05
0.016526 2.1e-05
0.016612 2.2e-05
0.016487 1.9e-05
0.016099 2.2e-05
0.016161 1.9e-05
0.014233 2.1e-05
0.016249 2.1e-05
0.016267 1.4e-05
0.016476 1.5e-05
0.016232 1.7e-05
0.016347 2.2e-05
0.01622 2.7e-05
0.016868 2.3e-05
0.016494 2.4e-05
0.016155 1.2e-05
0.016227 1.9e-05
0.016204 2.3e-05
0.016497 1.9e-05
0.016368 2.1e-05
0.016175 2e-05
0.016149 2.1e-05
0.016113 2.3e-05
0.015357 1.7e-05
0.016219 2.2e-05
0.016256 1.8e-05
0.016154 2e-05
0.016355 1.9e-05
0.016303 1.9e-05
0.015167 1.7e-05
0.016256 2.1e-05
0.016231 1.7e-05
0.016189 1.9e-05
0.016147 1.6e-05
0.016117 2.2e-05
0.016194 2.7e-05
0.016394 1.9e-05
0.016185 1.8e-05
0.016307 2e-05
0.016145 2.4e-05
0.016124 1.9e-05
0.016272 1.5e-05
0.016453 2.3e-05
0.016169 1.8e-05
0.016153 1.5e-05
0.016187 2.6e-05
0.015443 1.2e-05
0.016505 2.7e-05
0.01645 2.4e-05
0.016422 2.6e-05
0.016386 1.6e-05
0.016335 1.5e-05
0.016483 1.8e-05
0.016921 2.2e-05
0.017179 2.1e-05
0.016437 1.7e-05
0.01656 2.7e-05
0.016516 1.9e-05
0.016471 1.7e-05
0.016434 1.7e-05
0.016436 1.7e-05
0.016292 2.1e-05
0.016363 1.6e-05
0.015054 2.1e-05
0.016557 2e-05
0.016241 2.4e-05
0.016256 2.4e-05
0.016128 1.7e-05
0.016244 2.3e-05
0.016212 1.8e-05
0.016595 1.8e-05
0.016178 1.4e-05
0.016209 1.6e-05
0.016163 2.1e-05
0.016259 2.3e-05
0.016211 2.4e-05
0.016453 2.4e-05
0.016204 2.1e-05
0.016239 2.2e-05
0.016161 2e-05
0.01529 2e-05
0.016248 2e-05
0.016262 2.3e-05
0.016228 1.8e-05
0.016247 2.1e-05
0.016285 2.4e-05
0.015519 1.6e-05
0.016195 2e-05
0.016271 2e-05
0.01628 1.8e-05
0.016111 1.8e-05
0.014375 1.1e-05
0.016238 1.8e-05
0.016403 2.2e-05
0.016207 1.2e-05
0.015661 1.3e-05
0.013139 2.5e-05
0.016218 1.3e-05
0.016204 2.7e-05
0.016122 1.3e-05
0.016277 1.9e-05
0.016255 2.2e-05
0.016707 1.9e-05
0.017839 2.2e-05
0.016249 1.9e-05
0.01628 2.2e-05
0.015263 1.3e-05
0.016144 1.8e-05
0.016416 2.1e-05
0.016478 1.6e-05
0.016469 1.9e-05
0.016438 1.5e-05
0.016538 2.7e-05
0.017199 2e-05
0.018418 1.7e-05
0.016398 2.1e-05
0.016371 1.3e-05
0.016407 2.2e-05
0.016479 2.6e-05
0.016448 2.3e-05
0.01644 2.1e-05
0.016429 2.2e-05
0.016391 2.2e-05
0.015248 2e-05
0.016445 1.9e-05
0.016417 2.1e-05
0.016364 1.9e-05
0.016179 2.2e-05
0.016122 1.4e-05
0.01619 2e-05
0.016781 6.7e-05
0.016405 1.9e-05
0.016469 2.4e-05
0.016297 2.3e-05
0.016243 1.4e-05
0.016232 1.8e-05
0.016512 1.6e-05
0.01634 2.3e-05
0.016499 2.7e-05
0.016435 1.4e-05
0.015456 1.9e-05
0.016449 2e-05
0.016598 2.4e-05
0.016259 2.1e-05
0.016137 1.4e-05
0.016259 2.4e-05
0.016034 2e-05
0.016523 3.1e-05
0.016438 1.7e-05
0.016329 1.9e-05
0.016474 2.1e-05
0.016356 1.5e-05
0.016597 2.6e-05
0.01678 2.3e-05
0.016517 1.8e-05
0.016431 2.3e-05
0.016398 2.2e-05
0.015864 1.8e-05
0.016482 2.2e-05
0.016468 2e-05
0.016578 2.1e-05
0.01658 2.5e-05
0.016444 2.5e-05
0.01661 1.8e-05
0.016512 2.4e-05
0.016172 1.7e-05
0.016409 1.3e-05
0.016186 2.8e-05
0.01628 2.3e-05
0.016792 2.2e-05
0.021667 2.5e-05
0.016636 2.1e-05
0.022073 3.1e-05
0.022748 3e-05
0.016446 1.6e-05
0.016737 1.9e-05
0.016474 2.7e-05
0.016328 2.5e-05
0.016487 1.6e-05
0.015324 1.4e-05
0.016793 1.8e-05
0.016456 2.8e-05
0.016444 2.2e-05
0.01699 2.1e-05
0.016481 2.8e-05
0.016479 2.1e-05
0.016991 2.2e-05
0.016419 2e-05
0.016436 1.9e-05
0.016508 2e-05
0.016321 2.8e-05
0.016362 2.7e-05
0.01634 1.6e-05
0.01615 2.2e-05
0.016135 2.3e-05
0.0161 2e-05
0.014727 1.7e-05
0.016362 1.8e-05
0.016512 1.7e-05
0.016238 1.6e-05
0.016215 1.6e-05
0.016206 1.6e-05
0.017266 3.1e-05
0.016542 1.8e-05
0.016265 2.3e-05
0.016213 2.4e-05
0.016188 1.6e-05
0.016158 2.1e-05
0.016343 1.8e-05
0.016315 1.7e-05
0.016138 1.9e-05
0.016102 1.9e-05
0.016141 2.1e-05
0.015176 1.5e-05
0.016227 1.6e-05
0.016285 2e-05
0.016178 2e-05
0.016305 2.8e-05
0.016283 2e-05
0.016454 1.5e-05
0.016913 1.5e-05
0.01623 1.6e-05
0.016208 2.2e-05
0.01617 1.8e-05
0.016263 1.8e-05
0.01619 2.8e-05
0.0166 1.8e-05
0.016298 2.7e-05
0.016188 2.1e-05
0.016398 2.7e-05
0.015614 2e-05
0.016301 1.8e-05
0.016406 1.8e-05
0.01611 2e-05
0.016108 1.8e-05
0.016571 1.9e-05
0.016402 2.3e-05
0.017227 1.8e-05
0.016448 1.8e-05
0.016154 1.4e-05
0.016123 1.9e-05
0.016095 1.8e-05
0.016622 1.8e-05
0.016318 1.7e-05
0.016206 1.5e-05
0.016118 2.2e-05
0.016359 2e-05
0.015027 1.9e-05
0.016429 2.2e-05
0.016301 1.9e-05
0.016194 1.4e-05
0.016134 2.3e-05
0.016121 2.4e-05
0.016235 2.3e-05
0.016651 2.3e-05
0.016511 2.4e-05
0.016212 1.5e-05
0.016104 2.1e-05
0.016202 1.9e-05
0.016255 2.4e-05
0.0163 1.8e-05
0.016275 2e-05
0.016169 2.3e-05
0.016169 2e-05
0.014866 2.3e-05
0.016265 2.3e-05
0.016287 2e-05
0.016149 1.6e-05
0.018471 2.2e-05
0.016195 2.1e-05
0.015778 1.8e-05
0.016294 2.4e-05
0.016399 1.5e-05
0.016157 2.3e-05
0.01633 2.2e-05
0.016201 2.3e-05
0.016308 1.7e-05
0.016489 1.3e-05
0.016254 1.7e-05
0.016246 2e-05
0.01639 1.6e-05
0.016317 2e-05
0.016366 2.5e-05
0.016367 1.9e-05
0.016408 1.7e-05
0.016143 2.5e-05
0.01617 1.5e-05
0.014835 1.9e-05
0.016398 2e-05
0.016266 2.4e-05
0.016311 1.4e-05
0.016187 1.7e-05
0.016161 1.8e-05
0.015738 1.8e-05
0.016413 1.8e-05
0.016213 2.4e-05
0.016198 2.1e-05
0.016265 1.7e-05
0.016174 1.9e-05
0.016229 2.2e-05
0.016471 2.1e-05
0.016229 2e-05
0.016121 1.9e-05
0.01638 2e-05
0.015832 2.1e-05
0.016346 2.6e-05
0.016292 2.2e-05
0.016354 2.6e-05
0.016315 2.1e-05
0.016478 1.7e-05
0.015531 2.2e-05
0.016618 2.4e-05
0.016296 1.8e-05
0.016608 1.8e-05
0.016485 2.1e-05
0.016455 2.2e-05
0.017358 2.7e-05
0.017337 2.8e-05
0.016361 1.7e-05
0.016324 1.5e-05
0.016785 1.6e-05
0.015437 1.9e-05
0.016973 6.8e-05
0.016882 1.9e-05
0.01684 1.7e-05
0.016835 1.8e-05
0.016971 1.9e-05
0.01648 1.4e-05
0.016966 2.8e-05
0.016322 2.3e-05
0.016401 2.6e-05
0.016377 1.5e-05
0.015015 1.5e-05
0.016277 1.6e-05
0.016334 1.7e-05
0.016247 1.6e-05
0.016562 2.3e-05
0.016601 2.3e-05
0.016707 2.4e-05
0.016598 2.2e-05
0.016492 2.3e-05
0.016196 2.1e-05
0.016157 2e-05
0.016481 1.9e-05
0.016434 2.3e-05
0.017426 2.4e-05
0.016972 1.6e-05
0.016535 2.2e-05
0.016428 2.3e-05
0.015145 1.3e-05
0.01725 2e-05
0.016441 1.9e-05
0.016421 2e-05
0.016452 1.8e-05
0.016598 2.1e-05
0.016184 1.6e-05
0.016751 2.8e-05
0.016386 2.4e-05
0.016601 2.1e-05
0.01666 2.3e-05
0.016468 1.5e-05
0.016541 2e-05
0.016457 2.1e-05
0.016832 2.2e-05
0.016425 2.3e-05
0.016492 2.3e-05
0.014649 1.9e-05
0.016185 2.7e-05
0.016242 1.6e-05
0.016182 2e-05
0.016211 2.5e-05
0.016112 2.1e-05
0.0164 2.3e-05
0.016737 2.7e-05
0.016446 1.7e-05
0.016366 1.9e-05
0.016348 2.3e-05
0.016552 1.7e-05
0.01651 2.1e-05
0.016867 1.8e-05
0.016426 2.4e-05
0.016336 2.2e-05
0.016455 2.4e-05
0.015728 2.2e-05
0.016532 1.4e-05
0.016614 2e-05
0.017453 2.3e-05
0.01724 1.9e-05
0.016444 2.4e-05
0.016381 2.3e-05
0.016467 2.3e-05
0.016431 2.1e-05
0.016402 2.3e-05
0.01637 1.8e-05
0.015365 1.5e-05
0.016321 2.3e-05
0.016292 2e-05
0.016364 2.6e-05
0.016178 2.1e-05
0.016075 2.9e-05
0.016873 2.3e-05
0.016493 2.6e-05
0.016188 1.8e-05
0.016214 1.1e-05
0.016155 1.7e-05
0.016135 1.7e-05
0.016448 2.5e-05
0.016599 1.7e-05
0.016206 2.3e-05
0.017127 2e-05
0.016259 2.2e-05
0.01546 1.2e-05
0.016376 2.1e-05
0.016431 2.3e-05
0.016452 2.6e-05
0.016265 2.1e-05
0.016472 1.7e-05
0.017661 2.4e-05
0.016895 3.1e-05
0.016333 1.6e-05
0.016394 1.9e-05
0.016412 1.5e-05
0.016337 2.7e-05
0.016484 1.8e-05
0.016502 2.7e-05
0.016568 2.6e-05
0.016415 1.5e-05
0.016433 2.1e-05
0.014699 1.6e-05
0.016509 1.9e-05
0.016461 2.6e-05
0.016122 1.5e-05
0.016278 1.7e-05
0.016213 1.9e-05
0.016017 2.5e-05
0.016438 1.2e-05
0.016274 1.6e-05
0.016153 1.5e-05
0.016263 2.4e-05
0.016095 1.8e-05
0.016312 2.6e-05
0.016428 2.1e-05
0.016503 1.9e-05
0.01664 1.8e-05
0.016558 1.6e-05
0.015234 1.9e-05
0.016511 1.8e-05
0.016471 2e-05
0.016377 1.4e-05
0.016436 1.9e-05
0.016541 2.3e-05
0.016478 1.9e-05
0.017006 2.3e-05
0.016412 1.8e-05
0.016505 2.2e-05
0.016348 1.8e-05
0.016434 1.9e-05
0.01652 1.6e-05
0.017094 1.5e-05
0.016889 3.3e-05
0.016414 1.9e-05
0.016218 2.3e-05
0.015266 1.3e-05
0.016539 2.9e-05
0.016324 2.4e-05
0.016127 2.5e-05
0.016171 2.8e-05
0.016182 2.2e-05
0.015964 1.6e-05
0.016504 1.6e-05
0.016312 2.2e-05
0.016134 2.2e-05
0.016138 1.8e-05
0.016251 1.9e-05
0.016319 1.8e-05
0.016397 2.3e-05
0.016241 2.3e-05
0.016109 2.1e-05
0.016506 2e-05
0.015891 1.7e-05
0.016259 2.1e-05
0.016457 2.6e-05
0.016421 1.6e-05
0.016269 1.7e-05
0.016396 1.7e-05
0.015059 1.8e-05
0.016269 2.4e-05
0.016335 1.6e-05
0.016463 1.9e-05
0.016359 1.7e-05
0.016398 2.6e-05
0.016512 1.7e-05
0.016983 1.8e-05
0.016389 2.1e-05
0.016438 2e-05
0.016447 2.2e-05
0.016208 1.5e-05
0.016423 1.9e-05
0.016434 2e-05
0.016445 1.5e-05
0.016393 2.1e-05
0.016853 2.3e-05
0.015147 1.8e-05
0.016547 2.3e-05
0.01651 2.3e-05
0.016347 1.8e-05
0.016434 2.2e-05
0.016192 2.2e-05
0.016394 2.4e-05
0.016436 2.6e-05
0.016238 2.2e-05
0.016274 1.8e-05
0.016178 1.8e-05
0.01619 1.7e-05
0.016245 1.2e-05
0.016233 1.9e-05
0.016878 2.1e-05
0.016219 2.6e-05
0.016162 1.9e-05
0.014534 2e-05
0.016484 2.3e-05
0.016289 2.1e-05
0.016186 1.9e-05
0.01617 2.3e-05
0.016186 1.7e-05
0.015913 2.1e-05
0.016588 1.8e-05
0.016222 2.7e-05
0.016183 1.7e-05
0.016266 1.8e-05
0.016256 2.5e-05
0.016297 2.4e-05
0.01645 1.7e-05
0.016204 1.6e-05
0.016157 2.4e-05
0.016129 2e-05
0.015996 1.8e-05
0.016179 2.2e-05
0.01626 2.3e-05
0.016134 2.1e-05
0.016404 1.7e-05
0.01616 1.7e-05
0.015546 2.1e-05
0.016258 2.4e-05
0.016444 1.7e-05
0.016157 1.9e-05
0.016176 2.3e-05
0.016167 1.8e-05
0.016241 1.9e-05
0.016611 2.7e-05
0.016234 1.7e-05
0.016138 1.8e-05
0.016142 2.6e-05
0.01618 2.1e-05
0.016168 2.4e-05
0.01697 1.8e-05
0.016434 1.7e-05
0.016457 1.6e-05
0.01641 1.8e-05
0.01575 1.9e-05
0.016464 2.3e-05
0.016515 2e-05
0.016416 1.5e-05
0.016397 2e-05
0.016417 2.1e-05
0.01643 1.4e-05
0.016539 2.6e-05
0.016451 1.7e-05
0.016486 1.6e-05
0.016355 2e-05
0.016407 2.1e-05
0.016479 2.4e-05
0.016618 2.9e-05
0.016367 2.2e-05
0.016109 1.8e-05
0.016232 1.9e-05
0.013985 2.2e-05
0.016389 2e-05
0.016383 1.7e-05
0.016116 1.9e-05
0.016223 1.6e-05
0.016124 2.4e-05
0.018071 2.6e-05
0.020319 2.1e-05
0.019657 2.7e-05
0.019706 1.9e-05
0.019703 2.7e-05
0.019784 1.9e-05
0.019894 2.6e-05
0.01942 1.7e-05
0.01983 1.6e-05
0.016703 2.5e-05
0.02094 2.1e-05
0.022907 3.5e-05
0.019675 2.4e-05
0.01975 2.1e-05
0.019886 2.1e-05
0.019652 2.4e-05
0.01969 2.6e-05
0.019609 1.9e-05
0.017007 2.5e-05
0.020899 3.3e-05
0.019747 3.2e-05
0.019614 2.2e-05
0.019646 2.3e-05
0.01971 2.8e-05
0.019754 2.4e-05
0.019712 1.9e-05
0.01966 2.8e-05
0.016735 2.5e-05
0.020298 1.9e-05
0.01986 1.8e-05
0.019673 2.2e-05
0.019655 2.6e-05
0.019757 1.9e-05
0.019743 2e-05
0.019723 2.3e-05
0.019796 1.9e-05
0.018322 2.1e-05
0.019761 2.8e-05
0.019675 2.9e-05
0.019557 2.3e-05
0.019623 1.9e-05
0.017769 2e-05
0.020658 2.5e-05
0.019699 2.9e-05
0.019595 2.8e-05
0.019736 2.5e-05
0.01987 2.7e-05
0.019863 3e-05
0.019708 3.1e-05
0.019684 2.4e-05
0.016065 2.8e-05
0.02076 2.8e-05
0.019788 2.4e-05
0.019689 2.7e-05
0.019531 1.8e-05
0.01966 2.7e-05
0.01969 2e-05
0.019728 3e-05
0.019468 2.4e-05
0.01787 1.3e-05
0.019703 2.7e-05
0.019674 2.1e-05
0.019636 2e-05
0.019447 2.9e-05
0.018698 3.2e-05
0.020294 2.2e-05
0.019639 2.7e-05
0.019542 2.3e-05
0.019601 2.4e-05
0.013024 1.4e-05
0.019545 3e-05
0.019557 3e-05
0.019626 1.6e-05
0.015908 2.9e-05
0.0206 2.8e-05
0.019591 1.6e-05
0.019528 1.8e-05
0.019391 2.5e-05
0.019684 2.6e-05
0.019675 2.3e-05
0.019507 2.7e-05
0.019532 2.7e-05
0.018208 2e-05
0.019907 2.5e-05
0.019666 2.4e-05
0.018791 1.6e-05
0.019861 1.6e-05
0.020097 2.3e-05
0.019846 1.9e-05
0.019854 2.3e-05
0.019777 2.9e-05
0.018042 1.3e-05
0.02005 1.8e-05
0.019839 2.2e-05
0.019851 2.7e-05
0.019722 2.6e-05
0.020098 2.6e-05
0.01977 2.4e-05
0.019745 2.6e-05
0.019825 2.2e-05
0.018885 1.5e-05
0.019781 2.6e-05
0.019862 2e-05
0.019713 1.6e-05
0.019714 2e-05
0.019841 2.1e-05
0.0202 2e-05
0.019684 1.7e-05
0.019736 2e-05
0.019663 2.1e-05
0.019904 2.4e-05
0.019815 2.3e-05
0.019865 2.9e-05
0.019791 2.8e-05
0.018181 2.9e-05
0.020639 2.2e-05
0.01979 2e-05
0.019745 2.5e-05
0.019649 2e-05
0.019934 2.3e-05
0.01986 2.8e-05
0.019738 2e-05
0.01981 1.8e-05
0.016671 2.7e-05
0.020905 2.1e-05
0.01982 2.9e-05
0.019788 3.1e-05
0.019721 2.7e-05
0.019856 2e-05
0.01977 2.6e-05
0.019795 2e-05
0.019751 1.8e-05
0.015442 2.8e-05
0.020189 2.6e-05
0.019736 2.5e-05
0.019703 2e-05
0.019792 1.9e-05
0.019765 2.5e-05
0.019801 2.4e-05
0.019658 2.2e-05
0.019617 2.6e-05
0.016645 1.8e-05
0.01974 2.1e-05
0.019733 3.2e-05
0.019569 2.3e-05
0.019609 2.4e-05
0.019163 2.7e-05
0.020279 2.4e-05
0.019725 2.2e-05
0.019544 2.7e-05
0.019678 3e-05
0.019667 2.8e-05
0.019754 2.3e-05
0.019628 1.9e-05
0.019609 2.8e-05
0.015284 2.5e-05
0.020633 2.8e-05
0.019739 2.3e-05
0.019677 1.9e-05
0.019546 2.4e-05
0.019796 3.1e-05
0.019813 2.9e-05
0.019649 2.5e-05
0.019556 2.2e-05
0.017488 1.5e-05
0.019794 2.6e-05
0.019768 2.1e-05
0.019727 2.6e-05
0.019628 2.3e-05
0.019914 2.8e-05
0.020308 1.9e-05
0.019666 2.8e-05
0.019671 2.4e-05
0.019677 2.2e-05
0.019721 2.3e-05
0.019748 2.1e-05
0.019743 2.3e-05
0.019609 2.1e-05
0.016981 2.3e-05
0.020554 3.2e-05
0.019815 1.7e-05
0.01968 2.8e-05
0.019564 2.9e-05
0.019779 2.7e-05
0.019757 2.7e-05
0.019675 2.1e-05
0.019653 2.7e-05
0.017211 1.8e-05
0.019945 3e-05
0.019637 2e-05
0.019562 2.3e-05
0.019609 2.4e-05
0.0198 2.7e-05
0.019606 1.7e-05
0.019698 2.3e-05
0.019641 2.3e-05
0.019474 1.3e-05
0.019737 1.8e-05
0.019721 2.4e-05
0.019636 1.9e-05
0.019497 1.8e-05
0.016778 2.9e-05
0.020608 2.3e-05
0.019678 1.4e-05
0.019681 2.1e-05
0.019645 1.6e-05
0.01971 1.4e-05
0.019756 2.2e-05
0.019639 2.3e-05
0.019506 2.9e-05
0.016437 1.9e-05
0.020077 2.4e-05
0.019673 2e-05
0.019676 2.3e-05
0.019714 2.5e-05
0.019734 2.2e-05
0.019841 2.5e-05
0.019661 2.2e-05
0.019698 1.9e-05
0.019723 2.3e-05
0.019843 2.3e-05
0.019756 1.9e-05
0.019529 3e-05
0.019728 2.2e-05
0.017535 2.5e-05
0.020611 2.8e-05
0.019872 2e-05
0.019558 2.1e-05
0.019696 1.9e-05
0.019792 2.2e-05
0.019766 2.3e-05
0.019703 2.1e-05
0.019637 2e-05
0.015364 1.6e-05
0.01998 2.2e-05
0.019662 1.6e-05
0.019621 2.4e-05
0.019524 2.9e-05
0.019717 2.5e-05
0.019688 2.2e-05
0.019654 1.9e-05
0.019675 3e-05
0.01839 1.2e-05
0.019554 2.2e-05
0.019641 2.1e-05
0.019674 2.6e-05
0.019592 2.6e-05
0.017698 3e-05
0.020519 2.8e-05
0.019671 2.3e-05
0.019592 3e-05
0.019567 2.3e-05
0.019779 1.9e-05
0.019701 2.7e-05
0.019682 1.4e-05
0.019614 2.9e-05
0.015987 2.9e-05
0.020284 2.1e-05
0.019679 3.3e-05
0.019508 2.4e-05
0.019593 2.9e-05
0.019788 1.7e-05
0.01968 2.5e-05
0.019691 2.5e-05
0.019597 1.6e-05
0.017917 2.2e-05
0.019844 2e-05
0.019751 2.5e-05
0.019745 2e-05
0.019546 2.3e-05
0.019568 2.3e-05
0.020303 1.7e-05
0.019675 2.3e-05
0.019674 2.3e-05
0.019518 1.7e-05
0.019835 2e-05
0.019746 2.5e-05
0.019607 1.8e-05
0.019696 2.6e-05
0.015152 2.6e-05
0.020441 6.6e-05
0.019739 2.4e-05
0.01968 2.1e-05
0.019661 2.6e-05
0.019675 2.3e-05
0.019956 2.9e-05
0.019813 1.9e-05
0.019565 2.7e-05
0.01862 1.3e-05
0.01977 2.4e-05
0.019728 2.6e-05
0.019642 2.3e-05
0.019753 2.7e-05
0.018773 2.5e-05
0.020639 3.2e-05
0.019768 2.6e-05
0.019705 2.7e-05
0.019591 1.9e-05
0.01982 2.8e-05
0.019767 2.6e-05
0.019652 1.9e-05
0.019699 2.1e-05
0.016464 3.1e-05
0.0206 2.6e-05
0.019715 1.9e-05
0.019471 1.7e-05
0.019492 2e-05
0.01968 2.3e-05
0.019773 1.9e-05
0.019647 2.2e-05
0.019539 2.5e-05
0.01742 2.2e-05
0.01978 2.4e-05
