0.004336 2e-05
0.004346 1.9e-05
0.004329 1.4e-05
0.004341 1.7e-05
0.004354 1.7e-05
0.004337 1.5e-05
0.004319 1.8e-05
0.004355 1.8e-05
0.004322 2.2e-05
0.004344 1.7e-05
0.004326 2.4e-05
0.00433 2.4e-05
0.00432 1.8e-05
0.004322 2e-05
0.004313 2.4e-05
0.004349 2.3e-05
0.004316 1.4e-05
0.004334 1.8e-05
0.004321 1.4e-05
0.004342 1.9e-05
0.004103 1.3e-05
0.004005 1.8e-05
0.004331 2.1e-05
0.00433 2.1e-05
0.004315 1.8e-05
0.004337 1.6e-05
0.004395 2.5e-05
0.004351 1.7e-05
0.004315 2e-05
0.004338 1.5e-05
0.004315 2.6e-05
0.004341 1.7e-05
0.004319 2.5e-05
0.004322 1.8e-05
0.004306 1.8e-05
0.004329 1.4e-05
0.004314 2e-05
0.00434 1.7e-05
0.004316 1.8e-05
0.004338 1.8e-05
0.004339 1.7e-05
0.004335 1.4e-05
0.004109 1.4e-05
0.004363 1.5e-05
0.004323 1.8e-05
0.004325 1.9e-05
0.00431 1.7e-05
0.004343 1.8e-05
0.004335 1.6e-05
0.004338 1.5e-05
0.004329 1.6e-05
0.004335 2e-05
0.004317 1.8e-05
0.00435 1.7e-05
0.004326 1.3e-05
0.004331 1.7e-05
0.00432 1.6e-05
0.004348 1.7e-05
0.004319 2.2e-05
0.004325 1.9e-05
0.00433 1.8e-05
0.004338 1.7e-05
0.004378 2.1e-05
0.004402 1.3e-05
0.003743 1.9e-05
0.004339 2e-05
0.004363 1.7e-05
0.00435 1.5e-05
0.004324 2e-05
0.004365 1.7e-05
0.004339 2.2e-05
0.004346 1.9e-05
0.004326 1.9e-05
0.004333 1.7e-05
0.004418 2.1e-05
0.004353 2.1e-05
0.004322 2.3e-05
0.004312 1.7e-05
0.004329 1.5e-05
0.00435 1.8e-05
0.004304 1.6e-05
0.00434 2.4e-05
0.004299 1.7e-05
0.004327 1.7e-05
0.004339 1.9e-05
0.00434 1.8e-05
0.003686 1.5e-05
0.004353 1.4e-05
0.004322 1.9e-05
0.004343 1.8e-05
0.004322 2.1e-05
0.004351 2.1e-05
0.004344 1.6e-05
0.004339 1.9e-05
0.00434 2e-05
0.004336 2.2e-05
0.004335 1.3e-05
0.004348 1.6e-05
0.004325 1.8e-05
0.004344 2.4e-05
0.004326 1.6e-05
0.00434 2.1e-05
0.004324 2.7e-05
0.004344 2e-05
0.004338 1.6e-05
0.004345 2.6e-05
0.004333 2e-05
0.004348 1.4e-05
0.003665 1.2e-05
0.004359 1.7e-05
0.004337 1.8e-05
0.004342 2e-05
0.004337 1.5e-05
0.004432 2.5e-05
0.004332 1.6e-05
0.004344 1.4e-05
0.004319 1.6e-05
0.004352 1.8e-05
0.004327 1.4e-05
0.00434 1.4e-05
0.004321 2.2e-05
0.004333 1.7e-05
0.004316 2.3e-05
0.004335 2.2e-05
0.004315 1.8e-05
0.004348 1.8e-05
0.004306 1.4e-05
0.004341 1.9e-05
0.004311 1.6e-05
0.004285 1.2e-05
0.003653 1.7e-05
0.004413 1.8e-05
0.004328 1.7e-05
0.004367 2.3e-05
0.004315 2.1e-05
0.004426 2e-05
0.004336 1.9e-05
0.004344 1.6e-05
0.004352 1.7e-05
0.004334 1.7e-05
0.004323 1.5e-05
0.004379 1.7e-05
0.00432 1.9e-05
0.00432 1.6e-05
0.004313 2.4e-05
0.004343 2.8e-05
0.004354 1.9e-05
0.004329 2e-05
0.004311 1.6e-05
0.004332 1.4e-05
0.004326 2.2e-05
0.004318 1.1e-05
0.003815 1.8e-05
0.004348 1.7e-05
0.004331 1.7e-05
0.004338 2e-05
0.004317 1.7e-05
0.004353 2.2e-05
0.004319 1.6e-05
0.004362 1.6e-05
0.004328 1.7e-05
0.004336 1.4e-05
0.00431 1.5e-05
0.004317 2.3e-05
0.004328 2.6e-05
0.004329 1.7e-05
0.004328 2.1e-05
0.004346 1.8e-05
0.004346 2.3e-05
0.004338 2e-05
0.004318 1.7e-05
0.004384 2.1e-05
0.004321 1.9e-05
0.004471 1.8e-05
0.004362 1.5e-05
0.004334 2.2e-05
0.004334 1.5e-05
0.004339 2.3e-05
0.004432 1.9e-05
0.0044 1.5e-05
0.004324 1.8e-05
0.004351 1.8e-05
0.004345 1.7e-05
0.004352 2.1e-05
0.004356 1.8e-05
0.004353 1.6e-05
0.004384 1.7e-05
0.004397 2e-05
0.004351 1.8e-05
0.004359 2e-05
0.004326 1.8e-05
0.004363 1.5e-05
0.004369 1.5e-05
0.00438 2.6e-05
0.00435 2.3e-05
0.00401 1.8e-05
0.004357 2.1e-05
0.004351 1.8e-05
0.004359 2.3e-05
0.004371 1.6e-05
0.004405 1.7e-05
0.004436 1.2e-05
0.004376 2.5e-05
0.004356 1.8e-05
0.004333 2.6e-05
0.004357 2.1e-05
0.004366 2.1e-05
0.004411 2e-05
0.004327 1.5e-05
0.004345 2.4e-05
0.004349 1.9e-05
0.004381 1.7e-05
0.004332 2.3e-05
0.004333 2.6e-05
0.00434 1.7e-05
0.004369 1.6e-05
0.004339 1.4e-05
0.00396 1e-05
0.004385 2e-05
0.00436 1.8e-05
0.00432 1.6e-05
0.004395 1.5e-05
0.004383 2.1e-05
0.00439 2e-05
0.004383 2.3e-05
0.004361 1.7e-05
0.00432 1.9e-05
0.004343 1.6e-05
0.004328 1.4e-05
0.004348 2e-05
0.004348 1.8e-05
0.004316 1.6e-05
0.004324 2.3e-05
0.004346 1.5e-05
0.004318 1.8e-05
0.004341 1.2e-05
0.004324 1.4e-05
0.004347 1.9e-05
0.004322 1.3e-05
0.004024 1.7e-05
0.004349 2.1e-05
0.004372 2.3e-05
0.004331 1.7e-05
0.004353 2e-05
0.004424 1.8e-05
0.004389 2.1e-05
0.004331 2.3e-05
0.004337 1.3e-05
0.004317 1.5e-05
0.004367 1.8e-05
0.004339 1.2e-05
0.004328 1.6e-05
0.004322 1.9e-05
0.00432 2e-05
0.004318 1.6e-05
0.004335 1.6e-05
0.00431 1.4e-05
0.004335 1.7e-05
0.004317 1.3e-05
0.004334 1.6e-05
0.004311 1.6e-05
0.00371 1.2e-05
0.004327 2e-05
0.004344 1.6e-05
0.004317 1.2e-05
0.004356 1.8e-05
0.004346 2.1e-05
0.004343 1.4e-05
0.004327 2.2e-05
0.004328 1.8e-05
0.004318 1.7e-05
0.004341 1.9e-05
0.004329 1.7e-05
0.004322 1.9e-05
0.004317 1.4e-05
0.004325 1.7e-05
0.004302 1.9e-05
0.004343 1.7e-05
0.004307 1.8e-05
0.004385 2.2e-05
0.004322 1.7e-05
0.004331 1.6e-05
0.004339 1.8e-05
0.003668 1.2e-05
0.004843 2.8e-05
0.004348 1.8e-05
0.004336 1.9e-05
0.004334 1.3e-05
0.00433 1.7e-05
0.004351 1.6e-05
0.004347 2.4e-05
0.004347 1.9e-05
0.004318 1.8e-05
0.004345 1.3e-05
0.004314 2.1e-05
0.004334 1.5e-05
0.00431 1.8e-05
0.00432 2e-05
0.004315 2.3e-05
0.004337 1.8e-05
0.004335 1.8e-05
0.004343 1.7e-05
0.004319 1.5e-05
0.004326 2.2e-05
0.004302 2.1e-05
0.003783 1.4e-05
0.004333 2e-05
0.004343 1.7e-05
0.004318 2e-05
0.00434 2e-05
0.004324 2.1e-05
0.00435 1.5e-05
0.004363 1.7e-05
0.00433 1.8e-05
0.004352 2e-05
0.004331 2e-05
0.004318 1.8e-05
0.00439 1.8e-05
0.004315 1.7e-05
0.004345 2.5e-05
0.004326 2.2e-05
0.004346 2.1e-05
0.004306 1.7e-05
0.004329 1.6e-05
0.004313 1.6e-05
0.004318 1.3e-05
0.00435 2e-05
0.004392 1.7e-05
0.004346 2e-05
0.004338 1.9e-05
0.00432 2e-05
0.004346 2.1e-05
0.004387 1.5e-05
0.004353 1.1e-05
0.004327 2.4e-05
0.004376 1.7e-05
0.004319 1.9e-05
0.004343 2.4e-05
0.004318 1.8e-05
0.004351 1.4e-05
0.004346 2.2e-05
0.004328 1.9e-05
0.004347 1.2e-05
0.004323 1.5e-05
0.004327 1.8e-05
0.00432 1.9e-05
0.004325 2.1e-05
0.004348 2e-05
0.003969 1.6e-05
0.004354 1.7e-05
0.004327 1.8e-05
0.004342 1.7e-05
0.004354 1.7e-05
0.004357 1.8e-05
0.004377 2.2e-05
0.004348 2.5e-05
0.004349 1.5e-05
0.004339 1.5e-05
0.004313 1.4e-05
0.004341 1.9e-05
0.004323 1.8e-05
0.004365 2e-05
0.0043 1.8e-05
0.00434 2.1e-05
0.004326 1.5e-05
0.004332 2.1e-05
0.004313 2.2e-05
0.00434 1.4e-05
0.004327 2.2e-05
0.004673 1.7e-05
0.003755 2.3e-05
0.004354 2e-05
0.004343 2.3e-05
0.004861 1.8e-05
0.004375 1.8e-05
0.004458 1.4e-05
0.004371 2.1e-05
0.004367 2e-05
0.004581 1.9e-05
0.006388 2.2e-05
0.005669 2.2e-05
0.004417 1.3e-05
0.004366 2.3e-05
0.004373 3.5e-05
0.004582 2e-05
0.005678 1.7e-05
0.005332 2.9e-05
0.005435 3.2e-05
0.005298 2.1e-05
0.005153 3.1e-05
0.005986 2.7e-05
0.004372 1.7e-05
0.004337 2.1e-05
0.004331 2.7e-05
0.004367 2.2e-05
0.004407 1.8e-05
0.004365 1.8e-05
0.004335 1.5e-05
0.004341 1.8e-05
0.004344 1.9e-05
0.004317 1.5e-05
0.004351 1.6e-05
0.004348 2.1e-05
0.004358 2.6e-05
0.004395 1.5e-05
0.006504 2.5e-05
0.00623 2.7e-05
0.004877 2.6e-05
0.004428 1.8e-05
0.004418 2e-05
0.004326 1.6e-05
0.004474 1.8e-05
0.004329 1.7e-05
0.004347 1.9e-05
0.004374 1.5e-05
0.004335 1.4e-05
0.004383 1.8e-05
0.004348 2.7e-05
0.004361 1.7e-05
0.004357 2.2e-05
0.004492 2.6e-05
0.004804 1.7e-05
0.004508 1.7e-05
0.004379 1.6e-05
0.004322 2.3e-05
0.004349 1.7e-05
0.004311 2.5e-05
0.004336 1.7e-05
0.004334 1.6e-05
0.004326 2e-05
0.004322 1.2e-05
0.004354 2e-05
0.004754 3.1e-05
0.005411 1.9e-05
0.004602 1.7e-05
0.004555 1.8e-05
0.005387 2.4e-05
0.005867 2.5e-05
0.005738 3.6e-05
0.005097 2.9e-05
0.005118 2.2e-05
0.004913 2.4e-05
0.004536 1.8e-05
0.004354 1.8e-05
0.004347 2.5e-05
0.004367 1.5e-05
0.00436 1.6e-05
0.004372 1.3e-05
0.004346 1.4e-05
0.004471 2.3e-05
0.004223 1.9e-05
0.004875 2.2e-05
0.004418 2.3e-05
0.004346 1.7e-05
0.004338 2.2e-05
0.004339 2.1e-05
0.004317 2.2e-05
0.00548 2.5e-05
0.005407 1.4e-05
0.004323 2e-05
0.005454 1.9e-05
0.004339 2.1e-05
0.004318 1.9e-05
0.00434 1.4e-05
0.004304 1.9e-05
0.004352 1.6e-05
0.003743 1.4e-05
0.003471 1.5e-05
0.003618 1.2e-05
0.00348 1.1e-05
0.003618 1.4e-05
0.003552 1.2e-05
0.004378 2.3e-05
0.004342 1.8e-05
0.004389 1.9e-05
0.004354 1.8e-05
0.004333 1.3e-05
0.004345 2e-05
0.004317 1.6e-05
0.004324 1.6e-05
0.00433 2.5e-05
0.004321 2.5e-05
0.004364 1.9e-05
0.004346 1.2e-05
0.004321 1.4e-05
0.004324 2.1e-05
0.003683 1.1e-05
0.004345 2.1e-05
0.004329 3.1e-05
0.004338 1.8e-05
0.004341 1.8e-05
0.004324 1.5e-05
0.004338 2e-05
0.00434 1.8e-05
0.004374 2.1e-05
0.004365 2e-05
0.004329 1.1e-05
0.004335 1.8e-05
0.004318 1.7e-05
0.004337 2.4e-05
0.004308 1.8e-05
0.004327 2e-05
0.004299 1.8e-05
0.004326 1.8e-05
0.004336 1.6e-05
0.004334 1.5e-05
0.004329 1.7e-05
0.004333 1.9e-05
0.003791 1.3e-05
0.00434 1.3e-05
0.004315 2.1e-05
0.00434 1.4e-05
0.004316 1.9e-05
0.004375 1.9e-05
0.004329 1.9e-05
0.004327 1.5e-05
0.004311 1.8e-05
0.004327 1.8e-05
0.00433 2.5e-05
0.004351 1.5e-05
0.004311 1.6e-05
0.004336 1.9e-05
0.004324 1.6e-05
0.004333 1.9e-05
0.004328 1.8e-05
0.00435 1.9e-05
0.004307 2.1e-05
0.004338 2.4e-05
0.004309 1.8e-05
0.00434 2.7e-05
0.004144 1.5e-05
0.004356 1.5e-05
0.004352 2.4e-05
0.004353 1.6e-05
0.00433 1.6e-05
0.004342 2e-05
0.004355 2.2e-05
0.004353 1.5e-05
0.004322 1.7e-05
0.004345 1.5e-05
0.004318 2.2e-05
0.004346 2.3e-05
0.004313 2e-05
0.004328 2.1e-05
0.004316 1.8e-05
0.004333 2e-05
0.004324 1.7e-05
0.004342 1.6e-05
0.004327 1.7e-05
0.004309 1.5e-05
0.004317 2.4e-05
0.004332 1.7e-05
0.003607 1.9e-05
0.004352 1.9e-05
0.004306 2.1e-05
0.004326 1.4e-05
0.00431 2.8e-05
0.004363 2.3e-05
0.004338 2.2e-05
0.004364 1.9e-05
0.004321 1.9e-05
0.00435 1.7e-05
0.00436 2.3e-05
0.004347 1.7e-05
0.004321 1.3e-05
0.004332 1.7e-05
0.004315 1.6e-05
0.004322 2e-05
0.004324 2.3e-05
0.004336 1.7e-05
0.004325 1.8e-05
0.004334 1.8e-05
0.004308 1.7e-05
0.004329 1.7e-05
0.003618 2.1e-05
0.004401 2e-05
0.00432 2.1e-05
0.004337 1.9e-05
0.004329 1.3e-05
0.004343 2.1e-05
0.004334 1.8e-05
0.004326 1.2e-05
0.004314 1.5e-05
0.004367 2e-05
0.004367 1.6e-05
0.004348 1.4e-05
0.004335 1.7e-05
0.004338 1.6e-05
0.004327 1.7e-05
0.004331 1.5e-05
0.004331 2.3e-05
0.004338 1.7e-05
0.004319 1.6e-05
0.004337 1.7e-05
0.004313 1.8e-05
0.004328 2e-05
0.003798 1.2e-05
0.004425 1.6e-05
0.004327 1.6e-05
0.004335 2.1e-05
0.004333 1.6e-05
0.004342 1.7e-05
0.004339 1.9e-05
0.004339 2.2e-05
0.004357 1.9e-05
0.004334 1.8e-05
0.004365 2.4e-05
0.004334 2.1e-05
0.004405 2.3e-05
0.004338 1.9e-05
0.00434 1.4e-05
0.004343 1.9e-05
0.004356 2.1e-05
0.004367 1.4e-05
0.004302 2e-05
0.004339 2.1e-05
0.004316 2.4e-05
0.004327 1.7e-05
0.003903 1.3e-05
0.004333 1.8e-05
0.004311 1.4e-05
0.004348 1.7e-05
0.004329 2.3e-05
0.004358 1.6e-05
0.00435 2.4e-05
0.004379 1.8e-05
0.00432 1.9e-05
0.00433 1.5e-05
0.004323 1.8e-05
0.004322 1.9e-05
0.004309 2e-05
0.004329 1.4e-05
0.00432 1.9e-05
0.004326 1.4e-05
0.00581 2.1e-05
0.004343 1.8e-05
0.004321 2.5e-05
0.004334 2e-05
0.004309 1.9e-05
0.004332 2e-05
0.00363 1.4e-05
0.004362 1.5e-05
0.004362 1.8e-05
0.004333 1.6e-05
0.004315 1.8e-05
0.00437 2.3e-05
0.004349 1.5e-05
0.004331 1.4e-05
0.004343 2.3e-05
0.004331 1.2e-05
0.004311 1.8e-05
0.00434 2.5e-05
0.004311 2e-05
0.004325 1.9e-05
0.00432 2.1e-05
0.004323 1.6e-05
0.004318 2.1e-05
0.004327 1.2e-05
0.004336 1.9e-05
0.004331 2e-05
0.004313 2.1e-05
0.004326 1.9e-05
0.003643 1.4e-05
0.004325 1.7e-05
0.004327 1.7e-05
0.004319 2.5e-05
0.004326 1.6e-05
0.004348 2.1e-05
0.004341 1.8e-05
0.004344 1.6e-05
0.004311 1.5e-05
0.004325 2.1e-05
0.004316 1.6e-05
0.004337 1.5e-05
0.004326 1.6e-05
0.004335 1.4e-05
0.004327 1.9e-05
0.004355 1.5e-05
0.004318 1.7e-05
0.004329 1.6e-05
0.004338 1.6e-05
0.004344 2.9e-05
0.004331 2.1e-05
0.004234 2.1e-05
0.004089 1.9e-05
0.004321 2.1e-05
0.004319 1.6e-05
0.004377 2.3e-05
0.004333 2e-05
0.004379 1.5e-05
0.004321 1.8e-05
0.004334 2.3e-05
0.004337 2e-05
0.00434 2e-05
0.004321 2.3e-05
0.004335 2e-05
0.004323 1.4e-05
0.004322 1.8e-05
0.004316 1.8e-05
0.00432 2e-05
0.004344 1.9e-05
0.004354 1.2e-05
0.004322 2.2e-05
0.004319 1.5e-05
0.004304 1.5e-05
0.004037 1.9e-05
0.003958 1.9e-05
0.004329 1.7e-05
0.004314 1.5e-05
0.004331 2.2e-05
0.004325 1.5e-05
0.004356 2.4e-05
0.004322 1.9e-05
0.004357 1.5e-05
0.004353 2.2e-05
0.004341 2.4e-05
0.004375 1.7e-05
0.004696 2.9e-05
0.00432 2.1e-05
0.004337 1.5e-05
0.004326 1.9e-05
0.004324 1.7e-05
0.00431 1.9e-05
0.004329 1.4e-05
0.004323 2.6e-05
0.004333 2.2e-05
0.004315 2.3e-05
0.004031 1.6e-05
0.004227 1.8e-05
0.004328 2e-05
0.004321 2e-05
0.004341 2.1e-05
0.004298 1.9e-05
0.004358 2.3e-05
0.004312 2.5e-05
0.00451 1.9e-05
0.004329 2.4e-05
0.00433 1.8e-05
0.004305 1.9e-05
0.004338 1.7e-05
0.004326 1.6e-05
0.004344 2e-05
0.004345 1.6e-05
0.004358 1.8e-05
0.004315 1.8e-05
0.004468 2e-05
0.00433 1.7e-05
0.004322 2e-05
0.004329 1.7e-05
0.003985 1.7e-05
0.004311 2.1e-05
0.004355 1.8e-05
0.004347 1.5e-05
0.004342 1.8e-05
0.004333 1.6e-05
0.00439 1.8e-05
0.004334 1.7e-05
0.004349 1.8e-05
0.004323 2.1e-05
0.00433 2.3e-05
0.004322 1.4e-05
0.004324 1.7e-05
0.004326 1.4e-05
0.004319 1.9e-05
0.004319 1.8e-05
0.004323 2e-05
0.00434 1.8e-05
0.004336 2e-05
0.004331 1.6e-05
0.004346 1.9e-05
0.004318 2e-05
0.004357 1.3e-05
0.004332 2.1e-05
0.004799 1.8e-05
0.004346 1.5e-05
0.004812 2.3e-05
0.006478 2.5e-05
0.006455 2.5e-05
0.004353 2e-05
0.004362 1.6e-05
0.004326 2.1e-05
0.004355 1.6e-05
0.004317 2.1e-05
0.004326 2e-05
0.004315 1.6e-05
0.004342 1.3e-05
0.004322 1.7e-05
0.004336 1.6e-05
0.004316 1.5e-05
0.00434 1.3e-05
0.004333 1.5e-05
0.004287 1.7e-05
0.003885 1.8e-05
0.005029 1.4e-05
0.004499 1.8e-05
0.004872 2.5e-05
0.006164 3.4e-05
0.006477 3e-05
0.006391 2.5e-05
0.004344 1.8e-05
0.004324 1.7e-05
0.004361 1.6e-05
0.004321 2.1e-05
0.004341 1.1e-05
0.004305 2.1e-05
0.004333 2.2e-05
0.004318 2.2e-05
0.004337 1.8e-05
0.004322 1.7e-05
0.004336 1.5e-05
0.004325 1.7e-05
0.004332 1.7e-05
0.004001 2e-05
0.004326 2e-05
0.004369 1.8e-05
0.004361 1.7e-05
0.004317 1.9e-05
0.004352 1.9e-05
0.004353 1.5e-05
0.004349 1.4e-05
0.004329 1.6e-05
0.004347 1.9e-05
0.004363 1.8e-05
0.004335 1.7e-05
0.004321 1.2e-05
0.004327 1.5e-05
0.004359 1.7e-05
0.004351 1.5e-05
0.004327 1.4e-05
0.004348 1.6e-05
0.004314 1.7e-05
0.004381 1.9e-05
0.004319 2.6e-05
0.004329 1.9e-05
0.003673 1.8e-05
0.004338 1.4e-05
0.004314 1.7e-05
0.004327 1.6e-05
0.004331 1.5e-05
0.004355 1.8e-05
0.004338 1.6e-05
0.004331 1.4e-05
0.004321 1.7e-05
0.004337 1.4e-05
0.004325 2e-05
0.004338 1.4e-05
0.004329 1.8e-05
0.004338 1.9e-05
0.004322 1.7e-05
0.004332 1.8e-05
0.00432 1.7e-05
0.004317 1.5e-05
0.004321 1.2e-05
0.004341 2.4e-05
0.004375 2.4e-05
0.004336 1.2e-05
0.003707 1.6e-05
0.004338 1.5e-05
0.004325 1.7e-05
0.004362 2.3e-05
0.004333 2.5e-05
0.004394 2.4e-05
0.00434 2.3e-05
0.004326 1.2e-05
0.004319 2.1e-05
0.004332 1.5e-05
0.005909 2.1e-05
0.004342 2.1e-05
0.004317 1.8e-05
0.004341 1.9e-05
0.004317 1.4e-05
0.004328 1.8e-05
0.004295 1.9e-05
0.004348 1.6e-05
0.004394 1.5e-05
0.004332 2e-05
0.00433 2.3e-05
0.00387 1.3e-05
0.004163 1.6e-05
0.004342 1.9e-05
0.004335 2.4e-05
0.004343 1.9e-05
0.004337 2.1e-05
0.00439 1.8e-05
0.004332 2e-05
0.004345 1.6e-05
0.004322 1.7e-05
0.004368 1.1e-05
0.004336 1.4e-05
0.004356 2.1e-05
0.004339 1.8e-05
0.004355 2.1e-05
0.004352 1.7e-05
0.004374 1.6e-05
0.004345 1.7e-05
0.004342 1.6e-05
0.00436 1.6e-05
0.004334 2.2e-05
0.004324 1.9e-05
0.004004 1.6e-05
0.00433 1.6e-05
0.004364 1.6e-05
0.00432 1.3e-05
0.004326 1.9e-05
0.00432 1.8e-05
0.004348 1.9e-05
0.004323 1.6e-05
0.004334 2e-05
0.004475 2.3e-05
0.004537 3.2e-05
0.004969 2e-05
0.004366 1.6e-05
0.004343 2.1e-05
0.004336 2e-05
0.004334 2.2e-05
0.004359 1.8e-05
0.004316 1.9e-05
0.004341 1.7e-05
0.004321 1.7e-05
0.004338 1.9e-05
0.004358 2e-05
0.003726 1.2e-05
0.004353 1.6e-05
0.004338 2.6e-05
0.004323 1.5e-05
0.004347 1.8e-05
0.004327 2.1e-05
0.004388 1.9e-05
0.004338 1.6e-05
0.004353 1.8e-05
0.004475 2.5e-05
0.004632 2.3e-05
0.005166 2e-05
0.004682 1.4e-05
0.004329 2.3e-05
0.004371 2.3e-05
0.004322 2.6e-05
0.004344 2e-05
0.004326 2.2e-05
0.004335 1.9e-05
0.004361 1.4e-05
0.004341 1.4e-05
0.003907 1.2e-05
0.004207 1.7e-05
0.004318 1.7e-05
0.00436 1.7e-05
0.004324 1.7e-05
0.004333 2.5e-05
0.00496 2.2e-05
0.004341 1.2e-05
0.004336 1.7e-05
0.004334 1.6e-05
0.004342 1.6e-05
0.004329 2.1e-05
0.004325 2e-05
0.004328 2.5e-05
0.004918 2.3e-05
0.004371 1.8e-05
0.004323 1.9e-05
0.00432 1.8e-05
0.004311 1.6e-05
0.004326 2e-05
0.004352 1.5e-05
0.004321 1.9e-05
0.003932 1.2e-05
0.004343 2.1e-05
0.004341 1.7e-05
0.004336 1.9e-05
0.004395 1.6e-05
0.004346 2.2e-05
0.004426 2e-05
0.004359 2.5e-05
0.004339 2e-05
0.004361 2e-05
0.004318 1.3e-05
0.004343 2e-05
0.004317 1.4e-05
0.004316 1.5e-05
0.004315 1.5e-05
0.004335 1.6e-05
0.004337 1.7e-05
0.004325 1.5e-05
0.004325 1.9e-05
0.00432 2e-05
0.004354 2.4e-05
0.004343 2.3e-05
0.003926 1.8e-05
0.004348 1.8e-05
0.004321 1.7e-05
0.004343 1.6e-05
0.004323 1.9e-05
0.004327 1.6e-05
0.004375 1.4e-05
0.00434 1.6e-05
0.004388 1.9e-05
0.004334 2.3e-05
0.004339 1.4e-05
0.004356 2.1e-05
0.004321 2.3e-05
0.004342 2.2e-05
