0.009718 3e-06
0.009203 2e-06
0.009192 1e-06
0.009213 2e-06
0.009125 2e-06
0.009218 2e-06
0.00921 2e-06
0.01159 1e-06
0.011319 1e-06
0.010393 1e-06
0.0092 1e-06
0.009256 1e-06
0.009204 1e-06
0.009215 1e-06
0.010187 2e-06
0.009285 2e-06
0.009357 2e-06
0.009223 1e-06
0.009183 1e-06
0.009208 2e-06
0.009183 2e-06
0.009192 1e-06
0.009182 1e-06
0.011147 2e-06
0.009216 2e-06
0.009236 2e-06
0.009319 2e-06
0.009235 2e-06
0.009213 1e-06
0.009206 2e-06
0.009164 1e-06
0.009302 2e-06
0.009211 2e-06
0.009206 3e-06
0.00923 2e-06
0.009233 1e-06
0.009283 2e-06
0.009236 2e-06
0.009197 2e-06
0.009214 1e-06
0.009159 2e-06
0.009181 1e-06
0.009179 2e-06
0.009252 1e-06
0.009241 3e-06
0.009232 2e-06
0.009246 2e-06
0.009282 1e-06
0.009256 1e-06
0.009222 1e-06
0.009189 1e-06
0.009215 1e-06
0.00921 1e-06
0.009193 1e-06
0.008742 2e-06
0.009261 2e-06
0.009238 1e-06
0.009254 2e-06
0.009251 2e-06
0.009195 3e-06
0.009198 2e-06
0.009282 2e-06
0.009191 2e-06
0.009202 2e-06
0.0084 2e-06
0.009291 2e-06
0.009297 2e-06
0.009284 2e-06
0.009231 1e-06
0.009202 2e-06
0.009175 2e-06
0.009221 2e-06
0.009191 1e-06
0.009197 2e-06
0.007684 1e-06
0.00924 2e-06
0.009222 4e-06
0.009279 1e-06
0.009198 2e-06
0.009221 3e-06
0.009194 1e-06
0.009241 2e-06
0.009219 2e-06
0.00924 2e-06
0.008102 2e-06
0.009239 2e-06
0.009229 2e-06
0.009275 1e-06
0.009209 1e-06
0.009221 1e-06
0.009197 2e-06
0.009184 2e-06
0.0092 1e-06
0.009198 1e-06
0.008814 1e-06
0.009287 1e-06
0.009211 1e-06
0.00927 1e-06
0.009245 2e-06
0.009232 1e-06
0.009211 1e-06
0.009209 1e-06
0.009277 1e-06
0.00925 1e-06
0.009865 1e-06
0.009582 2e-06
0.009296 2e-06
0.009351 2e-06
0.009728 2e-06
0.009233 2e-06
0.00931 3e-06
0.010264 2e-06
0.00956 1e-06
0.008689 3e-06
0.009309 2e-06
0.009765 2e-06
0.009242 1e-06
0.009233 2e-06
0.009195 2e-06
0.009226 2e-06
0.009099 2e-06
0.007442 1e-06
0.007429 2e-06
0.007657 3e-06
0.00924 1e-06
0.009205 2e-06
0.009297 1e-06
0.009227 1e-06
0.00922 2e-06
0.009233 1e-06
0.009068 2e-06
0.009238 1e-06
0.009353 2e-06
0.009292 1e-06
0.009261 2e-06
0.009226 2e-06
0.00922 2e-06
0.009202 2e-06
0.009216 1e-06
0.009214 3e-06
0.008491 2e-06
0.009266 2e-06
0.009295 3e-06
0.009256 2e-06
0.009216 3e-06
0.009224 2e-06
0.009225 2e-06
0.009209 2e-06
0.009186 1e-06
0.009267 1e-06
0.008457 3e-06
0.009241 2e-06
0.009285 2e-06
0.00929 3e-06
0.009241 2e-06
0.009195 1e-06
0.009213 2e-06
0.009202 1e-06
0.009215 2e-06
0.009239 1e-06
0.007784 1e-06
0.009264 3e-06
0.009294 8e-06
0.009298 2e-06
0.009262 1e-06
0.009238 1e-06
0.009289 1e-06
0.009241 2e-06
0.009205 3e-06
0.00922 2e-06
0.00829 3e-06
0.009255 1e-06
0.009233 2e-06
0.009318 2e-06
0.009235 3e-06
0.009247 1e-06
0.009203 1e-06
0.009232 2e-06
0.009207 1e-06
0.009239 2e-06
0.008741 1e-06
0.009233 1e-06
0.009235 1e-06
0.009349 3e-06
0.009294 2e-06
0.009242 2e-06
0.009205 1e-06
0.009219 1e-06
0.009213 1e-06
0.00921 1e-06
0.008289 1e-06
0.009253 1e-06
0.009269 2e-06
0.009303 1e-06
0.009238 2e-06
0.009206 3e-06
0.009204 2e-06
0.009247 2e-06
0.009239 2e-06
0.009253 2e-06
0.009433 2e-06
0.009325 2e-06
0.009298 1e-06
0.009313 3e-06
0.009218 2e-06
0.009318 2e-06
0.009966 2e-06
0.009233 1e-06
0.009923 2e-06
0.009215 2e-06
0.007869 1e-06
0.009255 2e-06
0.009212 2e-06
0.009299 2e-06
0.009204 1e-06
0.009246 2e-06
0.009261 2e-06
0.009267 1e-06
0.009234 1e-06
0.009216 1e-06
0.008522 2e-06
0.009221 2e-06
0.009226 2e-06
0.0093 2e-06
0.009202 1e-06
0.009236 2e-06
0.009226 1e-06
0.009211 1e-06
0.009201 1e-06
0.00923 1e-06
0.009056 3e-06
0.009327 2e-06
0.009234 1e-06
0.009838 2e-06
0.009249 3e-06
0.009242 1e-06
0.009208 2e-06
0.009216 1e-06
0.009174 2e-06
0.009233 1e-06
0.009128 1e-06
0.009242 2e-06
0.009208 2e-06
0.00956 2e-06
0.009248 1e-06
0.009261 2e-06
0.009222 3e-06
0.009214 2e-06
0.009223 2e-06
0.009219 1e-06
0.009284 1e-06
0.009293 2e-06
0.009275 1e-06
0.009411 2e-06
0.009341 2e-06
0.009333 2e-06
0.009251 2e-06
0.009203 1e-06
0.009213 1e-06
0.009204 1e-06
0.009197 2e-06
0.009232 2e-06
0.009272 1e-06
0.009624 2e-06
0.009377 2e-06
0.009243 2e-06
0.009272 2e-06
0.009307 2e-06
0.009296 2e-06
0.009252 2e-06
0.009263 2e-06
0.009287 2e-06
0.009339 2e-06
0.009395 2e-06
0.00926 2e-06
0.009279 2e-06
0.009208 2e-06
0.009245 2e-06
0.009205 2e-06
0.009205 1e-06
0.009208 2e-06
0.00925 1e-06
0.009246 3e-06
0.009576 2e-06
0.009286 3e-06
0.009254 1e-06
0.009211 2e-06
0.009241 2e-06
0.009312 2e-06
0.009247 3e-06
0.009215 2e-06
0.009189 1e-06
0.009303 1e-06
0.009322 3e-06
0.009292 2e-06
0.009228 2e-06
0.009203 1e-06
0.009223 1e-06
0.009229 1e-06
0.009284 3e-06
0.009282 2e-06
0.008461 2e-06
0.009278 2e-06
0.009331 3e-06
0.009277 2e-06
0.009279 2e-06
0.009238 1e-06
0.009232 2e-06
0.009211 1e-06
0.009211 1e-06
0.009203 3e-06
0.007944 2e-06
0.00925 1e-06
0.009324 2e-06
0.009315 2e-06
0.009258 2e-06
0.00922 2e-06
0.009283 2e-06
0.009282 2e-06
0.009244 1e-06
0.009218 1e-06
0.008079 1e-06
0.009233 3e-06
0.009239 2e-06
0.009309 2e-06
0.009233 1e-06
0.009259 1e-06
0.009239 2e-06
0.009218 1e-06
0.0092 2e-06
0.009226 1e-06
0.007915 1e-06
0.009241 3e-06
0.009266 1e-06
0.009405 1e-06
0.009235 1e-06
0.009244 1e-06
0.009216 2e-06
0.009226 2e-06
0.009263 2e-06
0.009208 2e-06
0.008958 1e-06
0.009285 3e-06
0.009325 2e-06
0.009297 2e-06
0.009267 1e-06
0.009217 2e-06
0.009229 2e-06
0.009233 1e-06
0.009247 1e-06
0.009202 1e-06
0.009029 1e-06
0.00932 2e-06
0.009283 2e-06
0.00934 2e-06
0.009347 3e-06
0.009253 1e-06
0.009235 2e-06
0.009208 3e-06
0.009229 1e-06
0.009256 1e-06
0.00922 1e-06
0.009301 3e-06
0.00929 2e-06
0.009408 2e-06
0.009277 1e-06
0.009254 1e-06
0.009458 2e-06
0.009279 1e-06
0.009264 2e-06
0.009218 2e-06
0.009218 2e-06
0.009251 2e-06
0.009285 2e-06
0.009406 1e-06
0.009291 2e-06
0.009246 2e-06
0.009236 1e-06
0.009222 2e-06
0.009254 2e-06
0.009258 1e-06
0.009258 2e-06
0.009291 2e-06
0.009269 1e-06
0.009459 3e-06
0.009323 1e-06
0.009235 2e-06
0.009249 1e-06
0.009228 2e-06
0.009263 2e-06
0.00924 1e-06
0.009226 1e-06
0.009464 3e-06
0.009935 2e-06
0.009618 2e-06
0.009299 1e-06
0.009244 2e-06
0.00924 2e-06
0.009241 1e-06
0.009265 2e-06
0.009245 1e-06
0.009246 1e-06
0.009031 1e-06
0.009305 1e-06
0.009383 4e-06
0.009279 2e-06
0.009217 1e-06
0.009226 2e-06
0.009211 2e-06
0.009216 1e-06
0.009234 2e-06
0.009258 2e-06
0.008369 1e-06
0.009415 2e-06
0.009387 1e-06
0.009311 1e-06
0.009275 3e-06
0.00928 2e-06
0.009303 1e-06
0.009348 3e-06
0.00925 1e-06
0.009251 2e-06
0.008176 2e-06
0.00928 1e-06
0.009289 2e-06
0.009288 2e-06
0.009267 2e-06
0.009274 2e-06
0.009218 2e-06
0.009228 2e-06
0.009216 2e-06
0.009264 2e-06
0.007966 2e-06
0.009305 1e-06
0.009271 1e-06
0.00946 2e-06
0.009254 2e-06
0.009243 1e-06
0.009211 1e-06
0.009233 2e-06
0.009204 2e-06
0.009213 1e-06
0.007996 2e-06
0.009321 3e-06
0.009269 2e-06
0.009341 1e-06
0.009285 2e-06
0.00927 2e-06
0.009251 3e-06
0.009313 2e-06
0.009211 1e-06
0.009228 2e-06
0.008574 1e-06
0.009291 1e-06
0.009269 2e-06
0.009326 2e-06
0.009262 2e-06
0.009281 3e-06
0.009236 2e-06
0.009259 1e-06
0.009232 1e-06
0.009249 1e-06
0.008638 1e-06
0.009272 2e-06
0.009237 2e-06
0.009325 1e-06
0.009291 2e-06
0.009233 2e-06
0.009306 2e-06
0.009287 2e-06
0.009226 2e-06
0.009238 1e-06
0.008963 2e-06
0.009264 2e-06
0.009274 1e-06
0.009425 1e-06
0.009258 1e-06
0.009273 1e-06
0.009206 2e-06
0.009253 2e-06
0.009237 2e-06
0.009241 1e-06
0.009246 2e-06
0.009241 2e-06
0.009303 2e-06
0.009694 2e-06
0.009276 2e-06
0.009271 2e-06
0.009229 1e-06
0.009261 1e-06
0.009241 2e-06
0.009244 1e-06
0.009246 2e-06
0.009252 2e-06
0.009262 2e-06
0.009504 3e-06
0.009257 2e-06
0.009238 2e-06
0.009231 1e-06
0.009229 2e-06
0.009239 2e-06
0.009212 2e-06
0.009255 1e-06
0.009291 1e-06
0.00929 1e-06
0.009392 2e-06
0.009256 2e-06
0.009384 2e-06
0.009243 2e-06
0.00924 2e-06
0.009234 2e-06
0.00928 1e-06
0.009249 2e-06
0.009118 2e-06
0.009242 1e-06
0.009326 3e-06
0.009304 2e-06
0.009307 2e-06
0.009264 2e-06
0.009297 2e-06
0.009271 1e-06
0.009272 2e-06
0.009244 2e-06
0.008539 2e-06
0.00924 2e-06
0.00933 2e-06
0.009302 2e-06
0.009273 1e-06
0.009665 2e-06
0.009339 2e-06
0.009228 1e-06
0.009879 2e-06
0.009287 1e-06
0.009221 2e-06
0.009281 2e-06
0.009464 1e-06
0.009526 2e-06
0.009492 2e-06
0.009246 1e-06
0.009248 1e-06
0.009218 2e-06
0.009246 2e-06
0.009216 1e-06
0.008812 1e-06
0.009247 2e-06
0.009336 2e-06
0.00931 2e-06
0.009382 2e-06
0.009251 1e-06
0.00935 2e-06
0.009411 2e-06
0.009266 1e-06
0.009508 2e-06
0.008729 2e-06
0.010266 2e-06
0.009395 2e-06
0.009316 2e-06
0.009289 2e-06
0.009232 1e-06
0.009268 2e-06
0.009229 1e-06
0.009246 1e-06
0.009235 2e-06
0.007925 2e-06
0.009238 2e-06
0.009305 3e-06
0.009315 2e-06
0.009306 2e-06
0.009221 1e-06
0.009306 2e-06
0.009257 1e-06
0.00928 2e-06
0.009266 3e-06
0.008274 1e-06
0.009293 3e-06
0.009242 1e-06
0.009291 1e-06
0.009237 2e-06
0.009286 3e-06
0.009262 1e-06
0.00922 2e-06
0.009233 1e-06
0.00925 2e-06
0.008256 1e-06
0.009295 1e-06
0.009268 1e-06
0.009303 2e-06
0.00929 1e-06
0.009269 2e-06
0.009229 2e-06
0.009197 2e-06
0.009219 2e-06
0.009238 2e-06
0.009107 1e-06
0.009267 3e-06
0.009271 3e-06
0.009371 2e-06
0.00927 2e-06
0.009234 1e-06
0.009241 1e-06
0.009309 1e-06
0.009292 1e-06
0.009336 2e-06
0.00933 2e-06
0.009336 2e-06
0.009365 3e-06
0.009425 2e-06
0.009361 2e-06
0.009311 1e-06
0.00928 2e-06
0.00926 1e-06
0.009333 2e-06
0.00933 2e-06
0.009352 2e-06
0.009318 3e-06
0.009267 2e-06
0.009416 4e-06
0.00924 2e-06
0.009235 1e-06
0.00923 1e-06
0.009307 2e-06
0.009331 1e-06
0.009234 2e-06
0.009282 1e-06
0.009245 2e-06
0.009256 2e-06
0.009407 3e-06
0.009407 1e-06
0.009343 2e-06
0.009368 2e-06
0.009284 1e-06
0.009291 1e-06
0.009277 1e-06
0.009277 1e-06
0.00937 2e-06
0.009382 2e-06
0.009531 2e-06
0.009502 2e-06
0.009251 1e-06
0.009282 2e-06
0.009323 2e-06
0.009332 2e-06
0.009304 2e-06
0.009299 2e-06
0.009379 2e-06
0.009408 2e-06
0.009539 1e-06
0.009325 2e-06
0.00929 2e-06
0.009264 2e-06
0.009239 2e-06
0.009269 2e-06
0.009248 1e-06
0.009294 1e-06
0.009344 2e-06
0.009264 2e-06
0.009423 5e-06
0.009367 2e-06
0.009408 2e-06
0.009399 1e-06
0.009321 1e-06
0.009321 2e-06
0.009344 2e-06
0.009519 1e-06
0.009555 2e-06
0.009556 2e-06
0.009739 3e-06
0.009482 3e-06
0.009296 1e-06
0.009288 1e-06
0.009329 3e-06
0.00934 2e-06
0.009357 2e-06
0.009375 3e-06
0.00964 1e-06
0.009699 2e-06
0.010789 3e-06
0.01049 4e-06
0.010189 3e-06
0.010364 3e-06
0.010958 1e-06
0.010155 2e-06
0.009328 2e-06
0.009423 2e-06
0.009341 2e-06
0.009795 1e-06
0.009319 2e-06
0.009332 2e-06
0.009296 2e-06
0.009383 1e-06
0.009356 2e-06
0.00929 2e-06
0.009279 3e-06
0.009374 2e-06
0.009282 2e-06
0.009411 2e-06
0.009256 1e-06
0.009285 2e-06
0.009236 2e-06
0.009288 1e-06
0.009225 2e-06
0.009241 3e-06
0.009402 2e-06
0.010956 2e-06
0.009337 1e-06
0.011115 1e-06
0.010408 2e-06
0.009299 2e-06
0.00928 2e-06
0.009308 2e-06
0.009229 1e-06
0.009251 2e-06
0.008365 1e-06
0.009319 2e-06
0.009288 3e-06
0.009329 2e-06
0.00929 1e-06
0.009253 1e-06
0.00924 1e-06
0.009411 1e-06
0.009255 2e-06
0.009207 2e-06
0.008807 1e-06
0.009289 1e-06
0.009242 2e-06
0.009326 1e-06
0.009247 2e-06
0.009224 2e-06
0.009231 1e-06
0.009228 1e-06
0.009215 3e-06
0.00925 1e-06
0.008709 2e-06
0.009275 2e-06
0.009251 1e-06
0.009396 2e-06
0.009289 1e-06
0.009261 1e-06
0.009234 1e-06
0.009242 3e-06
0.009225 1e-06
0.009239 1e-06
0.009165 2e-06
0.00928 3e-06
0.009253 2e-06
0.00941 3e-06
0.009252 2e-06
0.009272 2e-06
0.009242 1e-06
0.009241 1e-06
0.009264 1e-06
0.009235 2e-06
0.009239 2e-06
0.009363 1e-06
0.009313 1e-06
0.009432 2e-06
0.009243 2e-06
0.009262 1e-06
0.009244 1e-06
0.009227 2e-06
0.009215 2e-06
0.009259 1e-06
0.009239 2e-06
0.00934 3e-06
0.009251 1e-06
0.009335 1e-06
0.009221 2e-06
0.00926 1e-06
0.009235 1e-06
0.009242 2e-06
0.009284 1e-06
0.009247 1e-06
0.009228 2e-06
0.009316 2e-06
0.00928 2e-06
0.009409 2e-06
0.009292 2e-06
0.009287 1e-06
0.009269 1e-06
0.009245 2e-06
0.00923 2e-06
0.009254 3e-06
0.00924 2e-06
0.0093 2e-06
0.009311 2e-06
0.009415 3e-06
0.009401 2e-06
0.009282 3e-06
0.009255 2e-06
0.009289 3e-06
0.009265 1e-06
0.009277 3e-06
0.00928 1e-06
0.00931 1e-06
0.009289 1e-06
0.009397 2e-06
0.00934 2e-06
0.009323 2e-06
0.009269 3e-06
0.009265 3e-06
0.009251 1e-06
0.009262 2e-06
0.009261 2e-06
0.009152 2e-06
0.00937 3e-06
0.009376 3e-06
0.0093 2e-06
0.009238 2e-06
0.009246 3e-06
0.009252 2e-06
0.009266 2e-06
0.009267 2e-06
0.009264 2e-06
0.00896 2e-06
0.0093 3e-06
0.009502 6e-06
0.009273 2e-06
0.00927 2e-06
0.009366 2e-06
0.00926 2e-06
0.009264 2e-06
0.009262 2e-06
0.009239 2e-06
0.009073 3e-06
0.009272 2e-06
0.009312 2e-06
0.009305 3e-06
0.009251 2e-06
0.009284 1e-06
0.009255 2e-06
0.009251 1e-06
0.00933 1e-06
0.009258 3e-06
0.008644 2e-06
0.009286 1e-06
0.009327 1e-06
0.009332 2e-06
0.009356 4e-06
0.009254 3e-06
0.009281 2e-06
0.009248 2e-06
0.009273 2e-06
0.009297 3e-06
0.008436 2e-06
0.009428 1e-06
0.009335 1e-06
0.009314 3e-06
0.009303 2e-06
0.009256 1e-06
0.010853 2e-06
0.009254 2e-06
0.009347 3e-06
0.009272 1e-06
0.009379 3e-06
0.009341 3e-06
0.009403 9e-06
0.009293 1e-06
0.00927 2e-06
0.00927 2e-06
0.009235 1e-06
0.009239 2e-06
0.009308 4e-06
0.00929 2e-06
0.009305 2e-06
0.009298 2e-06
0.009809 4e-06
0.00932 2e-06
0.009313 1e-06
0.009244 2e-06
0.009266 1e-06
0.00929 1e-06
0.009376 1e-06
0.009299 1e-06
0.009319 2e-06
0.009551 2e-06
0.00959 2e-06
0.009633 3e-06
0.009684 1e-06
0.011175 2e-06
0.009575 1e-06
0.009574 2e-06
0.009416 2e-06
0.009221 1e-06
0.009419 3e-06
0.009238 2e-06
0.009406 1e-06
0.009343 1e-06
0.009277 1e-06
0.009305 3e-06
0.009264 2e-06
0.009238 1e-06
0.009254 2e-06
0.008981 1e-06
0.009295 2e-06
0.009467 2e-06
0.01282 3e-06
0.009338 1e-06
0.009321 2e-06
0.009399 2e-06
0.009304 1e-06
0.009271 3e-06
0.009348 2e-06
0.009821 1e-06
0.009759 3e-06
0.01218 7e-06
0.011449 2e-06
0.009476 4e-06
0.010568 2e-06
0.009354 2e-06
0.009388 3e-06
0.009289 2e-06
0.008236 1e-06
0.009307 2e-06
0.009295 2e-06
0.009302 1e-06
0.012955 5e-06
0.012706 3e-06
0.012912 1e-06
0.013562 3e-06
0.011872 3e-06
0.011916 3e-06
0.011459 2e-06
0.011103 2e-06
0.011289 3e-06
0.009667 4e-06
0.009495 3e-06
0.009721 2e-06
0.009499 2e-06
0.009353 3e-06
0.009328 2e-06
0.009359 2e-06
0.009644 2e-06
0.013684 2e-06
0.013611 2e-06
0.013505 2e-06
0.009298 1e-06
0.009236 1e-06
0.009234 3e-06
0.009428 1e-06
0.009343 2e-06
0.00956 2e-06
0.009463 2e-06
0.009278 2e-06
0.009279 1e-06
0.00926 1e-06
0.009259 2e-06
0.009226 2e-06
0.009204 2e-06
0.009283 1e-06
0.009299 2e-06
0.009373 4e-06
0.009284 3e-06
0.009234 2e-06
0.009254 2e-06
0.009239 1e-06
0.009252 3e-06
0.009211 2e-06
0.0093 3e-06
0.009302 2e-06
0.009296 2e-06
0.009436 2e-06
0.009263 2e-06
0.00927 1e-06
0.009232 2e-06
0.009244 2e-06
0.009334 1e-06
0.00924 2e-06
0.009249 1e-06
0.00926 2e-06
0.009241 1e-06
0.009567 1e-06
0.010889 1e-06
0.009242 2e-06
0.009276 1e-06
0.009287 2e-06
0.009271 1e-06
0.009274 1e-06
0.009144 2e-06
0.009256 1e-06
0.009293 2e-06
0.009613 2e-06
0.00951 3e-06
0.009268 3e-06
0.009273 1e-06
0.009235 2e-06
0.010022 1e-06
0.009406 1e-06
0.009205 2e-06
0.009259 1e-06
0.009284 1e-06
0.009445 2e-06
0.009263 2e-06
0.009249 1e-06
0.009277 2e-06
0.00931 1e-06
0.009282 1e-06
0.009263 2e-06
0.009275 2e-06
0.009318 1e-06
0.00929 2e-06
