0.001297 1.1e-05
0.0013 1.7e-05
0.001302 1.1e-05
0.001304 1.7e-05
0.001296 1.5e-05
0.001305 1.4e-05
0.001299 1.8e-05
0.001303 1.7e-05
0.00129 1.4e-05
0.001301 1.5e-05
0.001313 1.3e-05
0.001316 1.8e-05
0.001303 1.3e-05
0.00131 2.1e-05
0.001299 1.8e-05
0.001311 1.6e-05
0.001305 1.7e-05
0.001297 1.9e-05
0.001298 2.3e-05
0.001311 1.3e-05
0.001294 1.4e-05
0.001306 1.8e-05
0.0013 1.4e-05
0.001295 1.9e-05
0.001299 1.6e-05
0.001311 1.8e-05
0.001299 1.8e-05
0.001304 1.4e-05
0.001307 1.9e-05
0.00131 1.4e-05
0.001296 2.3e-05
0.001332 2.1e-05
0.001304 1.3e-05
0.001302 1.5e-05
0.001305 1.7e-05
0.001313 1.2e-05
0.001303 1.5e-05
0.001309 1.7e-05
0.001294 1.1e-05
0.001323 1.8e-05
0.001304 1.6e-05
0.001299 1.5e-05
0.001295 1.6e-05
0.001302 1.4e-05
0.0013 1.3e-05
0.001308 2e-05
0.001301 1.8e-05
0.001304 1.8e-05
0.001178 1.8e-05
0.001195 1.1e-05
0.00128 1.9e-05
0.001302 1.6e-05
0.001306 1.7e-05
0.001299 1.8e-05
0.001302 1.4e-05
0.001302 1.5e-05
0.0013 1.6e-05
0.001305 1.1e-05
0.001308 1.6e-05
0.001347 1.6e-05
0.001292 1.6e-05
0.001306 1.5e-05
0.001302 1.8e-05
0.001672 1.4e-05
0.001307 2.3e-05
0.001318 1.5e-05
0.0013 2.1e-05
0.001306 2e-05
0.001298 1.4e-05
0.001298 1.7e-05
0.001303 2.2e-05
0.001295 1.7e-05
0.001356 1.4e-05
0.001317 1.9e-05
0.00135 1.4e-05
0.001333 1.8e-05
0.001323 2.3e-05
0.0013 1.5e-05
0.001297 1.8e-05
0.001302 1.3e-05
0.001304 2.4e-05
0.0013 1.8e-05
0.001293 1.5e-05
0.001297 2e-05
0.001302 1.9e-05
0.001299 2.2e-05
0.001294 1.7e-05
0.00131 1.4e-05
0.001296 1.5e-05
0.001348 1.5e-05
0.001297 1.4e-05
0.001379 1.8e-05
0.001298 1.7e-05
0.001359 1.2e-05
0.001297 2.1e-05
0.001406 1.8e-05
0.001304 1.4e-05
0.001349 1.5e-05
0.0013 1.6e-05
0.00131 1.9e-05
0.001284 1.2e-05
0.001356 1.5e-05
0.001292 1.4e-05
0.001303 1.4e-05
0.001299 1.6e-05
0.0013 1.8e-05
0.001305 1.7e-05
0.001299 1.9e-05
0.001401 1.2e-05
0.001304 2.1e-05
0.001399 1.9e-05
0.001308 1.6e-05
0.001401 1.4e-05
0.001345 1.5e-05
0.001413 1.7e-05
0.001299 1.4e-05
0.001298 1.6e-05
0.001307 1.2e-05
0.001311 1.9e-05
0.001294 1.2e-05
0.001303 1.5e-05
0.001303 2e-05
0.001185 1.5e-05
0.001185 1e-05
0.001336 1.7e-05
0.001352 2.1e-05
0.001303 1.8e-05
0.001305 2.1e-05
0.001297 1.4e-05
0.001301 1.6e-05
0.001307 1.8e-05
0.001302 2e-05
0.001297 1.3e-05
0.001313 1.2e-05
0.001323 1.8e-05
0.001311 1.5e-05
0.001301 2.2e-05
0.001354 1.2e-05
0.001306 1.4e-05
0.001306 2.4e-05
0.001304 1.7e-05
0.001346 1.4e-05
0.001383 1.4e-05
0.001352 1.3e-05
0.001308 1.6e-05
0.00133 1.9e-05
0.001295 1.4e-05
0.001299 1.4e-05
0.001296 1.7e-05
0.001338 2.2e-05
0.001292 1.7e-05
0.001316 2.1e-05
0.001306 1.8e-05
0.001303 1.8e-05
0.001302 1.3e-05
0.001303 1.3e-05
0.00131 1.6e-05
0.001299 1.1e-05
0.001306 1.8e-05
0.001317 1.7e-05
0.001346 1.9e-05
0.001309 1.6e-05
0.001372 2.2e-05
0.001298 2.3e-05
0.001313 1.6e-05
0.001299 1.8e-05
0.001299 1.2e-05
0.001294 1.7e-05
0.001297 1.4e-05
0.001302 1.2e-05
0.001305 1.9e-05
0.00131 2.2e-05
0.001301 1.8e-05
0.00131 2e-05
0.001329 2.3e-05
0.001308 1.6e-05
0.001299 2e-05
0.001306 1.8e-05
0.001295 1.1e-05
0.001347 2.1e-05
0.001297 2e-05
0.001398 1.8e-05
0.001351 1.3e-05
0.001303 1.4e-05
0.001303 1.7e-05
0.001304 1.9e-05
0.001309 1.3e-05
0.001309 1.4e-05
0.00131 1.2e-05
0.001314 1.4e-05
0.001303 1.8e-05
0.001303 1.3e-05
0.001296 1.7e-05
0.001299 1.7e-05
0.001336 1.8e-05
0.001312 1.7e-05
0.00119 1.2e-05
0.001085 1e-05
0.001081 1.2e-05
0.001297 1.7e-05
0.001311 1.4e-05
0.001305 1.7e-05
0.001295 1.4e-05
0.001302 1.6e-05
0.001301 1.5e-05
0.001296 1.9e-05
0.001301 1.8e-05
0.001293 1.2e-05
0.0013 1.8e-05
0.001311 2.1e-05
0.0013 1.6e-05
0.001303 1.4e-05
0.001299 1.5e-05
0.001306 1.6e-05
0.001317 1.4e-05
0.001305 1.7e-05
0.001336 1.8e-05
0.001301 1.8e-05
0.001334 1.2e-05
0.001305 1.1e-05
0.001347 1.8e-05
0.001298 1.3e-05
0.001298 1.7e-05
0.001303 2.1e-05
0.001287 2e-05
0.001296 1.3e-05
0.001312 2e-05
0.001304 1.4e-05
0.001307 2.2e-05
0.001316 1.9e-05
0.001299 1.8e-05
0.001305 1.4e-05
0.001299 1.9e-05
0.001292 1.5e-05
0.00131 1.6e-05
0.001314 1.3e-05
0.001307 1.8e-05
0.001313 1.4e-05
0.001303 1.4e-05
0.001308 1.2e-05
0.001291 1.9e-05
0.001304 1.5e-05
0.00132 1.8e-05
0.001303 1.7e-05
0.001301 1.4e-05
0.001306 1.5e-05
0.001302 1.5e-05
0.001303 1.6e-05
0.001295 1.6e-05
0.001306 1.8e-05
0.001308 1.7e-05
0.0013 1.8e-05
0.001302 1.6e-05
0.001303 1.5e-05
0.001302 2.1e-05
0.001297 1.5e-05
0.001296 1.3e-05
0.001299 1.6e-05
0.001304 1.5e-05
0.001296 2.4e-05
0.001406 2e-05
0.0013 1.8e-05
0.001299 1.9e-05
0.001299 2e-05
0.001972 2e-05
0.001778 2.3e-05
0.00131 2.2e-05
0.001996 2.2e-05
0.001327 1.7e-05
0.001184 1.3e-05
0.001918 2.3e-05
0.001213 1.6e-05
0.001299 2e-05
0.001308 1.4e-05
0.001311 1.6e-05
0.001307 1.5e-05
0.001303 1.6e-05
0.001302 2e-05
0.001308 1.6e-05
0.001293 1.9e-05
0.001301 1.4e-05
0.001307 1.7e-05
0.001318 2e-05
0.001316 1.4e-05
0.001303 1.4e-05
0.001299 1.5e-05
0.001313 1.9e-05
0.001314 2.1e-05
0.001304 1e-05
0.001311 2.1e-05
0.001324 1.2e-05
0.001314 1.6e-05
0.001308 1.4e-05
0.001301 2.1e-05
0.001296 1.8e-05
0.001309 1.4e-05
0.001299 1.3e-05
0.001305 2e-05
0.001304 1.6e-05
0.001322 1.8e-05
0.001297 1.6e-05
0.0013 1.5e-05
0.001342 1.7e-05
0.001312 1.8e-05
0.001304 2.1e-05
0.001327 1.6e-05
0.0013 1.8e-05
0.001312 1.7e-05
0.001299 1.5e-05
0.00131 1.9e-05
0.001297 1.6e-05
0.001316 1.5e-05
0.001297 1.4e-05
0.001311 1.3e-05
0.001333 1.4e-05
0.001307 1.7e-05
0.001314 1.5e-05
0.001311 1.2e-05
0.001319 1.6e-05
0.001312 1.5e-05
0.001298 2.1e-05
0.001307 1.5e-05
0.001293 1.8e-05
0.001307 1.6e-05
0.001297 1.2e-05
0.001303 1.5e-05
0.001339 1.3e-05
0.001299 1.5e-05
0.0013 1.4e-05
0.001298 1.9e-05
0.001306 2e-05
0.001304 2e-05
0.001301 1.6e-05
0.001292 1.8e-05
0.001306 2e-05
0.00131 1.9e-05
0.001303 1.6e-05
0.001307 1.7e-05
0.001349 1.6e-05
0.001301 2.1e-05
0.001298 1.4e-05
0.001297 1.5e-05
0.001287 1.2e-05
0.001228 1.8e-05
0.00118 9e-06
0.001132 1.3e-05
0.001127 1.4e-05
0.001301 1.9e-05
0.001306 2e-05
0.001304 1.8e-05
0.001303 1.9e-05
0.001306 1.3e-05
0.001295 1.5e-05
0.0013 1.4e-05
0.001304 1.6e-05
0.001301 1.3e-05
0.001301 1.7e-05
0.001309 1.6e-05
0.001298 2.2e-05
0.001301 2.2e-05
0.001302 2e-05
0.001301 1.1e-05
0.001297 1.4e-05
0.001305 1.6e-05
0.001306 2e-05
0.001303 1.8e-05
0.001297 1.9e-05
0.001311 1.7e-05
0.001295 1.8e-05
0.00132 1.5e-05
0.001303 2e-05
0.001296 2e-05
0.001294 2.6e-05
0.001302 1.7e-05
0.001299 1.5e-05
0.001296 1.9e-05
0.001293 1.9e-05
0.001295 1.3e-05
0.001305 1.6e-05
0.001301 1.6e-05
0.001294 1.7e-05
0.001325 1.2e-05
0.001294 1.7e-05
0.001303 1.4e-05
0.001303 1.2e-05
0.001294 2.1e-05
0.001307 1.7e-05
0.001298 1.2e-05
0.001304 1.3e-05
0.001325 1.7e-05
0.001294 2.3e-05
0.001317 1.8e-05
0.0013 2.1e-05
0.001309 2e-05
0.0013 2e-05
0.001312 1.7e-05
0.001299 1.3e-05
0.001304 1.4e-05
0.0013 1.6e-05
0.001296 1.1e-05
0.001295 2.1e-05
0.001311 1.5e-05
0.001303 1.8e-05
0.0013 2.2e-05
0.001299 1.4e-05
0.001307 1.5e-05
0.001292 1.7e-05
0.001298 1.4e-05
0.001297 1.1e-05
0.0013 2.1e-05
0.001298 1.4e-05
0.001302 1.7e-05
0.001301 2e-05
0.001314 1.6e-05
0.001308 1.2e-05
0.001316 1.4e-05
0.001294 1e-05
0.00131 1.8e-05
0.00118 1.2e-05
0.001137 2e-05
0.001134 1.1e-05
0.001049 1e-05
0.001299 1.8e-05
0.001297 1.9e-05
0.001307 1.6e-05
0.001309 2e-05
0.001305 1.2e-05
0.001302 1.3e-05
0.001303 1.8e-05
0.001303 1.5e-05
0.001294 1.9e-05
0.001334 1.2e-05
0.0013 1.7e-05
0.00131 2.2e-05
0.0013 1.6e-05
0.001311 1.9e-05
0.001367 2.1e-05
0.001302 1.7e-05
0.001312 1.6e-05
0.001311 2.1e-05
0.00131 1.4e-05
0.001307 1.7e-05
0.001299 1.5e-05
0.001305 1.9e-05
0.001297 1.9e-05
0.001315 1.6e-05
0.001298 2e-05
0.001302 1.5e-05
0.001304 1.3e-05
0.001304 1.3e-05
0.001296 1.7e-05
0.001298 1.8e-05
0.001293 1.3e-05
0.0013 1.8e-05
0.00129 1.6e-05
0.001301 1.3e-05
0.001301 1.5e-05
0.001305 2e-05
0.001309 1.6e-05
0.0013 1.5e-05
0.001294 1.3e-05
0.001292 2e-05
0.001298 1.3e-05
0.001295 1.2e-05
0.001373 2.4e-05
0.001296 1.5e-05
0.001336 1.9e-05
0.001309 2.3e-05
0.00133 1.8e-05
0.001312 1.9e-05
0.001308 1.9e-05
0.001312 1.7e-05
0.001297 1.9e-05
0.001292 1.4e-05
0.001298 1.8e-05
0.001297 1.9e-05
0.001305 1.5e-05
0.001302 1.9e-05
0.001302 1.3e-05
0.001313 1.1e-05
0.001295 1.8e-05
0.001304 1.6e-05
0.001295 1.9e-05
0.00132 1.2e-05
0.001293 1.8e-05
0.001315 1.4e-05
0.001305 1.7e-05
0.001318 1.6e-05
0.001299 1.8e-05
0.001311 1.8e-05
0.001309 1.9e-05
0.001302 2e-05
0.001293 1.5e-05
0.001225 1.2e-05
0.001103 1.5e-05
0.001101 1.2e-05
0.001132 9e-06
0.001324 1.8e-05
0.001305 1.7e-05
0.001304 2.1e-05
0.001293 1.8e-05
0.0013 2e-05
0.001298 1.7e-05
0.001302 1.9e-05
0.001302 2.3e-05
0.001296 1.5e-05
0.001304 2e-05
0.001304 2e-05
0.001295 2.1e-05
0.001296 1.5e-05
0.001297 2.2e-05
0.001298 1.4e-05
0.001293 1.3e-05
0.001315 1.6e-05
0.001311 1.6e-05
0.001305 1.6e-05
0.001294 1.6e-05
0.001313 2.1e-05
0.001305 1.7e-05
0.001305 1.7e-05
0.0013 1.6e-05
0.001294 1.5e-05
0.001302 1.3e-05
0.001303 1.6e-05
0.0013 1.9e-05
0.0013 1.2e-05
0.001297 2e-05
0.001299 1.6e-05
0.001293 1.3e-05
0.001297 2.3e-05
0.001299 1.2e-05
0.001303 1.5e-05
0.001291 1e-05
0.001307 1.9e-05
0.001311 1.9e-05
0.001298 2e-05
0.001302 1.9e-05
0.001308 1.7e-05
0.001298 1.6e-05
0.001318 1.8e-05
0.001301 1.7e-05
0.001307 1.4e-05
0.001297 1.6e-05
0.001306 1.9e-05
0.001307 2e-05
0.001299 1.8e-05
0.001298 1.6e-05
0.001296 1.3e-05
0.001295 1.2e-05
0.001308 1.7e-05
0.001297 1.7e-05
0.001302 1.8e-05
0.001304 1.2e-05
0.001299 1.2e-05
0.0013 1.4e-05
0.001306 1.3e-05
0.001335 1.6e-05
0.001299 1.2e-05
0.001303 1.5e-05
0.001303 2.3e-05
0.001315 1.8e-05
0.001335 1.7e-05
0.001305 1.7e-05
0.001306 1.8e-05
0.001303 1.4e-05
0.001307 1.8e-05
0.001301 1.3e-05
0.001305 1.4e-05
0.001242 1.4e-05
0.001201 1.2e-05
0.001134 8e-06
0.001133 1.5e-05
0.001303 2e-05
0.001318 1.6e-05
0.001308 1.8e-05
0.001308 1.2e-05
0.001295 1.2e-05
0.001301 1.1e-05
0.001295 1.4e-05
0.001313 2e-05
0.001303 1.1e-05
0.001305 1.6e-05
0.001303 1.2e-05
0.001295 1.9e-05
0.001298 1.4e-05
0.00131 2e-05
0.001301 1.5e-05
0.001304 1.7e-05
0.001303 1.3e-05
0.001327 1.4e-05
0.001297 1.3e-05
0.001304 1.5e-05
0.0013 1.2e-05
0.001301 1.7e-05
0.001295 1.1e-05
0.001304 1.3e-05
0.001331 1.6e-05
0.001302 1.4e-05
0.001293 1.1e-05
0.001303 1.5e-05
0.001293 1.8e-05
0.001299 2.2e-05
0.0013 1.3e-05
0.001299 1.9e-05
0.001311 1.4e-05
0.001302 1.4e-05
0.001301 2.2e-05
0.001295 1.4e-05
0.001305 1.9e-05
0.001302 1.7e-05
0.001299 1.6e-05
0.001306 1.2e-05
0.001298 1.8e-05
0.001304 1.7e-05
0.001308 2e-05
0.0013 1.6e-05
0.001307 1.7e-05
0.001301 1.7e-05
0.001302 2.2e-05
0.001298 1.7e-05
0.001302 1.2e-05
0.001301 1.5e-05
0.001303 1.4e-05
0.001302 1.2e-05
0.00129 1.4e-05
0.001309 1.5e-05
0.001295 1.9e-05
0.001292 1.9e-05
0.001299 1.9e-05
0.001305 1.6e-05
0.001297 1.6e-05
0.001308 1.5e-05
0.001304 1.5e-05
0.00131 1.4e-05
0.001298 1.6e-05
0.001314 1.4e-05
0.001301 1.2e-05
0.001304 1.8e-05
0.00131 1.7e-05
0.001303 1.2e-05
0.001297 1.8e-05
0.001305 1.7e-05
0.0013 1.4e-05
0.001304 1.6e-05
0.001224 1e-05
0.001235 1.2e-05
0.00113 1.3e-05
0.001312 1.2e-05
0.00131 1.6e-05
0.0013 2.1e-05
0.001313 2.2e-05
0.001302 1.6e-05
0.001298 1.6e-05
0.001301 1.6e-05
0.001295 2e-05
0.001306 1.3e-05
0.001309 1.4e-05
0.001302 1.8e-05
0.001296 2e-05
0.001298 1.8e-05
0.001295 1.8e-05
0.001297 1.8e-05
0.0013 2.3e-05
0.001303 2e-05
0.001306 1.3e-05
0.001297 1.9e-05
0.001302 1.9e-05
0.001311 1.3e-05
0.001304 1.9e-05
0.001319 1.6e-05
0.001306 1.1e-05
0.001311 1.5e-05
0.001315 2e-05
0.001311 1.4e-05
0.001313 1.3e-05
0.001309 2.1e-05
0.001308 1.3e-05
0.001308 1.9e-05
0.001292 1.7e-05
0.001299 1.5e-05
0.001301 1.9e-05
0.001305 1.5e-05
0.001662 2.2e-05
0.001316 2.2e-05
0.001322 1.4e-05
0.001308 1.8e-05
0.001329 1.9e-05
0.001306 1.3e-05
0.001299 1.3e-05
0.001313 1.2e-05
0.001303 2.1e-05
0.001303 1.4e-05
0.00132 2e-05
0.001298 1.8e-05
0.001314 1.6e-05
0.001309 1.8e-05
0.001301 1.4e-05
0.001303 1.5e-05
0.001304 1.3e-05
0.001308 2e-05
0.001298 1.5e-05
0.001297 2.4e-05
0.001302 2e-05
0.001308 1.8e-05
0.001302 1.1e-05
0.001308 1.7e-05
0.0013 2.1e-05
0.001319 1.1e-05
0.001298 2e-05
0.001303 1.7e-05
0.001294 1.3e-05
0.001308 1.8e-05
0.001298 1.7e-05
0.001299 2.1e-05
0.0013 1.5e-05
0.001304 2.1e-05
0.001311 1.4e-05
0.0013 1.7e-05
0.001212 1.4e-05
0.001089 1.2e-05
0.001085 1.3e-05
0.00131 1.7e-05
0.001301 2.3e-05
0.001298 2.8e-05
0.001296 1.7e-05
0.001309 1.9e-05
0.001298 1.6e-05
0.001302 1.8e-05
0.001307 1.4e-05
0.001306 1.6e-05
0.001292 1.8e-05
0.00132 1.7e-05
0.001295 1.5e-05
0.001338 1.8e-05
0.001309 9e-06
0.001311 1.5e-05
0.00132 1.6e-05
0.001313 1.9e-05
0.001317 2e-05
0.001304 1.3e-05
0.001293 1.8e-05
0.001315 1.5e-05
0.001299 1.7e-05
0.0013 2.3e-05
0.001302 1.8e-05
0.001294 1.8e-05
0.001303 1.7e-05
0.001337 1.7e-05
0.001314 1.5e-05
0.00131 1.9e-05
0.001315 2.1e-05
0.001311 1.8e-05
0.001319 1.6e-05
0.001319 1.7e-05
0.001301 1.5e-05
0.001308 1.2e-05
0.001307 2.1e-05
0.00131 2.1e-05
0.001302 1.5e-05
0.001349 1.9e-05
0.001296 1.2e-05
0.001305 2e-05
0.001297 1.2e-05
0.001293 2.2e-05
0.0013 1.2e-05
0.001304 2e-05
0.001298 1.3e-05
0.001303 1.7e-05
0.001296 1.8e-05
0.001308 1.6e-05
0.001305 2.3e-05
0.001353 2.5e-05
0.001301 1.4e-05
0.001294 2.3e-05
0.001298 1.4e-05
0.001313 1.9e-05
0.0013 1.8e-05
0.001303 1.5e-05
0.001302 1.8e-05
0.001309 2.1e-05
0.001304 1.3e-05
0.001303 1.5e-05
0.001299 2e-05
0.001341 1.5e-05
0.001295 1.6e-05
0.001301 1.6e-05
0.001313 1.8e-05
0.001299 1.5e-05
0.001296 1.7e-05
0.001308 1.7e-05
0.001299 2.2e-05
0.001297 1.3e-05
0.001302 1.6e-05
0.001184 1.5e-05
0.001187 1.6e-05
0.001131 1.3e-05
0.001308 1.8e-05
0.001296 1.8e-05
0.001304 1.4e-05
0.001309 1.8e-05
0.001517 2.1e-05
0.001763 2.5e-05
0.001307 1.7e-05
0.001304 1.2e-05
0.001297 2.4e-05
0.0013 1.8e-05
0.001302 1.4e-05
0.001521 1.4e-05
0.001306 1.6e-05
0.001307 1.5e-05
0.0013 2.2e-05
0.001317 1.7e-05
0.001316 1.5e-05
0.001324 1.4e-05
0.001305 1.9e-05
0.001317 1.7e-05
0.001302 1.6e-05
0.001304 2.3e-05
0.001301 1.4e-05
0.001313 1.3e-05
0.001306 2.2e-05
0.001301 1.3e-05
0.001298 1.7e-05
0.001305 1.5e-05
0.001303 1.5e-05
0.001304 1.5e-05
0.001296 2.1e-05
0.001305 1.7e-05
0.001299 1.2e-05
0.001301 1.3e-05
0.001296 2.6e-05
0.001298 1.7e-05
0.001298 1.4e-05
0.001304 1.3e-05
0.0013 1.7e-05
0.001303 1.5e-05
0.0013 1.6e-05
0.001309 1.7e-05
0.001312 1.7e-05
0.001311 1.7e-05
0.001298 2.2e-05
0.001327 1.3e-05
0.001305 2e-05
0.001301 2.4e-05
0.001299 2.2e-05
0.0013 1.5e-05
0.001298 2.1e-05
0.001313 1.4e-05
0.001294 1.8e-05
0.001303 1.4e-05
0.001301 1.5e-05
0.001303 1.3e-05
0.001299 1.5e-05
0.001305 1.2e-05
0.00131 1.7e-05
0.001312 1.3e-05
0.001295 2.2e-05
0.001305 1.4e-05
0.001297 2e-05
0.001306 2e-05
0.001306 1.6e-05
0.001304 1.9e-05
0.001302 1.5e-05
0.00132 1.5e-05
0.001307 1.4e-05
0.001304 1.2e-05
0.001299 1.9e-05
0.001206 1e-05
0.001109 1.3e-05
0.001085 1.5e-05
0.001048 1.4e-05
0.001305 1.7e-05
0.001308 1.4e-05
0.001315 1.7e-05
0.001305 2.2e-05
0.001327 1.8e-05
0.001299 1.5e-05
0.001307 1.7e-05
0.001304 1.5e-05
0.001308 1.9e-05
0.001301 1.7e-05
0.001305 1.7e-05
0.0013 1.1e-05
0.001306 1.2e-05
0.001301 1.7e-05
0.001305 1.6e-05
0.001303 1.9e-05
0.001328 1.8e-05
0.001347 2e-05
0.001302 1.5e-05
0.001295 1.2e-05
0.001319 1.7e-05
0.001302 2.4e-05
0.001336 1.6e-05
0.001305 1.7e-05
0.001322 2.2e-05
0.001303 2.2e-05
0.001322 1.6e-05
0.001306 2.1e-05
0.001313 1.6e-05
0.001295 1.6e-05
0.001299 1.1e-05
0.0013 2.4e-05
0.001329 1.6e-05
0.001291 1.3e-05
0.001302 2e-05
0.001293 1.2e-05
0.0013 1.6e-05
0.0013 1.6e-05
0.001298 1.2e-05
0.001302 1.5e-05
0.00131 1.9e-05
0.001304 1.7e-05
0.001305 1.8e-05
0.001293 1.3e-05
0.001323 1.3e-05
0.00131 1.5e-05
0.001319 1.9e-05
0.001299 1.7e-05
0.001302 1.3e-05
0.001317 1.2e-05
0.001297 1.5e-05
0.001311 1.5e-05
0.001299 1.5e-05
0.001304 1.5e-05
0.001302 1.9e-05
0.001306 1.4e-05
0.00132 2.1e-05
0.001299 1.9e-05
0.001304 1.8e-05
0.001294 1.3e-05
0.001303 1.2e-05
0.001297 1.9e-05
0.001297 1.1e-05
0.0013 1.6e-05
0.001319 1.5e-05
0.001304 1.8e-05
0.001309 1.6e-05
0.001305 1.5e-05
0.001326 1.1e-05
0.001297 1.4e-05
0.00132 1.9e-05
0.001304 1.9e-05
0.001264 1.5e-05
0.001079 1.3e-05
0.001133 1.5e-05
0.001306 2.2e-05
0.00131 1.4e-05
0.001298 1.7e-05
0.001309 1.9e-05
0.001304 2.2e-05
0.001301 1.5e-05
0.001299 1.5e-05
0.001306 1.4e-05
0.001305 2e-05
0.001295 2.2e-05
0.001298 1.8e-05
0.001309 1.9e-05
0.0013 2.3e-05
0.001307 1.5e-05
0.001298 1.4e-05
0.001305 1.4e-05
0.00131 1.9e-05
0.001473 2.5e-05
0.001746 1.9e-05
0.001309 1.5e-05
0.001398 1.8e-05
0.001308 1.7e-05
0.001294 1.7e-05
0.001644 2.7e-05
0.001296 1.5e-05
0.001306 1.4e-05
0.001308 1.9e-05
0.001312 1.9e-05
0.001296 1.4e-05
0.001299 1.8e-05
0.001293 1.8e-05
0.001307 2e-05
0.001303 1.8e-05
0.001299 1.6e-05
0.001291 1.5e-05
0.0013 2.2e-05
0.001296 2.4e-05
0.001304 1.4e-05
0.00129 2e-05
0.001301 1.6e-05
0.001304 1.9e-05
0.001305 1.3e-05
0.001302 1.6e-05
0.001304 1.6e-05
0.001316 1.8e-05
0.001301 1.4e-05
0.001308 1.2e-05
0.001302 1.5e-05
0.001301 1.6e-05
0.001313 1.4e-05
0.001298 1.8e-05
0.001299 1.8e-05
0.001307 1.4e-05
0.001299 1.3e-05
