0.001083 0.000128
0.001193 0.00011
0.00132 0.000161
0.001312 0.000108
0.001301 0.000115
0.001297 0.000173
0.001336 0.000166
0.00134 0.000122
0.001307 0.000162
0.001328 0.00011
0.001302 0.000109
0.001294 0.000138
0.001302 0.000112
0.001354 0.000162
0.001304 0.000116
0.00131 0.000111
0.00131 0.000123
0.001301 0.000173
0.001308 0.000113
0.001302 0.000143
0.001296 9.5e-05
0.001301 9.1e-05
0.001296 0.00015
0.001304 0.000135
0.001304 0.000178
0.001301 0.000142
0.001297 8.7e-05
0.001307 0.000135
0.001305 0.000146
0.001305 0.00013
0.001298 0.000122
0.001299 0.000111
0.001309 0.000123
0.001299 9.9e-05
0.001296 0.00019
0.00132 0.00017
0.001301 0.000122
0.001294 9.7e-05
0.001322 0.000117
0.001314 0.00013
0.001306 0.000111
0.001301 0.000112
0.001299 9.4e-05
0.001305 0.000136
0.001298 0.000142
0.001301 8.6e-05
0.001293 0.000155
0.001305 0.000101
0.001298 8.7e-05
0.001297 0.000101
0.001298 0.000151
0.001302 0.00015
0.001297 9.4e-05
0.001308 0.000129
0.001325 0.000182
0.00131 0.000132
0.001314 0.000168
0.001302 0.0001
0.001303 0.000115
0.001293 0.000155
0.001289 9.9e-05
0.001302 0.000145
0.001317 9.7e-05
0.001308 0.00011
0.001283 0.000137
0.001235 0.000109
0.001077 0.000107
0.001175 0.000114
0.001316 0.000129
0.001304 9.9e-05
0.001308 0.000208
0.001305 9.9e-05
0.001295 9.3e-05
0.001303 0.00011
0.001293 0.000117
0.001306 8.7e-05
0.001299 0.000108
0.001305 0.000102
0.001338 8.7e-05
0.001305 0.000117
0.001297 9.2e-05
0.001298 0.000156
0.001305 0.000108
0.001321 9.3e-05
0.001381 0.000129
0.001306 0.000114
0.001294 9.3e-05
0.001308 0.000132
0.001294 0.000116
0.001309 0.000135
0.001299 0.000125
0.001304 0.000149
0.001302 0.000141
0.001304 0.000125
0.001303 0.000117
0.001305 0.000103
0.001288 0.00019
0.001311 0.000123
0.001296 0.000109
0.001304 0.000135
0.001305 0.000102
0.001292 9.4e-05
0.001293 0.000117
0.001308 0.000132
0.001303 8.7e-05
0.001302 0.000106
0.001302 0.000141
0.001299 0.000111
0.001298 0.000108
0.001304 0.000149
0.001302 0.000128
0.001308 0.00014
0.001308 0.000119
0.001309 0.000108
0.001293 0.000159
0.001304 0.000147
0.001305 8.9e-05
0.001303 0.000126
0.001293 0.000129
0.0013 9.1e-05
0.001297 0.000123
0.001302 0.000126
0.001291 9.9e-05
0.0013 0.000109
0.001303 9.9e-05
0.001315 9.7e-05
0.001291 0.000125
0.001298 0.000122
0.001294 9.2e-05
0.001303 0.000146
0.001309 0.000118
0.001299 0.000165
0.001184 0.000114
0.001164 0.000213
0.0013 9e-05
0.001303 9.9e-05
0.0013 0.000119
0.001306 0.000144
0.001292 9.6e-05
0.001299 0.000107
0.001299 0.000117
0.001299 0.000112
0.001299 0.000136
0.001297 0.000167
0.001293 0.000149
0.001307 0.000104
0.0013 9.5e-05
0.001315 0.000108
0.001304 0.000161
0.001299 0.00016
0.001299 0.000139
0.001299 0.000176
0.001304 9.8e-05
0.001303 0.000127
0.001296 0.000139
0.001307 0.000125
0.0013 0.000136
0.001302 0.000129
0.001304 0.00012
0.00131 0.000106
0.001296 0.000156
0.001297 0.000149
0.001293 0.000126
0.001305 0.00013
0.001297 8.8e-05
0.001307 0.000122
0.001302 0.000204
0.001301 0.000195
0.001292 0.000104
0.001298 0.000201
0.001298 0.000136
0.001302 9.7e-05
0.001317 0.000117
0.001303 9.5e-05
0.001298 0.000109
0.001302 8.8e-05
0.001296 0.000158
0.001304 0.000139
0.001296 8.6e-05
0.001301 0.00012
0.0013 0.000116
0.001304 0.000108
0.001304 0.00011
0.0013 9.4e-05
0.0013 0.000103
0.001298 0.000119
0.001304 0.000117
0.001296 0.000164
0.001301 0.000139
0.001307 8.7e-05
0.001295 9.5e-05
0.001304 0.000168
0.00129 0.000125
0.001305 0.000113
0.001297 0.000146
0.001316 0.000142
0.001309 0.000122
0.001215 0.000115
0.001222 8.2e-05
0.001365 0.000139
0.001302 0.000131
0.001303 0.000123
0.001312 0.00012
0.001296 9.4e-05
0.001309 0.000142
0.001296 0.000106
0.001298 0.000105
0.001298 8.9e-05
0.001308 0.000123
0.00131 0.00013
0.001318 0.000111
0.001302 0.000129
0.001307 0.000182
0.001311 0.00011
0.001303 0.000118
0.001311 0.000109
0.0013 9.3e-05
0.001299 0.000127
0.001296 0.000111
0.001297 0.000126
0.001305 0.000129
0.00131 0.000123
0.001302 0.000121
0.001295 9.8e-05
0.001304 9.2e-05
0.001296 0.000126
0.001298 0.000109
0.001305 0.000147
0.001303 0.00011
0.001295 9.4e-05
0.001301 8.8e-05
0.001302 0.000115
0.001302 0.000124
0.001296 0.000125
0.001303 0.000178
0.001296 0.00011
0.001297 0.000143
0.001303 0.000174
0.001313 0.000114
0.001302 9.5e-05
0.0013 0.000116
0.001298 0.000138
0.001299 0.000132
0.001296 0.000131
0.001304 9.1e-05
0.00131 0.000152
0.001298 0.000136
0.001304 9.1e-05
0.001586 0.000144
0.001427 0.000115
0.001307 0.000121
0.001305 9.4e-05
0.0013 0.000144
0.001303 8.7e-05
0.001298 0.000109
0.001303 0.000127
0.001299 8.9e-05
0.001297 0.000115
0.001366 0.000124
0.001312 0.000113
0.001304 0.00011
0.001304 0.000102
0.001918 0.000168
0.001943 0.000128
0.001391 0.000119
0.00131 0.0001
0.001323 0.000133
0.001323 0.000175
0.001295 0.000115
0.001411 0.000125
0.001318 0.000105
0.001914 0.000229
0.001305 9.1e-05
0.001307 9.1e-05
0.00134 0.000135
0.00195 0.000182
0.0013 0.000128
0.00136 0.000124
0.001995 0.000128
0.001332 0.000101
0.001298 0.000134
0.001939 0.000166
0.001298 0.000113
0.001296 0.000108
0.001431 0.000164
0.002014 0.000155
0.001989 0.000111
0.001308 0.000129
0.001298 0.000145
0.001319 0.000157
0.001299 0.000157
0.001294 0.000134
0.001294 0.000186
0.001306 0.000119
0.001314 0.000139
0.001308 0.000174
0.001293 9e-05
0.001302 0.000141
0.00131 0.000133
0.001297 0.000101
0.001292 9.9e-05
0.001303 0.000126
0.001299 0.000146
0.001312 8.7e-05
0.001334 9.5e-05
0.001295 0.000105
0.001295 0.000138
0.001304 0.000115
0.001293 0.000155
0.001299 0.000127
0.001293 0.000103
0.001293 0.00011
0.001308 9.5e-05
0.001322 9.8e-05
0.001311 0.000122
0.002007 0.000195
0.001304 9.7e-05
0.001303 0.000127
0.001312 0.000114
0.001303 0.000116
0.001298 0.000145
0.001302 0.000127
0.0013 9.1e-05
0.001313 0.000107
0.001317 0.00011
0.001315 0.000105
0.001322 0.00015
0.001365 0.000128
0.001314 0.000106
0.001351 0.000102
0.0014 0.000153
0.001305 0.000137
0.001313 0.000131
0.001409 0.000138
0.001407 0.000179
0.001329 0.000103
0.001292 0.00015
0.001309 0.000163
0.001304 0.000124
0.001301 0.000113
0.001298 0.000141
0.001321 0.00012
0.001307 0.000129
0.00134 9.6e-05
0.001341 0.000103
0.001297 0.000135
0.001309 0.000151
0.001299 9.7e-05
0.001307 0.000118
0.001359 0.000107
0.001305 0.00016
0.001304 0.000138
0.001302 8.8e-05
0.001316 9.5e-05
0.001308 0.000106
0.001311 0.000119
0.001342 0.000104
0.001304 8.8e-05
0.001306 0.000125
0.001298 0.000117
0.001327 9.9e-05
0.001332 0.000149
0.001305 0.00011
0.001309 0.000128
0.001315 9.3e-05
0.001318 0.000101
0.00131 0.00013
0.001306 0.000133
0.001321 0.000107
0.001299 0.000136
0.001301 0.000113
0.001301 0.000107
0.001299 0.000115
0.001322 0.000103
0.001299 0.000123
0.001314 0.000138
0.001301 0.000129
0.001313 9.6e-05
0.001325 0.000111
0.001964 0.000187
0.001618 0.000183
0.001868 0.000198
0.001305 0.000103
0.001294 0.00012
0.001308 0.000131
0.001306 8.8e-05
0.001307 0.000124
0.001312 8.7e-05
0.001319 0.000128
0.001294 0.000109
0.001302 0.000111
0.001352 0.000103
0.001272 0.00014
0.001325 8.7e-05
0.001294 0.000133
0.0013 0.000147
0.0013 0.000151
0.001316 0.000124
0.001369 0.000126
0.001303 0.000153
0.001322 0.000161
0.001303 0.0001
0.001887 0.000165
0.001312 9.4e-05
0.001298 0.000131
0.001325 0.000141
0.001467 0.000148
0.001328 0.000135
0.001372 9.9e-05
0.001306 9.4e-05
0.001423 0.000115
0.001331 0.00015
0.00131 0.000136
0.001343 9.7e-05
0.00133 0.000102
0.001915 0.000142
0.001299 0.000129
0.001309 9.1e-05
0.001351 0.000128
0.001325 0.000114
0.00131 0.000127
0.001894 0.000145
0.001497 0.000221
0.001488 0.00015
0.001486 0.000138
0.001541 0.000188
0.001441 0.000109
0.001621 0.000124
0.001562 0.00015
0.002398 0.000252
0.00162 0.000161
0.001331 9.4e-05
0.001309 9.1e-05
0.001332 0.000117
0.001331 0.000106
0.00132 0.000109
0.001361 0.000158
0.001559 0.000121
0.001798 0.000141
0.00179 0.000153
0.001771 0.000208
0.001725 0.00014
0.001876 0.000165
0.001835 0.000119
0.001562 0.000176
0.001761 0.000142
0.001759 0.000144
0.001739 0.000179
0.001855 0.000226
0.001797 0.000171
0.001832 0.000184
0.001842 0.000157
0.001318 9.1e-05
0.001343 0.000141
0.001307 0.000199
0.001317 9.4e-05
0.0013 0.000165
0.001302 0.000151
0.001303 0.000125
0.001309 9.1e-05
0.001303 0.000166
0.001748 0.000138
0.001369 0.000115
0.001321 0.000114
0.001301 9e-05
0.001306 0.000151
0.001297 0.000115
0.00131 0.00015
0.001312 8.7e-05
0.001308 0.0002
0.001302 8.7e-05
0.001295 0.000134
0.001319 0.000162
0.00131 0.000142
0.001289 9.8e-05
0.001309 9.6e-05
0.001517 0.00014
0.001312 0.000133
0.001296 0.00014
0.001299 0.000121
0.001294 0.000171
0.001301 0.00016
0.001306 0.000132
0.001298 0.000141
0.001309 0.000165
0.001359 0.000125
0.001324 9.9e-05
0.001304 9.5e-05
0.001318 0.000117
0.001304 0.000151
0.001302 0.000107
0.001315 0.00016
0.001302 0.000103
0.001331 0.000124
0.001303 0.000117
0.001304 0.000148
0.00129 0.000107
0.001309 0.000133
0.001303 0.000187
0.001305 0.000138
0.001306 0.000126
0.001307 0.000132
0.001309 0.000188
0.001299 0.000105
0.001328 0.000111
0.001305 9.4e-05
0.00132 0.000117
0.001307 0.000143
0.001307 8.7e-05
0.001302 9.3e-05
0.001297 0.000136
0.001239 9.5e-05
0.001182 0.000135
0.001095 0.000121
0.001305 9e-05
0.0013 0.000148
0.001304 0.000101
0.001306 9.1e-05
0.001297 0.000174
0.001296 0.000187
0.001309 0.000104
0.001302 0.000184
0.00129 0.000169
0.001304 0.00011
0.001313 0.000124
0.001305 0.000133
0.001304 0.000131
0.0013 0.000145
0.001294 0.000139
0.001327 0.00016
0.001306 9.8e-05
0.001304 0.000127
0.001315 0.00012
0.001293 0.000131
0.001304 0.0001
0.001296 0.000189
0.001339 0.000103
0.001306 0.000139
0.001298 0.000109
0.001301 0.000125
0.001299 0.000113
0.001312 9.2e-05
0.001307 0.000119
0.001334 0.000106
0.001297 8.8e-05
0.001301 9.8e-05
0.001298 0.000142
0.001321 0.000113
0.001309 0.00014
0.001298 9.1e-05
0.001305 0.00011
0.001305 9.9e-05
0.001303 0.00012
0.00132 9.9e-05
0.001307 0.00012
0.00132 0.000107
0.001307 9.2e-05
0.001304 0.000114
0.001301 9e-05
0.001309 0.000133
0.001295 0.000121
0.001311 0.00017
0.0013 0.0001
0.001299 0.000191
0.001306 0.000108
0.001305 0.000108
0.001297 9.4e-05
0.0013 0.000121
0.0013 0.000127
0.001297 0.000103
0.001292 0.000124
0.001303 0.000125
0.00133 0.000129
0.001308 0.000144
0.001307 0.000107
0.001306 0.000134
0.001292 0.000127
0.001301 0.00012
0.001131 0.000109
0.001138 0.000126
0.001124 9.4e-05
0.001306 0.000129
0.001315 0.000122
0.001335 0.000115
0.001302 9.3e-05
0.001307 0.000167
0.001299 0.000115
0.00131 0.000102
0.001305 0.000143
0.001296 0.000144
0.001294 0.000154
0.001309 0.000113
0.001314 0.000127
0.001377 0.000121
0.001312 0.000143
0.001325 0.000127
0.001316 0.000145
0.001308 0.000105
0.001298 0.00011
0.001309 0.000137
0.001297 0.000106
0.001292 0.000138
0.001313 0.000157
0.001301 0.000165
0.001338 0.000142
0.001308 0.000135
0.001301 0.000144
0.001305 0.000106
0.001313 0.000147
0.001307 0.000114
0.0013 0.000183
0.001305 0.0001
0.001299 0.000117
0.0013 9.9e-05
0.001296 0.000109
0.001295 0.000148
0.001307 0.000108
0.001303 0.000171
0.0013 0.000134
0.00131 0.000119
0.001306 0.000103
0.001304 0.000106
0.001304 0.000148
0.001302 0.000133
0.001577 0.000117
0.001891 0.000207
0.001891 0.000309
0.001549 0.000111
0.001598 0.000151
0.001343 0.0001
0.001398 0.000164
0.001826 0.000209
0.001324 0.000114
0.001301 0.000101
0.001549 0.00013
0.001313 9.9e-05
0.001297 0.000134
0.001304 0.000109
0.001306 0.000187
0.001865 0.000175
0.001891 0.000221
0.001469 0.000172
0.001305 0.000149
0.001329 0.000128
0.001526 0.000169
0.001383 9.8e-05
0.00198 0.000218
0.001958 0.00016
0.001965 0.00018
0.001324 8.7e-05
0.001294 0.000116
0.001304 0.000114
0.001333 0.000164
0.00131 9e-05
0.001292 0.000109
0.001853 0.000192
0.001337 0.000139
0.001319 0.000144
0.001303 0.000148
0.001309 0.000155
0.001334 0.000182
0.001323 0.000114
0.001335 0.000105
0.001307 0.000125
0.001306 0.000146
0.001332 0.000124
0.001315 0.000127
0.001338 9.2e-05
0.001297 0.000117
0.001306 0.0001
0.001295 9.9e-05
0.001301 0.000104
0.001305 0.000158
0.001298 0.000117
0.001338 0.000125
0.001305 0.000161
0.001296 0.000134
0.001312 0.000111
0.001302 0.000124
0.001329 9.7e-05
0.001302 0.000179
0.001392 0.00011
0.001568 0.000116
0.001308 8.9e-05
0.001299 0.000101
0.001294 0.000103
0.001291 0.000148
0.001307 0.00015
0.001314 0.000102
0.001306 0.000112
0.001294 0.000217
0.001307 0.000106
0.001304 0.000148
0.001317 0.000109
0.001312 9.2e-05
0.001305 0.000136
0.001301 0.0001
0.001303 0.000115
0.001316 0.000161
0.001305 0.00012
0.001304 9.2e-05
0.001307 0.000122
0.001298 0.000142
0.001303 0.000126
0.001251 0.000168
0.001187 8.8e-05
0.001167 7.2e-05
0.001397 0.000126
0.001309 0.000116
0.001306 9.9e-05
0.001301 0.00013
0.001338 0.000131
0.001298 0.0001
0.001303 0.000139
0.0013 0.000141
0.001591 0.000126
0.001308 0.000101
0.001318 0.000154
0.001555 0.0001
0.001348 0.000118
0.001365 0.000128
0.001372 0.000144
0.001394 9.1e-05
0.001308 0.00014
0.001335 0.000145
0.001917 0.000184
0.001983 0.000254
0.001955 0.00017
0.001961 0.000202
0.001962 0.00015
0.001968 0.000172
0.001953 0.000216
0.001307 0.000129
0.001304 0.000102
0.001315 0.000146
0.001303 0.000162
0.001302 0.000153
0.001312 9.6e-05
0.001312 0.000106
0.001294 0.000103
0.001293 0.000101
0.001312 0.000125
0.001321 0.00013
0.001563 0.000109
0.001298 0.00012
0.001308 0.000168
0.001336 0.000127
0.001307 0.000108
0.001351 0.000152
0.001309 0.00014
0.001311 0.000132
0.00132 0.00014
0.001328 0.000121
0.001304 0.000139
0.001294 0.000117
0.001315 0.000181
0.001326 0.000104
0.001312 0.000119
0.001334 0.000105
0.001316 0.0002
0.0013 0.00013
0.001315 0.000127
0.001309 0.000105
0.001311 0.000143
0.001295 0.000161
0.001251 9e-05
0.001469 0.000103
0.001087 9.7e-05
0.001094 0.000119
0.001337 0.000147
0.001305 0.00014
0.001322 0.000104
0.001301 0.000103
0.001306 0.000117
0.001315 0.000121
0.001307 0.000137
0.001324 9.6e-05
0.00132 0.000137
0.001301 0.000107
0.001298 0.00012
0.001305 0.0002
0.001309 0.000125
0.001312 9.5e-05
0.001332 0.00011
0.001299 0.000117
0.001305 0.000153
0.001297 0.00013
0.00133 0.000187
0.001295 8.8e-05
0.00131 0.000181
0.0013 9.3e-05
0.001307 9.4e-05
0.001315 0.000137
0.001301 0.000127
0.001305 9.8e-05
0.001308 0.000128
0.001329 0.000132
0.001315 8.7e-05
0.001304 0.000113
0.001329 0.000193
0.001293 0.000109
0.001313 0.000155
0.0013 0.000124
0.001304 0.000119
0.001317 8.9e-05
0.001298 9.4e-05
0.001297 0.000104
0.001299 0.000141
0.001308 0.000138
0.001321 0.000137
0.001298 0.000116
0.001302 0.000107
0.001302 0.000119
0.001298 0.000142
0.001298 0.000171
0.001308 0.000158
0.0013 0.000127
0.001333 9.1e-05
0.001293 0.000131
0.001313 0.000107
0.001309 0.000173
0.0013 0.000132
0.001429 0.000173
0.001303 9.5e-05
0.001321 0.000105
0.001304 0.000127
0.001304 9e-05
0.001315 9.7e-05
0.0013 0.000112
0.001457 0.000155
0.001309 0.000145
0.001324 0.000169
0.001138 0.000128
0.001085 0.000104
0.001134 0.0001
0.001306 0.000112
0.001467 0.000194
0.001304 0.000108
0.001305 0.000195
0.001309 0.000127
0.001299 9.5e-05
0.001299 0.000112
0.001302 0.000151
0.001307 0.000155
0.001303 0.000148
0.001299 8.8e-05
0.001297 0.000148
0.001307 9.9e-05
0.001308 0.000136
0.001351 0.0001
0.001305 0.000123
0.001308 0.000153
0.001297 9.9e-05
0.001306 0.000105
0.001363 9.4e-05
0.001303 0.000145
0.001306 0.000145
0.001334 0.000129
0.001369 0.000127
0.0013 0.000157
0.001306 9.7e-05
0.001304 0.000132
0.00129 0.000125
0.00132 0.000156
0.001316 0.000104
0.001316 0.000131
0.001292 0.00012
0.001302 0.0001
0.001308 9.6e-05
0.001315 0.0001
0.001303 0.000141
0.001302 0.000206
0.001312 0.000137
0.001309 0.00011
0.001303 0.000104
0.001316 0.000128
0.001298 0.000127
0.001305 0.000128
0.001297 0.000151
0.00145 0.000126
0.001312 0.000102
0.001307 0.000146
0.001303 0.000132
0.00133 0.000127
0.001296 9e-05
0.001306 0.000182
0.00132 0.000123
0.001309 0.000138
0.001312 0.000137
0.001307 0.000128
0.00133 8.7e-05
0.001304 0.000132
0.001299 8.9e-05
0.00133 0.000131
0.001304 9.4e-05
0.001324 9.2e-05
0.001293 0.000123
0.001314 8.2e-05
0.001183 0.000133
0.001191 8.4e-05
0.001346 9.5e-05
0.001316 0.000124
0.001339 0.000125
0.001299 0.00015
0.001304 9.7e-05
0.001313 0.000135
0.001311 0.000106
0.001303 0.000121
0.00131 0.000136
0.001324 9.4e-05
0.001299 8.8e-05
0.00131 0.000123
0.00131 0.000111
0.001307 0.000124
0.001323 0.000115
0.001334 0.00017
0.001306 0.000111
0.00131 0.000158
0.001314 0.000131
0.001315 0.000141
0.001295 9.2e-05
0.001307 0.000147
0.001312 0.000105
0.001336 0.000104
0.00132 0.000105
0.001315 0.000183
0.001319 0.00013
0.001313 0.000156
0.00132 0.000149
0.001312 0.000136
0.001297 9.4e-05
0.001303 0.000121
0.001305 0.000108
0.001307 0.000102
0.001311 9.9e-05
0.001304 0.000128
0.001319 0.000113
0.001305 0.00018
0.001303 0.000118
0.001306 0.000152
0.001335 0.000114
0.001325 0.000133
0.001299 0.000121
0.001314 0.000182
0.001329 0.000159
0.001302 0.000101
0.001313 0.000116
0.001339 0.000102
0.001312 0.000133
0.001301 0.000153
0.001312 0.000121
0.001307 0.000112
0.001298 0.000102
0.001309 0.000129
0.001298 0.000135
0.001323 0.000109
0.001304 0.000114
0.001322 0.000117
0.001292 0.000134
0.001296 0.000103
0.001318 0.000162
0.001307 0.000141
0.001307 0.000126
0.001306 0.000134
0.001292 9.4e-05
0.001307 8e-05
0.00131 0.00011
0.001302 0.00011
0.001338 0.000141
0.001299 0.00012
0.001294 0.00011
0.001306 0.000135
0.001312 0.000127
0.001312 8.6e-05
0.001297 0.000124
0.001306 0.000149
0.001335 0.000172
0.00131 0.000131
0.001339 0.000146
0.001307 9.2e-05
0.001289 0.000144
0.001323 9.1e-05
0.001304 0.000141
0.0013 0.000101
0.001296 0.000117
0.001318 0.000149
0.0013 0.000101
0.001316 0.000156
0.001301 0.000104
0.001304 0.000109
0.001318 0.000126
0.001315 0.000101
0.001301 0.000135
0.00131 0.000115
0.001309 0.000167
0.001306 0.000108
0.00131 0.0001
0.001334 9e-05
0.001295 0.000103
0.001351 0.000104
