0.004335 0.000122
0.004338 0.000147
0.004351 0.000132
0.004398 0.000241
0.004336 0.000145
0.004333 0.000158
0.004321 0.000133
0.003767 0.000124
0.004319 0.00017
0.004354 0.000136
0.005121 0.000148
0.005546 0.000137
0.004371 0.000116
0.004349 0.000199
0.004327 0.000164
0.004322 0.000137
0.004307 0.000133
0.004345 0.000117
0.004338 0.000119
0.004334 0.000155
0.004324 0.000182
0.004331 0.000147
0.004346 0.000112
0.004327 0.000137
0.004327 0.000114
0.004325 0.000183
0.004312 0.000139
0.00422 0.000151
0.003889 0.000139
0.004338 0.000142
0.00434 0.000137
0.004334 0.000114
0.004333 0.000143
0.004418 0.000144
0.004339 0.000117
0.004357 0.000157
0.004391 0.000138
0.004342 0.000111
0.00432 0.000182
0.004331 0.000157
0.004304 0.000139
0.004337 0.000162
0.004326 0.000129
0.004342 0.000151
0.004312 0.000121
0.004335 0.000136
0.004309 0.000142
0.004335 0.000139
0.004336 0.000125
0.003601 0.000182
0.004332 0.000169
0.004348 0.000141
0.004312 0.000163
0.004329 0.00014
0.004344 0.00013
0.004336 0.000138
0.004328 0.000115
0.004338 0.000146
0.004321 0.000142
0.004402 0.000146
0.00433 0.000165
0.00434 0.000115
0.00432 0.000127
0.004321 0.000147
0.004336 0.000119
0.004337 0.000147
0.00432 0.000124
0.004341 0.000173
0.004364 0.000189
0.004332 0.00015
0.003656 0.000111
0.004342 0.000129
0.004335 0.000113
0.004344 0.000216
0.00433 0.000134
0.004376 0.000133
0.004356 0.000158
0.004331 0.000169
0.004323 0.000147
0.00434 0.00011
0.004311 0.000136
0.004333 0.000128
0.004297 0.000128
0.00433 9.9e-05
0.004313 0.000152
0.004345 0.000151
0.004333 0.000156
0.004336 0.000136
0.004309 0.000155
0.00433 0.000152
0.004324 0.000158
0.004252 0.000106
0.004319 0.00018
0.004327 0.000133
0.004318 0.000107
0.004347 0.000143
0.004369 0.000161
0.004338 0.000172
0.00433 0.000168
0.004332 0.0001
0.004345 0.000241
0.004344 0.000167
0.004316 0.000144
0.004375 0.000131
0.004319 0.000181
0.004341 0.000165
0.004357 0.000186
0.004371 0.000129
0.004324 0.000186
0.004355 0.00013
0.004315 0.000152
0.004029 0.000186
0.004326 0.000134
0.004339 9.8e-05
0.004312 0.000123
0.004329 0.000114
0.004342 0.000162
0.004353 0.000156
0.004327 0.000158
0.004346 0.000151
0.004326 0.000124
0.004319 0.000197
0.004312 0.000125
0.004338 0.000154
0.004313 0.000136
0.004327 0.000117
0.004325 0.000154
0.004324 0.000149
0.004315 0.000163
0.004334 0.000154
0.004321 0.000128
0.004332 9.5e-05
0.004135 0.000114
0.004251 0.000133
0.004314 0.000142
0.004329 0.000158
0.004315 0.000167
0.00434 0.000203
0.004329 0.000143
0.004346 0.000168
0.004334 0.000141
0.004344 0.000129
0.004321 9.7e-05
0.004345 0.000149
0.00433 0.000113
0.00433 0.00016
0.004324 0.000168
0.004325 0.000173
0.004325 0.000164
0.004328 0.000145
0.004338 0.000128
0.004331 0.000124
0.004324 0.000162
0.00422 0.000118
0.003965 0.000134
0.004323 0.000109
0.004321 0.000141
0.004363 0.000161
0.004319 0.000181
0.004451 0.00012
0.004348 0.000148
0.00434 0.000141
0.004313 0.000162
0.004335 0.00015
0.004325 0.000103
0.004338 0.000111
0.004316 0.00014
0.004342 0.000109
0.004381 0.00018
0.004346 0.000181
0.004326 0.000134
0.004317 0.000202
0.004318 0.000121
0.004345 0.000145
0.004335 0.000132
0.004406 0.000149
0.004341 0.000132
0.004378 0.000135
0.004335 0.000154
0.004363 0.000106
0.004397 0.000137
0.004346 0.00023
0.00433 0.000128
0.00434 0.000188
0.004326 0.000157
0.004328 0.000159
0.00432 0.000173
0.004342 0.000134
0.004343 0.000142
0.00434 0.000158
0.004332 0.000125
0.004347 0.000134
0.00436 0.000208
0.004332 0.000159
0.004331 0.000188
0.003974 0.000124
0.004317 0.000163
0.004399 0.000171
0.004345 0.000134
0.004349 0.000124
0.004407 0.000154
0.004374 9.6e-05
0.004357 0.000146
0.004332 0.00017
0.004322 0.000129
0.004324 0.000192
0.004318 0.000133
0.004332 0.000139
0.004316 0.000121
0.004348 0.000135
0.004368 0.000167
0.004343 0.000138
0.004309 0.000139
0.004321 0.00016
0.004332 0.000201
0.004337 0.000152
0.003685 0.000136
0.004358 0.000115
0.004339 0.000147
0.004344 0.000209
0.004317 0.00013
0.004347 0.000188
0.004333 0.000144
0.004333 0.000206
0.004354 0.000125
0.004337 0.000131
0.004327 0.000151
0.004372 0.000219
0.004326 0.000128
0.004355 0.000138
0.00433 0.000144
0.004367 0.000195
0.004328 0.000143
0.00434 0.000155
0.004382 0.000136
0.004396 0.000145
0.004338 0.000155
0.003875 9.1e-05
0.004346 0.000121
0.004353 0.000224
0.004332 0.00017
0.004354 0.000157
0.004329 0.000152
0.004362 0.000183
0.004406 0.000134
0.004375 0.000134
0.004348 0.000162
0.004364 0.000117
0.00435 0.000127
0.004359 0.000131
0.00431 0.00013
0.004338 0.000113
0.004316 0.000122
0.004345 0.00016
0.004316 0.000148
0.004334 0.000167
0.004307 0.000157
0.004338 0.000145
0.003964 0.000127
0.004343 0.00014
0.004314 0.000132
0.004361 0.000166
0.004319 0.000154
0.004341 0.000186
0.004345 0.00014
0.004342 0.000102
0.00432 0.000149
0.004351 0.000115
0.004351 0.000148
0.004327 0.000125
0.00433 0.000199
0.004347 0.00014
0.004342 0.000171
0.004352 0.000165
0.004345 0.000145
0.004327 0.000191
0.004323 0.000177
0.004322 0.000207
0.004328 0.000124
0.003798 0.000105
0.004341 0.000111
0.004421 0.000142
0.00435 0.000122
0.004381 0.000168
0.004361 0.000163
0.004381 0.00018
0.004311 0.000139
0.004348 0.000109
0.004331 0.000164
0.004355 0.00014
0.004322 0.000185
0.004342 0.000176
0.004347 0.000131
0.004345 0.000173
0.004333 0.000125
0.004347 0.000159
0.004333 0.000117
0.004333 0.000124
0.004345 0.000139
0.004333 0.000131
0.00406 9.1e-05
0.004369 0.000196
0.004356 0.000145
0.004354 0.000155
0.004337 0.000167
0.00436 0.000149
0.004364 0.00015
0.004333 0.000122
0.00435 0.00017
0.004335 0.000138
0.004338 0.000169
0.004324 0.000109
0.004343 0.000151
0.004339 0.000114
0.004362 0.000124
0.004407 0.000136
0.004331 0.000181
0.004344 0.000149
0.00432 0.000214
0.004337 0.000192
0.004337 0.000134
0.004105 0.000125
0.004326 0.000129
0.004342 0.000185
0.004314 0.000129
0.004349 0.000115
0.004339 0.000125
0.004341 0.000139
0.004352 0.000196
0.004341 0.000169
0.004323 0.000133
0.004338 0.00011
0.004332 9.5e-05
0.004333 0.000151
0.004333 0.000124
0.004323 0.000156
0.004313 0.000129
0.004339 0.000139
0.004318 0.000206
0.004325 0.000105
0.004337 0.000191
0.004329 0.00012
0.004048 0.000111
0.004357 0.000143
0.004328 0.000137
0.004324 0.000122
0.004331 0.00014
0.004343 0.000217
0.004378 0.000117
0.004374 0.000126
0.004361 0.000142
0.004411 0.000141
0.004357 0.000156
0.004377 0.000134
0.004359 0.000134
0.004371 0.000141
0.004372 0.000174
0.00442 0.0001
0.004417 0.000129
0.004385 0.000157
0.00435 0.000157
0.004345 0.000156
0.004343 0.000122
0.003783 0.000113
0.004342 0.000114
0.004328 0.000125
0.004329 0.000167
0.004334 0.00021
0.004329 0.000143
0.004369 0.000151
0.004342 0.000147
0.004335 0.000158
0.004344 0.000172
0.004332 0.00016
0.004338 0.000124
0.004383 0.000169
0.004314 0.000136
0.004352 0.000127
0.004323 0.000147
0.00434 0.000135
0.004312 0.000129
0.004327 0.000142
0.004316 0.000116
0.004335 0.000132
0.004048 0.000155
0.004388 0.000135
0.004346 0.000109
0.004349 0.000148
0.004328 0.000122
0.004364 0.000108
0.004345 0.000158
0.004342 0.000111
0.004314 0.000164
0.004335 0.000115
0.004343 0.000136
0.00433 0.00021
0.004315 0.000115
0.004327 0.000132
0.004331 0.000189
0.004344 0.000222
0.004333 0.00012
0.004334 0.000142
0.004353 0.000175
0.004337 0.000155
0.004324 0.000176
0.003662 0.00015
0.004333 0.000116
0.004337 0.000136
0.00431 0.000182
0.004332 0.000189
0.004342 0.000113
0.00435 0.00019
0.004337 0.000132
0.004342 0.000137
0.004351 0.000145
0.004331 0.000187
0.004311 0.000134
0.004334 0.00014
0.004304 0.000113
0.004345 0.000136
0.00433 0.000163
0.004338 0.000137
0.004341 0.000163
0.004345 0.000127
0.004329 0.000138
0.004338 0.000124
0.00364 9.9e-05
0.004362 0.000163
0.004321 0.00018
0.00435 0.000135
0.004304 0.000143
0.004346 0.00014
0.004336 0.000152
0.004351 0.000144
0.004321 0.00014
0.004319 0.000163
0.004327 0.000196
0.004349 0.000131
0.004332 0.000169
0.004331 0.000136
0.004315 0.000147
0.004351 0.00013
0.004314 0.000138
0.004341 0.000159
0.004318 0.00018
0.004346 9.3e-05
0.004315 0.000114
0.003899 0.000113
0.004338 0.000204
0.004334 0.000152
0.00434 0.000135
0.004374 0.000134
0.004367 0.000135
0.004359 0.000165
0.004348 0.000126
0.00437 0.000145
0.004348 0.000138
0.00435 0.000192
0.004354 0.000198
0.004361 0.000149
0.004312 0.000138
0.004327 0.000134
0.004343 0.000104
0.004326 0.000111
0.004312 0.000135
0.004347 0.000126
0.004345 0.000171
0.004345 0.000238
0.004025 0.000121
0.004336 0.000172
0.004337 0.000144
0.004349 0.000149
0.004329 0.000155
0.004354 0.000154
0.004331 0.000149
0.004337 0.000126
0.004326 0.000167
0.004342 0.000116
0.004314 0.00016
0.004375 0.000164
0.004362 0.000133
0.004348 0.000138
0.004311 0.00014
0.004329 0.00014
0.00434 0.000163
0.00435 0.000129
0.004325 0.00015
0.004357 0.000106
0.004336 0.00019
0.003673 0.000123
0.004381 0.000165
0.004346 0.000122
0.004339 0.000194
0.004367 0.000167
0.004381 0.000157
0.00438 0.000151
0.004335 0.000134
0.004346 0.000148
0.004317 0.000109
0.00433 0.000138
0.004313 0.000164
0.004335 0.000171
0.004319 0.000188
0.004353 0.000139
0.004319 0.000179
0.004334 0.00014
0.00433 0.000129
0.004349 0.000162
0.00434 0.00011
0.004323 0.000148
0.003737 0.000104
0.004341 0.000134
0.004327 0.000118
0.004348 0.000145
0.00432 0.00012
0.00437 0.000155
0.004337 0.000172
0.00434 0.000103
0.004339 0.000198
0.004347 0.000193
0.00435 0.000119
0.004327 0.000189
0.004319 0.000151
0.004313 0.000118
0.004354 0.000106
0.004353 0.000133
0.004324 0.000107
0.004391 0.000173
0.004312 0.000154
0.004353 0.000211
0.004338 0.000121
0.003935 9.9e-05
0.004336 0.000197
0.004335 0.000154
0.004341 0.000152
0.004342 0.000171
0.004324 0.000121
0.004346 0.00013
0.004336 0.000142
0.00435 0.000129
0.004328 0.000166
0.004363 0.000178
0.004336 0.000154
0.004365 0.000128
0.004319 0.000105
0.004332 0.000161
0.004323 0.000165
0.004341 0.00016
0.004318 0.000137
0.004348 0.00013
0.004337 0.000151
0.004325 0.000152
0.003672 0.000126
0.00435 0.00017
0.004329 0.000124
0.004328 0.000184
0.004327 0.000102
0.004355 0.000138
0.004332 0.000142
0.004399 0.000134
0.00434 0.000145
0.004355 0.000197
0.00432 0.000142
0.004359 0.000155
0.004354 0.000142
0.004325 0.000138
0.004311 0.000114
0.004359 0.000176
0.004317 0.000126
0.004352 0.00014
0.00433 0.000201
0.004347 0.000154
0.004329 0.000168
0.003694 0.00015
0.004337 0.000139
0.004333 0.000191
0.004317 0.000149
0.004341 0.000169
0.004326 0.000163
0.004352 0.000198
0.004313 0.000175
0.004374 0.000128
0.004324 0.000137
0.004343 0.000177
0.004341 9.9e-05
0.004348 0.00012
0.004329 0.000174
0.004337 0.000126
0.004358 0.000202
0.004355 0.000178
0.004334 0.000153
0.004348 0.000127
0.004334 0.00013
0.004344 0.000148
0.003973 0.000179
0.00437 0.00013
0.004336 0.000204
0.004971 0.00015
0.004314 0.000145
0.004342 0.00015
0.004382 0.000121
0.004403 0.000163
0.004331 0.000167
0.004335 0.000134
0.004331 0.000138
0.004342 0.000146
0.004322 0.000129
0.00435 0.000124
0.004314 0.000101
0.00434 0.000235
0.004309 0.000147
0.00435 0.00014
0.004316 0.000127
0.004359 0.000171
0.00436 0.000189
0.004094 0.000136
0.003691 9.6e-05
0.003525 0.000114
0.003761 9.9e-05
0.003708 0.000102
0.003775 0.000159
0.004352 0.000177
0.004333 0.000114
0.00434 0.000205
0.004321 0.000135
0.004335 0.000118
0.004322 0.000132
0.004353 0.000155
0.004324 0.000144
0.004332 0.000149
0.004329 0.000178
0.004385 0.000133
0.004306 0.000175
0.004335 0.000171
0.003965 0.00012
0.004333 0.000138
0.00433 0.000135
0.004365 0.000174
0.004316 0.00018
0.004341 0.000185
0.004345 0.000154
0.004353 0.000131
0.004321 0.000113
0.004341 0.000117
0.00433 0.000151
0.004335 0.000143
0.004313 0.000201
0.004352 0.000117
0.004326 0.000115
0.00434 0.000114
0.00433 9.3e-05
0.00433 0.000116
0.004339 0.000117
0.00435 0.000147
0.004323 0.000134
0.00425 0.000131
0.004103 0.000171
0.004353 0.000154
0.004328 0.000172
0.004332 0.000136
0.004317 0.000127
0.004383 0.000168
0.004382 0.00011
0.00434 0.000124
0.004343 0.000172
0.004374 0.000136
0.004396 0.000211
0.004364 0.0002
0.004358 0.000153
0.004339 0.000142
0.004345 0.000138
0.004376 0.000136
0.004367 0.000139
0.004364 0.000128
0.004416 0.000121
0.004445 0.000154
0.004359 0.000128
0.004381 0.000168
0.004319 0.000163
0.004331 0.000121
0.004328 0.00014
0.004337 0.000114
0.004402 0.000155
0.004345 0.000179
0.004354 0.000198
0.004333 0.000188
0.004342 0.000118
0.004346 0.000114
0.004325 0.000131
0.004384 0.000167
0.004332 0.000204
0.004343 0.000135
0.004318 0.000138
0.004333 0.000195
0.004318 0.000141
0.004326 0.000133
0.004322 0.000142
0.003876 9.9e-05
0.004177 0.000146
0.00438 0.000131
0.004411 0.000135
0.004348 0.000174
0.004347 0.000137
0.004397 0.000197
0.004329 0.000195
0.00435 0.000201
0.004321 0.000118
0.004328 0.000161
0.004342 0.000171
0.00437 0.000158
0.004348 0.000109
0.004354 0.000158
0.004353 0.000164
0.004347 0.00017
0.004321 0.000159
0.004336 0.000116
0.004332 0.000178
0.004335 0.000144
0.00413 0.000107
0.004332 0.000165
0.004309 0.000156
0.004336 0.000173
0.004339 0.000182
0.004418 0.000164
0.004356 0.000209
0.004345 0.000156
0.004347 0.000104
0.004342 0.000169
0.004329 0.000129
0.004345 0.000141
0.00431 0.000158
0.004341 0.000135
0.004335 0.000144
0.004325 0.000118
0.004375 0.00016
0.004346 0.000183
0.004438 0.000154
0.004342 0.00017
0.004332 0.000134
0.004112 0.000119
0.004333 0.000107
0.004334 0.000194
0.004328 0.000125
0.004346 0.000128
0.004378 0.000198
0.004363 0.00018
0.00432 0.00018
0.004364 0.000127
0.004329 0.000141
0.004344 0.000116
0.004322 0.000152
0.004347 0.00022
0.004318 0.000184
0.004358 0.000123
0.004313 0.000121
0.004342 0.000166
0.004357 0.000215
0.004347 0.000131
0.004323 0.00016
0.004352 0.000198
0.003647 0.000146
0.004338 0.000143
0.004328 0.000137
0.004362 0.0002
0.004317 0.000143
0.004344 0.000201
0.00436 0.000138
0.004391 0.000146
0.00432 0.000122
0.004339 0.000154
0.00434 0.000142
0.004352 0.000114
0.004333 0.000128
0.004348 0.000145
0.004314 0.000164
0.004338 0.000151
0.004346 0.000156
0.004341 0.000137
0.004336 0.000179
0.004333 0.000155
0.004325 0.000117
0.003839 0.000114
0.004347 0.000138
0.004372 0.000143
0.004359 0.000144
0.004347 0.000144
0.004345 0.000148
0.004387 0.000128
0.004326 0.000119
0.004352 0.000204
0.004343 0.000165
0.004348 0.000164
0.004329 0.000135
0.004362 0.000144
0.004323 0.000153
0.004364 0.000193
0.004352 0.000143
0.004353 0.000109
0.004335 0.000177
0.004342 0.000205
0.004321 0.000115
0.004344 0.000141
0.003954 0.000124
0.00439 0.000135
0.004321 0.000163
0.00435 0.000127
0.004348 0.000147
0.004354 0.000124
0.004337 0.000123
0.00435 0.000208
0.004382 0.000175
0.004348 0.00014
0.004321 0.000146
0.00435 0.000108
0.004341 9.6e-05
0.004331 0.000158
0.004322 0.000199
0.004359 0.000153
0.004317 0.000139
0.004332 0.000141
0.004331 0.000112
0.004336 0.000139
0.004322 0.000142
0.003933 0.000119
0.004363 0.000184
0.004367 0.000115
0.00433 0.000192
0.004336 0.000126
0.004373 0.000237
0.004365 0.000163
0.004341 0.000141
0.004353 0.000196
0.004333 0.000161
0.004352 0.000198
0.004411 0.000163
0.004385 0.000155
0.004336 0.000153
0.004348 0.000171
0.004327 0.000138
0.004329 0.000201
0.004344 0.000137
0.004341 0.000101
0.004326 0.000149
0.004345 0.000135
0.004225 0.000168
0.004371 0.000127
0.004353 0.000175
0.004345 0.000185
0.004337 0.000123
0.004383 0.000127
0.004375 0.00011
0.004334 0.000154
0.004326 0.000143
0.004346 0.000132
0.004338 0.000117
0.004342 0.000128
0.00434 0.000134
0.004356 0.000155
0.004323 0.000106
0.004334 0.000173
0.004349 0.000159
0.004343 0.000144
0.004327 0.000141
0.004326 0.000118
0.004347 0.000159
0.00375 0.000105
0.004348 0.00017
0.004361 0.000202
0.004337 0.000133
0.004346 0.00016
0.004474 0.000162
0.004345 0.000129
0.004325 0.000143
0.00434 0.000143
0.004341 0.000128
0.004332 0.000175
0.004329 0.000137
0.004325 0.000185
0.004333 0.000133
0.004331 0.000138
0.004327 0.000189
0.00434 0.000144
0.004313 0.000136
0.00433 0.000132
0.004317 0.000148
0.00434 0.000173
0.003576 0.000125
0.004368 0.000149
0.004328 0.000134
0.004336 0.000138
0.004302 0.000181
0.004411 0.000142
0.004359 0.000147
0.004338 0.000119
0.004319 0.000141
0.004336 0.000151
0.004319 0.000118
0.00438 0.000157
0.004339 0.000188
0.004981 0.000144
0.004339 0.000132
0.004682 0.000206
0.004612 0.000235
0.004449 9.6e-05
0.00456 0.000213
0.004385 0.000121
0.004667 0.000173
0.004839 0.000166
0.005041 0.000211
0.004418 0.00011
0.004601 0.000165
0.004442 0.000155
0.004499 0.000158
0.006517 0.000208
0.006462 0.000216
0.005273 0.000207
0.004755 0.000209
0.005753 0.000205
0.006418 0.000179
0.006322 0.000175
0.00437 0.000193
0.006438 0.000161
0.005778 0.000243
0.004159 0.000138
0.004899 0.000191
0.004781 0.000142
0.005613 0.000242
0.006545 0.000188
0.006402 0.000198
0.005553 0.000214
0.004378 0.000115
0.004371 0.000144
0.004374 0.000155
0.004357 0.000178
0.004338 0.000219
0.004339 0.000149
0.004329 0.000118
0.004348 0.00021
0.004359 0.000205
0.004385 0.00014
0.00439 0.000138
0.004412 0.00012
0.003659 9e-05
0.004422 0.000166
0.004341 0.000111
0.00436 0.000167
0.004338 0.000188
0.004369 0.000187
0.004336 0.000166
0.004331 0.000181
0.004374 0.000149
0.004385 0.000152
0.004357 0.000135
0.004353 0.000145
0.004332 0.000151
0.004332 0.000138
0.00432 0.000154
0.004345 0.000131
0.004327 0.000121
0.004317 0.000157
0.004324 0.000128
0.004326 0.000124
0.004344 0.000126
0.003849 0.000179
0.00435 0.000121
0.004372 0.000197
0.004325 0.000142
0.004352 0.00015
0.004517 0.000169
0.004405 0.00014
0.004364 0.000101
0.004366 0.000125
0.004328 0.000159
0.004334 0.000141
0.004366 0.000185
0.004344 0.000155
0.004311 0.000177
0.004346 0.000125
0.004312 0.000133
0.004336 0.000138
0.004309 0.000115
0.004322 0.000134
0.004311 0.00014
0.004069 0.000134
0.00424 0.000144
0.004333 0.000138
0.004322 0.000141
0.00435 0.00011
0.004318 0.000159
0.004343 0.000129
0.004309 0.000171
0.004348 0.000161
0.004317 0.000147
0.004313 0.000147
0.004314 0.000125
0.00432 0.000153
0.004323 0.000131
0.004312 0.000172
0.004317 0.000173
0.004341 0.000135
