0.001293 7.9e-05
0.001301 7.6e-05
0.001296 6.6e-05
0.0013 7.6e-05
0.001304 7.7e-05
0.001335 6.5e-05
0.001302 4.7e-05
0.001305 6.6e-05
0.001294 6.1e-05
0.001301 6.4e-05
0.001296 7.7e-05
0.001303 7.5e-05
0.001301 6e-05
0.0013 6.9e-05
0.001298 6.7e-05
0.001306 6e-05
0.001366 7.1e-05
0.001222 6.8e-05
0.001125 5.8e-05
0.001294 6.2e-05
0.001302 5e-05
0.00131 5.8e-05
0.001299 6.1e-05
0.001294 5.4e-05
0.001881 0.00013
0.001309 6.2e-05
0.001302 6e-05
0.001312 8e-05
0.001477 9.7e-05
0.001313 6.9e-05
0.001308 6.6e-05
0.001882 0.000104
0.001359 5.2e-05
0.001309 7.5e-05
0.001301 6.9e-05
0.001427 9.5e-05
0.001304 5.1e-05
0.001304 0.000125
0.001871 9.7e-05
0.0013 7e-05
0.001292 6.3e-05
0.001304 7.7e-05
0.00129 6.9e-05
0.001529 7.4e-05
0.001314 6.7e-05
0.00132 5.9e-05
0.001305 4.6e-05
0.001295 6.4e-05
0.001298 9.2e-05
0.001302 7.4e-05
0.001302 9.1e-05
0.001299 6.4e-05
0.001482 6.4e-05
0.001309 5.7e-05
0.0013 6.6e-05
0.001309 8.6e-05
0.001305 5.8e-05
0.00131 5.5e-05
0.0013 5.8e-05
0.001296 5.5e-05
0.001302 6.3e-05
0.001312 6.6e-05
0.001296 6.4e-05
0.001306 7e-05
0.001301 6.6e-05
0.0013 8.3e-05
0.001308 6.1e-05
0.001294 8.1e-05
0.001304 5.4e-05
0.001303 6.7e-05
0.00134 9.8e-05
0.001306 5.7e-05
0.001296 4.9e-05
0.001302 5.5e-05
0.001304 6.8e-05
0.0013 9.7e-05
0.00131 5.6e-05
0.001306 6.1e-05
0.001297 9.3e-05
0.001294 5.3e-05
0.001297 6e-05
0.001308 7.9e-05
0.001301 6.9e-05
0.001295 7.8e-05
0.001303 7.5e-05
0.001314 9e-05
0.001231 6e-05
0.001229 4.1e-05
0.001227 4.4e-05
0.001243 5.4e-05
0.001302 7.5e-05
0.001304 5e-05
0.001299 7.9e-05
0.001303 7.1e-05
0.001304 5.9e-05
0.001304 5.6e-05
0.001297 6.3e-05
0.001298 5.9e-05
0.001297 6e-05
0.001302 8.1e-05
0.001306 5.7e-05
0.00131 4.9e-05
0.001304 6.2e-05
0.001302 5.9e-05
0.001304 7.4e-05
0.001316 5.9e-05
0.001301 9e-05
0.001311 5.4e-05
0.001303 9.4e-05
0.001308 7.4e-05
0.0013 8.3e-05
0.001297 5.8e-05
0.001299 6.2e-05
0.001311 7.1e-05
0.001301 7.7e-05
0.001304 7.1e-05
0.001295 8.5e-05
0.0013 6.7e-05
0.001302 5.2e-05
0.001295 4.9e-05
0.001295 6.6e-05
0.001301 5.9e-05
0.001308 5.9e-05
0.001301 8.9e-05
0.001299 9.4e-05
0.001303 7.4e-05
0.001295 6.6e-05
0.001301 9e-05
0.001297 7.4e-05
0.001303 5.9e-05
0.00129 6.4e-05
0.001308 5.7e-05
0.001305 6e-05
0.001312 8.8e-05
0.001303 6.7e-05
0.0013 6.2e-05
0.001289 8.1e-05
0.001298 5.1e-05
0.001307 7e-05
0.001307 6.3e-05
0.001305 5.3e-05
0.001304 5.1e-05
0.001293 7.8e-05
0.001311 6.7e-05
0.001302 6.4e-05
0.001301 9.1e-05
0.001301 7.2e-05
0.001309 6e-05
0.001292 0.000119
0.001297 6.5e-05
0.001299 8.9e-05
0.001302 7e-05
0.0013 7.4e-05
0.001316 6.1e-05
0.001296 6.6e-05
0.001308 7.3e-05
0.001292 6.7e-05
0.001296 6.9e-05
0.001191 4.1e-05
0.001079 5.8e-05
0.001357 4.7e-05
0.001306 6.7e-05
0.001304 6.4e-05
0.001298 5.7e-05
0.001308 6.9e-05
0.001303 6.6e-05
0.001303 8.5e-05
0.001301 5.9e-05
0.00131 6.9e-05
0.001313 6.2e-05
0.0013 6.2e-05
0.0013 9.8e-05
0.001303 5.9e-05
0.001308 9.1e-05
0.001302 5.2e-05
0.001314 7.1e-05
0.001302 9.5e-05
0.001324 9.9e-05
0.001304 9.9e-05
0.001343 5.7e-05
0.001313 6.3e-05
0.001302 7.6e-05
0.001318 6.2e-05
0.001301 7.3e-05
0.001317 5.4e-05
0.001307 9.1e-05
0.001313 5.6e-05
0.001312 7.7e-05
0.001315 6.6e-05
0.001328 5.6e-05
0.001317 5.2e-05
0.001311 6.2e-05
0.001303 9.8e-05
0.001297 6.5e-05
0.001369 6.5e-05
0.001323 9.9e-05
0.001306 6.6e-05
0.001334 7.2e-05
0.00143 0.000123
0.001508 9e-05
0.001319 6.3e-05
0.001376 4.8e-05
0.001303 5.8e-05
0.001323 8.3e-05
0.001299 5.5e-05
0.00131 5.7e-05
0.001296 8.4e-05
0.001299 6.3e-05
0.001308 5.1e-05
0.001313 8.7e-05
0.001298 5.6e-05
0.001295 6.1e-05
0.0013 6.8e-05
0.001304 0.0001
0.001584 7.9e-05
0.001437 6.9e-05
0.001294 6.6e-05
0.001309 6.8e-05
0.001311 7.7e-05
0.001307 7e-05
0.001302 5.8e-05
0.001297 7.5e-05
0.001302 7.9e-05
0.0013 9.4e-05
0.001293 6.9e-05
0.001303 7e-05
0.001297 0.000106
0.001307 7.1e-05
0.001275 4.3e-05
0.001164 6.2e-05
0.001111 4.3e-05
0.001158 0.0001
0.001293 8.3e-05
0.001308 7.3e-05
0.001306 6.2e-05
0.00131 6.9e-05
0.001301 5.8e-05
0.001296 6.3e-05
0.001291 7.3e-05
0.001295 6.3e-05
0.001305 5.7e-05
0.001308 7.1e-05
0.001306 8.3e-05
0.001297 7e-05
0.001311 7.9e-05
0.001303 6.5e-05
0.001309 6.9e-05
0.001314 8e-05
0.001304 8.5e-05
0.001311 7.3e-05
0.001297 5.3e-05
0.001306 6.3e-05
0.001307 7.3e-05
0.001319 9.1e-05
0.00131 9.6e-05
0.001301 8.5e-05
0.001306 6.9e-05
0.0013 7e-05
0.001305 7.7e-05
0.001303 8.5e-05
0.001308 7.2e-05
0.001312 6.7e-05
0.001315 6.7e-05
0.001317 7.7e-05
0.001298 6.6e-05
0.001304 7.3e-05
0.0013 5.2e-05
0.001298 4.8e-05
0.001303 4.7e-05
0.001302 8.8e-05
0.001298 7.9e-05
0.001296 6e-05
0.001296 8.8e-05
0.001303 9.3e-05
0.001302 8.3e-05
0.001323 7.3e-05
0.001298 6.3e-05
0.001312 8.6e-05
0.0013 5.8e-05
0.00131 6.4e-05
0.001298 5.8e-05
0.001312 6.5e-05
0.001294 6.7e-05
0.001316 7.7e-05
0.001302 7.3e-05
0.001308 6.1e-05
0.001316 6.3e-05
0.001298 6e-05
0.001303 8.3e-05
0.001293 7.2e-05
0.001502 6.3e-05
0.001303 7.5e-05
0.001302 7.7e-05
0.001301 8e-05
0.001311 5.8e-05
0.001333 5.8e-05
0.001489 7.1e-05
0.001327 5.1e-05
0.001347 6.8e-05
0.001308 5.2e-05
0.001205 6.8e-05
0.001088 4.7e-05
0.001088 8.2e-05
0.001329 0.000101
0.001426 7e-05
0.001307 6.1e-05
0.001331 7.3e-05
0.001316 7.3e-05
0.001303 7.1e-05
0.001304 5.9e-05
0.0013 7.7e-05
0.001548 9e-05
0.001304 6.8e-05
0.001332 6.3e-05
0.001303 7.4e-05
0.001589 8.3e-05
0.001311 7.1e-05
0.001306 5.6e-05
0.001321 7.1e-05
0.001296 5.4e-05
0.001304 7e-05
0.001307 6.3e-05
0.001327 6.7e-05
0.001297 6.5e-05
0.001336 6.1e-05
0.001302 6.5e-05
0.0013 9.7e-05
0.001318 6.8e-05
0.001304 6.1e-05
0.001308 9e-05
0.001296 7.6e-05
0.001318 9.3e-05
0.001296 6.1e-05
0.001301 4.5e-05
0.001412 6.8e-05
0.001297 8.5e-05
0.001306 8.7e-05
0.00129 5.8e-05
0.0013 7.2e-05
0.001317 8.7e-05
0.001303 7.6e-05
0.001305 6.5e-05
0.001297 9.1e-05
0.001308 8.2e-05
0.001295 9.9e-05
0.001305 6.4e-05
0.001301 5.9e-05
0.001303 7.4e-05
0.001338 7e-05
0.001304 8e-05
0.001301 9e-05
0.001297 8.1e-05
0.001304 4.4e-05
0.001297 5.5e-05
0.001297 7.1e-05
0.001296 5.5e-05
0.001296 0.000102
0.001329 6.1e-05
0.001297 6.1e-05
0.001334 7.9e-05
0.001308 7.3e-05
0.001313 6.2e-05
0.001306 8.5e-05
0.001301 6e-05
0.001304 5.6e-05
0.001304 6.4e-05
0.001299 5.6e-05
0.001298 7.2e-05
0.001624 7.7e-05
0.001307 5.4e-05
0.001189 5.3e-05
0.001221 6.8e-05
0.001923 8.8e-05
0.001312 5.6e-05
0.001313 5.4e-05
0.00131 7.9e-05
0.00147 5.2e-05
0.001309 9.8e-05
0.001293 9.1e-05
0.001925 0.000124
0.001316 6.4e-05
0.001309 9.1e-05
0.001344 0.000102
0.001314 7.2e-05
0.001302 7.4e-05
0.001328 6.7e-05
0.001302 5.2e-05
0.001311 0.000101
0.001325 6e-05
0.0013 6.7e-05
0.0013 5.7e-05
0.001341 5.9e-05
0.0013 9e-05
0.001296 6.5e-05
0.001296 6.4e-05
0.001306 4.8e-05
0.001298 9.3e-05
0.001311 6.4e-05
0.0013 7.9e-05
0.0013 7.4e-05
0.001291 6.2e-05
0.001301 5.8e-05
0.001304 6.4e-05
0.001298 8.5e-05
0.001296 7.6e-05
0.001304 8.1e-05
0.001296 7.3e-05
0.001304 9.5e-05
0.001301 9.1e-05
0.001306 6.3e-05
0.001295 6.1e-05
0.001298 8.3e-05
0.0013 5.1e-05
0.001307 6.3e-05
0.0013 5.3e-05
0.001325 6.9e-05
0.001317 6.5e-05
0.001313 8e-05
0.001346 7.1e-05
0.001299 4.8e-05
0.001297 6.2e-05
0.001301 5.3e-05
0.001297 7.3e-05
0.001304 9.9e-05
0.001302 5.3e-05
0.001303 8.8e-05
0.001306 5.5e-05
0.001308 8.5e-05
0.001304 5.8e-05
0.001308 5.3e-05
0.001301 6.3e-05
0.001299 5.9e-05
0.001313 8.6e-05
0.001307 7.5e-05
0.00131 5.3e-05
0.001336 8.2e-05
0.001313 7e-05
0.001309 8.8e-05
0.001305 6.1e-05
0.001319 7.7e-05
0.001187 5.6e-05
0.001188 6.5e-05
0.001164 7e-05
0.001197 8.1e-05
0.001313 5.3e-05
0.001451 5.5e-05
0.001302 7.5e-05
0.001511 6.1e-05
0.001317 5.1e-05
0.001293 6.8e-05
0.001305 8.1e-05
0.001317 5.1e-05
0.001322 6.2e-05
0.001303 5.9e-05
0.00131 7.4e-05
0.001309 5.6e-05
0.001308 5.5e-05
0.001309 6.5e-05
0.001298 8.7e-05
0.001321 6.6e-05
0.001309 6.2e-05
0.001316 0.000101
0.001294 6.8e-05
0.001314 8.5e-05
0.001301 5.3e-05
0.001306 6.1e-05
0.001314 7e-05
0.00131 5.5e-05
0.001296 6.5e-05
0.001337 6e-05
0.00132 5.5e-05
0.001313 6.2e-05
0.001309 7.7e-05
0.001333 9e-05
0.001299 9.1e-05
0.001342 6.5e-05
0.001308 9.8e-05
0.001298 7.8e-05
0.001299 9.5e-05
0.001296 8.2e-05
0.001294 6.4e-05
0.001305 6.1e-05
0.001309 5.8e-05
0.001294 7e-05
0.001299 5.6e-05
0.00131 0.000105
0.001297 8.3e-05
0.001307 6.4e-05
0.001299 4.8e-05
0.001315 7.5e-05
0.001296 6.6e-05
0.001317 7.3e-05
0.001301 7e-05
0.001304 8.7e-05
0.001299 6.6e-05
0.001297 7.8e-05
0.0013 7.5e-05
0.001315 7.8e-05
0.0013 5.7e-05
0.001302 5.5e-05
0.00131 7.1e-05
0.001305 7e-05
0.0013 9.1e-05
0.001683 7.7e-05
0.001307 5.7e-05
0.001308 7.4e-05
0.0013 4.8e-05
0.001296 9.1e-05
0.001306 5.9e-05
0.001298 8.4e-05
0.001301 7.9e-05
0.001187 5.5e-05
0.001135 4.3e-05
0.001082 4.6e-05
0.001299 8.1e-05
0.001304 9.5e-05
0.001298 6.1e-05
0.001305 7.8e-05
0.001294 5.4e-05
0.001304 0.000105
0.001306 0.000108
0.001298 8.3e-05
0.001298 7.1e-05
0.001299 6.9e-05
0.001337 5.2e-05
0.0013 5.6e-05
0.001439 5.4e-05
0.001323 4.7e-05
0.001313 5.9e-05
0.001347 6.8e-05
0.001301 5.9e-05
0.001308 7.7e-05
0.001301 5.6e-05
0.001313 7.7e-05
0.001298 6.8e-05
0.00131 5.7e-05
0.001296 5.2e-05
0.001304 7.8e-05
0.001305 7e-05
0.001323 7.3e-05
0.001302 5.6e-05
0.001299 5e-05
0.001309 5.9e-05
0.001301 7.5e-05
0.001294 5.1e-05
0.001297 8e-05
0.001302 5.4e-05
0.001306 7.2e-05
0.001311 4.8e-05
0.001308 6.4e-05
0.001306 6.2e-05
0.00131 6.5e-05
0.001316 6.3e-05
0.001301 6.8e-05
0.001298 5.3e-05
0.001299 7.4e-05
0.001306 8.7e-05
0.001301 6.5e-05
0.001301 7.3e-05
0.001308 9.6e-05
0.001315 6.4e-05
0.001309 7.9e-05
0.001303 8.4e-05
0.001308 8.1e-05
0.001297 5.6e-05
0.001309 5.8e-05
0.001308 5.6e-05
0.001294 6.6e-05
0.001294 7.9e-05
0.001298 7.3e-05
0.001302 5.4e-05
0.001317 9.2e-05
0.001304 0.000107
0.001308 6.1e-05
0.001295 7.3e-05
0.001297 0.000106
0.001297 7.5e-05
0.0013 6.4e-05
0.001312 6.9e-05
0.001306 8.4e-05
0.001305 5.4e-05
0.0013 7.4e-05
0.001273 6e-05
0.001181 5.9e-05
0.001161 4.1e-05
0.001152 6.1e-05
0.001302 5.5e-05
0.001306 5.2e-05
0.001292 8.1e-05
0.00131 5.8e-05
0.001298 6.5e-05
0.001296 5.9e-05
0.001323 6e-05
0.001299 6.9e-05
0.001301 6.1e-05
0.00131 6.5e-05
0.001323 6.8e-05
0.001306 5.9e-05
0.00132 0.000106
0.001314 6.6e-05
0.001347 7e-05
0.001315 5.2e-05
0.001301 5.1e-05
0.001293 6.6e-05
0.001299 9.7e-05
0.001304 9.3e-05
0.001289 4.9e-05
0.001305 6.2e-05
0.001303 5.1e-05
0.001292 5.5e-05
0.001314 9.2e-05
0.001303 5.3e-05
0.001305 9.3e-05
0.001301 7.5e-05
0.001302 8e-05
0.001313 9.7e-05
0.001292 6.1e-05
0.001298 7.2e-05
0.001305 5.8e-05
0.001314 8.6e-05
0.001393 6.8e-05
0.001304 8.3e-05
0.001314 4.9e-05
0.001318 5.9e-05
0.001312 6.9e-05
0.001306 6.5e-05
0.001318 5e-05
0.001299 5.8e-05
0.001306 5.8e-05
0.001311 7.2e-05
0.001571 7.4e-05
0.001313 8.6e-05
0.001315 7.6e-05
0.001844 6.8e-05
0.001374 7.6e-05
0.001318 9.7e-05
0.00183 0.000106
0.001442 8.1e-05
0.001322 7.1e-05
0.001311 7.3e-05
0.001778 9.5e-05
0.001952 8.2e-05
0.001971 0.000107
0.001967 0.000117
0.001936 7.1e-05
0.001931 7.1e-05
0.00194 7e-05
0.001935 8.2e-05
0.001791 5.7e-05
0.001303 0.000108
0.001507 6.4e-05
0.001618 9.3e-05
0.001311 6.8e-05
0.001305 8.5e-05
0.001847 6.5e-05
0.001354 9.3e-05
0.001308 6.4e-05
0.001319 6.1e-05
0.001302 7.8e-05
0.001319 6.6e-05
0.001302 7.3e-05
0.001323 6.9e-05
0.001307 7.5e-05
0.001308 6.8e-05
0.001352 4.8e-05
0.001362 7.4e-05
0.001305 6.7e-05
0.001317 8.9e-05
0.00137 6.5e-05
0.001585 7.5e-05
0.001317 6.4e-05
0.001308 9.2e-05
0.001308 5.2e-05
0.001314 6.5e-05
0.001296 0.000105
0.001307 4.8e-05
0.001319 7e-05
0.001317 6.9e-05
0.001303 6.4e-05
0.001354 9.4e-05
0.001408 8.3e-05
0.001309 8.1e-05
0.00131 8.3e-05
0.001334 6.1e-05
0.001303 5.3e-05
0.001297 6.6e-05
0.001311 5.6e-05
0.001314 7.1e-05
0.001304 5.4e-05
0.001322 7e-05
0.00131 6.1e-05
0.001303 7.6e-05
0.002405 9e-05
0.001494 8.7e-05
0.001543 7e-05
0.002353 0.000128
0.001325 7.6e-05
0.001723 6.5e-05
0.001316 6.3e-05
0.001424 9.9e-05
0.001315 9.9e-05
0.002386 0.00016
0.001336 6.5e-05
0.001695 5.5e-05
0.001304 6e-05
0.001336 5.8e-05
0.001299 7.1e-05
0.001306 8.1e-05
0.001299 7.8e-05
0.00134 7.3e-05
0.001331 8.2e-05
0.001315 8.2e-05
0.001327 5.7e-05
0.001284 7.8e-05
0.00128 5.4e-05
0.001147 9.7e-05
0.001316 6.4e-05
0.001309 6e-05
0.001307 5.7e-05
0.001299 9.5e-05
0.001304 6.2e-05
0.001305 6.3e-05
0.001298 7e-05
0.001317 7e-05
0.001314 6.6e-05
0.001312 7e-05
0.001295 5.8e-05
0.00131 5e-05
0.001294 7.4e-05
0.001316 7.2e-05
0.001303 6.6e-05
0.001314 6.6e-05
0.00134 5.1e-05
0.001306 8.4e-05
0.001324 7.9e-05
0.001317 7.4e-05
0.001301 7.2e-05
0.001302 5.3e-05
0.001316 6.1e-05
0.0013 5.9e-05
0.001308 6.5e-05
0.001301 8e-05
0.001305 7.5e-05
0.001304 7.6e-05
0.001303 6.3e-05
0.001383 8.2e-05
0.001303 7e-05
0.001364 6e-05
0.001296 4.7e-05
0.001304 6.7e-05
0.001317 6.7e-05
0.001303 6.3e-05
0.001306 4.5e-05
0.001302 9e-05
0.001316 5.9e-05
0.001315 7.7e-05
0.001315 5.4e-05
0.001302 7.4e-05
0.00131 7.2e-05
0.001293 6e-05
0.001317 6.7e-05
0.001309 6.7e-05
0.001293 6.5e-05
0.001298 8.9e-05
0.001305 0.000113
0.001308 5.6e-05
0.001337 6.3e-05
0.001307 6.2e-05
0.001304 7.3e-05
0.001339 8.9e-05
0.001297 8.5e-05
0.001309 5e-05
0.001298 6.6e-05
0.001314 5.4e-05
0.001305 9e-05
0.001301 7e-05
0.001299 6.8e-05
0.001348 7.9e-05
0.001304 8.1e-05
0.001303 5.6e-05
0.001299 5.9e-05
0.001303 8.8e-05
0.001313 5e-05
0.001308 8e-05
0.001284 4.4e-05
0.001134 6.3e-05
0.001076 6e-05
0.001306 6e-05
0.001301 5e-05
0.001311 6.4e-05
0.001309 7.5e-05
0.001303 7.8e-05
0.0013 5.9e-05
0.001303 7.4e-05
0.001301 5.2e-05
0.001312 6.7e-05
0.001301 0.000113
0.001302 6.8e-05
0.001296 6.3e-05
0.001304 6.3e-05
0.00131 6.6e-05
0.001319 6.9e-05
0.001301 8.8e-05
0.001308 4.6e-05
0.001298 7.5e-05
0.001292 9e-05
0.001313 6.4e-05
0.001307 5.2e-05
0.001308 7.5e-05
0.001327 7.3e-05
0.001302 7.1e-05
0.001305 6.7e-05
0.001315 6.3e-05
0.001299 8.2e-05
0.001295 7.2e-05
0.001308 7.5e-05
0.0013 0.000102
0.001297 8.4e-05
0.001304 7.1e-05
0.001303 6.8e-05
0.001303 6.4e-05
0.001303 9.2e-05
0.001301 6.8e-05
0.001303 6e-05
0.001295 5.5e-05
0.001299 6e-05
0.0013 6.9e-05
0.001304 9e-05
0.00131 6.4e-05
0.001301 8.2e-05
0.001303 0.000109
0.001312 8.2e-05
0.001298 6.5e-05
0.001308 6.4e-05
0.001306 5.9e-05
0.001295 8.9e-05
0.001296 7.4e-05
0.001294 0.000112
0.001302 6e-05
0.001306 6.7e-05
0.001304 5.9e-05
0.001301 6e-05
0.001306 6.7e-05
0.001305 5.6e-05
0.001291 7.2e-05
0.001294 8.5e-05
0.001325 0.000102
0.001301 8.4e-05
0.00131 7.1e-05
0.0013 6.1e-05
0.001306 5.8e-05
0.001307 6.4e-05
0.001311 6.3e-05
0.001305 7.4e-05
0.0013 7.2e-05
0.001253 5.7e-05
0.001181 7.5e-05
0.001087 5.2e-05
0.001135 3.8e-05
0.001311 5.8e-05
0.001302 8.2e-05
0.001304 7.2e-05
0.001366 6.8e-05
0.001304 7e-05
0.001308 7.8e-05
0.001304 6.9e-05
0.001296 6.9e-05
0.001304 7.7e-05
0.001305 6.3e-05
0.001309 7.8e-05
0.001296 7.2e-05
0.001299 5.8e-05
0.001299 7.5e-05
0.001334 7.9e-05
0.001314 6.6e-05
0.001316 9.3e-05
0.001294 7.1e-05
0.001304 5.5e-05
0.001295 8.6e-05
0.001308 6.1e-05
0.001306 6.3e-05
0.001296 8.3e-05
0.001291 4.4e-05
0.00131 8.5e-05
0.001298 8.1e-05
0.001311 7.9e-05
0.001303 7.6e-05
0.001298 7.5e-05
0.0013 7.7e-05
0.001306 6.5e-05
0.001306 5.9e-05
0.001299 5.2e-05
0.001299 6.5e-05
0.001303 7.6e-05
0.001298 9.8e-05
0.001301 0.000106
0.001298 7.2e-05
0.001298 6.1e-05
0.001297 5.9e-05
0.0013 9.6e-05
0.001301 8.6e-05
0.001294 8.4e-05
0.001303 9e-05
0.001315 9e-05
0.001298 6.3e-05
0.001303 5.8e-05
0.001302 6.5e-05
0.001292 6.6e-05
0.001292 6.7e-05
0.001295 5.7e-05
0.001319 5.7e-05
0.0013 5.3e-05
0.001303 0.000111
0.001297 6.7e-05
0.001294 5.8e-05
0.001299 4.6e-05
0.001317 7.2e-05
0.0013 5e-05
0.001297 7.1e-05
0.00131 8.4e-05
0.001299 5.6e-05
0.001297 6.4e-05
0.001295 6.8e-05
0.001296 8.3e-05
0.001307 6.3e-05
0.001305 6.9e-05
0.001302 6.2e-05
0.001231 6.8e-05
0.001237 6.6e-05
0.001145 7.8e-05
0.001297 6.6e-05
0.001295 7e-05
0.001293 0.0001
0.001327 8.2e-05
0.001304 8.5e-05
0.001305 5e-05
0.001297 5.8e-05
0.001302 8.1e-05
0.001297 6.5e-05
0.001298 6.7e-05
0.001308 5.2e-05
0.0013 7.7e-05
0.001302 7.6e-05
0.001295 6.4e-05
0.001296 4.9e-05
0.001303 5.7e-05
0.001302 0.000102
0.001299 6.5e-05
0.001303 5.2e-05
0.001309 6.7e-05
0.00135 6e-05
0.001303 5e-05
0.001296 5.8e-05
0.001299 6.3e-05
0.001301 8.4e-05
0.001296 8.8e-05
0.001327 7.8e-05
0.001306 6.2e-05
0.001307 8.1e-05
0.001298 9.4e-05
0.0013 6.2e-05
0.001297 8.9e-05
0.001304 7.5e-05
0.001307 5.9e-05
0.001299 6.3e-05
0.00131 6e-05
0.001305 8.7e-05
0.0013 5e-05
0.001297 6e-05
0.00131 5.9e-05
0.0013 6.5e-05
0.001301 8.5e-05
0.00133 8.7e-05
0.001311 5.7e-05
0.001296 9.4e-05
0.001302 7.5e-05
0.001295 6.8e-05
0.0013 6.5e-05
0.001287 5.5e-05
0.001304 6.5e-05
0.001304 6.2e-05
0.001305 6.4e-05
0.001298 6e-05
0.001305 6.5e-05
0.001329 4.9e-05
0.001315 7.1e-05
0.0013 7.1e-05
0.001304 5.5e-05
0.001297 6.3e-05
0.001297 7.3e-05
0.00131 5.3e-05
0.001302 7.3e-05
0.001332 6.5e-05
0.001309 6.3e-05
0.0013 8e-05
0.001323 6.8e-05
0.00132 4.7e-05
0.001301 0.000104
0.001211 6.2e-05
0.001086 6.1e-05
