0.016807 1e-06
0.016042 2e-06
0.016096 2e-06
0.015568 2e-06
0.016198 4e-06
0.016138 2e-06
0.016016 2e-06
0.01601 3e-06
0.016001 3e-06
0.016057 1e-06
0.017231 1e-06
0.016117 2e-06
0.016054 2e-06
0.016187 1e-06
0.016034 2e-06
0.016186 1e-06
0.016169 1e-06
0.016051 1e-06
0.016024 2e-06
0.016088 2e-06
0.014324 1e-06
0.016204 2e-06
0.016504 1e-06
0.016276 2e-06
0.016143 1e-06
0.016081 1e-06
0.015465 2e-06
0.016271 2e-06
0.016131 2e-06
0.01607 2e-06
0.016038 2e-06
0.016079 2e-06
0.016904 2e-06
0.016991 6e-06
0.016166 2e-06
0.016035 2e-06
0.016173 2e-06
0.016157 1e-06
0.016142 2e-06
0.016151 2e-06
0.019134 2e-06
0.016393 1e-06
0.016444 2e-06
0.014209 2e-06
0.016205 2e-06
0.016211 1e-06
0.016131 2e-06
0.016133 1e-06
0.016057 1e-06
0.015839 2e-06
0.016216 2e-06
0.016182 1e-06
0.016267 2e-06
0.016236 2e-06
0.016172 1e-06
0.016238 1e-06
0.016569 2e-06
0.016337 2e-06
0.016129 2e-06
0.016155 2e-06
0.01527 1e-06
0.016364 3e-06
0.016133 2e-06
0.016105 2e-06
0.016229 2e-06
0.016122 2e-06
0.01498 2e-06
0.016278 2e-06
0.016234 1e-06
0.016108 1e-06
0.016095 2e-06
0.016629 2e-06
0.016345 2e-06
0.016801 4e-06
0.016195 1e-06
0.016224 1e-06
0.01612 2e-06
0.016169 3e-06
0.016268 2e-06
0.016363 2e-06
0.016306 2e-06
0.016234 3e-06
0.016164 2e-06
0.015605 1e-06
0.016301 2e-06
0.017391 3e-06
0.017509 1e-06
0.016292 2e-06
0.016118 2e-06
0.016234 2e-06
0.020656 2e-06
0.01851 2e-06
0.018211 1e-06
0.016809 2e-06
0.015234 2e-06
0.016322 2e-06
0.016295 3e-06
0.016223 2e-06
0.016196 2e-06
0.016322 2e-06
0.016536 3e-06
0.016609 3e-06
0.016176 3e-06
0.016154 2e-06
0.016223 2e-06
0.016188 2e-06
0.016373 2e-06
0.016266 2e-06
0.016434 1e-06
0.016254 3e-06
0.016192 2e-06
0.014815 2e-06
0.016217 1e-06
0.01619 3e-06
0.016179 2e-06
0.016189 2e-06
0.01613 2e-06
0.015514 2e-06
0.016298 2e-06
0.016193 1e-06
0.016108 3e-06
0.016201 1e-06
0.016167 3e-06
0.017505 3e-06
0.016598 1e-06
0.016373 2e-06
0.016252 2e-06
0.017053 4e-06
0.016057 2e-06
0.016264 2e-06
0.016235 2e-06
0.016202 3e-06
0.016141 2e-06
0.016167 2e-06
0.01441 2e-06
0.016259 2e-06
0.01624 2e-06
0.016316 1e-06
0.016128 2e-06
0.016137 1e-06
0.016236 2e-06
0.016314 4e-06
0.016256 2e-06
0.016163 3e-06
0.016182 2e-06
0.016101 2e-06
0.01607 2e-06
0.016483 2e-06
0.016183 1e-06
0.016107 1e-06
0.016104 1e-06
0.01607 2e-06
0.016199 2e-06
0.016208 2e-06
0.016173 2e-06
0.016126 3e-06
0.016225 1e-06
0.014587 2e-06
0.016277 2e-06
0.016374 1e-06
0.016111 1e-06
0.016177 2e-06
0.016121 2e-06
0.015707 3e-06
0.016186 2e-06
0.016212 3e-06
0.016242 2e-06
0.016213 2e-06
0.016167 2e-06
0.016129 1e-06
0.01639 2e-06
0.016091 1e-06
0.016133 2e-06
0.016113 1e-06
0.01611 1e-06
0.016476 2e-06
0.016185 2e-06
0.017118 2e-06
0.016104 1e-06
0.016196 2e-06
0.014787 2e-06
0.01623 2e-06
0.016135 2e-06
0.016095 2e-06
0.016046 2e-06
0.016279 2e-06
0.015284 1e-06
0.016226 2e-06
0.016183 1e-06
0.016085 3e-06
0.016124 2e-06
0.016099 1e-06
0.016101 3e-06
0.02023 2e-06
0.016227 3e-06
0.01624 1e-06
0.016133 2e-06
0.015469 1e-06
0.016192 1e-06
0.016295 1e-06
0.016126 2e-06
0.016125 1e-06
0.016034 3e-06
0.014759 2e-06
0.016238 1e-06
0.016187 2e-06
0.016182 3e-06
0.016124 1e-06
0.016134 2e-06
0.016184 3e-06
0.016326 3e-06
0.016245 2e-06
0.016127 1e-06
0.016192 3e-06
0.016122 2e-06
0.016236 1e-06
0.016633 2e-06
0.016153 2e-06
0.016156 4e-06
0.016065 2e-06
0.015636 2e-06
0.016197 2e-06
0.016157 2e-06
0.016215 1e-06
0.016198 2e-06
0.016159 2e-06
0.015464 1e-06
0.01629 2e-06
0.016363 2e-06
0.016337 1e-06
0.016217 3e-06
0.016157 2e-06
0.016285 3e-06
0.016596 3e-06
0.016275 2e-06
0.0163 3e-06
0.016188 2e-06
0.016201 2e-06
0.016252 2e-06
0.016387 2e-06
0.01624 1e-06
0.016247 2e-06
0.016468 3e-06
0.015462 1e-06
0.016257 2e-06
0.016288 2e-06
0.01711 2e-06
0.017677 3e-06
0.017106 3e-06
0.017119 2e-06
0.017666 2e-06
0.017128 1e-06
0.017451 3e-06
0.017103 3e-06
0.015829 1e-06
0.017099 2e-06
0.016957 2e-06
0.016989 2e-06
0.016194 2e-06
0.016107 2e-06
0.01625 2e-06
0.016682 4e-06
0.017341 2e-06
0.016174 2e-06
0.016061 1e-06
0.016167 1e-06
0.016387 2e-06
0.01633 2e-06
0.016157 1e-06
0.016064 2e-06
0.016342 1e-06
0.015585 2e-06
0.016165 2e-06
0.016239 1e-06
0.016167 1e-06
0.016125 3e-06
0.016139 3e-06
0.014803 2e-06
0.016171 2e-06
0.016353 2e-06
0.016175 3e-06
0.016134 2e-06
0.017034 2e-06
0.022475 2e-06
0.020456 2e-06
0.01705 2e-06
0.017866 2e-06
0.015871 2e-06
0.016544 1e-06
0.01621 2e-06
0.016257 2e-06
0.017225 3e-06
0.016319 2e-06
0.01571 2e-06
0.016285 1e-06
0.01626 3e-06
0.016166 2e-06
0.016139 3e-06
0.016116 2e-06
0.016238 2e-06
0.01656 2e-06
0.016259 2e-06
0.016097 2e-06
0.016187 2e-06
0.016243 1e-06
0.016289 3e-06
0.016208 1e-06
0.016371 2e-06
0.016276 1e-06
0.01611 1e-06
0.01465 2e-06
0.016211 1e-06
0.016422 2e-06
0.016123 1e-06
0.016168 3e-06
0.016126 2e-06
0.016222 2e-06
0.016472 5e-06
0.016264 2e-06
0.016188 2e-06
0.016092 3e-06
0.016123 1e-06
0.016219 2e-06
0.016421 2e-06
0.01615 1e-06
0.01608 1e-06
0.016277 2e-06
0.015847 2e-06
0.016226 1e-06
0.016204 2e-06
0.016153 1e-06
0.016141 2e-06
0.0161 2e-06
0.015917 3e-06
0.01619 2e-06
0.016175 2e-06
0.016254 2e-06
0.016128 2e-06
0.016162 2e-06
0.016323 1e-06
0.016356 2e-06
0.016171 2e-06
0.015967 1e-06
0.016185 1e-06
0.016187 1e-06
0.019425 2e-06
0.016432 2e-06
0.016227 2e-06
0.017793 2e-06
0.016194 2e-06
0.015417 2e-06
0.016797 2e-06
0.01629 2e-06
0.01625 2e-06
0.016171 2e-06
0.016312 1e-06
0.016333 2e-06
0.016597 1e-06
0.016329 1e-06
0.016233 1e-06
0.016249 2e-06
0.016216 2e-06
0.016297 2e-06
0.016607 2e-06
0.01859 1e-06
0.016262 1e-06
0.016123 2e-06
0.015358 2e-06
0.016213 4e-06
0.016374 2e-06
0.016201 2e-06
0.016154 3e-06
0.01618 2e-06
0.016223 2e-06
0.016807 3e-06
0.016174 1e-06
0.016323 1e-06
0.016914 2e-06
0.016904 2e-06
0.019891 2e-06
0.019458 2e-06
0.016883 2e-06
0.016185 1e-06
0.016554 2e-06
0.01626 4e-06
0.016708 2e-06
0.016198 3e-06
0.016354 3e-06
0.01612 1e-06
0.015387 2e-06
0.016262 3e-06
0.016312 1e-06
0.016286 2e-06
0.016225 3e-06
0.016069 2e-06
0.01615 1e-06
0.017146 3e-06
0.016194 2e-06
0.016664 3e-06
0.016325 2e-06
0.016452 2e-06
0.016451 2e-06
0.016337 2e-06
0.016394 2e-06
0.019906 3e-06
0.019725 2e-06
0.016276 3e-06
0.016786 2e-06
0.016239 2e-06
0.016396 1e-06
0.016299 3e-06
0.01575 1e-06
0.016473 1e-06
0.016393 3e-06
0.016394 2e-06
0.01624 2e-06
0.016116 1e-06
0.015237 2e-06
0.016298 2e-06
0.016218 3e-06
0.016488 2e-06
0.016307 2e-06
0.016239 1e-06
0.016316 2e-06
0.016545 3e-06
0.016353 2e-06
0.01627 3e-06
0.01633 2e-06
0.016191 3e-06
0.016368 3e-06
0.016269 2e-06
0.016204 1e-06
0.016144 1e-06
0.016081 2e-06
0.014656 5e-06
0.016214 2e-06
0.016208 2e-06
0.016185 1e-06
0.016092 2e-06
0.01638 2e-06
0.015831 2e-06
0.016338 3e-06
0.01624 1e-06
0.016253 2e-06
0.016135 2e-06
0.016565 2e-06
0.016279 2e-06
0.016816 2e-06
0.016131 2e-06
0.016381 3e-06
0.016215 2e-06
0.015856 2e-06
0.016251 2e-06
0.016206 2e-06
0.016267 2e-06
0.016213 1e-06
0.01613 2e-06
0.015237 2e-06
0.016457 2e-06
0.016319 2e-06
0.016206 1e-06
0.016132 1e-06
0.016147 2e-06
0.016279 1e-06
0.016523 1e-06
0.016322 2e-06
0.016248 3e-06
0.016178 2e-06
0.016323 1e-06
0.016252 3e-06
0.016374 2e-06
0.01614 1e-06
0.016108 1e-06
0.016204 2e-06
0.015049 2e-06
0.016208 2e-06
0.01618 1e-06
0.016129 3e-06
0.016271 2e-06
0.016258 3e-06
0.015628 2e-06
0.016307 2e-06
0.016273 2e-06
0.016084 5e-06
0.016226 2e-06
0.016737 1e-06
0.016433 2e-06
0.016772 2e-06
0.016292 2e-06
0.016185 2e-06
0.016147 2e-06
0.016063 2e-06
0.016336 2e-06
0.016298 1e-06
0.016221 2e-06
0.016277 1e-06
0.016134 3e-06
0.01493 4e-06
0.016217 2e-06
0.016233 1e-06
0.016111 2e-06
0.016171 1e-06
0.016068 2e-06
0.016098 1e-06
0.016259 1e-06
0.016186 3e-06
0.016492 2e-06
0.016218 2e-06
0.016285 3e-06
0.015139 2e-06
0.015674 1e-06
0.01611 2e-06
0.016177 2e-06
0.016066 1e-06
0.016075 2e-06
0.016328 2e-06
0.016354 2e-06
0.016305 2e-06
0.016289 1e-06
0.016228 2e-06
0.016187 2e-06
0.016243 1e-06
0.016258 2e-06
0.01611 2e-06
0.016137 1e-06
0.014858 2e-06
0.016314 2e-06
0.01631 2e-06
0.016288 1e-06
0.016175 1e-06
0.016245 2e-06
0.015076 2e-06
0.016252 2e-06
0.016241 3e-06
0.016132 2e-06
0.016367 2e-06
0.016318 1e-06
0.0163 3e-06
0.016523 2e-06
0.016206 1e-06
0.016076 2e-06
0.016225 2e-06
0.016168 1e-06
0.016276 2e-06
0.016222 3e-06
0.016317 2e-06
0.016208 1e-06
0.016146 2e-06
0.01463 1e-06
0.01622 2e-06
0.016179 1e-06
0.016221 1e-06
0.016145 2e-06
0.016126 1e-06
0.015326 2e-06
0.016399 4e-06
0.016266 2e-06
0.016205 2e-06
0.016144 3e-06
0.016152 3e-06
0.016156 2e-06
0.016798 2e-06
0.016314 2e-06
0.016545 2e-06
0.016738 2e-06
0.014348 3e-06
0.016182 2e-06
0.016271 1e-06
0.01615 2e-06
0.016249 1e-06
0.016019 3e-06
0.016228 1e-06
0.016322 2e-06
0.016399 3e-06
0.016193 2e-06
0.016184 3e-06
0.016085 1e-06
0.016204 2e-06
0.016496 2e-06
0.016316 2e-06
0.016241 1e-06
0.01638 2e-06
0.015351 1e-06
0.016562 2e-06
0.016268 2e-06
0.016274 2e-06
0.016147 2e-06
0.016174 2e-06
0.015618 3e-06
0.01632 2e-06
0.016207 2e-06
0.016138 2e-06
0.016246 2e-06
0.016265 2e-06
0.016231 2e-06
0.016575 2e-06
0.016177 1e-06
0.016139 2e-06
0.016186 2e-06
0.016026 2e-06
0.016196 3e-06
0.016221 1e-06
0.016231 2e-06
0.016157 2e-06
0.016152 1e-06
0.01463 2e-06
0.016273 1e-06
0.016215 2e-06
0.016104 2e-06
0.016037 2e-06
0.016068 2e-06
0.016209 3e-06
0.016346 4e-06
0.0162 2e-06
0.016053 2e-06
0.016234 2e-06
0.016643 3e-06
0.016212 2e-06
0.016305 3e-06
0.01615 2e-06
0.016211 3e-06
0.016294 2e-06
0.014739 2e-06
0.016215 2e-06
0.016246 2e-06
0.016252 1e-06
0.016036 3e-06
0.016196 1e-06
0.016031 2e-06
0.016422 2e-06
0.016223 2e-06
0.016367 2e-06
0.016162 1e-06
0.016269 1e-06
0.016289 1e-06
0.016508 2e-06
0.01628 2e-06
0.016143 4e-06
0.016141 1e-06
0.015538 1e-06
0.016284 2e-06
0.016265 2e-06
0.016226 1e-06
0.016152 2e-06
0.016091 3e-06
0.014074 2e-06
0.016216 1e-06
0.016354 2e-06
0.016199 1e-06
0.016347 2e-06
0.016212 2e-06
0.016247 3e-06
0.016386 3e-06
0.016268 1e-06
0.016102 2e-06
0.016103 2e-06
0.016038 3e-06
0.01622 1e-06
0.016408 2e-06
0.016481 4e-06
0.016204 2e-06
0.016242 3e-06
0.015367 2e-06
0.016205 2e-06
0.016226 2e-06
0.016153 3e-06
0.016123 2e-06
0.016131 2e-06
0.01464 3e-06
0.016328 2e-06
0.016281 2e-06
0.016162 2e-06
0.016106 1e-06
0.016085 2e-06
0.016181 2e-06
0.016447 2e-06
0.016178 1e-06
0.016077 1e-06
0.016283 2e-06
0.016144 2e-06
0.016238 3e-06
0.016325 2e-06
0.016068 3e-06
0.016221 2e-06
0.016176 1e-06
0.015687 2e-06
0.016195 2e-06
0.01625 3e-06
0.016357 3e-06
0.016179 2e-06
0.016198 2e-06
0.014825 2e-06
0.016187 2e-06
0.016258 2e-06
0.016133 2e-06
0.016129 2e-06
0.016094 3e-06
0.016198 3e-06
0.016502 2e-06
0.016225 2e-06
0.016135 1e-06
0.016121 1e-06
0.015996 2e-06
0.016254 2e-06
0.016359 2e-06
0.016152 1e-06
0.016064 2e-06
0.016355 3e-06
0.015709 3e-06
0.016248 2e-06
0.016257 2e-06
0.017236 3e-06
0.017048 2e-06
0.016695 2e-06
0.016294 1e-06
0.018662 4e-06
0.018147 2e-06
0.018112 3e-06
0.016345 3e-06
0.015683 2e-06
0.016244 2e-06
0.016254 2e-06
0.016151 2e-06
0.016107 2e-06
0.016172 1e-06
0.015168 2e-06
0.016436 3e-06
0.016267 1e-06
0.016193 1e-06
0.016231 2e-06
0.016172 1e-06
0.01616 1e-06
0.016331 3e-06
0.016126 1e-06
0.016204 1e-06
0.016339 2e-06
0.015823 1e-06
0.016303 2e-06
0.016218 2e-06
0.01773 1e-06
0.016155 2e-06
0.016158 3e-06
0.015528 2e-06
0.016206 2e-06
0.016216 1e-06
0.016268 3e-06
0.016177 1e-06
0.016179 2e-06
0.016194 1e-06
0.016529 2e-06
0.016194 2e-06
0.01619 2e-06
0.016078 1e-06
0.016189 2e-06
0.01635 2e-06
0.01642 2e-06
0.016249 2e-06
0.016189 2e-06
0.016125 3e-06
0.0154 1e-06
0.016231 2e-06
0.016247 2e-06
0.016135 4e-06
0.01618 2e-06
0.016162 2e-06
0.015056 2e-06
0.016313 3e-06
0.016293 2e-06
0.016194 2e-06
0.01611 2e-06
0.016117 2e-06
0.016315 2e-06
0.016472 2e-06
0.016249 3e-06
0.016232 2e-06
0.016168 2e-06
0.016193 2e-06
0.016218 2e-06
0.016267 2e-06
0.016177 2e-06
0.01614 2e-06
0.016136 1e-06
0.01526 2e-06
0.01647 3e-06
0.016191 2e-06
0.016207 2e-06
0.016244 2e-06
0.016124 2e-06
0.015478 3e-06
0.016187 2e-06
0.016233 2e-06
0.016119 1e-06
0.016111 2e-06
0.016267 2e-06
0.016233 3e-06
0.016332 2e-06
0.016244 3e-06
0.016128 1e-06
0.016091 1e-06
0.015925 1e-06
0.01618 1e-06
0.016383 2e-06
0.016434 2e-06
0.016237 1e-06
0.01616 2e-06
0.014315 2e-06
0.016219 1e-06
0.016317 2e-06
0.016146 2e-06
0.016118 3e-06
0.016009 3e-06
0.016223 2e-06
0.016552 2e-06
0.016235 1e-06
0.016119 2e-06
0.016098 2e-06
0.016095 1e-06
0.01619 2e-06
0.016461 4e-06
0.016182 2e-06
0.016135 2e-06
0.016125 2e-06
0.016059 2e-06
0.0162 2e-06
0.016166 2e-06
0.016224 1e-06
0.016181 1e-06
0.016152 1e-06
0.014438 2e-06
0.016302 2e-06
0.016201 1e-06
0.016269 2e-06
0.016103 2e-06
0.016241 1e-06
0.016188 2e-06
0.016445 2e-06
0.01621 1e-06
0.016118 1e-06
0.016139 2e-06
0.016202 1e-06
0.016513 2e-06
0.016434 2e-06
0.016251 2e-06
0.016182 2e-06
0.016546 3e-06
0.015852 1e-06
0.016344 3e-06
0.016207 3e-06
0.016143 2e-06
0.016154 3e-06
0.016212 1e-06
0.014766 2e-06
0.016183 2e-06
0.016318 3e-06
0.016116 2e-06
0.016149 1e-06
0.016128 2e-06
0.016194 1e-06
0.016394 3e-06
0.016198 1e-06
0.016273 3e-06
0.016166 1e-06
0.016104 1e-06
0.016309 2e-06
0.016219 1e-06
0.01617 3e-06
0.016114 2e-06
0.016143 2e-06
0.014373 2e-06
0.016326 3e-06
0.016186 2e-06
0.016175 2e-06
0.01608 3e-06
0.016173 3e-06
0.015541 2e-06
0.016273 3e-06
0.016191 2e-06
0.016128 1e-06
0.016083 2e-06
0.016242 1e-06
0.016255 2e-06
0.016429 1e-06
0.016247 2e-06
0.016133 1e-06
0.016227 2e-06
0.016179 1e-06
0.016539 2e-06
0.0163 2e-06
0.016191 2e-06
0.016276 3e-06
0.016158 2e-06
0.015135 2e-06
0.01621 3e-06
0.016258 1e-06
0.016158 3e-06
0.016262 2e-06
0.016095 2e-06
0.015848 3e-06
0.016374 2e-06
0.016279 1e-06
0.016097 2e-06
0.016116 1e-06
0.016108 1e-06
0.016199 3e-06
0.01646 1e-06
0.016211 1e-06
0.016181 3e-06
0.016142 3e-06
0.016054 3e-06
0.016211 1e-06
0.016256 2e-06
0.016148 2e-06
0.016132 2e-06
0.016151 2e-06
0.015651 2e-06
0.01624 3e-06
0.016169 2e-06
0.016289 2e-06
0.016226 2e-06
0.016172 1e-06
0.016146 1e-06
0.016377 2e-06
0.01614 2e-06
0.021171 2e-06
0.016572 1e-06
0.015355 2e-06
0.016191 2e-06
0.016236 2e-06
0.016128 1e-06
0.016101 2e-06
0.016179 1e-06
0.014489 1e-06
0.016217 2e-06
0.01623 4e-06
0.016124 2e-06
0.016101 2e-06
0.016134 1e-06
0.016279 2e-06
0.01633 3e-06
0.016276 2e-06
0.016118 1e-06
0.016153 2e-06
0.016167 2e-06
0.016524 3e-06
0.016417 2e-06
0.016407 2e-06
0.016333 2e-06
0.016212 2e-06
0.015909 2e-06
0.016289 2e-06
0.01628 1e-06
0.016112 2e-06
0.016186 2e-06
0.016154 2e-06
0.014569 2e-06
0.016338 2e-06
0.016327 3e-06
0.016201 2e-06
0.016203 2e-06
0.016116 2e-06
0.016023 3e-06
0.01626 1e-06
0.016154 2e-06
0.016198 3e-06
0.016153 1.3e-05
0.016341 2e-06
0.016953 2e-06
0.019288 2e-06
0.016582 2e-06
0.01634 2e-06
0.016362 2e-06
0.016312 2e-06
0.016581 2e-06
0.016358 2e-06
0.016217 3e-06
0.016247 1e-06
0.016219 2e-06
0.016269 2e-06
0.016443 4e-06
0.016776 2e-06
0.016187 2e-06
0.016242 2e-06
0.015219 1e-06
0.016444 2e-06
0.016378 3e-06
0.01627 2e-06
0.016141 2e-06
0.01617 2e-06
0.016195 2e-06
0.016462 3e-06
0.016245 2e-06
0.016217 3e-06
0.016156 2e-06
0.016185 2e-06
0.016263 2e-06
0.016249 2e-06
0.016113 2e-06
0.016207 3e-06
0.016103 2e-06
0.014707 2e-06
