0.016335 3e-06
0.016313 4e-06
0.01617 4e-06
0.017326 4e-06
0.016224 5e-06
0.016344 4e-06
0.016695 6e-06
0.016307 5e-06
0.016167 4e-06
0.016227 5e-06
0.016158 4e-06
0.016387 5e-06
0.019148 4e-06
0.021149 7e-06
0.016437 4e-06
0.016597 5e-06
0.016368 4e-06
0.016532 4e-06
0.016356 6e-06
0.01636 3e-06
0.016293 6e-06
0.016315 4e-06
0.017461 8e-06
0.017016 4e-06
0.016402 3e-06
0.016549 4e-06
0.016493 3e-06
0.015761 2.1e-05
0.016521 6e-06
0.016286 5e-06
0.016126 6e-06
0.016353 5e-06
0.016326 6e-06
0.01589 6e-06
0.016402 5e-06
0.016301 8e-06
0.016516 4e-06
0.016382 4e-06
0.016496 4e-06
0.016658 5e-06
0.018717 6e-06
0.016483 3e-06
0.016435 6e-06
0.01665 5e-06
0.015188 3e-06
0.016904 5e-06
0.016737 6e-06
0.016437 5e-06
0.016596 4e-06
0.01642 5e-06
0.016459 6e-06
0.016601 3e-06
0.016504 6e-06
0.016239 4e-06
0.016192 7e-06
0.015427 4e-06
0.01623 5e-06
0.016304 4e-06
0.01655 5e-06
0.016109 7e-06
0.016224 5e-06
0.015196 4e-06
0.016322 5e-06
0.016312 3e-06
0.016178 3e-06
0.01614 4e-06
0.016946 4e-06
0.016411 3e-06
0.016525 5e-06
0.016721 4e-06
0.016242 5e-06
0.016637 5e-06
0.015833 4e-06
0.016276 3e-06
0.016605 9e-06
0.017175 6e-06
0.016151 4e-06
0.01656 6e-06
0.016328 6e-06
0.016494 9e-06
0.016276 5e-06
0.016213 5e-06
0.016977 6e-06
0.017639 5e-06
0.016862 3e-06
0.016257 5e-06
0.016085 3e-06
0.017681 4e-06
0.015323 4e-06
0.016247 4e-06
0.016132 3e-06
0.016304 5e-06
0.014925 5e-06
0.01723 6e-06
0.016823 5e-06
0.017145 5e-06
0.017608 7e-06
0.025074 6e-06
0.024564 8e-06
0.016801 6e-06
0.016562 8e-06
0.023903 5e-06
0.016159 4e-06
0.020592 6e-06
0.01877 7e-06
0.016931 7e-06
0.017406 6e-06
0.01684 3e-06
0.017174 5e-06
0.017389 5e-06
0.016687 5e-06
0.016508 4e-06
0.017272 6e-06
0.016489 5e-06
0.017123 7e-06
0.016645 5e-06
0.019062 6e-06
0.016453 5e-06
0.016196 4e-06
0.016665 6e-06
0.016304 4e-06
0.016465 7e-06
0.016236 5e-06
0.016302 5e-06
0.015286 5e-06
0.016291 5e-06
0.016262 4e-06
0.01626 6e-06
0.016169 5e-06
0.016139 6e-06
0.016218 5e-06
0.018142 8e-06
0.016257 5e-06
0.017158 6e-06
0.016335 4e-06
0.016531 3e-06
0.017773 5e-06
0.016394 6e-06
0.016389 7e-06
0.016397 3e-06
0.01652 4e-06
0.015686 5e-06
0.016279 5e-06
0.017085 4e-06
0.023767 8e-06
0.01784 8e-06
0.019416 9e-06
0.019928 4e-06
0.017652 5e-06
0.017843 6e-06
0.016607 6e-06
0.016445 6e-06
0.016274 5e-06
0.016332 6e-06
0.016226 3e-06
0.016352 4e-06
0.016233 4e-06
0.016584 6e-06
0.017364 3e-06
0.016558 4e-06
0.017311 5e-06
0.017159 5e-06
0.015888 4e-06
0.016526 4e-06
0.016521 6e-06
0.016238 4e-06
0.016576 4e-06
0.016301 6e-06
0.016611 8e-06
0.017217 6e-06
0.016957 7e-06
0.016456 4e-06
0.016207 5e-06
0.016306 3e-06
0.016354 3e-06
0.016345 4e-06
0.016454 4e-06
0.016359 4e-06
0.016374 4e-06
0.016232 6e-06
0.016386 6e-06
0.016507 4e-06
0.016379 5e-06
0.016304 5e-06
0.016231 3e-06
0.016392 6e-06
0.016625 5e-06
0.016334 3e-06
0.016297 6e-06
0.01639 4e-06
0.016519 5e-06
0.016407 5e-06
0.016262 5e-06
0.016294 5e-06
0.016138 6e-06
0.016263 5e-06
0.014631 4e-06
0.016724 4e-06
0.016277 4e-06
0.017061 4e-06
0.01643 6e-06
0.016466 4e-06
0.016543 6e-06
0.016807 5e-06
0.016307 5e-06
0.016318 5e-06
0.016258 4e-06
0.016461 6e-06
0.016482 7e-06
0.016414 4e-06
0.016567 6e-06
0.01648 4e-06
0.018058 5e-06
0.024198 8e-06
0.017038 5e-06
0.017577 4e-06
0.01756 5e-06
0.017134 4e-06
0.017576 6e-06
0.01715 7e-06
0.016426 4e-06
0.019375 6e-06
0.017701 6e-06
0.017993 5e-06
0.017273 5e-06
0.016511 5e-06
0.01639 5e-06
0.01644 4e-06
0.016303 4e-06
0.018111 6e-06
0.016865 6e-06
0.016595 6e-06
0.01643 5e-06
0.016296 3e-06
0.016919 4e-06
0.016617 7e-06
0.016359 7e-06
0.01631 6e-06
0.016441 4e-06
0.017375 7e-06
0.01649 5e-06
0.016424 4e-06
0.016446 4e-06
0.0164 7e-06
0.016658 4e-06
0.016503 6e-06
0.016488 7e-06
0.018139 6e-06
0.016897 6e-06
0.016711 4e-06
0.016607 4e-06
0.0167 5e-06
0.016728 5e-06
0.016844 3e-06
0.019079 4e-06
0.016431 7e-06
0.016333 5e-06
0.016303 5e-06
0.016432 4e-06
0.016231 6e-06
0.016195 5e-06
0.016297 4e-06
0.015728 5e-06
0.016592 5e-06
0.016573 3e-06
0.016199 5e-06
0.016281 5e-06
0.01621 4e-06
0.016308 3e-06
0.016648 6e-06
0.01624 5e-06
0.016264 5e-06
0.016541 4e-06
0.016273 4e-06
0.016293 4e-06
0.016271 5e-06
0.016311 4e-06
0.016223 4e-06
0.016443 5e-06
0.017263 3e-06
0.023997 6e-06
0.01804 5e-06
0.016827 3e-06
0.016628 5e-06
0.016248 3e-06
0.016511 5e-06
0.016498 5e-06
0.016365 4e-06
0.022756 7e-06
0.022754 6e-06
0.023502 4.7e-05
0.022996 8e-06
0.023396 7e-06
0.022359 8e-06
0.024187 5e-06
0.022988 5e-06
0.022996 6e-06
0.020983 8e-06
0.023809 5e-06
0.022992 7e-06
0.022929 8e-06
0.018208 5e-06
0.016651 6e-06
0.018041 9e-06
0.016821 5e-06
0.019177 8e-06
0.017009 6e-06
0.016778 4e-06
0.017054 6e-06
0.016755 4e-06
0.016619 3e-06
0.016745 4e-06
0.015329 9e-06
0.016759 4e-06
0.016831 5e-06
0.01662 7e-06
0.016717 5e-06
0.016526 4e-06
0.016683 4e-06
0.01686 5e-06
0.016334 5e-06
0.016184 5e-06
0.016323 3e-06
0.016231 3e-06
0.016286 5e-06
0.016298 6e-06
0.016242 3e-06
0.016247 6e-06
0.016262 4e-06
0.014454 3e-06
0.016355 6e-06
0.016331 5e-06
0.016394 6e-06
0.016208 3e-06
0.0162 5e-06
0.018777 7e-06
0.016639 5e-06
0.016194 4e-06
0.016166 5e-06
0.01636 3e-06
0.016255 3e-06
0.017263 5e-06
0.016293 4e-06
0.016322 5e-06
0.016889 4e-06
0.01998 5e-06
0.016384 5e-06
0.016792 5e-06
0.016404 5e-06
0.016402 5e-06
0.016451 7e-06
0.016473 8e-06
0.016486 4e-06
0.016594 5e-06
0.016345 6e-06
0.016393 4e-06
0.016298 4e-06
0.015682 4e-06
0.016391 4e-06
0.016475 5e-06
0.016607 4e-06
0.016414 4e-06
0.016349 6e-06
0.016459 6e-06
0.016552 6e-06
0.016217 3e-06
0.016108 5e-06
0.016176 6e-06
0.016164 4e-06
0.016342 4e-06
0.01622 5e-06
0.016255 3e-06
0.016142 5e-06
0.016164 3e-06
0.014305 8e-06
0.016659 4e-06
0.016256 4e-06
0.016198 5e-06
0.016107 4e-06
0.016249 5e-06
0.016118 5e-06
0.016286 4e-06
0.016369 5e-06
0.016138 5e-06
0.016121 4e-06
0.016371 4e-06
0.01624 5e-06
0.016548 5e-06
0.016214 7e-06
0.016174 3e-06
0.016203 4e-06
0.015184 3e-06
0.01624 4e-06
0.01632 4e-06
0.016163 4e-06
0.016173 5e-06
0.016102 4e-06
0.015277 3e-06
0.016265 6e-06
0.016269 5e-06
0.016395 5e-06
0.016279 5e-06
0.016112 4e-06
0.016148 7e-06
0.016383 7e-06
0.016239 7e-06
0.016191 4e-06
0.016272 5e-06
0.016271 5e-06
0.016358 5e-06
0.016596 5e-06
0.016156 4e-06
0.016155 5e-06
0.016162 3e-06
0.016106 4e-06
0.01627 4e-06
0.016191 4e-06
0.016401 4e-06
0.016155 4e-06
0.016446 6e-06
0.015858 5e-06
0.016408 5e-06
0.016218 3e-06
0.016374 6e-06
0.016183 5e-06
0.016131 5e-06
0.016318 5e-06
0.016772 5e-06
0.016195 4e-06
0.016216 4e-06
0.016144 5e-06
0.016087 4e-06
0.01645 4e-06
0.016229 5e-06
0.016201 6e-06
0.016146 4e-06
0.016197 4e-06
0.014627 5e-06
0.016263 4e-06
0.016286 3e-06
0.016516 5e-06
0.016148 5e-06
0.016155 5e-06
0.016203 7e-06
0.016374 6e-06
0.016215 4e-06
0.016246 5e-06
0.016206 4e-06
0.016429 6e-06
0.016269 6e-06
0.016428 5e-06
0.016257 5e-06
0.016139 4e-06
0.016117 3e-06
0.016029 4e-06
0.016497 5e-06
0.016235 4e-06
0.016272 7e-06
0.016261 4e-06
0.016247 3e-06
0.014445 4e-06
0.016203 4e-06
0.016261 4e-06
0.016167 3e-06
0.016188 5e-06
0.016227 3e-06
0.016169 6e-06
0.01646 8e-06
0.016192 3e-06
0.016199 5e-06
0.016147 5e-06
0.016339 6e-06
0.016186 4e-06
0.016397 5e-06
0.016277 4e-06
0.016234 4e-06
0.016139 4e-06
0.015962 5e-06
0.016308 4e-06
0.016287 4e-06
0.016097 5e-06
0.016218 4e-06
0.016235 6e-06
0.014629 5e-06
0.016318 7e-06
0.016248 6e-06
0.01613 4e-06
0.016237 5e-06
0.016143 6e-06
0.016084 4e-06
0.016772 6e-06
0.016287 5e-06
0.016337 3e-06
0.016118 3e-06
0.017134 3e-06
0.016234 7e-06
0.016483 4e-06
0.016423 4e-06
0.016124 5e-06
0.016175 3e-06
0.015907 5e-06
0.016233 6e-06
0.016261 4e-06
0.016265 4e-06
0.016198 5e-06
0.016218 4e-06
0.014061 5e-06
0.016504 3e-06
0.01636 5e-06
0.016276 6e-06
0.016124 5e-06
0.01618 5e-06
0.016105 6e-06
0.016351 6e-06
0.016472 6e-06
0.016158 4e-06
0.016278 4e-06
0.016161 6e-06
0.016246 4e-06
0.016415 3e-06
0.016151 5e-06
0.016058 6e-06
0.016158 5e-06
0.016036 6e-06
0.016176 3e-06
0.016315 3e-06
0.016289 5e-06
0.0162 5e-06
0.01626 4e-06
0.014486 3e-06
0.01632 7e-06
0.016302 7e-06
0.016403 8e-06
0.016483 5e-06
0.016163 5e-06
0.016307 4e-06
0.016363 7e-06
0.016156 4e-06
0.01616 5e-06
0.016151 4e-06
0.016222 5e-06
0.016484 4e-06
0.016247 7e-06
0.01631 6e-06
0.016291 3e-06
0.016207 4e-06
0.01388 6e-06
0.016261 5e-06
0.01631 5e-06
0.016174 5e-06
0.016244 6e-06
0.016288 5e-06
0.016229 5e-06
0.016285 4e-06
0.016233 4e-06
0.019522 8e-06
0.016271 4e-06
0.016155 4e-06
0.016306 6e-06
0.016352 5e-06
0.016541 6e-06
0.016261 4e-06
0.016369 4e-06
0.014103 4e-06
0.016357 5e-06
0.016307 5e-06
0.016227 4e-06
0.016196 7e-06
0.016293 3e-06
0.015905 4e-06
0.016451 5e-06
0.016303 5e-06
0.016107 4e-06
0.016159 6e-06
0.016197 4e-06
0.016234 5e-06
0.016554 5e-06
0.016245 5e-06
0.016221 5e-06
0.016781 5e-06
0.016086 6e-06
0.016283 4e-06
0.016273 4e-06
0.016195 3e-06
0.016265 6e-06
0.016262 5e-06
0.015423 4e-06
0.016271 6e-06
0.01635 6e-06
0.016359 5e-06
0.01618 5e-06
0.016256 4e-06
0.016223 6e-06
0.016498 7e-06
0.016185 4e-06
0.016344 3e-06
0.016137 5e-06
0.016243 4e-06
0.016291 4e-06
0.016336 3e-06
0.016173 5e-06
0.016306 6e-06
0.016163 5e-06
0.014536 5e-06
0.016263 6e-06
0.016357 3e-06
0.016147 4e-06
0.016403 5e-06
0.016333 5e-06
0.016278 3e-06
0.016371 4e-06
0.01628 5e-06
0.016296 5e-06
0.016251 5e-06
0.016361 4e-06
0.016288 4e-06
0.016312 4e-06
0.016613 6e-06
0.016245 4e-06
0.016261 5e-06
0.015272 5e-06
0.01643 4e-06
0.016301 7e-06
0.016211 4e-06
0.016155 6e-06
0.01634 5e-06
0.016355 6e-06
0.016534 6e-06
0.016367 5e-06
0.016283 5e-06
0.016183 3e-06
0.015101 4e-06
0.01623 5e-06
0.016391 5e-06
0.016238 3e-06
0.0162 4e-06
0.016271 4e-06
0.015759 5e-06
0.019717 6e-06
0.016285 5e-06
0.016198 6e-06
0.016143 3e-06
0.016218 3e-06
0.016273 3e-06
0.016705 7e-06
0.016317 6e-06
0.016295 4e-06
0.016149 6e-06
0.01599 4e-06
0.013251 3e-06
0.016177 4e-06
0.01635 4e-06
0.016156 7e-06
0.016151 5e-06
0.016187 3e-06
0.016515 4e-06
0.01626 5e-06
0.016178 4e-06
0.01616 4e-06
0.015553 4e-06
0.01621 6e-06
0.016293 4e-06
0.016188 3e-06
0.016369 4e-06
0.016224 3e-06
0.015648 6e-06
0.016276 8e-06
0.016264 5e-06
0.016162 4e-06
0.016196 4e-06
0.016149 3e-06
0.016555 6e-06
0.016344 5e-06
0.016311 4e-06
0.016337 6e-06
0.016316 6e-06
0.015897 4e-06
0.016168 4e-06
0.016378 4e-06
0.016246 5e-06
0.01622 4e-06
0.016286 3e-06
0.014927 4e-06
0.016271 3e-06
0.016462 5e-06
0.016222 4e-06
0.01639 5e-06
0.016222 6e-06
0.016242 4e-06
0.016955 3e-06
0.016231 4e-06
0.016191 4e-06
0.016177 3e-06
0.016098 4e-06
0.016222 5e-06
0.01629 6e-06
0.016138 4e-06
0.016349 4e-06
0.016121 5e-06
0.015427 4e-06
0.016198 6e-06
0.016323 5e-06
0.016177 6e-06
0.016427 4e-06
0.0163 4e-06
0.01625 4e-06
0.016441 4e-06
0.01636 6e-06
0.016286 5e-06
0.016243 3e-06
0.015355 4e-06
0.016419 6e-06
0.016604 3e-06
0.016372 4e-06
0.016297 6e-06
0.016188 4e-06
0.016083 5e-06
0.016525 5e-06
0.016229 4e-06
0.016781 6e-06
0.016891 5e-06
0.016669 3e-06
0.016365 3e-06
0.016202 6e-06
0.016214 4e-06
0.016337 5e-06
0.016182 4e-06
0.014369 5e-06
0.01628 4e-06
0.016405 5e-06
0.016179 6e-06
0.01635 4e-06
0.016146 4e-06
0.016211 5e-06
0.016426 7e-06
0.016256 5e-06
0.016138 4e-06
0.01616 4e-06
0.01616 5e-06
0.016278 5e-06
0.016982 6e-06
0.016226 4e-06
0.016243 6e-06
0.016214 4e-06
0.015059 3e-06
0.016182 5e-06
0.016255 4e-06
0.016228 4e-06
0.016186 5e-06
0.016152 5e-06
0.01633 5e-06
0.016418 4e-06
0.016289 3e-06
0.016214 4e-06
0.0162 5e-06
0.016156 3e-06
0.01616 3e-06
0.016515 7e-06
0.016159 5e-06
0.016369 6e-06
0.016227 4e-06
0.015912 3e-06
0.016226 4e-06
0.016258 5e-06
0.016177 5e-06
0.016199 4e-06
0.016148 5e-06
0.014139 5e-06
0.016143 5e-06
0.016351 4e-06
0.016113 6e-06
0.016102 3e-06
0.016116 5e-06
0.016204 5e-06
0.016466 6e-06
0.016303 4e-06
0.0162 4e-06
0.016204 4e-06
0.016327 3e-06
0.016313 5e-06
0.016483 4e-06
0.016973 5e-06
0.016816 5e-06
0.017122 5e-06
0.017012 6e-06
0.016998 5e-06
0.016337 5e-06
0.016696 5e-06
0.016278 5e-06
0.015145 6e-06
0.016552 5e-06
0.016491 7e-06
0.016465 4e-06
0.016306 3e-06
0.016325 7e-06
0.016434 6e-06
0.016758 4e-06
0.016409 3e-06
0.016238 4e-06
0.016122 6e-06
0.015224 4e-06
0.016273 5e-06
0.016224 5e-06
0.016199 5e-06
0.016235 5e-06
0.01619 3e-06
0.016348 4e-06
0.016468 5e-06
0.016283 4e-06
0.016293 6e-06
0.016224 6e-06
0.016227 5e-06
0.016291 6e-06
0.016598 5e-06
0.01617 5e-06
0.016308 7e-06
0.0172 5e-06
0.015438 1.8e-05
0.016411 4e-06
0.016441 4e-06
0.017412 5e-06
0.016416 5e-06
0.016521 5e-06
0.016452 4e-06
0.016501 5e-06
0.016394 6e-06
0.016307 7e-06
0.016335 4e-06
0.016424 4e-06
0.016617 6e-06
0.016392 6e-06
0.016362 3e-06
0.016498 6e-06
0.015964 4e-06
0.016439 5e-06
0.016547 5e-06
0.016373 6e-06
0.016354 5e-06
0.016325 5e-06
0.016457 5e-06
0.01666 5e-06
0.017256 5e-06
0.016778 4e-06
0.016462 5e-06
0.016002 5e-06
0.016442 8e-06
0.016227 7e-06
0.016184 5e-06
0.01619 5e-06
0.016273 5e-06
0.016284 4e-06
0.016516 6e-06
0.016306 4e-06
0.01624 4e-06
0.016277 4e-06
0.015443 3e-06
0.01632 4e-06
0.016713 6e-06
0.016425 6e-06
0.016434 5e-06
0.016252 5e-06
0.016413 5e-06
0.016522 5e-06
0.016235 5e-06
0.016253 4e-06
0.016152 4e-06
0.016241 4e-06
0.016416 4e-06
0.016383 4e-06
0.016349 6e-06
0.016419 5e-06
0.016545 4e-06
0.016241 6e-06
0.016774 1.8e-05
0.016355 5e-06
0.016376 3e-06
0.016344 3e-06
0.0161 5e-06
0.01649 6e-06
0.016621 5e-06
0.016334 4e-06
0.016345 6e-06
0.016402 3e-06
0.016566 7e-06
0.016819 4e-06
0.016561 5e-06
0.016472 5e-06
0.016433 3e-06
0.015078 5e-06
0.016507 7e-06
0.016323 5e-06
0.016202 6e-06
0.016471 5e-06
0.016444 4e-06
0.01636 7e-06
0.01652 5e-06
0.016268 3e-06
0.016186 4e-06
0.016365 6e-06
0.015635 4e-06
0.016213 6e-06
0.016325 4e-06
0.01632 3e-06
0.016578 7e-06
0.016428 5e-06
0.016732 6e-06
0.016688 4e-06
0.016242 4e-06
0.016152 5e-06
0.019488 6e-06
0.016845 5e-06
0.020305 9e-06
0.019585 6e-06
0.019758 7e-06
0.019725 6e-06
0.019878 5e-06
0.019915 6e-06
0.019692 7e-06
0.019636 5e-06
0.017919 6e-06
0.020923 6e-06
0.01985 5e-06
0.019916 5e-06
0.018628 5e-06
0.019731 6e-06
0.019778 6e-06
0.019697 8e-06
0.019551 5e-06
0.019604 5e-06
0.019681 6e-06
0.019551 6e-06
0.019604 5e-06
0.019363 6e-06
0.019712 6e-06
0.019581 5e-06
0.019477 6e-06
0.019602 4e-06
0.017427 7e-06
0.020599 8e-06
0.019806 7e-06
0.019643 4e-06
0.01963 5e-06
0.019845 4e-06
0.019819 5e-06
0.019508 5e-06
0.019709 6e-06
0.01554 8e-06
0.020332 8e-06
0.019657 4e-06
0.019873 5e-06
0.019889 6e-06
0.020039 6e-06
0.020101 7e-06
0.019649 4e-06
0.019659 6e-06
0.019065 5e-06
0.020444 4e-06
0.019859 5e-06
0.019786 7e-06
0.018788 4e-06
0.020278 5e-06
0.019828 7e-06
0.019787 5e-06
0.019597 5e-06
0.019735 5e-06
0.019805 6e-06
0.019721 6e-06
0.019762 6e-06
0.016982 4e-06
0.020041 6e-06
0.019617 6e-06
0.019489 5e-06
0.019476 5e-06
0.019599 6e-06
0.019833 5e-06
0.019583 4e-06
0.019742 5e-06
0.019371 5e-06
0.019646 5e-06
0.019788 5e-06
0.019503 7e-06
0.019534 5e-06
0.018 6e-06
0.020515 5e-06
0.019769 5e-06
0.019528 5e-06
0.019514 4e-06
0.019694 7e-06
0.01969 7e-06
0.01961 5e-06
0.016259 5e-06
0.016218 5e-06
0.016415 5e-06
0.016252 4e-06
0.016185 4e-06
0.016152 3e-06
0.01618 5e-06
0.014822 2.7e-05
0.016258 4e-06
0.016292 3e-06
