0.004318 4e-06
0.004337 4e-06
0.004404 6e-06
0.004332 3e-06
0.004319 4e-06
0.004417 4e-06
0.00436 4e-06
0.004377 5e-06
0.004341 5e-06
0.004337 5e-06
0.004304 3e-06
0.004344 3e-06
0.004502 3e-06
0.004464 3e-06
0.004322 4e-06
0.004321 4e-06
0.004307 4e-06
0.004325 5e-06
0.003948 4e-06
0.004355 3e-06
0.004354 5e-06
0.004343 5e-06
0.004312 3e-06
0.004335 5e-06
0.004351 7e-06
0.004342 4e-06
0.00433 5e-06
0.004324 3e-06
0.00432 4e-06
0.004341 4e-06
0.004308 4e-06
0.004318 4e-06
0.004316 3e-06
0.004336 4e-06
0.004317 3e-06
0.004339 3e-06
0.004291 3e-06
0.004362 4e-06
0.004312 3e-06
0.004347 3e-06
0.004489 5e-06
0.004374 5e-06
0.004357 4e-06
0.004341 5e-06
0.004319 4e-06
0.004345 5e-06
0.004344 5e-06
0.004353 3e-06
0.004318 3e-06
0.004346 5e-06
0.004311 4e-06
0.004322 3e-06
0.004307 4e-06
0.004311 5e-06
0.00436 4e-06
0.004331 4e-06
0.004318 4e-06
0.004325 4e-06
0.004308 3e-06
0.004321 4e-06
0.004303 4e-06
0.004348 5e-06
0.003684 2e-06
0.004329 4e-06
0.004325 5e-06
0.004322 3e-06
0.004324 5e-06
0.004338 5e-06
0.004354 4e-06
0.004363 4e-06
0.004335 4e-06
0.004356 4e-06
0.004325 5e-06
0.004341 3e-06
0.004315 4e-06
0.004335 4e-06
0.004344 6e-06
0.004366 4e-06
0.004355 5e-06
0.004344 5e-06
0.00433 2e-06
0.004343 4e-06
0.004315 3e-06
0.004325 4e-06
0.003857 5e-06
0.004366 3e-06
0.004317 5e-06
0.00435 4e-06
0.004326 3e-06
0.004378 4e-06
0.004456 3e-06
0.004341 5e-06
0.004322 4e-06
0.004329 5e-06
0.004309 5e-06
0.004329 2e-06
0.004303 3e-06
0.00433 4e-06
0.004315 2e-06
0.004345 6e-06
0.004321 3e-06
0.004334 4e-06
0.004306 4e-06
0.004336 4e-06
0.004314 3e-06
0.004325 4e-06
0.004123 3e-06
0.004355 4e-06
0.004373 3e-06
0.004355 4e-06
0.004318 4e-06
0.004346 5e-06
0.004391 5e-06
0.00435 3e-06
0.004344 5e-06
0.004348 5e-06
0.004339 3e-06
0.004357 4e-06
0.004309 4e-06
0.004328 4e-06
0.004347 3e-06
0.004731 6e-06
0.004345 3e-06
0.00433 4e-06
0.004328 3e-06
0.004371 4e-06
0.004329 2e-06
0.004342 5e-06
0.003973 3e-06
0.004327 5e-06
0.004317 5e-06
0.004326 5e-06
0.004326 5e-06
0.004366 5e-06
0.004655 5e-06
0.004365 5e-06
0.004307 3e-06
0.004322 4e-06
0.004302 4e-06
0.004345 4e-06
0.004315 5e-06
0.004346 4e-06
0.004316 4e-06
0.004316 3e-06
0.004313 5e-06
0.004353 4e-06
0.004343 3e-06
0.004359 5e-06
0.004594 3e-06
0.004527 4e-06
0.00366 4e-06
0.004408 5e-06
0.004339 5e-06
0.004344 4e-06
0.004319 4e-06
0.004353 4e-06
0.00434 4e-06
0.004348 5e-06
0.004319 3e-06
0.004386 4e-06
0.004328 4e-06
0.004329 2e-06
0.004327 4e-06
0.004343 2e-06
0.004306 4e-06
0.004324 3e-06
0.004308 4e-06
0.00435 5e-06
0.004316 5e-06
0.004329 3e-06
0.004308 4e-06
0.004318 4e-06
0.003676 4e-06
0.004346 3e-06
0.004319 4e-06
0.004363 5e-06
0.004337 4e-06
0.004338 5e-06
0.004337 4e-06
0.004334 4e-06
0.00432 4e-06
0.004338 5e-06
0.004333 4e-06
0.004352 4e-06
0.004332 4e-06
0.004342 3e-06
0.004337 4e-06
0.004354 4e-06
0.004322 3e-06
0.00436 4e-06
0.00434 4e-06
0.004342 3e-06
0.004319 5e-06
0.004329 3e-06
0.003884 4e-06
0.004359 4e-06
0.00435 3e-06
0.004335 5e-06
0.004311 5e-06
0.004388 4e-06
0.004343 4e-06
0.004351 5e-06
0.004341 5e-06
0.004349 5e-06
0.004334 5e-06
0.004344 4e-06
0.004307 5e-06
0.004324 5e-06
0.00432 4e-06
0.004336 4e-06
0.004326 5e-06
0.004337 3e-06
0.004333 3e-06
0.004335 5e-06
0.00432 3e-06
0.004948 3e-06
0.003759 3e-06
0.004344 4e-06
0.004338 4e-06
0.004338 5e-06
0.004319 4e-06
0.004337 4e-06
0.00432 5e-06
0.004333 4e-06
0.004346 5e-06
0.004389 3e-06
0.004317 4e-06
0.007023 7e-06
0.0045 3e-06
0.004385 4e-06
0.004335 4e-06
0.004327 4e-06
0.004336 4e-06
0.004338 5e-06
0.004311 4e-06
0.004337 4e-06
0.004311 4e-06
0.004147 2e-06
0.004326 5e-06
0.004353 5e-06
0.004321 3e-06
0.004316 4e-06
0.004312 4e-06
0.00437 4e-06
0.004319 5e-06
0.004339 3e-06
0.00432 4e-06
0.004324 4e-06
0.004328 4e-06
0.004314 6e-06
0.004321 3e-06
0.004347 3e-06
0.00432 6e-06
0.004326 5e-06
0.00431 3e-06
0.004334 3e-06
0.004297 4e-06
0.004337 3e-06
0.004312 6e-06
0.004034 3e-06
0.004333 3e-06
0.004333 5e-06
0.004314 6e-06
0.004324 3e-06
0.004333 5e-06
0.004395 5e-06
0.004322 4e-06
0.004334 4e-06
0.004317 4e-06
0.004329 5e-06
0.004331 4e-06
0.004353 3e-06
0.004314 4e-06
0.004386 5e-06
0.004324 4e-06
0.004338 2e-06
0.004326 3e-06
0.004322 4e-06
0.004313 5e-06
0.004332 3e-06
0.004318 3e-06
0.003773 4e-06
0.004344 2e-06
0.004351 4e-06
0.004308 6e-06
0.004329 4e-06
0.00434 5e-06
0.004674 3e-06
0.004341 4e-06
0.004351 4e-06
0.004333 4e-06
0.004338 5e-06
0.004306 4e-06
0.004342 4e-06
0.004333 6e-06
0.004355 4e-06
0.004308 5e-06
0.004333 3e-06
0.004324 4e-06
0.004322 3e-06
0.004369 4e-06
0.004359 4e-06
0.00432 3e-06
0.003888 3e-06
0.00434 6e-06
0.004344 4e-06
0.004305 4e-06
0.004349 4e-06
0.004308 4e-06
0.004396 3e-06
0.004323 4e-06
0.004351 4e-06
0.00433 3e-06
0.004315 3e-06
0.004379 6e-06
0.004368 5e-06
0.004321 3e-06
0.004342 5e-06
0.004358 3e-06
0.004376 4e-06
0.004372 5e-06
0.004409 4e-06
0.004323 4e-06
0.004371 5e-06
0.004342 4e-06
0.00411 4e-06
0.004388 4e-06
0.004429 3e-06
0.004359 4e-06
0.004352 4e-06
0.004335 4e-06
0.004387 4e-06
0.004377 5e-06
0.004372 6e-06
0.004395 5e-06
0.004429 3e-06
0.004376 3e-06
0.004366 6e-06
0.004335 3e-06
0.004337 3e-06
0.004333 4e-06
0.004387 4e-06
0.004408 4e-06
0.00437 5e-06
0.00432 5e-06
0.004341 5e-06
0.004315 4e-06
0.003669 2e-06
0.004317 4e-06
0.004353 3e-06
0.004324 4e-06
0.004351 3e-06
0.004357 5e-06
0.004352 5e-06
0.004337 4e-06
0.00433 5e-06
0.004333 4e-06
0.004324 3e-06
0.004324 4e-06
0.004351 3e-06
0.004325 4e-06
0.004322 4e-06
0.00432 5e-06
0.004352 4e-06
0.004312 3e-06
0.004337 5e-06
0.004315 3e-06
0.00435 3e-06
0.004319 6e-06
0.003614 3e-06
0.00433 7e-06
0.004375 5e-06
0.004322 3e-06
0.004341 3e-06
0.00434 4e-06
0.004352 4e-06
0.004308 4e-06
0.004324 5e-06
0.004313 5e-06
0.004337 4e-06
0.004327 4e-06
0.004325 3e-06
0.004318 4e-06
0.004324 3e-06
0.00433 3e-06
0.004335 3e-06
0.004329 4e-06
0.004347 4e-06
0.00432 3e-06
0.004316 3e-06
0.004342 3e-06
0.003752 3e-06
0.004325 4e-06
0.004335 5e-06
0.00431 3e-06
0.004345 4e-06
0.00434 3e-06
0.004349 5e-06
0.004325 4e-06
0.004321 4e-06
0.004319 2e-06
0.004341 4e-06
0.004312 5e-06
0.004339 4e-06
0.004322 4e-06
0.004334 4e-06
0.004355 5e-06
0.00436 5e-06
0.004328 3e-06
0.004338 3e-06
0.004325 5e-06
0.004324 3e-06
0.004364 3e-06
0.003835 3e-06
0.004331 5e-06
0.004352 4e-06
0.004318 5e-06
0.004323 5e-06
0.004357 8e-06
0.00436 4e-06
0.004317 3e-06
0.004835 6e-06
0.004982 5e-06
0.004808 6e-06
0.006528 8e-06
0.006449 5e-06
0.004763 5e-06
0.005147 4e-06
0.00648 7e-06
0.006414 6e-06
0.005673 7e-06
0.004368 4e-06
0.003701 4e-06
0.004369 5e-06
0.004466 5e-06
0.004368 4e-06
0.004416 4e-06
0.004409 4e-06
0.004347 4e-06
0.004648 4e-06
0.004483 4e-06
0.004642 4e-06
0.006467 5e-06
0.006409 4e-06
0.004563 3e-06
0.005412 4e-06
0.00435 4e-06
0.004334 4e-06
0.004335 2e-06
0.004324 3e-06
0.004336 5e-06
0.004348 3e-06
0.003885 3e-06
0.004342 3e-06
0.004317 4e-06
0.004328 3e-06
0.004322 3e-06
0.004357 5e-06
0.004354 5e-06
0.004344 4e-06
0.004324 4e-06
0.004329 3e-06
0.004322 5e-06
0.004348 5e-06
0.004348 2e-06
0.004378 4e-06
0.004319 4e-06
0.00435 3e-06
0.004343 2e-06
0.004318 3e-06
0.004324 5e-06
0.004391 3e-06
0.004866 5e-06
0.004411 5e-06
0.003766 3e-06
0.004403 4e-06
0.004969 4e-06
0.005584 6e-06
0.004469 5e-06
0.00443 5e-06
0.004336 5e-06
0.004457 4e-06
0.004802 5e-06
0.004974 5e-06
0.005743 3e-06
0.00558 4e-06
0.005683 3e-06
0.004327 5e-06
0.004314 4e-06
0.004317 4e-06
0.004308 3e-06
0.00432 5e-06
0.004315 6e-06
0.004329 3e-06
0.003628 4e-06
0.004324 4e-06
0.004316 3e-06
0.004328 2e-06
0.004326 3e-06
0.004333 5e-06
0.004341 4e-06
0.004329 4e-06
0.004322 5e-06
0.004363 4e-06
0.004347 3e-06
0.004356 3e-06
0.004311 5e-06
0.004355 5e-06
0.004313 4e-06
0.004328 5e-06
0.004328 4e-06
0.00434 4e-06
0.004351 5e-06
0.004697 5e-06
0.004318 4e-06
0.004321 6e-06
0.003926 2e-06
0.004321 5e-06
0.004338 5e-06
0.004344 4e-06
0.004317 3e-06
0.004333 5e-06
0.004358 6e-06
0.004331 4e-06
0.004312 4e-06
0.004337 4e-06
0.004327 4e-06
0.00433 3e-06
0.00433 5e-06
0.004321 5e-06
0.004318 3e-06
0.004369 3e-06
0.004313 5e-06
0.004333 4e-06
0.004311 3e-06
0.004324 4e-06
0.004334 4e-06
0.004334 5e-06
0.004012 5e-06
0.004357 3e-06
0.004322 5e-06
0.004332 3e-06
0.004329 4e-06
0.004344 4e-06
0.004337 3e-06
0.004337 4e-06
0.004322 5e-06
0.004341 4e-06
0.004317 4e-06
0.004352 3e-06
0.004321 5e-06
0.004319 3e-06
0.004315 6e-06
0.004315 4e-06
0.00434 5e-06
0.004315 4e-06
0.004318 5e-06
0.004331 5e-06
0.004308 3e-06
0.004336 4e-06
0.003697 3e-06
0.004347 5e-06
0.004317 6e-06
0.00433 4e-06
0.004307 4e-06
0.004342 3e-06
0.004345 5e-06
0.004358 4e-06
0.004333 4e-06
0.004342 3e-06
0.004323 4e-06
0.004342 4e-06
0.004594 5e-06
0.00433 4e-06
0.004323 5e-06
0.004325 3e-06
0.004317 3e-06
0.004332 4e-06
0.004327 3e-06
0.004348 5e-06
0.004318 3e-06
0.004344 4e-06
0.003679 3e-06
0.004587 5e-06
0.004363 4e-06
0.004337 3e-06
0.004353 4e-06
0.004396 5e-06
0.004391 4e-06
0.006175 4e-06
0.004356 4e-06
0.004855 5e-06
0.004356 4e-06
0.00435 4e-06
0.004345 3e-06
0.004357 4e-06
0.004327 4e-06
0.004343 3e-06
0.004315 4e-06
0.004336 4e-06
0.004318 4e-06
0.004319 3e-06
0.004311 4e-06
0.004241 3e-06
0.003959 3e-06
0.004326 6e-06
0.004317 5e-06
0.004333 3e-06
0.004322 5e-06
0.004377 6e-06
0.00434 3e-06
0.004328 4e-06
0.004314 4e-06
0.004324 4e-06
0.004324 3e-06
0.004326 3e-06
0.004314 3e-06
0.00434 3e-06
0.004315 4e-06
0.004353 3e-06
0.004318 3e-06
0.004372 4e-06
0.00432 3e-06
0.005398 4e-06
0.004319 4e-06
0.004227 2e-06
0.00395 4e-06
0.004336 4e-06
0.004332 3e-06
0.004349 4e-06
0.005096 3e-06
0.004495 4e-06
0.004875 3e-06
0.004414 4e-06
0.004344 7e-06
0.004329 5e-06
0.004315 3e-06
0.004346 3e-06
0.004316 4e-06
0.00433 4e-06
0.004305 4e-06
0.004335 4e-06
0.004318 4e-06
0.004319 5e-06
0.004386 4e-06
0.004341 5e-06
0.004324 3e-06
0.003801 4e-06
0.004319 4e-06
0.004322 3e-06
0.004322 3e-06
0.004322 4e-06
0.004335 4e-06
0.004372 4e-06
0.004327 4e-06
0.004336 3e-06
0.004341 3e-06
0.004344 5e-06
0.004335 4e-06
0.004336 4e-06
0.0043 5e-06
0.004333 3e-06
0.004334 4e-06
0.004346 4e-06
0.004312 4e-06
0.004336 4e-06
0.004321 4e-06
0.004344 4e-06
0.004308 4e-06
0.004004 3e-06
0.004331 4e-06
0.004342 5e-06
0.004327 4e-06
0.004334 3e-06
0.004318 4e-06
0.00436 4e-06
0.004298 2e-06
0.004343 4e-06
0.004313 4e-06
0.004341 3e-06
0.004347 2e-06
0.004323 4e-06
0.004309 3e-06
0.004329 4e-06
0.004321 4e-06
0.004327 5e-06
0.004334 3e-06
0.004335 3e-06
0.004308 4e-06
0.004335 4e-06
0.004309 5e-06
0.003648 4e-06
0.004308 3e-06
0.004332 4e-06
0.004342 4e-06
0.004332 3e-06
0.004351 5e-06
0.004393 5e-06
0.004348 4e-06
0.004334 5e-06
0.004338 4e-06
0.004345 3e-06
0.004322 5e-06
0.004345 4e-06
0.004327 4e-06
0.004352 4e-06
0.004342 5e-06
0.004389 5e-06
0.004375 4e-06
0.004345 4e-06
0.004338 5e-06
0.004328 4e-06
0.004302 5e-06
0.003777 2e-06
0.004339 4e-06
0.004364 4e-06
0.004304 3e-06
0.004349 4e-06
0.004328 4e-06
0.004363 4e-06
0.004321 4e-06
0.004329 3e-06
0.004351 4e-06
0.004326 3e-06
0.004314 5e-06
0.004334 4e-06
0.004321 3e-06
0.004313 4e-06
0.004317 4e-06
0.004343 4e-06
0.004324 3e-06
0.004334 6e-06
0.004319 4e-06
0.004341 4e-06
0.004307 3e-06
0.00399 5e-06
0.004356 4e-06
0.004406 3e-06
0.004327 4e-06
0.004327 3e-06
0.004319 4e-06
0.004364 5e-06
0.004324 4e-06
0.004333 5e-06
0.00434 4e-06
0.004326 3e-06
0.004323 3e-06
0.004322 4e-06
0.00433 3e-06
0.004326 4e-06
0.004325 3e-06
0.004348 4e-06
0.004336 4e-06
0.004338 2e-06
0.004387 4e-06
0.004393 3e-06
0.00432 4e-06
0.003788 3e-06
0.004338 4e-06
0.004338 4e-06
0.004405 5e-06
0.00439 3e-06
0.004363 4e-06
0.0044 5e-06
0.004397 4e-06
0.004349 3e-06
0.00437 4e-06
0.004362 5e-06
0.004322 4e-06
0.004339 6e-06
0.004325 4e-06
0.004345 3e-06
0.004341 4e-06
0.004328 4e-06
0.004306 4e-06
0.004326 2e-06
0.004335 3e-06
0.004338 3e-06
0.004323 3e-06
0.003655 3e-06
0.004321 4e-06
0.004336 3e-06
0.004318 3e-06
0.004342 3e-06
0.004319 5e-06
0.004375 4e-06
0.004318 4e-06
0.004332 4e-06
0.004311 6e-06
0.004348 3e-06
0.004332 3e-06
0.004327 4e-06
0.004307 5e-06
0.004427 3e-06
0.004315 3e-06
0.004315 3e-06
0.004319 4e-06
0.004332 4e-06
0.004377 6e-06
0.004333 3e-06
0.004316 3e-06
0.003901 3e-06
0.004317 4e-06
0.00433 5e-06
0.004342 3e-06
0.004347 3e-06
0.004336 6e-06
0.004392 5e-06
0.004321 4e-06
0.004342 3e-06
0.004315 4e-06
0.004342 5e-06
0.004321 3e-06
0.004331 5e-06
0.004333 5e-06
0.004345 4e-06
0.004331 3e-06
0.004325 4e-06
0.00432 3e-06
0.004326 3e-06
0.004308 4e-06
0.004346 6e-06
0.004338 3e-06
0.004012 3e-06
0.004322 5e-06
0.004355 4e-06
0.004322 3e-06
0.004351 3e-06
0.004313 4e-06
0.004387 5e-06
0.004336 5e-06
0.006324 4e-06
0.004328 5e-06
0.004332 4e-06
0.004322 5e-06
0.004358 4e-06
0.004324 4e-06
0.004329 4e-06
0.004311 4e-06
0.004344 5e-06
0.004627 6e-06
0.004364 3e-06
0.004314 6e-06
0.004362 3e-06
0.004353 3e-06
0.003723 3e-06
0.00435 3e-06
0.004335 4e-06
0.004328 4e-06
0.004326 4e-06
0.0044 5e-06
0.004362 5e-06
0.004317 5e-06
0.004326 4e-06
0.004314 4e-06
0.004348 4e-06
0.004328 4e-06
0.004347 4e-06
0.004316 5e-06
0.004345 3e-06
0.004325 4e-06
0.004334 4e-06
0.004301 4e-06
0.004324 3e-06
0.00433 5e-06
0.004347 5e-06
0.004326 4e-06
0.003661 2e-06
0.004314 4e-06
0.00435 4e-06
0.004351 4e-06
0.004319 3e-06
0.004332 4e-06
0.004344 6e-06
0.004326 5e-06
0.004327 4e-06
0.004317 4e-06
0.004344 4e-06
0.004377 5e-06
0.004352 3e-06
0.004327 3e-06
0.004339 4e-06
0.004321 4e-06
0.004851 3e-06
0.004363 4e-06
0.004338 3e-06
0.004322 2e-06
0.004314 4e-06
0.004319 4e-06
0.003795 2e-06
0.004327 5e-06
0.004347 4e-06
0.004352 5e-06
0.004341 4e-06
0.004338 5e-06
0.004354 4e-06
0.004322 3e-06
0.004381 4e-06
0.004334 5e-06
0.004349 3e-06
0.004324 4e-06
0.00434 5e-06
0.004315 5e-06
0.004337 4e-06
0.004312 4e-06
0.004354 4e-06
0.004319 6e-06
0.004337 3e-06
0.004308 3e-06
0.004319 3e-06
0.004797 3e-06
0.005341 4e-06
0.004372 5e-06
0.004397 5e-06
0.004369 3e-06
0.004346 4e-06
0.00438 3e-06
0.004556 3e-06
0.004335 3e-06
0.005528 3e-06
0.004344 5e-06
0.004341 4e-06
0.004327 3e-06
0.004345 4e-06
0.004331 3e-06
0.004333 3e-06
0.004319 3e-06
0.004397 5e-06
0.00433 3e-06
0.004353 6e-06
0.004325 4e-06
0.004331 4e-06
0.004291 3e-06
0.003577 3e-06
0.004343 4e-06
0.004343 3e-06
0.004336 3e-06
0.004337 3e-06
0.004348 5e-06
0.00436 3e-06
0.004337 3e-06
0.004326 3e-06
0.004322 3e-06
0.004339 4e-06
0.004321 4e-06
0.004331 4e-06
0.004323 5e-06
0.00435 5e-06
0.004319 3e-06
0.004334 3e-06
0.004313 4e-06
0.004375 4e-06
0.004329 3e-06
0.004341 4e-06
0.004325 5e-06
0.003826 1e-06
0.004327 3e-06
0.004329 5e-06
0.004344 4e-06
0.004346 4e-06
0.004357 7e-06
0.004373 5e-06
0.004333 5e-06
0.004337 3e-06
0.004314 6e-06
0.004355 4e-06
0.004322 3e-06
0.004372 4e-06
0.00435 4e-06
0.004338 4e-06
0.004331 4e-06
0.004334 4e-06
0.004312 4e-06
0.004328 3e-06
0.004315 4e-06
0.00434 4e-06
0.00432 4e-06
0.003883 4e-06
0.004316 4e-06
0.00434 4e-06
0.004318 5e-06
0.00432 4e-06
0.004366 1.2e-05
0.004367 5e-06
0.004323 5e-06
0.004348 4e-06
0.004376 4e-06
0.004356 6e-06
0.004365 4e-06
0.004349 3e-06
0.004336 3e-06
0.004334 5e-06
0.004313 3e-06
0.004336 4e-06
0.004326 5e-06
0.004326 5e-06
0.004346 4e-06
0.004338 3e-06
0.0042 3e-06
0.004069 3e-06
