0.034013 0.000109
0.034054 7.1e-05
0.034372 0.000117
0.033951 0.000102
0.032729 6.2e-05
0.034204 8.1e-05
0.034076 7.2e-05
0.034103 8.3e-05
0.033979 7.1e-05
0.034138 7.3e-05
0.034778 0.000124
0.034474 6.9e-05
0.034024 0.000108
0.034155 8.9e-05
0.034115 6.6e-05
0.034871 8.8e-05
0.034251 0.000105
0.032447 8.3e-05
0.034192 9.6e-05
0.034042 9.5e-05
0.034211 9e-05
0.0342 7.1e-05
0.034619 6.6e-05
0.034938 8.1e-05
0.034037 6.9e-05
0.032355 0.000121
0.034086 0.000104
0.034194 9.1e-05
0.034368 7.6e-05
0.033969 8.4e-05
0.033871 8.6e-05
0.034761 6.7e-05
0.034102 8.3e-05
0.03396 9.8e-05
0.03422 7.3e-05
0.034029 7.2e-05
0.034541 0.00011
0.034216 7.6e-05
0.032381 6.7e-05
0.034184 7.2e-05
0.034219 7.7e-05
0.034242 0.000107
0.034207 7.7e-05
0.034224 7.3e-05
0.036888 0.000103
0.034297 7.8e-05
0.032087 8.4e-05
0.03428 0.000108
0.034163 8.1e-05
0.034397 9.3e-05
0.034108 0.000101
0.034208 0.000111
0.035379 6.9e-05
0.034452 7.7e-05
0.033049 9.9e-05
0.034078 8.2e-05
0.03403 6.8e-05
0.034217 6.8e-05
0.034789 9.4e-05
0.034088 0.000104
0.034704 8.5e-05
0.034092 6.7e-05
0.033591 8e-05
0.034018 6.8e-05
0.034101 7.4e-05
0.034196 0.000101
0.034085 8.4e-05
0.034039 6.3e-05
0.033068 0.000104
0.034076 8.2e-05
0.034333 0.000102
0.034197 7.1e-05
0.033938 6.9e-05
0.03509 7.5e-05
0.034062 8e-05
0.031748 0.0001
0.034189 9e-05
0.034111 0.000102
0.034372 8.9e-05
0.034154 9.8e-05
0.033914 8.2e-05
0.03425 9.8e-05
0.034067 8.6e-05
0.034409 9.4e-05
0.034393 9.8e-05
0.034046 7.4e-05
0.034957 7.7e-05
0.034208 6.9e-05
0.032309 5.5e-05
0.034146 8.4e-05
0.034041 8.4e-05
0.034365 8.9e-05
0.034021 9.1e-05
0.034327 7.8e-05
0.035086 7.2e-05
0.034258 9.1e-05
0.032198 7.7e-05
0.034262 8.8e-05
0.034099 8.3e-05
0.03425 8.2e-05
0.034118 9.9e-05
0.033965 6.8e-05
0.034381 9.7e-05
0.034178 0.00012
0.033973 9e-05
0.034078 8.6e-05
0.034492 9.4e-05
0.034754 8.8e-05
0.034461 7.7e-05
0.033133 0.000108
0.034264 9.4e-05
0.034152 0.000109
0.034445 7.8e-05
0.033994 6.7e-05
0.033997 8.5e-05
0.03492 9.7e-05
0.034089 7.1e-05
0.031894 7.4e-05
0.03417 8.9e-05
0.034097 9.8e-05
0.034182 8.8e-05
0.034168 8.7e-05
0.033948 8e-05
0.034706 0.000126
0.034013 9.3e-05
0.03198 9e-05
0.03411 9.7e-05
0.034111 7.5e-05
0.034588 7.9e-05
0.034121 7.7e-05
0.033913 6.8e-05
0.034402 7.8e-05
0.034022 9.2e-05
0.03247 7.5e-05
0.034 8.4e-05
0.033949 0.000126
0.034022 0.000109
0.034214 0.000118
0.03398 9.2e-05
0.034729 7.8e-05
0.034023 7.9e-05
0.032182 6.9e-05
0.034097 7e-05
0.034144 9.6e-05
0.034224 0.000112
0.034078 0.000131
0.03444 7.4e-05
0.034767 7.7e-05
0.034041 9.1e-05
0.032268 8.5e-05
0.034121 7.8e-05
0.034004 8.6e-05
0.034129 0.000103
0.034044 7.8e-05
0.033908 8.5e-05
0.034936 0.000101
0.034024 6.3e-05
0.032074 6e-05
0.034029 9.6e-05
0.033876 7.3e-05
0.034082 9.7e-05
0.033994 8.5e-05
0.034131 7.6e-05
0.034788 7.2e-05
0.034048 5.3e-05
0.032187 8.8e-05
0.034031 9.5e-05
0.034035 8.4e-05
0.034301 7.9e-05
0.034129 8.8e-05
0.033925 8.9e-05
0.034649 7.7e-05
0.034 7.3e-05
0.032152 7.3e-05
0.034082 8.8e-05
0.03397 6.8e-05
0.034155 8e-05
0.034725 5.5e-05
0.034047 6e-05
0.034738 5.6e-05
0.034129 0.000115
0.032798 8e-05
0.034202 0.000105
0.034023 8.2e-05
0.034077 0.000105
0.034105 0.000105
0.034206 0.000112
0.034665 6.6e-05
0.033977 9.1e-05
0.033635 8.8e-05
0.034059 9.8e-05
0.034032 8.2e-05
0.034341 7.2e-05
0.034079 7.9e-05
0.033524 5e-05
0.034978 8.7e-05
0.034008 8.6e-05
0.03357 8.8e-05
0.033967 0.000102
0.034324 8.2e-05
0.034618 0.000107
0.033946 7.3e-05
0.033438 6.3e-05
0.034345 9.1e-05
0.034029 9e-05
0.034399 6.2e-05
0.033991 0.000118
0.034047 6.9e-05
0.035035 9.6e-05
0.034041 8.2e-05
0.03279 9.3e-05
0.034056 8.6e-05
0.033887 9.5e-05
0.03373 8.7e-05
0.034083 7e-05
0.033924 0.000118
0.034389 0.000103
0.034266 7.1e-05
0.033016 8.6e-05
0.034121 8.1e-05
0.034064 5.1e-05
0.033772 0.000108
0.034101 5e-05
0.033893 8.5e-05
0.034234 9e-05
0.033918 7e-05
0.03369 7.5e-05
0.034087 9.6e-05
0.034157 0.0001
0.034097 0.000108
0.03431 9e-05
0.034089 8.4e-05
0.03476 7.9e-05
0.034064 9.3e-05
0.032574 6.5e-05
0.034237 7e-05
0.034081 8e-05
0.034297 0.000101
0.034111 0.000102
0.034218 0.000105
0.034412 0.000174
0.034063 8.6e-05
0.033227 6.3e-05
0.034185 7.1e-05
0.034278 5.8e-05
0.034151 6.2e-05
0.034078 8.7e-05
0.034048 8.3e-05
0.034771 0.000111
0.034177 8.9e-05
0.032857 7.7e-05
0.034075 8.7e-05
0.034111 7.1e-05
0.034172 8.5e-05
0.033937 0.000106
0.033869 6.8e-05
0.034808 0.000109
0.034138 8.8e-05
0.032708 6.1e-05
0.034023 0.000104
0.033991 8.2e-05
0.034218 0.000116
0.034025 6.9e-05
0.034094 6.7e-05
0.034632 8.7e-05
0.03404 8.9e-05
0.03369 8.3e-05
0.03421 7.3e-05
0.034018 8.7e-05
0.034027 8.2e-05
0.03421 0.000137
0.034025 5.7e-05
0.034768 7.9e-05
0.034091 8.5e-05
0.032266 8.4e-05
0.03419 8.2e-05
0.033993 7.7e-05
0.034183 8.2e-05
0.034221 6.8e-05
0.034292 9.1e-05
0.035042 8.6e-05
0.034086 0.000109
0.03217 6.4e-05
0.034212 8.7e-05
0.034217 9.8e-05
0.034435 7e-05
0.03401 7.4e-05
0.034067 0.000101
0.035032 9.3e-05
0.034004 8.8e-05
0.032102 7.8e-05
0.034164 0.000112
0.034026 7.6e-05
0.034283 8.5e-05
0.034057 6.1e-05
0.034155 7.4e-05
0.034973 8.7e-05
0.034481 8.7e-05
0.032223 7.3e-05
0.034325 9.8e-05
0.034097 6.3e-05
0.034141 5.8e-05
0.034096 9.9e-05
0.033987 6.8e-05
0.034691 8.4e-05
0.033994 9.8e-05
0.032116 9.7e-05
0.034097 7.9e-05
0.033962 0.000111
0.03403 8.6e-05
0.03437 9.5e-05
0.034074 7.2e-05
0.034918 6.5e-05
0.034969 6e-05
0.032602 8e-05
0.034075 6.2e-05
0.034006 0.000102
0.034175 9.6e-05
0.034023 0.000111
0.034539 7e-05
0.034617 7.5e-05
0.034039 7.4e-05
0.032164 0.000102
0.034035 8e-05
0.034093 7.5e-05
0.034256 0.000114
0.034092 6.3e-05
0.0338 7.7e-05
0.034524 8.4e-05
0.034057 7.7e-05
0.03339 8.1e-05
0.034067 8.8e-05
0.033987 7e-05
0.034493 9.5e-05
0.034166 8.8e-05
0.033671 6.2e-05
0.034029 9.3e-05
0.02804 6.4e-05
0.03407 0.000109
0.032691 8.2e-05
0.033996 9.3e-05
0.034098 9.4e-05
0.03414 7.9e-05
0.034046 8.8e-05
0.033948 8.7e-05
0.035039 7.5e-05
0.034109 8.3e-05
0.032331 8.1e-05
0.034106 0.000111
0.033963 7.6e-05
0.034148 5.6e-05
0.034068 9.2e-05
0.033968 0.000102
0.034975 6.9e-05
0.034053 7.8e-05
0.032543 0.000106
0.03413 8.2e-05
0.033942 0.000127
0.034107 9e-05
0.034269 5.2e-05
0.03409 7.9e-05
0.035129 8.8e-05
0.033995 8e-05
0.032283 8.9e-05
0.034199 6.3e-05
0.034014 8.5e-05
0.034258 9.1e-05
0.034074 5.5e-05
0.033972 9.7e-05
0.034629 6.9e-05
0.033905 8.9e-05
0.032469 9.8e-05
0.034109 9.7e-05
0.034019 0.00011
0.034066 0.000114
0.034035 8e-05
0.03388 7.6e-05
0.035051 7.9e-05
0.033995 8.3e-05
0.033135 0.0001
0.034077 9.5e-05
0.034157 7.6e-05
0.034179 0.000103
0.033969 7.8e-05
0.033892 6.9e-05
0.034632 6.9e-05
0.0341 7.9e-05
0.032149 9e-05
0.033988 8.8e-05
0.034575 8.4e-05
0.034378 8.7e-05
0.033942 7.6e-05
0.033908 9.7e-05
0.034764 9.8e-05
0.034148 7.1e-05
0.031894 7.4e-05
0.034279 7.4e-05
0.033993 7.6e-05
0.038674 9.1e-05
0.034167 8.1e-05
0.034006 7.1e-05
0.034791 0.000121
0.033959 6e-05
0.032231 6.8e-05
0.034027 8.3e-05
0.033933 7.1e-05
0.034135 7.2e-05
0.033988 8.2e-05
0.034116 7.8e-05
0.034824 0.000101
0.033902 7.3e-05
0.032399 8.6e-05
0.034112 8.6e-05
0.034143 8.8e-05
0.034266 8.4e-05
0.034003 9.6e-05
0.033082 6.3e-05
0.034122 8.6e-05
0.033994 8.5e-05
0.033906 0.000103
0.033912 5.2e-05
0.034369 7e-05
0.034841 5.3e-05
0.034068 7.6e-05
0.031701 0.000101
0.034068 7.2e-05
0.034044 7.4e-05
0.034222 8.4e-05
0.034022 8.1e-05
0.03397 0.000113
0.035102 7.2e-05
0.034026 6.9e-05
0.032208 8.4e-05
0.034032 8.2e-05
0.033944 7.6e-05
0.034292 0.0001
0.033999 0.000104
0.033872 6.1e-05
0.034907 8.4e-05
0.034121 0.000102
0.032399 7e-05
0.033996 0.000109
0.033922 7.3e-05
0.034333 6.9e-05
0.03398 7.2e-05
0.033993 8.7e-05
0.034779 0.000112
0.033956 9.9e-05
0.033857 6.5e-05
0.034068 7.3e-05
0.033961 0.000102
0.034493 0.000133
0.034457 0.000111
0.033476 6.6e-05
0.034152 0.000115
0.03394 8.2e-05
0.034191 9.1e-05
0.034011 8.2e-05
0.034039 9.4e-05
0.03456 7.6e-05
0.034076 0.000102
0.032105 0.000113
0.034131 7.9e-05
0.034 6e-05
0.034067 8.5e-05
0.034032 8.4e-05
0.033998 6.4e-05
0.034733 6.6e-05
0.034094 0.000101
0.031561 9.2e-05
0.034212 5.5e-05
0.034005 9.4e-05
0.033964 8.6e-05
0.034017 8.8e-05
0.038207 6.9e-05
0.034766 6e-05
0.033999 9.3e-05
0.032037 7.5e-05
0.033978 8.3e-05
0.033942 7.1e-05
0.03429 7.7e-05
0.033986 7.9e-05
0.034052 7.4e-05
0.035809 6.5e-05
0.034056 8.8e-05
0.032405 6.7e-05
0.034121 8.9e-05
0.034103 7.4e-05
0.034147 0.000104
0.034079 0.000109
0.033902 6.8e-05
0.034874 8e-05
0.03437 7.3e-05
0.032417 8.6e-05
0.03417 9.3e-05
0.033995 7.6e-05
0.034086 8.2e-05
0.034097 8.6e-05
0.033955 6.5e-05
0.034898 0.000113
0.034003 7.4e-05
0.033378 0.000111
0.033967 7.2e-05
0.034033 6.3e-05
0.034143 7e-05
0.033978 9.6e-05
0.03385 6.8e-05
0.034145 5.9e-05
0.034027 8e-05
0.034405 8.1e-05
0.034067 8e-05
0.033938 6.3e-05
0.03439 7.5e-05
0.033983 8.9e-05
0.033618 6.2e-05
0.03411 0.000106
0.033965 5.6e-05
0.033834 7.1e-05
0.034077 9.1e-05
0.034018 8.8e-05
0.034522 7.1e-05
0.035521 8.7e-05
0.031535 5.9e-05
0.034432 8.3e-05
0.034202 8.4e-05
0.03436 0.00011
0.034091 0.000106
0.033918 8.1e-05
0.03471 9.3e-05
0.034145 5.9e-05
0.032768 0.000118
0.034078 7.9e-05
0.034222 6.8e-05
0.034204 9.5e-05
0.034176 0.000101
0.034129 6.7e-05
0.034974 9.1e-05
0.034255 7.3e-05
0.032643 7.7e-05
0.034227 8.5e-05
0.034008 7.6e-05
0.034265 0.000101
0.034088 8.4e-05
0.034021 8.5e-05
0.034658 7.6e-05
0.034125 7e-05
0.033661 7.4e-05
0.034153 6.9e-05
0.034113 6.1e-05
0.034239 0.000106
0.034172 7.6e-05
0.033312 7.2e-05
0.034171 8.4e-05
0.03409 9.3e-05
0.034786 6.3e-05
0.034067 7.8e-05
0.034064 0.000108
0.034674 8.9e-05
0.034099 6.1e-05
0.032698 8.2e-05
0.034186 6.9e-05
0.033997 0.000121
0.034155 8.9e-05
0.034139 8.3e-05
0.033926 8e-05
0.034817 0.000115
0.034125 6.1e-05
0.032039 7.1e-05
0.037316 0.000115
0.034063 7.3e-05
0.034087 9.4e-05
0.034176 6.4e-05
0.034028 9.8e-05
0.034808 9.6e-05
0.033898 0.000103
0.032046 7.8e-05
0.034354 0.000102
0.033978 8.7e-05
0.034087 6.9e-05
0.033983 0.000118
0.033887 8.4e-05
0.034729 7.2e-05
0.033992 8.6e-05
0.032494 8.4e-05
0.034082 8.3e-05
0.034425 8.4e-05
0.034176 7.2e-05
0.033866 8.1e-05
0.033977 6.9e-05
0.034764 0.000116
0.034081 7.8e-05
0.032568 7.3e-05
0.034291 7.9e-05
0.034049 0.000103
0.035458 0.000101
0.034096 0.000122
0.033914 6.4e-05
0.034832 9.2e-05
0.034208 7.1e-05
0.033592 8.4e-05
0.034042 9e-05
0.03491 8.9e-05
0.034276 8.5e-05
0.034079 6.5e-05
0.033953 9.8e-05
0.031865 7.6e-05
0.034056 7.5e-05
0.034266 8e-05
0.03405 8.4e-05
0.03404 8.1e-05
0.034822 9.8e-05
0.034099 9.1e-05
0.032214 9.8e-05
0.034164 7.5e-05
0.033957 9.3e-05
0.034069 6.5e-05
0.034198 8.8e-05
0.034049 8.2e-05
0.035025 7.1e-05
0.034282 8.2e-05
0.032421 8.8e-05
0.034281 7.5e-05
0.034066 0.000118
0.034188 9.1e-05
0.034097 8.9e-05
0.034444 9.7e-05
0.034845 0.000111
0.034057 0.000123
0.032534 7.5e-05
0.034049 7.2e-05
0.034205 9.1e-05
0.034106 8.6e-05
0.033981 7.6e-05
0.034089 8.4e-05
0.03493 0.000121
0.034145 7.3e-05
0.032664 0.000106
0.034152 9.5e-05
0.033928 7.6e-05
0.034316 0.000111
0.03401 9.9e-05
0.033956 7.9e-05
0.034695 8.1e-05
0.034223 9.4e-05
0.032249 8.1e-05
0.034144 8.5e-05
0.034047 9.1e-05
0.034168 8.8e-05
0.034012 8.9e-05
0.033892 7.6e-05
0.034675 7e-05
0.034061 0.000115
0.03294 8.9e-05
0.034255 6.8e-05
0.034136 7.5e-05
0.033989 8.1e-05
0.03432 6.7e-05
0.034191 0.000115
0.034831 8.2e-05
0.034084 9.9e-05
0.032877 9.2e-05
0.033969 5.7e-05
0.03396 9.3e-05
0.034192 0.000117
0.034062 8.9e-05
0.034249 9.3e-05
0.03481 5.2e-05
0.034011 9.1e-05
0.032912 7.6e-05
0.034067 8e-05
0.034083 7.6e-05
0.034483 0.000105
0.034124 7.6e-05
0.033778 8e-05
0.035056 7.5e-05
0.033963 9.1e-05
0.033454 7.5e-05
0.03401 6.8e-05
0.033927 0.000101
0.034384 0.000109
0.033976 8.6e-05
0.033548 9.2e-05
0.034298 9.2e-05
0.034271 9.4e-05
0.034088 8.8e-05
0.034099 7.2e-05
0.034047 0.000113
0.035221 0.000127
0.034148 8.4e-05
0.032387 8.1e-05
0.034192 7.2e-05
0.033988 7.5e-05
0.0342 6.8e-05
0.034167 0.000104
0.034035 7.3e-05
0.034747 0.0001
0.03425 7.6e-05
0.032449 8.2e-05
0.034189 7.9e-05
0.034138 7.7e-05
0.034157 8.5e-05
0.034124 0.000108
0.033821 7.4e-05
0.034936 7e-05
0.034015 9.3e-05
0.032555 6.9e-05
0.034074 6.5e-05
0.033998 9.7e-05
0.034113 8.2e-05
0.034281 9.9e-05
0.034046 8.7e-05
0.034929 0.000107
0.033935 6.6e-05
0.032746 8e-05
0.034216 8.4e-05
0.033984 7.7e-05
0.034057 8.5e-05
0.034152 6.8e-05
0.034127 0.000103
0.034777 0.000118
0.034062 7.2e-05
0.032297 0.000119
0.034109 8e-05
0.034226 8.6e-05
0.034095 9.3e-05
0.033957 7.1e-05
0.033909 9.1e-05
0.035144 0.000125
0.03408 8e-05
0.032411 7.1e-05
0.034188 9.2e-05
0.033963 7.2e-05
0.034122 9.9e-05
0.034092 0.000106
0.033979 7.1e-05
0.035023 9.1e-05
0.034701 0.000123
0.032426 5.3e-05
0.034152 9.5e-05
0.034085 6.2e-05
0.034202 8.9e-05
0.034225 0.000118
0.034095 7.6e-05
0.034822 9.8e-05
0.033905 8e-05
0.032532 0.0001
0.034181 9.9e-05
0.034091 8.3e-05
0.034138 6.1e-05
0.034182 7.4e-05
0.034123 8.1e-05
0.034961 8.7e-05
0.03394 8.4e-05
0.032239 0.000101
0.034243 7.4e-05
0.034026 8.4e-05
0.034173 9.2e-05
0.034265 8.7e-05
0.03427 9.9e-05
0.034941 0.000105
0.033998 7.4e-05
0.032031 6.7e-05
0.034078 8.1e-05
0.034158 9.6e-05
0.034293 9.9e-05
0.034061 0.000105
0.033997 7.6e-05
0.03526 7.4e-05
0.034033 6e-05
0.032529 6.5e-05
0.034282 8.3e-05
0.034223 9e-05
0.034225 7.4e-05
0.034142 8.3e-05
0.034032 9.1e-05
0.035068 6.3e-05
0.034553 8.5e-05
0.033673 9.8e-05
0.033942 9.6e-05
0.034014 0.000113
0.034221 9.2e-05
0.03425 8.7e-05
0.034025 7.6e-05
0.034856 8.2e-05
0.033917 9.5e-05
0.032641 9.4e-05
0.034254 9e-05
0.033925 9e-05
0.034194 9.9e-05
0.034105 8.9e-05
0.034056 7.2e-05
0.034649 5.3e-05
0.034112 7.7e-05
0.032081 0.000102
0.034166 7.1e-05
0.03402 9.6e-05
0.034074 6.6e-05
0.034017 7.2e-05
0.034044 0.000114
0.035144 9.6e-05
0.03405 7e-05
0.032962 8.8e-05
0.034146 7.2e-05
0.034104 6.4e-05
0.034083 9.5e-05
0.034205 6.9e-05
0.03394 9e-05
0.035204 0.0001
0.033985 7.6e-05
0.033426 5.8e-05
0.034246 8e-05
0.034062 7.2e-05
0.034372 8.2e-05
0.03408 8e-05
0.033725 6.4e-05
0.034866 8.2e-05
0.034579 7e-05
0.033142 7.9e-05
0.034015 7.9e-05
0.034054 6.9e-05
0.03421 0.000101
0.034052 8.4e-05
0.033782 8.6e-05
0.034104 7.8e-05
0.034182 6.7e-05
0.034362 8.4e-05
0.034065 7.6e-05
0.034043 6.6e-05
0.034516 7.4e-05
0.034077 9.5e-05
0.032991 6e-05
0.034094 8.7e-05
0.03388 8.5e-05
0.033884 9.4e-05
0.034331 9.7e-05
0.034018 7.5e-05
0.034451 9.6e-05
0.034054 7.4e-05
0.033543 5.4e-05
0.034361 8.6e-05
0.033965 0.00011
0.033632 7.8e-05
0.034061 7.7e-05
0.03413 8.3e-05
0.034559 9.7e-05
0.034015 7.8e-05
0.032775 5.1e-05
0.034495 9.5e-05
0.034145 8.8e-05
0.034068 7.3e-05
0.033921 8.3e-05
0.034024 8.1e-05
0.034699 6.5e-05
0.034004 6.7e-05
0.031921 8.2e-05
0.034131 6.5e-05
0.034411 7.5e-05
0.034238 8.5e-05
0.034167 7.8e-05
0.033935 0.00011
0.034691 7.2e-05
0.033981 8.1e-05
0.032398 6.3e-05
0.03434 7.1e-05
0.033859 0.000101
0.034566 8.5e-05
0.034027 7.6e-05
0.033857 0.000105
0.034715 8.2e-05
0.034028 0.000104
0.032153 8.5e-05
0.034078 8.6e-05
0.034393 8.5e-05
0.033886 7.9e-05
0.033899 0.000116
0.030063 9.7e-05
0.033972 9.5e-05
0.034136 9.7e-05
0.034049 8.7e-05
0.034075 8.6e-05
0.034545 7.8e-05
0.034031 8e-05
0.032658 0.000106
0.034297 9.5e-05
0.033992 0.000112
0.034144 7.3e-05
0.034026 7e-05
0.034355 7.6e-05
0.03478 8.1e-05
0.034015 9.6e-05
0.03238 6.6e-05
0.034073 7.7e-05
0.034353 0.000101
0.034144 9.9e-05
0.033942 6.9e-05
0.034045 8.5e-05
0.035266 8.9e-05
0.034058 8.8e-05
0.032838 8.2e-05
0.03418 6.4e-05
0.033969 7.9e-05
0.034288 0.000102
0.034048 5.6e-05
0.033952 7.5e-05
0.034757 0.000113
0.034326 0.000111
0.032723 8.5e-05
0.034152 9.7e-05
0.033868 8.5e-05
0.034166 8.6e-05
0.034113 8.3e-05
0.034098 6.8e-05
0.034907 8.8e-05
0.034047 6.9e-05
0.032013 6.1e-05
0.034132 7.7e-05
0.033972 9.7e-05
0.034013 0.000113
0.033998 8.3e-05
0.034039 0.000112
0.034633 7.4e-05
0.034191 9.9e-05
0.032575 8.5e-05
0.034209 7.5e-05
0.033887 7.6e-05
0.034232 8.7e-05
0.034144 8.2e-05
0.034255 7.9e-05
0.034603 7.1e-05
0.033909 9.7e-05
0.032001 7.8e-05
0.034253 8e-05
0.034061 8.1e-05
0.034328 8.4e-05
0.034103 6.7e-05
0.033661 0.000126
0.034095 7.7e-05
0.034236 7e-05
0.034313 7.2e-05
0.034048 7.9e-05
0.034158 7.4e-05
0.034521 7.4e-05
0.034118 6.4e-05
0.032531 8.6e-05
0.033979 6.5e-05
0.034184 0.000109
0.034075 9.1e-05
0.034073 7.5e-05
0.034013 8.7e-05
0.03533 7.9e-05
0.03406 9.8e-05
0.031677 7.9e-05
0.034262 9.6e-05
0.034068 9e-05
0.033973 9.1e-05
0.034226 8.7e-05
0.033949 6.6e-05
0.034694 7.5e-05
0.034114 9.4e-05
0.033182 6.3e-05
0.034172 9.7e-05
0.033925 8.7e-05
0.03431 7.5e-05
0.034067 7.5e-05
0.03295 8.2e-05
0.0341 6.4e-05
0.033969 7.1e-05
0.033879 7.6e-05
0.034086 0.000101
0.034041 7.8e-05
0.03438 8.7e-05
0.034379 9.5e-05
0.033025 7.8e-05
0.034033 9e-05
0.03392 7.6e-05
0.033895 8.3e-05
0.034083 7.8e-05
0.033961 9.3e-05
0.034353 7.9e-05
0.033986 7.1e-05
0.033306 8.5e-05
0.034051 7e-05
0.033936 7e-05
0.034097 8.9e-05
0.033989 0.000118
0.03409 8.7e-05
0.034396 9e-05
0.034099 8.5e-05
0.032867 7.4e-05
0.034576 0.000102
0.033945 0.000112
0.03375 6.8e-05
0.034076 8.1e-05
0.034022 7.2e-05
0.034575 9.6e-05
0.034222 7.2e-05
0.042721 9.4e-05
0.033929 9e-05
0.034013 8.3e-05
0.034605 0.000114
