0.00433 6.7e-05
0.004341 7.8e-05
0.004313 6.8e-05
0.004345 6.8e-05
0.004316 8.8e-05
0.004529 0.000108
0.004338 8.8e-05
0.004348 7.4e-05
0.004038 6.9e-05
0.004336 6e-05
0.004321 6.2e-05
0.00436 5.3e-05
0.00435 6.8e-05
0.004393 9.4e-05
0.004328 6.4e-05
0.004372 6.1e-05
0.004311 5.6e-05
0.004319 6e-05
0.004328 5.5e-05
0.004362 5.5e-05
0.004332 9.4e-05
0.004342 6.7e-05
0.004325 8.4e-05
0.004341 7.3e-05
0.00431 5.2e-05
0.004351 0.000102
0.00432 9.6e-05
0.004332 7.9e-05
0.004307 6.8e-05
0.003722 6.1e-05
0.004334 6.1e-05
0.004345 6.5e-05
0.004339 8.1e-05
0.004329 4.5e-05
0.004322 6e-05
0.004378 8.8e-05
0.00432 8.3e-05
0.004332 6.6e-05
0.004352 5.8e-05
0.004342 5.1e-05
0.004332 9.7e-05
0.004337 8e-05
0.004321 6.9e-05
0.004326 8.6e-05
0.004316 5.9e-05
0.00435 4.9e-05
0.004325 9.1e-05
0.00433 7.3e-05
0.00433 5.8e-05
0.004342 8.4e-05
0.00432 6.1e-05
0.003624 7.3e-05
0.004321 5.8e-05
0.004337 8.6e-05
0.004317 5.8e-05
0.004323 4.8e-05
0.004324 6.9e-05
0.004346 8.8e-05
0.00431 8.9e-05
0.004347 6.8e-05
0.00434 7.4e-05
0.004346 5.1e-05
0.004302 8.6e-05
0.004341 6.1e-05
0.004323 5.3e-05
0.00434 0.000126
0.004309 7e-05
0.004354 8.3e-05
0.004333 6.3e-05
0.004339 7.4e-05
0.00432 7.6e-05
0.004328 7.8e-05
0.003997 5.5e-05
0.004266 5.5e-05
0.004405 5.4e-05
0.004344 9.5e-05
0.004343 7.8e-05
0.004345 0.000102
0.004356 9e-05
0.004344 6.2e-05
0.004324 7.5e-05
0.004346 9.6e-05
0.004338 9.2e-05
0.004327 8.2e-05
0.004341 8.7e-05
0.004335 5.8e-05
0.004318 6.7e-05
0.004333 9.9e-05
0.004334 6.7e-05
0.004342 6.4e-05
0.004312 5.7e-05
0.004342 7.4e-05
0.004318 6.5e-05
0.004341 7.1e-05
0.003652 5.4e-05
0.004345 0.0001
0.004321 8.2e-05
0.004353 6.6e-05
0.004343 9.5e-05
0.004331 6.3e-05
0.004322 6.6e-05
0.004328 8.1e-05
0.004332 7e-05
0.004354 5.4e-05
0.004318 7.4e-05
0.00434 5.9e-05
0.004307 5.7e-05
0.004329 6.9e-05
0.004341 7.7e-05
0.004324 6.6e-05
0.004316 6.4e-05
0.004332 5.8e-05
0.004359 6.8e-05
0.004338 8.5e-05
0.004312 0.0001
0.004329 6.2e-05
0.003743 4.8e-05
0.004346 5.4e-05
0.004323 6.1e-05
0.004347 6.8e-05
0.004314 8.5e-05
0.00433 6.1e-05
0.004333 7.8e-05
0.004337 6.2e-05
0.004324 6.4e-05
0.004328 8.3e-05
0.004331 8.3e-05
0.004333 5.1e-05
0.004297 6.9e-05
0.004334 8.3e-05
0.004326 6.9e-05
0.004415 9.2e-05
0.004316 5.4e-05
0.004349 8.4e-05
0.004305 6.2e-05
0.004336 8.1e-05
0.004326 8e-05
0.003986 5.9e-05
0.004318 7e-05
0.004343 7.8e-05
0.004328 6.6e-05
0.004337 6.3e-05
0.00431 8.3e-05
0.004391 6.8e-05
0.004332 6.5e-05
0.004346 7.7e-05
0.00432 8.5e-05
0.004316 8.2e-05
0.004314 6.3e-05
0.004361 7.6e-05
0.00433 8.2e-05
0.004331 6.8e-05
0.004323 8e-05
0.004354 9.7e-05
0.004313 9e-05
0.004328 5.9e-05
0.004321 8.1e-05
0.004338 6.1e-05
0.004325 4.8e-05
0.003658 7.8e-05
0.004318 8.8e-05
0.004323 7.2e-05
0.004311 6.7e-05
0.004343 7.1e-05
0.004346 8.6e-05
0.004358 8.6e-05
0.004319 6.9e-05
0.004323 6.3e-05
0.004321 7.7e-05
0.004322 9.5e-05
0.004335 7.4e-05
0.00434 8.3e-05
0.00432 4.6e-05
0.004326 7.4e-05
0.00432 8e-05
0.004353 5.8e-05
0.004318 5.3e-05
0.004336 6.4e-05
0.00431 6.9e-05
0.004419 7.9e-05
0.00432 8.7e-05
0.003615 4.7e-05
0.004321 5.8e-05
0.004323 6.7e-05
0.004322 9.2e-05
0.004349 5.7e-05
0.004344 6.7e-05
0.004376 9.6e-05
0.004343 9.2e-05
0.004343 5.9e-05
0.004309 9.1e-05
0.004337 6e-05
0.004323 7.6e-05
0.004337 5.4e-05
0.004325 7.1e-05
0.004323 8.4e-05
0.004322 6.5e-05
0.004337 6.8e-05
0.004336 9.6e-05
0.004339 5.6e-05
0.004344 7e-05
0.004321 5.8e-05
0.004169 8e-05
0.004177 7.1e-05
0.00443 8.2e-05
0.004329 7.6e-05
0.004327 5.2e-05
0.00437 5.8e-05
0.004344 8.9e-05
0.004346 6.1e-05
0.004323 6.2e-05
0.004325 7e-05
0.004325 7.4e-05
0.004354 6.7e-05
0.004343 0.000103
0.004376 5.1e-05
0.004331 8.6e-05
0.004332 6.7e-05
0.004324 6.8e-05
0.004336 6.3e-05
0.004311 8.2e-05
0.004394 6.4e-05
0.004323 7.2e-05
0.004336 5e-05
0.003695 5.5e-05
0.004356 7.5e-05
0.00433 4.9e-05
0.004346 7.7e-05
0.004324 6.3e-05
0.004345 0.000104
0.004358 8.3e-05
0.004337 8.1e-05
0.004321 8.9e-05
0.00434 9e-05
0.004326 6.1e-05
0.004344 6.6e-05
0.004315 6e-05
0.004327 9.7e-05
0.004325 6e-05
0.004334 7e-05
0.004319 7e-05
0.004331 5.4e-05
0.00434 7.6e-05
0.004338 6.7e-05
0.004322 6.5e-05
0.00433 6.2e-05
0.003789 6.4e-05
0.004332 7.4e-05
0.004326 5.5e-05
0.004335 6.9e-05
0.004322 7.1e-05
0.004349 6.2e-05
0.004323 0.000113
0.004338 7.6e-05
0.004304 8.9e-05
0.004356 8.2e-05
0.004329 6e-05
0.004396 6.5e-05
0.004332 6.2e-05
0.004336 8.2e-05
0.00431 9.8e-05
0.004322 9.8e-05
0.00433 5.3e-05
0.004324 6.8e-05
0.004311 5.8e-05
0.004338 5.8e-05
0.004322 6.6e-05
0.004007 7.2e-05
0.004318 7.2e-05
0.004327 8.6e-05
0.004325 7.8e-05
0.004338 6.2e-05
0.004319 7.4e-05
0.004347 8.7e-05
0.004325 9.2e-05
0.004343 8.9e-05
0.004323 7.6e-05
0.004325 8.9e-05
0.004313 6.1e-05
0.004345 8.1e-05
0.004319 8.6e-05
0.004318 6.6e-05
0.004323 6.9e-05
0.004336 6.2e-05
0.00432 4.4e-05
0.004335 7e-05
0.004313 6.8e-05
0.004334 6.9e-05
0.004306 0.000101
0.003652 7e-05
0.004317 5.6e-05
0.004333 8.8e-05
0.004389 6.5e-05
0.004347 8.4e-05
0.004331 9.2e-05
0.004337 8.1e-05
0.004317 5.4e-05
0.004343 6.5e-05
0.004316 6.8e-05
0.004332 6.3e-05
0.004305 9.4e-05
0.004316 6.7e-05
0.00429 6.7e-05
0.004332 6.3e-05
0.004308 7.6e-05
0.004327 8.9e-05
0.004313 0.000108
0.004323 8.9e-05
0.00431 7.4e-05
0.004316 7.2e-05
0.004185 9.5e-05
0.003701 7.9e-05
0.004323 6.8e-05
0.004325 7.2e-05
0.004383 6.6e-05
0.004354 8e-05
0.004344 7.7e-05
0.004403 7.7e-05
0.004383 8e-05
0.004337 4.6e-05
0.004312 6.1e-05
0.004327 0.000101
0.004318 7.9e-05
0.004336 0.0001
0.004307 6.5e-05
0.004351 7.2e-05
0.00431 6.6e-05
0.004349 6.5e-05
0.004353 6.1e-05
0.004346 0.000106
0.004326 6.7e-05
0.004336 8.3e-05
0.004022 6.8e-05
0.004343 6.9e-05
0.004346 7.9e-05
0.004345 6.1e-05
0.004327 7.4e-05
0.004324 6.5e-05
0.004339 5.4e-05
0.004417 9.7e-05
0.004315 8.7e-05
0.00435 6.1e-05
0.004316 6.5e-05
0.004324 7.3e-05
0.004332 6.4e-05
0.004333 7.7e-05
0.004313 7.1e-05
0.004313 6.2e-05
0.004324 8.4e-05
0.004333 8.2e-05
0.004314 6.7e-05
0.004326 6.1e-05
0.004319 7.4e-05
0.004328 9.7e-05
0.003831 6e-05
0.004333 6.8e-05
0.00432 6.6e-05
0.004337 7.9e-05
0.004324 7.2e-05
0.004333 7.5e-05
0.004339 7.6e-05
0.004339 6.9e-05
0.004322 6.1e-05
0.004335 8.1e-05
0.004315 5.8e-05
0.004339 5.8e-05
0.004325 8.4e-05
0.004322 9.7e-05
0.00435 8.5e-05
0.00435 7.3e-05
0.004328 8.5e-05
0.004344 6.2e-05
0.004319 7.2e-05
0.004339 8.6e-05
0.004315 5.2e-05
0.004172 6.5e-05
0.004046 7.7e-05
0.004338 6.7e-05
0.004327 6.2e-05
0.0045 8.1e-05
0.004492 7e-05
0.00485 6.1e-05
0.00434 5.3e-05
0.004367 7.3e-05
0.004335 4.7e-05
0.00438 4.9e-05
0.004333 7e-05
0.004409 6.2e-05
0.004346 7.5e-05
0.004351 0.0001
0.004317 6.9e-05
0.004329 5.1e-05
0.004317 6.4e-05
0.004313 7e-05
0.00433 8.8e-05
0.004337 8.2e-05
0.004339 8.2e-05
0.003665 4.6e-05
0.004316 6.3e-05
0.004366 9.6e-05
0.004328 7.7e-05
0.004355 6.5e-05
0.004373 6.1e-05
0.004347 7.1e-05
0.004333 6.7e-05
0.004344 6.5e-05
0.004328 6.9e-05
0.00437 6.8e-05
0.004335 9e-05
0.004348 5.8e-05
0.004334 7.2e-05
0.004336 7.9e-05
0.004317 6.9e-05
0.004332 5.8e-05
0.004299 8.3e-05
0.004331 8.5e-05
0.004346 6.5e-05
0.004416 7.2e-05
0.004203 5.5e-05
0.003841 7.1e-05
0.00432 6.1e-05
0.004404 5.1e-05
0.004344 7.2e-05
0.00434 6.8e-05
0.004364 8.6e-05
0.004347 7e-05
0.004341 6.9e-05
0.004384 6.7e-05
0.004332 6.4e-05
0.004333 9.6e-05
0.004329 6.8e-05
0.004351 7.5e-05
0.00439 6.2e-05
0.00433 7e-05
0.004367 8.8e-05
0.00434 8.1e-05
0.004332 7.9e-05
0.004346 7.4e-05
0.00437 9.1e-05
0.004332 6.3e-05
0.003657 5.9e-05
0.004384 8.3e-05
0.004331 7.6e-05
0.004365 6.5e-05
0.004312 8.1e-05
0.004351 6.5e-05
0.004341 6.2e-05
0.004372 8.9e-05
0.004365 7.1e-05
0.004366 9.8e-05
0.004326 6.1e-05
0.004343 8e-05
0.004342 6.6e-05
0.004334 8.6e-05
0.004343 7.3e-05
0.004421 6.5e-05
0.004335 6.3e-05
0.004438 5.6e-05
0.004331 7.8e-05
0.004338 8.2e-05
0.004314 0.000108
0.004337 5.6e-05
0.003684 7.6e-05
0.004328 6.2e-05
0.004314 5.3e-05
0.00434 6.1e-05
0.004342 9.1e-05
0.004367 4.8e-05
0.004337 7.2e-05
0.004344 6.4e-05
0.004313 5.7e-05
0.004351 5.2e-05
0.004328 6.3e-05
0.004351 7.4e-05
0.004381 6.2e-05
0.004368 7.2e-05
0.004347 7.9e-05
0.004334 7.5e-05
0.004317 5.6e-05
0.004337 8.9e-05
0.004337 5.7e-05
0.004331 5.9e-05
0.004323 6.1e-05
0.004119 4.5e-05
0.004328 8.1e-05
0.004333 6.5e-05
0.004327 5.8e-05
0.004341 7.3e-05
0.004309 8.8e-05
0.004361 8.6e-05
0.004314 9.3e-05
0.004344 7.3e-05
0.004321 6.5e-05
0.004343 8.2e-05
0.004332 6.5e-05
0.004335 7.2e-05
0.004338 7.2e-05
0.004321 5.9e-05
0.004314 5.6e-05
0.004328 8.4e-05
0.004315 4.7e-05
0.004339 7.5e-05
0.004318 5.1e-05
0.004325 6.8e-05
0.004192 8.7e-05
0.004169 6.1e-05
0.004326 0.000106
0.004329 6.5e-05
0.004312 7.5e-05
0.004364 7.4e-05
0.004368 6.3e-05
0.004345 9.4e-05
0.004334 6.7e-05
0.004331 9.6e-05
0.00432 5.3e-05
0.004365 7.5e-05
0.00433 7e-05
0.004354 9.5e-05
0.004306 4.8e-05
0.004343 6e-05
0.004316 7.2e-05
0.004353 8.3e-05
0.004332 8.2e-05
0.004391 7.1e-05
0.004325 8.6e-05
0.004336 7.2e-05
0.003868 6.9e-05
0.004342 6.2e-05
0.004344 5.5e-05
0.004374 8.6e-05
0.004359 7.3e-05
0.004339 5.2e-05
0.00436 4.6e-05
0.004369 8.8e-05
0.00435 8.1e-05
0.004359 5.9e-05
0.004309 6.4e-05
0.004346 8.9e-05
0.004331 7.2e-05
0.004336 5.8e-05
0.004348 8e-05
0.004329 8.2e-05
0.004314 7.3e-05
0.004335 7.9e-05
0.004337 7.4e-05
0.004353 8.5e-05
0.004336 6.8e-05
0.004257 5.4e-05
0.003907 9.1e-05
0.004351 7.7e-05
0.004331 9.4e-05
0.004362 5.8e-05
0.004348 6.4e-05
0.004416 8e-05
0.004358 0.0001
0.004357 8.2e-05
0.004933 6.9e-05
0.004347 8.6e-05
0.004311 7e-05
0.004365 8.3e-05
0.004345 7.8e-05
0.004355 7.4e-05
0.004818 7e-05
0.006349 8.7e-05
0.006431 7.4e-05
0.006404 7.3e-05
0.006395 0.000134
0.006741 0.000137
0.00637 0.000121
0.006407 7.5e-05
0.004793 9.6e-05
0.004484 7.6e-05
0.004734 8.8e-05
0.004364 6.5e-05
0.004357 7.7e-05
0.004343 6.5e-05
0.004329 5.2e-05
0.004344 7.3e-05
0.004323 7.3e-05
0.004351 8.6e-05
0.004344 7.7e-05
0.00435 7.9e-05
0.004329 8.6e-05
0.004375 8e-05
0.004339 7.4e-05
0.004332 7.6e-05
0.004314 7.2e-05
0.004027 6.5e-05
0.00433 5.7e-05
0.00433 8.1e-05
0.004309 9.1e-05
0.004341 5.6e-05
0.004362 5.9e-05
0.004352 6.7e-05
0.004325 0.000114
0.004347 8.5e-05
0.004319 8.2e-05
0.00432 9.4e-05
0.004328 7.4e-05
0.004335 5.9e-05
0.004361 6.9e-05
0.004341 4.3e-05
0.004345 9.6e-05
0.004325 7.3e-05
0.004309 6.3e-05
0.004333 7.3e-05
0.004327 6.1e-05
0.004343 6.6e-05
0.003598 7.9e-05
0.004351 7.2e-05
0.00433 9.3e-05
0.004328 6.6e-05
0.004336 7.6e-05
0.00435 0.000101
0.004358 6.3e-05
0.00434 6e-05
0.004327 5.4e-05
0.004332 8.5e-05
0.004314 5.4e-05
0.004318 6.4e-05
0.004317 7.7e-05
0.004344 6.4e-05
0.004312 5.7e-05
0.004364 5.5e-05
0.004308 5.5e-05
0.004343 5.6e-05
0.004331 6.1e-05
0.004331 6.2e-05
0.00431 7.8e-05
0.004328 6e-05
0.003604 5.2e-05
0.004334 9.3e-05
0.004338 7.8e-05
0.004332 6.4e-05
0.004337 8.2e-05
0.004362 9.1e-05
0.004329 8.5e-05
0.004339 7.5e-05
0.004315 6.8e-05
0.004357 7.4e-05
0.004325 6.1e-05
0.004335 5.6e-05
0.004326 8.4e-05
0.00434 7.3e-05
0.004315 8e-05
0.004344 6e-05
0.004324 7.9e-05
0.004367 5.9e-05
0.004317 8.4e-05
0.004349 8.9e-05
0.004324 8.4e-05
0.004095 7.3e-05
0.004322 6e-05
0.004344 5.6e-05
0.004324 6.2e-05
0.004356 8e-05
0.004399 9.9e-05
0.004389 6.1e-05
0.004356 7.9e-05
0.004339 5.3e-05
0.004329 4.9e-05
0.004347 5.9e-05
0.00433 9.3e-05
0.004343 7.2e-05
0.004319 7.2e-05
0.004327 6.5e-05
0.004316 0.000103
0.004353 6.9e-05
0.004298 5.6e-05
0.004325 6.7e-05
0.004314 5.9e-05
0.004331 6.9e-05
0.004345 7.6e-05
0.003795 5.2e-05
0.00433 5.8e-05
0.004356 7.1e-05
0.004325 7.4e-05
0.00434 5.2e-05
0.004323 7.4e-05
0.004358 7.9e-05
0.004402 7.6e-05
0.004338 6.7e-05
0.004342 8.5e-05
0.004329 8.6e-05
0.004324 7.4e-05
0.004371 5.7e-05
0.004388 6.8e-05
0.004389 8.8e-05
0.004325 6.8e-05
0.004343 7.5e-05
0.004327 6.2e-05
0.004325 7.2e-05
0.004305 7.1e-05
0.004334 7.3e-05
0.004338 4.3e-05
0.003881 7.4e-05
0.004332 7.4e-05
0.004326 8.1e-05
0.00432 5.6e-05
0.004334 5.9e-05
0.004359 5.6e-05
0.004367 7.8e-05
0.00432 9e-05
0.004327 8.1e-05
0.004359 6.2e-05
0.004332 0.000119
0.004319 7e-05
0.004342 8.4e-05
0.004331 0.000101
0.00433 5.3e-05
0.004318 7.5e-05
0.004366 5e-05
0.0043 5.4e-05
0.004333 8.9e-05
0.004316 9.1e-05
0.004348 8.5e-05
0.003943 7.3e-05
0.00434 8.1e-05
0.004328 9.2e-05
0.004334 6.2e-05
0.004318 6.5e-05
0.004352 7.7e-05
0.004351 6.6e-05
0.004326 0.000103
0.004333 7.9e-05
0.004341 8e-05
0.004329 7.6e-05
0.004328 7.2e-05
0.004322 8.2e-05
0.004334 7.8e-05
0.004325 5.7e-05
0.00433 5.7e-05
0.004312 6.2e-05
0.004332 7.2e-05
0.004304 8.3e-05
0.004337 5.1e-05
0.004325 7.6e-05
0.004334 7.6e-05
0.003795 5.3e-05
0.004342 7.1e-05
0.00432 7.5e-05
0.004329 0.0001
0.004303 6.2e-05
0.004363 5.5e-05
0.004354 6.3e-05
0.004336 9.6e-05
0.004324 7.5e-05
0.00433 7.5e-05
0.004318 7e-05
0.004317 8.2e-05
0.004317 8.7e-05
0.004355 8.5e-05
0.004314 8.2e-05
0.004328 7.1e-05
0.004308 5.8e-05
0.004316 7.6e-05
0.004317 5.5e-05
0.004347 7.6e-05
0.00433 0.000109
0.003993 6.3e-05
0.004354 7.5e-05
0.00432 7.1e-05
0.004315 0.000101
0.004339 5.4e-05
0.004328 9e-05
0.00437 0.000116
0.004332 6.5e-05
0.004327 7e-05
0.00433 7e-05
0.004329 6.9e-05
0.004306 7.1e-05
0.004339 5.9e-05
0.004306 6.8e-05
0.004331 9.6e-05
0.004322 7.3e-05
0.004328 5.5e-05
0.004319 9.3e-05
0.004332 6.6e-05
0.00431 8.3e-05
0.004338 8.1e-05
0.00432 8.5e-05
0.004171 8.8e-05
0.00433 4.7e-05
0.004342 8e-05
0.004335 5.4e-05
0.004329 6.7e-05
0.004352 0.000102
0.004356 8.1e-05
0.004327 8.2e-05
0.004331 9.6e-05
0.004323 6e-05
0.004338 7.9e-05
0.004318 5.5e-05
0.004336 5.8e-05
0.004325 6.4e-05
0.004336 5.8e-05
0.004326 4.8e-05
0.004349 9.5e-05
0.004352 7.3e-05
0.00433 6.2e-05
0.004316 8.9e-05
0.004322 8.1e-05
0.003966 5.6e-05
0.004342 7.7e-05
0.004316 7.9e-05
0.004329 0.000116
0.004328 7e-05
0.004333 9.1e-05
0.004333 7.8e-05
0.00433 8.3e-05
0.004323 5.7e-05
0.004325 7e-05
0.004319 6.3e-05
0.00433 7.5e-05
0.004315 8.2e-05
0.004322 7.7e-05
0.004314 6.2e-05
0.004318 6.8e-05
0.004311 9.5e-05
0.004342 8.3e-05
0.00432 8.7e-05
0.004327 5.5e-05
0.004301 5.6e-05
0.004327 7.8e-05
0.003696 5.8e-05
0.00434 9.8e-05
0.004341 7.1e-05
0.004338 5.5e-05
0.004321 7.7e-05
0.004374 7.8e-05
0.00442 7.7e-05
0.004374 6.8e-05
0.004325 4.8e-05
0.004378 6.7e-05
0.004318 6.7e-05
0.004354 7.7e-05
0.00431 9.4e-05
0.004331 8e-05
0.004301 6.8e-05
0.004348 6.3e-05
0.004339 7e-05
0.004338 5.3e-05
0.004324 8.4e-05
0.004395 6.4e-05
0.004353 0.000104
0.003677 7.1e-05
0.004334 6.8e-05
0.004396 9.8e-05
0.004322 5.7e-05
0.004335 0.000102
0.004373 5.4e-05
0.004367 5.5e-05
0.004309 9.2e-05
0.004339 7.8e-05
0.004326 7.2e-05
0.004372 6.9e-05
0.004346 5.4e-05
0.004328 7.6e-05
0.00433 9.2e-05
0.004336 6.8e-05
0.004329 9.4e-05
0.004322 7.2e-05
0.004333 7e-05
0.004334 8.4e-05
0.004353 6.9e-05
0.00437 6e-05
0.004068 6.2e-05
0.004377 8.6e-05
0.004328 5.3e-05
0.004363 7.7e-05
0.004366 7.8e-05
0.004371 7.1e-05
0.004388 6.5e-05
0.004441 5.8e-05
0.004363 6.3e-05
0.004342 6.9e-05
0.004324 8.3e-05
0.004328 6e-05
0.004308 6e-05
0.00433 8e-05
0.004322 8.1e-05
0.004321 9.5e-05
0.004326 9.8e-05
0.004338 7.9e-05
0.004311 7.5e-05
0.004333 8.1e-05
0.004306 5.1e-05
0.004363 9.1e-05
0.003657 7.2e-05
0.004339 7.9e-05
0.004329 6.9e-05
0.004348 8.8e-05
0.004335 6.4e-05
0.004368 8e-05
0.004348 6.3e-05
0.00433 7.5e-05
0.004316 8.2e-05
0.004329 6.1e-05
0.004319 8.6e-05
0.004341 8e-05
0.00455 0.0001
0.004354 9.5e-05
0.004393 7e-05
0.004369 9.7e-05
0.00433 8.6e-05
0.004368 6.1e-05
0.004318 8e-05
0.004337 9.5e-05
0.004344 7.2e-05
0.00424 5.4e-05
0.003966 7.8e-05
0.004348 6.8e-05
0.004347 7.7e-05
0.00435 7.1e-05
0.004317 8.3e-05
0.004388 5.4e-05
0.00432 7e-05
0.004334 7.6e-05
0.004325 9.1e-05
0.004348 5.2e-05
0.004302 8.2e-05
0.004328 5.1e-05
0.004468 6.8e-05
0.00435 6.4e-05
0.004322 7.2e-05
0.004332 6.9e-05
0.004358 7.2e-05
0.00433 7.4e-05
0.004342 7.2e-05
0.004349 8.9e-05
0.004332 9.1e-05
0.003981 5.4e-05
0.004329 6.8e-05
0.004341 8.3e-05
0.004324 6.3e-05
0.004349 8.5e-05
0.004593 8e-05
0.004377 8.7e-05
0.004337 5.3e-05
0.004364 9.4e-05
0.004345 5.4e-05
0.004362 5.7e-05
0.004306 7e-05
0.00436 8.3e-05
0.00431 5.7e-05
0.004348 0.000103
0.004625 9.7e-05
0.006452 9.7e-05
0.006614 0.000137
0.00643 9.9e-05
0.006365 0.000125
0.006411 0.000134
0.006388 0.000121
0.006388 0.00012
0.006414 7.7e-05
0.006367 0.000136
0.006402 8.1e-05
0.006351 0.00011
0.006379 0.000101
0.006382 0.000104
0.006336 8.2e-05
0.006388 0.000164
0.006346 0.000137
0.006344 9.3e-05
0.006373 0.000143
0.006228 0.00014
0.005359 6.9e-05
0.004789 8.1e-05
0.004736 6.2e-05
0.004461 0.000105
0.004344 7.3e-05
0.004352 7.5e-05
0.004354 8e-05
0.00434 6.7e-05
0.00438 7.8e-05
0.004346 7.7e-05
0.004323 8.5e-05
0.004309 7.1e-05
0.004322 8.4e-05
0.004332 5.3e-05
0.004328 6.2e-05
0.00434 8.6e-05
0.004323 9.4e-05
0.004342 9.9e-05
0.004341 5.7e-05
0.003871 5.9e-05
0.004278 6.4e-05
0.004338 7.2e-05
0.004317 5.5e-05
0.004355 6.8e-05
0.004338 6.5e-05
0.004366 5.8e-05
0.004318 6.4e-05
0.004359 5.3e-05
0.004326 9.6e-05
0.004368 8.5e-05
0.004309 5.7e-05
0.004324 7e-05
0.004345 7.5e-05
0.004348 5.6e-05
