0.019654 9.2e-05
0.019552 8.7e-05
0.019667 0.000102
0.018336 9.8e-05
0.020558 0.000112
0.019691 0.000121
0.019627 9.7e-05
0.019664 0.000113
0.019637 0.000111
0.019705 0.000149
0.019606 0.000103
0.019675 9.5e-05
0.015257 9.8e-05
0.020669 0.000114
0.019698 0.000113
0.01965 0.000123
0.019539 7.3e-05
0.019866 9.6e-05
0.019683 0.000122
0.019767 0.000106
0.019845 8.6e-05
0.016995 8.5e-05
0.019763 0.000107
0.019721 8.4e-05
0.019645 7.9e-05
0.019697 8.4e-05
0.019837 8.6e-05
0.020364 0.000102
0.016346 7.8e-05
0.016215 8.4e-05
0.016235 0.000102
0.015163 8.2e-05
0.016727 8.7e-05
0.017034 7.6e-05
0.016266 8e-05
0.016343 7.3e-05
0.016219 8.5e-05
0.016329 6.8e-05
0.016762 7.1e-05
0.016341 8.7e-05
0.016271 7.5e-05
0.016275 6.7e-05
0.016104 6.5e-05
0.016318 9.3e-05
0.016342 0.0001
0.016286 0.000101
0.016197 7.3e-05
0.016377 9.6e-05
0.015842 5.5e-05
0.016358 7.2e-05
0.016235 8.2e-05
0.016297 7.7e-05
0.016363 8e-05
0.016938 0.000105
0.016324 8.3e-05
0.016472 6.5e-05
0.016765 0.000147
0.01639 7.2e-05
0.016704 7.2e-05
0.015416 6.4e-05
0.016828 8e-05
0.016804 7.8e-05
0.016735 7.7e-05
0.01675 0.000104
0.016789 9.1e-05
0.016965 7.3e-05
0.016874 6.9e-05
0.016856 8.9e-05
0.016747 0.000112
0.016754 6.4e-05
0.015009 8e-05
0.016353 8.1e-05
0.016491 7.1e-05
0.016321 8e-05
0.016266 8.5e-05
0.016371 9.1e-05
0.016271 7.6e-05
0.016719 0.000106
0.016334 7.7e-05
0.0162 7.7e-05
0.016283 8.8e-05
0.016242 0.000101
0.016243 9.5e-05
0.016484 8.7e-05
0.016412 6.5e-05
0.017171 7.3e-05
0.016298 6e-05
0.015417 6.6e-05
0.016316 0.000101
0.01682 7.4e-05
0.016255 0.00011
0.01625 7e-05
0.016258 8.8e-05
0.016445 9.3e-05
0.016576 7.7e-05
0.016356 7.2e-05
0.016365 0.0001
0.016308 7.4e-05
0.015276 7.4e-05
0.0164 7.4e-05
0.01633 8.7e-05
0.016373 8.1e-05
0.016269 9.9e-05
0.016434 0.000104
0.016326 6.5e-05
0.016846 7.3e-05
0.016293 9.9e-05
0.016311 7.4e-05
0.016272 7e-05
0.0166 0.000117
0.016382 9.2e-05
0.016292 6.4e-05
0.01684 6.2e-05
0.016251 7.7e-05
0.016261 7.3e-05
0.014737 8.8e-05
0.016305 7.4e-05
0.016327 8.5e-05
0.016293 8.8e-05
0.016354 8.5e-05
0.016241 8e-05
0.016399 5.7e-05
0.016832 9.2e-05
0.016355 7.6e-05
0.016178 7e-05
0.016263 8.1e-05
0.016043 7.2e-05
0.016404 4.6e-05
0.016323 7.9e-05
0.016306 8.1e-05
0.016302 8.2e-05
0.016354 9.8e-05
0.015387 0.000121
0.016389 0.000109
0.016308 7.5e-05
0.016242 8.9e-05
0.016229 8.5e-05
0.016252 9.4e-05
0.016328 8.8e-05
0.016561 7e-05
0.016576 6.6e-05
0.016334 8e-05
0.016238 5.9e-05
0.015599 6.2e-05
0.016333 8.2e-05
0.016325 0.000111
0.016273 9.2e-05
0.016142 6.4e-05
0.016126 7e-05
0.01472 7.3e-05
0.01652 9.5e-05
0.016334 0.000109
0.016306 5.4e-05
0.016314 8e-05
0.016722 9.3e-05
0.018226 8.5e-05
0.016716 7.9e-05
0.016576 8.6e-05
0.016529 8.5e-05
0.016632 6.7e-05
0.014882 7.2e-05
0.016687 9.9e-05
0.016549 7.2e-05
0.016505 7.1e-05
0.016464 8.1e-05
0.019207 8.3e-05
0.016941 7.2e-05
0.016601 7.8e-05
0.016606 9.2e-05
0.016318 8.3e-05
0.016376 9.5e-05
0.015682 0.000101
0.016499 8.6e-05
0.016377 8.7e-05
0.016236 5.1e-05
0.016304 6.6e-05
0.016209 6.9e-05
0.016533 0.000107
0.016544 8e-05
0.016251 0.000103
0.016257 6.9e-05
0.016215 6.9e-05
0.01517 7.2e-05
0.020591 8.6e-05
0.016338 8.8e-05
0.016196 8.9e-05
0.016196 8.6e-05
0.016334 7.5e-05
0.01623 0.0001
0.016505 8.6e-05
0.021926 9.8e-05
0.016389 8.3e-05
0.016291 0.000106
0.015935 7.7e-05
0.016267 6.2e-05
0.016391 9.3e-05
0.016382 6.9e-05
0.016273 7.5e-05
0.016249 6.4e-05
0.015096 7.7e-05
0.016725 0.000108
0.016341 5.4e-05
0.016148 7.1e-05
0.016286 6.2e-05
0.016302 8.7e-05
0.016629 9e-05
0.016795 7.2e-05
0.016374 5.6e-05
0.016264 7.5e-05
0.016375 7.8e-05
0.015654 6.8e-05
0.016348 7.2e-05
0.016461 7.3e-05
0.0163 0.000105
0.016322 8.9e-05
0.016471 7.9e-05
0.016393 9.9e-05
0.016658 9.2e-05
0.01636 8.9e-05
0.016364 7.1e-05
0.016292 6.6e-05
0.016213 6.4e-05
0.016318 7.3e-05
0.016295 7.7e-05
0.016303 9.6e-05
0.016261 8.5e-05
0.016211 9.7e-05
0.014583 6.7e-05
0.016387 6.6e-05
0.016282 6.5e-05
0.016211 7.7e-05
0.016269 6.5e-05
0.016273 7.5e-05
0.016621 9.6e-05
0.016768 7.1e-05
0.016474 0.000101
0.016371 9.5e-05
0.017295 0.00011
0.015009 0.000115
0.016816 0.000119
0.016458 0.000107
0.016332 7.5e-05
0.016312 7.7e-05
0.016383 0.000112
0.016911 9.6e-05
0.017174 9.4e-05
0.016841 8.9e-05
0.016745 7.1e-05
0.016793 7.1e-05
0.01662 8.2e-05
0.016922 9.6e-05
0.016821 8e-05
0.016848 6.9e-05
0.016793 6.6e-05
0.016818 8.6e-05
0.016732 7.6e-05
0.017236 0.0001
0.016873 6.7e-05
0.016682 8.5e-05
0.017248 8.6e-05
0.016464 7.6e-05
0.016477 8.1e-05
0.016273 8.8e-05
0.016228 6.4e-05
0.0133 6e-05
0.016268 5.4e-05
0.0164 0.000119
0.016318 5.3e-05
0.016232 7.7e-05
0.016432 9.4e-05
0.016449 7.5e-05
0.016349 9e-05
0.016154 0.000106
0.016246 7.7e-05
0.014495 5.7e-05
0.016338 9.6e-05
0.016267 7.7e-05
0.016219 8.8e-05
0.016151 9e-05
0.016318 9.1e-05
0.016219 9.2e-05
0.01646 7.9e-05
0.016262 8.5e-05
0.016209 5.9e-05
0.016328 7.7e-05
0.016883 7.1e-05
0.01688 7.4e-05
0.017276 0.000109
0.016286 7.1e-05
0.016528 7.1e-05
0.016793 6.8e-05
0.016569 8e-05
0.016833 6e-05
0.016739 0.000116
0.016439 7.1e-05
0.016551 5.3e-05
0.01643 9.8e-05
0.016499 9.7e-05
0.016843 9.6e-05
0.016526 5.3e-05
0.016513 7e-05
0.016444 7.4e-05
0.015174 7e-05
0.016387 0.000103
0.016332 7e-05
0.016328 7.9e-05
0.016176 0.000112
0.016231 7e-05
0.016296 9.4e-05
0.016416 9.7e-05
0.016253 7.7e-05
0.016204 9.2e-05
0.016181 9.7e-05
0.015603 0.000102
0.016313 7.1e-05
0.016375 6.7e-05
0.016296 7.9e-05
0.016417 7.4e-05
0.016285 7.6e-05
0.015974 7.7e-05
0.016543 7.9e-05
0.016265 8.3e-05
0.016424 0.000114
0.016264 9.4e-05
0.016256 9.4e-05
0.016353 7.9e-05
0.016335 6.3e-05
0.016342 0.000105
0.016313 6.2e-05
0.016183 9.4e-05
0.014205 0.000104
0.016357 7e-05
0.016339 9.5e-05
0.016324 0.000117
0.016267 6.4e-05
0.016255 0.000102
0.016411 6e-05
0.016475 0.000108
0.016278 9.3e-05
0.016201 8.8e-05
0.016195 7.5e-05
0.016026 6.3e-05
0.016294 8.6e-05
0.016358 0.00012
0.016262 6.8e-05
0.016411 8.8e-05
0.016285 0.0001
0.015662 9.1e-05
0.016304 0.000111
0.016287 7.3e-05
0.016195 9.9e-05
0.016225 8.1e-05
0.016273 7.3e-05
0.016302 8.4e-05
0.016586 7.2e-05
0.016933 9e-05
0.016247 9.9e-05
0.016358 9.1e-05
0.014595 9.2e-05
0.016469 7.8e-05
0.016505 7.2e-05
0.016413 8.1e-05
0.016689 8.3e-05
0.016398 9.7e-05
0.016362 7.7e-05
0.016678 9.7e-05
0.016315 9.7e-05
0.016224 9.1e-05
0.016273 0.000101
0.0161 7.5e-05
0.016279 7.6e-05
0.016305 8.5e-05
0.016764 6.5e-05
0.016434 8.9e-05
0.016307 6.9e-05
0.0158 8.6e-05
0.016353 0.000115
0.01691 8e-05
0.016381 0.000102
0.016189 8.2e-05
0.016222 7.9e-05
0.016973 7.5e-05
0.016704 6.8e-05
0.016306 7.6e-05
0.016284 9.3e-05
0.016228 6.6e-05
0.014726 7.7e-05
0.016277 6.9e-05
0.016395 0.000108
0.016222 6.6e-05
0.016181 5.8e-05
0.016213 6.3e-05
0.016188 7e-05
0.016397 6.1e-05
0.0163 8.9e-05
0.016234 7.6e-05
0.016192 9.1e-05
0.016285 7.2e-05
0.016268 7.6e-05
0.016599 8.2e-05
0.01626 7.9e-05
0.016232 9.3e-05
0.016361 8.7e-05
0.014884 5.5e-05
0.016286 9.3e-05
0.016372 7.3e-05
0.016254 8.1e-05
0.016305 7.8e-05
0.016197 6e-05
0.016427 6.1e-05
0.016693 8.5e-05
0.016409 6.7e-05
0.016212 0.000102
0.016237 9.8e-05
0.016187 0.000102
0.016331 7.6e-05
0.016243 9.7e-05
0.016309 8.5e-05
0.016196 7.4e-05
0.016181 7.7e-05
0.015521 8.8e-05
0.016335 6.7e-05
0.016336 7e-05
0.016326 7.1e-05
0.016261 9.1e-05
0.016213 8.7e-05
0.016406 0.0001
0.016606 9.6e-05
0.016293 7.5e-05
0.016326 9.7e-05
0.016294 8e-05
0.01608 6.5e-05
0.016316 8.3e-05
0.016336 7.9e-05
0.016258 7.1e-05
0.016341 9.1e-05
0.016203 9.9e-05
0.015006 8.1e-05
0.016295 0.000103
0.016334 7.5e-05
0.016274 8.5e-05
0.016859 9.3e-05
0.01628 0.000106
0.01624 8.2e-05
0.016515 7.1e-05
0.016247 6.5e-05
0.016351 9.4e-05
0.016232 7.4e-05
0.015987 6.2e-05
0.016392 7e-05
0.016432 7.9e-05
0.01631 5.2e-05
0.016231 7.8e-05
0.01634 0.000108
0.015365 8.2e-05
0.016394 7.6e-05
0.016343 6.9e-05
0.016277 5.1e-05
0.016343 7.2e-05
0.016276 8.6e-05
0.016336 8.7e-05
0.016571 5.8e-05
0.016365 8.8e-05
0.016292 7.3e-05
0.016222 9.4e-05
0.015328 8.2e-05
0.016286 6.8e-05
0.016561 7.9e-05
0.016324 6.6e-05
0.016284 8.9e-05
0.016231 6.7e-05
0.016225 8.4e-05
0.01637 9e-05
0.016802 8.7e-05
0.016389 0.000106
0.016234 7.6e-05
0.016641 0.000106
0.01672 8.4e-05
0.016374 7.6e-05
0.016327 9.4e-05
0.016438 8.2e-05
0.01619 9.5e-05
0.01434 0.000107
0.016263 8.2e-05
0.016308 7.2e-05
0.01624 0.000112
0.016637 8e-05
0.016343 7.4e-05
0.016211 7e-05
0.016561 9e-05
0.01631 9e-05
0.016227 7.2e-05
0.016142 7.1e-05
0.015972 6.5e-05
0.016208 7.8e-05
0.016361 6.4e-05
0.016863 9.9e-05
0.016306 8.3e-05
0.016251 7.5e-05
0.016251 0.000102
0.016452 8.7e-05
0.016307 6.8e-05
0.016328 7.3e-05
0.01636 7.5e-05
0.016252 9.3e-05
0.016451 8.1e-05
0.016954 9.4e-05
0.01633 0.000106
0.016304 6.4e-05
0.0163 8.1e-05
0.014501 0.00011
0.016297 7.1e-05
0.016331 9.1e-05
0.016366 0.000113
0.016453 7.1e-05
0.016373 8.6e-05
0.016329 6.6e-05
0.016674 6.4e-05
0.016272 7e-05
0.016227 6.9e-05
0.01628 7.2e-05
0.015398 6.9e-05
0.016389 7.4e-05
0.016404 7.1e-05
0.016375 7.6e-05
0.016285 7.7e-05
0.016483 7e-05
0.01779 8.8e-05
0.016368 9e-05
0.016261 8.3e-05
0.01627 6.5e-05
0.016234 8.2e-05
0.016317 7.8e-05
0.016483 7e-05
0.016318 7.9e-05
0.016318 7.7e-05
0.016228 8.2e-05
0.016197 9.2e-05
0.014536 6.2e-05
0.016322 8.6e-05
0.016357 8.9e-05
0.016206 0.000104
0.016428 9e-05
0.016325 7.3e-05
0.016268 8.2e-05
0.016642 0.000118
0.01625 6.9e-05
0.016295 6.9e-05
0.016193 6.6e-05
0.01608 7e-05
0.016524 9e-05
0.016599 7.7e-05
0.01624 8.8e-05
0.016238 6.2e-05
0.016281 9.5e-05
0.015497 8e-05
0.016331 7.5e-05
0.01633 7.1e-05
0.016192 8.2e-05
0.016318 9.1e-05
0.016309 7.6e-05
0.016483 8.8e-05
0.016447 6.8e-05
0.016326 0.000104
0.016222 7.5e-05
0.016204 8e-05
0.015936 0.000109
0.016309 7.2e-05
0.016325 7.8e-05
0.016451 7.3e-05
0.016311 9.2e-05
0.01636 7.7e-05
0.015247 7.8e-05
0.016251 0.000102
0.01632 7.4e-05
0.016204 6.7e-05
0.016306 0.000111
0.016256 6.3e-05
0.016345 7.4e-05
0.016867 6.2e-05
0.016342 5.4e-05
0.016319 6.8e-05
0.016255 9.8e-05
0.015199 7.5e-05
0.016316 8.7e-05
0.016367 0.000103
0.016275 0.000112
0.016223 9.9e-05
0.016287 9.6e-05
0.016496 6.7e-05
0.016666 7.8e-05
0.016315 7.5e-05
0.01623 8.4e-05
0.016219 9.5e-05
0.016193 8.5e-05
0.016341 0.000104
0.016337 8e-05
0.016376 0.000117
0.016263 8.2e-05
0.016383 9.4e-05
0.014638 9.1e-05
0.01631 7.3e-05
0.016406 7.1e-05
0.016181 8e-05
0.016214 7.4e-05
0.017312 9.8e-05
0.016356 5.6e-05
0.016605 8.9e-05
0.016396 9.1e-05
0.016319 7.2e-05
0.016197 8.4e-05
0.016075 7.9e-05
0.016245 6.3e-05
0.016469 0.000105
0.016223 8.3e-05
0.016242 8e-05
0.016244 9.3e-05
0.015088 7.8e-05
0.016337 0.000135
0.016369 8e-05
0.016212 7.8e-05
0.016187 0.000101
0.016198 6e-05
0.01628 8.2e-05
0.016575 0.000105
0.016348 9.4e-05
0.016298 8.8e-05
0.016305 6.1e-05
0.015821 7.6e-05
0.016339 8.9e-05
0.016323 7.8e-05
0.016329 0.000133
0.016244 5.7e-05
0.016154 8.7e-05
0.015768 7.2e-05
0.016414 9.8e-05
0.016336 7.4e-05
0.016367 0.000128
0.016228 7.5e-05
0.016329 6.5e-05
0.016417 8.6e-05
0.016409 9.2e-05
0.016242 7e-05
0.01624 9.4e-05
0.016264 7.1e-05
0.014896 9.2e-05
0.017855 6.8e-05
0.016367 6.8e-05
0.016203 7.3e-05
0.016338 8e-05
0.016199 9.2e-05
0.016345 7.9e-05
0.01658 7.7e-05
0.016332 6.2e-05
0.016112 8.1e-05
0.017111 8e-05
0.016064 6.2e-05
0.016942 0.000106
0.01684 7.2e-05
0.016376 8.5e-05
0.016238 9e-05
0.016277 6.9e-05
0.01518 0.000101
0.016419 0.000125
0.016391 7.2e-05
0.016276 7.5e-05
0.01625 8.4e-05
0.016282 8.6e-05
0.016873 7.5e-05
0.016601 8.2e-05
0.016247 8e-05
0.01625 6.9e-05
0.016157 8.7e-05
0.015237 9.4e-05
0.016361 7.2e-05
0.016355 7.7e-05
0.016309 8.1e-05
0.0162 8.6e-05
0.016215 7.7e-05
0.015808 5.8e-05
0.016489 7.5e-05
0.016295 9.6e-05
0.016226 9.7e-05
0.016449 8.1e-05
0.016293 4.8e-05
0.016467 0.000117
0.0164 7e-05
0.016335 7.6e-05
0.016225 6.8e-05
0.01623 0.000102
0.015211 9.6e-05
0.016365 8.6e-05
0.016312 7.5e-05
0.016923 7.1e-05
0.016388 8.6e-05
0.016196 6.9e-05
0.016381 9.2e-05
0.016815 7.6e-05
0.016264 7.1e-05
0.016237 7.1e-05
0.016242 9.6e-05
0.016122 5.7e-05
0.016328 8.5e-05
0.016442 9e-05
0.016214 7.7e-05
0.016358 8.6e-05
0.017216 6e-05
0.019454 0.000143
0.020373 0.000127
0.019697 0.000125
0.019617 0.00011
0.019597 0.000131
0.019674 0.00012
0.019704 8.5e-05
0.019519 7e-05
0.019619 0.000132
0.016749 8.1e-05
0.020588 0.000118
0.019753 0.0001
0.019683 0.000102
0.019597 8.8e-05
0.019745 9e-05
0.019719 0.000117
0.019607 7.8e-05
0.019637 7.9e-05
0.015774 7.7e-05
0.020036 0.000143
0.019722 0.000123
0.019687 0.000106
0.019683 9.2e-05
0.019782 0.000102
0.019681 9.8e-05
0.01976 8.6e-05
0.019533 9.8e-05
0.018195 9.2e-05
0.019923 0.000101
0.019649 8.7e-05
0.019524 9.8e-05
0.019585 0.000113
0.015553 9.6e-05
0.01632 7.4e-05
0.016333 7.1e-05
0.016321 9.2e-05
0.016262 6.6e-05
0.01621 8.8e-05
0.016282 6.9e-05
0.016425 0.000123
0.016251 8.7e-05
0.016299 7e-05
0.016372 9.3e-05
0.015358 4.8e-05
0.016414 7.1e-05
0.016351 0.000111
0.016336 0.000105
0.016183 7.4e-05
0.01617 6.9e-05
0.016242 6.7e-05
0.01646 9.2e-05
0.016324 9.1e-05
0.016218 0.000103
0.016399 7.3e-05
0.016235 7.6e-05
0.016254 9.3e-05
0.016663 8.9e-05
0.016212 8.9e-05
0.016265 9.2e-05
0.016174 7.3e-05
0.014581 5.8e-05
0.016299 7.9e-05
0.016545 7e-05
0.01654 7.7e-05
0.016204 8.5e-05
0.016258 0.000106
0.016268 9.4e-05
0.016476 6.9e-05
0.016338 7.4e-05
0.016191 9.4e-05
0.016345 9.5e-05
0.01624 7e-05
0.016585 0.000102
0.016333 8.9e-05
0.016294 7.5e-05
0.01629 8.2e-05
0.016365 9.2e-05
0.014456 8.2e-05
0.016326 9.3e-05
0.01641 9.3e-05
0.01623 6.3e-05
0.016272 7.9e-05
0.016333 7.7e-05
0.01627 8.6e-05
0.01668 9.3e-05
0.016216 7.5e-05
0.016199 8.5e-05
0.01625 9.5e-05
0.015975 7.9e-05
0.016302 9.6e-05
0.016351 5.2e-05
0.016347 8.1e-05
0.01634 6.8e-05
0.0163 7.7e-05
0.015325 7e-05
0.01642 9e-05
0.016273 6.5e-05
0.016285 8.1e-05
0.016252 7.3e-05
0.016262 8.2e-05
0.016534 8e-05
0.016508 7.9e-05
0.016382 9.6e-05
0.016435 7.3e-05
0.016279 8.2e-05
0.015716 7.1e-05
0.016319 7.7e-05
0.016359 9.1e-05
0.016314 8.2e-05
0.016244 7.7e-05
0.016331 6.7e-05
0.015686 9e-05
0.016352 9.2e-05
0.016324 7.3e-05
0.016381 7.8e-05
0.016197 8.7e-05
0.016208 9.5e-05
0.0131 5.9e-05
0.016109 0.0001
0.01624 7.2e-05
0.016245 8.9e-05
0.016272 5.6e-05
0.016352 6.4e-05
0.016669 0.00011
0.016322 7.1e-05
0.016207 8.2e-05
0.016327 6.6e-05
0.015932 5.5e-05
0.01632 0.0001
0.016431 8.7e-05
0.016277 7.7e-05
0.016212 8.1e-05
0.016255 0.000111
0.01562 7.3e-05
0.016422 8.9e-05
0.016286 0.000112
0.01631 9.8e-05
0.016198 6.6e-05
0.01653 8.8e-05
0.016455 0.0001
0.016447 7.6e-05
0.016432 0.0001
0.016245 0.000107
0.016241 9e-05
0.014706 5.9e-05
0.017102 6.7e-05
0.016508 0.000101
0.016261 6.9e-05
0.016387 7.5e-05
0.01686 8.8e-05
0.016299 8.5e-05
0.017198 9.7e-05
0.016285 0.0001
0.016309 6.6e-05
0.016243 7.9e-05
0.0162 7.3e-05
0.016284 9.2e-05
0.016487 6.4e-05
0.016405 6.4e-05
0.016306 6.6e-05
0.016231 6.5e-05
0.015016 8.2e-05
0.016373 7.4e-05
0.016272 9.6e-05
0.016236 7.6e-05
0.016242 8.7e-05
0.016516 7.6e-05
0.016605 0.000103
0.016375 9.6e-05
0.016235 0.000107
0.016191 6.1e-05
0.017264 0.000106
0.014854 8.3e-05
0.016363 9.4e-05
0.016345 7.2e-05
0.016276 7e-05
0.016364 0.000117
0.016166 6.6e-05
0.016529 7.4e-05
0.016469 0.000101
0.016248 7.1e-05
0.016301 0.000104
0.016227 9.7e-05
0.015907 8.4e-05
0.016415 7.4e-05
0.016376 9.6e-05
0.016345 9.1e-05
0.016253 9.9e-05
0.016203 7.7e-05
0.015352 7.7e-05
0.016289 7.8e-05
0.016317 8.3e-05
0.016218 9.1e-05
0.016182 7.7e-05
0.016223 7.2e-05
0.01642 7.8e-05
0.016517 9.4e-05
0.016245 7.2e-05
0.01626 0.000104
0.016315 9.4e-05
0.014972 9.6e-05
0.016342 7.9e-05
0.016361 7.1e-05
0.01621 0.000118
0.016472 8.9e-05
0.016388 0.000109
0.016375 0.000103
0.0167 0.000127
0.016326 6.2e-05
0.016292 8.9e-05
0.016218 7.7e-05
0.016213 8.7e-05
0.016292 8.8e-05
0.016587 0.000102
0.016309 6.7e-05
0.01626 6.4e-05
0.016236 7.7e-05
0.014437 0.000101
0.0163 6e-05
0.016288 6.5e-05
0.01623 8.3e-05
0.016158 8.2e-05
0.016213 8.2e-05
0.016319 6.9e-05
0.016523 7.9e-05
0.016283 8.2e-05
0.016275 9.9e-05
0.016141 7.1e-05
0.016259 7e-05
0.016393 8.7e-05
0.016342 8.3e-05
0.016305 7.9e-05
0.016392 6.5e-05
0.016185 6.3e-05
0.014845 8.8e-05
0.016265 9.6e-05
0.016363 8.1e-05
0.016206 0.000109
0.01624 7.4e-05
0.016183 5.9e-05
0.016418 0.000103
0.01649 6.3e-05
0.016312 6.4e-05
0.016298 8e-05
0.016325 7.7e-05
0.015172 5.4e-05
0.016339 0.000105
0.016341 9.3e-05
0.016277 6.8e-05
0.016307 7.8e-05
0.016292 6.3e-05
0.016331 8.3e-05
0.01643 0.000107
0.016369 8.4e-05
0.0163 7.7e-05
0.016225 9.5e-05
0.016455 0.000101
0.016304 9.5e-05
0.016449 7.9e-05
0.016457 0.000105
0.016314 9.1e-05
0.016252 8e-05
0.01462 6.7e-05
0.016342 8.4e-05
0.016436 7.8e-05
0.016221 7.7e-05
0.016211 5.3e-05
0.016224 8.5e-05
0.016305 8.3e-05
0.016748 8.1e-05
0.016357 7.9e-05
0.016339 6.5e-05
0.016229 8.1e-05
0.016036 9.5e-05
0.016324 0.0001
0.016394 0.000108
0.016394 7.8e-05
0.016309 7.7e-05
0.016271 7.6e-05
0.016058 9.8e-05
0.016284 0.000107
0.016304 7e-05
0.016251 7.2e-05
0.016285 7.8e-05
0.016219 7.3e-05
0.016332 0.000115
0.016489 6.9e-05
0.016285 6.8e-05
0.016369 8.7e-05
0.016299 7.1e-05
0.015418 5e-05
0.016224 8.1e-05
0.016295 7.4e-05
