0.356072 6e-06

0.379051 4e-06

0.25683 4e-06

0.259125 4e-06

0.258438 4e-06

0.257733 4e-06

0.25629 3e-06

0.25644 3e-06

0.2572 6e-06

0.25698 5e-06

0.257246 4e-06

0.258254 3e-06

0.256144 3e-06

0.260036 3e-06

0.259136 4e-06

0.265326 4e-06

0.269589 2e-05

0.274456 3e-06

0.280648 4e-06

0.287339 4e-06

0.264107 4e-06

0.283474 4e-06

0.277069 2e-06

0.30325 4e-06

0.285186 3e-06

0.2677 4e-06

0.265723 3e-06

0.270694 7e-06

0.269163 3e-06

0.287804 3e-06

0.267884 4e-06

0.260232 4e-06

0.260583 3e-06

0.2665 3e-06

0.265945 3e-06

0.272259 4e-06

0.274696 3e-06

0.298176 4e-06

0.277638 4e-06

0.280681 3e-06

0.265735 4e-06

0.268233 4e-06

0.267774 4e-06

0.259171 3e-06

0.259187 4e-06

0.260972 4e-06

0.270854 4e-06

0.278517 3e-06

0.272991 5e-06

0.263605 3e-06

0.260766 3e-06

0.263962 4e-06

0.275904 5e-06

0.263713 4e-06

0.275594 7e-06

0.305465 5e-06

0.280316 5e-06

0.291234 3e-06

0.263253 5e-06

0.27906 6e-06

0.262777 4e-06

0.260963 4e-06

0.263891 5e-06

0.260336 7e-06

0.261235 3e-06

0.299485 6e-06

0.2737 6e-06

0.285858 4e-06

0.261871 3e-06

0.271686 3e-06

0.264353 6e-06

0.27059 3e-06

0.277892 5e-06

0.27213 3e-06

0.294449 5e-06

0.269173 4e-06

0.266097 4e-06

0.294609 5e-06

0.279992 4e-06

0.270851 4e-06

0.269981 5e-06

0.271152 5e-06

0.264816 4e-06

0.265497 4e-06

0.266452 5e-06

0.272448 5e-06

0.261979 5e-06

0.269378 3e-06

0.261013 3e-06

0.263851 6e-06

0.278938 5e-06

0.268397 3e-06

0.271445 4e-06

0.271674 3e-06

0.265491 3e-06

0.292477 3e-06

0.287982 4e-06

0.290675 5e-06

0.3158 4e-06

0.270202 7e-06

0.272623 3e-06

0.266441 6e-06

0.281683 6e-06

0.261473 5e-06

0.261038 3e-06

0.267412 4e-06

0.27338 4e-06

0.278206 5e-06

0.266668 4e-06

0.260864 3e-06

0.266783 3e-06

0.273301 4e-06

0.269406 4e-06

0.264309 4e-06

0.276143 5e-06

0.294836 5e-06

0.279701 4e-06

0.285267 4e-06

0.261762 4e-06

0.260037 4e-06

0.262988 4e-06

0.27318 4e-06

0.262208 5e-06

0.267219 3e-06

0.269012 4e-06

0.267046 5e-06

0.258507 3e-06

0.266204 4e-06

0.268186 5e-06

0.260199 5e-06

0.261303 2e-06

0.266135 5e-06

0.267937 5e-06

0.259496 4e-06

0.283797 4e-06

0.268926 4e-06

0.271328 4e-06

0.266092 4e-06

0.288466 5e-06

0.276285 4e-06

0.279444 4e-06

0.295818 5e-06

0.301148 7e-06

0.260691 3e-06

0.26006 4e-06

0.259291 4e-06

0.266973 5e-06

0.261434 5e-06

0.262851 3e-06

0.263714 4e-06

0.265257 4e-06

0.28164 6e-06

0.265678 4e-06

0.266523 4e-06

0.265045 3e-06

0.260298 4e-06

0.27289 4e-06

0.272708 4e-06

0.267217 3e-06

0.280228 3e-06

0.27149 5e-06

0.279716 4e-06

0.282347 4e-06

0.285491 4e-06

0.285083 1e-05

0.260702 4e-06

0.259295 4e-06

0.259681 4e-06

0.26074 3e-06

0.262091 4e-06

0.261436 5e-06

0.26059 5e-06

0.273811 5e-06

0.274022 4e-06

0.290636 6e-06

0.290033 3e-06

0.279856 4e-06

0.290757 5e-06

0.261019 3e-06

0.261621 3e-06

0.26181 5e-06

0.260505 5e-06

0.259765 6e-06

0.260584 4e-06

0.261698 4e-06

0.261685 5e-06

0.262881 3e-06

0.261096 4e-06

0.26035 4e-06

0.26068 4e-06

0.265313 5e-06

0.260535 4e-06

0.259358 5e-06

0.260345 3e-06

0.260022 3e-06

0.25912 4e-06

0.259891 4e-06

0.260676 4e-06

0.260241 3e-06

0.261773 2e-06

0.259618 4e-06

0.259384 4e-06

0.264498 5e-06

0.261238 5e-06

0.26065 3e-06

0.267474 3e-06

0.275976 3e-06

0.260486 4e-06

0.269522 4e-06

