0.645902 1.8e-05

0.499935 2.5e-05

0.381983 9.4e-05

0.357422 1.6e-05

0.346126 2e-05

0.354693 1e-05

0.349926 1.1e-05

0.35047 1e-05

0.35455 2.2e-05

0.352653 1.6e-05

0.349008 1e-05

0.353959 6.1e-05

0.352697 1e-05

0.352902 2.8e-05

0.368148 2.6e-05

0.352183 1.1e-05

0.359355 2.5e-05

0.367045 0.000143

0.364527 1.1e-05

0.372488 2.6e-05

0.389393 1.1e-05

0.378507 1.3e-05

0.374482 1e-05

0.376449 1.6e-05

0.406519 1.1e-05

0.396091 1.1e-05

0.355671 3e-05

0.369117 1.3e-05

0.369989 2.5e-05

0.361532 1e-05

0.376251 1e-05

0.367737 1e-05

0.362687 1.3e-05

0.359582 1e-05

0.378715 5.2e-05

0.399105 1.1e-05

0.377393 4.2e-05

0.365577 1.2e-05

0.36509 2.3e-05

0.365276 9e-06

0.372967 1e-05

0.362686 4.4e-05

0.353496 1.1e-05

0.355585 1e-05

0.358148 2.4e-05

0.356384 1.2e-05

0.377822 1.5e-05

0.387514 1e-05

0.376767 1.2e-05

0.359163 3.3e-05

0.360649 1e-05

0.362729 7.3e-05

0.3621 1.1e-05

0.420101 2.4e-05

0.386052 2.8e-05

0.377476 1.2e-05

0.399789 2.2e-05

0.400347 1.1e-05

0.444656 1.1e-05

0.398325 1.1e-05

0.369649 3.3e-05

0.352498 1.4e-05

0.381913 1.2e-05

0.355753 1.5e-05

0.35626 1e-05

0.399817 5.5e-05

0.359167 1.5e-05

0.37315 2.2e-05

0.379175 1.2e-05

0.363385 5.7e-05

0.3727 1.2e-05

0.369517 1e-05

0.365539 1.4e-05

0.367623 1.5e-05

0.363455 1.3e-05

0.363771 4.2e-05

0.378821 1e-05

0.381752 2.2e-05

0.369552 1.2e-05

0.365752 2e-05

0.367473 2.1e-05

0.376054 1.1e-05

0.35843 1.1e-05

0.391561 2.6e-05

0.361575 2.1e-05

0.364169 1.1e-05

0.355858 1.4e-05

0.354117 1.4e-05

0.358892 1e-05

0.351979 1.8e-05

0.360871 1.6e-05

0.364954 1.9e-05

0.385467 1.6e-05

0.3789 9e-06

0.358265 1.4e-05

0.374177 1e-05

0.384495 1e-05

0.388556 4.4e-05

0.396475 1.1e-05

0.357716 1.7e-05

0.368173 1.1e-05

0.367375 7.2e-05

0.380733 1.3e-05

0.367939 1.1e-05

0.373448 1.2e-05

0.369831 9e-06

0.36737 1e-05

0.366726 2.6e-05

0.366002 1.5e-05

0.352393 2.4e-05

0.369453 1.1e-05

0.380259 1.2e-05

0.390158 2e-05

0.367554 1.5e-05

0.380515 3.4e-05

0.38946 1.2e-05

0.378111 1.5e-05

0.392004 2.1e-05

0.367162 1.2e-05

0.359834 1.5e-05

0.356558 1.1e-05

0.364133 2.6e-05

0.370977 1.1e-05

0.375171 4.7e-05

0.358101 1.4e-05

0.355561 1.7e-05

0.355862 1.3e-05

0.353749 1.1e-05

0.366746 1.7e-05

0.361925 1.1e-05

0.356634 1.9e-05

0.356375 1.6e-05

0.372812 1.1e-05

0.35867 1.1e-05

0.372882 1.4e-05

0.369727 2.4e-05

0.377725 1e-05

0.370532 2.6e-05

0.379033 2.3e-05

0.365363 2.3e-05

0.384314 1.2e-05

0.385855 1.1e-05

0.408535 2.4e-05

0.391525 1e-05

0.355751 3.4e-05

0.357022 1.4e-05

0.358195 1.2e-05

0.350049 2e-05

0.37191 9e-06

0.357491 1.3e-05

0.371558 1.1e-05

0.400747 1.9e-05

0.385363 1.1e-05

0.367604 1.2e-05

0.357992 1.2e-05

0.35361 1.1e-05

0.370219 2.5e-05

0.367728 1.2e-05

0.36932 1e-05

0.365034 1e-05

0.377753 3e-05

0.349693 1.1e-05

0.38427 1e-05

0.407075 2.2e-05

0.395475 1.9e-05

0.359677 1.1e-05

0.365708 1.1e-05

0.360466 3.8e-05

0.360944 1.1e-05

0.356802 1.4e-05

0.360377 1.3e-05

0.353203 1.5e-05

0.369341 1.1e-05

0.40771 7.3e-05

0.372519 1.4e-05

0.380801 2.3e-05

0.405572 1e-05

0.406198 4.3e-05

0.39401 2.5e-05

0.357522 1e-05

0.359734 1.2e-05

0.355141 2.4e-05

0.358724 1.3e-05

0.35987 3.6e-05

0.358583 1.8e-05

0.35753 1.2e-05

0.355848 1.3e-05

0.354901 1.1e-05

0.357641 1.2e-05

0.35639 1.1e-05

0.355055 2.5e-05

0.353339 4e-05

0.358528 1.2e-05

0.354579 1e-05

0.358209 1.1e-05

0.357641 1e-05

0.355709 1.5e-05

0.356626 3.3e-05

0.35826 9e-06

0.357997 2e-05

0.354704 1e-05

0.356461 2.4e-05

0.356238 2.4e-05

0.354342 2.8e-05

0.358432 1.1e-05

0.352843 1.1e-05

0.35592 1.1e-05

0.382735 1.9e-05

0.37105 1.2e-05

