0.256387 5e-06

0.231907 4e-06

0.199433 6e-06

0.199516 4e-06

0.199762 5e-06

0.20054 4e-06

0.2 5e-06

0.199162 6e-06

0.199262 4e-06

0.200516 6e-06

0.200934 6e-06

0.200765 4e-06

0.200683 4e-06

0.212449 6e-06

0.209846 5e-06

0.201994 4e-06

0.221332 4e-06

0.210325 4e-06

0.224437 5e-06

0.206456 5e-06

0.217469 7e-06

0.23236 4e-06

0.230027 4e-06

0.219299 5e-06

0.229033 7e-06

0.229172 4e-06

0.207554 4e-06

0.208783 6e-06

0.208615 4e-06

0.22721 4e-06

0.204424 5e-06

0.209097 3e-06

0.202751 3e-06

0.207801 5e-06

0.215595 6e-06

0.210756 5e-06

0.206335 4e-06

0.223339 5e-06

0.209085 5e-06

0.225428 5e-06

0.210051 5e-06

0.20441 7e-06

0.210706 4e-06

0.206841 7e-06

0.202773 5e-06

0.207264 5e-06

0.206474 3e-06

0.211327 4e-06

0.210611 3e-06

0.203986 4e-06

0.203625 4e-06

0.21165 4e-06

0.218541 4e-06

0.20406 5e-06

0.208806 6e-06

0.226856 5e-06

0.213619 5e-06

0.219683 7e-06

0.213708 5e-06

0.210272 7e-06

0.203139 4e-06

0.214228 4e-06

0.203888 6e-06

0.203925 7e-06

0.202507 4e-06

0.216125 7e-06

0.208524 7e-06

0.212567 6e-06

0.205975 4e-06

0.205677 7e-06

0.209451 5e-06

0.205285 3e-06

0.226912 4e-06

0.216035 4e-06

0.212978 5e-06

0.217386 5e-06

0.207038 6e-06

0.213936 5e-06

0.207567 5e-06

0.223263 5e-06

0.214706 6e-06

0.206148 4e-06

0.206066 5e-06

0.208605 3e-06

0.213947 5e-06

0.211558 4e-06

0.203018 5e-06

0.205095 5e-06

0.204567 6e-06

0.203916 4e-06

0.209461 5e-06

0.213764 5e-06

0.207232 4e-06

0.206591 5e-06

0.211823 5e-06

0.228671 4e-06

0.227948 6e-06

0.225276 8e-06

0.210307 7e-06

0.209603 6e-06

0.208819 3e-06

0.208973 3e-06

0.21451 4e-06

0.206793 5e-06

0.205781 4e-06

0.20788 4e-06

0.212233 3e-06

0.211021 5e-06

0.205809 4e-06

0.205243 5e-06

0.21256 7e-06

0.214224 6e-06

0.206936 6e-06

0.221161 6e-06

0.205987 6e-06

0.216474 6e-06

0.222532 4e-06

0.241683 4e-06

0.205344 5e-06

0.203896 4e-06

0.21133 3e-06

0.205519 5e-06

0.211543 4e-06

0.208394 4e-06

0.205595 5e-06

0.203665 5e-06

0.204592 5e-06

0.206734 5e-06

0.20396 6e-06

0.203976 4e-06

0.203694 4e-06

0.20645 4e-06

0.211177 3e-06

0.214521 6e-06

0.211305 6e-06

0.207037 3e-06

0.206819 4e-06

0.206617 4e-06

0.21098 4e-06

0.213381 5e-06

0.217096 5e-06

0.230257 5e-06

0.233217 1e-05

0.204221 7e-06

0.203719 5e-06

0.212588 5e-06

0.203576 4e-06

0.203331 3e-06

0.214354 6e-06

0.208941 5e-06

0.206691 3e-06

0.209579 8e-06

0.210374 5e-06

0.20563 6e-06

0.204155 5e-06

0.206598 5e-06

0.209208 6e-06

0.217807 5e-06

0.20822 3e-06

0.213545 3e-06

0.210521 3e-06

0.216312 5e-06

0.241408 5e-06

0.239531 5e-06

0.242716 9e-06

0.208841 5e-06

0.207961 3e-06

0.203127 4e-06

0.203343 4e-06

0.203819 4e-06

0.205523 6e-06

0.21664 4e-06

0.206217 4e-06

0.213157 5e-06

0.226049 6e-06

0.228416 3e-06

0.214856 5e-06

0.218192 5e-06

0.204632 4e-06

0.205674 4e-06

0.20515 5e-06

0.206519 6e-06

0.205853 6e-06

0.204317 3e-06

0.204054 4e-06

0.205181 5e-06

0.204999 4e-06

0.205279 6e-06

0.206265 6e-06

0.203918 5e-06

0.204431 4e-06

0.204374 5e-06

0.20526 5e-06

0.20506 4e-06

0.206128 4e-06

0.205016 3e-06

0.203274 4e-06

0.203889 4e-06

0.205766 5e-06

0.205082 6e-06

0.206241 6e-06

0.204781 6e-06

0.207392 5e-06

0.203849 4e-06

0.204533 3e-06

0.214492 3e-06

0.204679 4e-06

0.208214 4e-06

0.206615 5e-06

