0.036294 0.000223

0.035586 0.000167

0.03561 9.9e-05

0.037935 0.000193

0.039159 0.000155

0.035694 0.000201

0.034796 0.000186

0.035473 0.000292

0.032173 0.000109

0.033043 0.000126

0.036158 0.000141

0.03587 0.000159

0.034888 0.000118

0.03475 0.000167

0.03506 0.00012

0.032702 0.000135

0.036235 0.000199

0.035862 0.000123

0.036017 0.000205

0.032329 9.7e-05

0.034736 5.6e-05

0.037037 0.000136

0.03772 0.000136

0.037508 8.7e-05

0.032072 0.000128

0.032378 0.000164

0.031771 8.8e-05

0.034635 0.000187

0.034725 0.000196

0.033393 0.000203

0.035728 0.000167

0.033769 0.000127

0.034444 0.000109

0.035113 0.000174

0.033282 0.000125

0.034058 0.000146

0.034435 0.000142

0.033317 0.000152

0.035981 0.000109

0.035373 0.000121

0.034983 0.000174

0.036114 0.000158

0.033071 0.000155

0.034 8.6e-05

0.032859 0.000207

0.035384 0.0004

0.032611 8.8e-05

0.035505 0.000125

0.032884 0.000197

0.034571 9.2e-05

0.03577 0.000194

0.035994 0.000174

0.035314 0.000136

0.032956 0.000133

0.035632 8.9e-05

0.035323 0.0001

0.033444 0.000165

0.040067 0.000282

0.033834 0.000232

0.038153 0.000198

0.034305 0.000105

0.036652 0.000121

0.036223 0.000123

0.035963 0.000127

0.035428 0.000204

0.033907 0.000134

0.033787 0.000103

0.033715 0.000168

0.032996 7.2e-05

0.035709 0.000253

0.031732 0.000124

0.036305 0.000159

0.036433 0.000135

0.037887 0.000127

0.035155 9.9e-05

0.034919 9.7e-05

0.035053 0.000132

0.0363 0.000171

0.036775 0.000178

0.035972 0.000178

0.034694 0.000201

0.032081 0.000125

0.032591 0.00014

0.032904 0.000218

0.034696 0.00016

0.036472 0.00016

0.035847 0.000225

0.03396 0.000178

0.035148 0.000203

0.032572 0.000115

0.034669 0.000143

0.035076 0.000127

0.034984 0.000194

0.03707 0.000223

0.033019 0.000128

0.033225 0.000208

0.032993 0.000149

0.035621 0.000152

0.03477 7.4e-05

0.032651 0.000111

0.035319 0.000106

0.034646 0.000257

0.03471 0.000123

0.032473 0.000134

0.035036 0.000214

0.036161 0.000138

0.033409 0.000126

0.032534 5.9e-05

0.034586 0.000142

0.032426 0.0002

0.03472 0.000166

0.034894 0.000116

0.034544 0.000184

0.032941 0.0001

0.032314 0.000129

0.033178 0.000229

0.034707 0.000231

0.034674 0.000135

0.034574 0.000111

0.03464 0.000194

0.033137 0.000142

0.034731 0.000193

0.032346 0.00014

0.032113 0.000239

0.034678 0.000206

0.034844 8.9e-05

0.033079 0.000212

0.032094 0.000119

0.032227 0.000102

0.033089 0.000167

0.032875 0.000133

0.034732 0.000127

0.03471 0.000169

0.034763 0.000133

0.033201 0.000206

0.032854 0.000143

0.032243 9.1e-05

0.034651 0.000128

0.034566 0.000123

0.035151 0.00012

0.034736 0.000128

0.032416 0.000131

0.033366 0.000217

0.032173 0.000145

0.03238 0.000253

0.032134 0.000175

0.036673 0.000155

0.032222 0.000145

0.035274 0.000196

0.033249 0.000155

0.034806 0.000111

0.033169 0.000152

0.032908 0.000122

0.03522 0.000147

0.03474 0.000179

0.032174 0.000135

0.034933 0.000108

0.032803 0.000147

0.032229 0.000247

0.034633 0.00016

0.032729 9.6e-05

0.033396 8.6e-05

0.032479 0.000216

0.034638 0.000217

0.034695 7e-05

0.033029 0.000183

0.034551 0.000127

0.03541 7.2e-05

0.034714 0.0001

0.034895 0.000251

0.032219 0.000159

0.034851 0.000207

0.0321 0.00014

0.032081 0.000159

0.03463 9.2e-05

0.033369 0.000102

0.034591 0.000163

0.034725 0.000107

0.034605 0.000214

0.032204 0.000117

0.032055 0.000117

0.035396 0.000144

0.032625 0.000169

0.032938 0.000108

0.034713 0.000106

0.034692 0.000127

0.035045 0.000173

0.032195 0.000144

0.032865 0.000186

0.035134 9.8e-05

0.034774 0.000108

0.03299 0.000103

0.032158 0.000219

0.03217 0.000205

0.034813 0.000163

0.035265 0.000149

0.034709 0.000165

0.032119 0.000126

0.034659 0.000114

0.034654 0.000141

0.032384 0.00016

0.035122 0.000139

0.034696 0.00014

0.032187 0.000151

0.034609 0.000127

0.032215 0.000148

0.032268 9.8e-05

0.032164 0.000113

0.034758 0.000125

0.032808 0.000184

0.03469 0.000116

0.034606 0.000148

0.032865 0.000212

0.034598 0.000183

0.03505 0.000107

0.032226 0.000163

0.034642 0.000175

0.032126 0.000126

0.032251 0.000128

0.032895 0.000133

0.034669 0.000142

0.032965 0.000193

0.03493 0.000169

0.032997 0.000201

0.034783 0.000213

0.034746 0.000199

0.032161 0.000156

0.032076 0.000103

0.032892 0.000101

0.033208 0.000169

0.034669 0.000184

0.032149 0.000134

0.032311 0.000119

0.033101 8.1e-05

0.032221 0.000151

0.031881 0.000157

0.033495 0.000172

0.032105 0.00024

0.032184 0.000154

0.034777 9e-05

0.032825 0.000132

0.033098 0.000135

0.034947 0.000182

0.034663 0.000198

0.034777 0.000153

0.034849 8.1e-05

0.032706 0.00017

0.035256 0.000116

0.034814 0.00014

0.032124 0.000173

0.032198 0.000128

0.034752 9.1e-05

0.034628 0.000161

0.032155 0.000129

0.034677 0.000185

0.032316 7.6e-05

0.035379 0.000181

0.030856 0.000242

0.034692 0.000202

0.034582 0.000147

0.034597 0.000182

0.035033 0.000215

0.034812 9.8e-05

0.032901 0.000222

0.032163 0.000104

0.031 0.00016

0.03221 0.000183

0.034698 0.000168

0.032079 0.000155

0.03249 0.000116

0.03461 9.6e-05

0.03462 0.000128

0.032889 0.000176

0.032185 0.000132

0.032287 0.000114

0.035137 0.00021

0.032211 0.000161

0.032777 0.000166

0.032357 0.000106

0.034724 0.000243

0.032523 7.7e-05

0.03293 0.000174

0.034673 0.000229

0.032246 0.00016

0.032454 0.00011

0.034708 0.000119

0.034673 9.7e-05

0.034664 0.00021

0.033081 0.000109

0.034716 0.000139

0.033636 0.000165

0.034648 0.000172

0.032147 0.000158

0.034638 8.7e-05

0.032526 0.000149

0.032269 0.000194

0.03282 0.000139

0.033007 0.000167

0.032271 0.000174

0.034814 0.00012

0.033123 9e-05

0.034614 9.8e-05

0.034655 0.000195

0.032402 0.000111

0.032061 0.000126

0.032165 0.000115

0.034698 0.000162

0.032248 0.000215

0.03224 0.000174

0.032166 0.000236

0.034593 0.000126

0.032886 0.000244

0.032181 0.000173

0.035383 0.000173

0.033076 0.000168

0.034626 6.9e-05

0.034753 0.000134

0.032953 0.00015

0.032245 0.000153

0.032381 0.000184

0.034568 7.6e-05

0.034674 0.000239

0.033762 0.000132

0.032996 7.2e-05

0.032852 7.7e-05

0.032896 9.6e-05

0.034638 0.00013

0.035126 9.1e-05

0.034697 0.000136

0.034684 0.000176

0.034699 0.000177

0.03306 0.000179

0.032334 0.000194

0.032248 0.000106

0.034683 0.000205

0.034806 9.6e-05

0.032037 0.000149

0.034798 0.000135

0.032258 0.000161

0.032218 0.000187

0.034682 0.0002

0.035041 8.6e-05

0.034804 0.000113

0.032033 9e-05

0.032853 0.000151

0.034496 9.9e-05

0.034968 0.000166

0.033137 8.5e-05

0.032977 9.3e-05

0.034814 0.0001

0.032849 0.000146

0.032883 8.6e-05

0.034669 9.3e-05

0.034579 0.000105

0.034825 0.0001

0.035157 0.000201

0.034882 8.4e-05

0.032235 0.000209

0.034278 0.000118

0.032154 0.000186

0.035114 0.000178

0.034748 9.6e-05

0.03221 0.000172

0.032218 0.000159

0.032127 0.000163

0.03327 0.000127

0.03489 8.6e-05

0.032168 0.000141

0.03217 0.000203

0.03363 9.6e-05

0.03465 0.000203

0.032166 0.000273

0.034664 0.000155

0.032266 9.4e-05

0.035109 0.000152

0.034741 0.000117

0.03204 0.000133

0.032087 0.000169

0.03468 8.1e-05

0.034915 0.000138

0.03312 0.000202

0.032139 0.000138

0.033289 0.000169

0.034616 0.000113

0.032006 0.000265

0.03466 0.000101

0.034727 0.000101

0.034737 9.4e-05

0.032335 0.000158

0.034779 0.000186

0.03461 0.000144

0.034748 0.000145

0.034632 0.000137

0.034971 0.000125

0.03297 0.000199

0.030964 0.000139

0.034765 0.000163

0.035305 0.000184

0.032193 0.000128

0.032089 0.000167

0.034665 0.000101

0.034704 7.1e-05

0.034917 0.000128

0.033168 0.000165

0.034741 0.000156

0.034653 0.000106

0.034693 0.000148

0.034996 0.00012

0.032322 0.000101

0.032837 0.000108

0.034822 0.000152

0.032107 0.00014

0.034772 0.000146

0.032196 0.000134

0.034595 0.000192

0.032046 0.000152

0.034709 0.0001

0.032218 0.000215

0.034576 0.00016

0.032173 0.00015

0.034679 0.00018

0.032764 0.000187

0.034738 9.4e-05

0.034663 0.000173

0.032134 0.000156

0.03253 0.000138

0.032985 8.1e-05

0.032585 0.000269

0.032441 0.000113

0.034837 0.000167

0.033008 0.000157

0.03461 5.9e-05

0.034575 0.000114

0.034956 0.000179

0.032111 0.000169

0.032716 0.000257

0.034775 0.000175

0.034582 0.000171

0.032122 0.000139

0.034629 0.000129

0.032328 0.000131

0.03471 0.00012

0.034946 0.000115

0.032303 0.000186

0.032706 0.000159

0.034667 0.000104

0.034606 0.000104

0.034605 0.000127

0.034558 0.000168

0.035062 0.000111

0.032268 0.000225

0.032162 0.000166

0.032962 6.8e-05

0.031178 0.000105

0.033351 0.000152

0.032259 0.000128

0.03458 0.000125

0.033488 8.9e-05

0.034601 0.000145

0.034716 0.000117

0.034757 0.000168

0.034772 0.000106

0.033049 0.000107

0.031897 0.000145

0.034725 0.000111

0.032115 0.000167

0.03222 0.000135

0.032318 0.000102

0.033577 0.000136

0.033536 0.00017

0.03206 0.000167

0.032125 0.000143

0.034939 0.000124

0.034145 8.8e-05

0.034782 0.000138

0.032941 0.000163

0.032285 8.2e-05

0.032137 0.000154

0.03211 7.6e-05

0.034696 9.3e-05

0.034621 0.000116

0.034567 0.000233

0.032642 0.000186

0.033125 0.00012

0.03463 0.000163

0.0347 0.000126

0.032141 0.000134

0.033346 8.3e-05

0.03477 0.000101

0.03478 0.00017

0.034721 0.000158

0.035246 0.000163

0.034632 0.000153

0.034874 0.000176

0.034588 0.000177

0.033806 0.000129

0.034985 0.000144

0.032259 0.000112

0.034679 0.00016

0.034662 0.000131

0.03311 0.000142

0.035025 6e-05

0.032335 0.000231

0.03207 0.000142

0.032357 0.000223

0.034702 0.000158

0.032203 6.5e-05

0.034855 0.00017

0.032812 0.000166

0.034696 9e-05

0.032932 0.00012

0.032808 0.000164

0.032121 0.000168

0.034642 0.000149

0.034736 0.000131

0.032759 0.00012

0.034798 0.000201

0.032336 0.000107

0.033028 0.000117

0.03353 0.000106

0.032216 0.000155

0.034687 0.000172

0.03287 0.000186

0.034849 9.4e-05

0.032054 0.000169

0.034718 0.000125

0.034743 0.00015

0.034857 0.000115

0.034629 0.000192

0.03497 9.8e-05

0.032157 0.000153

0.034526 0.000125

0.033156 8.3e-05

0.03468 0.000114

0.034942 9.5e-05

0.032127 9.9e-05

0.034754 0.000192

0.034949 0.000247

0.032627 0.000149

0.032952 8.6e-05

0.034678 0.000145

0.032143 0.000126

0.034577 9.8e-05

0.035013 0.000111

0.034764 0.000134

0.033012 0.000109

0.034551 0.00018

0.034819 0.000101

0.035089 0.000222

0.034815 0.000109

0.034505 0.000138

0.032317 0.000135

0.034534 0.00017

0.034589 0.000153

0.032266 0.000103

0.034753 0.000145

0.034566 7.4e-05

0.034674 0.000169

0.032242 0.000183

0.034639 0.000206

0.034753 0.000142

0.03465 0.000119

0.032856 9.6e-05

0.034749 0.000136

0.032865 0.000154

0.034793 0.000209

0.034178 0.000109

0.03464 0.000116

0.034653 0.000136

0.032093 0.000104

0.031968 0.000133

0.034645 0.000104

0.033972 0.000153

0.034615 0.000186

0.032112 0.00012

0.034753 0.000151

0.033427 0.000189

0.034809 0.000243

0.032881 8.8e-05

0.033133 8.2e-05

0.034654 0.000153

0.032253 0.000172

0.032282 0.000157

0.034597 0.000178

0.032235 9.9e-05

0.034719 8.7e-05

0.032845 0.000167

0.034646 0.00014

0.032156 0.000151

0.032108 0.000123

0.034945 0.000138

0.034759 9.5e-05

0.032145 7.4e-05

0.034648 9.2e-05

0.031512 0.000114

0.034881 0.000151

0.033132 0.000101

0.032965 0.000148

0.032419 0.000216

0.033 8e-05

0.034841 0.000231

0.032191 0.000163

0.034615 0.000108

0.03469 0.000202

0.034657 7.7e-05

0.034792 9e-05

0.032161 0.000223

0.034699 0.000183

0.032248 0.000126

0.033495 0.00012

0.032255 7.1e-05

0.034599 0.000184

0.033111 0.000112

0.032818 0.000246

0.032192 0.000106

0.032859 0.000135

0.032982 0.000178

0.032364 0.000203

0.034805 0.000287

0.040035 0.000122

0.032146 9.9e-05

0.034788 0.000153

0.034767 0.000163

0.035244 9.4e-05

0.033054 0.000121

0.034541 0.000155

0.034805 0.000178

0.034788 0.000126

0.034696 0.000146

0.034709 0.000191

0.034715 0.000243

0.034292 0.00019

0.032961 0.000131

0.032202 0.000117

0.034731 0.000358

0.032384 8.8e-05

0.034644 0.000119

0.035306 0.000149

0.034774 0.000147

0.034805 0.000137

0.034698 0.000192

0.032227 0.000165

0.034703 0.000162

0.034678 0.000174

0.034892 0.000127

0.03457 0.000151

0.034886 0.000131

0.034748 0.000183

0.034659 0.000165

0.034812 0.000224

0.035785 9.1e-05

0.035149 0.00018

0.032439 0.000192

0.034539 0.000195

0.034799 0.000122

0.032322 7.1e-05

0.034806 0.000149

0.032109 0.000131

0.034311 0.000141

0.032073 0.000174

0.032818 9.3e-05

0.034825 9.4e-05

0.032122 0.000124

0.034776 0.000133

0.034648 0.00017

0.035367 0.000107

0.032206 0.00026

0.03482 0.00024

0.033043 0.000147

0.033027 9.8e-05

0.034544 8.1e-05

0.034613 0.000214

0.033329 0.000152

0.033294 0.000139

0.032325 0.000123

0.033461 0.000208

0.032115 0.00018

0.032831 7.3e-05

0.03509 0.000131

0.032874 0.000176

0.034673 0.000149

0.034844 0.000164

0.034986 9.6e-05

0.034632 0.000144

0.032078 0.000165

0.034612 0.000122

0.034665 0.000103

0.032057 8.9e-05

0.033175 9.4e-05

0.034928 0.000126

0.032152 0.000111

0.034611 0.000104

0.032127 9e-05

0.035245 0.000166

0.034889 0.0001

0.034681 0.000139

0.034702 0.00012

0.032894 0.000137

0.033253 0.000146

0.034636 0.000186

0.034605 0.000196

0.034584 0.000157

0.033117 0.000106

0.032178 7.9e-05

0.034659 0.000135

0.034791 0.000127

0.032118 7.4e-05

0.032163 0.000162

0.032164 0.000156

0.034754 0.000136

0.034712 0.000186

0.032172 0.000223

0.03392 9.2e-05

0.034769 0.000203

0.034645 0.000176

0.032174 0.000106

0.032521 0.000141

0.032264 0.000114

0.032023 0.000193

0.034664 0.000199

0.03206 0.000116

0.034709 0.000118

0.032272 9e-05

0.03477 9.1e-05

0.034551 0.000127

0.03537 0.000201

0.035082 0.000119

0.034864 0.000139

0.032117 0.000156

0.034805 0.000222

0.034629 0.000209

0.03478 0.00014

0.034576 8.7e-05

0.034681 0.000107

0.034575 0.000143

0.032913 0.000174

0.032255 8.8e-05

0.032178 0.000181

0.032192 0.000109

0.034594 0.000142

0.032491 0.000169

0.034619 0.000114

0.034832 0.000133

0.034772 0.000138

0.033066 0.000155

0.03258 9.9e-05

0.034639 0.00017

0.032126 0.000116

0.032094 0.000132

0.034686 9e-05

0.034644 9.7e-05

0.033066 0.000195

0.034626 0.000109

0.034687 0.000114

0.033047 8.4e-05

0.034787 9.4e-05

0.032949 0.000165

0.03487 0.000135

0.032834 0.000112

0.034093 0.000146

0.033273 0.000207

0.034645 0.000177

0.032186 0.000156

0.034583 0.000123

0.032201 0.000107

0.032982 0.000108

0.034643 9.8e-05

0.034659 0.000141

0.033056 0.000178

0.034795 0.000185

0.034634 0.000143

0.03299 8.8e-05

0.033567 0.000134

0.035131 8.1e-05

0.03333 0.000202

0.032081 0.000173

0.034813 0.000146

0.034709 0.000191

0.034794 0.000133

0.034617 0.000167

0.034625 0.000138

0.032042 7.6e-05

0.032968 0.000174

0.034734 0.000147

0.032175 0.000153

0.032987 0.000229

0.034676 0.000102

0.035152 0.000123

0.032317 0.000144

0.03464 0.000117

0.0347 0.000168

0.032189 0.00017

0.033362 0.000174

0.034688 0.000106

0.032191 0.000211

0.032186 0.000118

0.033073 0.000167

0.032215 0.000104

0.032178 0.000147

0.0329 0.000113

0.034717 0.000219

0.033617 0.000117

0.032242 0.000108

0.034681 0.000115

0.034706 0.000149

0.034575 0.000202

0.032653 0.00018

0.034797 0.000225

0.03477 0.000125

0.0347 0.00015

0.032239 0.00014

0.034846 0.000112

0.034684 9.8e-05

0.032961 0.000232

0.034572 0.000171

0.034729 9.7e-05

0.034729 0.000229

0.03468 9.8e-05

0.034653 0.000132

0.033644 0.000148

0.033146 0.000102

0.034636 0.000113

0.034578 0.000109

0.034684 0.000136

0.032971 0.000165

0.033019 0.000152

0.034642 0.000118

0.034624 0.00013

0.034674 0.000116

0.034641 0.000219

0.034727 0.000123

0.034828 0.000205

0.034713 8.2e-05

0.03205 0.000133

0.033491 0.000139

0.034663 0.000105

0.03484 0.000197

0.032551 0.000126

0.034688 0.00019

0.034907 0.00012

0.032051 0.00013

0.033065 0.000125

0.032144 0.000178

0.032388 0.000194

0.034825 0.000156

0.03459 0.000162

0.034572 0.000151

0.035237 0.000142

0.035059 0.000185

0.032135 0.000173

0.034697 0.00018

0.033392 0.000214

0.032181 0.000142

0.033118 0.000151

0.032086 0.000186

0.032291 0.00013

0.032196 0.000196

0.032311 0.000138

0.034934 0.000126

0.032242 0.000146

0.032993 0.000146

0.034594 0.000171

0.03227 0.000166

0.032355 0.000106

0.03301 0.000149

0.03293 0.000128

0.034962 0.000126

0.032636 8.9e-05

0.032125 9.6e-05

0.032228 0.000144

0.033988 0.000203

0.032077 0.000134

0.032549 0.000151

0.034608 0.000193

0.032148 0.000157

0.032081 0.000187

0.032103 9.6e-05

0.032223 0.000124

0.034681 0.000133

0.034721 0.000161

0.034736 0.000209

0.034792 0.000243

0.034947 0.000114

0.034663 0.000189

0.032976 9.3e-05

0.035036 0.000142

0.035612 0.00019

0.034695 0.00012

0.032101 0.000213

0.032112 0.000112

0.034541 0.000146

0.032622 0.000136

0.034585 0.000103

0.034696 0.000152

0.034676 0.000154

0.03478 0.000147

0.033131 8.4e-05

0.034645 0.000158

0.032997 0.000134

0.03289 8.7e-05

0.035007 0.000136

0.032157 0.000107

0.03244 9.8e-05

0.033178 0.000113

0.034654 0.000155

0.034966 0.00012

0.03203 0.000122

0.034712 0.000119

0.034654 0.000209

0.033166 0.000146

0.03491 0.00019

0.034703 0.000101

0.034602 0.000239

0.035208 0.000156

0.032197 0.00015

0.032527 0.000117

0.034715 8.4e-05

0.032413 7.6e-05

0.033583 0.000106

0.035321 9.4e-05

0.03478 0.000151

0.034661 0.000123

0.032506 0.000242

0.032174 0.000154

0.034856 0.00012

0.034688 8.8e-05

0.033031 0.000145

0.032153 0.000132

0.034621 0.000129

0.0348 0.000102

0.035031 0.000162

0.034789 0.000159

0.032093 8.4e-05

0.03627 0.000151

0.034741 0.000104

0.034748 0.000232

0.034601 0.000225

0.034717 0.000203

0.032712 0.00015

0.032938 0.000155

0.034589 0.000105

0.035382 0.000142

0.032197 6.3e-05

0.034594 0.000185

0.036971 0.000176

0.034894 0.000202

0.034735 0.00014

0.035712 0.000144

0.034612 0.000179

0.032055 0.000131

0.032141 9.4e-05

0.034852 9.2e-05

0.032306 9.8e-05

0.032115 0.00012

0.034657 0.000157

0.032177 0.000137

0.034794 9.8e-05

0.033156 0.000159

0.034689 7.3e-05

0.032906 0.000146

0.034937 0.000195

0.035548 0.000112

0.035197 0.00012

0.034886 0.000157

0.033015 0.000121

0.032151 0.000108

0.033295 9.3e-05

0.032125 0.000123

0.034569 0.000186

0.032202 0.000113

0.034773 0.000138

0.032224 0.000229

0.034645 0.000193

0.034698 0.000132

0.032326 0.000129

0.035231 0.00021

0.03207 0.000157

0.034849 0.000146

0.034906 0.000103

0.034683 0.000122

0.032399 0.000156

0.034535 0.000118

0.032221 0.000139

0.034696 0.000118

0.033048 0.000126

0.032417 0.000172

0.032193 0.000198

0.034667 0.000231

0.033559 9.4e-05

0.032163 0.000105

0.03475 0.000148

0.034689 0.000121

0.034722 0.000155

0.032062 0.000135

0.031733 0.00016

0.032122 0.000123

0.032379 0.000189

0.034788 0.000132

0.032846 0.00015

0.032417 0.000139

