0.008234 0.011174

0.008051 0.004848

0.008262 0.003582

0.008206 0.010337

0.009081 0.007769

0.009268 0.008706

0.008449 0.009178

0.009698 0.019122

0.008883 0.006872

0.008546 0.011204

0.008117 0.01247

0.008049 0.00684

0.008893 0.01794

0.008197 0.008431

0.008173 0.013805

0.008662 0.012189

0.009017 0.010953

0.008692 0.01231

0.008483 0.014253

0.008455 0.012676

0.00866 0.008887

0.008574 0.010084

0.008612 0.013279

0.008737 0.007383

0.008472 0.007526

0.008105 0.008919

0.008004 0.014139

0.009171 0.012371

0.007951 0.007105

0.008275 0.023801

0.008469 0.014527

0.00837 0.008043

0.008087 0.011843

0.008745 0.012441

0.00814 0.011936

0.008809 0.013444

0.008474 0.007612

0.008593 0.012132

0.00922 0.024545

0.009586 0.013834

0.008699 0.011229

0.008607 0.008293

0.008499 0.006757

0.008382 0.005959

0.010008 0.007011

0.008505 0.007297

0.008605 0.012165

0.008603 0.008861

0.009325 0.012926

0.008149 0.025202

0.008639 0.008751

0.008254 0.006169

0.009322 0.01116

0.009012 0.012517

0.008836 0.010143

0.008827 0.016944

0.008532 0.009726

0.008572 0.008297

0.008406 0.006759

0.010037 0.010436

0.008746 0.0117

0.008507 0.014324

0.009992 0.00965

0.008641 0.010693

0.008437 0.005771

0.009505 0.012654

0.008515 0.005675

0.009305 0.020639

0.008735 0.010395

0.008166 0.009228

0.008472 0.012276

0.008394 0.015225

0.008293 0.007268

0.008117 0.013646

0.008118 0.018853

0.008465 0.004654

0.008551 0.013163

0.008521 0.006102

0.008453 0.00486

0.008469 0.012929

0.008666 0.010473

0.008247 0.015865

0.007911 0.008905

0.008173 0.011342

0.009224 0.007567

0.008163 0.013148

0.009184 0.00713

0.008572 0.010966

0.008676 0.009851

0.00856 0.013614

0.007986 0.006477

0.008261 0.004343

0.008293 0.014596

0.007992 0.012565

0.008308 0.011553

0.008247 0.008307

0.008834 0.00931

0.008367 0.010048

0.008573 0.004231

0.008541 0.006621

0.008105 0.016119

0.008484 0.007718

0.008474 0.012924

0.008483 0.009732

0.008457 0.005799

0.008262 0.009872

0.008326 0.011976

0.007895 0.017461

0.008258 0.009002

0.008422 0.009546

0.008511 0.004865

0.008498 0.0094

0.00823 0.007012

0.008065 0.012974

0.008412 0.013984

0.008686 0.008163

0.008499 0.010909

0.009063 0.010038

0.00819 0.016885

0.008311 0.006737

0.008219 0.011353

0.007911 0.005848

0.008498 0.005772

0.008263 0.014811

0.008224 0.009079

0.00796 0.014652

0.008319 0.009416

0.008206 0.004103

0.007924 0.004836

0.008519 0.010843

0.008539 0.009626

0.008293 0.009057

0.008363 0.007103

0.008248 0.004756

0.008216 0.006759

0.008066 0.008087

0.008477 0.008294

0.008486 0.010033

0.00846 0.021201

0.009063 0.007831

0.008415 0.011835

0.008393 0.007332

0.008352 0.009517

0.008641 0.007706

0.008335 0.008257

0.008042 0.005403

0.007996 0.003916

0.008035 0.007711

0.007946 0.003939

0.00826 0.004492

0.008311 0.006641

0.007922 0.009815

0.008433 0.005777

0.008237 0.010476

0.008161 0.012882

0.00835 0.003933

0.007955 0.005235

0.008409 0.011566

0.007885 0.016859

0.008699 0.007536

0.007944 0.011098

0.007893 0.014253

0.0082 0.007605

0.007985 0.010269

0.008302 0.005805

0.007979 0.011594

0.008953 0.009904

0.008245 0.005138

0.0079 0.013023

0.00826 0.013549

0.008094 0.008616

0.008491 0.020655

0.008225 0.004841

0.008651 0.009016

0.008619 0.013218

0.008553 0.006216

0.008458 0.008934

0.008573 0.007188

0.008369 0.009487

0.008153 0.009398

0.008529 0.012737

0.00915 0.006097

0.008161 0.009805

0.008345 0.00827

0.00942 0.012579

0.009016 0.019923

0.009174 0.009715

0.008739 0.007128

0.008491 0.007196

0.008513 0.009137

0.008395 0.008251

0.00839 0.011642

0.008576 0.013468

0.008072 0.011464

0.008243 0.018382

0.008463 0.010223

0.00839 0.010082

0.008521 0.014074

0.008429 0.004248

0.00844 0.008404

0.007944 0.009323

0.008907 0.012021

0.008277 0.007855

0.008222 0.007104

0.008066 0.004489

0.008458 0.00996

0.008605 0.003761

0.008574 0.005909

0.00847 0.01198

0.008095 0.01155

0.008038 0.005708

0.008004 0.008534

0.007915 0.015858

0.007961 0.008911

0.007958 0.005172

0.008361 0.005497

0.008322 0.008901

0.008292 0.012677

0.008267 0.003748

0.008236 0.0066

0.008226 0.006698

0.007907 0.009002

0.007984 0.008699

0.009551 0.004432

0.008322 0.003565

0.008329 0.012016

0.007925 0.007885

0.008355 0.011748

0.008233 0.007232

0.008078 0.009332

0.008669 0.00979

0.008132 0.00618

0.008666 0.012669

0.008804 0.011033

0.008504 0.015543

0.008756 0.007861

0.008512 0.008387

0.008302 0.011804

0.008325 0.008016

0.007931 0.012973

0.008225 0.004662

0.008013 0.007565

0.007962 0.003705

0.007948 0.00535

0.009003 0.014355

0.007884 0.007488

0.007939 0.005894

0.007919 0.008657

0.00791 0.01584

0.008196 0.007401

0.008222 0.012894

0.008252 0.010023

0.008475 0.014536

0.008299 0.01071

0.008751 0.010826

0.008001 0.004807

0.007865 0.006286

0.007919 0.010723

0.008047 0.007291

0.008288 0.009612

0.007863 0.007598

0.008935 0.003704

0.008323 0.010567

0.008479 0.013597

0.008331 0.014986

0.008202 0.008993

0.008329 0.014053

0.008255 0.004504

0.008379 0.008353

0.008152 0.010816

0.008682 0.008961

0.008679 0.007373

0.008795 0.009663

0.008122 0.005656

0.008073 0.014276

0.008182 0.004104

0.008344 0.007794

0.008361 0.010077

0.008256 0.007475

0.008204 0.003373

0.008222 0.007226

0.008556 0.016032

0.007985 0.015762

0.007981 0.006405

0.007899 0.006932

0.008367 0.010477

0.008221 0.010573

0.008226 0.0065

0.00831 0.009627

0.007898 0.008086

0.007985 0.013312

0.008546 0.009745

0.008374 0.006305

0.007951 0.013596

0.00806 0.009176

0.008427 0.008062

0.008429 0.009627

0.008302 0.006283

0.008488 0.017091

0.008484 0.005012

0.008506 0.003705

0.008267 0.008203

0.008007 0.007463

0.008696 0.003663

0.008157 0.010486

0.008628 0.006232

0.008727 0.007701

0.008298 0.00742

0.008467 0.009905

0.008143 0.013307

0.008238 0.006782

0.008505 0.010168

0.008331 0.006539

0.008931 0.021467

0.008767 0.011789

0.008399 0.007249

0.008218 0.006853

0.008607 0.013646

0.00833 0.007089

0.008081 0.021612

0.009304 0.007406

0.008588 0.008869

0.008541 0.012903

0.008585 0.004911

0.008325 0.010574

0.008439 0.013943

0.008635 0.005376

0.008643 0.009891

0.00844 0.009689

0.008389 0.004701

0.007959 0.005332

0.008309 0.012352

0.008261 0.00678

0.008141 0.005661

0.008431 0.009556

0.008697 0.017784

0.008103 0.004965

0.009062 0.008646

0.008862 0.008721

0.008701 0.010172

0.008551 0.006927

0.00841 0.007122

0.008313 0.00759

0.00815 0.006396

0.008314 0.004432

0.00863 0.008542

0.008378 0.005196

0.009146 0.01793

0.008439 0.008161

0.008474 0.012506

0.008052 0.012324

0.00826 0.00681

0.008424 0.012322

0.008399 0.01089

0.008138 0.007926

0.00911 0.006485

0.008342 0.008053

0.008406 0.007654

0.009099 0.008619

0.008485 0.006316

0.008455 0.009205

0.00808 0.014775

0.008301 0.009207

0.008268 0.010993

0.008376 0.010463

0.008024 0.010784

0.008535 0.004547

0.007984 0.008367

0.008609 0.003876

0.008216 0.009233

0.008305 0.011611

0.009114 0.013258

0.008529 0.008976

0.008421 0.004568

0.008338 0.006176

0.008262 0.024002

0.008482 0.007322

0.008181 0.009716

0.008203 0.013157

0.008252 0.007881

0.008814 0.008115

0.008122 0.010449

0.008578 0.007097

0.008867 0.004677

0.008579 0.015388

0.008317 0.007066

0.008298 0.007643

0.008362 0.00837

0.008201 0.007898

0.008452 0.006031

0.009092 0.004763

0.008259 0.007629

0.008483 0.006167

0.008238 0.006588

0.00863 0.011541

0.008206 0.008585

0.008451 0.006235

0.008337 0.009425

0.008373 0.015039

0.008493 0.00629

0.008661 0.005037

0.008441 0.007202

0.008419 0.00882

0.008362 0.004963

0.008377 0.009153

0.00853 0.011503

0.008406 0.004594

0.008165 0.011988

0.008483 0.009279

0.008533 0.00692

0.00842 0.006365

0.007945 0.009554

0.008298 0.01019

0.007904 0.008324

0.008352 0.012142

0.007868 0.00425

0.007943 0.008597

0.00835 0.00893

0.008292 0.007951

0.007927 0.004689

0.008615 0.006472

0.008395 0.010927

0.00858 0.009372

0.008281 0.012689

0.008518 0.010042

0.008423 0.004257

0.008215 0.010815

0.008187 0.007383

0.008354 0.004335

0.007893 0.004706

0.008712 0.007464

0.008767 0.01117

0.008689 0.007916

0.008539 0.011597

0.008172 0.020352

0.008494 0.0102

0.008701 0.006197

0.008595 0.012555

0.008681 0.007626

0.008196 0.008168

0.008113 0.005134

0.008171 0.006483

0.008118 0.008598

0.008555 0.010614

0.008074 0.00867

0.008131 0.010296

0.008455 0.007971

0.008521 0.008668

0.008503 0.007324

0.008523 0.010993

0.008486 0.009868

0.008474 0.00697

0.00809 0.007421

0.008453 0.010557

0.008883 0.008394

0.008243 0.004533

0.008519 0.014443

0.009278 0.013778

0.008621 0.009051

0.008226 0.006019

0.00811 0.009243

0.008881 0.010789

0.008587 0.011686

0.008587 0.013205

0.007993 0.008045

0.007902 0.008964

0.008282 0.004617

0.008603 0.010024

0.009085 0.008567

0.008822 0.008062

0.008458 0.013882

0.008622 0.00865

0.009582 0.011335

0.008708 0.01178

0.008467 0.008179

0.008367 0.013656

0.008488 0.008384

0.008438 0.013465

0.008181 0.005404

0.008103 0.008184

0.008399 0.004724

0.008178 0.011113

0.008418 0.014995

0.008202 0.005116

0.008569 0.007875

0.008416 0.008333

0.0082 0.012137

0.008362 0.015078

0.008224 0.00812

0.008438 0.004899

0.008497 0.011703

0.008394 0.012105

0.008237 0.012612

0.008509 0.006962

0.008129 0.009491

0.008486 0.011542

0.008104 0.008253

0.008369 0.008027

0.008365 0.008756

0.008057 0.008403

0.007963 0.004101

0.008341 0.008129

0.008402 0.004505

0.009038 0.009129

0.008399 0.007656

0.008398 0.006871

0.008383 0.005495

0.008617 0.006773

0.008128 0.005892

0.008462 0.00602

0.008436 0.008038

0.008455 0.007206

0.00841 0.007054

0.008573 0.00908

0.009101 0.005768

0.009153 0.008232

0.00843 0.008237

0.008584 0.006881

0.008101 0.009981

0.008272 0.007814

0.007952 0.003799

0.008258 0.011746

0.008459 0.006019

0.008204 0.013918

0.007949 0.008423

0.007877 0.007982

0.008306 0.004256

0.007916 0.007733

0.008871 0.007942

0.008084 0.007773

0.008103 0.007185

0.008505 0.015638

0.009174 0.006559

0.008144 0.007264

0.008469 0.00953

0.008459 0.011124

0.008532 0.007818

0.008236 0.013839

0.008126 0.00857

0.008238 0.009416

0.008433 0.004741

0.008105 0.011301

0.008516 0.012265

0.008605 0.008666

0.008435 0.006144

0.008468 0.005648

0.008378 0.011935

0.007937 0.010087

0.008233 0.007982

0.008536 0.006849

0.009161 0.007861

0.009305 0.018419

0.008102 0.008609

0.008423 0.012173

0.00913 0.016226

0.008114 0.011641

0.008143 0.006578

0.008538 0.008392

0.008367 0.008874

0.008035 0.008965

0.008104 0.007593

0.008509 0.009365

0.008122 0.004386

0.008007 0.00842

0.008212 0.013214

0.008079 0.009794

0.008075 0.003683

0.008349 0.010427

0.00839 0.009445

0.008723 0.004278

0.008524 0.014793

0.008035 0.004487

0.008091 0.01114

0.008315 0.008239

0.008499 0.010574

0.008346 0.003533

0.008098 0.013037

0.008298 0.007928

0.008294 0.017737

0.0084 0.007624

0.00824 0.011858

0.007895 0.010076

0.008288 0.012682

0.008044 0.003741

0.008888 0.011032

0.007911 0.012538

0.007872 0.010663

0.007942 0.013371

0.007924 0.0076

0.008237 0.004465

0.008276 0.007313

0.008489 0.004356

0.00855 0.014282

0.008005 0.007929

0.007927 0.006314

0.007898 0.010599

0.007867 0.023037

0.008962 0.008602

0.008256 0.008661

0.008294 0.015035

0.008413 0.007798

0.008929 0.009743

0.007958 0.006969

0.008405 0.016317

0.008363 0.011659

0.008309 0.006824

0.007931 0.011332

0.008327 0.014832

0.008171 0.00954

0.008165 0.008227

0.008442 0.011773

0.008033 0.0126

0.008445 0.013688

0.008143 0.010836

0.00852 0.008453

0.008122 0.007224

0.008449 0.005121

0.008378 0.004742

0.008472 0.005278

0.008147 0.005477

0.007974 0.009939

0.008835 0.005417

0.008403 0.009665

0.00809 0.004403

0.007982 0.004678

0.008441 0.006463

0.008396 0.008331

0.008586 0.019003

0.008264 0.011098

0.008263 0.010665

0.008277 0.01433

0.008272 0.005712

0.007901 0.010424

0.008252 0.013828

0.008003 0.009848

0.008689 0.012423

0.008029 0.00717

0.009072 0.009655

0.008489 0.012096

0.009581 0.010787

0.008575 0.005119

0.009359 0.017361

0.009019 0.016447

0.00852 0.009785

0.0091 0.022756

0.008392 0.007559

0.008514 0.012134

0.008047 0.007805

0.008043 0.012837

0.008091 0.012223

0.008092 0.00683

0.008662 0.011896

0.008491 0.00866

0.008233 0.006403

0.008211 0.007955

0.008309 0.012898

0.008261 0.006951

0.007898 0.007478

0.00849 0.010015

0.008479 0.00897

0.008599 0.008416

0.008206 0.015023

0.00864 0.008378

0.008586 0.008697

0.008074 0.006296

0.008328 0.010292

0.008327 0.010163

0.008532 0.008033

0.008036 0.013112

0.007944 0.007997

0.007911 0.00941

0.008877 0.005448

0.007892 0.013071

0.008212 0.011665

0.00787 0.008029

0.008515 0.007089

0.007989 0.008024

0.008608 0.009176

0.008398 0.010219

0.00888 0.003142

0.008901 0.010807

0.008761 0.009888

0.008516 0.007898

0.008578 0.012277

0.007982 0.008106

0.007952 0.00813

0.008279 0.007957

0.007934 0.011711

0.007922 0.01253

0.008242 0.009918

0.008422 0.006344

0.008568 0.009064

0.008399 0.003949

0.008437 0.009096

0.008657 0.006349

0.008255 0.008342

0.008371 0.006347

0.008227 0.003935

0.008197 0.007863

0.008328 0.004024

0.008054 0.004366

0.008465 0.00404

0.008099 0.008498

0.008071 0.019994

0.008053 0.014142

0.008492 0.010518

0.008035 0.00764

0.008557 0.004102

0.008597 0.010727

0.008584 0.011025

0.008243 0.006694

0.008395 0.016471

0.008395 0.007372

0.008549 0.013093

0.008318 0.012552

0.008413 0.004694

0.008836 0.012697

0.00859 0.007888

0.008198 0.007312

0.008238 0.005344

0.00858 0.007578

0.009276 0.015841

0.009106 0.010549

0.008349 0.007318

0.008385 0.008891

0.008662 0.017268

0.008117 0.004289

0.008125 0.00569

0.008072 0.009544

0.008505 0.009536

0.008236 0.005173

0.008163 0.009813

0.008254 0.007157

0.008343 0.008605

0.008151 0.009108

0.00828 0.017941

0.008913 0.007749

0.008306 0.010893

0.008319 0.008157

0.008404 0.010582

0.00848 0.007654

0.008053 0.012617

0.008452 0.011994

0.008449 0.005105

0.008596 0.009486

0.008256 0.009071

0.008001 0.007464

0.008244 0.004013

0.008253 0.011325

0.008243 0.00868

0.008931 0.003975

0.008204 0.010186

0.007917 0.007004

0.007899 0.011535

0.007921 0.007735

0.008204 0.005411

0.007927 0.01141

0.008217 0.005222

0.008346 0.004703

0.008678 0.006063

0.008481 0.010649

0.008132 0.007541

0.008154 0.014512

0.008489 0.013854

0.008586 0.007891

0.0083 0.012191

0.00846 0.006238

0.008321 0.006368

0.008324 0.005134

0.008309 0.004557

0.00851 0.011787

0.008682 0.006396

0.008447 0.005168

0.008107 0.004944

0.008108 0.008905

0.008184 0.011819

0.008432 0.008885

0.008073 0.010344

0.008038 0.015317

0.008574 0.004628

0.008397 0.015276

0.008501 0.006505

0.009085 0.004957

0.008323 0.007194

0.008474 0.01376

0.008101 0.008964

0.008072 0.008197

0.008506 0.010871

0.008907 0.010172

0.008064 0.007625

0.008089 0.006641

0.008051 0.00587

0.008349 0.01367

0.007899 0.009552

0.007919 0.011885

0.00789 0.005917

0.008234 0.00827

0.007898 0.006611

0.008425 0.012511

0.008468 0.007535

0.008296 0.006694

0.007919 0.007802

0.008021 0.008401

0.008202 0.012292

0.008179 0.010044

0.008269 0.011137

0.008271 0.014478

0.008195 0.01299

0.008422 0.010056

0.008014 0.009996

0.008047 0.013404

0.007926 0.009227

0.007947 0.008901

0.008443 0.008826

0.00838 0.009579

0.008662 0.008536

0.008327 0.014963

0.008264 0.013927

0.007873 0.004923

0.009301 0.009706

0.008471 0.007685

0.008497 0.004737

0.008453 0.009691

0.009107 0.006449

0.008593 0.011195

0.008071 0.018091

0.009239 0.011503

0.007977 0.007524

0.008029 0.008595

0.008001 0.007423

0.008459 0.013319

0.008437 0.005106

0.007952 0.006507

0.00838 0.00807

0.00857 0.006171

0.008423 0.008317

0.008502 0.011509

0.00809 0.003285

0.008375 0.007711

0.008285 0.008869

0.008339 0.00782

0.008211 0.010017

0.008167 0.005999

0.007893 0.007125

0.008276 0.012839

0.00828 0.011143

0.007904 0.007347

0.008316 0.006217

0.00843 0.008317

0.007851 0.005217

0.008459 0.006881

0.008444 0.01021

0.008411 0.010159

0.008014 0.006794

0.00822 0.006947

0.008706 0.00509

0.009392 0.013148

0.008507 0.008067

0.008335 0.010742

0.007927 0.007917

0.008198 0.01205

0.008163 0.018353

0.007956 0.00719

0.007888 0.008752

0.008535 0.005946

0.008412 0.006985

0.00851 0.008494

0.008115 0.009115

0.008017 0.00749

0.009028 0.00772

0.008428 0.00977

0.009105 0.009367

0.00801 0.011701

0.008353 0.004475

0.008443 0.009887

0.008315 0.016852

0.008026 0.009091

0.008266 0.005396

0.008426 0.006911

0.008437 0.012717

0.008029 0.007563

0.008283 0.012122

0.008264 0.00672

0.007935 0.004016

0.008133 0.009602

0.009332 0.013498

0.008429 0.012207

0.008111 0.009399

0.009027 0.011597

0.008626 0.014469

0.009449 0.0177

0.010342 0.011786

0.00851 0.004032

0.008619 0.00925

0.008354 0.01197

0.008164 0.007974

0.00836 0.004062

0.008654 0.004426

0.008222 0.010952

0.00867 0.008656

0.008137 0.005592

0.00844 0.004485

0.00798 0.007776

0.008503 0.011159

0.008295 0.009463

0.00798 0.012756

0.008386 0.008963

0.008098 0.010382

0.008091 0.008866

0.008832 0.00737

0.008529 0.010239

0.008163 0.007904

0.008659 0.007571

0.009174 0.011635

0.008421 0.012769

0.008078 0.009414

0.009748 0.016523

0.009977 0.01219

0.008875 0.006368

0.010374 0.023408

0.009713 0.018281

0.008909 0.010626

0.009045 0.009239

0.008123 0.004665

0.008953 0.009248

0.010441 0.00973

0.010206 0.023265

0.008485 0.006516

0.009293 0.006839

0.009175 0.00585

0.008601 0.013544

0.008872 0.013595

0.008971 0.009534

0.011384 0.007085

0.008974 0.011098

0.009368 0.012605

0.009235 0.015467

0.009045 0.008491

0.009002 0.008603

0.008765 0.008392

0.008518 0.011149

0.008452 0.013966

0.008425 0.015691

0.008561 0.017494

0.008857 0.006652

0.008793 0.018169

0.00871 0.005898

0.008793 0.009993

0.008588 0.011237

0.008118 0.018554

0.008983 0.027421

0.008471 0.012942

0.009035 0.023904

0.008681 0.009246

0.008735 0.016321

0.009063 0.006844

0.008989 0.022565

0.010495 0.00743

0.008137 0.014529

0.008445 0.008115

0.010241 0.010826

0.008642 0.014288

0.008533 0.013333

0.008607 0.016137

0.008532 0.007304

0.008792 0.006774

0.008418 0.010146

0.008093 0.015658

0.008037 0.007288

0.008083 0.006202

0.008172 0.010389

0.007873 0.010856

0.008284 0.008953

0.008083 0.003662

0.008162 0.007073

0.008418 0.011045

0.00821 0.013601

0.008089 0.011654

0.008442 0.006294

0.008605 0.004865

0.008427 0.00706

0.007986 0.009786

0.007863 0.007725

0.009078 0.005686

0.008005 0.006823

0.00799 0.012018

0.00833 0.006503

0.008109 0.008234

0.008235 0.006611

0.008033 0.010726

0.008125 0.019009

0.008897 0.013361

0.008405 0.008856

0.008781 0.010984

0.009709 0.006387

0.008122 0.007623

0.00845 0.014862

0.00853 0.004255

0.008533 0.012541

0.008682 0.009488

