0.014742 0.009938

0.015837 0.010784

0.014942 0.015475

0.01469 0.00601

0.015056 0.011292

0.014713 0.007603

0.01484 0.01011

0.014041 0.011411

0.014929 0.005884

0.01418 0.012491

0.014133 0.008007

0.015734 0.015274

0.014661 0.015204

0.014787 0.010004

0.015756 0.008352

0.014662 0.007956

0.014629 0.009871

0.016146 0.007363

0.014138 0.008082

0.014643 0.008239

0.014068 0.009921

0.01461 0.012596

0.014917 0.010235

0.014057 0.012183

0.014614 0.007787

0.015832 0.009157

0.014614 0.005968

0.014645 0.009623

0.013977 0.011124

0.014675 0.011024

0.015196 0.01196

0.014666 0.004909

0.014031 0.009037

0.014607 0.004266

0.015134 0.00558

0.014743 0.009958

0.01399 0.00927

0.014642 0.004907

0.014723 0.007911

0.014038 0.010362

0.014668 0.009742

0.015818 0.010686

0.015881 0.012614

0.014601 0.011022

0.014681 0.011592

0.01464 0.019236

0.014625 0.010166

0.014695 0.008754

0.014732 0.007327

0.014707 0.007402

0.014083 0.007083

0.014746 0.016966

0.015876 0.013556

0.014073 0.013101

0.014665 0.012943

0.014636 0.008635

0.014721 0.007351

0.014638 0.008965

0.015787 0.008729

0.014628 0.006561

0.015826 0.011575

0.015784 0.006743

0.015502 0.010587

0.014799 0.012765

0.015968 0.017277

0.0146 0.007789

0.014617 0.013205

0.015198 0.00782

0.014611 0.003598

0.014046 0.012262

0.015033 0.010102

0.014707 0.009722

0.014721 0.008298

0.014632 0.009397

0.014015 0.009543

0.014978 0.007676

0.014598 0.007327

0.015932 0.005032

0.01421 0.019788

0.014605 0.006115

0.015798 0.012195

0.014616 0.007145

0.014054 0.008156

0.014584 0.015202

0.014673 0.011315

0.014622 0.010226

0.014594 0.013643

0.014709 0.008306

0.014743 0.005974

0.014709 0.010999

0.014766 0.009478

0.015745 0.005989

0.014618 0.010501

0.015754 0.011797

0.014867 0.007164

0.015698 0.011084

0.014975 0.009419

0.015803 0.019376

0.015984 0.010091

0.014721 0.006914

0.014723 0.009289

0.015788 0.004245

0.015758 0.010134

0.01576 0.009819

0.015832 0.00784

0.01407 0.010037

0.014758 0.008063

0.014688 0.00451

0.0147 0.009062

0.015007 0.008198

0.014621 0.006809

0.014847 0.009234

0.014589 0.006484

0.015823 0.008956

0.014263 0.013769

0.014773 0.008226

0.014647 0.007941

0.01464 0.01303

0.014785 0.009534

0.014601 0.005533

0.015011 0.017924

0.016083 0.007013

0.015032 0.010481

0.01498 0.009967

0.014087 0.007834

0.014029 0.00817

0.015015 0.0107

0.015782 0.008081

0.014815 0.008873

0.0146 0.020392

0.014651 0.011169

0.014624 0.020525

0.014614 0.006491

0.014708 0.01682

0.014765 0.009893

0.014129 0.011256

0.014773 0.007487

0.014634 0.014252

0.014611 0.016199

0.013991 0.00736

0.015978 0.01051

0.014642 0.009913

0.014637 0.013013

0.014592 0.006172

0.014684 0.006078

0.014135 0.00713

0.015021 0.010274

0.014681 0.009305

0.015957 0.012386

0.014928 0.007126

0.014628 0.009535

0.015058 0.009691

0.015942 0.011148

0.014616 0.009029

0.01463 0.010248

0.014579 0.009566

0.014027 0.007408

0.014524 0.006758

0.015049 0.007963

0.014596 0.005617

0.014826 0.008316

0.01473 0.009932

0.014654 0.007823

0.01521 0.013184

0.014746 0.00845

0.014762 0.012019

0.014708 0.009958

0.014782 0.008323

0.014702 0.007089

0.014726 0.007777

0.014836 0.006015

0.014593 0.009045

0.014642 0.009898

0.015012 0.006855

0.015886 0.004075

0.014214 0.009752

0.014695 0.008952

0.014122 0.013568

0.015751 0.01066

0.015732 0.012148

0.014842 0.005733

0.015868 0.009601

0.014619 0.00751

0.014635 0.00989

0.01463 0.00903

0.014628 0.009014

0.014715 0.013377

0.014854 0.007375

0.014603 0.008218

0.014651 0.007105

0.015817 0.013616

0.015904 0.013482

0.014752 0.014017

0.014687 0.018859

0.015096 0.008106

0.014677 0.006912

0.015815 0.00563

0.015044 0.010896

0.014795 0.010061

0.014373 0.009693

0.014005 0.00803

0.014976 0.007815

0.014269 0.008438

0.014598 0.01705

0.014673 0.006531

0.015809 0.004402

0.015737 0.007282

0.015794 0.016539

0.014766 0.005747

0.015827 0.010786

0.014018 0.007913

0.014628 0.009737

0.014642 0.011695

0.014708 0.009842

0.01463 0.00916

0.01458 0.005832

0.014826 0.007858

0.01576 0.007631

0.015788 0.01117

0.014701 0.004556

0.014353 0.008691

0.014079 0.014296

0.014603 0.007686

0.01468 0.01191

0.014068 0.007678

0.014159 0.011847

0.014631 0.009131

0.014578 0.006193

0.014581 0.011729

0.014581 0.010734

0.014096 0.012764

0.01426 0.014733

0.01573 0.005869

0.014814 0.005813

0.014754 0.006543

0.015001 0.007889

0.015962 0.010371

0.014991 0.009205

0.01587 0.005269

0.014583 0.004623

0.014558 0.004501

0.014089 0.015039

0.014712 0.01043

0.015949 0.014684

0.014653 0.011608

0.01465 0.005854

0.014561 0.007338

0.01461 0.006589

0.014292 0.010188

0.014861 0.010444

0.01499 0.007767

0.014059 0.011742

0.014972 0.012386

0.014682 0.005968

0.014078 0.007848

0.014831 0.006734

0.015784 0.009432

0.014764 0.009794

0.014693 0.019582

0.015056 0.010724

0.014634 0.009165

0.014053 0.004428

0.014767 0.009486

0.014049 0.004371

0.014724 0.013058

0.015111 0.007724

0.014135 0.00564

0.01459 0.009619

0.014694 0.00869

0.014773 0.016146

0.014197 0.009534

0.0147 0.015503

0.014679 0.012518

0.014642 0.012318

0.014614 0.010819

0.015448 0.013065

0.015204 0.014511

0.014738 0.013494

0.014999 0.011739

0.01469 0.009348

0.014974 0.009932

0.015788 0.00885

0.015749 0.008669

0.014252 0.012707

0.01417 0.007115

0.014593 0.010336

0.014064 0.014476

0.014686 0.008084

0.01466 0.01116

0.015746 0.005941

0.015815 0.009308

0.014665 0.006479

0.01464 0.007769

0.014611 0.008318

0.014612 0.011961

0.01471 0.014144

0.01576 0.005496

0.014402 0.005603

0.015806 0.013741

0.014591 0.010698

0.014619 0.011748

0.015891 0.010247

0.01503 0.011907

0.015022 0.011702

0.015044 0.007432

0.014729 0.013141

0.014661 0.006438

0.014676 0.012316

0.01468 0.005818

0.014666 0.012323

0.014754 0.013695

0.015771 0.009068

0.015856 0.009317

0.015743 0.011878

0.014643 0.0086

0.014329 0.012036

0.014066 0.011069

0.014779 0.008128

0.015958 0.008337

0.015011 0.012185

0.015111 0.00838

0.014819 0.011667

0.015932 0.008314

0.014928 0.007663

0.014601 0.00785

0.014653 0.00814

0.014687 0.006546

0.014732 0.00798

0.014637 0.011092

0.014632 0.010761

0.014615 0.014074

0.014641 0.00972

0.014791 0.009238

0.014651 0.009614

0.014758 0.008682

0.014723 0.007889

0.01465 0.005398

0.014717 0.011424

0.014573 0.007743

0.014752 0.011647

0.015797 0.014276

0.014615 0.015282

0.015784 0.009469

0.01474 0.0097

0.014667 0.008096

0.014657 0.008034

0.014963 0.009594

0.014687 0.012785

0.015791 0.008875

0.014616 0.008283

0.014616 0.006969

0.015955 0.013593

0.014632 0.008589

0.014942 0.011942

0.014643 0.008474

0.014733 0.011427

0.014781 0.014183

0.014034 0.011915

0.014697 0.005435

0.015158 0.006892

0.014125 0.010502

0.014645 0.009059

0.014637 0.012166

0.014679 0.004525

0.014274 0.007877

0.014629 0.007832

0.014668 0.007251

0.014631 0.005086

0.014255 0.009716

0.014051 0.009996

0.014371 0.015196

0.014626 0.009532

0.014633 0.014854

0.014632 0.008893

0.014628 0.010171

0.014658 0.00624

0.014743 0.012101

0.015161 0.010945

0.014619 0.005794

0.014602 0.014838

0.014623 0.009789

0.014751 0.013943

0.01467 0.004109

0.014673 0.01495

0.015742 0.011806

0.014686 0.010145

0.014956 0.004103

0.015858 0.006488

0.014679 0.006317

0.014643 0.00938

0.015038 0.008905

0.014596 0.012809

0.014236 0.009216

0.013999 0.008452

0.014639 0.007301

0.014651 0.01969

0.014086 0.009948

0.013968 0.009232

0.015966 0.009845

0.014585 0.009188

0.01585 0.006302

0.014801 0.021662

0.015066 0.006991

0.014134 0.00915

0.015679 0.009392

0.014663 0.006676

0.014735 0.00671

0.014675 0.015743

0.014837 0.010099

0.014039 0.008499

0.014062 0.007457

0.015955 0.005426

0.014597 0.008704

0.014759 0.00723

0.014617 0.010607

0.01482 0.017374

0.014611 0.009029

0.01412 0.006426

0.014741 0.011887

0.014708 0.008199

0.014192 0.007119

0.014658 0.009535

0.015848 0.01217

0.014958 0.005858

0.014651 0.017654

0.014689 0.007629

0.014605 0.010174

0.015155 0.011126

0.014989 0.008975

0.015077 0.011177

0.01498 0.010238

0.014643 0.006938

0.014758 0.008056

0.014785 0.01388

0.014078 0.009573

0.01462 0.009365

0.014773 0.016337

0.014742 0.012915

0.015813 0.012319

0.015019 0.008546

0.015825 0.015387

0.015854 0.008563

0.014576 0.008612

0.014933 0.008898

0.014167 0.009561

0.014851 0.0094

0.014761 0.010526

0.014118 0.010551

0.014697 0.013254

0.014634 0.011858

0.014048 0.014286

0.014589 0.010004

0.014648 0.009013

0.015874 0.008887

0.014671 0.013288

0.015792 0.017665

0.014713 0.009427

0.014655 0.008667

0.014849 0.008742

0.0147 0.014344

0.01472 0.008499

0.01502 0.00709

0.015733 0.010031

0.015852 0.009823

0.015012 0.009593

0.015956 0.012677

0.014832 0.013403

0.014612 0.00951

0.014631 0.010193

0.014719 0.010767

0.01583 0.00803

0.014606 0.009097

0.014576 0.019441

0.014634 0.013696

0.01583 0.007594

0.014751 0.006394

0.014534 0.012295

0.014719 0.013045

0.014694 0.010135

0.014648 0.007993

0.015783 0.008388

0.015215 0.010643

0.01397 0.007959

0.01409 0.006634

0.014983 0.011384

0.015983 0.00699

0.014038 0.013133

0.015888 0.007579

0.014623 0.007782

0.014627 0.006836

0.014646 0.01018

0.014095 0.011113

0.01458 0.011438

0.014656 0.012696

0.015849 0.010876

0.015041 0.009523

0.015048 0.008092

0.014611 0.006541

0.014193 0.007839

0.014675 0.004125

0.014775 0.013573

0.014574 0.00967

0.014807 0.010513

0.014635 0.00997

0.014052 0.011275

0.015758 0.015749

0.015731 0.016601

0.014689 0.008308

0.01575 0.010471

0.014906 0.005169

0.015001 0.006989

0.015113 0.006938

0.015809 0.01149

0.014699 0.006711

0.015778 0.013453

0.014739 0.010036

0.014021 0.013633

0.01466 0.008434

0.014628 0.010421

0.015013 0.005986

0.014101 0.012704

0.0147 0.007885

0.01591 0.006348

0.014732 0.007179

0.015692 0.016716

0.016059 0.015142

0.014772 0.00771

0.014737 0.006671

0.014799 0.007

0.014619 0.008526

0.014727 0.011287

0.014009 0.008517

0.015936 0.007566

0.014648 0.006645

0.014957 0.009308

0.015459 0.008893

0.015064 0.007502

0.015879 0.008293

0.014013 0.008539

0.014994 0.007482

0.014994 0.005791

0.014585 0.012795

0.014124 0.010405

0.014023 0.009972

0.014695 0.00662

0.014076 0.007738

0.014672 0.011133

0.015026 0.007282

0.014998 0.011243

0.01521 0.004377

0.014658 0.008993

0.01457 0.016342

0.015779 0.01013

0.014696 0.014081

0.014642 0.008257

0.014686 0.00964

0.01585 0.009147

0.015745 0.007944

0.014026 0.0072

0.014678 0.007775

0.014036 0.010747

0.014577 0.012736

0.014711 0.00826

0.014051 0.014361

0.014695 0.013906

0.014564 0.016576

0.01422 0.012667

0.016121 0.013522

0.015856 0.006711

0.015216 0.010425

0.0158 0.014889

0.014681 0.012535

0.014828 0.006313

0.014589 0.010616

0.015753 0.01074

0.014685 0.009222

0.014165 0.016173

0.01468 0.013657

0.01586 0.008279

0.014029 0.010901

0.014696 0.01043

0.015773 0.010298

0.014781 0.009504

0.014636 0.009785

0.014058 0.012316

0.014953 0.006901

0.014677 0.013066

0.014636 0.009641

0.015786 0.014564

0.015831 0.006905

0.014606 0.009459

0.015807 0.006398

0.014841 0.012573

0.014613 0.014341

0.014033 0.008361

0.014587 0.010166

0.0158 0.013165

0.014664 0.011504

0.014034 0.012736

0.015842 0.007236

0.014825 0.007961

0.013982 0.007975

0.014999 0.007291

0.015063 0.012673

0.015839 0.008039

0.014967 0.008738

0.015154 0.010538

0.014746 0.011251

0.014685 0.01287

0.015762 0.010408

0.014673 0.019845

0.01599 0.014664

0.015157 0.015164

0.01507 0.009782

0.015781 0.008732

0.014724 0.007815

0.014638 0.010859

0.01493 0.011149

0.014983 0.007982

0.014067 0.009365

0.014665 0.008888

0.014738 0.004143

0.014675 0.005863

0.014024 0.012602

0.014627 0.012305

0.01466 0.008065

0.015806 0.007572

0.014575 0.012776

0.014722 0.013395

0.014652 0.007588

0.01579 0.014524

0.015779 0.010498

0.014782 0.006767

0.01511 0.0045

0.014066 0.008499

0.014573 0.007416

0.015879 0.006807

0.014716 0.004143

0.014689 0.008253

0.01461 0.016551

0.014611 0.008476

0.014599 0.007255

0.014039 0.008455

0.014037 0.005963

0.014699 0.01474

0.014736 0.010095

0.015097 0.015038

0.015001 0.008433

0.014621 0.004848

0.015904 0.010871

0.014981 0.00549

0.015037 0.007638

0.014585 0.023495

0.015133 0.010306

0.01462 0.011464

0.014615 0.012492

0.014697 0.01051

0.014602 0.007088

0.014595 0.011488

0.014766 0.004224

0.015194 0.008464

0.014969 0.01249

0.014647 0.010671

0.015778 0.012867

0.014794 0.00721

0.014606 0.012889

0.014741 0.009295

0.014625 0.011112

0.015898 0.00927

0.015785 0.010178

0.014116 0.016606

0.014737 0.010022

0.014576 0.00873

0.015733 0.009971

0.015117 0.014408

0.014079 0.012981

0.014636 0.010096

0.014757 0.00937

0.015828 0.005834

0.014944 0.01053

0.014596 0.008162

0.014672 0.011432

0.013982 0.006169

0.015884 0.011769

0.014686 0.006622

0.015767 0.009691

0.015177 0.006265

0.014717 0.009036

0.014668 0.010392

0.015814 0.012299

0.014648 0.009641

0.015839 0.005639

0.014683 0.00729

0.015732 0.007411

0.014047 0.018712

0.01477 0.015217

0.014746 0.009527

0.014008 0.005619

0.014648 0.008937

0.013957 0.009549

0.015134 0.00733

0.014635 0.008272

0.014659 0.007668

0.015026 0.007035

0.015797 0.013261

0.013991 0.008709

0.015869 0.007926

0.014626 0.005786

0.014732 0.006684

0.015763 0.010675

0.014596 0.008018

0.015054 0.013585

0.014618 0.005324

0.016039 0.017791

0.013988 0.00828

0.013997 0.012899

0.013955 0.009243

0.015824 0.016538

0.014611 0.006153

0.015739 0.009127

0.014655 0.01105

0.014637 0.012359

0.014682 0.014266

0.014591 0.003721

0.015788 0.009353

0.01582 0.00879

0.014602 0.012693

0.01466 0.005212

0.014791 0.011231

0.014115 0.013112

0.014631 0.009233

0.015042 0.011124

0.014631 0.016132

0.014248 0.008885

0.015708 0.012506

0.014645 0.003996

0.01496 0.008815

0.01485 0.008938

0.014181 0.010812

0.015777 0.006792

0.015774 0.010126

0.014062 0.013147

0.014044 0.012446

0.014694 0.011702

0.014624 0.004697

0.015806 0.0096

0.015872 0.009077

0.014637 0.014638

0.014842 0.009885

0.015808 0.015482

0.014198 0.005853

0.015231 0.008782

0.014594 0.014324

0.015146 0.009569

0.015916 0.011496

0.015804 0.01492

0.015082 0.010804

0.014664 0.010514

0.01474 0.015751

0.015022 0.010843

0.014585 0.007772

0.014045 0.01179

0.015104 0.017756

0.014608 0.008638

0.014049 0.006624

0.015749 0.01191

0.01479 0.011886

0.014631 0.007845

0.01458 0.007637

0.01408 0.008016

0.015769 0.005528

0.014666 0.014606

0.014729 0.008155

0.015826 0.009129

0.014574 0.006415

0.014682 0.012561

0.015829 0.011437

0.014017 0.013621

0.016259 0.012462

0.015929 0.011342

0.014729 0.0057

0.0161 0.013122

0.014049 0.013038

0.015898 0.008375

0.014599 0.008541

0.014989 0.014939

0.014669 0.009849

0.01468 0.012714

0.015747 0.006505

0.01464 0.018226

0.014621 0.017892

0.014136 0.011083

0.014625 0.008765

0.01582 0.014577

0.01472 0.009516

0.014646 0.008329

0.015852 0.011428

0.0146 0.009872

0.014988 0.005802

0.01468 0.008478

0.014645 0.007955

0.014647 0.010598

0.014088 0.008145

0.014769 0.011581

0.014968 0.007575

0.014681 0.013722

0.014662 0.008355

0.01403 0.011175

0.014671 0.004928

0.014638 0.006614

0.014601 0.010644

0.014631 0.01643

0.0151 0.009713

0.014574 0.005166

0.014653 0.006275

0.015806 0.009317

0.014242 0.005065

0.014659 0.012224

0.015366 0.011351

0.014117 0.006217

0.01497 0.008201

0.015902 0.009307

0.01466 0.005814

0.014091 0.012015

0.014529 0.004738

0.014059 0.008672

0.014077 0.01289

0.014023 0.011618

0.014636 0.008348

0.014623 0.006349

0.015035 0.009872

0.015799 0.007969

0.015063 0.006565

0.014029 0.011032

0.015125 0.009578

0.016058 0.00771

0.014078 0.009108

0.015814 0.011485

0.01471 0.005656

0.015758 0.01148

0.014678 0.008481

0.014074 0.00763

0.01578 0.006759

0.014647 0.00931

0.014705 0.007971

0.014658 0.012579

0.015764 0.008824

0.014617 0.010241

0.014617 0.009605

0.015839 0.004964

0.014615 0.011295

0.015027 0.009396

0.014206 0.005593

0.015731 0.012165

0.014069 0.006555

0.014738 0.00994

0.014663 0.008358

0.015051 0.007368

0.015823 0.010865

0.015884 0.014478

0.014643 0.012523

0.015936 0.012326

0.014686 0.013611

0.015093 0.007191

0.014109 0.010197

0.01578 0.016728

0.014577 0.007999

0.014686 0.010063

0.015893 0.00961

0.014965 0.013091

0.014038 0.013947

0.014583 0.008958

0.014022 0.009996

0.014731 0.011808

0.014735 0.014526

0.014152 0.007813

0.014056 0.010794

0.015005 0.009483

0.014569 0.005237

0.014643 0.012271

0.014779 0.009566

0.014914 0.007147

0.014588 0.01686

0.01502 0.006089

0.014694 0.009016

0.014768 0.006733

0.01404 0.013592

0.013981 0.007076

0.014132 0.011797

0.015118 0.006096

0.015803 0.012094

0.014062 0.011437

0.014597 0.013908

0.014949 0.016298

0.015856 0.009518

0.015083 0.015183

0.015738 0.007128

0.014637 0.005378

0.014579 0.006037

0.01508 0.021813

0.014028 0.007931

0.015519 0.005712

0.014284 0.013467

0.014013 0.010775

0.014974 0.012296

0.014895 0.012546

0.015795 0.014566

0.01467 0.006045

0.015774 0.009932

0.014693 0.009246

0.015782 0.010955

0.014014 0.010733

0.014725 0.009626

0.015745 0.006794

0.015058 0.012403

0.014796 0.009541

0.014666 0.003777

0.014025 0.009532

0.014624 0.007402

0.014879 0.013658

0.014023 0.007091

0.015802 0.012817

0.015134 0.011195

0.014021 0.006651

0.015878 0.008472

0.014626 0.010163

0.014704 0.007036

0.015787 0.010813

0.014763 0.004805

0.014704 0.011095

0.014618 0.008347

0.014051 0.022909

0.01411 0.010541

0.014613 0.006695

0.014646 0.007131

0.015811 0.01119

0.015799 0.007618

0.015002 0.013797

0.01594 0.014118

0.014651 0.007376

0.014616 0.013239

0.014793 0.019141

0.014648 0.013082

0.014685 0.006397

0.015889 0.008396

0.015792 0.011202

0.015966 0.008885

0.015715 0.007869

0.014678 0.008248

0.014734 0.007962

0.014013 0.008256

0.014743 0.007406

0.015748 0.010781

0.014698 0.016078

0.014765 0.008228

0.015009 0.008995

0.014611 0.01233

0.015111 0.00984

0.014029 0.007895

0.014052 0.011263

0.014984 0.011318

0.014716 0.007725

0.01464 0.009826

0.014676 0.005857

0.014669 0.015793

0.014658 0.008498

0.014693 0.009906

0.01454 0.012241

0.014152 0.007221

0.014864 0.012963

0.01514 0.013188

0.015797 0.005674

0.014839 0.007992

0.015781 0.016152

0.015088 0.008395

0.014135 0.011698

0.015057 0.012592

0.014594 0.007955

0.014633 0.009209

0.015865 0.008111

0.01461 0.012657

0.01576 0.008031

0.015022 0.005076

0.015736 0.013021

0.014719 0.009148

0.015038 0.011144

0.014833 0.012455

0.014629 0.00999

0.014839 0.009183

0.014187 0.005152

0.014641 0.010998

0.01529 0.007018

0.015297 0.013281

0.015701 0.008842

0.014811 0.012444

0.017065 0.008939

0.015263 0.010906

0.015671 0.007725

0.015324 0.009949

0.015115 0.00668

