0.001074 9.2e-05

0.001128 0.000136

0.001078 0.000174

0.001075 0.000102

0.00108 6.7e-05

0.001117 0.000102

0.001073 5.9e-05

0.001096 0.000154

0.001041 8.4e-05

0.001047 0.000123

0.001065 0.000143

0.001045 0.00017

0.001076 9.4e-05

0.001043 0.000113

0.001048 0.000104

0.001043 0.000108

0.00109 0.000141

0.001047 0.000121

0.001075 0.000176

0.001044 5.2e-05

0.001048 0.000101

0.001086 7.9e-05

0.00105 9.9e-05

0.001044 0.000149

0.001037 0.000107

0.001044 0.000168

0.001042 0.000124

0.001074 8.2e-05

0.001044 6.8e-05

0.001044 0.000216

0.001044 0.00013

0.001127 0.000215

0.001047 0.000205

0.001099 0.00013

0.001044 0.000115

0.001045 0.000169

0.001137 7.1e-05

0.001071 7.4e-05

0.001075 0.000162

0.001066 0.000241

0.001091 0.000175

0.001078 0.000171

0.001107 0.000129

0.001116 0.000142

0.00107 7e-05

0.001122 6.4e-05

0.001074 0.000127

0.001047 9.4e-05

0.001099 0.000114

0.001077 8.9e-05

0.001075 7.1e-05

0.001084 0.000106

0.001102 8.5e-05

0.001132 9.5e-05

0.001044 7.9e-05

0.001154 0.000101

0.001045 0.00016

0.001074 0.000106

0.001049 0.000134

0.001095 7.7e-05

0.001052 9.5e-05

0.001044 0.000103

0.001041 0.000169

0.001042 0.000115

0.001046 8.6e-05

0.001076 0.000102

0.001045 0.000153

0.001045 0.000147

0.001046 9.3e-05

0.001044 0.000108

0.001158 0.000165

0.001045 0.000119

0.001057 5.9e-05

0.001094 0.000132

0.001049 0.000179

0.001045 0.000119

0.001047 0.000115

0.001041 0.000188

0.001048 0.000121

0.001091 0.000121

0.001144 0.000101

0.001095 0.000113

0.001075 0.000119

0.001045 0.000123

0.001044 0.000117

0.001119 0.000109

0.001132 0.000136

0.001076 0.000162

0.001048 9.7e-05

0.001122 8.2e-05

0.00105 5.8e-05

0.001076 0.000138

0.001045 0.000127

0.001045 0.000105

0.001098 0.000115

0.001047 0.000117

0.001044 0.000107

0.001045 0.000125

0.001113 8.5e-05

0.001061 0.000135

0.00104 0.000167

0.00109 8.2e-05

0.001047 8.7e-05

0.001047 0.000136

0.001044 0.000163

0.001043 5.3e-05

0.001041 0.000156

0.001049 0.000147

0.001046 0.000218

0.001045 0.000143

0.001046 0.000138

0.001048 0.000107

0.001071 0.00014

0.001071 8.3e-05

0.001092 9.1e-05

0.001047 0.000128

0.001043 0.000112

0.001078 0.000159

0.001095 7.3e-05

0.00106 0.00012

0.001074 8.4e-05

0.001077 0.000194

0.001046 0.000115

0.001047 7.7e-05

0.001046 0.00013

0.001045 9e-05

0.001045 0.00015

0.001045 0.000196

0.001095 7.2e-05

0.001069 7.9e-05

0.001047 0.000222

0.001046 7.5e-05

0.001105 0.000115

0.001044 0.000101

0.001044 0.000135

0.001047 0.000151

0.001094 0.000186

0.00104 6.8e-05

0.001104 0.00016

0.001046 0.000109

0.001048 0.000202

0.001093 9.8e-05

0.001074 0.000102

0.001047 0.000146

0.001042 0.000125

0.001102 0.000103

0.001045 0.000104

0.001086 0.000154

0.001046 9.6e-05

0.001048 9.5e-05

0.00104 6.6e-05

0.001045 0.000227

0.001087 0.000105

0.001045 0.000101

0.001046 0.000194

0.001044 0.000156

0.001041 0.000151

0.001106 0.000124

0.001124 8.9e-05

0.001101 8.9e-05

0.001104 0.000147

0.001045 7e-05

0.001076 0.000116

0.001077 0.000201

0.001104 0.000165

0.001098 8.8e-05

0.001049 9.9e-05

0.001048 9.4e-05

0.001047 0.000205

0.001059 0.000152

0.001091 0.000116

0.001038 0.000173

0.001046 0.000144

0.001046 0.000121

0.00104 0.000126

0.001087 0.000139

0.001073 0.00013

0.001048 7.1e-05

0.001092 7.5e-05

0.001041 0.000117

0.001046 0.00012

0.001042 7.9e-05

0.001046 9e-05

0.001092 9.9e-05

0.001042 0.000106

0.001067 0.000117

0.001042 7.1e-05

0.001046 0.000152

0.001044 0.000117

0.001077 0.000175

0.001045 0.000127

0.001048 0.000158

0.001046 0.000104

0.001091 0.000159

0.001046 0.00013

0.001048 8.7e-05

0.001046 0.000114

0.00108 0.000131

0.001081 0.000135

0.001047 6.8e-05

0.001071 0.000121

0.0011 0.00014

0.001076 8.9e-05

0.001092 0.000155

0.001049 0.000145

0.001044 0.000109

0.001074 0.000113

0.001049 0.000102

0.001041 0.000136

0.0011 9.1e-05

0.001047 0.000147

0.001072 0.000102

0.001044 0.000137

0.001099 7.7e-05

0.001045 0.000122

0.001073 0.000135

0.001073 9.9e-05

0.001063 0.000115

0.001045 0.000181

0.001075 7.9e-05

0.001042 0.000119

0.001044 0.000103

0.001045 0.00015

0.001037 8.6e-05

0.001044 0.000216

0.001095 9e-05

0.001043 0.000207

0.001046 0.00013

0.001039 7.6e-05

0.001043 0.000125

0.001046 0.000153

0.00105 0.000119

0.00109 6.4e-05

0.001045 0.00014

0.001074 7.7e-05

0.00114 6e-05

0.001083 0.000165

0.001099 0.000107

0.00112 0.000114

0.001074 0.000143

0.00112 0.000147

0.001065 0.000178

0.001067 0.000148

0.001044 0.000136

0.001045 0.000118

0.001044 8e-05

0.001046 5e-05

0.001095 9e-05

0.001099 0.0001

0.001072 0.00015

0.001074 0.000188

0.001089 8.6e-05

0.001045 0.000142

0.001042 0.000222

0.001043 0.000123

0.00104 7.2e-05

0.001045 0.000146

0.001042 9.8e-05

0.001079 0.000107

0.001044 7.7e-05

0.001091 0.000176

0.001046 0.00023

0.001094 0.0001

0.001045 0.000111

0.001044 0.000112

0.001048 0.000125

0.001075 9e-05

0.001077 0.000112

0.001062 0.000104

0.001048 0.000161

0.001047 0.000127

0.001048 0.000158

0.001046 0.000191

0.001076 9.1e-05

0.001044 0.000154

0.001074 0.000125

0.001095 0.000175

0.001046 9.3e-05

0.001046 0.000126

0.001076 0.000142

0.001047 0.000109

0.001051 0.000106

0.001095 0.0001

0.001046 8.1e-05

0.001042 7.8e-05

0.001042 0.000114

0.001047 0.000112

0.001046 0.000111

0.001078 0.000104

0.001041 5.4e-05

0.001042 0.000228

0.001121 6.6e-05

0.001044 0.000149

0.001073 0.000139

0.001046 0.000121

0.001047 0.000115

0.001075 5.4e-05

0.001042 0.000101

0.001047 0.000136

0.001047 0.000112

0.001047 0.000125

0.001047 0.000197

0.001043 0.00011

0.00105 0.000103

0.001045 0.000167

0.001078 9.4e-05

0.001048 0.000102

0.001048 0.000101

0.00105 0.000105

0.001073 9.1e-05

0.001071 0.000129

0.00106 9.6e-05

0.001045 8e-05

0.001092 0.000222

0.001048 0.000111

0.001044 6.8e-05

0.001045 0.000135

0.001051 0.000109

0.00109 0.000137

0.001058 0.000137

0.001044 0.000118

0.001088 0.000148

0.00107 0.000141

0.001044 0.000112

0.001043 0.000108

0.001045 0.000143

0.001046 0.000117

0.001047 0.000118

0.001044 0.000133

0.001045 7.4e-05

0.001045 0.000112

0.001044 0.000119

0.001044 0.000102

0.00104 0.000129

0.001043 7.2e-05

0.001044 8.5e-05

0.001077 7.5e-05

0.001174 8.1e-05

0.001077 0.000155

0.001106 0.000134

0.001121 0.000115

0.001051 8.8e-05

0.001049 6e-05

0.001076 0.000136

0.001127 0.000128

0.001075 0.000104

0.001047 0.000118

0.00104 0.000118

0.001085 0.000164

0.001044 0.000135

0.001088 7.1e-05

0.001105 0.000178

0.001115 8.5e-05

0.001123 9.2e-05

0.001044 0.0001

0.001047 7.1e-05

0.001041 0.000129

0.001051 0.000101

0.001045 0.000116

0.001043 0.000126

0.001041 8e-05

0.001049 0.00011

0.001058 9.5e-05

0.00105 9.9e-05

0.001152 7.4e-05

0.001045 6.8e-05

0.00107 6.9e-05

0.001046 0.00014

0.001091 0.000123

0.001047 0.000149

0.001042 8.1e-05

0.001097 9.1e-05

0.001045 7.9e-05

0.001047 0.000166

0.00109 0.000109

0.001044 0.000142

0.001075 0.000163

0.001108 0.000138

0.001078 0.000152

0.001073 7.6e-05

0.001041 0.000158

0.001041 0.000138

0.001085 0.000105

0.001046 8.8e-05

0.001049 8.4e-05

0.001048 0.000103

0.001045 0.000163

0.001044 0.000102

0.001044 7.7e-05

0.001045 8.5e-05

0.001101 0.000138

0.00118 0.000101

0.001071 7e-05

0.001042 0.00013

0.001047 0.000148

0.001076 0.000156

0.001049 0.000188

0.001072 0.000141

0.001045 0.000111

0.001089 0.00011

0.001044 0.000129

0.001051 9.4e-05

0.001044 8.2e-05

0.001109 0.000134

0.001075 0.000111

0.001045 9.9e-05

0.001044 0.000148

0.001049 0.000109

0.001044 0.000111

0.001045 0.00013

0.001099 0.000172

0.001048 8.5e-05

0.001045 0.000118

0.001095 0.000114

0.001042 0.000112

0.001053 0.000131

0.00104 9e-05

0.001063 0.000119

0.001048 0.000144

0.001044 0.00014

0.001042 0.000105

0.001043 0.000142

0.001042 8.5e-05

0.001045 0.000103

0.001065 0.000156

0.001077 9e-05

0.001045 0.000143

0.001044 0.000115

0.001042 9.3e-05

0.001048 7.6e-05

0.001043 0.000187

0.001047 0.000166

0.001045 0.000167

0.001047 8.2e-05

0.001085 7.9e-05

0.001047 0.000154

0.001047 8.4e-05

0.001047 0.000197

0.001044 9.8e-05

0.00105 0.000102

0.001074 8.4e-05

0.001072 0.000139

0.001077 0.000114

0.001074 0.000164

0.001046 8.3e-05

0.00105 0.000125

0.001045 0.000146

0.001126 9e-05

0.001076 6.8e-05

0.001045 6.7e-05

0.001046 6.5e-05

0.001044 0.000108

0.001047 0.000178

0.001044 0.000131

0.001047 7.5e-05

0.001073 0.000221

0.001044 0.000104

0.001044 6.5e-05

0.001075 0.000135

0.001046 9.6e-05

0.001045 7.5e-05

0.001049 0.000137

0.001045 0.000122

0.001048 0.000169

0.001042 8.7e-05

0.001046 0.000128

0.001045 0.000131

0.001045 0.000113

0.001076 9.1e-05

0.001046 0.000109

0.001039 0.000136

0.001045 0.000122

0.001048 0.000142

0.001075 0.000103

0.001074 9.9e-05

0.001105 0.00015

0.001095 0.000126

0.001074 0.000193

0.001077 0.000132

0.001074 7e-05

0.001076 0.000159

0.00108 8.7e-05

0.00108 0.000147

0.001044 7.3e-05

0.001047 0.000122

0.001125 0.000165

0.00104 0.000169

0.001044 8.3e-05

0.001052 0.000207

0.001044 0.000105

0.001046 0.000143

0.001041 0.000162

0.001098 9.1e-05

0.001098 0.00013

0.001046 6e-05

0.001074 0.000121

0.001045 0.000121

0.001044 0.000106

0.001048 0.000115

0.001046 0.000168

0.00104 0.000121

0.001044 0.000115

0.001075 0.000119

0.001094 6.9e-05

0.001042 0.000122

0.001046 7.4e-05

0.001107 0.000173

0.001087 0.000134

0.001047 9.7e-05

0.001056 0.000126

0.001046 0.000131

0.001045 0.000108

0.001095 0.000166

0.001046 0.000176

0.00105 0.00011

0.001075 8.9e-05

0.001072 0.000122

0.001046 7.4e-05

0.001072 7.2e-05

0.001044 0.000136

0.001047 0.000185

0.001093 0.000125

0.001048 0.000167

0.001045 0.000174

0.001047 9.7e-05

0.001046 7.3e-05

0.001087 0.000131

0.001044 0.000163

0.001044 0.000165

0.001089 0.000106

0.00105 0.000156

0.001095 8.1e-05

0.001074 0.000123

0.001044 0.000129

0.001086 0.000174

0.001045 8.7e-05

0.001083 0.000129

0.001045 0.000111

0.001042 0.000175

0.001044 0.000101

0.001044 0.000138

0.001039 0.00011

0.001046 0.000106

0.001044 6.3e-05

0.001048 0.000111

0.001071 5.5e-05

0.001088 9.6e-05

0.001044 0.000147

0.001044 0.00012

0.00112 0.000123

0.001079 0.000121

0.001073 0.000183

0.001119 9.7e-05

0.001047 7.1e-05

0.001045 0.000153

0.001226 0.000167

0.001073 0.000112

0.001081 9.1e-05

0.001079 0.000134

0.001079 0.000136

0.001048 0.000151

0.001041 0.000106

0.001116 0.000143

0.001047 0.000207

0.00106 0.000113

0.001046 0.000204

0.001047 0.000113

0.001044 0.000159

0.001093 7.6e-05

0.001044 5.9e-05

0.001043 0.000211

0.001041 9.1e-05

0.001075 0.000199

0.001043 0.000229

0.001045 0.000126

0.001042 6.1e-05

0.001041 0.000126

0.001045 0.000168

0.00104 0.000131

0.00107 0.000137

0.001044 0.000135

0.001049 7.9e-05

0.001043 0.000112

0.001107 0.000188

0.001096 0.000147

0.001045 0.000125

0.001043 0.000115

0.001079 7.7e-05

0.001044 0.000216

0.001047 0.000114

0.001043 0.000107

0.001044 0.000163

0.001045 0.000103

0.001075 9.2e-05

0.001166 0.000127

0.001085 0.000189

0.001119 0.000136

0.001073 9.7e-05

0.001047 0.000122

0.001044 0.000251

0.001047 0.000183

0.001074 8.1e-05

0.001046 0.00011

0.001076 0.000177

0.001075 0.000114

0.001061 7.1e-05

0.001046 0.000114

0.001047 9.9e-05

0.001046 9e-05

0.001107 0.000133

0.00104 0.00013

0.001043 0.000163

0.001045 0.000284

0.001129 0.00014

0.001045 7.2e-05

0.001083 0.000104

0.001048 0.000186

0.001045 0.000124

0.001046 0.000121

0.001055 8.8e-05

0.001042 8.1e-05

0.001091 0.000101

0.001043 0.000103

0.001046 9.1e-05

0.001089 0.000137

0.001043 0.000111

0.001074 0.000111

0.001076 0.000117

0.001044 9.2e-05

0.001066 9.7e-05

0.001044 0.0001

0.001086 0.000123

0.001078 0.000106

0.001075 0.000114

0.001107 0.000153

0.001076 9.1e-05

0.001075 0.000106

0.001047 0.000119

0.001097 0.000172

0.00106 0.000133

0.001048 0.000157

0.001074 0.000143

0.001073 0.00013

0.00112 0.000117

0.001044 9.8e-05

0.001044 0.000209

0.001094 0.000162

0.001046 0.000195

0.001044 9.1e-05

0.001068 0.000132

0.00104 0.000124

0.001041 0.000118

0.001049 0.000205

0.001046 8.5e-05

0.001043 0.000201

0.0011 6.1e-05

0.001056 8e-05

0.001046 0.000101

0.001051 0.000111

0.001044 8.3e-05

0.001152 0.000106

0.001073 6.9e-05

0.001092 0.000163

0.00104 0.000152

0.001043 8.8e-05

0.001042 0.000117

0.001043 0.000169

0.001043 0.000153

0.001061 8.9e-05

0.00105 0.000128

0.001048 0.000118

0.001045 8.2e-05

0.001152 0.000129

0.001138 0.000112

0.001072 0.000111

0.001045 9e-05

0.001045 0.000171

0.001046 0.000111

0.001074 9.9e-05

0.001048 0.000109

0.001045 7.4e-05

0.001078 7.9e-05

0.001045 0.000109

0.001044 0.000181

0.001045 0.000125

0.001045 0.000119

0.001132 6.5e-05

0.001087 0.000138

0.001042 0.000115

0.001043 0.000115

0.001048 0.000107

0.001048 0.000125

0.001041 0.000161

0.001088 9.5e-05

0.001045 0.000133

0.001097 6.4e-05

0.001089 7.1e-05

0.001042 8.2e-05

0.001042 0.000152

0.001056 0.000118

0.001043 9.5e-05

0.001042 6.7e-05

0.001047 0.000122

0.001126 8e-05

0.001093 0.00014

0.001048 7.7e-05

0.001077 0.000132

0.001048 0.000146

0.001046 0.000121

0.001045 0.00016

0.001118 0.000119

0.001051 0.00012

0.001061 5.7e-05

0.001042 0.000137

0.001088 0.00012

0.001104 0.000128

0.001071 0.00018

0.001042 0.000209

0.001047 0.000182

0.001039 0.000114

0.001044 0.000124

0.001047 7.9e-05

0.001044 6.3e-05

0.001039 0.000113

0.001043 0.000139

0.001041 0.000115

0.001039 0.000149

0.001088 0.000118

0.00108 0.000128

0.001076 0.00011

0.001046 0.000161

0.001044 6e-05

0.001044 8.4e-05

0.001099 0.000126

0.001044 7.2e-05

0.001046 7.7e-05

0.001046 0.000143

0.001071 0.000137

0.001118 8.9e-05

0.001075 0.000106

0.001049 0.000232

0.00105 0.000183

0.00109 0.000103

0.001047 6.3e-05

0.001074 6.2e-05

0.001046 0.000133

0.001077 0.000153

0.001044 0.000138

0.001046 0.000127

0.001046 8e-05

0.001092 0.000119

0.001047 9.8e-05

0.001048 0.00014

0.001042 5.9e-05

0.001042 0.000158

0.001045 8.5e-05

0.001089 0.000149

0.001045 0.000124

0.001046 0.000191

0.001072 0.000172

0.001091 9.3e-05

0.001044 0.000118

0.001045 0.000182

0.001039 8e-05

0.001044 5.4e-05

0.001073 0.000119

0.001044 7e-05

0.001087 9.6e-05

0.001041 9.2e-05

0.001095 0.000194

0.001086 0.000124

0.00104 0.000113

0.001045 9.7e-05

0.001077 0.000122

0.001047 0.000185

0.001048 0.000113

0.001111 0.000232

0.001077 0.000102

0.001072 0.000102

0.001049 0.0001

0.001092 0.000108

0.001119 0.000156

0.001071 0.000175

0.001073 8.5e-05

0.001075 0.000138

0.001043 0.000121

0.001045 0.000114

0.001042 0.000131

0.001044 0.000104

0.001132 0.000108

0.001039 0.000193

0.001045 0.000171

0.001046 0.00013

0.001046 7e-05

0.001041 0.000124

0.001045 9.9e-05

0.001044 0.000183

0.001047 0.000107

0.001093 0.000133

0.001042 9.6e-05

0.001042 0.000115

0.001046 0.000123

0.001106 0.000226

0.001039 0.000119

0.001045 0.000107

0.001048 0.000186

0.001078 0.000107

0.001072 0.000156

0.001042 0.000178

0.001041 0.000195

0.001047 0.000168

0.00104 9.1e-05

0.00111 0.000107

0.001042 0.000125

0.001104 0.000132

0.001075 0.000102

0.00108 7.4e-05

0.001075 9.9e-05

0.001046 9.9e-05

0.00105 0.00013

0.001046 0.000101

0.001046 8.2e-05

0.00106 0.000114

0.001095 0.00015

0.001046 0.00012

0.001044 0.000112

0.001092 0.000282

0.001042 9.5e-05

0.001086 8.7e-05

0.001093 0.00011

0.001043 0.000161

0.001049 0.000131

0.001044 0.00014

0.001071 0.000138

0.001046 0.000122

0.001073 0.000151

0.001078 8.8e-05

0.001038 6.8e-05

0.001089 9.3e-05

0.001098 7.1e-05

0.001045 0.000218

0.001041 0.000105

0.001046 0.000148

0.001042 0.000102

0.001042 0.000116

0.001051 0.000144

0.001046 8.7e-05

0.001044 0.000118

0.001089 0.000196

0.001043 0.000101

0.001041 0.000125

0.001145 4.8e-05

0.001073 0.000127

0.001126 0.00013

0.001047 0.000153

0.001047 0.000165

0.001095 7.9e-05

0.001077 0.000127

0.001047 7e-05

0.001045 9.9e-05

0.001073 0.000182

0.001099 0.000219

0.001114 0.000105

0.001122 0.000178

0.001042 0.0001

0.001076 8.4e-05

0.001134 0.000141

0.001076 0.000136

0.001052 0.00011

0.001073 8e-05

0.0011 0.000113

0.00105 0.000156

0.001052 0.00015

0.001041 9.7e-05

0.001049 9.7e-05

0.001045 0.000156

0.001089 0.00012

0.001047 7.4e-05

0.001041 0.000175

0.001039 0.000124

0.001044 8.3e-05

0.001046 0.000109

0.001049 0.000172

0.001047 0.000145

0.001046 0.000105

0.001045 0.000147

0.001045 0.000241

0.001073 0.00012

0.001044 7.1e-05

0.001045 0.000129

0.001043 0.00015

0.001044 9.4e-05

0.001048 0.00013

0.001043 5.3e-05

0.001046 0.000142

0.001047 0.000101

0.001051 0.000158

0.001049 8.4e-05

0.001053 0.000115

0.001053 0.000145

0.001064 0.000105

0.001046 6.9e-05

0.001115 0.000151

0.001075 0.000112

0.001106 0.000103

0.001078 8.3e-05

0.00112 0.000115

0.001051 8e-05

0.001121 0.000114

0.001047 0.000118

0.001073 0.000113

0.001078 9.3e-05

0.001085 0.000102

0.001045 0.000185

0.001042 8.6e-05

0.001048 0.000137

0.001048 6.7e-05

0.001076 7.7e-05

0.001042 6.9e-05

0.001074 8.5e-05

0.001092 0.00016

0.001065 0.000104

0.001095 0.000129

0.001048 0.000201

0.001045 7.7e-05

0.001047 9.8e-05

0.001072 8.7e-05

0.001147 0.000117

0.001045 0.000159

0.001047 9.2e-05

0.001118 7.3e-05

0.001097 8.6e-05

0.001042 0.000129

0.001124 0.000114

0.001049 8.2e-05

0.001042 0.000193

0.001045 0.000114

0.001048 0.000123

0.001072 0.000165

0.001044 9.9e-05

0.001044 0.000136

0.001049 0.000173

0.001046 0.000133

0.001046 8.5e-05

0.001042 8.7e-05

0.001042 0.000136

0.001047 0.000201

0.001045 0.000108

0.001041 6.9e-05

0.001046 0.000103

0.001083 0.000125

0.001044 8.9e-05

0.001099 0.000112

0.001105 0.000103

0.00107 0.000152

0.001157 9e-05

0.001072 9.3e-05

0.001074 7.1e-05

0.001047 8.6e-05

0.001099 8.8e-05

0.001044 0.000163

0.001064 0.00014

0.001092 0.000113

0.001073 9.8e-05

0.001046 0.000159

0.001047 8.4e-05

0.001043 0.000169

0.001046 0.000102

0.001124 0.000111

0.001047 0.000105

0.001075 0.000111

0.001075 0.000154

0.001039 0.000148

0.001048 7.9e-05

0.001087 7e-05

0.001047 0.000148

0.001045 0.000123

0.001049 0.000108

0.001044 8.5e-05

0.001043 9.3e-05

0.001045 0.000121

0.001048 0.000102

0.001051 9.3e-05

0.001073 0.000107

0.001044 5.7e-05

0.001075 9.9e-05

0.001046 0.000111

0.001048 0.000112

0.001049 8.5e-05

0.001093 0.00011

0.001118 0.000129

0.001046 0.000103

0.001048 0.000139

0.001074 0.000119

0.001075 8.8e-05

0.00108 0.000122

0.001048 0.000103

0.001094 0.000161

0.001043 8.1e-05

0.001049 9.5e-05

