0.015448 2e-06

0.015279 2e-06

0.016396 1e-06

0.015905 3e-06

0.015088 2e-06

0.014919 1e-06

0.015388 1e-06

0.015758 1e-06

0.015844 5e-06

0.014491 2e-06

0.016698 1e-06

0.016601 1e-06

0.01527 2e-06

0.015963 2e-06

0.016301 2e-06

0.014965 2e-06

0.01502 1e-06

0.014532 1e-06

0.015285 2e-06

0.014599 2e-06

0.015887 3e-06

0.015601 2e-06

0.016571 3e-06

0.015316 2e-06

0.01514 3e-06

0.01501 2e-06

0.014961 2e-06

0.015687 1e-06

0.014789 1e-06

0.015001 1e-06

0.014703 1e-06

0.014225 2e-06

0.014178 1e-06

0.014112 2e-06

0.014885 1e-06

0.014218 1e-06

0.015094 1e-06

0.015917 2e-06

0.014959 1e-06

0.015046 2e-06

0.014375 1e-06

0.015398 2e-06

0.014645 1e-06

0.015206 1e-06

0.015039 2e-06

0.014922 2e-06

0.016081 1e-06

0.014709 1e-06

0.015794 1e-06

0.014002 1e-06

0.014612 2e-06

0.016683 1e-06

0.016086 1e-06

0.015317 1e-06

0.014917 3e-06

0.015373 3e-06

0.015846 1e-06

0.015988 2e-06

0.016025 2e-06

0.015884 2e-06

0.015317 2e-06

0.015493 2e-06

0.014418 2e-06

0.015387 2e-06

0.015822 1e-06

0.014602 2e-06

0.015796 2e-06

0.015715 3e-06

0.014672 1e-06

0.015797 1e-06

0.014198 1e-06

0.014593 1e-06

0.016114 3e-06

0.015796 2e-06

0.014704 2e-06

0.014732 1e-06

0.01465 1e-06

0.015029 2e-06

0.016006 1e-06

0.014876 2e-06

0.01519 2e-06

0.014538 3e-06

0.015443 3e-06

0.015102 2e-06

0.015829 2e-06

0.015934 1e-06

0.01576 2e-06

0.017228 2e-06

0.016601 3e-06

0.016156 3e-06

0.015248 2e-06

0.015155 2e-06

0.015138 1e-06

0.015109 2e-06

0.01419 1e-06

0.014964 2e-06

0.014668 1e-06

0.015948 2e-06

0.014801 2e-06

0.014692 1e-06

0.01586 2e-06

0.014817 1e-06

0.014967 1e-06

0.015098 3e-06

0.015299 2e-06

0.014475 1e-06

0.016229 2e-06

0.015086 2e-06

0.015103 3e-06

0.014994 1e-06

0.01505 2e-06

0.016231 3e-06

0.016215 2e-06

0.015003 1e-06

0.015025 2e-06

0.014432 2e-06

0.014196 1e-06

0.014632 1e-06

0.014818 1e-06

0.015793 1e-06

0.016081 2e-06

0.014872 1e-06

0.015042 1e-06

0.014761 1e-06

0.014875 2e-06

0.014912 2e-06

0.014839 1e-06

0.014826 2e-06

0.014524 2e-06

0.015629 2e-06

0.015451 1e-06

0.015372 2e-06

0.015239 3e-06

0.015438 1e-06

0.015184 2e-06

0.014671 1e-06

0.015684 3e-06

0.015375 2e-06

0.015335 2e-06

0.015276 1e-06

0.014591 1e-06

0.016227 2e-06

0.015344 2e-06

0.014721 2e-06

0.015317 2e-06

0.015342 3e-06

0.016355 3e-06

0.015216 1e-06

0.015115 2e-06

0.014656 2e-06

0.014739 4e-06

0.015176 2e-06

0.016704 2e-06

0.015245 2e-06

0.016361 2e-06

0.015215 1e-06

0.02055 2e-06

0.022741 2e-06

0.020686 2e-06

0.019817 4e-06

0.01562 2e-06

0.01573 2e-06

0.015329 1e-06

0.01606 1e-06

0.016458 2e-06

0.015977 2e-06

0.015951 2e-06

0.014984 2e-06

0.016189 2e-06

0.014953 3e-06

0.014884 1e-06

0.015883 1e-06

0.01494 2e-06

0.014605 2e-06

0.015422 2e-06

0.016435 2e-06

0.014574 3e-06

0.016397 2e-06

0.014642 2e-06

0.015574 2e-06

0.015876 3e-06

0.015967 2e-06

0.017119 1e-06

0.016693 3e-06

0.016741 1e-06

0.019512 2e-06

0.015866 3e-06

0.01518 1e-06

0.015273 1e-06

0.014456 2e-06

0.015029 3e-06

0.016201 3e-06

0.016568 2e-06

0.018218 3e-06

0.016582 2e-06

0.015331 4e-06

0.017042 2e-06

0.015404 2e-06

0.018557 6e-06

0.01671 3e-06

0.016203 2e-06

0.016473 2e-06

0.014943 2e-06

0.016611 2e-06

0.015345 1e-06

0.015563 2e-06

0.017752 1e-06

0.017722 3e-06

0.015446 2e-06

0.015363 2e-06

0.015001 1e-06

0.016559 2e-06

0.016277 3e-06

0.017251 2e-06

0.01639 9e-06

0.015793 2e-06

0.016298 2e-06

0.019133 2e-06

0.016493 2e-06

0.018905 3e-06

0.016328 3e-06

0.018013 2e-06

0.017253 2e-06

0.017121 6e-06

0.015613 3e-06

0.018496 3e-06

0.01543 2e-06

0.015403 2e-06

0.014835 1e-06

0.016715 2e-06

0.016574 1e-06

0.016957 5e-06

0.015431 3e-06

0.018936 2e-06

0.015536 1e-06

0.017113 1e-06

0.01567 1e-06

0.015032 2e-06

0.016882 2e-06

0.015521 2e-06

0.016551 2e-06

0.015621 2e-06

0.016242 4e-06

0.016576 4e-06

0.015417 3e-06

0.01657 2e-06

0.014772 2e-06

0.01524 2e-06

0.016594 2e-06

0.016618 1e-06

0.016891 1e-06

0.015415 2e-06

0.01533 2e-06

0.015292 1e-06

0.014908 2e-06

0.015008 2e-06

0.014313 2e-06

0.015316 1e-06

0.01608 2e-06

0.015221 3e-06

0.016393 5e-06

0.015309 2e-06

0.016804 1e-06

0.016557 3e-06

0.017532 2e-06

0.016687 1e-06

0.015399 1e-06

0.016789 4e-06

0.014807 2e-06

0.014777 3e-06

0.015827 1e-06

0.01656 1e-06

0.015368 2e-06

0.015512 2e-06

0.01538 2e-06

0.018001 1e-06

0.018453 2e-06

0.015228 1e-06

0.015529 2e-06

0.015373 2e-06

0.01535 3e-06

0.015332 2e-06

0.016664 2e-06

0.015481 2e-06

0.016768 3e-06

0.014902 2e-06

0.015864 2e-06

0.017584 2e-06

0.017359 1e-06

0.01477 3e-06

0.015251 1e-06

0.01573 1e-06

0.017352 3e-06

0.015934 3e-06

0.019942 2e-06

0.016554 1e-06

0.015692 2e-06

0.015628 3e-06

0.01628 2e-06

0.015627 2e-06

0.015085 1e-06

0.015151 2e-06

0.015051 2e-06

0.014438 2e-06

0.016344 1e-06

0.014958 1e-06

0.015148 1e-06

0.0162 2e-06

0.015971 2e-06

0.01462 2e-06

0.01518 2e-06

0.015416 2e-06

0.015394 2e-06

0.015415 1e-06

0.014428 3e-06

0.016231 1e-06

0.014998 2e-06

0.014567 2e-06

0.016265 1e-06

0.015248 1e-06

0.014976 2e-06

0.016528 3e-06

0.01626 2e-06

0.014469 2e-06

0.018089 3e-06

0.015553 2e-06

0.015545 1e-06

0.01745 2e-06

0.015811 2e-06

0.015183 2e-06

0.016735 2e-06

0.01779 2e-06

0.019655 2e-06

0.014633 1e-06

0.014929 2e-06

0.015311 1e-06

0.014241 1e-06

0.015188 2e-06

0.015444 2e-06

0.016526 2e-06

0.015237 2e-06

0.014913 2e-06

0.014408 1e-06

0.015002 2e-06

0.014364 1e-06

0.014854 1e-06

0.014871 1e-06

0.014927 2e-06

0.015078 1e-06

0.016135 1e-06

0.015304 2e-06

0.016259 1e-06

0.015151 1e-06

0.014528 2e-06

0.014932 2e-06

0.015397 3e-06

0.014549 2e-06

0.015323 1e-06

0.016325 2e-06

0.016323 1e-06

0.0149 2e-06

0.014231 2e-06

0.020519 2e-06

0.016019 4e-06

0.015878 1e-06

0.015496 2e-06

0.015461 3e-06

0.016622 2e-06

0.016614 3e-06

0.016633 2e-06

0.016471 1e-06

0.017608 2e-06

0.016223 3e-06

0.016411 1e-06

0.015173 1e-06

0.01445 3e-06

0.014336 2e-06

0.014938 2e-06

0.01504 1e-06

0.014876 2e-06

0.014905 1e-06

0.014944 1e-06

0.015459 2e-06

0.016241 2e-06

0.01429 1e-06

0.014887 2e-06

0.016283 2e-06

0.015017 2e-06

0.014965 2e-06

0.015118 2e-06

0.014507 2e-06

0.01422 1e-06

0.016286 2e-06

0.015287 4e-06

0.015048 2e-06

0.015102 1e-06

0.015048 1e-06

0.015371 2e-06

0.016942 3e-06

0.01572 2e-06

0.015515 2e-06

0.015708 3e-06

0.015049 1e-06

0.016934 2e-06

0.015759 3e-06

0.015834 2e-06

0.015344 2e-06

0.015585 1e-06

0.016701 1e-06

0.015497 2e-06

0.014918 3e-06

0.015452 2e-06

0.015456 2e-06

0.01559 1e-06

0.015493 2e-06

0.014841 2e-06

0.016643 1e-06

0.015849 2e-06

0.015305 2e-06

0.015298 2e-06

0.016718 2e-06

0.014734 2e-06

0.015493 2e-06

0.015339 2e-06

0.014755 2e-06

0.016541 1e-06

0.015513 2e-06

0.015358 2e-06

0.016793 2e-06

0.01471 2e-06

0.015268 2e-06

0.015497 1e-06

0.016443 2e-06

0.015696 1e-06

0.016517 1e-06

0.015582 2e-06

0.014594 2e-06

0.015616 4e-06

0.015876 2e-06

0.015833 3e-06

0.016098 2e-06

0.01665 2e-06

0.015464 3e-06

0.015426 2e-06

0.016688 3e-06

0.016821 3e-06

0.015509 2e-06

0.015602 2e-06

0.015059 2e-06

0.01548 2e-06

0.016896 3e-06

0.015779 2e-06

0.014607 1e-06

0.015449 2e-06

0.015462 3e-06

0.016718 2e-06

0.015834 1e-06

0.016822 2e-06

0.0167 3e-06

0.016749 2e-06

0.015481 2e-06

0.015418 2e-06

0.015466 5e-06

0.015613 2e-06

0.015939 2e-06

0.014768 1e-06

0.016834 2e-06

0.015512 2e-06

0.016094 1e-06

0.016326 1e-06

0.015741 2e-06

0.019105 3e-06

0.015814 2e-06

0.015268 2e-06

0.015369 2e-06

0.01579 2e-06

0.016885 2e-06

0.01563 1e-06

0.016183 2e-06

0.014601 2e-06

0.015251 1e-06

0.014529 1e-06

0.01529 1e-06

0.018888 3e-06

0.016302 2e-06

0.016723 2e-06

0.017588 2e-06

0.017565 1e-06

0.015683 2e-06

0.015383 2e-06

0.015269 2e-06

0.015261 2e-06

0.016537 2e-06

0.016679 2e-06

0.015573 2e-06

0.01852 2e-06

0.015329 4e-06

0.016293 2e-06

0.014851 2e-06

0.014667 1e-06

0.014231 1e-06

0.015081 2e-06

0.014765 1e-06

0.01485 2e-06

0.014634 2e-06

0.015571 1e-06

0.015203 2e-06

0.014097 2e-06

0.014405 1e-06

0.014975 2e-06

0.015886 2e-06

0.01461 1e-06

0.014738 2e-06

0.015811 1e-06

0.014602 2e-06

0.014128 2e-06

0.014283 1e-06

0.014661 2e-06

0.014084 2e-06

0.014047 2e-06

0.014722 1e-06

0.015799 2e-06

0.015735 1e-06

0.014602 2e-06

0.015916 1e-06

0.014776 2e-06

0.016118 2e-06

0.014662 1e-06

0.016255 1e-06

0.014665 1e-06

0.015105 2e-06

0.014666 1e-06

0.014633 1e-06

0.014611 1e-06

0.014663 2e-06

0.014981 1e-06

0.014602 1e-06

0.014645 1e-06

0.01462 1e-06

0.014563 1e-06

0.014804 3e-06

0.015953 1e-06

0.01465 2e-06

0.015022 2e-06

0.014099 2e-06

0.014133 2e-06

0.01522 2e-06

0.01469 1e-06

0.014308 2e-06

0.01489 2e-06

0.014926 3e-06

0.015264 1e-06

0.014736 2e-06

0.015009 1e-06

0.014651 2e-06

0.014979 2e-06

0.014626 2e-06

0.01511 1e-06

0.015188 1e-06

0.015822 1e-06

0.015008 2e-06

0.01461 2e-06

0.015058 1e-06

0.015729 2e-06

0.014968 1e-06

0.014874 3e-06

0.014669 1e-06

0.015005 2e-06

0.014773 1e-06

0.014853 1e-06

0.014077 2e-06

0.014888 2e-06

0.015945 1e-06

0.014048 1e-06

0.015044 2e-06

0.014651 2e-06

0.015043 1e-06

0.015888 1e-06

0.015089 1e-06

0.015723 1e-06

0.014063 1e-06

0.014609 1e-06

0.014732 1e-06

0.014041 1e-06

0.01505 1e-06

0.014984 1e-06

0.014674 1e-06

0.015764 1e-06

0.014744 2e-06

0.014693 2e-06

0.014187 2e-06

0.014797 1e-06

0.014842 2e-06

0.014648 1e-06

0.014093 2e-06

0.014008 1e-06

0.01462 1e-06

0.01471 2e-06

0.014104 1e-06

0.014022 1e-06

0.014591 2e-06

0.014598 1e-06

0.014589 3e-06

0.014886 1e-06

0.014667 1e-06

0.01709 3e-06

0.014667 2e-06

0.0146 1e-06

0.015851 1e-06

0.015847 1e-06

0.014897 2e-06

0.014741 2e-06

0.01466 1e-06

0.014846 2e-06

0.015749 1e-06

0.016575 2e-06

0.014046 2e-06

0.015803 1e-06

0.014397 2e-06

0.014619 2e-06

0.014661 1e-06

0.014707 3e-06

0.015838 2e-06

0.014094 2e-06

0.015283 2e-06

0.014735 2e-06

0.015934 2e-06

0.014347 1e-06

0.0147 1e-06

0.015066 1e-06

0.014601 3e-06

0.014679 1e-06

0.014567 2e-06

0.014607 2e-06

0.015933 1e-06

0.014638 2e-06

0.015743 1e-06

0.014572 1e-06

0.01423 1e-06

0.015842 2e-06

0.015038 1e-06

0.014675 1e-06

0.015771 2e-06

0.014583 1e-06

0.01478 1e-06

0.014631 2e-06

0.015016 2e-06

0.014724 1e-06

0.014041 2e-06

0.014979 2e-06

0.014062 1e-06

0.014942 2e-06

0.01508 2e-06

0.015912 1e-06

0.01459 2e-06

0.014764 1e-06

0.015732 1e-06

0.015856 2e-06

0.0146 2e-06

0.014639 1e-06

0.015077 1e-06

0.014717 1e-06

0.014234 2e-06

0.015842 1e-06

0.015068 3e-06

0.015141 1e-06

0.014646 1e-06

0.014775 2e-06

0.014754 2e-06

0.014603 2e-06

0.014752 1e-06

0.014867 2e-06

0.0147 2e-06

0.015179 1e-06

0.014155 2e-06

0.014805 2e-06

0.015766 1e-06

0.016368 2e-06

0.015819 2e-06

0.014582 1.6e-05

0.014777 1e-06

0.015868 1e-06

0.014685 1e-06

0.014549 2e-06

0.014628 2e-06

0.014667 2e-06

0.01581 1e-06

0.014605 1e-06

0.015752 2e-06

0.014647 2e-06

0.014814 2e-06

0.015121 3e-06

0.014702 1e-06

0.014657 1e-06

0.014635 3e-06

0.014011 2e-06

0.014688 1e-06

0.014679 2e-06

0.014589 1e-06

0.015084 1e-06

0.014697 3e-06

0.015038 1e-06

0.016251 1e-06

0.01468 2e-06

0.014963 1e-06

0.014951 1e-06

0.014682 1e-06

0.015157 2e-06

0.015789 2e-06

0.01476 2e-06

0.01457 1e-06

0.014578 1e-06

0.015813 2e-06

0.014569 2e-06

0.014268 3e-06

0.014172 1e-06

0.014661 3e-06

0.01471 2e-06

0.014069 1e-06

0.014564 1e-06

0.014961 1e-06

0.015788 2e-06

0.015947 2e-06

0.016492 2e-06

0.014894 2e-06

0.014647 1e-06

0.014653 2e-06

0.015444 2e-06

0.014568 1e-06

0.014165 2e-06

0.014512 1e-06

0.014173 1e-06

0.014584 1e-06

0.014675 2e-06

0.015868 3e-06

0.014021 2e-06

0.014624 2e-06

0.015076 2e-06

0.014651 1e-06

0.014413 3e-06

0.014778 1e-06

0.015759 1e-06

0.014996 2e-06

0.015059 2e-06

0.014112 2e-06

0.014624 1e-06

0.014132 1e-06

0.014698 2e-06

0.01471 1e-06

0.014687 1e-06

0.014709 1e-06

0.014653 2e-06

0.014804 1e-06

0.014618 1e-06

0.014751 1e-06

0.014231 2e-06

0.014682 1e-06

0.015045 1e-06

0.014171 1e-06

0.014545 2e-06

0.014557 1e-06

0.015009 2e-06

0.014598 1e-06

0.014725 2e-06

0.01505 3e-06

0.014041 2e-06

0.014806 1e-06

0.015842 1e-06

0.014623 1e-06

0.015644 2e-06

0.014132 1e-06

0.014109 1e-06

0.015762 2e-06

0.014659 3e-06

0.014751 2e-06

0.014612 2e-06

0.014656 2e-06

0.014194 1e-06

0.014666 2e-06

0.014681 2e-06

0.014687 1e-06

0.014698 2e-06

0.014625 1e-06

0.014733 2e-06

0.014624 1e-06

0.015217 2e-06

0.014978 2e-06

0.014036 1e-06

0.014597 1e-06

0.016317 2e-06

0.014303 3e-06

0.01471 2e-06

0.014894 1e-06

0.014027 2e-06

0.013984 1e-06

0.014722 2e-06

0.015041 1e-06

0.014649 2e-06

0.015001 2e-06

0.014623 2e-06

0.015232 2e-06

0.015845 3e-06

0.015031 1e-06

0.015761 3e-06

0.016687 2e-06

0.016273 2e-06

0.015797 2e-06

0.015263 2e-06

0.015608 1e-06

0.015551 3e-06

0.017005 2e-06

0.015664 3e-06

0.015285 3e-06

0.015279 2e-06

0.014834 2e-06

0.014674 2e-06

0.015295 2e-06

0.014379 2e-06

0.015062 2e-06

0.016484 3e-06

0.016414 4e-06

0.015682 1e-06

0.01526 1e-06

0.014833 1e-06

0.014012 2e-06

0.01485 1e-06

0.01415 1e-06

0.014648 1e-06

0.014577 1e-06

0.015782 1e-06

0.015815 2e-06

0.015071 1e-06

0.01467 2e-06

0.014777 1e-06

0.014097 2e-06

0.016378 2e-06

0.015621 1e-06

0.014484 3e-06

0.015731 1e-06

0.016242 2e-06

0.016447 2e-06

0.015082 3e-06

0.014807 2e-06

0.016008 2e-06

0.014648 1e-06

0.013988 2e-06

0.014718 1e-06

0.015937 2e-06

0.016017 2e-06

0.014219 2e-06

0.015155 2e-06

0.015622 3e-06

0.015909 2e-06

0.01557 2e-06

0.015597 3e-06

0.015943 2e-06

0.015522 2e-06

0.016391 2e-06

0.016616 2e-06

0.014734 2e-06

0.01501 2e-06

0.015206 2e-06

0.016848 3e-06

0.015212 2e-06

0.016179 3e-06

0.015539 2e-06

0.015146 2e-06

0.016016 2e-06

0.01499 4e-06

0.014881 1e-06

0.014834 2e-06

0.014651 2e-06

0.015743 2e-06

0.015747 1e-06

0.014652 2e-06

0.015218 1e-06

0.015643 1e-06

0.01548 1e-06

0.016566 2e-06

0.016579 2e-06

0.015612 2e-06

0.014708 3e-06

0.014626 2e-06

0.015316 1e-06

0.016082 2e-06

0.016064 2e-06

0.014869 1e-06

0.015526 2e-06

0.015433 2e-06

0.015177 2e-06

0.015174 2e-06

0.015692 1e-06

0.015302 2e-06

0.016152 3e-06

0.014829 3e-06

0.014754 1e-06

0.016098 4e-06

0.015287 2e-06

0.016473 2e-06

0.015516 2e-06

0.016623 3e-06

0.015038 1e-06

0.014663 2e-06

0.016383 2e-06

0.014586 2e-06

0.014953 2e-06

0.014899 2e-06

0.01456 2e-06

0.015947 2e-06

0.015387 3e-06

0.014673 1e-06

0.015606 3e-06

0.016486 2e-06

0.015024 3e-06

0.015151 2e-06

0.016087 3e-06

0.015365 3e-06

0.015012 2e-06

0.015082 2e-06

0.015353 2e-06

0.016537 1e-06

0.016842 2e-06

0.014827 2e-06

0.015359 2e-06

0.015363 3e-06

0.015428 1e-06

0.015399 2e-06

0.015168 1e-06

0.015021 1e-06

0.014596 2e-06

0.01465 1e-06

0.015777 3e-06

0.015769 1e-06

0.014273 2e-06

0.015027 2e-06

0.016173 1e-06

0.015189 2e-06

0.014273 2e-06

0.014729 2e-06

0.015844 2e-06

0.01422 1e-06

0.014678 2e-06

0.015802 2e-06

0.014968 1e-06

0.014967 2e-06

0.015045 2e-06

0.014874 2e-06

0.015946 2e-06

0.016546 2e-06

0.014418 2e-06

0.014923 2e-06

0.014263 1e-06

0.014775 1e-06

0.015361 2e-06

0.01562 2e-06

0.015677 2e-06

0.019436 2e-06

0.015276 2e-06

0.015536 2e-06

0.017734 3e-06

0.015505 3e-06

0.015567 2e-06

0.014444 2e-06

0.016272 2e-06

0.020677 4e-06

0.020163 5e-06

0.016228 2e-06

0.021936 2e-06

0.020303 3e-06

0.018921 2e-06

0.017092 5e-06

0.014932 3e-06

0.016166 2e-06

0.023547 4e-06

0.023007 2e-06

0.02119 5e-06

0.019387 2e-06

0.016281 2e-06

0.014422 1e-06

0.016348 2e-06

0.016153 2e-06

0.014521 5e-06

0.018986 4e-06

0.016921 3e-06

0.016537 3e-06

0.016209 2e-06

0.020884 2e-06

0.017137 2e-06

0.015961 2e-06

0.019059 9e-06

0.015958 3e-06

0.015163 3e-06

0.018338 3e-06

0.016607 2e-06

0.01623 3e-06

0.015926 3e-06

0.015493 2e-06

0.016281 4e-06

0.016185 3e-06

0.01568 2e-06

