0.001048 0.007559

0.001074 0.007816

0.001046 0.005074

0.001048 0.005177

0.001043 0.003841

0.001045 0.009833

0.001114 0.005985

0.001044 0.004391

0.001045 0.007428

0.001048 0.008823

0.001113 0.00474

0.00107 0.007496

0.00107 0.006633

0.001068 0.00522

0.001122 0.005426

0.001045 0.008188

0.001045 0.005045

0.001043 0.004899

0.001092 0.008695

0.00111 0.006935

0.001132 0.004007

0.001049 0.006055

0.001047 0.008001

0.001079 0.010516

0.001044 0.004644

0.001046 0.005456

0.001042 0.00661

0.001061 0.006154

0.001043 0.006778

0.001106 0.008146

0.001039 0.006853

0.001048 0.004406

0.001089 0.007995

0.00105 0.005051

0.001047 0.004079

0.001074 0.006153

0.001042 0.00761

0.001047 0.005687

0.001041 0.004852

0.001087 0.005559

0.001048 0.006943

0.001076 0.009237

0.001043 0.007172

0.0011 0.004431

0.001049 0.003799

0.001049 0.006089

0.001074 0.00558

0.001047 0.006521

0.001074 0.008656

0.001046 0.006358

0.001042 0.00433

0.001045 0.007209

0.001144 0.007784

0.0011 0.004453

0.001047 0.006965

0.001078 0.006349

0.001047 0.008019

0.001049 0.007209

0.00109 0.008878

0.001044 0.003976

0.001047 0.006008

0.001091 0.005649

0.001047 0.006753

0.001077 0.004471

0.001081 0.007698

0.001045 0.006397

0.001079 0.005866

0.001047 0.004491

0.001077 0.006524

0.0011 0.004888

0.001043 0.004938

0.001048 0.004512

0.001047 0.00712

0.001049 0.00856

0.001077 0.004377

0.001046 0.005878

0.001047 0.007597

0.001078 0.004115

0.001047 0.005557

0.001181 0.003473

0.001134 0.00682

0.001044 0.004023

0.00104 0.005875

0.001044 0.009432

0.001042 0.008449

0.001079 0.00409

0.001044 0.00831

0.001046 0.004562

0.001044 0.005528

0.001049 0.005675

0.001045 0.007865

0.00105 0.005061

0.001097 0.004832

0.001046 0.006094

0.001044 0.005906

0.001052 0.007229

0.001101 0.004224

0.001048 0.005356

0.001045 0.004092

0.001052 0.008499

0.001041 0.003458

0.001049 0.004441

0.001043 0.003606

0.001043 0.004787

0.001044 0.007776

0.001051 0.005042

0.001044 0.007459

0.001045 0.007128

0.001043 0.004336

0.001079 0.004456

0.001046 0.005549

0.00109 0.004474

0.001042 0.00785

0.001073 0.006356

0.001088 0.005077

0.001045 0.005366

0.001047 0.009075

0.001047 0.006575

0.001041 0.004748

0.001051 0.004835

0.00107 0.0076

0.001046 0.006897

0.001042 0.007552

0.001111 0.005961

0.001041 0.007201

0.001048 0.007807

0.001046 0.004368

0.001044 0.006033

0.001049 0.008993

0.001044 0.003784

0.001091 0.006876

0.001049 0.007051

0.001043 0.008077

0.001048 0.005262

0.001041 0.006955

0.001038 0.004649

0.001046 0.004188

0.001045 0.007637

0.001063 0.006731

0.001083 0.007774

0.001043 0.004568

0.001084 0.005294

0.001072 0.004336

0.001045 0.00717

0.001049 0.003825

0.0011 0.006313

0.001089 0.006838

0.001049 0.009039

0.00104 0.006318

0.00108 0.006522

0.001079 0.004815

0.001074 0.006511

0.00106 0.005761

0.001097 0.007167

0.001047 0.005174

0.001044 0.007386

0.001042 0.005209

0.001047 0.006934

0.001047 0.007675

0.001042 0.004819

0.001093 0.007135

0.001049 0.005879

0.001046 0.008654

0.001044 0.004331

0.001042 0.005081

0.001047 0.004016

0.001045 0.005747

0.001067 0.006855

0.001045 0.006054

0.001045 0.006279

0.001046 0.008174

0.001046 0.006754

0.001123 0.003577

0.00105 0.003596

0.001073 0.007774

0.001046 0.007901

0.00104 0.004654

0.001054 0.005082

0.001046 0.007989

0.001047 0.007923

0.001091 0.008593

0.001045 0.00906

0.001044 0.004629

0.001048 0.004893

0.001046 0.005489

0.001094 0.005865

0.001075 0.00583

0.001094 0.005078

0.001048 0.005156

0.001073 0.004424

0.001046 0.005304

0.001044 0.004253

0.001054 0.006674

0.001042 0.004286

0.001057 0.00466

0.001049 0.004392

0.001046 0.005411

0.001059 0.005991

0.001044 0.006093

0.001076 0.008433

0.001176 0.007587

0.001044 0.007605

0.001115 0.007881

0.001048 0.003433

0.001049 0.006369

0.001047 0.008498

0.001088 0.00466

0.001048 0.006428

0.001072 0.004145

0.001048 0.006749

0.001046 0.006053

0.001044 0.004579

0.001044 0.005026

0.001068 0.007154

0.001071 0.003413

0.001081 0.005681

0.001181 0.006927

0.001046 0.007712

0.001038 0.004818

0.001113 0.00689

0.001092 0.004682

0.001046 0.005697

0.001091 0.004838

0.001059 0.006837

0.001089 0.004159

0.00105 0.003925

0.001044 0.003527

0.001094 0.004882

0.001118 0.006576

0.001045 0.004693

0.001046 0.007921

0.001096 0.005884

0.001043 0.006294

0.001049 0.007953

0.001042 0.004419

0.001042 0.007542

0.001067 0.008767

0.001077 0.006608

0.001051 0.006334

0.001045 0.004018

0.001041 0.00581

0.001084 0.006956

0.001092 0.008691

0.001074 0.003923

0.001051 0.00749

0.001074 0.004775

0.00105 0.008291

0.001046 0.003805

0.001044 0.004124

0.001047 0.003862

0.001135 0.005001

0.00105 0.005652

0.001043 0.006476

0.00105 0.007454

0.001045 0.007499

0.00105 0.004138

0.001043 0.007103

0.001061 0.004963

0.001081 0.008371

0.001096 0.009824

0.001041 0.004919

0.001059 0.006298

0.001077 0.004843

0.001051 0.008397

0.001045 0.008003

0.001096 0.004864

0.001047 0.006512

0.001045 0.008654

0.001041 0.00653

0.001051 0.008769

0.001045 0.00817

0.001052 0.006973

0.001088 0.007545

0.001046 0.004245

0.001048 0.009319

0.001145 0.005698

0.001042 0.009672

0.001089 0.003937

0.001045 0.005869

0.001051 0.003635

0.001045 0.008644

0.001049 0.005418

0.001048 0.006866

0.001126 0.007981

0.001044 0.006278

0.001042 0.007639

0.001047 0.004178

0.001078 0.00724

0.001077 0.006772

0.001092 0.004475

0.001085 0.008445

0.001045 0.006436

0.001098 0.004909

0.001048 0.006428

0.001043 0.007631

0.001049 0.00455

0.001044 0.006401

0.001045 0.00555

0.001072 0.006372

0.001126 0.004537

0.001049 0.008583

0.00105 0.00773

0.001043 0.008189

0.001046 0.006242

0.001047 0.00659

0.001045 0.003892

0.001041 0.005136

0.001069 0.004358

0.001117 0.003506

0.001087 0.008819

0.001042 0.008813

0.001048 0.006674

0.001087 0.006776

0.001077 0.003711

0.001042 0.006546

0.001117 0.005044

0.001096 0.005766

0.001046 0.005971

0.001073 0.004585

0.001044 0.004329

0.001049 0.006445

0.001089 0.00892

0.001042 0.004547

0.001099 0.007382

0.001122 0.004848

0.00105 0.005033

0.001041 0.006524

0.001059 0.004933

0.001071 0.006119

0.001081 0.005128

0.001121 0.005046

0.001093 0.004311

0.001047 0.007746

0.001044 0.008278

0.001049 0.004047

0.001096 0.009031

0.001074 0.006297

0.001093 0.004281

0.001046 0.004428

0.001049 0.004551

0.001107 0.006995

0.001053 0.004664

0.001048 0.005188

0.001045 0.004941

0.00105 0.008315

0.001051 0.005474

0.001047 0.005881

0.001051 0.007137

0.001098 0.008459

0.001045 0.005011

0.001049 0.007451

0.001046 0.004163

0.001044 0.004116

0.001048 0.007621

0.001074 0.007428

0.001048 0.004944

0.001154 0.010247

0.001047 0.004628

0.001056 0.005642

0.001093 0.005162

0.001043 0.008964

0.001044 0.007805

0.001098 0.00814

0.001048 0.006054

0.001049 0.006546

0.001132 0.006741

0.001093 0.006312

0.001079 0.004398

0.001045 0.004568

0.001045 0.004246

0.001044 0.007673

0.001052 0.008199

0.001079 0.004051

0.001044 0.005449

0.00109 0.005031

0.00105 0.00704

0.001046 0.004702

0.001072 0.007198

0.001047 0.004112

0.001044 0.004655

0.001043 0.005131

0.001043 0.007827

0.001046 0.007279

0.001047 0.006761

0.001047 0.003925

0.001045 0.008871

0.001046 0.006046

0.001048 0.006836

0.001093 0.008585

0.001124 0.01043

0.001046 0.007512

0.001052 0.006391

0.001048 0.004036

0.001045 0.007012

0.001047 0.008787

0.001095 0.00722

0.001046 0.008084

0.001186 0.004416

0.001046 0.006691

0.001046 0.003867

0.001042 0.004237

0.001101 0.006452

0.001048 0.005706

0.001047 0.008145

0.001045 0.005709

0.001048 0.003591

0.001082 0.008887

0.00109 0.004346

0.001047 0.006825

0.00107 0.004192

0.001045 0.006374

0.001108 0.007815

0.001044 0.006442

0.001047 0.004892

0.001049 0.00623

0.001046 0.005182

0.001097 0.00723

0.001051 0.006007

0.00108 0.003815

0.001048 0.008579

0.001052 0.005924

0.001043 0.004442

0.001051 0.004045

0.001101 0.006884

0.001074 0.006208

0.001046 0.00653

0.00107 0.007228

0.001048 0.00362

0.001066 0.005169

0.001049 0.006727

0.001044 0.008492

0.00105 0.005998

0.001041 0.006265

0.001096 0.007506

0.001083 0.005625

0.001054 0.006757

0.001077 0.005565

0.001056 0.00683

0.001049 0.00524

0.001073 0.00415

0.001074 0.004866

0.001047 0.004066

0.001046 0.006419

0.001072 0.004216

0.001044 0.00897

0.001051 0.004683

0.001044 0.00467

0.001047 0.006368

0.001094 0.004567

0.001133 0.005899

0.001093 0.006338

0.00105 0.006074

0.001046 0.005959

0.001049 0.005903

0.001044 0.007427

0.001042 0.00553

0.001045 0.007047

0.001046 0.008536

0.001048 0.008286

0.001043 0.003983

0.001074 0.007218

0.001049 0.00964

0.001097 0.006447

0.001043 0.007147

0.001059 0.004904

0.001046 0.006515

0.001045 0.010277

0.001051 0.005572

0.001044 0.006011

0.001055 0.006693

0.00105 0.005807

0.00109 0.004236

0.001045 0.004717

0.001044 0.005073

0.001074 0.006813

0.001091 0.00553

0.001049 0.005679

0.001041 0.007984

0.001091 0.004168

0.001094 0.005067

0.00105 0.005802

0.001054 0.004973

0.001131 0.003388

0.001039 0.00515

0.001093 0.004027

0.001046 0.003973

0.001337 0.005811

0.001046 0.006365

0.001115 0.004692

0.00105 0.004067

0.001076 0.006808

0.001082 0.006246

0.001049 0.007871

0.001046 0.006898

0.001046 0.003585

0.001041 0.007535

0.001076 0.00524

0.001087 0.006969

0.001148 0.005755

0.001081 0.007609

0.00107 0.005115

0.001089 0.003953

0.001044 0.008228

0.001077 0.006721

0.001049 0.004923

0.001045 0.008154

0.001047 0.005984

0.001044 0.006724

0.001145 0.007392

0.00109 0.005365

0.001047 0.004674

0.001046 0.007137

0.001048 0.007647

0.001047 0.005212

0.001051 0.008006

0.00105 0.008417

0.001044 0.005087

0.001049 0.006154

0.001046 0.007714

0.001046 0.007297

0.001042 0.006065

0.001066 0.006416

0.001072 0.007973

0.001077 0.006163

0.001073 0.005426

0.001046 0.006519

0.00104 0.006209

0.001052 0.004931

0.001044 0.004318

0.001045 0.007753

0.001072 0.005827

0.001046 0.005549

0.001045 0.005234

0.001045 0.010225

0.001319 0.007466

0.001099 0.003821

0.001054 0.004072

0.001076 0.004806

0.001082 0.004243

0.00105 0.008837

0.001043 0.004119

0.001075 0.00441

0.001073 0.007399

0.001045 0.005337

0.001094 0.006941

0.001042 0.008504

0.001044 0.004136

0.001049 0.005985

0.001048 0.003859

0.001123 0.005092

0.001047 0.007838

0.001046 0.005348

0.001043 0.007383

0.001042 0.006806

0.001152 0.004723

0.001079 0.007035

0.001046 0.008549

0.001047 0.005033

0.001073 0.006971

0.001076 0.003884

0.001044 0.008241

0.001062 0.003791

0.001048 0.004529

0.001123 0.003931

0.001047 0.004394

0.001078 0.004727

0.001076 0.008407

0.001045 0.007176

0.001044 0.006989

0.00105 0.00545

0.001043 0.007467

0.001047 0.004676

0.001046 0.005858

0.00105 0.005292

0.001073 0.005568

0.001046 0.004445

0.001046 0.00674

0.001044 0.005848

0.001049 0.005258

0.001046 0.007149

0.001041 0.008378

0.001048 0.004048

0.00109 0.005387

0.001044 0.007199

0.001045 0.006197

0.001044 0.004146

0.001049 0.009279

0.001051 0.008389

0.00109 0.007601

0.001045 0.00711

0.001084 0.005929

0.001044 0.004642

0.001074 0.005663

0.001049 0.006255

0.001058 0.003936

0.001051 0.006736

0.001047 0.007266

0.001045 0.005381

0.001082 0.008151

0.001047 0.00659

0.001041 0.007309

0.001047 0.008823

0.001088 0.004535

0.001076 0.005912

0.00113 0.004559

0.00104 0.008392

0.001042 0.005002

0.001086 0.005011

0.001115 0.004867

0.001049 0.006466

0.001043 0.008101

0.001047 0.005869

0.001088 0.004361

0.001047 0.005603

0.001046 0.00758

0.001048 0.006483

0.001047 0.00669

0.001047 0.004738

0.001042 0.003398

0.001115 0.007205

0.001076 0.004497

0.001041 0.005164

0.001043 0.004333

0.001079 0.003785

0.001047 0.004027

0.001046 0.008526

0.001045 0.004904

0.001052 0.005635

0.001092 0.005423

0.001123 0.008431

0.001093 0.006232

0.00105 0.006611

0.001046 0.004264

0.001081 0.008809

0.00104 0.004348

0.001041 0.007518

0.001123 0.00634

0.00109 0.007381

0.001045 0.008893

0.001046 0.006435

0.001087 0.007909

0.001048 0.004191

0.001045 0.007488

0.001093 0.008372

0.001096 0.007872

0.001075 0.004076

0.001049 0.006469

0.001049 0.004214

0.001043 0.005881

0.001039 0.005753

0.001043 0.006777

0.001097 0.004604

0.001073 0.006801

0.001074 0.00692

0.00112 0.003749

0.001089 0.004689

0.001043 0.007356

0.001097 0.003931

0.001074 0.004454

0.001045 0.004221

0.00107 0.004069

0.001122 0.003918

0.001071 0.0076

0.001047 0.00592

0.001051 0.004782

0.001075 0.007641

0.001073 0.005379

0.001086 0.004631

0.001076 0.00531

0.001044 0.005647

0.001049 0.004288

0.001099 0.004832

0.001047 0.003605

0.0011 0.004621

0.001047 0.005806

0.001047 0.004417

0.001094 0.006282

0.001052 0.004488

0.001046 0.008823

0.001047 0.005911

0.001047 0.003866

0.00105 0.006227

0.00105 0.00715

0.001047 0.007379

0.001043 0.008282

0.001048 0.007196

0.001044 0.003452

0.001098 0.006138

0.001043 0.005912

0.001076 0.007301

0.00105 0.003766

0.001045 0.007211

0.001043 0.005414

0.001043 0.00375

0.001097 0.004152

0.001101 0.007894

0.001048 0.004768

0.001097 0.004828

0.001046 0.006875

0.001073 0.006403

0.001057 0.004543

0.001046 0.005992

0.001041 0.00767

0.001091 0.006093

0.001047 0.006019

0.001047 0.005401

0.001044 0.00524

0.001049 0.005851

0.001046 0.005467

0.001049 0.003935

0.001046 0.004699

0.001092 0.00814

0.001094 0.004442

0.001047 0.004706

0.001045 0.00885

0.001047 0.003861

0.001044 0.008551

0.001047 0.004553

0.001071 0.00853

0.001045 0.004882

0.001045 0.007326

0.001073 0.005561

0.001042 0.006662

0.001049 0.005492

0.001094 0.00563

0.001044 0.005136

0.001088 0.006269

0.001041 0.008786

0.001043 0.003985

0.001079 0.006896

0.001046 0.007861

0.001047 0.0079

0.001078 0.0035

0.001076 0.008436

0.001046 0.00468

0.001045 0.010456

0.001069 0.007313

0.001046 0.004527

0.001043 0.006001

0.00109 0.006366

0.001071 0.005787

0.001045 0.004872

0.001047 0.007626

0.001046 0.004992

0.001053 0.004074

0.001048 0.007945

0.001047 0.005799

0.001045 0.005151

0.001126 0.004742

0.001042 0.00415

0.001043 0.004247

0.001048 0.007629

0.001041 0.003563

0.001046 0.003908

0.001046 0.007029

0.001047 0.00366

0.001044 0.006713

0.001096 0.003837

0.001045 0.004412

0.001042 0.005462

0.001048 0.004946

0.001106 0.011027

0.001045 0.005347

0.001048 0.004613

0.001046 0.005735

0.001085 0.006347

0.001066 0.004715

0.001045 0.006417

0.001047 0.003781

0.00105 0.003526

0.001044 0.005928

0.001094 0.006691

0.001079 0.00411

0.001044 0.004373

0.001075 0.004924

0.001047 0.006154

0.001075 0.007529

0.00105 0.005067

0.001042 0.006109

0.001086 0.007707

0.001075 0.00771

0.001048 0.006074

0.001125 0.009196

0.001051 0.004407

0.001043 0.006344

0.001046 0.004612

0.001048 0.00724

0.001043 0.004438

0.001045 0.006278

0.00109 0.004412

0.001047 0.005098

0.001074 0.006159

0.001044 0.005037

0.001047 0.005241

0.001094 0.006624

0.00105 0.004652

0.001074 0.005015

0.001048 0.003925

0.001072 0.007529

0.001044 0.006818

0.001046 0.007834

0.00105 0.007516

0.001044 0.005588

0.001046 0.006056

0.001072 0.004992

0.001073 0.005457

0.001047 0.008516

0.001047 0.007725

0.001075 0.007077

0.00105 0.006742

0.001045 0.004642

0.001051 0.006706

0.001045 0.005317

0.001096 0.005424

0.00105 0.004345

0.001052 0.005567

0.001047 0.005133

0.001046 0.004095

0.001045 0.007317

0.001079 0.004522

0.001074 0.008819

0.001122 0.004799

0.001044 0.004132

0.001054 0.004733

0.001074 0.004467

0.001049 0.007208

0.001089 0.009705

0.001136 0.005117

0.001047 0.003757

0.001095 0.007198

0.001042 0.007239

0.001051 0.005201

0.001047 0.008009

0.001071 0.005239

0.001046 0.008153

0.001063 0.003749

0.001041 0.00629

0.001121 0.004126

0.001044 0.005356

0.001093 0.007064

0.001115 0.004427

0.001095 0.006964

0.001095 0.00829

0.001058 0.007427

0.001045 0.005417

0.001094 0.003731

0.001121 0.007035

0.001046 0.007038

0.001048 0.006613

0.001049 0.005021

0.001046 0.006087

0.001136 0.004626

0.001042 0.007773

0.001044 0.008481

0.001085 0.00665

0.001046 0.007523

0.00104 0.007524

0.001052 0.004659

0.001046 0.005269

0.001048 0.00779

0.001045 0.008717

0.001117 0.008131

0.001048 0.006767

0.001042 0.004803

0.001078 0.00618

0.001045 0.004479

0.001076 0.003806

0.001076 0.009576

0.001044 0.007412

0.001048 0.004218

0.001042 0.006755

0.001051 0.005688

0.001045 0.005645

0.001066 0.007406

0.001048 0.003794

0.001119 0.007813

0.001048 0.00571

0.001049 0.004073

0.001085 0.004626

0.001048 0.005218

0.001075 0.004582

0.001048 0.005133

0.001047 0.006783

0.001109 0.005802

0.00109 0.004354

0.001108 0.00739

0.001046 0.004144

0.001049 0.004085

0.00104 0.006087

0.001072 0.005361

0.001123 0.008412

0.00105 0.007759

0.001056 0.007175

0.001098 0.005313

0.001044 0.007033

0.001093 0.006069

0.001047 0.008252

0.001056 0.005873

0.001047 0.003772

0.001047 0.006521

0.001044 0.008879

0.00105 0.006802

0.001049 0.007889

0.00108 0.004925

0.001048 0.007989

0.001044 0.004346

0.001088 0.00411

0.001047 0.003831

0.001075 0.00776

0.001049 0.004556

0.001044 0.005416

0.001047 0.004149

0.001042 0.008353

0.001074 0.006688

0.001053 0.003667

0.001048 0.009131

0.001042 0.005678

0.001042 0.0042

0.00104 0.004207

0.001049 0.003687

0.001046 0.004051

0.00107 0.004459

0.001043 0.003588

0.001044 0.00456

0.00104 0.008523

0.001045 0.006698

0.001041 0.004662

0.00105 0.008048

0.001049 0.004706

0.001046 0.00823

0.001043 0.006635

0.001076 0.008343

0.001094 0.004712

0.001182 0.004475

0.001071 0.006574

0.001048 0.009103

0.001043 0.005573

0.001069 0.009108

0.001097 0.005927

0.001048 0.008482

0.001046 0.004594

0.001043 0.003748

0.001045 0.009322

0.001046 0.006803

0.001136 0.004958

0.001041 0.007676

0.001046 0.007292

0.001091 0.005305

0.001047 0.007034

0.001048 0.006713

0.001048 0.005811

0.001047 0.004886

0.001044 0.006072

0.001047 0.006234

0.001046 0.004982

0.001078 0.006779

0.001046 0.006345

0.001088 0.005125

0.001087 0.007357

0.001046 0.004638

0.001077 0.007212

0.001079 0.004926

0.001048 0.004381

0.001104 0.00488

0.001074 0.004852

0.001098 0.005443

0.001044 0.004703

0.001044 0.006969

0.001184 0.009026

0.001048 0.006749

0.001046 0.004477

0.001048 0.005662

0.001107 0.006788

0.001085 0.004256

0.001045 0.004666

0.001045 0.00505

0.001104 0.008776

0.001048 0.006937

0.001049 0.006648

0.001042 0.010851

0.001165 0.007196

0.001071 0.005705

0.001066 0.008184

0.001076 0.004812

0.001073 0.005487

0.001043 0.005933

0.001074 0.008257

0.001046 0.009873

0.001045 0.004321

0.001046 0.008271

0.001109 0.008095

0.001046 0.006273

0.001044 0.005266

0.001061 0.004631

0.001048 0.00417

0.0011 0.004457

0.001045 0.007232

0.001042 0.007903

0.001043 0.007349

0.001047 0.005065

