0.008441 1e-06

0.008056 1e-06

0.008423 2e-06

0.008412 4e-06

0.008646 2e-06

0.008093 1e-06

0.008393 1e-06

0.008485 2e-06

0.008359 1e-06

0.007998 1e-06

0.008009 1e-06

0.008364 1e-06

0.008418 1e-06

0.008123 2e-06

0.008415 1e-06

0.008445 2e-06

0.008642 2e-06

0.008005 1e-06

0.008576 2e-06

0.008021 2e-06

0.00801 1e-06

0.008083 1e-06

0.00842 2e-06

0.008005 1e-06

0.008003 1e-06

0.008316 3e-06

0.008416 1e-06

0.00838 1e-06

0.008302 1e-06

0.008165 0

0.008363 1e-06

0.008371 2e-06

0.008373 2e-06

0.008322 2e-06

0.008026 2e-06

0.008392 1e-06

0.007985 1e-06

0.008414 1e-06

0.009053 1e-06

0.008344 1e-06

0.008483 1e-06

0.0084 2e-06

0.008018 1e-06

0.008428 1e-06

0.007982 2e-06

0.008015 1e-06

0.008369 1e-06

0.007988 1e-06

0.008537 1e-06

0.008388 1e-06

0.008375 1e-06

0.008048 1e-06

0.007967 2e-06

0.008417 1e-06

0.008032 2e-06

0.008031 2e-06

0.008337 0

0.00811 1e-06

0.007987 1e-06

0.008649 1e-06

0.008341 1e-06

0.008001 1e-06

0.008446 1e-06

0.008338 1e-06

0.008334 1e-06

0.008056 1e-06

0.008086 2e-06

0.008013 2e-06

0.008445 1e-06

0.00799 2e-06

0.008114 2e-06

0.007984 1e-06

0.008409 1e-06

0.008342 1e-06

0.008377 3e-06

0.008401 1e-06

0.008019 1e-06

0.008335 1e-06

0.008055 1e-06

0.007956 1e-06

0.00806 1e-06

0.008439 1e-06

0.007982 2e-06

0.008368 3e-06

0.008587 1e-06

0.007983 2e-06

0.008108 1e-06

0.008354 1e-06

0.008577 1e-06

0.008405 1e-06

0.008288 1e-06

0.009071 1e-06

0.008395 1e-06

0.008549 1e-06

0.008401 2e-06

0.008514 1e-06

0.008434 1e-06

0.00845 1e-06

0.008361 1e-06

0.008378 1e-06

0.009143 1e-06

0.008028 1e-06

0.007985 1e-06

0.009138 1e-06

0.008043 1e-06

0.00865 2e-06

0.0084 1e-06

0.008395 1e-06

0.008007 0

0.00803 1e-06

0.008354 2e-06

0.008381 2e-06

0.009109 1e-06

0.008354 2e-06

0.008068 1e-06

0.008357 1e-06

0.007993 1e-06

0.008497 1e-06

0.007991 1e-06

0.008413 1e-06

0.00804 1e-06

0.008046 1e-06

0.008404 0

0.008652 1e-06

0.007967 1e-06

0.008099 1e-06

0.008378 1e-06

0.008602 2e-06

0.008427 1e-06

0.007994 2e-06

0.008045 1e-06

0.008358 2e-06

0.008358 1e-06

0.007997 2e-06

0.007982 1e-06

0.008311 1e-06

0.0082 1e-06

0.008603 1e-06

0.008322 1e-06

0.008043 1e-06

0.008332 1e-06

0.008435 1e-06

0.008035 1e-06

0.007981 1e-06

0.008039 1e-06

0.008304 1e-06

0.008309 1e-06

0.008148 1e-06

0.007988 1e-06

0.008376 2e-06

0.009103 1e-06

0.008393 2e-06

0.008041 0

0.008403 2e-06

0.007979 1e-06

0.008036 1e-06

0.008012 1e-06

0.008357 1e-06

0.008157 1e-06

0.008369 1e-06

0.00847 1e-06

0.008357 0

0.007999 1e-06

0.008381 1e-06

0.008375 2e-06

0.008349 2e-06

0.008417 1e-06

0.008042 1e-06

0.008363 1e-06

0.008413 1e-06

0.008369 1e-06

0.008023 1e-06

0.008459 1e-06

0.008582 2e-06

0.008066 1e-06

0.009052 1e-06

0.008421 1e-06

0.008026 1e-06

0.008381 1e-06

0.008333 1e-06

0.008425 2e-06

0.00838 1e-06

0.009049 1e-06

0.009075 2e-06

0.008634 2e-06

0.008532 2e-06

0.009138 1e-06

0.0081 1e-06

0.008352 1e-06

0.008042 1e-06

0.007975 1e-06

0.008416 1e-06

0.008514 1e-06

0.008024 1e-06

0.007994 1e-06

0.008054 1e-06

0.009047 0

0.008017 1e-06

0.008106 2e-06

0.008301 1e-06

0.008366 1e-06

0.008402 0

0.008042 0

0.008374 2e-06

0.008304 1e-06

0.008034 1e-06

0.008009 1e-06

0.008385 2e-06

0.008005 1e-06

0.00815 3e-06

0.00802 1e-06

0.009188 2e-06

0.007998 1e-06

0.00839 2e-06

0.008604 1e-06

0.008435 1e-06

0.008381 2e-06

0.008013 2e-06

0.008343 1e-06

0.008399 1e-06

0.008004 1e-06

0.009081 1e-06

0.008119 1e-06

0.00805 2e-06

0.008088 1e-06

0.008362 2e-06

0.008379 1e-06

0.008413 1e-06

0.008373 1e-06

0.008336 1e-06

0.007988 1e-06

0.008134 1e-06

0.00838 2e-06

0.009143 1e-06

0.008418 1e-06

0.008154 1e-06

0.00808 2e-06

0.008006 1e-06

0.008038 1e-06

0.008343 2e-06

0.008378 1e-06

0.008465 2e-06

0.008095 1e-06

0.008358 2e-06

0.00836 2e-06

0.008403 2e-06

0.008364 1e-06

0.008065 1e-06

0.009054 1e-06

0.008366 1e-06

0.0084 1e-06

0.008041 2e-06

0.008584 1e-06

0.008217 1e-06

0.008022 1e-06

0.008321 1e-06

0.008799 1e-06

0.00849 1e-06

0.008336 2e-06

0.008019 1e-06

0.008021 2e-06

0.008403 1e-06

0.008033 1e-06

0.008019 1e-06

0.00838 1e-06

0.007985 1e-06

0.00837 1e-06

0.00839 1e-06

0.008042 1e-06

0.008107 2e-06

0.008407 1e-06

0.008433 1e-06

0.008376 1e-06

0.007981 1e-06

0.008375 1e-06

0.008366 1e-06

0.008331 1e-06

0.008338 1e-06

0.00841 1e-06

0.008068 1e-06

0.008466 1e-06

0.008407 1e-06

0.008423 2e-06

0.0084 2e-06

0.008357 1e-06

0.008346 1e-06

0.008444 1e-06

0.008352 2e-06

0.008454 1e-06

0.008342 1e-06

0.008021 2e-06

0.008367 1e-06

0.00841 1e-06

0.008063 1e-06

0.008096 1e-06

0.008058 1e-06

0.008347 1e-06

0.008457 1e-06

0.008342 2e-06

0.008358 2e-06

0.008401 1e-06

0.008383 2e-06

0.008397 1e-06

0.008335 2e-06

0.008628 1e-06

0.008383 1e-06

0.008127 1e-06

0.007981 1e-06

0.008096 1e-06

0.008042 1e-06

0.008377 1e-06

0.008359 1e-06

0.008111 1e-06

0.007993 1e-06

0.008666 2e-06

0.00907 1e-06

0.008006 1e-06

0.008379 1e-06

0.008028 0

0.009085 1e-06

0.008378 1e-06

0.008382 1e-06

0.008007 1e-06

0.008422 1e-06

0.008593 1e-06

0.00836 1e-06

0.008006 1e-06

0.008322 1e-06

0.009046 2e-06

0.007982 1e-06

0.008344 1e-06

0.008029 2e-06

0.00804 1e-06

0.00839 1e-06

0.008088 1e-06

0.007994 1e-06

0.00846 2e-06

0.008575 2e-06

0.008038 1e-06

0.008365 1e-06

0.008308 1e-06

0.008528 1e-06

0.009102 1e-06

0.008083 3e-06

0.008034 1e-06

0.008727 1e-06

0.008034 1e-06

0.008372 2e-06

0.008073 1e-06

0.0086 2e-06

0.008339 2e-06

0.008299 1e-06

0.0084 1e-06

0.008399 1e-06

0.008125 1e-06

0.008444 1e-06

0.008602 1e-06

0.008496 2e-06

0.008322 2e-06

0.008094 1e-06

0.008349 1e-06

0.008063 1e-06

0.00861 2e-06

0.008351 1e-06

0.008014 1e-06

0.008406 1e-06

0.008348 1e-06

0.008039 1e-06

0.008424 1e-06

0.009032 1e-06

0.008225 1e-06

0.00805 1e-06

0.008047 2e-06

0.007999 1e-06

0.007978 2e-06

0.008374 1e-06

0.008115 1e-06

0.007967 1e-06

0.008413 1e-06

0.009173 1e-06

0.009118 1e-06

0.008433 1e-06

0.008346 1e-06

0.008382 1e-06

0.008055 2e-06

0.007962 2e-06

0.008378 1e-06

0.008451 1e-06

0.008353 1e-06

0.008099 1e-06

0.008344 2e-06

0.008921 1e-06

0.008452 1e-06

0.008414 2e-06

0.009018 1e-06

0.008409 1e-06

0.009078 1e-06

0.008038 1e-06

0.008503 2e-06

0.0084 2e-06

0.008048 1e-06

0.008448 1e-06

0.007992 2e-06

0.008408 1e-06

0.009079 1e-06

0.008292 1e-06

0.008 1e-06

0.00847 1e-06

0.008356 1e-06

0.008489 1e-06

0.009096 3e-06

0.008286 1e-06

0.008044 1e-06

0.007979 3e-06

0.008421 2e-06

0.008371 2e-06

0.008032 1e-06

0.00837 1e-06

0.008062 1e-06

0.007982 1e-06

0.008001 1e-06

0.008436 1e-06

0.008306 1e-06

0.008414 1e-06

0.008007 1e-06

0.008093 2e-06

0.008588 1e-06

0.009028 1e-06

0.008436 2e-06

0.008652 1e-06

0.008343 1e-06

0.008077 2e-06

0.008344 1e-06

0.008337 1e-06

0.008104 1e-06

0.009093 1e-06

0.008353 1e-06

0.008368 1e-06

0.008003 2e-06

0.008604 1e-06

0.008114 1e-06

0.00844 1e-06

0.00841 2e-06

0.008416 1e-06

0.008327 1e-06

0.008351 2e-06

0.007975 1e-06

0.008387 1e-06

0.008337 1e-06

0.008343 2e-06

0.008343 1e-06

0.009139 1e-06

0.008415 1e-06

0.008411 2e-06

0.008394 1e-06

0.00798 1e-06

0.008345 2e-06

0.008 1e-06

0.008112 2e-06

0.008372 1e-06

0.00834 1e-06

0.008163 2e-06

0.00846 1e-06

0.007968 2e-06

0.008046 2e-06

0.008481 2e-06

0.008398 2e-06

0.008052 1e-06

0.008336 2e-06

0.008449 2e-06

0.008377 2e-06

0.008365 2e-06

0.008551 1e-06

0.008407 2e-06

0.008025 1e-06

0.008061 1e-06

0.008604 1e-06

0.007971 1e-06

0.008652 1e-06

0.00841 2e-06

0.008432 1e-06

0.008011 1e-06

0.008035 1e-06

0.008332 1e-06

0.008356 1e-06

0.008331 1e-06

0.008075 1e-06

0.008507 2e-06

0.008378 1e-06

0.008475 1e-06

0.008317 1e-06

0.009058 2e-06

0.008383 1e-06

0.008339 1e-06

0.007999 2e-06

0.008096 1e-06

0.008389 1e-06

0.008009 1e-06

0.008459 1e-06

0.008332 1e-06

0.009072 1e-06

0.008016 1e-06

0.008382 1e-06

0.00806 2e-06

0.008362 2e-06

0.008298 2e-06

0.008439 0

0.008342 1e-06

0.00856 2e-06

0.008079 2e-06

0.007993 1e-06

0.008402 2e-06

0.008398 1e-06

0.007995 1e-06

0.008038 1e-06

0.00838 1e-06

0.008384 1e-06

0.00807 1e-06

0.007965 1e-06

0.00903 1e-06

0.008071 1e-06

0.007995 2e-06

0.008038 2e-06

0.008017 1e-06

0.008614 2e-06

0.008372 2e-06

0.008435 2e-06

0.009013 1e-06

0.008652 1e-06

0.007984 1e-06

0.008406 1e-06

0.008401 2e-06

0.007973 1e-06

0.008397 1e-06

0.008462 1e-06

0.008425 1e-06

0.008403 1e-06

0.008334 1e-06

0.008417 1e-06

0.008392 1e-06

0.008389 2e-06

0.008691 2e-06

0.008405 2e-06

0.008383 2e-06

0.00809 1e-06

0.008325 2e-06

0.008018 1e-06

0.008292 1e-06

0.008045 2e-06

0.009015 1e-06

0.008427 1e-06

0.00836 1e-06

0.008373 1e-06

0.008415 1e-06

0.008031 1e-06

0.008034 1e-06

0.008411 1e-06

0.009004 2e-06

0.008567 1e-06

0.008375 1e-06

0.007966 1e-06

0.008083 1e-06

0.008036 1e-06

0.008006 1e-06

0.008415 1e-06

0.007953 1e-06

0.008341 1e-06

0.008458 1e-06

0.008348 1e-06

0.007971 2e-06

0.008335 2e-06

0.009054 1e-06

0.008026 2e-06

0.008009 1e-06

0.008319 1e-06

0.008234 1e-06

0.007981 1e-06

0.008351 1e-06

0.008017 1e-06

0.00809 1e-06

0.008004 2e-06

0.00843 2e-06

0.008338 1e-06

0.008353 1e-06

0.00837 2e-06

0.008387 2e-06

0.008029 1e-06

0.008609 1e-06

0.008369 1e-06

0.008597 2e-06

0.008064 1e-06

0.007965 1e-06

0.008408 1e-06

0.008372 1e-06

0.008412 1e-06

0.008039 1e-06

0.008364 2e-06

0.007993 2e-06

0.008017 1e-06

0.008478 1e-06

0.008596 1e-06

0.008361 1e-06

0.007997 1e-06

0.008322 2e-06

0.00836 1e-06

0.008404 1e-06

0.00842 1e-06

0.00799 1e-06

0.008063 1e-06

0.008599 1e-06

0.008018 1e-06

0.008444 2e-06

0.008401 1e-06

0.008345 1e-06

0.008603 1e-06

0.007982 1e-06

0.008583 1e-06

0.008426 1e-06

0.008425 1e-06

0.008356 1e-06

0.008365 1e-06

0.008039 1e-06

0.008034 2e-06

0.008323 1e-06

0.008003 1e-06

0.008383 1e-06

0.008342 2e-06

0.008032 0

0.008404 1e-06

0.00832 2e-06

0.008051 1e-06

0.009079 1e-06

0.008376 1e-06

0.008321 1e-06

0.008709 1e-06

0.008305 1e-06

0.008421 1e-06

0.007966 1e-06

0.008301 1e-06

0.008003 0

0.008 1e-06

0.008362 2e-06

0.008455 1e-06

0.008331 2e-06

0.008377 1e-06

0.009141 1e-06

0.008638 2e-06

0.008017 2e-06

0.008102 1e-06

0.008046 1e-06

0.008318 1e-06

0.008116 1e-06

0.008381 1e-06

0.008411 1e-06

0.008063 2e-06

0.008645 2e-06

0.009109 1e-06

0.009005 1e-06

0.008407 1e-06

0.008375 2e-06

0.008433 1e-06

0.008041 2e-06

0.008426 2e-06

0.008208 1e-06

0.008041 2e-06

0.008411 1e-06

0.008398 1e-06

0.00859 2e-06

0.008342 2e-06

0.008048 1e-06

0.008006 2e-06

0.008021 1e-06

0.008118 1e-06

0.008118 1e-06

0.008343 2e-06

0.008385 1e-06

0.008364 1e-06

0.008344 1e-06

0.008065 1e-06

0.008453 2e-06

0.007991 1e-06

0.008429 2e-06

0.008398 1e-06

0.008338 1e-06

0.008039 2e-06

0.00831 1e-06

0.008343 2e-06

0.008368 1e-06

0.008352 1e-06

0.00853 2e-06

0.008024 1e-06

0.008059 1e-06

0.008376 2e-06

0.009066 2e-06

0.008554 1e-06

0.008082 1e-06

0.008364 2e-06

0.008141 1e-06

0.008057 2e-06

0.008623 1e-06

0.008089 1e-06

0.008442 1e-06

0.008395 1e-06

0.008437 1e-06

0.008412 2e-06

0.008372 1e-06

0.008463 1e-06

0.008116 1e-06

0.00842 2e-06

0.008441 2e-06

0.008306 1e-06

0.008359 1e-06

0.008594 1e-06

0.007984 1e-06

0.008003 1e-06

0.008358 1e-06

0.007983 1e-06

0.008413 1e-06

0.00838 1e-06

0.009041 1e-06

0.008436 0

0.008495 1e-06

0.008599 1e-06

0.007999 1e-06

0.007977 1e-06

0.008027 2e-06

0.008055 1e-06

0.00837 1e-06

0.008064 1e-06

0.008389 2e-06

0.008596 2e-06

0.008459 1e-06

0.009065 2e-06

0.008334 1e-06

0.008061 2e-06

0.008347 1e-06

0.009111 1e-06

0.008069 1e-06

0.00797 1e-06

0.008094 1e-06

0.008364 1e-06

0.007978 1e-06

0.009066 1e-06

0.00831 1e-06

0.00806 1e-06

0.008077 2e-06

0.008002 1e-06

0.008367 1e-06

0.008069 1e-06

0.008007 1e-06

0.009094 1e-06

0.008121 1e-06

0.008296 1e-06

0.008393 2e-06

0.007976 2e-06

0.008029 1e-06

0.008576 2e-06

0.008553 1e-06

0.00833 1e-06

0.008168 2e-06

0.007996 1e-06

0.008107 1e-06

0.008136 2e-06

0.00835 2e-06

0.008099 1e-06

0.009027 1e-06

0.008351 1e-06

0.008379 2e-06

0.007994 2e-06

0.008627 1e-06

0.008392 1e-06

0.007974 1e-06

0.008033 1e-06

0.008461 1e-06

0.008355 2e-06

0.008427 1e-06

0.008374 2e-06

0.008359 1e-06

0.007997 2e-06

0.007968 1e-06

0.008519 1e-06

0.008038 1e-06

0.008407 2e-06

0.008412 1e-06

0.008402 1e-06

0.007963 1e-06

0.008657 1e-06

0.00829 1e-06

0.00797 1e-06

0.008408 2e-06

0.008554 1e-06

0.008393 1e-06

0.008436 1e-06

0.00855 1e-06

0.009126 1e-06

0.008453 1e-06

0.008028 2e-06

0.008411 0

0.008339 1e-06

0.008382 2e-06

0.008454 2e-06

0.00845 1e-06

0.008008 1e-06

0.008456 1e-06

0.008367 1e-06

0.007997 1e-06

0.008349 1e-06

0.00796 1e-06

0.008361 1e-06

0.008385 1e-06

0.008419 1e-06

0.008392 1e-06

0.007977 1e-06

0.008359 1e-06

0.008403 1e-06

0.008378 1e-06

0.008362 2e-06

0.008112 2e-06

0.009062 1e-06

0.00804 2e-06

0.008579 1e-06

0.009039 1e-06

0.008371 1e-06

0.009073 1e-06

0.007982 1e-06

0.008487 1e-06

0.009079 2e-06

0.008462 1e-06

0.008085 1e-06

0.00839 1e-06

0.008334 1e-06

0.009191 2e-06

0.008367 1e-06

0.007989 1e-06

0.008026 1e-06

0.008332 1e-06

0.00836 2e-06

0.008425 2e-06

0.008366 1e-06

0.008463 2e-06

0.008006 1e-06

0.007999 1e-06

0.008323 1e-06

0.007994 1e-06

0.008017 1e-06

0.008026 1e-06

0.008404 1e-06

0.009076 1e-06

0.008389 2e-06

0.00804 1e-06

0.008416 2e-06

0.009081 2e-06

0.007966 1e-06

0.00837 2e-06

0.008393 1e-06

0.008099 2e-06

0.009079 1e-06

0.008358 2e-06

0.008004 1e-06

0.008418 1e-06

0.008375 1e-06

0.008013 1e-06

0.008601 1e-06

0.008384 2e-06

0.008345 1e-06

0.008041 1e-06

0.007996 2e-06

0.008372 2e-06

0.008478 1e-06

0.008394 1e-06

0.008115 2e-06

0.008068 2e-06

0.008504 1e-06

0.008363 1e-06

0.008388 1e-06

0.009096 1e-06

0.008041 1e-06

0.008006 1e-06

0.009037 2e-06

0.008028 1e-06

0.008611 0

0.008473 1e-06

0.008365 1e-06

0.008414 2e-06

0.008387 2e-06

0.008027 2e-06

0.008404 2e-06

0.00833 1e-06

0.008336 1e-06

0.007983 1e-06

0.008049 2e-06

0.008102 1e-06

0.008449 1e-06

0.008049 1e-06

0.00845 1e-06

0.008371 1e-06

0.008436 1e-06

0.008359 2e-06

0.008364 1e-06

0.008353 1e-06

0.008382 1e-06

0.008055 2e-06

0.008371 2e-06

0.008409 1e-06

0.008717 1e-06

0.009043 1e-06

0.009087 1e-06

0.008362 1e-06

0.00806 2e-06

0.008458 1e-06

0.008388 2e-06

0.008025 0

0.007998 1e-06

0.008326 1e-06

0.008112 1e-06

0.008399 1e-06

0.008441 1e-06

0.008475 1e-06

0.008084 1e-06

0.008067 2e-06

0.008002 1e-06

0.008375 1e-06

0.008003 1e-06

0.008385 1e-06

0.008358 2e-06

0.008028 1e-06

0.008099 1e-06

0.00843 1e-06

0.008461 1e-06

0.008365 1e-06

0.008371 1e-06

0.008009 1e-06

0.008568 1e-06

0.007994 1e-06

0.008402 1e-06

0.008075 1e-06

0.008369 1e-06

0.009098 1e-06

0.008438 1e-06

0.008006 1e-06

0.00837 1e-06

0.009011 1e-06

0.00804 1e-06

0.008363 1e-06

0.00838 1e-06

0.009195 1e-06

0.008363 2e-06

0.008063 1e-06

0.008433 1e-06

0.008365 1e-06

0.008415 1e-06

0.008404 1e-06

0.008375 2e-06

0.008348 1e-06

0.008387 1e-06

0.008013 1e-06

0.008184 2e-06

0.008599 2e-06

0.008374 1e-06

0.008038 1e-06

0.008393 2e-06

0.008359 1e-06

0.008379 1e-06

0.009019 1e-06

0.008066 1e-06

0.008426 2e-06

0.008364 2e-06

0.008071 1e-06

0.008042 1e-06

0.008077 2e-06

0.008322 1e-06

0.008392 2e-06

0.008354 1e-06

0.008386 1e-06

0.008046 1e-06

0.00833 2e-06

0.009043 1e-06

0.008541 2e-06

0.007968 1e-06

0.008586 1e-06

0.008399 1e-06

0.007999 1e-06

0.008437 1e-06

0.008455 1e-06

0.008382 1e-06

0.008521 1e-06

0.007995 1e-06

0.008084 1e-06

0.008002 1e-06

0.007981 1e-06

0.008101 1e-06

0.008007 1e-06

0.008375 1e-06

0.008575 2e-06

0.008019 1e-06

0.008318 1e-06

0.007998 2e-06

0.007996 1e-06

0.008054 1e-06

0.008337 1e-06

