0.003807 0.000144

0.003622 0.000129

0.003629 0.000101

0.00366 0.000127

0.003629 7.2e-05

0.00383 0.000156

0.003629 0.000118

0.003658 0.000162

0.00363 9.5e-05

0.003716 8.2e-05

0.003806 0.000116

0.00362 0.00011

0.00365 0.000143

0.00387 7.5e-05

0.003716 0.000205

0.003865 0.000154

0.003732 8.5e-05

0.003813 0.000228

0.003798 0.000153

0.003692 0.000164

0.00385 5.9e-05

0.003618 0.000108

0.003625 0.00012

0.003626 0.000155

0.003706 9.7e-05

0.003655 0.000125

0.003629 0.00011

0.003814 0.000119

0.003793 0.000162

0.003655 7.6e-05

0.00377 0.000143

0.004074 0.000127

0.003655 0.000104

0.003654 0.000178

0.003659 0.000212

0.003655 0.000186

0.003631 0.000156

0.003803 0.00026

0.003658 0.000106

0.003657 0.000109

0.003656 0.000155

0.003707 8.1e-05

0.003684 9e-05

0.003655 0.000115

0.003658 7.6e-05

0.003657 7e-05

0.003655 0.000112

0.003615 0.0001

0.003624 0.000126

0.003683 9.8e-05

0.003658 0.0001

0.003699 8.6e-05

0.003638 0.00014

0.003627 0.000128

0.003659 0.000145

0.003638 0.000141

0.003679 8.8e-05

0.004076 0.000146

0.003808 0.000104

0.003817 9.2e-05

0.003794 0.000177

0.003784 0.000121

0.003818 9.9e-05

0.003703 0.000138

0.003815 0.000144

0.003776 0.000108

0.003657 0.000179

0.003692 0.000112

0.003809 0.000169

0.003626 0.00013

0.003783 0.000127

0.003774 0.000111

0.003816 9.5e-05

0.003654 0.000129

0.003624 0.000107

0.003776 6.3e-05

0.003661 9.1e-05

0.003625 0.00023

0.003779 7.8e-05

0.003628 9.1e-05

0.003656 5.1e-05

0.003801 0.000172

0.00362 0.0001

0.003731 0.000103

0.003629 0.000142

0.003774 0.000126

0.003628 0.000173

0.003641 0.000143

0.003656 8.1e-05

0.00365 0.000144

0.003632 0.000134

0.00365 0.000103

0.003668 7.7e-05

0.00369 7.8e-05

0.003639 5.9e-05

0.003628 6.1e-05

0.003728 0.00016

0.003979 6.9e-05

0.003653 0.000201

0.003659 6.2e-05

0.003658 0.000139

0.003661 9e-05

0.003633 0.000141

0.004106 8.5e-05

0.003836 8.6e-05

0.003622 0.000152

0.003659 9.2e-05

0.003809 0.000116

0.00362 0.000107

0.003771 0.000136

0.003812 8.4e-05

0.003806 6.9e-05

0.003649 7.1e-05

0.003625 0.000137

0.003809 8.5e-05

0.003657 0.000127

0.003625 0.000122

0.003803 0.000107

0.003692 0.000156

0.004137 0.000126

0.003651 0.000105

0.004083 0.000151

0.003854 0.000144

0.003815 0.00015

0.00381 0.000161

0.003619 6.7e-05

0.003819 0.000101

0.00381 8.5e-05

0.003807 9.7e-05

0.003802 0.000163

0.003771 0.000151

0.003627 0.000188

0.003799 0.000104

0.003799 0.000199

0.003813 8.4e-05

0.00362 0.000132

0.003898 0.000167

0.003653 0.000162

0.003612 6.2e-05

0.003807 0.000136

0.003654 0.000133

0.003797 0.000114

0.003633 0.000117

0.003808 0.000152

0.003634 0.000133

0.00362 0.000123

0.003882 0.000178

0.003662 0.000124

0.003778 0.000233

0.003654 0.000115

0.003657 9.3e-05

0.003779 0.000146

0.003648 0.000183

0.003806 7.4e-05

0.003681 0.000115

0.003802 0.000111

0.003646 0.000145

0.003824 9.6e-05

0.003651 0.000158

0.003855 0.000107

0.003809 0.000164

0.003659 0.000115

0.003686 0.000127

0.003627 8.8e-05

0.003625 0.000168

0.003785 0.000113

0.003801 0.000162

0.003625 0.000128

0.003625 0.000293

0.003811 0.00014

0.003852 0.000121

0.003632 0.000169

0.003773 8.1e-05

0.003632 0.000132

0.003785 0.00019

0.003717 0.000126

0.003807 0.000106

0.003649 7.9e-05

0.003628 0.000103

0.003654 0.000224

0.003659 0.000102

0.003848 0.000108

0.003617 9.7e-05

0.003656 0.000158

0.003625 0.000116

0.003793 0.00014

0.003655 4.3e-05

0.003659 9.6e-05

0.00365 0.000154

0.003625 0.000115

0.003653 0.000135

0.003785 5.8e-05

0.003648 0.000121

0.003625 0.000166

0.003656 0.000113

0.00369 7.9e-05

0.003834 8.3e-05

0.003664 7.4e-05

0.003811 9e-05

0.003656 0.000119

0.003663 0.00012

0.003614 0.000159

0.003798 0.000101

0.003625 0.00012

0.003661 0.00012

0.003623 7.3e-05

0.003802 0.000135

0.003627 0.000117

0.003653 0.000122

0.003653 0.000174

0.00378 0.000125

0.003661 9.1e-05

0.003655 0.000134

0.003665 0.000132

0.003812 0.000141

0.003655 0.000132

0.00365 7.9e-05

0.003712 9.7e-05

0.003784 0.000131

0.003658 8.9e-05

0.003646 0.00013

0.003677 0.000108

0.003725 0.000174

0.003667 9.8e-05

0.003813 0.000118

0.003682 0.000187

0.003625 9.4e-05

0.003806 0.000185

0.003629 0.000221

0.004069 0.000149

0.003805 6.3e-05

0.003781 0.000141

0.003627 0.000135

0.003625 9.4e-05

0.003845 0.0001

0.003619 0.000134

0.003624 0.000111

0.003628 8.3e-05

0.003661 9.8e-05

0.003629 0.000173

0.00368 9e-05

0.003621 0.0002

0.003657 9.9e-05

0.003614 0.000127

0.004102 0.000136

0.003654 0.00013

0.003774 0.000116

0.003808 0.000179

0.00362 0.000177

0.00381 8.6e-05

0.003782 0.000124

0.003657 7.3e-05

0.003773 0.000138

0.003878 0.000143

0.0038 5.5e-05

0.003692 0.0001

0.003625 8.1e-05

0.003657 0.000174

0.003885 6.7e-05

0.003777 0.000186

0.003677 7.6e-05

0.003787 9.1e-05

0.003659 0.000153

0.003625 9.8e-05

0.003653 8.8e-05

0.003776 6.9e-05

0.003639 9.1e-05

0.003626 9.2e-05

0.003811 6.7e-05

0.003623 0.000126

0.003663 0.000102

0.003778 0.000202

0.003693 8.4e-05

0.003777 6e-05

0.003659 0.000128

0.003901 0.000114

0.003681 0.000159

0.003771 0.000213

0.003625 0.000123

0.003629 0.000126

0.003682 0.000122

0.003653 0.000115

0.003782 9.9e-05

0.003771 0.000112

0.003618 0.000148

0.003686 0.000162

0.003804 7e-05

0.003663 7.9e-05

0.003833 0.000151

0.003644 0.000179

0.003778 0.000151

0.00378 0.00012

0.003785 9.4e-05

0.003733 7.5e-05

0.00362 0.000112

0.003656 9.2e-05

0.00378 8.3e-05

0.003654 0.000106

0.003845 7.4e-05

0.003787 0.000129

0.003668 0.000119

0.00363 9e-05

0.003692 0.000152

0.003824 0.000125

0.003682 0.000158

0.003617 0.000156

0.003658 0.00012

0.00363 8.4e-05

0.003663 0.000103

0.003775 0.000215

0.003784 7e-05

0.003769 7.7e-05

0.003831 0.000144

0.003651 0.000116

0.003801 8.9e-05

0.003827 7.4e-05

0.003805 9.8e-05

0.003623 0.000118

0.003649 0.000101

0.003836 0.000114

0.00362 0.00012

0.003623 0.00011

0.003628 8.5e-05

0.003684 0.000195

0.003629 7.3e-05

0.003632 0.000164

0.003632 8.7e-05

0.003734 0.000163

0.003659 7.7e-05

0.003625 7.1e-05

0.003786 0.000166

0.003651 9.1e-05

0.003645 0.000161

0.003655 0.000125

0.003625 0.000198

0.003787 0.000132

0.003652 7.5e-05

0.003625 0.000161

0.003786 0.000157

0.003625 0.000127

0.003658 0.000185

0.003662 9.7e-05

0.003662 0.000138

0.003654 7.9e-05

0.003655 0.000168

0.003613 0.000121

0.003623 8.4e-05

0.003776 0.000116

0.003661 0.000159

0.003637 0.000108

0.003773 0.000112

0.003658 0.000143

0.003806 0.000109

0.00368 0.000117

0.003631 6.1e-05

0.003787 0.000109

0.003619 0.000164

0.003656 0.000205

0.003844 0.000145

0.003619 0.000142

0.003626 0.000127

0.003653 8e-05

0.003665 0.000157

0.003653 0.000149

0.00362 7.2e-05

0.003658 0.000142

0.003775 0.000182

0.003667 8.8e-05

0.003814 0.000123

0.003632 0.000109

0.003842 0.000195

0.003716 0.000196

0.003652 0.000194

0.003809 0.0001

0.003808 0.000153

0.003696 0.000137

0.003837 9.7e-05

0.003809 0.000213

0.003865 9.6e-05

0.003627 0.000142

0.00363 9.7e-05

0.003696 0.000116

0.003657 0.000174

0.00365 8.1e-05

0.003821 0.000172

0.003799 0.000205

0.003658 0.00015

0.003801 0.000157

0.003633 0.000161

0.003769 0.000109

0.003629 0.000128

0.003685 8.8e-05

0.003664 8.3e-05

0.003629 9.2e-05

0.003774 0.000121

0.00382 0.000207

0.004106 0.000135

0.003703 7.4e-05

0.004108 0.000104

0.003783 9.9e-05

0.00383 0.000139

0.003635 0.000209

0.003631 0.000165

0.003622 9.2e-05

0.003681 9.1e-05

0.003622 9.8e-05

0.003649 9.2e-05

0.003879 9.1e-05

0.003781 0.000141

0.003625 0.000186

0.003894 8.3e-05

0.003845 0.000101

0.003629 9.4e-05

0.003832 0.000104

0.003812 0.000101

0.003628 0.000107

0.003624 5.7e-05

0.003798 0.000117

0.003659 0.000103

0.00414 8.9e-05

0.003781 9.1e-05

0.003931 0.000123

0.003804 0.000103

0.003807 0.000141

0.003626 7.9e-05

0.003644 0.000124

0.003648 0.00021

0.00384 0.000163

0.003654 0.000123

0.003801 0.000113

0.003648 8e-05

0.003612 0.0002

0.003654 0.00017

0.003704 8.5e-05

0.004101 8.1e-05

0.003786 0.000188

0.003637 0.000203

0.003624 9.5e-05

0.003627 0.000115

0.003682 7.8e-05

0.004098 0.000113

0.003622 7.6e-05

0.003622 0.000107

0.003655 8.1e-05

0.003775 0.000159

0.003621 0.000165

0.003627 0.000163

0.003843 0.000109

0.003633 0.000179

0.003776 0.000164

0.003657 9.8e-05

0.003665 9.8e-05

0.00363 0.000109

0.003631 0.000115

0.003786 0.000138

0.00365 0.000161

0.003883 8.9e-05

0.003626 0.000107

0.003657 0.000164

0.003626 7e-05

0.003659 8.6e-05

0.003802 0.000114

0.003779 0.00017

0.003617 5.5e-05

0.003806 0.000119

0.003679 8.3e-05

0.003624 0.000135

0.00379 0.000148

0.003658 0.000147

0.003743 0.000141

0.003835 0.000117

0.003648 0.000126

0.003633 0.000163

0.003717 0.000129

0.003651 5.1e-05

0.00369 0.000193

0.003663 6.9e-05

0.003685 0.000202

0.003805 0.000171

0.003787 6.1e-05

0.003657 8.7e-05

0.003691 0.000181

0.003658 0.000125

0.003629 8.2e-05

0.003841 0.000104

0.003655 0.000123

0.003649 7.3e-05

0.003622 8.2e-05

0.003657 0.000206

0.003883 6.7e-05

0.003644 0.000203

0.003776 6.8e-05

0.003806 8.4e-05

0.003776 7.9e-05

0.003659 8.8e-05

0.003765 0.000149

0.003915 0.000133

0.003781 9.1e-05

0.003668 8.9e-05

0.003786 0.000183

0.003623 0.000109

0.003638 0.00014

0.003648 9.8e-05

0.003649 8.2e-05

0.003624 5.4e-05

0.003778 0.000209

0.004073 8.4e-05

0.003677 0.000142

0.003628 0.000108

0.00365 0.00018

0.003654 9.9e-05

0.003662 0.000112

0.003629 9.8e-05

0.003814 0.000207

0.004078 0.000122

0.003872 7.6e-05

0.003796 0.000163

0.003772 7.5e-05

0.00379 0.000146

0.003626 8.8e-05

0.003801 0.000103

0.003777 0.000176

0.003624 0.000168

0.003773 0.000174

0.003688 0.000147

0.003632 0.000152

0.00378 9.6e-05

0.003627 0.000133

0.003763 0.000121

0.003656 9.7e-05

0.003922 0.000183

0.003651 7.7e-05

0.00368 0.000151

0.003651 7.9e-05

0.003626 0.000124

0.003826 7.4e-05

0.003662 7.8e-05

0.00367 7.5e-05

0.003698 0.000147

0.003644 5.7e-05

0.003653 0.000144

0.00365 0.000144

0.003627 4.5e-05

0.003658 7.4e-05

0.003782 7.1e-05

0.003649 0.0002

0.00362 7.6e-05

0.003631 7.1e-05

0.003841 0.000112

0.00368 0.000101

0.003652 0.000143

0.003633 0.000121

0.003616 0.000133

0.003799 0.000141

0.003631 8.3e-05

0.003785 0.000132

0.003661 0.000175

0.003624 0.000116

0.003796 0.000163

0.003662 0.000103

0.003777 8.9e-05

0.003654 0.000108

0.003808 6.6e-05

0.003633 0.000108

0.003809 0.000137

0.003631 0.000205

0.003661 0.000158

0.003842 0.000147

0.003808 6.7e-05

0.003803 0.000171

0.003813 8.4e-05

0.003646 0.000112

0.003624 6.6e-05

0.00376 6.8e-05

0.003717 6.2e-05

0.003808 0.000103

0.00378 0.000179

0.003652 0.00014

0.004071 0.000102

0.003661 0.000117

0.00363 0.000151

0.003627 9.9e-05

0.003838 8.8e-05

0.003844 7.7e-05

0.003623 9.4e-05

0.003661 9.3e-05

0.00363 0.0001

0.003739 0.000135

0.00365 8.1e-05

0.003806 0.000154

0.003863 6.7e-05

0.003796 5.2e-05

0.003812 8.9e-05

0.004113 0.000154

0.003657 0.000112

0.003802 0.000119

0.003655 0.000134

0.003804 0.000146

0.003683 0.000122

0.00371 0.000168

0.003666 0.00012

0.003626 0.000167

0.003778 9.8e-05

0.003639 0.000127

0.003629 0.000159

0.003649 9.5e-05

0.003787 0.000117

0.003628 0.000153

0.00381 0.000139

0.003804 0.000175

0.003773 0.000204

0.003655 9.6e-05

0.003901 0.000122

0.003734 0.00019

0.003621 0.000173

0.003685 0.000182

0.003655 0.000121

0.003664 0.000103

0.003656 0.000116

0.003622 0.000117

0.00378 8.3e-05

0.003779 0.00014

0.003789 9.4e-05

0.004081 9.7e-05

0.003627 0.000137

0.003626 0.000131

0.003737 0.000169

0.003803 8.9e-05

0.003813 9.4e-05

0.003628 0.000119

0.00383 0.000125

0.003649 0.000124

0.00392 0.000108

0.003813 6.8e-05

0.003655 0.000101

0.003626 9.1e-05

0.003628 0.000141

0.003799 7.9e-05

0.003808 0.000145

0.003651 0.000157

0.00378 8.3e-05

0.003645 8.5e-05

0.003664 0.000105

0.003656 9.4e-05

0.003657 8.8e-05

0.003803 0.000108

0.003659 7.7e-05

0.003663 0.000141

0.003633 0.000108

0.003654 0.000156

0.003627 0.000112

0.003654 0.000155

0.003776 5.1e-05

0.003679 9.4e-05

0.003776 0.000129

0.00362 0.000169

0.003652 6.9e-05

0.003629 0.000161

0.003807 0.000155

0.00363 0.000148

0.003659 0.000186

0.003622 9.7e-05

0.003664 0.000109

0.003655 9.8e-05

0.003661 0.000112

0.003615 0.000108

0.003688 9.7e-05

0.003646 0.000145

0.003649 9.7e-05

0.003784 0.000153

0.003652 8.7e-05

0.003799 9.5e-05

0.00388 0.0001

0.003776 0.000162

0.003621 0.000117

0.003627 9.6e-05

0.003629 0.000168

0.003652 0.000196

0.003652 0.000205

0.003659 0.000106

0.003777 0.000109

0.003689 0.000196

0.003632 0.000118

0.003774 0.00014

0.003773 0.000115

0.003871 0.000102

0.003654 9.5e-05

0.003647 7e-05

0.003635 0.000161

0.003841 0.000171

0.003776 0.00011

0.003809 9.7e-05

0.003655 9.3e-05

0.003685 0.000137

0.003666 0.000121

0.003895 9.3e-05

0.003659 7.1e-05

0.003656 0.000167

0.003651 0.000161

0.003657 9.4e-05

0.003654 7.5e-05

0.00365 0.000132

0.003806 0.000122

0.00363 0.000108

0.003814 0.000155

0.003679 0.000127

0.003769 9.9e-05

0.003625 6.8e-05

0.003657 0.000181

0.003771 0.000115

0.003627 0.000177

0.003685 6.2e-05

0.00366 0.000111

0.003779 0.000128

0.003659 0.000123

0.003647 0.000124

0.003665 9.7e-05

0.003632 0.000111

0.003803 0.000125

0.00383 0.00013

0.003624 0.000183

0.003682 7.7e-05

0.004077 0.000126

0.003647 0.0001

0.003681 0.000121

0.004115 8.6e-05

0.003815 0.000145

0.003771 0.000109

0.003659 0.000116

0.003655 8.3e-05

0.003627 0.000111

0.003733 0.00012

0.003664 7.1e-05

0.003784 0.000108

0.003805 0.000217

0.003774 0.000167

0.003654 0.000114

0.003632 0.000176

0.003782 0.00015

0.003873 0.000205

0.003658 0.000105

0.003813 0.00014

0.003621 0.000168

0.003632 9.2e-05

0.003811 6.2e-05

0.003708 0.000132

0.003641 6.8e-05

0.003624 0.000144

0.003663 0.000125

0.003802 0.000112

0.003633 0.000203

0.003829 0.00017

0.003811 0.000105

0.003652 0.000127

0.003652 0.000118

0.003651 0.000214

0.003655 6.8e-05

0.003797 0.000183

0.003684 7.6e-05

0.003648 7.8e-05

0.003655 0.000122

0.003806 0.000134

0.00369 4.8e-05

0.003648 0.000184

0.003662 0.000105

0.003908 9.4e-05

0.003654 8.1e-05

0.003629 0.000131

0.003653 0.000135

0.00363 0.000241

0.004097 0.000119

0.003631 6.7e-05

0.003649 0.000138

0.003771 0.00024

0.003876 0.000106

0.003651 0.000161

0.003804 0.000128

0.003779 0.000128

0.003617 0.000139

0.003808 9.3e-05

0.003625 0.000117

0.003774 0.000131

0.003775 7.5e-05

0.003683 7.7e-05

0.003694 0.000135

0.003634 0.000116

0.00363 0.000123

0.003829 0.000127

0.003815 9.9e-05

0.003802 4.8e-05

0.003728 7.2e-05

0.003626 9e-05

0.004105 0.000137

0.003628 0.00013

0.003649 0.000165

0.003809 7.9e-05

0.003656 0.000175

0.00365 0.000103

0.00363 0.000127

0.003681 9.8e-05

0.003815 0.000115

0.00362 0.000106

0.003657 0.000164

0.003689 0.000114

0.004116 0.000115

0.003695 7.2e-05

0.003804 0.000108

0.003634 0.000118

0.003656 0.000108

0.003646 7.6e-05

0.003654 0.000141

0.003811 7.5e-05

0.003622 0.00012

0.003659 0.000117

0.003804 7e-05

0.003635 8e-05

0.003775 0.000119

0.003837 6.4e-05

0.003811 0.000184

0.00362 0.000138

0.004074 0.000124

0.00377 9.4e-05

0.003806 6.1e-05

0.003651 0.000118

0.003632 5.6e-05

0.003627 5.9e-05

0.003804 0.000113

0.003806 9.7e-05

0.003801 0.000196

0.003657 0.000113

0.003805 0.000202

0.003787 0.000134

0.003633 0.00011

0.003617 0.000106

0.003848 0.000123

0.003697 0.000128

0.004086 9.7e-05

0.003775 0.000195

0.003777 0.000134

0.003674 0.000205

0.003624 0.000141

0.00363 0.000158

0.003684 0.000184

0.003828 0.0001

0.003802 0.00014

0.003623 0.000171

0.003656 0.000102

0.003717 0.000113

0.00362 7.4e-05

0.003655 0.000185

0.003692 0.000126

0.003621 8.8e-05

0.003655 0.000161

0.003666 0.000166

0.003667 8e-05

0.003803 0.00011

0.003896 7.5e-05

0.003691 9.9e-05

0.003657 0.000135

0.003653 8e-05

0.00365 0.0001

0.003794 0.000107

0.003808 0.000127

0.003789 0.000119

0.003658 0.000128

0.003655 7.1e-05

0.003623 0.000253

0.003621 0.000132

0.003628 0.000114

0.00386 6.3e-05

0.0038 0.000179

0.003629 0.000115

0.003777 8e-05

0.003647 0.000113

0.003659 8.2e-05

0.003627 0.00011

0.003629 0.000107

0.003806 0.000159

0.003783 0.00011

0.00363 8.3e-05

0.003625 0.00017

0.003724 7.5e-05

0.003657 0.00013

0.003803 5.9e-05

0.003623 0.000177

0.004109 0.000125

0.003645 0.0001

0.003775 0.000109

0.00362 0.000162

0.003624 0.000147

0.003649 0.000126

0.003768 9.4e-05

0.003628 5.6e-05

0.003626 9.8e-05

0.003676 0.000102

0.003781 9.7e-05

0.003625 9.6e-05

0.003805 9.9e-05

0.003804 0.000111

0.003621 9.2e-05

0.003627 0.000101

0.003656 9.9e-05

0.003858 0.000122

0.003673 0.000152

0.003632 6.6e-05

0.003781 0.000123

0.003621 0.000117

0.003625 0.000143

0.003721 0.000125

0.003658 0.000125

0.003805 0.000104

0.003682 0.000111

0.00363 0.000131

0.003684 0.000206

0.00366 0.000199

0.003812 7.9e-05

0.003659 7.3e-05

0.003833 0.000139

0.003818 0.000104

0.003655 0.000109

0.003646 0.000126

0.003684 0.000176

0.003784 0.00012

0.003624 0.000182

0.003685 0.000158

0.003685 6.8e-05

0.003653 0.000163

0.004081 0.000248

0.003814 0.000109

0.003921 9.4e-05

0.003813 0.000141

0.003628 0.000103

0.003807 0.000143

0.003621 0.000121

0.003776 0.000132

0.003632 0.00016

0.003782 0.000104

0.003801 6.7e-05

0.003623 0.000181

0.004106 6.9e-05

0.003809 0.000199

0.003675 0.000194

0.003807 7.7e-05

0.00363 7.2e-05

0.003629 8.3e-05

0.004108 0.000131

0.003633 0.000104

0.003875 0.000126

0.003629 0.000108

0.003627 0.000106

0.003668 0.000116

0.003725 0.000167

0.003627 0.000125

0.003645 0.000101

0.003689 9.2e-05

0.003776 8.5e-05

0.003774 0.000108

0.003627 0.00018

0.003716 8.6e-05

0.003784 0.000121

0.003942 0.000157

0.003793 9.6e-05

0.003817 0.00013

0.003679 0.000119

0.003808 0.000115

0.003641 0.000139

0.003626 0.00015

0.003702 0.000106

0.003655 0.000101

0.003783 0.000122

0.003617 9.7e-05

0.003712 0.000117

0.003677 0.000109

0.003801 0.000198

0.003763 0.000169

0.003715 8.2e-05

0.003655 0.000167

0.00362 0.000175

0.003781 0.000102

0.003655 0.000184

0.003658 0.000191

0.003815 0.000131

0.003618 9.5e-05

0.003653 0.000102

0.003659 9.5e-05

0.003622 4.9e-05

0.003775 0.000194

0.003773 0.000119

0.00365 9.5e-05

0.003628 6.4e-05

0.003614 0.000115

0.003626 0.000152

0.003651 7.3e-05

0.003625 0.000158

0.003879 7.9e-05

0.003623 8.8e-05

0.003656 7.6e-05

0.003623 7.4e-05

0.003628 0.000167

0.003756 0.00022

