0.008489 1e-05

0.007856 1e-05

0.008316 1.4e-05

0.008225 9e-06

0.008266 2.8e-05

0.008048 1.3e-05

0.008484 1.3e-05

0.00849 1.1e-05

0.007893 1.2e-05

0.007876 1.1e-05

0.008199 1.3e-05

0.007919 1.6e-05

0.007898 1.7e-05

0.008244 1.3e-05

0.008186 1.3e-05

0.007891 1.3e-05

0.008359 1.1e-05

0.008955 8e-06

0.007922 1.4e-05

0.00826 1.1e-05

0.00796 8e-06

0.007938 1e-05

0.008259 1.4e-05

0.008167 1e-05

0.007894 1.2e-05

0.008271 6e-06

0.007865 1.6e-05

0.007915 1.2e-05

0.008762 1.6e-05

0.008253 1.1e-05

0.007978 1e-05

0.008327 1.4e-05

0.007932 1.1e-05

0.008201 8e-06

0.008193 2e-05

0.008245 1.4e-05

0.008189 1.3e-05

0.008276 1.2e-05

0.008011 1.1e-05

0.008258 1.2e-05

0.007891 1.2e-05

0.00828 1.7e-05

0.007988 1.5e-05

0.007919 1e-05

0.007904 1.1e-05

0.00834 1.4e-05

0.008177 1.2e-05

0.007931 1.1e-05

0.008225 1.1e-05

0.008519 1.3e-05

0.008267 1.4e-05

0.007875 1.6e-05

0.007885 1.1e-05

0.008278 1.1e-05

0.007894 1.6e-05

0.008241 1.3e-05

0.00823 1e-05

0.007897 1.4e-05

0.008364 1.6e-05

0.00791 9e-06

0.008272 1.3e-05

0.008274 8e-06

0.007861 1.2e-05

0.00843 1.5e-05

0.008213 1.2e-05

0.008406 1.1e-05

0.008296 1.4e-05

0.008314 1.3e-05

0.008263 1.2e-05

0.008282 7e-06

0.007915 7e-06

0.007913 1.2e-05

0.008248 1.2e-05

0.008166 1.9e-05

0.008268 1e-05

0.008867 1.2e-05

0.008943 1.1e-05

0.008215 2.2e-05

0.008242 1.5e-05

0.008445 1.4e-05

0.008327 1.4e-05

0.008422 1.4e-05

0.008341 1.1e-05

0.008263 1.4e-05

0.007992 1.4e-05

0.008257 8e-06

0.008276 1.6e-05

0.007926 7e-06

0.008226 1.4e-05

0.008233 9e-06

0.007932 1.1e-05

0.007914 1.3e-05

0.008242 1.5e-05

0.008228 1.1e-05

0.008464 1.2e-05

0.008669 1.1e-05

0.007901 1.6e-05

0.008231 9e-06

0.008215 9e-06

0.008244 1.1e-05

0.00843 1.4e-05

0.00887 1.2e-05

0.007863 1.8e-05

0.008877 1.1e-05

0.00829 1.2e-05

0.008272 8e-06

0.008282 1e-05

0.008264 1.4e-05

0.008215 9e-06

0.008909 1.3e-05

0.008276 9e-06

0.007943 1.2e-05

0.008859 1.6e-05

0.008078 1.4e-05

0.008308 1.1e-05

0.00821 1.4e-05

0.008269 1.2e-05

0.008303 1e-05

0.008281 1.2e-05

0.008274 1.4e-05

0.00801 1e-05

0.00831 1.3e-05

0.007989 1.7e-05

0.008281 1.1e-05

0.008246 1.1e-05

0.00788 1.3e-05

0.008897 1.4e-05

0.008198 1.9e-05

0.007912 1.3e-05

0.00789 1.1e-05

0.008268 1.1e-05

0.008203 1.5e-05

0.008111 1.1e-05

0.007905 8e-06

0.007873 2.1e-05

0.007888 1.1e-05

0.008168 1.2e-05

0.00887 1e-05

0.00889 1.5e-05

0.008219 1.5e-05

0.008218 1.4e-05

0.008255 1.1e-05

0.008921 1.3e-05

0.008347 1.1e-05

0.008259 1.2e-05

0.008275 1.2e-05

0.007892 1.4e-05

0.008916 1.3e-05

0.008241 1.3e-05

0.008227 9e-06

0.00827 2e-05

0.008228 1.3e-05

0.008263 1.1e-05

0.007897 1.2e-05

0.008266 1.3e-05

0.00823 1.8e-05

0.007904 1.6e-05

0.008287 1.7e-05

0.008234 1.2e-05

0.008265 1.5e-05

0.007936 1.2e-05

0.008968 1.3e-05

0.007906 1.7e-05

0.008183 1.3e-05

0.008482 8e-06

0.008258 1.1e-05

0.008184 1.4e-05

0.008216 1.2e-05

0.008187 1.5e-05

0.00827 1.2e-05

0.00828 1.4e-05

0.008168 1.2e-05

0.008192 1.6e-05

0.008241 1.1e-05

0.008211 1.7e-05

0.008934 1.5e-05

0.008246 1.5e-05

0.008239 1.4e-05

0.008332 1.2e-05

0.008293 1.6e-05

0.008228 1e-05

0.008936 9e-06

0.008186 8e-06

0.007873 1.2e-05

0.007907 1.2e-05

0.008262 1e-05

0.008434 1.6e-05

0.008986 1e-05

0.007977 8e-06

0.008258 1.2e-05

0.007978 1.6e-05

0.008329 1.3e-05

0.007912 1.4e-05

0.007893 1.2e-05

0.008518 7e-06

0.008335 1.3e-05

0.00824 1.4e-05

0.00892 1.6e-05

0.00833 1.1e-05

0.007945 1.4e-05

0.008251 1.5e-05

0.00822 1.5e-05

0.008275 1.6e-05

0.007935 1.4e-05

0.008289 8e-06

0.008224 1.3e-05

0.008517 1.5e-05

0.008208 1e-05

0.008175 1e-05

0.008166 1.2e-05

0.008407 1.4e-05

0.008269 1.6e-05

0.007901 1.1e-05

0.007882 1.2e-05

0.008211 1.8e-05

0.007955 1.4e-05

0.008351 1.6e-05

0.008382 1.3e-05

0.008218 1.6e-05

0.008279 1.2e-05

0.009049 1.8e-05

0.007925 1.1e-05

0.008429 1.7e-05

0.007895 1.5e-05

0.008302 8e-06

0.007925 1.1e-05

0.00825 1.4e-05

0.007952 1.1e-05

0.007956 1.4e-05

0.007937 1.3e-05

0.008293 1.1e-05

0.008301 1.1e-05

0.008034 1.7e-05

0.008888 1e-05

0.007937 1.5e-05

0.008224 1.2e-05

0.00819 1.9e-05

0.008246 1.1e-05

0.00821 7e-06

0.008239 1.3e-05

0.008854 1e-05

0.007942 1.2e-05

0.008305 9e-06

0.007953 1.4e-05

0.008265 1.2e-05

0.008463 1.4e-05

0.008189 1.4e-05

0.008182 8e-06

0.008253 1.2e-05

0.008931 1.1e-05

0.008185 1.7e-05

0.00822 1.5e-05

0.008297 1.3e-05

0.008045 1.1e-05

0.008888 1.1e-05

0.007947 1.2e-05

0.008255 1.7e-05

0.007911 1.3e-05

0.00821 1e-05

0.007865 1.2e-05

0.008874 1.1e-05

0.008316 2.7e-05

0.007934 1.4e-05

0.008422 1.3e-05

0.007954 1e-05

0.008235 1.5e-05

0.008005 1.4e-05

0.00821 1.2e-05

0.008337 1.2e-05

0.007925 1.3e-05

0.007886 1.4e-05

0.008312 1.3e-05

0.008231 1.1e-05

0.007866 1.5e-05

0.007883 1.3e-05

0.008271 9e-06

0.007908 1.5e-05

0.008491 1.1e-05

0.008246 9e-06

0.007901 1.5e-05

0.007979 1.5e-05

0.008939 1.6e-05

0.008351 1e-05

0.007935 1.3e-05

0.00788 1.5e-05

0.007889 1.3e-05

0.008875 1.2e-05

0.007908 1.6e-05

0.008224 1.2e-05

0.008336 9e-06

0.007933 1.2e-05

0.008074 1.6e-05

0.007931 9e-06

0.008238 1.2e-05

0.007914 1e-05

0.00822 1.4e-05

0.007888 1.2e-05

0.008238 1e-05

0.008229 1.3e-05

0.008193 1.2e-05

0.008179 1.4e-05

0.008206 1.5e-05

0.008435 9e-06

0.007874 8e-06

0.00827 1.2e-05

0.007906 1e-05

0.00888 1.5e-05

0.007928 1.4e-05

0.00847 1e-05

0.007913 8e-06

0.008191 1.8e-05

0.008179 1.4e-05

0.007908 1.2e-05

0.00892 2.2e-05

0.00792 1.4e-05

0.007883 1.2e-05

0.008888 1.1e-05

0.008289 1.1e-05

0.007958 8e-06

0.008248 2e-05

0.007934 1.5e-05

0.008252 1.3e-05

0.008182 1.7e-05

0.007933 1e-05

0.007857 1.3e-05

0.007885 1.4e-05

0.007974 1.1e-05

0.007906 1.1e-05

0.007919 1.3e-05

0.007892 1.4e-05

0.007898 9e-06

0.007934 9e-06

0.008239 9e-06

0.008315 1.2e-05

0.008249 1e-05

0.007929 1.3e-05

0.008257 1.7e-05

0.008257 1.6e-05

0.007884 1.2e-05

0.00822 1.3e-05

0.007884 1.2e-05

0.008273 1.3e-05

0.007892 9e-06

0.007914 8e-06

0.007869 1.3e-05

0.008261 1.8e-05

0.008211 8e-06

0.008276 1.2e-05

0.008281 1.1e-05

0.008914 9e-06

0.008253 9e-06

0.008228 6e-06

0.007903 1.6e-05

0.007869 1.4e-05

0.008056 1.5e-05

0.008237 1.1e-05

0.007905 1.1e-05

0.008329 9e-06

0.008894 8e-06

0.008269 1.3e-05

0.008466 1e-05

0.008888 1.3e-05

0.008445 8e-06

0.00794 1.5e-05

0.008482 1e-05

0.008266 1.3e-05

0.008211 1.5e-05

0.007886 1.3e-05

0.008849 1.3e-05

0.008496 1.2e-05

0.008351 1.1e-05

0.007895 7e-06

0.008223 7e-06

0.008287 1.1e-05

0.008918 1.6e-05

0.008269 1.2e-05

0.007906 1.6e-05

0.007988 1.1e-05

0.008229 1.5e-05

0.008205 1e-05

0.009034 6e-06

0.008254 1.6e-05

0.008316 1.1e-05

0.008245 1.8e-05

0.008226 1.4e-05

0.007929 1.2e-05

0.007873 1.1e-05

0.00828 1.6e-05

0.008857 1.4e-05

0.008869 1.5e-05

0.008463 1.1e-05

0.007962 2e-05

0.007901 1.3e-05

0.007862 1e-05

0.008238 7e-06

0.008257 1.3e-05

0.007944 1.7e-05

0.008908 1.1e-05

0.007897 1.4e-05

0.008883 9e-06

0.007951 1.6e-05

0.007894 1e-05

0.008256 1.4e-05

0.008235 1.6e-05

0.008253 1.3e-05

0.008241 1.3e-05

0.007927 1.2e-05

0.008253 1.4e-05

0.008294 1.1e-05

0.00828 1.2e-05

0.008303 1e-05

0.007943 1e-05

0.008264 1e-05

0.007886 1.5e-05

0.008206 9e-06

0.007955 1.6e-05

0.007866 1.1e-05

0.008204 1.4e-05

0.008937 2e-05

0.008328 1.5e-05

0.008902 1.4e-05

0.007936 1.1e-05

0.008257 1.3e-05

0.007919 1.3e-05

0.007913 1.3e-05

0.008212 1.6e-05

0.007896 1.4e-05

0.008229 1.4e-05

0.00826 1.2e-05

0.00823 1.8e-05

0.008237 1.1e-05

0.008262 1.7e-05

0.007866 9e-06

0.008191 9e-06

0.008253 1.1e-05

0.008239 1.5e-05

0.008271 1.1e-05

0.008352 1.5e-05

0.008963 1.5e-05

0.00824 8e-06

0.008215 1.4e-05

0.007881 1.3e-05

0.008289 7e-06

0.008221 9e-06

0.008495 1.4e-05

0.009208 1e-05

0.008071 1e-05

0.008215 1.2e-05

0.008302 1.4e-05

0.008172 1.4e-05

0.008505 1.4e-05

0.008503 1.6e-05

0.008442 1.4e-05

0.008313 1.6e-05

0.008437 9e-06

0.007932 1.4e-05

0.008419 1.1e-05

0.007932 1.7e-05

0.008458 1.3e-05

0.008485 1e-05

0.008723 1.1e-05

0.008966 1.7e-05

0.00854 2.1e-05

0.008015 1.3e-05

0.00814 1.2e-05

0.009015 1e-05

0.008397 1.3e-05

0.008421 1e-05

0.008586 1.6e-05

0.00831 1.3e-05

0.008355 1.5e-05

0.007952 1.1e-05

0.008422 1.7e-05

0.007904 1.6e-05

0.008307 1.8e-05

0.008506 1.7e-05

0.008822 7e-06

0.008247 1.6e-05

0.007948 1.5e-05

0.008288 9e-06

0.008535 1.2e-05

0.009326 8e-06

0.008523 1.4e-05

0.007963 1.5e-05

0.008269 2.2e-05

0.00841 1.4e-05

0.007998 1e-05

0.007889 1.2e-05

0.007881 1.4e-05

0.00786 1.2e-05

0.008258 1.2e-05

0.009176 1.4e-05

0.00837 1.2e-05

0.008168 1.2e-05

0.007898 1.3e-05

0.008098 2.2e-05

0.008166 1.4e-05

0.008375 1.7e-05

0.008362 1.4e-05

0.008673 1.3e-05

0.009285 1.5e-05

0.008691 1.1e-05

0.009087 1.5e-05

0.009105 1.4e-05

0.007964 1.4e-05

0.009905 1.8e-05

0.00857 1.2e-05

0.008359 1.6e-05

0.008422 1.3e-05

0.008247 8e-06

0.008162 1.3e-05

0.008239 3.1e-05

0.008158 1.3e-05

0.007999 1e-05

0.008319 1.4e-05

0.009251 1.1e-05

0.008087 1e-05

0.008387 1.5e-05

0.00834 1.3e-05

0.008338 1.3e-05

0.007908 1.3e-05

0.007999 1.2e-05

0.008233 1.4e-05

0.008195 1.3e-05

0.008401 1.4e-05

0.008235 1.4e-05

0.00844 1.8e-05

0.008289 1.2e-05

0.008147 1.9e-05

0.009068 1.4e-05

0.008313 1.6e-05

0.008221 1.3e-05

0.007925 1.5e-05

0.009227 1.2e-05

0.008165 9e-06

0.008344 1.6e-05

0.008776 1.3e-05

0.007971 1.2e-05

0.009632 1.2e-05

0.00842 9e-06

0.008259 1.6e-05

0.008067 1.8e-05

0.008991 1.2e-05

0.008307 1.2e-05

0.008913 1.6e-05

0.008348 1.2e-05

0.008951 2.3e-05

0.008688 1.3e-05

0.008335 1.3e-05

0.0081 2.5e-05

0.008391 1.5e-05

0.008455 9e-06

0.009497 1.2e-05

0.008063 9e-06

0.008101 1.5e-05

0.008383 1.1e-05

0.008508 1.6e-05

0.008411 1.5e-05

0.008373 1.8e-05

0.008088 1.4e-05

0.008269 1e-05

0.008388 1.4e-05

0.009343 1e-05

0.008428 1.2e-05

0.00896 1e-05

0.008283 1.4e-05

0.008221 1.5e-05

0.008295 1.3e-05

0.008888 1.6e-05

0.008092 1.3e-05

0.008848 1.2e-05

0.007976 9e-06

0.008932 1.3e-05

0.008488 1.1e-05

0.00846 1.8e-05

0.008262 1.6e-05

0.007902 1.5e-05

0.009082 1.6e-05

0.007885 8e-06

0.008274 1.1e-05

0.00946 1.7e-05

0.008477 1.4e-05

0.008743 1.2e-05

0.007993 1.2e-05

0.007936 1e-05

0.008391 1.7e-05

0.008422 1.3e-05

0.00807 8e-06

0.008288 1.8e-05

0.008398 8e-06

0.009134 1.2e-05

0.008039 1e-05

0.008537 1.8e-05

0.008097 1.2e-05

0.008913 1.2e-05

0.008383 1.4e-05

0.010148 2e-05

0.009781 1.6e-05

0.008596 9e-06

0.008135 1.1e-05

0.008306 1.4e-05

0.008669 7.7e-05

0.008398 1.2e-05

0.009099 1.6e-05

0.008301 1.8e-05

0.008612 1.5e-05

0.008633 1.3e-05

0.008282 8e-06

0.008412 2.3e-05

0.008382 1e-05

0.008691 1.2e-05

0.008239 1.6e-05

0.008207 1.7e-05

0.008172 1.2e-05

0.009142 1.7e-05

0.01181 2.5e-05

0.008271 2.2e-05

0.011565 2.3e-05

0.008916 2e-05

0.008382 1.7e-05

0.008085 9e-06

0.008606 1.1e-05

0.009149 1.3e-05

0.00829 1.2e-05

0.008361 1.5e-05

0.008766 1.4e-05

0.008138 1.2e-05

0.009135 1.9e-05

0.008116 1.1e-05

0.008896 1.2e-05

0.008567 1.6e-05

0.008628 2.5e-05

0.00878 1.6e-05

0.008697 2.2e-05

0.009092 1.7e-05

0.00887 1.3e-05

0.009666 1.4e-05

0.008557 1.3e-05

0.008829 1.7e-05

0.008604 1.4e-05

0.009043 1.5e-05

0.008363 2.4e-05

0.008738 1.6e-05

0.008141 1.2e-05

0.008366 1.9e-05

0.008697 1.3e-05

0.009058 1.4e-05

0.008527 1.9e-05

0.008229 1.6e-05

0.008479 1.4e-05

0.008411 2.1e-05

0.008432 8e-06

0.008419 1.7e-05

0.008172 1.3e-05

0.00852 1.2e-05

0.008025 1.2e-05

0.008495 1e-05

0.008713 8e-06

0.008502 1.1e-05

0.008294 1.9e-05

0.008009 8e-06

0.008417 1e-05

0.00844 9e-06

0.008264 1.5e-05

0.007999 8e-06

0.008312 1.4e-05

0.008261 1.2e-05

0.008361 1.9e-05

0.008274 9e-06

0.007996 8e-06

0.007926 9e-06

0.008422 1.6e-05

0.008239 8e-06

0.008278 1.4e-05

0.008946 2.7e-05

0.008848 1.2e-05

0.008365 1.4e-05

0.008965 1.2e-05

0.008591 1.3e-05

0.008102 1.4e-05

0.008015 1.1e-05

0.008167 1.2e-05

0.008646 1.3e-05

0.012666 1.5e-05

0.00932 1.5e-05

0.008618 1.3e-05

0.008745 1.3e-05

0.008497 1.5e-05

0.008678 1.6e-05

0.009101 2.2e-05

0.008202 1.8e-05

0.008709 1.9e-05

0.009216 1.4e-05

0.008128 1.7e-05

0.008719 8e-06

0.008441 1.7e-05

0.008362 1.2e-05

0.008414 1.2e-05

0.009241 1.2e-05

0.008464 1.5e-05

0.009041 8e-06

0.00862 1.7e-05

0.008989 1.4e-05

0.00852 1.7e-05

0.008206 1.1e-05

0.009185 1.6e-05

0.008536 1.2e-05

0.008526 1.2e-05

0.008645 1.4e-05

0.008132 1.6e-05

0.009637 1.4e-05

0.008936 1.6e-05

0.010099 3.6e-05

0.010442 1.9e-05

0.00937 1.7e-05

0.008203 1.7e-05

0.00879 1.9e-05

0.008785 2.1e-05

0.009622 1.5e-05

0.010329 1.2e-05

0.008609 9e-06

0.012969 2.1e-05

0.00865 1.2e-05

0.008104 1.9e-05

0.009199 1.9e-05

0.009259 1.5e-05

0.008141 1.4e-05

0.008407 1.4e-05

0.00847 1.6e-05

0.008332 1.3e-05

0.009136 1.1e-05

0.008388 1.1e-05

0.009159 1.6e-05

0.008558 1.5e-05

0.008113 1.8e-05

0.008489 1.6e-05

0.008464 1.4e-05

0.008429 7e-06

0.008452 1.7e-05

0.008636 1.9e-05

0.008341 1.7e-05

0.008657 1.2e-05

0.00849 1.6e-05

0.008071 1.7e-05

0.008254 1.2e-05

0.008121 1.1e-05

0.008098 1.1e-05

0.008454 1.5e-05

0.00844 2e-05

0.008061 1.5e-05

0.008443 1.6e-05

0.008513 2.1e-05

0.008268 8e-06

0.007888 1.2e-05

0.008048 1.2e-05

0.007978 1.5e-05

0.010751 9e-06

0.008187 1.3e-05

0.007874 1.1e-05

0.00832 2e-05

0.008362 1.4e-05

0.008415 1.2e-05

0.008312 1e-05

0.007887 1e-05

0.00824 1.6e-05

0.007859 9e-06

0.008336 1.2e-05

0.008253 1.5e-05

0.008231 1.2e-05

0.008239 1.5e-05

0.007937 1.3e-05

0.007956 1.4e-05

0.008249 1.4e-05

0.008267 8e-06

0.008218 9e-06

0.007913 1.4e-05

0.008185 9e-06

0.008199 1.1e-05

0.008291 1e-05

0.007944 1e-05

0.007947 8e-06

0.008266 1e-05

0.008331 1e-05

0.008909 1.6e-05

0.009016 1.1e-05

0.008293 9e-06

0.008233 1.4e-05

0.008214 9e-06

0.008317 1.2e-05

0.00817 8e-06

0.008214 1e-05

0.008374 1.2e-05

0.00805 1.3e-05

0.008266 1.4e-05

0.008251 1e-05

0.008266 1.3e-05

0.008441 1.1e-05

0.008255 1.1e-05

0.008442 1.4e-05

0.007886 1e-05

0.008167 1e-05

0.008566 1.1e-05

0.008478 1.6e-05

0.008494 1.3e-05

0.008271 1.2e-05

0.00835 1.3e-05

0.009003 7e-06

0.008336 1.5e-05

0.008529 1e-05

0.008304 1.2e-05

0.008399 2e-05

0.008273 1.5e-05

0.008473 1.2e-05

0.008469 1.1e-05

0.008417 1.1e-05

0.008232 1.1e-05

0.008266 1.4e-05

0.00826 1.2e-05

0.00854 1.3e-05

0.00852 1.2e-05

0.008272 1.2e-05

0.008393 1.2e-05

0.008888 1.9e-05

0.00824 1.3e-05

0.008289 1.4e-05

0.008375 1.4e-05

0.007901 1e-05

0.007997 1.7e-05

0.00833 1.3e-05

0.008383 1.1e-05

0.008256 1.6e-05

0.008901 1e-05

0.00824 1.4e-05

0.008239 1.2e-05

0.008914 9e-06

0.007919 1.2e-05

0.008229 9e-06

0.008333 1.5e-05

0.008327 1.5e-05

0.008299 8e-06

0.007969 1e-05

0.007928 1e-05

0.008231 1.1e-05

0.008303 9e-06

0.008182 1.2e-05

0.007932 1.9e-05

0.007913 1.4e-05

0.008199 1e-05

0.007905 1.4e-05

0.008171 1e-05

0.009089 1e-05

0.008457 1.2e-05

0.008224 1.3e-05

0.008218 1e-05

0.007927 1e-05

0.008168 1.2e-05

0.007947 1.5e-05

0.00827 7e-06

0.009454 1.1e-05

0.008457 1.4e-05

0.008263 1.2e-05

0.00792 1.1e-05

0.008365 1.3e-05

0.008274 1.7e-05

0.007953 1.6e-05

0.008047 1.4e-05

0.008397 1.2e-05

0.008291 1.4e-05

0.008346 1.4e-05

0.008284 9e-06

0.010322 1e-05

0.008626 1.4e-05

0.008518 1e-05

0.008483 1.5e-05

0.008166 9e-06

0.008452 1e-05

0.00797 9e-06

0.008143 1.4e-05

0.008256 1.1e-05

0.007876 1.5e-05

0.008262 1.4e-05

0.007922 1.3e-05

0.007938 7e-06

0.008409 1.1e-05

0.008034 1e-05

0.009363 3.6e-05

0.008981 1.5e-05

0.008578 1.2e-05

0.008347 2.5e-05

0.008059 1e-05

0.008272 9e-06

0.008166 9e-06

0.008826 1.1e-05

0.008437 1e-05

0.008471 2e-05

0.008003 2e-05

0.007988 1.4e-05

0.00844 1.1e-05

0.008392 1.6e-05

0.008245 1.3e-05

0.008419 1.8e-05

0.007933 1e-05

0.008304 1.3e-05

0.008045 1.3e-05

0.008377 1.5e-05

0.008249 1.1e-05

0.008218 9e-06

0.008209 1.2e-05

0.008084 1.3e-05

0.008267 1.1e-05

0.008315 1.6e-05

0.008282 1e-05

0.007908 1.1e-05

0.008028 1.1e-05

0.008284 1.4e-05

0.008209 2e-05

0.007933 1.6e-05

0.008334 8e-06

0.008356 1.2e-05

0.007982 1.5e-05

0.007868 1.2e-05

0.007984 1.4e-05

0.007895 1.2e-05

0.008323 1.1e-05

0.008962 1.1e-05

0.008485 2.5e-05

0.008655 1.8e-05

0.008446 1.1e-05

0.009039 1.3e-05

0.008605 1.7e-05

0.008219 2e-05

0.008533 1.5e-05

0.009443 1.2e-05

0.008452 1.8e-05

0.008138 1.8e-05

0.008718 1.7e-05

0.0083 1.6e-05

0.008715 1.1e-05

0.008827 1e-05

0.008452 1.1e-05

0.008519 1.4e-05

0.00853 2.1e-05

0.008776 1.8e-05

0.008235 1.1e-05

0.008078 1.4e-05

0.008445 1e-05

0.00915 1.1e-05

0.00815 1e-05

0.009305 1.3e-05

0.008055 1.7e-05

0.008244 1.3e-05

0.008878 1.5e-05

0.008874 1.3e-05

0.008195 1e-05

0.007986 7e-06

0.007988 1.1e-05

0.008367 1.6e-05

0.00827 1.3e-05

0.008307 1.6e-05

0.007899 1.2e-05

0.008487 9e-06

0.008284 1.6e-05

0.008377 1.2e-05

0.008517 1.8e-05

0.008477 1e-05

0.008495 1.1e-05

0.008428 1e-05

0.008416 1.2e-05

0.00848 1.1e-05

0.008618 1.7e-05

0.008364 1.1e-05

0.008407 1.5e-05

0.009292 1e-05

0.008392 1.2e-05

0.008246 1.2e-05

0.00819 1.5e-05

0.008256 8e-06

0.008245 1e-05

0.008302 1.2e-05

0.00833 1.6e-05

0.008437 1.5e-05

0.008181 1.2e-05

0.008338 1.1e-05

0.008091 1.2e-05

0.008439 1.1e-05

0.00804 1.9e-05

0.008518 1e-05

0.00842 1.6e-05

0.008363 1.1e-05

0.007906 1e-05

0.008322 1.7e-05

0.008225 1.5e-05

0.008238 1.4e-05

0.008227 9e-06

0.008205 1e-05

0.008901 1e-05

0.008491 1.1e-05

0.00845 1.2e-05

0.008385 1.2e-05

0.009093 1.4e-05

