0.01533 3e-06

0.017729 4e-06

0.016234 3e-06

0.015474 2e-06

0.018234 3e-06

0.016153 4e-06

0.016135 4e-06

0.016216 3e-06

0.01611 3e-06

0.014745 4e-06

0.014866 4e-06

0.014483 3e-06

0.015075 3e-06

0.014344 3e-06

0.014941 2e-06

0.016147 4e-06

0.014944 5e-06

0.014935 2e-06

0.014953 3e-06

0.016124 5e-06

0.016098 3e-06

0.016142 2e-06

0.015225 2e-06

0.016089 3e-06

0.014903 2e-06

0.016135 4e-06

0.015966 2e-06

0.015032 4e-06

0.015144 2e-06

0.01486 3e-06

0.014804 2e-06

0.01417 3e-06

0.014631 3e-06

0.014631 3e-06

0.01511 4e-06

0.0143 3e-06

0.014945 3e-06

0.014727 4e-06

0.014741 3e-06

0.014228 4e-06

0.016348 2e-06

0.014305 3e-06

0.014683 3e-06

0.014121 3e-06

0.01579 3e-06

0.014709 2e-06

0.014619 3e-06

0.014675 3e-06

0.015933 2e-06

0.014874 4e-06

0.015484 3e-06

0.015588 3e-06

0.01514 3e-06

0.015059 4e-06

0.015118 3e-06

0.015 4e-06

0.014999 4e-06

0.015022 4e-06

0.014782 2e-06

0.016045 5e-06

0.015783 4e-06

0.015103 2e-06

0.014652 2e-06

0.014774 3e-06

0.014625 4e-06

0.014689 4e-06

0.015028 2e-06

0.016226 3e-06

0.014968 3e-06

0.015797 3e-06

0.015824 3e-06

0.014855 3e-06

0.015278 3e-06

0.014198 3e-06

0.014033 3e-06

0.015756 2e-06

0.01467 2e-06

0.014677 4e-06

0.015801 4e-06

0.014247 3e-06

0.014604 3e-06

0.014814 2e-06

0.015832 3e-06

0.015743 3e-06

0.015088 3e-06

0.014155 3e-06

0.015705 3e-06

0.015763 4e-06

0.016004 4e-06

0.014113 2e-06

0.014776 4e-06

0.017022 3e-06

0.015076 3e-06

0.016819 3e-06

0.015028 5e-06

0.015086 4e-06

0.015119 6e-06

0.015026 3e-06

0.015108 3e-06

0.015119 3e-06

0.015115 3e-06

0.014628 4e-06

0.014508 4e-06

0.015366 5e-06

0.01437 3e-06

0.014284 3e-06

0.014735 2e-06

0.014747 3e-06

0.014673 3e-06

0.015889 2e-06

0.014717 3e-06

0.016065 3e-06

0.014986 3e-06

0.014919 2e-06

0.014982 3e-06

0.014388 3e-06

0.014564 5e-06

0.015036 3e-06

0.014461 3e-06

0.014943 3e-06

0.014998 2e-06

0.014406 2e-06

0.014967 1e-06

0.016053 3e-06

0.015744 3e-06

0.014072 3e-06

0.013967 2e-06

0.014602 2e-06

0.014009 2e-06

0.014083 2e-06

0.014683 3e-06

0.014569 5e-06

0.014945 3e-06

0.015085 4e-06

0.015941 5e-06

0.014719 2e-06

0.014583 2e-06

0.014127 2e-06

0.015802 2e-06

0.014974 2e-06

0.014675 2e-06

0.015199 2e-06

0.015811 3e-06

0.014627 3e-06

0.015941 3e-06

0.014122 3e-06

0.014699 2e-06

0.014645 4e-06

0.014662 2e-06

0.015406 3e-06

0.014001 3e-06

0.014598 3e-06

0.015812 2e-06

0.014611 3e-06

0.015142 3e-06

0.014278 2e-06

0.015833 2e-06

0.014996 3e-06

0.015852 2e-06

0.015752 2e-06

0.014107 4e-06

0.014752 2e-06

0.015144 2e-06

0.014681 3e-06

0.016109 3e-06

0.015937 3e-06

0.014147 3e-06

0.014584 4e-06

0.014575 3e-06

0.014632 2e-06

0.014965 2e-06

0.014141 2e-06

0.014621 3e-06

0.014546 3e-06

0.01469 2e-06

0.01459 3e-06

0.014917 3e-06

0.014574 2e-06

0.014586 2e-06

0.014073 3e-06

0.014717 3e-06

0.015812 2e-06

0.015084 2e-06

0.014617 2e-06

0.014641 2e-06

0.015066 2e-06

0.014598 3e-06

0.015326 2e-06

0.015686 2e-06

0.01459 4e-06

0.014663 3e-06

0.014586 2e-06

0.014092 3e-06

0.014036 3e-06

0.015828 3e-06

0.014102 3e-06

0.015835 2e-06

0.01469 3e-06

0.014095 4e-06

0.014117 4e-06

0.014605 2e-06

0.014606 2e-06

0.015725 2e-06

0.014078 2e-06

0.014678 3e-06

0.014625 2e-06

0.015013 3e-06

0.015074 3e-06

0.015898 2e-06

0.014099 2e-06

0.014987 3e-06

0.014008 4e-06

0.014615 2e-06

0.014114 3e-06

0.014626 2e-06

0.014023 2e-06

0.014664 3e-06

0.014712 5e-06

0.014051 2e-06

0.015064 4e-06

0.014119 3e-06

0.014726 2e-06

0.014616 2e-06

0.014592 3e-06

0.014638 3e-06

0.014943 4e-06

0.01579 3e-06

0.015084 2e-06

0.015863 3e-06

0.015818 3e-06

0.015819 3e-06

0.014674 3e-06

0.014161 3e-06

0.014617 3e-06

0.015908 3e-06

0.014004 4e-06

0.014039 4e-06

0.015931 3e-06

0.01514 3e-06

0.015061 3e-06

0.015762 3e-06

0.014609 2e-06

0.015755 3e-06

0.01462 3e-06

0.014609 2e-06

0.014703 3e-06

0.014558 2e-06

0.014722 2e-06

0.014575 3e-06

0.014652 2e-06

0.015034 3e-06

0.014045 3e-06

0.014695 2e-06

0.014628 3e-06

0.014733 2e-06

0.014696 2e-06

0.014625 3e-06

0.014609 2e-06

0.014165 3e-06

0.015236 3e-06

0.015917 1e-06

0.014161 3e-06

0.014745 3e-06

0.014628 2e-06

0.015851 3e-06

0.014706 2e-06

0.014099 3e-06

0.014626 3e-06

0.014654 3e-06

0.01403 3e-06

0.014623 3e-06

0.014123 3e-06

0.014583 2e-06

0.014703 3e-06

0.014627 3e-06

0.014978 3e-06

0.014584 2e-06

0.014652 4e-06

0.01461 4e-06

0.015791 5e-06

0.014385 3e-06

0.0147 3e-06

0.014598 4e-06

0.014977 2e-06

0.015081 3e-06

0.014709 3e-06

0.01511 2e-06

0.015758 3e-06

0.015028 2e-06

0.014671 3e-06

0.014071 3e-06

0.015812 2e-06

0.014572 3e-06

0.015738 4e-06

0.014658 2e-06

0.014589 4e-06

0.014014 3e-06

0.014659 2e-06

0.014022 2e-06

0.014589 3e-06

0.014601 2e-06

0.014788 2e-06

0.014873 2e-06

0.014608 2e-06

0.015158 3e-06

0.015792 3e-06

0.014602 2e-06

0.01597 2e-06

0.014615 2e-06

0.014568 3e-06

0.014072 3e-06

0.014112 2e-06

0.01477 2e-06

0.014636 3e-06

0.014615 3e-06

0.014673 2e-06

0.014579 3e-06

0.014611 2e-06

0.014556 4e-06

0.014592 5e-06

0.01583 4e-06

0.015874 3e-06

0.014731 3e-06

0.014595 3e-06

0.013952 3e-06

0.014565 3e-06

0.014588 1e-06

0.015749 3e-06

0.016669 3e-06

0.014946 3e-06

0.014068 3e-06

0.014626 2e-06

0.014676 2e-06

0.014083 3e-06

0.014642 3e-06

0.013973 3e-06

0.014705 2e-06

0.015765 2e-06

0.014722 3e-06

0.014716 3e-06

0.015729 3e-06

0.014672 3e-06

0.013993 3e-06

0.014747 3e-06

0.014187 3e-06

0.014102 2e-06

0.014756 3e-06

0.014661 2e-06

0.01402 4e-06

0.015873 3e-06

0.016109 2e-06

0.014586 2e-06

0.013977 2e-06

0.01462 3e-06

0.015887 2e-06

0.01402 2e-06

0.015103 3e-06

0.015111 2e-06

0.014057 3e-06

0.014093 2e-06

0.014643 1e-06

0.013987 2e-06

0.015841 5e-06

0.016371 2e-06

0.014273 3e-06

0.014576 3e-06

0.014125 3e-06

0.014077 3e-06

0.014005 2e-06

0.014961 2e-06

0.014608 2e-06

0.015044 3e-06

0.014614 2e-06

0.014904 3e-06

0.014629 3e-06

0.014003 2e-06

0.01497 3e-06

0.014022 3e-06

0.014704 3e-06

0.014634 3e-06

0.0147 2e-06

0.014586 3e-06

0.014112 3e-06

0.014744 2e-06

0.014857 5e-06

0.015064 4e-06

0.014621 4e-06

0.014638 3e-06

0.01472 3e-06

0.014643 3e-06

0.015826 3e-06

0.014741 2e-06

0.015034 3e-06

0.01403 2e-06

0.014628 3e-06

0.014566 3e-06

0.015817 3e-06

0.013989 4e-06

0.015023 2e-06

0.013984 2e-06

0.015796 3e-06

0.014618 3e-06

0.014593 3e-06

0.014937 2e-06

0.015861 3e-06

0.014621 2e-06

0.014988 3e-06

0.014063 2e-06

0.015803 3e-06

0.014647 4e-06

0.014984 3e-06

0.014757 3e-06

0.015772 2e-06

0.014638 3e-06

0.014092 3e-06

0.015884 3e-06

0.015841 3e-06

0.013981 2e-06

0.014041 3e-06

0.014599 2e-06

0.01489 4e-06

0.014742 2e-06

0.014581 2e-06

0.014583 2e-06

0.014609 3e-06

0.015714 3e-06

0.015071 3e-06

0.014929 2e-06

0.013986 3e-06

0.014576 2e-06

0.014056 3e-06

0.01502 3e-06

0.014694 3e-06

0.015745 2e-06

0.014169 2e-06

0.014643 3e-06

0.015031 3e-06

0.014713 3e-06

0.014506 3e-06

0.014586 2e-06

0.014715 5e-06

0.015715 2e-06

0.015085 2e-06

0.015729 2e-06

0.014662 3e-06

0.014593 3e-06

0.014643 4e-06

0.015641 2e-06

0.014631 3e-06

0.014761 2e-06

0.014002 3e-06

0.01573 3e-06

0.014598 2e-06

0.015056 3e-06

0.015982 3e-06

0.014603 3e-06

0.014695 3e-06

0.014585 3e-06

0.014689 4e-06

0.014709 4e-06

0.014019 2e-06

0.015848 3e-06

0.014983 2e-06

0.015175 3e-06

0.01406 2e-06

0.014564 3e-06

0.014668 3e-06

0.014619 5e-06

0.01501 2e-06

0.014618 3e-06

0.014923 2e-06

0.014691 2e-06

0.013976 3e-06

0.015726 2e-06

0.01463 3e-06

0.014599 3e-06

0.015772 4e-06

0.014716 2e-06

0.014667 3e-06

0.014017 3e-06

0.014037 2e-06

0.014747 2e-06

0.015817 2e-06

0.014643 2e-06

0.015872 3e-06

0.014629 3e-06

0.014595 2e-06

0.014766 2e-06

0.015194 3e-06

0.015906 2e-06

0.014886 2e-06

0.014596 3e-06

0.014046 3e-06

0.01459 2e-06

0.014666 3e-06

0.015759 3e-06

0.014648 2e-06

0.01463 3e-06

0.015357 2e-06

0.014063 3e-06

0.014641 3e-06

0.01575 3e-06

0.015745 3e-06

0.014607 3e-06

0.014736 6e-06

0.014692 3e-06

0.014598 3e-06

0.014083 2e-06

0.014869 3e-06

0.014806 3e-06

0.014718 2e-06

0.014975 2e-06

0.014644 3e-06

0.014704 3e-06

0.014645 3e-06

0.015924 2e-06

0.014586 3e-06

0.014588 2e-06

0.014612 4e-06

0.014968 3e-06

0.0147 3e-06

0.014691 2e-06

0.01401 4e-06

0.015737 4e-06

0.014573 3e-06

0.014047 2e-06

0.015873 2e-06

0.014643 3e-06

0.014655 3e-06

0.015798 5e-06

0.015882 3e-06

0.015776 2e-06

0.014818 3e-06

0.015788 2e-06

0.014665 2e-06

0.014994 3e-06

0.014687 3e-06

0.014569 4e-06

0.014611 2e-06

0.014658 3e-06

0.014984 2e-06

0.015856 3e-06

0.014558 2e-06

0.015743 4e-06

0.014545 2e-06

0.014454 2e-06

0.015006 3e-06

0.01467 3e-06

0.014073 4e-06

0.014657 2e-06

0.014658 4e-06

0.014702 2e-06

0.014004 4e-06

0.01468 2e-06

0.015157 4e-06

0.014688 3e-06

0.014951 3e-06

0.015842 3e-06

0.014571 3e-06

0.01461 3e-06

0.014654 2e-06

0.015801 3e-06

0.015909 3e-06

0.014596 2e-06

0.015869 4e-06

0.015824 2e-06

0.014567 2e-06

0.015054 3e-06

0.014574 2e-06

0.015728 2e-06

0.014672 3e-06

0.014945 5e-06

0.015884 2e-06

0.014584 3e-06

0.014959 3e-06

0.014573 4e-06

0.014599 3e-06

0.014681 3e-06

0.015836 3e-06

0.014116 3e-06

0.014994 2e-06

0.014764 3e-06

0.014615 2e-06

0.014584 2e-06

0.014077 2e-06

0.014595 2e-06

0.014082 2e-06

0.014103 3e-06

0.015853 3e-06

0.014596 3e-06

0.013965 4e-06

0.014703 2e-06

0.014973 2e-06

0.01587 2e-06

0.014945 3e-06

0.014604 3e-06

0.014594 2e-06

0.015776 3e-06

0.014046 3e-06

0.014691 3e-06

0.01576 3e-06

0.014626 3e-06

0.014623 1.5e-05

0.014634 3e-06

0.014714 3e-06

0.014024 2e-06

0.014724 2e-06

0.014687 1e-06

0.014585 2e-06

0.014057 2e-06

0.01474 2e-06

0.014606 2e-06

0.014711 4e-06

0.014777 3e-06

0.01582 2e-06

0.01462 2e-06

0.014051 4e-06

0.014 2e-06

0.014992 2e-06

0.014661 3e-06

0.015097 2e-06

0.015795 2e-06

0.01576 4e-06

0.014971 3e-06

0.01406 2e-06

0.014154 3e-06

0.014013 1e-06

0.01461 2e-06

0.015781 3e-06

0.014708 2e-06

0.014163 3e-06

0.014652 2e-06

0.015752 4e-06

0.014678 3e-06

0.015031 4e-06

0.014637 3e-06

0.014576 3e-06

0.015732 5e-06

0.014633 3e-06

0.014604 3e-06

0.014434 2e-06

0.01493 3e-06

0.014598 4e-06

0.014024 3e-06

0.014609 4e-06

0.014731 3e-06

0.014016 2e-06

0.013972 3e-06

0.015144 2e-06

0.01402 3e-06

0.014036 3e-06

0.014576 2e-06

0.015895 3e-06

0.014542 2e-06

0.015443 3e-06

0.014718 2e-06

0.014194 3e-06

0.014625 3e-06

0.014593 3e-06

0.014631 2e-06

0.014603 3e-06

0.014678 2e-06

0.014717 3e-06

0.014616 2e-06

0.014041 4e-06

0.015006 3e-06

0.014155 4e-06

0.015785 2e-06

0.014954 2e-06

0.014574 3e-06

0.014035 2e-06

0.014767 3e-06

0.014589 3e-06

0.015762 3e-06

0.014594 4e-06

0.014696 4e-06

0.014037 2e-06

0.014685 4e-06

0.014596 3e-06

0.014627 3e-06

0.014656 2e-06

0.0158 3e-06

0.014625 3e-06

0.014577 3e-06

0.014627 3e-06

0.01453 3e-06

0.01581 3e-06

0.014725 2e-06

0.014623 6e-06

0.014052 3e-06

0.015705 4e-06

0.014017 2e-06

0.014698 3e-06

0.014573 4e-06

0.014995 3e-06

0.015018 2e-06

0.016056 3e-06

0.014135 2e-06

0.014027 2e-06

0.015901 3e-06

0.014635 3e-06

0.014186 4e-06

0.014006 3e-06

0.014615 3e-06

0.01593 2e-06

0.015819 2e-06

0.014075 1e-06

0.015726 3e-06

0.014672 4e-06

0.014054 5e-06

0.014554 3e-06

0.014625 3e-06

0.014576 3e-06

0.015645 2e-06

0.014136 3e-06

0.014612 3e-06

0.01465 3e-06

0.01499 2e-06

0.014683 3e-06

0.014575 2e-06

0.014601 2e-06

0.015888 3e-06

0.014619 2e-06

0.015757 3e-06

0.014097 3e-06

0.01467 2e-06

0.014625 3e-06

0.015816 3e-06

0.014147 2e-06

0.014636 3e-06

0.014637 3e-06

0.014633 2e-06

0.014066 3e-06

0.014567 3e-06

0.014614 2e-06

0.014569 3e-06

0.014938 4e-06

0.014594 3e-06

0.015308 3e-06

0.014732 3e-06

0.01578 3e-06

0.014626 2e-06

0.014561 3e-06

0.014732 3e-06

0.014684 3e-06

0.014646 2e-06

0.014614 3e-06

0.014041 2e-06

0.014196 3e-06

0.014045 3e-06

0.014945 2e-06

0.014724 2e-06

0.015739 2e-06

0.014966 3e-06

0.014179 3e-06

0.013988 2e-06

0.014026 2e-06

0.014586 3e-06

0.014585 2e-06

0.014033 2e-06

0.015141 2e-06

0.015727 2e-06

0.014105 3e-06

0.014558 3e-06

0.015264 2e-06

0.014172 3e-06

0.014112 2e-06

0.014644 3e-06

0.014155 3e-06

0.014708 3e-06

0.014716 3e-06

0.014684 3e-06

0.014581 2e-06

0.014573 3e-06

0.014738 2e-06

0.014606 2e-06

0.014603 4e-06

0.014937 2e-06

0.01458 3e-06

0.014596 2e-06

0.015001 3e-06

0.014108 3e-06

0.014563 3e-06

0.014965 3e-06

0.014565 3e-06

0.013977 2e-06

0.014702 2e-06

0.014986 3e-06

0.015885 3e-06

0.014689 2e-06

0.015846 4e-06

0.014731 3e-06

0.014643 2e-06

0.014704 3e-06

0.014776 4e-06

0.014719 4e-06

0.014036 3e-06

0.014984 2e-06

0.014641 3e-06

0.01502 2e-06

0.014118 4e-06

0.01405 3e-06

0.014555 4e-06

0.01459 2e-06

0.01461 3e-06

0.014074 4e-06

0.014603 1e-06

0.014149 2e-06

0.014087 2e-06

0.015818 2e-06

0.014566 2e-06

0.014703 3e-06

0.01409 2e-06

0.014685 3e-06

0.014857 3e-06

0.01464 2e-06

0.014677 3e-06

0.014055 2e-06

0.014981 4e-06

0.014692 4e-06

0.014614 2e-06

0.01479 4e-06

0.01461 3e-06

0.015838 2e-06

0.014565 2e-06

0.014561 3e-06

0.013989 4e-06

0.014668 2e-06

0.015793 2e-06

0.014069 3e-06

0.014627 3e-06

0.015766 3e-06

0.014638 1e-06

0.014089 3e-06

0.014568 2e-06

0.014697 3e-06

0.015739 3e-06

0.015736 4e-06

0.014954 3e-06

0.014662 3e-06

0.015762 3e-06

0.014175 3e-06

0.015072 2e-06

0.014749 3e-06

0.014595 2e-06

0.014093 2e-06

0.015846 3e-06

0.014054 2e-06

0.014612 3e-06

0.014988 3e-06

0.015819 4e-06

0.014514 3e-06

0.01457 3e-06

0.013989 2e-06

0.017491 6e-06

0.016018 3e-06

0.014775 3e-06

0.015035 3e-06

0.015863 3e-06

0.014588 5e-06

0.013969 3e-06

0.014653 2e-06

0.014665 4e-06

0.014098 3e-06

0.014742 3e-06

0.015773 3e-06

0.014626 2e-06

0.014039 2e-06

0.014084 2e-06

0.014769 3e-06

0.014052 4e-06

0.014742 2e-06

0.014624 3e-06

0.014701 2e-06

0.014992 4e-06

0.014614 5e-06

0.018558 2e-06

0.014853 3e-06

0.014755 2e-06

0.01511 3e-06

0.01467 3e-06

0.014637 2e-06

0.014084 2e-06

0.015989 2e-06

0.014963 2e-06

0.014624 2e-06

0.014607 2e-06

0.014759 2e-06

0.014926 2e-06

0.014885 5e-06

0.015126 3e-06

0.014645 3e-06

0.01404 2e-06

0.014978 3e-06

0.014635 4e-06

0.01471 3e-06

0.014003 2e-06

0.014725 3e-06

0.014648 3e-06

0.014655 2e-06

0.014722 3e-06

0.013954 3e-06

0.015754 3e-06

0.014619 3e-06

0.014397 3e-06

0.014777 3e-06

0.014004 3e-06

0.014622 2e-06

0.015772 2e-06

0.014024 3e-06

0.014688 4e-06

0.015301 2e-06

0.014972 2e-06

0.014078 2e-06

0.014611 4e-06

0.014545 3e-06

0.014619 3e-06

0.015775 3e-06

0.014604 4e-06

0.01463 2e-06

0.015739 3e-06

0.014076 3e-06

0.015707 3e-06

0.014588 4e-06

0.014624 2e-06

0.015151 3e-06

0.015922 3e-06

0.014989 2e-06

0.015857 2e-06

0.014684 4e-06

0.0148 3e-06

0.015284 3e-06

0.015869 2e-06

0.014685 3e-06

0.014595 3e-06

0.014601 3e-06

0.014616 3e-06

0.014743 2e-06

0.015755 3e-06

0.01461 3e-06

0.014583 2e-06

0.014735 3e-06

0.014618 2e-06

0.014626 3e-06

0.014587 2e-06

0.015819 3e-06

0.014605 4e-06

0.014669 3e-06

0.014573 1e-06

0.014633 3e-06

0.014931 3e-06

0.014056 3e-06

0.016021 4e-06

0.014817 4e-06

0.014056 4e-06

0.014637 2e-06

0.014761 3e-06

0.014419 3e-06

0.014668 2e-06

0.014644 3e-06

0.014594 4e-06

0.014588 3e-06

0.015779 2e-06

0.015755 2e-06

0.014694 2e-06

0.015764 4e-06

0.014099 3e-06

0.014978 3e-06

0.014627 2e-06

0.014621 2e-06

0.014715 4e-06

0.014083 3e-06

0.014621 4e-06

0.014693 1e-06

0.015014 3e-06

0.014634 4e-06

0.015722 3e-06

0.014072 3e-06

0.015881 2e-06

0.014641 3e-06

0.014683 3e-06

0.01411 4e-06

0.014716 4e-06

0.015169 3e-06

0.014994 2e-06

0.01467 3e-06

0.014708 3e-06

0.015318 3e-06

0.014708 2e-06

0.014935 4e-06

0.014583 2e-06

0.014601 2e-06

0.01578 3e-06

0.014957 3e-06

0.014715 3e-06

0.015018 2e-06

0.014985 3e-06

0.014605 3e-06

0.014748 3e-06

0.015822 5e-06

