0.034526 0.000355

0.03475 0.000417

0.034663 0.000522

0.032415 0.000571

0.034805 0.000788

0.034898 0.000442

0.032383 0.000435

0.03215 0.000738

0.035045 0.000614

0.034667 0.000614

0.032357 0.000368

0.034703 0.000324

0.034626 0.000369

0.035226 0.000285

0.034594 0.000434

0.032747 0.000328

0.03551 0.000255

0.0351 0.00066

0.03466 0.000422

0.03213 0.000663

0.034997 0.000232

0.032958 0.000354

0.034952 0.000526

0.032085 0.000599

0.034767 0.000496

0.034809 0.000377

0.034596 0.000783

0.03489 0.000542

0.033011 0.000559

0.034603 0.000672

0.034686 0.00041

0.032122 0.000358

0.034694 0.000488

0.032136 0.000751

0.032235 0.000552

0.035065 0.000502

0.033444 0.00049

0.03473 0.000338

0.034736 0.000802

0.03223 0.00049

0.034633 0.000407

0.033156 0.000572

0.034667 0.00043

0.032777 0.000332

0.033623 0.000531

0.034685 0.000498

0.032948 0.000523

0.032229 0.000735

0.032991 0.000531

0.032146 0.000385

0.033626 0.000416

0.034606 0.000535

0.032177 0.00066

0.034694 0.000518

0.034629 0.000476

0.032523 0.000557

0.034558 0.000214

0.03211 0.000813

0.034651 0.000481

0.034734 0.000453

0.034715 0.000294

0.034601 0.000403

0.032135 0.000263

0.034835 0.000714

0.03233 0.000454

0.034962 0.000354

0.03466 0.0004

0.034692 0.000514

0.034598 0.000364

0.033505 0.000647

0.032954 0.000625

0.030867 0.000423

0.032113 0.000313

0.032023 0.000521

0.032403 0.000485

0.032109 0.00054

0.034562 0.000401

0.034571 0.000948

0.034752 0.000229

0.034597 0.000489

0.032559 0.000479

0.032981 0.000655

0.032733 0.000629

0.035134 0.000588

0.034559 0.0005

0.034701 0.000533

0.032849 0.000505

0.032104 0.000299

0.032377 0.00029

0.034621 0.000576

0.034583 0.000516

0.032444 0.00035

0.034754 0.00062

0.034612 0.000376

0.034578 0.000521

0.034878 0.000656

0.032913 0.000673

0.032924 0.000476

0.034565 0.000491

0.032854 0.000533

0.032392 0.000426

0.03462 0.000387

0.034867 0.000433

0.034583 0.000421

0.034714 0.000419

0.032053 0.000457

0.032894 0.000646

0.03211 0.000451

0.033177 0.000678

0.032283 0.000272

0.034849 0.001023

0.032858 0.000439

0.03466 0.000564

0.034813 0.000741

0.032959 0.00058

0.034639 0.000358

0.032486 0.000618

0.034603 0.000348

0.034619 0.000489

0.035311 0.000321

0.032189 0.000775

0.03471 0.000961

0.034624 0.000421

0.034776 0.000656

0.034615 0.000739

0.035024 0.000441

0.032892 0.000311

0.03315 0.000337

0.034604 0.000591

0.032219 0.00088

0.032623 0.00068

0.034621 0.000495

0.034626 0.0006

0.034629 0.000464

0.034672 0.000502

0.032088 0.000397

0.032267 0.000597

0.032246 0.000536

0.034579 0.000748

0.033312 0.000809

0.034742 0.000458

0.034709 0.00039

0.032208 0.000558

0.032754 0.000408

0.035018 0.00052

0.032942 0.000475

0.032153 0.000601

0.032813 0.000359

0.032997 0.000708

0.030998 0.000522

0.034612 0.000472

0.034686 0.000462

0.032859 0.000504

0.03298 0.000698

0.03455 0.000495

0.033221 0.000581

0.034704 0.000412

0.034551 0.00041

0.036385 0.000483

0.034583 0.000279

0.034664 0.000628

0.034733 0.000288

0.03465 0.000383

0.034853 0.000454

0.034713 0.000694

0.034843 0.000521

0.03508 0.000378

0.032162 0.000538

0.034773 0.000488

0.03475 0.000499

0.034848 0.000356

0.032998 0.000493

0.03609 0.000829

0.033298 0.000441

0.034536 0.000473

0.035109 0.000745

0.03478 0.000517

0.034998 0.000405

0.032232 0.000525

0.032987 0.000567

0.032093 0.000463

0.034864 0.000614

0.03466 0.000425

0.034967 0.00047

0.034621 0.00041

0.033044 0.000723

0.034977 0.000561

0.033002 0.000686

0.034758 0.000413

0.034485 0.000579

0.032852 0.000409

0.03463 0.000464

0.032449 0.000413

0.03225 0.000552

0.034761 0.000712

0.03233 0.000464

0.034587 0.000388

0.0347 0.000508

0.034653 0.000669

0.034656 0.000878

0.035274 0.000353

0.032104 0.000632

0.032849 0.000574

0.033534 0.000444

0.034723 0.00037

0.034704 0.000387

0.034615 0.000561

0.034926 0.000491

0.032126 0.0005

0.034823 0.000325

0.032806 0.000607

0.032983 0.000604

0.032102 0.00068

0.032089 0.000235

0.032996 0.000453

0.034654 0.000335

0.034646 0.000215

0.032121 0.000655

0.034588 0.000756

0.03473 0.000331

0.034679 0.000195

0.032176 0.000627

0.034904 0.00079

0.033099 0.000546

0.032172 0.000479

0.032652 0.000349

0.034626 0.000378

0.032182 0.000417

0.035269 0.000594

0.032973 0.000394

0.032206 0.000447

0.035267 0.000308

0.032076 0.000541

0.034617 0.000469

0.032212 0.000555

0.034696 0.000991

0.034598 0.000493

0.032438 0.000463

0.032991 0.000501

0.032164 0.0007

0.034751 0.000763

0.032916 0.000412

0.035076 0.000363

0.034642 0.0007

0.032169 0.000377

0.03213 0.000429

0.032082 0.00047

0.035063 0.000695

0.03454 0.000719

0.034823 0.000331

0.034649 0.000339

0.034736 0.000602

0.033131 0.000574

0.03463 0.000515

0.034735 0.000878

0.032892 0.000567

0.03489 0.000758

0.03214 0.000657

0.032029 0.000296

0.033491 0.00056

0.034582 0.000898

0.032606 0.000418

0.034658 0.000199

0.032876 0.000571

0.032771 0.000783

0.032189 0.000722

0.034712 0.000624

0.034907 0.000291

0.034696 0.000784

0.032489 0.000368

0.03485 0.000336

0.034581 0.000283

0.03465 0.00042

0.032123 0.000571

0.034585 0.000472

0.033359 0.000693

0.033031 0.000338

0.032132 0.000657

0.034654 0.000553

0.034683 0.000693

0.034609 0.000481

0.034649 0.000755

0.034895 0.000345

0.034693 0.000305

0.035004 0.000382

0.032195 0.000808

0.03479 0.000479

0.034948 0.000354

0.034678 0.000368

0.032453 0.000561

0.032873 0.000484

0.034682 0.000421

0.032925 0.000338

0.034601 0.000507

0.034572 0.00054

0.032167 0.000455

0.034718 0.000496

0.034976 0.000444

0.034886 0.000966

0.033059 0.000539

0.032079 0.000828

0.03208 0.000566

0.034534 0.000544

0.032587 0.000566

0.03467 0.000659

0.034714 0.000636

0.034579 0.000423

0.034622 0.000449

0.032878 0.000517

0.032083 0.000318

0.034779 0.000398

0.032876 0.00043

0.033205 0.000415

0.032969 0.000355

0.03211 0.000593

0.032437 0.000451

0.034652 0.000613

0.035237 0.000479

0.032085 0.00054

0.034605 0.00036

0.032148 0.000706

0.034614 0.000745

0.032128 0.000259

0.034662 0.000727

0.034859 0.000969

0.03285 0.000892

0.032964 0.000488

0.034736 0.000379

0.034694 0.000651

0.032173 0.000643

0.032146 0.000375

0.035439 0.000499

0.034487 0.000584

0.034751 0.000326

0.034849 0.000508

0.034706 0.000285

0.03459 0.000457

0.032991 0.000647

0.034785 0.000543

0.032073 0.000404

0.034607 0.000581

0.034393 0.000383

0.032125 0.000456

0.032598 0.000654

0.03237 0.000304

0.035509 0.000499

0.034554 0.000409

0.034601 0.000844

0.034609 0.000537

0.032116 0.000394

0.034767 0.000341

0.032162 0.000352

0.03233 0.000577

0.033448 0.000535

0.032873 0.000469

0.032084 0.000706

0.034683 0.000579

0.032203 0.000326

0.03212 0.000553

0.035517 0.000649

0.032346 0.000494

0.034621 0.000425

0.035419 0.000349

0.032738 0.000409

0.032339 0.000819

0.032751 0.000459

0.034839 0.000351

0.034701 0.000875

0.032094 0.000599

0.034634 0.000511

0.035002 0.000671

0.032205 0.000597

0.034655 0.000315

0.035506 0.000494

0.034562 0.000504

0.03217 0.000532

0.032094 0.000513

0.032354 0.000324

0.033056 0.000379

0.034846 0.00046

0.032221 0.000473

0.034596 0.000606

0.03228 0.000527

0.034612 0.000387

0.034715 0.00057

0.03467 0.000645

0.034607 0.000582

0.035542 0.000306

0.034564 0.000538

0.03317 0.00035

0.032201 0.000598

0.034712 0.000775

0.034748 0.000452

0.03223 0.001029

0.032395 0.000537

0.032213 0.000343

0.034597 0.000489

0.034705 0.000386

0.032123 0.000447

0.031079 0.000563

0.034858 0.000386

0.035522 0.000412

0.033214 0.000439

0.03469 0.000258

0.034646 0.000515

0.034541 0.000401

0.034831 0.000624

0.034519 0.000422

0.032236 0.000352

0.034836 0.000618

0.034609 0.000556

0.034644 0.000382

0.032249 0.000612

0.033118 0.000569

0.033173 0.00043

0.035431 0.00054

0.034682 0.000469

0.032922 0.00087

0.034584 0.000507

0.034608 0.00046

0.034722 0.000574

0.03469 0.00047

0.034551 0.000804

0.034711 0.000543

0.032402 0.000537

0.032116 0.00054

0.032082 0.000522

0.03501 0.000432

0.032063 0.000283

0.033725 0.000474

0.034659 0.000606

0.032098 0.000637

0.033011 0.000605

0.034605 0.000408

0.034848 0.000445

0.034689 0.000438

0.034562 0.000525

0.03461 0.000637

0.032205 0.000657

0.034794 0.000424

0.032271 0.000639

0.032226 0.000463

0.032073 0.000574

0.035312 0.000487

0.032053 0.000557

0.034635 0.000367

0.032854 0.000653

0.033313 0.000308

0.034933 0.000503

0.034597 0.0006

0.034657 0.000404

0.034629 0.000446

0.032166 0.000951

0.034668 0.000395

0.033406 0.000397

0.034784 0.000583

0.034393 0.000765

0.03352 0.000588

0.032023 0.000456

0.032949 0.000476

0.032125 0.000349

0.032084 0.000589

0.035153 0.000718

0.033332 0.000537

0.032156 0.000263

0.032182 0.000526

0.034671 0.000694

0.033093 0.000317

0.032174 0.000332

0.032504 0.000513

0.034592 0.000453

0.032213 0.000428

0.034647 0.000732

0.034599 0.000441

0.032468 0.00044

0.034564 0.000393

0.035472 0.000434

0.030774 0.000536

0.034589 0.000537

0.034661 0.000364

0.033029 0.000353

0.033182 0.000405

0.032787 0.00046

0.034844 0.000313

0.034573 0.000629

0.032061 0.000501

0.034606 0.000491

0.032148 0.00074

0.034574 0.00052

0.034599 0.000602

0.032937 0.000308

0.034716 0.000584

0.032045 0.000465

0.032121 0.000465

0.032068 0.000727

0.034845 0.000415

0.034388 0.000368

0.034724 0.000559

0.030751 0.000741

0.03488 0.000438

0.032298 0.000524

0.032197 0.000817

0.033621 0.000369

0.032083 0.000517

0.032536 0.000666

0.0344 0.000452

0.032765 0.000528

0.032271 0.000547

0.032908 0.00033

0.032708 0.000595

0.032819 0.000675

0.033017 0.000798

0.033032 0.000337

0.03288 0.000622

0.032341 0.000491

0.034739 0.000598

0.032366 0.000272

0.034739 0.000354

0.032966 0.000432

0.032306 0.000599

0.03464 0.000449

0.033759 0.000434

0.034529 0.000735

0.035584 0.00038

0.034666 0.000311

0.034663 0.000474

0.032933 0.000573

0.034648 0.00055

0.034543 0.000499

0.032411 0.000411

0.033121 0.000592

0.034659 0.000605

0.032961 0.00034

0.034695 0.000752

0.032177 0.000573

0.034668 0.000649

0.034648 0.000902

0.035617 0.000709

0.033004 0.000473

0.03485 0.0003

0.034633 0.000383

0.034816 0.000251

0.034618 0.000421

0.034674 0.00054

0.03239 0.000292

0.034636 0.000458

0.032982 0.000342

0.034668 0.000613

0.032122 0.000297

0.033161 0.000319

0.032039 0.000765

0.035402 0.000481

0.03474 0.000611

0.034629 0.000541

0.034633 0.000807

0.034579 0.000464

0.032284 0.000445

0.034848 0.000408

0.032966 0.000359

0.034754 0.00044

0.034718 0.000342

0.034652 0.000504

0.030969 0.000532

0.034659 0.000394

0.03204 0.000326

0.035398 0.000478

0.034623 0.000593

0.034625 0.000297

0.034683 0.000531

0.03259 0.000353

0.034746 0.0006

0.032178 0.000797

0.034652 0.000334

0.032767 0.000453

0.03096 0.000491

0.034697 0.000497

0.034707 0.000326

0.035768 0.000459

0.034693 0.000495

0.035346 0.000472

0.034607 0.000497

0.032075 0.000587

0.03469 0.000507

0.034647 0.000411

0.0348 0.000445

0.034682 0.000444

0.035026 0.000534

0.033298 0.000538

0.034712 0.000785

0.034221 0.000415

0.032924 0.000774

0.034774 0.000573

0.033183 0.000339

0.035468 0.000679

0.034649 0.000589

0.032949 0.000463

0.033136 0.000583

0.033086 0.000541

0.034687 0.000469

0.034681 0.000657

0.032137 0.000302

0.032105 0.000539

0.034616 0.00061

0.034716 0.000683

0.034618 0.000898

0.03485 0.000378

0.033021 0.000553

0.033021 0.000442

0.032136 0.000576

0.032048 0.00039

0.032858 0.000728

0.034797 0.000259

0.032331 0.00045

0.034688 0.000364

0.032298 0.000704

0.034535 0.000316

0.032086 0.000347

0.034548 0.000591

0.034656 0.000731

0.034732 0.000541

0.034631 0.000513

0.032991 0.000552

0.030856 0.000856

0.034709 0.000683

0.034564 0.00061

0.034908 0.000645

0.035027 0.000352

0.034818 0.000459

0.032324 0.000762

0.032087 0.000684

0.032227 0.000514

0.034717 0.000392

0.034653 0.000709

0.036031 0.000472

0.032144 0.000359

0.033739 0.000606

0.034734 0.000543

0.034622 0.00056

0.030812 0.000398

0.034547 0.000451

0.033136 0.000488

0.034832 0.000453

0.032282 0.000369

0.032079 0.000747

0.034522 0.000505

0.034594 0.000582

0.034672 0.000674

0.034744 0.000599

0.034599 0.000358

0.035448 0.000403

0.032946 0.000552

0.034551 0.000819

0.034583 0.000438

0.03222 0.000431

0.035038 0.000554

0.034854 0.000599

0.033164 0.000583

0.032204 0.000711

0.032195 0.00072

0.032244 0.000619

0.032155 0.000653

0.035468 0.000379

0.032136 0.000464

0.034821 0.000683

0.034639 0.000592

0.032096 0.000651

0.034632 0.000614

0.032104 0.000599

0.035566 0.000476

0.032854 0.000547

0.034838 0.000531

0.034873 0.000337

0.032199 0.000537

0.03209 0.000389

0.032275 0.000669

0.034743 0.000586

0.032217 0.000448

0.034785 0.000448

0.03463 0.000374

0.034744 0.00059

0.034665 0.000495

0.034672 0.000689

0.032885 0.000317

0.034752 0.000355

0.034702 0.000605

0.034581 0.000329

0.034898 0.000436

0.032294 0.000663

0.034641 0.000622

0.035124 0.000425

0.034608 0.000264

0.034813 0.000636

0.032382 0.000454

0.032221 0.000605

0.032215 0.000463

0.032038 0.000345

0.03115 0.000374

0.03207 0.000592

0.032532 0.000432

0.034617 0.000792

0.034644 0.000832

0.03462 0.000341

0.034588 0.000551

0.034718 0.000477

0.03296 0.000384

0.033588 0.000796

0.03465 0.000612

0.032161 0.000559

0.033016 0.000475

0.032095 0.000276

0.034436 0.000424

0.033172 0.00038

0.032246 0.000496

0.034621 0.00047

0.034632 0.00048

0.032088 0.000438

0.032946 0.00043

0.035628 0.000647

0.03214 0.000568

0.032262 0.000528

0.034719 0.000413

0.032096 0.00054

0.034666 0.000683

0.032686 0.000544

0.035508 0.000252

0.032132 0.000516

0.03485 0.000344

0.032206 0.000716

0.034637 0.000439

0.034625 0.000412

0.032101 0.000738

0.034759 0.000401

0.032924 0.000591

0.034897 0.000357

0.032883 0.000625

0.034564 0.000507

0.032191 0.000583

0.030845 0.000798

0.035419 0.000431

0.032271 0.000667

0.032194 0.0006

0.031006 0.000322

0.032121 0.000459

0.034957 0.000334

0.032927 0.000245

0.032657 0.000665

0.03216 0.000501

0.034758 0.000612

0.030814 0.000423

0.032604 0.000405

0.034484 0.000499

0.032869 0.000385

0.032452 0.000547

0.034666 0.000528

0.032939 0.000556

0.034706 0.000398

0.03223 0.000451

0.032605 0.000479

0.032104 0.000536

0.034737 0.000484

0.032115 0.000392

0.034856 0.000681

0.034695 0.000397

0.032131 0.000707

0.034805 0.000561

0.034734 0.000282

0.034866 0.000513

0.034614 0.000406

0.032337 0.000611

0.032111 0.000623

0.032166 0.000226

0.034979 0.00049

0.034699 0.000793

0.035376 0.000362

0.032129 0.000332

0.032255 0.000816

0.030973 0.000441

0.032213 0.000365

0.034659 0.00041

0.032918 0.000602

0.034878 0.000442

0.032122 0.000691

0.032885 0.000484

0.034564 0.00044

0.032093 0.000589

0.035324 0.000611

0.032319 0.000493

0.034817 0.000235

0.032167 0.000626

0.03493 0.000542

0.03222 0.000687

0.032135 0.000445

0.034738 0.000603

0.034609 0.000348

0.034964 0.000806

0.032287 0.00034

0.032823 0.000402

0.032135 0.000482

0.034575 0.000805

0.035336 0.000525

0.034583 0.000759

0.035206 0.000594

0.034618 0.00044

0.034663 0.000566

0.032399 0.000662

0.032161 0.000605

0.032924 0.000425

0.034582 0.000457

0.032446 0.000242

0.03225 0.00031

0.032979 0.000459

0.034725 0.000473

0.032833 0.000367

0.033562 0.000529

0.03209 0.000375

0.034941 0.000354

0.034713 0.000633

0.032988 0.000429

0.03249 0.000399

0.034671 0.000417

0.03263 0.000619

0.032084 0.00042

0.032893 0.000682

0.032206 0.000624

0.034769 0.000727

0.034603 0.0005

0.034607 0.000697

0.035647 0.000331

0.034617 0.000568

0.034761 0.000514

0.034615 0.000527

0.033025 0.000417

0.035003 0.000548

0.032177 0.00037

0.03212 0.000348

0.034193 0.000303

0.034826 0.000622

0.034719 0.000426

0.030951 0.000517

0.032117 0.000596

0.034721 0.000999

0.035129 0.000526

0.034602 0.000527

0.03231 0.000876

0.034767 0.000718

0.03477 0.000424

0.032697 0.0003

0.033088 0.000459

0.035548 0.000449

0.032146 0.000623

0.034736 0.000408

0.034579 0.000443

0.034767 0.000597

0.034714 0.000562

0.032965 0.000497

0.034925 0.000655

0.034643 0.000632

0.034788 0.000452

0.032272 0.000831

0.034752 0.000531

0.032444 0.000399

0.032163 0.000258

0.032206 0.000548

0.033139 0.000374

0.034742 0.000619

0.032951 0.000605

0.034588 0.000491

0.033066 0.000367

0.034838 0.000552

0.034799 0.000315

0.034779 0.00048

0.032301 0.000487

0.034631 0.000588

0.032319 0.000632

0.032849 0.000351

0.032836 0.000358

0.035103 0.000331

0.032954 0.000493

0.032945 0.00062

0.032236 0.000692

0.032952 0.000443

0.03208 0.000693

0.032069 0.000378

0.034802 0.000762

0.034632 0.000484

0.032141 0.000488

0.034666 0.000603

0.034553 0.000387

0.03534 0.000639

0.032858 0.000925

0.032246 0.000598

0.032218 0.000508

0.034862 0.000652

0.034876 0.00022

0.032947 0.000629

0.034762 0.000705

0.034615 0.000425

0.032209 0.000368

0.034564 0.000481

0.034741 0.000594

0.034756 0.000576

0.032084 0.000186

0.032521 0.000473

0.032195 0.000494

0.032879 0.00058

0.032133 0.000366

0.03468 0.000706

0.033263 0.000624

0.034643 0.000651

0.032788 0.000347

0.032156 0.000675

0.033035 0.000783

0.034664 0.000429

0.033512 0.000962

0.034611 0.000418

0.034701 0.000503

0.032473 0.000453

0.034716 0.000354

0.034942 0.000675

0.034741 0.000624

0.032143 0.000777

0.035107 0.000475

0.034666 0.000692

0.033129 0.000444

0.034621 0.000355

0.034739 0.000397

0.032279 0.000504

0.032053 0.00075

0.034602 0.000408

0.03207 0.000706

0.034849 0.000721

0.033228 0.000713

0.032606 0.000625

0.034887 0.000361

0.034256 0.000359

0.03512 0.000365

0.034197 0.000376

0.034638 0.000427

0.032951 0.000407

0.034808 0.000277

0.030955 0.000543

0.032325 0.000627

0.034569 0.000406

0.032097 0.000693

0.032382 0.000483

0.03218 0.000755

0.03472 0.000731

0.032278 0.000357

0.033116 0.000298

0.035394 0.000502

0.032982 0.00053

0.033122 0.000342

0.032756 0.000538

0.034735 0.000596

0.034927 0.000505

0.032255 0.000496

0.03459 0.000323

0.032104 0.00029

0.033017 0.00055

0.034656 0.000455

0.033247 0.000498

0.034752 0.000558

0.032239 0.000497

0.033088 0.000792

0.034653 0.000731

0.034752 0.000728

0.034667 0.000337

0.034916 0.000684

0.032444 0.000659

0.032135 0.00074

0.034556 0.000374

0.032071 0.000437

0.032341 0.000693

0.034847 0.000555

0.032949 0.00045

0.03302 0.000399

0.034626 0.000713

0.035275 0.000495

0.03237 0.000332

0.032724 0.000479

0.032872 0.000461

0.034789 0.000592

0.034706 0.00082

0.032136 0.000584

0.034703 0.000443

0.030936 0.000544

0.034841 0.000575

0.032153 0.00043

0.032118 0.000373

0.034696 0.00052

0.032165 0.000567

0.034989 0.000499

0.034603 0.000582

0.033327 0.000262

0.032151 0.000565

0.032256 0.000579

0.033475 0.000497

0.034585 0.00066

0.034711 0.000533

0.032131 0.000374

