0.003667 2e-06

0.003624 2e-06

0.003624 2e-06

0.003618 2e-06

0.003805 2e-06

0.003657 2e-06

0.003654 3e-06

0.003807 2e-06

0.003661 2e-06

0.003784 2e-06

0.00362 2e-06

0.003659 2e-06

0.003807 2e-06

0.003764 2e-06

0.003806 2e-06

0.003939 4e-06

0.003993 2e-06

0.003661 2e-06

0.003631 2e-06

0.003803 2e-06

0.003692 2e-06

0.003656 1e-06

0.003926 3e-06

0.00378 2e-06

0.00384 2e-06

0.003649 2e-06

0.003659 2e-06

0.003626 2e-06

0.003773 2e-06

0.003651 2e-06

0.003774 2e-06

0.003783 1e-06

0.003625 3e-06

0.003803 2e-06

0.003809 1e-06

0.003782 2e-06

0.003776 2e-06

0.003761 2e-06

0.003627 2e-06

0.003771 3e-06

0.00377 3e-06

0.003651 2e-06

0.003626 3e-06

0.003658 3e-06

0.003656 2e-06

0.003835 1e-06

0.003646 3e-06

0.003655 2e-06

0.003773 3e-06

0.003684 2e-06

0.003779 1e-06

0.00363 3e-06

0.003779 2e-06

0.003687 3e-06

0.00366 2e-06

0.004071 2e-06

0.00367 1e-06

0.003811 2e-06

0.003664 2e-06

0.003625 2e-06

0.003782 2e-06

0.003681 2e-06

0.003632 3e-06

0.003872 2e-06

0.003686 2e-06

0.003722 2e-06

0.003661 2e-06

0.003769 3e-06

0.00362 2e-06

0.003808 2e-06

0.003804 2e-06

0.003791 3e-06

0.003856 2e-06

0.003877 1e-06

0.003812 3e-06

0.003779 1e-06

0.003823 2e-06

0.003771 2e-06

0.003823 2e-06

0.003645 2e-06

0.003815 2e-06

0.003776 2e-06

0.003721 2e-06

0.003856 1e-06

0.003693 3e-06

0.003627 2e-06

0.00385 2e-06

0.003626 2e-06

0.003669 2e-06

0.003627 2e-06

0.003666 3e-06

0.003786 2e-06

0.003857 2e-06

0.003777 2e-06

0.003712 2e-06

0.003623 2e-06

0.003674 2e-06

0.003647 2e-06

0.003812 3e-06

0.003692 2e-06

0.003694 2e-06

0.003622 2e-06

0.003658 2e-06

0.003619 2e-06

0.003689 3e-06

0.003646 2e-06

0.003666 3e-06

0.003626 3e-06

0.003694 2e-06

0.003626 1e-06

0.00366 2e-06

0.003777 2e-06

0.00367 2e-06

0.003795 2e-06

0.003666 2e-06

0.003625 1e-06

0.003669 2e-06

0.003624 2e-06

0.003801 3e-06

0.003687 2e-06

0.003707 1e-06

0.003781 2e-06

0.003815 2e-06

0.003636 3e-06

0.003692 2e-06

0.003645 1e-06

0.003681 2e-06

0.003778 2e-06

0.003662 2e-06

0.003626 2e-06

0.003657 2e-06

0.003769 3e-06

0.003672 2e-06

0.003783 2e-06

0.003682 2e-06

0.003633 2e-06

0.003663 2e-06

0.003622 1e-06

0.003653 2e-06

0.003634 2e-06

0.003738 2e-06

0.003779 2e-06

0.003803 2e-06

0.003625 2e-06

0.003848 3e-06

0.003651 2e-06

0.003692 2e-06

0.003777 1e-06

0.00367 3e-06

0.003779 2e-06

0.003802 2e-06

0.003778 2e-06

0.003668 2e-06

0.003628 2e-06

0.003807 2e-06

0.00378 2e-06

0.003667 2e-06

0.003782 2e-06

0.003655 3e-06

0.003766 2e-06

0.00367 3e-06

0.003807 1e-06

0.003826 1e-06

0.00362 1e-06

0.00385 2e-06

0.003818 3e-06

0.003663 2e-06

0.003628 2e-06

0.00382 2e-06

0.003652 2e-06

0.003652 2e-06

0.003683 2e-06

0.003851 2e-06

0.003629 2e-06

0.00387 3e-06

0.00362 1e-06

0.003853 1e-06

0.003622 2e-06

0.003654 2e-06

0.003814 2e-06

0.003728 3e-06

0.003627 2e-06

0.00382 3e-06

0.003702 2e-06

0.003711 2e-06

0.003651 3e-06

0.003684 2e-06

0.003659 2e-06

0.003822 2e-06

0.003767 2e-06

0.003911 3e-06

0.003778 2e-06

0.003668 3e-06

0.003623 2e-06

0.003667 2e-06

0.003621 2e-06

0.003821 2e-06

0.003627 2e-06

0.003685 3e-06

0.003624 2e-06

0.003822 2e-06

0.003619 2e-06

0.003655 2e-06

0.00363 2e-06

0.003669 2e-06

0.003658 2e-06

0.003875 2e-06

0.003652 2e-06

0.003818 2e-06

0.003623 3e-06

0.00382 2e-06

0.003778 3e-06

0.003623 2e-06

0.003776 2e-06

0.003654 3e-06

0.003775 2e-06

0.003629 2e-06

0.003787 2e-06

0.003691 3e-06

0.003804 2e-06

0.003663 2e-06

0.003624 3e-06

0.004103 2e-06

0.003763 2e-06

0.003848 2e-06

0.0038 2e-06

0.003691 2e-06

0.00363 2e-06

0.003829 2e-06

0.003772 2e-06

0.003686 2e-06

0.003629 2e-06

0.003668 2e-06

0.003631 2e-06

0.003654 2e-06

0.00367 2e-06

0.003642 2e-06

0.003767 1e-06

0.00381 3e-06

0.003782 3e-06

0.00382 2e-06

0.003624 2e-06

0.00366 2e-06

0.003653 2e-06

0.003811 2e-06

0.003662 2e-06

0.003844 3e-06

0.003982 2e-06

0.003698 2e-06

0.003633 2e-06

0.003644 2e-06

0.003619 3e-06

0.003672 1e-06

0.003775 2e-06

0.003914 1e-06

0.00362 2e-06

0.003663 2e-06

0.003779 2e-06

0.003901 2e-06

0.003814 3e-06

0.00386 3e-06

0.003624 2e-06

0.00381 2e-06

0.003831 2e-06

0.0037 1e-06

0.003785 1e-06

0.003672 3e-06

0.003654 2e-06

0.003659 2e-06

0.003787 2e-06

0.003629 2e-06

0.003648 2e-06

0.00367 2e-06

0.003622 2e-06

0.00363 2e-06

0.003623 3e-06

0.003653 3e-06

0.003628 2e-06

0.003791 3e-06

0.003804 2e-06

0.003777 1e-06

0.003768 2e-06

0.003618 1e-06

0.003622 2e-06

0.003802 1e-06

0.003664 3e-06

0.003634 3e-06

0.003651 2e-06

0.003774 2e-06

0.003775 3e-06

0.003627 2e-06

0.003666 3e-06

0.003631 2e-06

0.003772 1e-06

0.003621 2e-06

0.003657 2e-06

0.003776 2e-06

0.003631 2e-06

0.003841 3e-06

0.003625 2e-06

0.00384 1e-06

0.003768 2e-06

0.003778 2e-06

0.003623 2e-06

0.003803 3e-06

0.003655 2e-06

0.003652 3e-06

0.003662 2e-06

0.003776 4e-06

0.003803 2e-06

0.003669 2e-06

0.003708 2e-06

0.003809 3e-06

0.003621 3e-06

0.003621 1e-06

0.003653 3e-06

0.003635 3e-06

0.003771 2e-06

0.003641 2e-06

0.003656 2e-06

0.003645 2e-06

0.003626 2e-06

0.003793 3e-06

0.003781 2e-06

0.003801 2e-06

0.003651 2e-06

0.003655 2e-06

0.003791 2e-06

0.003619 2e-06

0.003873 2e-06

0.003613 3e-06

0.003786 3e-06

0.003622 2e-06

0.003658 2e-06

0.003855 2e-06

0.003811 2e-06

0.003614 2e-06

0.003628 4e-06

0.003623 3e-06

0.003654 2e-06

0.003851 2e-06

0.003652 2e-06

0.003781 2e-06

0.003809 1e-06

0.003658 1e-06

0.0038 1e-06

0.003777 1e-06

0.003817 1e-06

0.003772 2e-06

0.0038 2e-06

0.003627 2e-06

0.003646 2e-06

0.003658 3e-06

0.003769 2e-06

0.003685 2e-06

0.004111 2e-06

0.003773 2e-06

0.003626 2e-06

0.003663 1e-06

0.003661 2e-06

0.003622 2e-06

0.003622 2e-06

0.00362 2e-06

0.003685 2e-06

0.003694 2e-06

0.003658 2e-06

0.003652 2e-06

0.003841 2e-06

0.003788 2e-06

0.003779 2e-06

0.00363 3e-06

0.003684 2e-06

0.003621 2e-06

0.003779 2e-06

0.00378 2e-06

0.004159 2e-06

0.003813 2e-06

0.00378 2e-06

0.003653 2e-06

0.003803 2e-06

0.00382 1e-06

0.003813 2e-06

0.003663 3e-06

0.003646 2e-06

0.003815 2e-06

0.00381 2e-06

0.003627 2e-06

0.003656 2e-06

0.003625 2e-06

0.00368 1e-06

0.003716 1e-06

0.003807 2e-06

0.003625 2e-06

0.003773 1e-06

0.003775 2e-06

0.003658 2e-06

0.00366 2e-06

0.003622 2e-06

0.003622 2e-06

0.003802 2e-06

0.003788 2e-06

0.00378 2e-06

0.003635 3e-06

0.003811 2e-06

0.003654 1e-06

0.004101 2e-06

0.003656 3e-06

0.00381 2e-06

0.003801 2e-06

0.003626 2e-06

0.003655 2e-06

0.003656 2e-06

0.003627 2e-06

0.003771 1e-06

0.004104 2e-06

0.003689 3e-06

0.003656 2e-06

0.003809 2e-06

0.003783 1e-06

0.003663 2e-06

0.003864 3e-06

0.003781 2e-06

0.00365 2e-06

0.003804 2e-06

0.003852 3e-06

0.003816 1e-06

0.003648 2e-06

0.003633 2e-06

0.003678 3e-06

0.003631 2e-06

0.003656 3e-06

0.003789 2e-06

0.003818 2e-06

0.003623 2e-06

0.00365 3e-06

0.003639 1e-06

0.003697 2e-06

0.00366 2e-06

0.003631 2e-06

0.003695 2e-06

0.003679 2e-06

0.003774 2e-06

0.003632 1e-06

0.003651 2e-06

0.003652 2e-06

0.003618 2e-06

0.003781 2e-06

0.003659 2e-06

0.003626 2e-06

0.003631 2e-06

0.003652 2e-06

0.003661 2e-06

0.003628 1e-06

0.003634 2e-06

0.003839 2e-06

0.003657 3e-06

0.003622 3e-06

0.003624 2e-06

0.003624 2e-06

0.003815 1e-06

0.003673 2e-06

0.004079 1e-06

0.003775 2e-06

0.003655 2e-06

0.003815 2e-06

0.003655 2e-06

0.003803 2e-06

0.003656 1e-06

0.003632 2e-06

0.003641 2e-06

0.003623 3e-06

0.003658 2e-06

0.003624 2e-06

0.003624 3e-06

0.003622 3e-06

0.003661 2e-06

0.003804 1e-06

0.00362 2e-06

0.003655 2e-06

0.003912 2e-06

0.003627 2e-06

0.003786 1e-06

0.003635 2e-06

0.003808 2e-06

0.003632 3e-06

0.003804 2e-06

0.003622 3e-06

0.003816 2e-06

0.003632 3e-06

0.00363 3e-06

0.00366 2e-06

0.003675 3e-06

0.003782 3e-06

0.003871 2e-06

0.00378 1e-06

0.003655 2e-06

0.003624 3e-06

0.003777 2e-06

0.003774 3e-06

0.00365 2e-06

0.003849 3e-06

0.003873 3e-06

0.003651 2e-06

0.003837 1e-06

0.004113 2e-06

0.003627 2e-06

0.003652 2e-06

0.003625 2e-06

0.00363 1e-06

0.003654 2e-06

0.003812 4e-06

0.003622 2e-06

0.003648 2e-06

0.003635 2e-06

0.003803 2e-06

0.003635 2e-06

0.003632 3e-06

0.003633 2e-06

0.003654 1e-06

0.003683 2e-06

0.003629 2e-06

0.003773 2e-06

0.00363 2e-06

0.003649 2e-06

0.003657 2e-06

0.003624 2e-06

0.003842 1e-06

0.003673 2e-06

0.00362 2e-06

0.003767 2e-06

0.00377 2e-06

0.003654 2e-06

0.003633 2e-06

0.003614 1e-06

0.003771 2e-06

0.003654 2e-06

0.003779 2e-06

0.003628 2e-06

0.003624 1e-06

0.003713 2e-06

0.0037 2e-06

0.003623 2e-06

0.00368 2e-06

0.003813 2e-06

0.003657 3e-06

0.003658 2e-06

0.003775 1e-06

0.003816 2e-06

0.003634 2e-06

0.003659 2e-06

0.003652 2e-06

0.003659 2e-06

0.003778 2e-06

0.00363 2e-06

0.003655 4e-06

0.003661 4e-06

0.003658 3e-06

0.003628 3e-06

0.003774 2e-06

0.003648 2e-06

0.003627 1e-06

0.003635 2e-06

0.003785 2e-06

0.003695 2e-06

0.003628 2e-06

0.003649 3e-06

0.003786 2e-06

0.00371 3e-06

0.003648 2e-06

0.003659 2e-06

0.003834 4e-06

0.003805 2e-06

0.003773 2e-06

0.003655 2e-06

0.003651 2e-06

0.003677 2e-06

0.003622 2e-06

0.003789 1e-06

0.003653 2e-06

0.003802 2e-06

0.003704 3e-06

0.003784 2e-06

0.003628 2e-06

0.003841 3e-06

0.003809 2e-06

0.00381 2e-06

0.003784 2e-06

0.003774 3e-06

0.003652 3e-06

0.003743 2e-06

0.003624 2e-06

0.003681 2e-06

0.003768 3e-06

0.003629 2e-06

0.003803 2e-06

0.003792 2e-06

0.003651 2e-06

0.003774 2e-06

0.00382 3e-06

0.00362 3e-06

0.003632 3e-06

0.003617 2e-06

0.00378 2e-06

0.003653 2e-06

0.003657 2e-06

0.003653 2e-06

0.003773 3e-06

0.003658 2e-06

0.003677 2e-06

0.003629 1e-06

0.003783 3e-06

0.003811 1e-06

0.003773 2e-06

0.003622 2e-06

0.003778 2e-06

0.003657 2e-06

0.003805 3e-06

0.003622 2e-06

0.003762 1e-06

0.003653 2e-06

0.003863 2e-06

0.003634 2e-06

0.003806 1e-06

0.003658 2e-06

0.003668 2e-06

0.003656 2e-06

0.003625 2e-06

0.003848 2e-06

0.003784 2e-06

0.003629 3e-06

0.003624 3e-06

0.00368 3e-06

0.003657 3e-06

0.003624 2e-06

0.003787 3e-06

0.003633 2e-06

0.003805 2e-06

0.003624 2e-06

0.003651 2e-06

0.003647 1e-06

0.003623 3e-06

0.003626 2e-06

0.003792 1e-06

0.003642 2e-06

0.003666 2e-06

0.00365 1e-06

0.003659 2e-06

0.003654 1e-06

0.00387 2e-06

0.003775 2e-06

0.003662 3e-06

0.003659 2e-06

0.004104 2e-06

0.003621 3e-06

0.003785 4e-06

0.003866 2e-06

0.003769 2e-06

0.00363 2e-06

0.003631 2e-06

0.003623 2e-06

0.003826 3e-06

0.003664 2e-06

0.00381 2e-06

0.003623 2e-06

0.003677 2e-06

0.003628 2e-06

0.003792 3e-06

0.003777 1e-06

0.003806 3e-06

0.003616 2e-06

0.003819 1e-06

0.003657 2e-06

0.003657 2e-06

0.003623 2e-06

0.003809 1e-06

0.004076 2e-06

0.003812 3e-06

0.003773 2e-06

0.003791 3e-06

0.003633 3e-06

0.003653 2e-06

0.00365 2e-06

0.003781 1e-06

0.003619 2e-06

0.003678 3e-06

0.003654 2e-06

0.003649 3e-06

0.00365 1e-06

0.003657 2e-06

0.003651 2e-06

0.003773 2e-06

0.003781 2e-06

0.003837 2e-06

0.003651 2e-06

0.003806 3e-06

0.003654 2e-06

0.003656 2e-06

0.003655 2e-06

0.003635 2e-06

0.003783 2e-06

0.003797 2e-06

0.003631 3e-06

0.003635 1e-06

0.003772 1e-06

0.003652 2e-06

0.003781 2e-06

0.003657 2e-06

0.003626 1e-06

0.003808 2e-06

0.003655 2e-06

0.003629 2e-06

0.003627 2e-06

0.003651 2e-06

0.003629 2e-06

0.003766 3e-06

0.00364 3e-06

0.003659 2e-06

0.003625 3e-06

0.00366 2e-06

0.003627 2e-06

0.00365 1e-06

0.003636 2e-06

0.003639 2e-06

0.003626 2e-06

0.003683 3e-06

0.003648 2e-06

0.003626 1e-06

0.003621 1e-06

0.003792 2e-06

0.003769 3e-06

0.003657 3e-06

0.003871 2e-06

0.003812 2e-06

0.003648 2e-06

0.003702 3e-06

0.003806 2e-06

0.003656 1e-06

0.003622 2e-06

0.003782 2e-06

0.003801 2e-06

0.003958 3e-06

0.00362 3e-06

0.003709 2e-06

0.003625 2e-06

0.003905 2e-06

0.003623 3e-06

0.00362 2e-06

0.003625 3e-06

0.003701 2e-06

0.003624 2e-06

0.003779 2e-06

0.00362 2e-06

0.003648 2e-06

0.003628 2e-06

0.003619 2e-06

0.003771 2e-06

0.003663 3e-06

0.00363 3e-06

0.003778 1e-06

0.00366 3e-06

0.00384 1e-06

0.003653 1e-06

0.003626 2e-06

0.003773 2e-06

0.003681 2e-06

0.003651 3e-06

0.003907 2e-06

0.003774 2e-06

0.003808 2e-06

0.003818 2e-06

0.004076 2e-06

0.003628 2e-06

0.003682 2e-06

0.003628 1e-06

0.003621 2e-06

0.003776 2e-06

0.003653 2e-06

0.003815 2e-06

0.003627 2e-06

0.003653 2e-06

0.003774 2e-06

0.003782 2e-06

0.003771 2e-06

0.003789 3e-06

0.003682 3e-06

0.003628 2e-06

0.003626 2e-06

0.003622 3e-06

0.003659 1e-06

0.003652 2e-06

0.003652 2e-06

0.003637 1e-06

0.003803 1e-06

0.003655 2e-06

0.003755 2e-06

0.00381 2e-06

0.003659 3e-06

0.003624 2e-06

0.003653 2e-06

0.003632 2e-06

0.003656 2e-06

0.003805 2e-06

0.00363 1e-06

0.003619 2e-06

0.003683 2e-06

0.003661 2e-06

0.003625 2e-06

0.003641 2e-06

0.00381 3e-06

0.003632 3e-06

0.003617 2e-06

0.003619 3e-06

0.003655 3e-06

0.003776 3e-06

0.00372 3e-06

0.003722 2e-06

0.003657 4e-06

0.003814 2e-06

0.003624 3e-06

0.004087 2e-06

0.003764 2e-06

0.003683 1e-06

0.003787 3e-06

0.003862 3e-06

0.003975 2e-06

0.003657 2e-06

0.003626 2e-06

0.00363 2e-06

0.003808 2e-06

0.003779 2e-06

0.003627 2e-06

0.003655 3e-06

0.003688 2e-06

0.00381 2e-06

0.003621 1e-06

0.003774 2e-06

0.003804 2e-06

0.003624 2e-06

0.003651 2e-06

0.003621 1e-06

0.003833 2e-06

0.003801 1e-06

0.003664 2e-06

0.004085 2e-06

0.003658 2e-06

0.003646 2e-06

0.003655 2e-06

0.003775 2e-06

0.003651 2e-06

0.003618 2e-06

0.004083 2e-06

0.003761 2e-06

0.003814 3e-06

0.003629 1e-06

0.003653 1e-06

0.003779 2e-06

0.003657 2e-06

0.003801 2e-06

0.003628 2e-06

0.003654 2e-06

0.00386 2e-06

0.003626 2e-06

0.003625 3e-06

0.003624 2e-06

0.003835 1e-06

0.003654 2e-06

0.00363 1e-06

0.003773 2e-06

0.003812 2e-06

0.003784 2e-06

0.003656 2e-06

0.003631 2e-06

0.003648 2e-06

0.003655 2e-06

0.003758 2e-06

0.003787 2e-06

0.003651 2e-06

0.003659 1e-06

0.003778 1e-06

0.003626 2e-06

0.00385 2e-06

0.003645 1e-06

0.003643 3e-06

0.003617 2e-06

0.003684 2e-06

0.003798 3e-06

0.003782 2e-06

0.003651 2e-06

0.003685 2e-06

0.003778 2e-06

0.004118 2e-06

0.003774 2e-06

0.003785 2e-06

0.003682 2e-06

0.003768 1e-06

0.003659 2e-06

0.003767 2e-06

0.003829 2e-06

0.003781 2e-06

0.003628 3e-06

0.003835 1e-06

0.003838 2e-06

0.003633 2e-06

0.003656 3e-06

0.004125 2e-06

0.0038 3e-06

0.003618 2e-06

0.003773 2e-06

0.003634 3e-06

0.003805 1e-06

0.003626 1e-06

0.003653 2e-06

0.00366 4e-06

0.003651 2e-06

0.003772 3e-06

0.003781 3e-06

0.003777 2e-06

0.003657 2e-06

0.003651 2e-06

0.003771 2e-06

0.003781 1e-06

0.003657 3e-06

0.003656 2e-06

0.00363 2e-06

0.003796 3e-06

0.003654 2e-06

0.00363 1e-06

0.003616 2e-06

0.00363 2e-06

0.003807 3e-06

0.003801 3e-06

0.003621 3e-06

0.003785 1e-06

0.003678 1e-06

0.003639 2e-06

0.003776 2e-06

0.003622 1e-06

0.003909 3e-06

0.003776 2e-06

0.003618 2e-06

0.003659 3e-06

0.003695 2e-06

0.00379 2e-06

0.003784 2e-06

0.003658 2e-06

0.003663 1e-06

0.003785 3e-06

0.003773 2e-06

0.003881 2e-06

0.003649 2e-06

0.003627 2e-06

0.003653 2e-06

0.003683 3e-06

0.003658 3e-06

0.003886 3e-06

0.003622 2e-06

0.003626 2e-06

0.003659 1e-06

0.003626 2e-06

0.003624 2e-06

0.004264 2e-06

0.004137 2e-06

0.003628 1e-06

0.003851 2e-06

0.003649 2e-06

0.003813 2e-06

0.003876 3e-06

0.003776 2e-06

0.003623 2e-06

0.003656 1e-06

0.003626 2e-06

0.003622 2e-06

0.003781 2e-06

0.003684 3e-06

0.003812 1e-06

0.003812 2e-06

0.003627 2e-06

0.003653 2e-06

0.003623 1e-06

0.003624 2e-06

0.00409 3e-06

0.003688 2e-06

0.003654 2e-06

0.003655 2e-06

0.00366 2e-06

0.003654 3e-06

0.003622 2e-06

0.003801 3e-06

0.003632 2e-06

0.003803 1e-06

0.003801 4e-06

0.003771 2e-06

0.003692 3e-06

0.003624 2e-06

0.003621 2e-06

0.003628 1e-06

0.003784 1e-06

0.003665 2e-06

0.003629 3e-06

0.003653 2e-06

