0.032338 2.1e-05

0.034975 1.9e-05

0.032218 1.4e-05

0.032449 1.2e-05

0.034637 1e-05

0.033339 1.1e-05

0.034595 1.6e-05

0.03463 2.2e-05

0.0349 1.9e-05

0.032138 1.3e-05

0.032156 1.4e-05

0.034551 1.8e-05

0.034548 1.1e-05

0.034571 1.6e-05

0.032152 2e-05

0.035059 1.5e-05

0.032241 1.2e-05

0.03239 1.7e-05

0.034856 1.6e-05

0.034661 1.6e-05

0.032179 1.4e-05

0.034713 1.1e-05

0.034887 1.3e-05

0.032073 1.3e-05

0.034748 1.3e-05

0.032092 1.6e-05

0.034577 1.8e-05

0.034642 1.5e-05

0.034551 2e-05

0.034833 1.8e-05

0.034632 2e-05

0.032146 1.4e-05

0.032122 1.4e-05

0.032092 1.2e-05

0.03214 1.9e-05

0.032098 1.3e-05

0.03475 1.9e-05

0.033284 1.4e-05

0.034804 1.4e-05

0.034578 1.7e-05

0.032152 1.8e-05

0.032409 9e-06

0.032041 1.6e-05

0.032797 1.3e-05

0.034567 1.9e-05

0.034473 1.8e-05

0.032175 2.2e-05

0.032826 1.2e-05

0.033128 2.3e-05

0.032982 1.4e-05

0.032822 2.2e-05

0.032174 1.1e-05

0.032197 2e-05

0.035134 1.9e-05

0.032097 1.6e-05

0.034761 1.5e-05

0.034765 1.6e-05

0.03464 2e-05

0.032066 1.8e-05

0.034661 1.4e-05

0.034734 1.6e-05

0.03205 1.1e-05

0.032892 1.3e-05

0.034615 1.4e-05

0.035058 1.8e-05

0.0346 1.8e-05

0.03457 1.7e-05

0.035182 1.3e-05

0.032224 1.8e-05

0.03294 1.1e-05

0.032084 1.2e-05

0.033716 1.3e-05

0.032192 1.4e-05

0.032148 1.3e-05

0.032296 2e-05

0.032984 1.4e-05

0.033015 1.8e-05

0.032092 1.6e-05

0.032074 1e-05

0.032203 2e-05

0.034567 2e-05

0.034622 1.1e-05

0.034749 2.1e-05

0.032129 1.2e-05

0.034582 1.5e-05

0.032848 1.3e-05

0.03487 1.4e-05

0.034548 1.3e-05

0.034822 1.3e-05

0.034737 2.1e-05

0.032711 1.7e-05

0.032474 1.3e-05

0.034602 2.3e-05

0.034935 1.8e-05

0.034595 1.5e-05

0.034557 1.8e-05

0.034504 1.2e-05

0.03465 1.5e-05

0.033719 1.5e-05

0.033464 1.3e-05

0.034712 1.6e-05

0.03453 1.6e-05

0.030891 1.9e-05

0.032091 1.8e-05

0.032114 1.4e-05

0.032256 1.4e-05

0.034762 1.2e-05

0.034741 1.7e-05

0.033628 1.5e-05

0.032547 1.3e-05

0.034788 1.3e-05

0.032114 1.7e-05

0.032492 1.3e-05

0.034602 1.7e-05

0.034553 1.4e-05

0.034606 1.6e-05

0.034604 1.9e-05

0.032001 1.4e-05

0.032809 1.5e-05

0.032934 1.4e-05

0.034256 1.5e-05

0.032191 1.4e-05

0.034685 1e-05

0.033721 1.5e-05

0.032992 1.5e-05

0.034537 1.3e-05

0.032319 2.1e-05

0.034611 1.3e-05

0.035501 1.9e-05

0.034649 1.3e-05

0.032753 1.6e-05

0.034784 1.8e-05

0.031993 1.3e-05

0.034596 1.5e-05

0.034582 1.4e-05

0.035035 1.7e-05

0.034634 1.9e-05

0.032859 1.3e-05

0.032211 1.3e-05

0.034654 1.5e-05

0.032079 1.2e-05

0.032195 1.8e-05

0.032496 1.3e-05

0.031977 1.5e-05

0.032993 1.4e-05

0.033068 1.5e-05

0.034725 1.5e-05

0.03487 1.6e-05

0.032246 1.7e-05

0.032099 2.7e-05

0.033019 2.1e-05

0.03457 1.6e-05

0.032999 1.9e-05

0.034592 1.2e-05

0.031326 1.3e-05

0.034576 1.9e-05

0.034508 1.2e-05

0.032338 1.3e-05

0.034613 1.1e-05

0.033302 1.8e-05

0.034629 1.3e-05

0.034662 2.2e-05

0.034561 1.5e-05

0.032939 1.3e-05

0.034905 1.3e-05

0.034177 1.3e-05

0.034807 1.5e-05

0.032856 1.8e-05

0.032816 1.4e-05

0.032157 1.1e-05

0.032985 1.5e-05

0.032291 1.5e-05

0.034613 1.1e-05

0.034544 2e-05

0.033078 1.7e-05

0.032152 2.2e-05

0.03485 1.9e-05

0.034727 1.5e-05

0.034708 2.2e-05

0.034632 1.3e-05

0.033012 1.5e-05

0.032738 1e-05

0.032046 1.6e-05

0.032198 1.4e-05

0.034549 1.4e-05

0.034719 1.4e-05

0.034542 1.5e-05

0.034622 1.3e-05

0.033107 1.3e-05

0.03458 1.6e-05

0.033124 2.1e-05

0.033898 1.3e-05

0.030847 1.3e-05

0.032854 1.8e-05

0.032432 1.8e-05

0.034548 1.8e-05

0.032104 1.3e-05

0.035016 1.5e-05

0.034653 2.1e-05

0.034644 1.5e-05

0.034505 1.2e-05

0.034563 1.2e-05

0.033149 2.5e-05

0.032879 1.2e-05

0.03475 1.3e-05

0.03468 1.8e-05

0.035209 2.6e-05

0.032294 2e-05

0.032144 1.2e-05

0.032197 1.6e-05

0.033135 1.4e-05

0.032994 2e-05

0.033804 1.5e-05

0.03345 1.4e-05

0.032106 1.4e-05

0.034408 1.1e-05

0.034888 1.9e-05

0.032719 1.1e-05

0.032094 1.1e-05

0.034428 1.4e-05

0.034609 1.8e-05

0.034641 1.3e-05

0.032116 1.4e-05

0.032218 2.2e-05

0.032231 1.6e-05

0.03466 1.7e-05

0.032203 1.8e-05

0.034816 1.3e-05

0.034808 1.8e-05

0.034778 1.3e-05

0.034027 1.8e-05

0.034582 1.4e-05

0.033316 1.1e-05

0.03484 2.1e-05

0.032096 1.3e-05

0.032328 1.5e-05

0.031058 1.4e-05

0.034625 1.9e-05

0.034863 1.6e-05

0.034532 1.9e-05

0.032124 1.5e-05

0.034657 1.5e-05

0.034803 1.8e-05

0.032168 1.1e-05

0.034679 1.3e-05

0.034902 1.6e-05

0.03463 1.3e-05

0.032144 1.3e-05

0.032187 1.4e-05

0.034904 1.6e-05

0.034645 1.3e-05

0.034491 1.2e-05

0.034582 1.4e-05

0.034866 1.5e-05

0.03217 1.3e-05

0.034592 1.7e-05

0.032221 1.2e-05

0.034664 1.9e-05

0.033332 1.1e-05

0.034655 1.9e-05

0.034764 1.4e-05

0.033192 1.2e-05

0.034633 1.6e-05

0.034127 1.7e-05

0.032275 1.4e-05

0.03481 1.6e-05

0.033064 1.7e-05

0.032048 1.5e-05

0.034699 1.3e-05

0.032119 1.2e-05

0.032043 1e-05

0.032799 1.8e-05

0.034706 1.5e-05

0.036399 1.4e-05

0.033184 2e-05

0.033 2e-05

0.034828 1.5e-05

0.035729 1.7e-05

0.035219 1.6e-05

0.036152 1.7e-05

0.035976 2.6e-05

0.035429 1.8e-05

0.036278 3.4e-05

0.036287 1.7e-05

0.034666 1.8e-05

0.034788 1.4e-05

0.032898 1.6e-05

0.033433 1.8e-05

0.035006 1.3e-05

0.034687 1.4e-05

0.032111 1.8e-05

0.034883 1.7e-05

0.035856 1.8e-05

0.032211 1.8e-05

0.033101 1.1e-05

0.033021 1.5e-05

0.034732 1.7e-05

0.034617 1.2e-05

0.034805 1.2e-05

0.032811 1.4e-05

0.03237 1.4e-05

0.034904 1.4e-05

0.033157 1.8e-05

0.03281 1.3e-05

0.034716 1.4e-05

0.034941 1.9e-05

0.03309 1.3e-05

0.032916 1.4e-05

0.033001 1.6e-05

0.032752 1.3e-05

0.034677 1.2e-05

0.034621 1.8e-05

0.032172 1.4e-05

0.032095 1.3e-05

0.032109 1.9e-05

0.034763 1.6e-05

0.034233 1.7e-05

0.034911 2.3e-05

0.034659 8e-06

0.032219 1.4e-05

0.032977 1.3e-05

0.0331 1.6e-05

0.032203 1.9e-05

0.034748 1.8e-05

0.034961 1.9e-05

0.032998 1.3e-05

0.03461 1.4e-05

0.034645 1.9e-05

0.03202 1.7e-05

0.031883 1.8e-05

0.032125 1.6e-05

0.034811 1.2e-05

0.034731 1.3e-05

0.03462 1.9e-05

0.034751 1.7e-05

0.0328 1.4e-05

0.034595 1.2e-05

0.034638 1.5e-05

0.034859 2.4e-05

0.032923 1.6e-05

0.034757 1.5e-05

0.032946 1.4e-05

0.034612 1.4e-05

0.032175 1.7e-05

0.032756 3.2e-05

0.034637 1.4e-05

0.0329 1.4e-05

0.035226 1.8e-05

0.03472 1.1e-05

0.032213 1.5e-05

0.032214 1.7e-05

0.032078 1.7e-05

0.033088 1.7e-05

0.032115 1.7e-05

0.034822 1.3e-05

0.034879 2e-05

0.034784 1.3e-05

0.032373 1.1e-05

0.032155 1.8e-05

0.032343 1.5e-05

0.034549 1.6e-05

0.034524 1.8e-05

0.032077 1.2e-05

0.034551 1.8e-05

0.032172 1.4e-05

0.032974 1.7e-05

0.034636 1.1e-05

0.03482 1.1e-05

0.032035 1.1e-05

0.032191 1.8e-05

0.03222 1.6e-05

0.03493 1.7e-05

0.032924 1.4e-05

0.033439 2.2e-05

0.034646 1.4e-05

0.034773 1.9e-05

0.034887 1.4e-05

0.032134 3.9e-05

0.032213 2e-05

0.034755 1.1e-05

0.032863 2e-05

0.032928 1.7e-05

0.034626 1.8e-05

0.034749 1.6e-05

0.034429 1.3e-05

0.034733 1.5e-05

0.033089 1.1e-05

0.032135 1.1e-05

0.034612 1.6e-05

0.032021 1.4e-05

0.032229 1.1e-05

0.034759 1.7e-05

0.031158 1.2e-05

0.032153 1e-05

0.03286 1.6e-05

0.034853 1.4e-05

0.034675 1.1e-05

0.034574 1.6e-05

0.032193 1.2e-05

0.032008 1.5e-05

0.034738 1.9e-05

0.034645 1.1e-05

0.034833 1.2e-05

0.032226 1.6e-05

0.03464 1.5e-05

0.032224 1.4e-05

0.032073 2.3e-05

0.033184 1.5e-05

0.034823 1.4e-05

0.034848 9e-06

0.032764 1.3e-05

0.034885 1.7e-05

0.034758 1.8e-05

0.032102 1.5e-05

0.034758 1e-05

0.034604 1.4e-05

0.034822 1.7e-05

0.032178 1.2e-05

0.035333 1.6e-05

0.034731 1.8e-05

0.033373 1.8e-05

0.032256 1.5e-05

0.032142 1.3e-05

0.035041 1.6e-05

0.034677 1.3e-05

0.032834 1.3e-05

0.034577 1.6e-05

0.034717 1.1e-05

0.033088 1.9e-05

0.034635 1.1e-05

0.034659 1.2e-05

0.032212 1.6e-05

0.034552 1.2e-05

0.034636 1.2e-05

0.032345 2.1e-05

0.034803 1.6e-05

0.034715 1.6e-05

0.033503 1.2e-05

0.034948 1.3e-05

0.033466 1.9e-05

0.034677 9e-06

0.034651 1.5e-05

0.034895 1.8e-05

0.032145 1.6e-05

0.032959 1.7e-05

0.032101 1.3e-05

0.034657 1.7e-05

0.034752 2e-05

0.032077 1.4e-05

0.032917 1.6e-05

0.034707 1.5e-05

0.034609 2.3e-05

0.034651 1.8e-05

0.032162 1.8e-05

0.03305 1.6e-05

0.032459 1.2e-05

0.03471 1.9e-05

0.034737 1.5e-05

0.034603 1.5e-05

0.033365 2e-05

0.032035 1.7e-05

0.034944 1.5e-05

0.034587 1.4e-05

0.032072 1.6e-05

0.032092 1.2e-05

0.034786 1.5e-05

0.032133 1.3e-05

0.034713 1.1e-05

0.034791 1.8e-05

0.033179 1.5e-05

0.034647 2e-05

0.032199 1.9e-05

0.034651 1.3e-05

0.034684 2.2e-05

0.034696 1.9e-05

0.035557 1.6e-05

0.033179 1.4e-05

0.032158 1.6e-05

0.033071 1.4e-05

0.03461 1.7e-05

0.034649 1.4e-05

0.032175 1.5e-05

0.032163 2.1e-05

0.034752 1.1e-05

0.032918 1.5e-05

0.034669 1.9e-05

0.03502 1.3e-05

0.034687 1.4e-05

0.034685 1.5e-05

0.035024 1.7e-05

0.03477 1.4e-05

0.034877 1.9e-05

0.033504 1.9e-05

0.034611 1.9e-05

0.032247 1.1e-05

0.034814 1.4e-05

0.032028 1.6e-05

0.032255 1.6e-05

0.032101 1.8e-05

0.03218 1.5e-05

0.032143 2.1e-05

0.034814 1.5e-05

0.033 1e-05

0.034678 1.7e-05

0.032749 1e-05

0.032458 1.3e-05

0.034896 1.5e-05

0.032946 1.5e-05

0.03478 1.5e-05

0.034848 1.7e-05

0.034545 1.2e-05

0.034593 1.4e-05

0.033161 2.2e-05

0.032227 7e-06

0.032086 1.2e-05

0.032609 1.9e-05

0.033104 1.6e-05

0.034555 1.3e-05

0.034669 2e-05

0.034721 1.1e-05

0.033341 1.4e-05

0.032432 1.3e-05

0.03295 1.7e-05

0.034685 1.4e-05

0.035159 1.6e-05

0.032864 1.6e-05

0.032116 1.4e-05

0.032279 1.5e-05

0.035049 2e-05

0.032894 1.2e-05

0.032863 1.9e-05

0.034422 1.6e-05

0.034687 1.2e-05

0.034585 1.2e-05

0.034755 1.4e-05

0.033006 1.9e-05

0.033207 1.3e-05

0.034748 1e-05

0.033135 1.4e-05

0.034628 1.4e-05

0.032091 1.3e-05

0.033011 1.3e-05

0.033052 2.1e-05

0.032289 1.7e-05

0.034634 9e-06

0.032827 1.6e-05

0.032211 1.5e-05

0.034738 1.4e-05

0.034639 1.6e-05

0.032124 1.2e-05

0.032099 2e-05

0.032204 1.4e-05

0.034961 1.8e-05

0.032316 1.1e-05

0.03471 1.7e-05

0.035898 2e-05

0.03458 1.9e-05

0.034609 1.2e-05

0.034616 1.4e-05

0.032458 1.9e-05

0.034857 1.6e-05

0.032067 1.2e-05

0.034661 1.9e-05

0.03457 1e-05

0.032155 1.2e-05

0.03215 1.2e-05

0.034699 1.6e-05

0.034761 2e-05

0.032216 1.6e-05

0.034634 1.4e-05

0.032117 1.6e-05

0.033147 1.6e-05

0.03469 2.1e-05

0.032992 1.8e-05

0.032569 1.2e-05

0.034565 1.7e-05

0.032101 1.2e-05

0.034546 2.2e-05

0.034568 2e-05

0.03482 1.5e-05

0.032884 1.2e-05

0.03216 1.4e-05

0.034639 1.3e-05

0.035039 1.4e-05

0.032238 1.3e-05

0.032285 1.5e-05

0.032278 1.5e-05

0.032353 2.1e-05

0.034675 1.8e-05

0.032112 1.3e-05

0.034911 1.7e-05

0.034736 1.5e-05

0.03471 1.2e-05

0.033071 1.5e-05

0.034591 1.3e-05

0.032957 1.9e-05

0.032871 1.3e-05

0.032151 1.3e-05

0.032223 2e-05

0.033032 1.5e-05

0.032753 1.8e-05

0.032897 1e-05

0.032058 1.3e-05

0.03086 1.3e-05

0.03296 1.3e-05

0.034854 1.4e-05

0.034739 1.4e-05

0.035097 1.8e-05

0.032171 2.2e-05

0.034895 1.4e-05

0.032143 1.4e-05

0.033009 3.6e-05

0.035006 2e-05

0.034605 1.6e-05

0.034544 8e-06

0.032062 1.5e-05

0.034612 1.6e-05

0.033074 1.4e-05

0.034646 1.1e-05

0.034629 1.6e-05

0.034609 2e-05

0.032119 2e-05

0.032153 1.2e-05

0.032168 1.5e-05

0.032348 1.2e-05

0.03236 1.4e-05

0.032121 1.2e-05

0.034879 1.6e-05

0.032585 2.1e-05

0.032265 1.2e-05

0.032186 1.3e-05

0.033124 1e-05

0.034631 2e-05

0.032226 2.4e-05

0.03455 1.3e-05

0.034608 1.3e-05

0.034916 1.7e-05

0.037407 2.6e-05

0.035686 1.6e-05

0.07598 6.7e-05

0.039585 4.1e-05

0.048047 1.9e-05

0.035886 3.1e-05

0.0377 2.1e-05

0.033236 2.5e-05

0.034818 1.2e-05

0.035985 1.6e-05

0.036781 1.4e-05

0.034205 2.6e-05

0.033321 2.3e-05

0.033281 1.4e-05

0.032834 3.5e-05

0.035546 1.9e-05

0.034598 1.7e-05

0.036974 2.1e-05

0.034807 1.5e-05

0.034801 1.2e-05

0.033686 1.7e-05

0.032334 1.4e-05

0.034688 1.9e-05

0.034718 1.3e-05

0.032218 1.9e-05

0.034193 3.3e-05

0.036022 1.5e-05

0.032694 1.2e-05

0.0348 1.3e-05

0.034573 1.7e-05

0.035013 1.8e-05

0.034766 1.2e-05

0.034637 1.5e-05

0.034628 1.4e-05

0.032172 1.5e-05

0.035204 1.2e-05

0.034568 2.1e-05

0.032972 1.3e-05

0.037738 1.8e-05

0.035913 1.5e-05

0.032198 2.9e-05

0.037069 1.9e-05

0.032401 2.3e-05

0.03354 2.4e-05

0.032927 1.4e-05

0.036644 2e-05

0.035808 1.5e-05

0.034723 1.7e-05

0.035108 1.3e-05

0.032248 1.4e-05

0.032241 1.6e-05

0.032214 2.3e-05

0.032255 1.6e-05

0.031783 1.5e-05

0.033151 2e-05

0.034607 1.3e-05

0.034642 1.5e-05

0.032912 1.3e-05

0.034558 2.2e-05

0.03514 1.7e-05

0.034731 1.9e-05

0.034819 1.6e-05

0.034722 1.7e-05

0.031982 1.6e-05

0.035034 1.9e-05

0.034723 1.5e-05

0.034679 1.4e-05

0.032173 1.6e-05

0.03221 1.5e-05

0.032144 1.5e-05

0.030906 1.7e-05

0.034751 1.5e-05

0.037445 1.6e-05

0.03661 2.1e-05

0.033049 2.2e-05

0.03489 1.5e-05

0.034693 1.9e-05

0.034898 1.3e-05

0.034749 1.9e-05

0.038186 2.5e-05

0.036332 4.6e-05

0.031704 1.5e-05

0.032794 1.5e-05

0.033026 1.7e-05

0.035581 1.7e-05

0.040857 1.9e-05

0.045198 2.6e-05

0.042051 2.9e-05

0.040575 2.7e-05

0.034473 1.6e-05

0.042896 1.8e-05

0.035672 1.4e-05

0.033886 2.6e-05

0.036388 3.5e-05

0.035553 1.4e-05

0.035012 2e-05

0.033685 1.7e-05

0.033279 1.4e-05

0.037516 1.4e-05

0.037095 1.9e-05

0.034473 1.6e-05

0.036337 1.3e-05

0.032934 1.2e-05

0.035573 1.6e-05

0.034499 1.1e-05

0.032293 1.5e-05

0.03561 1.7e-05

0.033074 1.6e-05

0.03366 1.7e-05

0.034947 2.2e-05

0.03313 2.1e-05

0.035735 1.6e-05

0.031935 1.7e-05

0.032371 2.1e-05

0.034611 3e-05

0.032666 1e-05

0.033592 2.2e-05

0.032401 1.3e-05

0.034808 2.2e-05

0.035241 1.5e-05

0.033422 1.7e-05

0.034818 1.4e-05

0.036662 1.4e-05

0.036168 1.8e-05

0.042254 1.8e-05

0.041056 1.9e-05

0.035523 2.5e-05

0.039613 1.8e-05

0.036385 2.2e-05

0.039578 2.6e-05

0.043147 2e-05

0.041748 2.3e-05

0.032528 2.8e-05

0.035394 1.2e-05

0.034282 1.9e-05

0.033371 1.5e-05

0.033835 1.6e-05

0.035899 2.1e-05

0.03323 2.4e-05

0.035495 1.5e-05

0.035677 1.3e-05

0.032835 2.2e-05

0.035828 1.5e-05

0.032804 1.6e-05

0.033528 1.7e-05

0.032425 1.3e-05

0.032315 1.7e-05

0.03223 1.5e-05

0.034675 1.2e-05

0.034789 1.5e-05

0.034971 1.2e-05

0.034495 2.1e-05

0.041265 1.9e-05

0.034399 2.5e-05

0.037543 1.5e-05

0.036408 3e-05

0.034382 1.7e-05

0.033386 3.5e-05

0.040836 1.3e-05

0.040557 1.8e-05

0.03403 2.4e-05

0.039744 2.2e-05

0.034111 1.9e-05

0.036336 1.2e-05

0.040513 1.7e-05

0.033808 2e-05

0.04129 2.4e-05

0.036348 1.5e-05

0.036543 2.9e-05

0.04515 2.8e-05

0.035162 1.4e-05

0.034911 1.6e-05

0.03841 2.2e-05

0.037249 2.3e-05

0.037079 1.8e-05

0.033842 1.7e-05

0.03593 1.8e-05

0.038534 2.1e-05

0.036692 1.7e-05

0.034415 1.4e-05

0.036395 1.4e-05

0.036121 1.8e-05

0.031958 1.4e-05

0.036075 1.2e-05

0.03395 1.3e-05

0.036879 1.4e-05

0.034875 1.8e-05

0.033642 1.7e-05

0.0347 1.8e-05

0.032581 1.9e-05

0.032207 1.5e-05

0.033101 1.1e-05

0.034579 1e-05

0.034683 1.8e-05

0.034528 1.2e-05

0.035271 1.4e-05

0.034824 2.5e-05

0.032125 1.4e-05

0.03222 1.4e-05

0.032152 1.4e-05

0.032212 1.4e-05

0.034661 2e-05

0.0347 1.2e-05

0.033691 1.1e-05

0.03417 2.7e-05

0.032553 1.9e-05

0.034696 1.4e-05

0.034578 1.3e-05

0.033042 1.1e-05

0.032897 1.9e-05

0.034629 1.4e-05

0.034563 1.3e-05

0.035085 1.4e-05

0.032123 1.3e-05

0.035536 1.7e-05

0.034832 1.5e-05

0.032451 1.1e-05

0.033066 1.4e-05

0.034666 1.8e-05

0.033135 1.9e-05

0.034756 1.5e-05

0.032929 1.2e-05

0.032355 1.4e-05

0.034687 1.5e-05

0.034615 1.7e-05

0.034948 1.2e-05

0.03466 1.5e-05

0.034613 1.1e-05

0.034707 1.4e-05

0.03226 1.4e-05

0.034599 3.5e-05

0.032115 1.5e-05

0.034834 1.5e-05

0.03469 1.1e-05

0.03232 1.6e-05

0.0321 1.2e-05

0.036325 1.3e-05

0.034824 1.2e-05

0.032304 1.3e-05

0.033068 1.2e-05

0.033073 1.2e-05

0.037025 1.5e-05

0.035107 1.7e-05

0.034766 1.6e-05

0.03223 1.6e-05

0.032789 1.5e-05

0.034659 1.6e-05

0.034654 1.1e-05

0.034617 1.1e-05

0.033334 1.1e-05

0.03296 1.5e-05

0.033056 1.6e-05

0.034754 1.2e-05

0.032977 9e-06

0.034704 1.4e-05

0.03469 1.3e-05

0.032233 1.3e-05

0.033217 1.6e-05

0.033085 1.7e-05

0.030807 1.3e-05

0.032014 1.5e-05

0.032314 1.7e-05

0.03451 8e-06

0.034639 1.4e-05

0.035107 1.6e-05

0.032119 1.2e-05

0.032627 1.8e-05

0.033206 1.4e-05

0.035623 1.2e-05

0.035996 2.7e-05

0.036172 1.1e-05

0.036723 1.4e-05

0.034271 1.8e-05

0.03409 1.8e-05

0.033271 1.8e-05

0.038399 2e-05

0.035643 1.2e-05

0.033 2.3e-05

0.034188 1.6e-05

0.033672 1.5e-05

0.034913 2.5e-05

0.032153 1.5e-05

0.035747 2e-05

0.034945 1.7e-05

0.03459 1.8e-05

0.033747 1.9e-05

0.034517 1.5e-05

0.035414 1.4e-05

0.033889 1.9e-05

0.034797 1.3e-05

0.034091 2.4e-05

0.036494 1.8e-05

0.035631 1.8e-05

0.035666 1.6e-05

0.035308 2.1e-05

0.037399 1.7e-05

0.037654 1.9e-05

0.036203 2e-05

0.035305 1.7e-05

0.035102 1.3e-05

0.037943 1.9e-05

0.03217 1.2e-05

0.034888 1.6e-05

0.033269 1.4e-05

0.032641 1.1e-05

0.032097 1.9e-05

0.035324 1.4e-05

0.03471 1.4e-05

0.034621 2e-05

0.032149 1.5e-05

0.032143 1.7e-05

0.032917 1.9e-05

0.03084 2.1e-05

0.032087 1.5e-05

0.033372 1.1e-05

0.033151 3.1e-05

0.032241 2.4e-05

0.032842 1.6e-05

0.033365 2.1e-05

0.034875 2.1e-05

0.035186 1.3e-05

0.034736 1.7e-05

0.030794 1.7e-05

0.035704 1.8e-05

0.033174 1.2e-05

0.035389 1.1e-05

0.035817 1.4e-05

0.032855 2.4e-05

0.032293 1.2e-05

0.035043 1.4e-05

0.03334 1.4e-05

0.033146 1.5e-05

0.034571 1.5e-05

0.032106 1.5e-05

0.035306 1.2e-05

0.034952 1.6e-05

0.034895 1.3e-05

0.034677 1e-05

0.032348 1.6e-05

0.035739 1.9e-05

0.0349 1.3e-05

0.033148 1.9e-05

0.033039 1.8e-05

0.032645 1.7e-05

0.036825 1.5e-05

0.03342 1.1e-05

0.035516 1.4e-05

0.036098 1.7e-05

0.033862 1.4e-05

0.035503 2e-05

0.035497 1.4e-05

0.033645 2.2e-05

0.035541 2.3e-05

0.035726 1.2e-05

0.033319 1.7e-05

0.035652 1.4e-05

0.042942 2.6e-05

0.041752 1.4e-05

0.037147 1.8e-05

0.035182 1.3e-05

0.035854 1.5e-05

0.03404 1.8e-05

0.034039 2.4e-05

