0.003782 1e-06

0.003637 2e-06

0.003657 1e-06

0.003724 1e-06

0.003705 1e-06

0.003805 2e-06

0.003816 2e-06

0.003738 1e-06

0.003766 1e-06

0.003777 3e-06

0.003729 1e-06

0.003738 1e-06

0.003869 1e-06

0.003782 2e-06

0.003775 1e-06

0.003959 1e-06

0.003665 0

0.003623 1e-06

0.003781 1e-06

0.003651 1e-06

0.003839 1e-06

0.003839 1e-06

0.003656 1e-06

0.003806 1e-06

0.003858 1e-06

0.003616 1e-06

0.003783 1e-06

0.003655 1e-06

0.003806 1e-06

0.003623 0

0.003658 1e-06

0.00373 1e-06

0.003907 1e-06

0.003648 1e-06

0.003643 1e-06

0.003654 1e-06

0.003663 2e-06

0.003623 1e-06

0.00363 1e-06

0.003676 1e-06

0.003803 1e-06

0.003664 2e-06

0.003664 1e-06

0.003933 1e-06

0.003854 2e-06

0.003658 1e-06

0.00363 1e-06

0.003661 1e-06

0.003651 1e-06

0.003614 1e-06

0.003778 1e-06

0.003723 1e-06

0.003655 1e-06

0.004078 1e-06

0.003624 1e-06

0.00385 1e-06

0.003804 1e-06

0.003628 0

0.003621 1e-06

0.003849 1e-06

0.003839 2e-06

0.003699 1e-06

0.003622 1e-06

0.004217 1e-06

0.003846 2e-06

0.004134 1e-06

0.003816 1e-06

0.003679 0

0.003836 0

0.003648 1e-06

0.003624 1e-06

0.003646 2e-06

0.003656 1e-06

0.003627 1e-06

0.003625 1e-06

0.003657 1e-06

0.003653 1e-06

0.00377 1e-06

0.003623 1e-06

0.003689 1e-06

0.003653 1e-06

0.003623 1e-06

0.003633 1e-06

0.003687 1e-06

0.003711 1e-06

0.003647 1e-06

0.003627 1e-06

0.003701 1e-06

0.00369 0

0.003616 0

0.003777 2e-06

0.003699 1e-06

0.003659 1e-06

0.003618 1e-06

0.003627 1e-06

0.003757 2e-06

0.003723 1e-06

0.003655 1e-06

0.003778 1e-06

0.003724 1e-06

0.00381 1e-06

0.003624 1e-06

0.00362 1e-06

0.00372 2e-06

0.003736 1e-06

0.003656 1e-06

0.003616 1e-06

0.003737 1e-06

0.003638 1e-06

0.003625 1e-06

0.003653 1e-06

0.003789 1e-06

0.003632 2e-06

0.00378 1e-06

0.003776 1e-06

0.003877 1e-06

0.003668 1e-06

0.004084 1e-06

0.003621 1e-06

0.003877 1e-06

0.00366 1e-06

0.003814 1e-06

0.003616 1e-06

0.003687 1e-06

0.003957 1e-06

0.003661 1e-06

0.00363 1e-06

0.003724 1e-06

0.003798 1e-06

0.003628 2e-06

0.003631 1e-06

0.003724 1e-06

0.003629 1e-06

0.003626 1e-06

0.003631 2e-06

0.003755 2e-06

0.003632 1e-06

0.003761 1e-06

0.003654 2e-06

0.00382 1e-06

0.003807 1e-06

0.003693 1e-06

0.003658 0

0.003697 1e-06

0.003658 0

0.0039 1e-06

0.003633 1e-06

0.003817 1e-06

0.003797 1e-06

0.003788 1e-06

0.003623 1e-06

0.00371 1e-06

0.003637 1e-06

0.003626 1e-06

0.003626 2e-06

0.003657 1e-06

0.003783 2e-06

0.003621 1e-06

0.003808 1e-06

0.003659 2e-06

0.003807 1e-06

0.003625 1e-06

0.004076 1e-06

0.003633 0

0.003684 1e-06

0.003658 1e-06

0.003668 1e-06

0.003664 1e-06

0.003629 1e-06

0.003654 1e-06

0.00362 1e-06

0.003779 1e-06

0.003637 1e-06

0.00362 1e-06

0.003779 1e-06

0.003798 1e-06

0.003772 1e-06

0.003782 2e-06

0.003805 0

0.003832 1e-06

0.003689 1e-06

0.004079 2e-06

0.003658 1e-06

0.003814 1e-06

0.003837 1e-06

0.003617 1e-06

0.003627 1e-06

0.003656 1e-06

0.003654 1e-06

0.003625 1e-06

0.003655 1e-06

0.003819 2e-06

0.003696 1e-06

0.003636 2e-06

0.003628 1e-06

0.003613 1e-06

0.003666 1e-06

0.003628 1e-06

0.003626 0

0.003681 1e-06

0.003663 1e-06

0.003775 1e-06

0.003773 1e-06

0.003656 1e-06

0.003716 2e-06

0.003808 1e-06

0.003636 1e-06

0.003805 2e-06

0.003806 1e-06

0.003623 1e-06

0.003622 1e-06

0.003685 1e-06

0.003848 1e-06

0.003778 1e-06

0.003782 1e-06

0.003802 2e-06

0.003687 1e-06

0.003628 1e-06

0.003653 1e-06

0.003628 1e-06

0.003832 1e-06

0.003857 1e-06

0.003808 1e-06

0.003633 1e-06

0.003744 1e-06

0.003631 1e-06

0.003628 2e-06

0.003802 2e-06

0.003841 1e-06

0.003616 1e-06

0.00363 1e-06

0.003632 2e-06

0.003811 1e-06

0.003624 1e-06

0.003629 1e-06

0.003809 1e-06

0.003684 1e-06

0.003767 1e-06

0.003629 1e-06

0.003626 1e-06

0.003812 1e-06

0.003656 1e-06

0.003777 1e-06

0.003622 1e-06

0.003864 1e-06

0.003658 1e-06

0.003623 0

0.003903 1e-06

0.003833 1e-06

0.003772 2e-06

0.004074 1e-06

0.003627 1e-06

0.003684 1e-06

0.003651 1e-06

0.003623 1e-06

0.003826 1e-06

0.003697 1e-06

0.003631 1e-06

0.003656 1e-06

0.003857 1e-06

0.003683 1e-06

0.003774 1e-06

0.003627 2e-06

0.003625 1e-06

0.003687 1e-06

0.003633 1e-06

0.003806 1e-06

0.00365 1e-06

0.003835 1e-06

0.003625 1e-06

0.003819 1e-06

0.003652 1e-06

0.003651 1e-06

0.003626 1e-06

0.003622 1e-06

0.003784 1e-06

0.003916 1e-06

0.003631 1e-06

0.003625 1e-06

0.003628 1e-06

0.003808 1e-06

0.003626 1e-06

0.003656 1e-06

0.003621 1e-06

0.003867 1e-06

0.003832 1e-06

0.003624 1e-06

0.003629 1e-06

0.003829 1e-06

0.003654 1e-06

0.003796 1e-06

0.003687 0

0.003663 1e-06

0.003612 1e-06

0.003625 1e-06

0.003625 1e-06

0.003865 1e-06

0.003804 1e-06

0.003629 1e-06

0.003782 1e-06

0.003684 1e-06

0.003935 1e-06

0.003657 0

0.003624 1e-06

0.003827 1e-06

0.003665 1e-06

0.003623 1e-06

0.00363 1e-06

0.003687 1e-06

0.003622 1e-06

0.003652 1e-06

0.003775 1e-06

0.003658 1e-06

0.003805 1e-06

0.003628 1e-06

0.003658 0

0.003671 1e-06

0.003623 1e-06

0.003634 1e-06

0.00377 0

0.003838 1e-06

0.00363 2e-06

0.003623 1e-06

0.003652 1e-06

0.003678 1e-06

0.00369 1e-06

0.003775 1e-06

0.003626 1e-06

0.004109 1e-06

0.003784 1e-06

0.003627 0

0.003771 1e-06

0.003659 1e-06

0.003655 1e-06

0.003783 1e-06

0.003621 1e-06

0.003681 2e-06

0.003627 1e-06

0.003636 1e-06

0.004115 1e-06

0.003654 1e-06

0.003681 2e-06

0.003782 1e-06

0.003626 2e-06

0.00368 1e-06

0.003695 1e-06

0.003777 1e-06

0.003767 1e-06

0.003831 1e-06

0.003631 1e-06

0.003894 1e-06

0.003655 1e-06

0.003686 2e-06

0.003649 1e-06

0.003639 1e-06

0.003774 2e-06

0.003664 2e-06

0.003776 1e-06

0.003775 1e-06

0.003646 1e-06

0.003807 1e-06

0.003632 1e-06

0.003634 1e-06

0.003628 1e-06

0.003685 1e-06

0.00382 1e-06

0.003631 1e-06

0.003629 1e-06

0.003653 1e-06

0.003775 0

0.00377 1e-06

0.003659 1e-06

0.003856 1e-06

0.003649 0

0.00363 1e-06

0.003637 2e-06

0.003704 1e-06

0.003778 1e-06

0.003621 1e-06

0.003627 1e-06

0.003686 2e-06

0.003666 1e-06

0.003629 2e-06

0.00378 1e-06

0.003682 1e-06

0.003834 1e-06

0.003636 1e-06

0.003625 1e-06

0.003682 1e-06

0.003641 1e-06

0.003622 1e-06

0.003627 0

0.003803 1e-06

0.003629 1e-06

0.003782 1e-06

0.003654 1e-06

0.00362 1e-06

0.00363 1e-06

0.003632 0

0.003663 1e-06

0.003621 1e-06

0.003624 2e-06

0.003628 1e-06

0.003658 1e-06

0.00363 1e-06

0.00366 2e-06

0.003625 1e-06

0.003835 0

0.003666 1e-06

0.00378 1e-06

0.003633 1e-06

0.003805 1e-06

0.00363 1e-06

0.003658 1e-06

0.003623 1e-06

0.003653 1e-06

0.003846 1e-06

0.003806 1e-06

0.003624 1e-06

0.003843 1e-06

0.003633 1e-06

0.003681 1e-06

0.003782 1e-06

0.003658 1e-06

0.003772 1e-06

0.003656 1e-06

0.003632 1e-06

0.003799 1e-06

0.003774 1e-06

0.003817 1e-06

0.003656 1e-06

0.003683 2e-06

0.003616 1e-06

0.003781 1e-06

0.003626 0

0.003649 1e-06

0.003625 1e-06

0.003633 2e-06

0.003631 2e-06

0.003659 2e-06

0.003627 1e-06

0.003621 1e-06

0.00363 2e-06

0.003659 1e-06

0.003628 1e-06

0.003801 1e-06

0.003781 1e-06

0.003655 1e-06

0.003777 1e-06

0.004079 0

0.003658 1e-06

0.004128 1e-06

0.003627 1e-06

0.003779 1e-06

0.003779 1e-06

0.004099 1e-06

0.003628 2e-06

0.003776 1e-06

0.003679 1e-06

0.003778 1e-06

0.00383 1e-06

0.003813 1e-06

0.003631 1e-06

0.003772 1e-06

0.003658 1e-06

0.003652 1e-06

0.00378 1e-06

0.003627 0

0.00364 2e-06

0.003655 1e-06

0.00362 1e-06

0.003786 1e-06

0.00362 1e-06

0.003776 1e-06

0.003629 1e-06

0.003796 1e-06

0.003622 1e-06

0.003812 1e-06

0.003787 1e-06

0.003778 1e-06

0.003655 2e-06

0.003807 1e-06

0.00364 1e-06

0.003619 1e-06

0.00363 1e-06

0.003657 1e-06

0.003625 1e-06

0.003775 2e-06

0.003621 2e-06

0.003624 2e-06

0.003627 1e-06

0.003815 1e-06

0.003625 1e-06

0.003658 2e-06

0.003627 1e-06

0.003668 1e-06

0.003788 2e-06

0.00377 1e-06

0.003633 1e-06

0.003828 1e-06

0.003626 1e-06

0.003809 1e-06

0.003653 0

0.003644 1e-06

0.003773 0

0.003805 1e-06

0.003627 2e-06

0.004094 1e-06

0.003784 1e-06

0.003628 1e-06

0.003655 1e-06

0.003797 1e-06

0.003625 1e-06

0.003785 1e-06

0.003655 1e-06

0.003773 1e-06

0.003665 2e-06

0.003622 1e-06

0.003785 1e-06

0.004082 2e-06

0.003811 2e-06

0.003774 1e-06

0.00364 1e-06

0.003618 1e-06

0.003825 1e-06

0.003653 1e-06

0.00363 1e-06

0.003629 1e-06

0.00381 1e-06

0.003624 1e-06

0.003626 1e-06

0.003812 2e-06

0.003685 1e-06

0.003777 1e-06

0.003629 1e-06

0.003622 1e-06

0.003653 2e-06

0.003791 1e-06

0.003622 0

0.003624 1e-06

0.003829 1e-06

0.003665 1e-06

0.003633 1e-06

0.003787 1e-06

0.003681 1e-06

0.003661 1e-06

0.003633 2e-06

0.003632 2e-06

0.003676 1e-06

0.003773 1e-06

0.003638 1e-06

0.003621 1e-06

0.003668 1e-06

0.00362 2e-06

0.003841 1e-06

0.003651 1e-06

0.003819 1e-06

0.003767 1e-06

0.003778 0

0.003788 1e-06

0.003657 1e-06

0.00378 1e-06

0.003879 1e-06

0.003633 1e-06

0.003665 1e-06

0.003808 0

0.003627 1e-06

0.00381 1e-06

0.003877 1e-06

0.003629 1e-06

0.003626 1e-06

0.00363 1e-06

0.00367 1e-06

0.003809 1e-06

0.003624 1e-06

0.003655 2e-06

0.003835 1e-06

0.003767 1e-06

0.003804 1e-06

0.003798 2e-06

0.00387 1e-06

0.003814 1e-06

0.003626 1e-06

0.003629 0

0.003706 1e-06

0.003661 1e-06

0.003624 1e-06

0.003769 1e-06

0.003856 1e-06

0.003654 1e-06

0.003659 1e-06

0.003657 2e-06

0.003697 1e-06

0.003622 1e-06

0.004109 1e-06

0.003621 1e-06

0.003709 2e-06

0.003684 0

0.003628 1e-06

0.003774 1e-06

0.003692 1e-06

0.00363 1e-06

0.003794 1e-06

0.003772 1e-06

0.003703 1e-06

0.00365 0

0.003624 1e-06

0.003628 1e-06

0.003883 1e-06

0.004081 1e-06

0.003622 1e-06

0.003687 1e-06

0.003848 1e-06

0.003621 1e-06

0.003868 1e-06

0.003771 2e-06

0.003744 1e-06

0.003629 1e-06

0.003774 1e-06

0.00382 1e-06

0.00387 1e-06

0.003715 1e-06

0.003632 1e-06

0.003616 1e-06

0.003709 1e-06

0.0037 1e-06

0.003793 1e-06

0.003619 1e-06

0.003857 1e-06

0.003778 1e-06

0.003626 1e-06

0.003619 1e-06

0.003887 1e-06

0.003843 1e-06

0.003636 1e-06

0.003806 1e-06

0.003858 2e-06

0.003782 1e-06

0.003625 0

0.003638 1e-06

0.003731 1e-06

0.003688 1e-06

0.004129 1e-06

0.003632 1e-06

0.003877 2e-06

0.003808 1e-06

0.003632 1e-06

0.003622 1e-06

0.003907 0

0.003628 1e-06

0.003774 0

0.003631 1e-06

0.003699 1e-06

0.003622 0

0.003773 1e-06

0.003629 1e-06

0.00374 1e-06

0.003653 1e-06

0.003631 1e-06

0.00364 1e-06

0.003704 1e-06

0.003661 1e-06

0.003773 1e-06

0.003785 2e-06

0.003723 1e-06

0.003651 1e-06

0.003649 1e-06

0.003774 1e-06

0.003703 1e-06

0.00362 1e-06

0.003805 1e-06

0.003636 1e-06

0.003727 1e-06

0.003624 1e-06

0.003627 1e-06

0.003616 1e-06

0.003736 1e-06

0.003773 1e-06

0.003627 2e-06

0.003879 1e-06

0.003851 1e-06

0.003622 1e-06

0.003623 0

0.003623 1e-06

0.003883 1e-06

0.003813 1e-06

0.003788 1e-06

0.003635 1e-06

0.003874 1e-06

0.003623 0

0.003631 1e-06

0.003662 1e-06

0.003723 1e-06

0.003639 1e-06

0.00363 1e-06

0.00362 1e-06

0.003759 1e-06

0.003626 1e-06

0.003617 1e-06

0.003621 1e-06

0.003852 1e-06

0.003655 1e-06

0.003769 0

0.003626 1e-06

0.003916 2e-06

0.003804 1e-06

0.003657 0

0.003621 1e-06

0.00385 0

0.003622 1e-06

0.003776 1e-06

0.003623 1e-06

0.00367 1e-06

0.003621 1e-06

0.003784 1e-06

0.003649 1e-06

0.003831 1e-06

0.004081 1e-06

0.003632 1e-06

0.003649 1e-06

0.003863 1e-06

0.00362 1e-06

0.003773 0

0.003627 1e-06

0.00388 1e-06

0.003655 0

0.003643 1e-06

0.003653 1e-06

0.003873 1e-06

0.003623 1e-06

0.003625 1e-06

0.003623 1e-06

0.003849 1e-06

0.003781 1e-06

0.003626 1e-06

0.003629 1e-06

0.003757 1e-06

0.003636 1e-06

0.003627 1e-06

0.003661 2e-06

0.003661 1e-06

0.003667 1e-06

0.003653 1e-06

0.003767 0

0.003666 1e-06

0.003651 1e-06

0.003807 1e-06

0.003622 1e-06

0.003665 1e-06

0.003784 1e-06

0.003658 1e-06

0.003683 1e-06

0.00366 1e-06

0.003629 2e-06

0.003816 1e-06

0.003628 1e-06

0.003659 1e-06

0.003873 1e-06

0.003632 2e-06

0.003633 0

0.00383 1e-06

0.003629 1e-06

0.003771 1e-06

0.003653 1e-06

0.003658 1e-06

0.003663 1e-06

0.003664 2e-06

0.00378 2e-06

0.003685 1e-06

0.003622 1e-06

0.003774 1e-06

0.003652 1e-06

0.003652 1e-06

0.003633 2e-06

0.003781 1e-06

0.003622 1e-06

0.003698 1e-06

0.003628 1e-06

0.003813 2e-06

0.003782 1e-06

0.00391 1e-06

0.003663 1e-06

0.003632 1e-06

0.003778 1e-06

0.003683 0

0.003799 1e-06

0.003815 1e-06

0.003783 1e-06

0.003814 1e-06

0.003804 1e-06

0.003781 1e-06

0.003632 1e-06

0.003685 1e-06

0.003621 2e-06

0.003627 1e-06

0.003842 1e-06

0.003652 1e-06

0.003629 1e-06

0.0039 1e-06

0.003628 1e-06

0.003847 1e-06

0.003619 1e-06

0.003626 1e-06

0.00378 0

0.003816 1e-06

0.003654 1e-06

0.003668 1e-06

0.003635 1e-06

0.003655 1e-06

0.003688 1e-06

0.003626 1e-06

0.003808 2e-06

0.003661 1e-06

0.003789 1e-06

0.00365 1e-06

0.003626 1e-06

0.003686 0

0.003633 1e-06

0.003628 1e-06

0.003655 1e-06

0.003809 0

0.003668 1e-06

0.003621 1e-06

0.003777 0

0.003835 1e-06

0.003808 1e-06

0.003655 1e-06

0.003625 2e-06

0.003812 0

0.003778 1e-06

0.00366 1e-06

0.003656 1e-06

0.003814 2e-06

0.003636 2e-06

0.003621 0

0.003626 1e-06

0.003662 1e-06

0.003632 1e-06

0.003771 1e-06

0.003621 1e-06

0.003637 1e-06

0.004075 1e-06

0.003621 1e-06

0.003626 1e-06

0.003928 1e-06

0.003661 1e-06

0.0038 1e-06

0.003865 1e-06

0.003664 1e-06

0.003773 1e-06

0.003778 1e-06

0.003817 1e-06

0.004133 1e-06

0.003665 1e-06

0.003629 1e-06

0.003783 1e-06

0.00373 2e-06

0.003776 1e-06

0.003628 1e-06

0.003632 1e-06

0.003684 1e-06

0.003664 1e-06

0.003617 1e-06

0.003626 1e-06

0.00369 1e-06

0.003621 1e-06

0.003661 1e-06

0.003627 1e-06

0.003808 0

0.003621 1e-06

0.003627 1e-06

0.003624 1e-06

0.003651 1e-06

0.003626 1e-06

0.003624 2e-06

0.003653 1e-06

0.003811 1e-06

0.003626 1e-06

0.003628 1e-06

0.003636 0

0.003626 2e-06

0.003628 1e-06

0.00378 1e-06

0.003782 1e-06

0.003785 2e-06

0.003815 1e-06

0.003787 1e-06

0.003647 1e-06

0.003689 1e-06

0.003628 1e-06

0.003862 1e-06

0.003777 1e-06

0.003661 1e-06

0.003659 1e-06

0.003621 1e-06

0.003619 1e-06

0.003893 1e-06

0.003812 1e-06

0.003622 1e-06

0.003802 1e-06

0.003832 0

0.003692 1e-06

0.003625 1e-06

0.003625 0

0.00365 1e-06

0.003654 1e-06

0.003657 1e-06

0.003628 1e-06

0.003629 1e-06

0.003622 1e-06

0.003814 1e-06

0.003809 1e-06

0.003809 1e-06

0.003629 1e-06

0.003621 1e-06

0.00378 1e-06

0.00386 1e-06

0.003617 2e-06

0.003783 0

0.003617 1e-06

0.003803 1e-06

0.00363 1e-06

0.003772 2e-06

0.003618 1e-06

0.00381 0

0.003808 1e-06

0.003622 1e-06

0.003637 1e-06

0.003843 1e-06

0.003815 2e-06

0.003784 1e-06

0.003684 1e-06

0.003662 1e-06

0.003628 2e-06

0.003656 0

0.003628 1e-06

0.003746 2e-06

0.003625 1e-06

0.003621 1e-06

0.003652 1e-06

0.003837 2e-06

0.003662 2e-06

0.003664 1e-06

0.003615 1e-06

0.003804 1e-06

0.003655 1e-06

0.003647 1e-06

0.003775 2e-06

0.003631 1e-06

0.003644 0

0.003663 1e-06

0.003627 1e-06

0.003628 1e-06

0.003643 1e-06

0.003886 1e-06

0.003808 1e-06

0.003789 1e-06

0.003781 1e-06

0.003628 2e-06

0.003617 1e-06

0.003631 1e-06

0.003784 1e-06

0.003622 1e-06

0.004075 1e-06

0.003848 1e-06

0.003657 1e-06

0.003651 0

0.003626 1e-06

0.00364 1e-06

0.003628 1e-06

0.003666 1e-06

0.003778 1e-06

0.003654 2e-06

0.003773 2e-06

0.003832 0

0.003638 1e-06

0.003731 0

0.003626 1e-06

0.003642 2e-06

0.003649 1e-06

0.003776 1e-06

0.003643 1e-06

0.003789 1e-06

0.003781 1e-06

0.003623 1e-06

0.003655 1e-06

0.003805 1e-06

0.003771 1e-06

0.003653 1e-06

0.003625 1e-06

0.003688 1e-06

0.003878 2e-06

0.003707 2e-06

0.003627 1e-06

0.003631 2e-06

0.003797 1e-06

0.003833 1e-06

0.003781 1e-06

0.003815 1e-06

0.003637 1e-06

