0.003624 1e-05

0.00368 1e-05

0.003619 1e-05

0.003842 1e-05

0.003661 1.2e-05

0.003663 9e-06

0.00383 1.1e-05

0.004104 1.5e-05

0.003643 1.1e-05

0.003771 8e-06

0.003683 9e-06

0.00363 1e-05

0.003628 2.1e-05

0.003721 1.9e-05

0.003716 1e-05

0.003666 1.1e-05

0.003712 1.1e-05

0.003687 1.2e-05

0.003838 1.2e-05

0.003632 1.7e-05

0.003701 1.1e-05

0.003822 1.2e-05

0.003652 8e-06

0.003806 1.5e-05

0.003722 1.4e-05

0.003809 1.1e-05

0.003633 8e-06

0.00363 1.8e-05

0.003749 1e-05

0.003686 1.4e-05

0.003638 1.1e-05

0.003785 1.3e-05

0.003696 1.2e-05

0.003627 1.5e-05

0.003789 1.1e-05

0.003725 1.2e-05

0.003712 1.2e-05

0.00377 9e-06

0.003621 1.2e-05

0.003625 1.4e-05

0.003691 8e-06

0.003774 1.2e-05

0.003779 1.1e-05

0.003682 1e-05

0.003778 1.2e-05

0.003814 1e-05

0.003654 1.3e-05

0.003901 8e-06

0.003857 1.2e-05

0.003662 1.1e-05

0.003784 9e-06

0.003658 1.2e-05

0.003724 1.4e-05

0.003659 1.1e-05

0.003778 8e-06

0.003811 1.3e-05

0.003696 1e-05

0.003654 1.1e-05

0.003807 1.6e-05

0.003647 1.6e-05

0.003721 1.1e-05

0.003621 1.1e-05

0.003631 1.4e-05

0.004272 1.1e-05

0.003876 1.4e-05

0.003774 8e-06

0.003626 1e-05

0.003668 1.6e-05

0.003754 1.6e-05

0.003775 1.2e-05

0.00362 1.4e-05

0.003651 1.2e-05

0.003693 1.3e-05

0.003774 1.1e-05

0.003623 9e-06

0.003818 1.7e-05

0.003695 6e-06

0.003651 9e-06

0.003781 1.5e-05

0.003692 1e-05

0.003852 1.2e-05

0.003631 1.2e-05

0.003779 1e-05

0.003676 7e-06

0.003872 1.5e-05

0.003873 1.2e-05

0.003802 2.1e-05

0.003812 1.2e-05

0.003694 1.1e-05

0.003779 1.5e-05

0.003617 9e-06

0.003807 1.2e-05

0.003958 1.5e-05

0.003656 1.2e-05

0.003668 1e-05

0.003686 1e-05

0.003739 1.6e-05

0.003776 1.5e-05

0.003619 1.2e-05

0.003828 1.2e-05

0.003844 1.1e-05

0.003776 1.2e-05

0.003627 7e-06

0.003656 9e-06

0.003975 1.7e-05

0.003632 1.6e-05

0.003624 1.6e-05

0.00363 8e-06

0.003695 1.6e-05

0.003625 1.3e-05

0.003628 1.2e-05

0.003901 1.6e-05

0.003846 2.1e-05

0.003622 1.6e-05

0.003626 1.6e-05

0.003633 9e-06

0.003697 7e-06

0.003658 1.5e-05

0.003777 1e-05

0.003777 1.4e-05

0.003693 1.1e-05

0.003633 1.5e-05

0.003622 9e-06

0.003838 1.6e-05

0.003848 1.2e-05

0.003781 1.2e-05

0.003627 1e-05

0.00363 1.1e-05

0.003698 1.2e-05

0.003623 1.2e-05

0.003633 1.3e-05

0.003632 1.2e-05

0.003842 1.2e-05

0.003623 1.2e-05

0.003803 1.8e-05

0.003623 1.5e-05

0.003851 1e-05

0.003627 1.2e-05

0.003912 1.2e-05

0.003631 1.5e-05

0.003876 8e-06

0.003818 1.8e-05

0.003822 1.5e-05

0.003795 1.2e-05

0.003692 1.7e-05

0.003645 1e-05

0.003698 1.5e-05

0.003626 1.3e-05

0.003815 1.6e-05

0.003632 1.3e-05

0.003776 1e-05

0.003804 9e-06

0.00369 1.1e-05

0.004075 1.2e-05

0.003624 1e-05

0.003627 1.7e-05

0.003812 1e-05

0.003779 1.5e-05

0.003634 1.1e-05

0.003648 1.1e-05

0.003683 1.3e-05

0.003618 1e-05

0.003819 1.3e-05

0.003661 8e-06

0.003826 8e-06

0.003654 1.6e-05

0.003831 1.1e-05

0.003779 8e-06

0.003775 1.7e-05

0.003679 1.3e-05

0.003808 9e-06

0.003776 1.3e-05

0.003624 1e-05

0.003653 1.1e-05

0.003785 1.2e-05

0.003613 8e-06

0.00381 1.2e-05

0.003896 1.2e-05

0.003666 9e-06

0.003656 1.2e-05

0.003631 1.1e-05

0.003805 1.3e-05

0.003837 1.5e-05

0.003653 1.4e-05

0.003629 1.1e-05

0.003799 1e-05

0.003704 1.4e-05

0.003659 1.3e-05

0.003813 1.1e-05

0.003652 1.4e-05

0.003786 1.3e-05

0.00378 1e-05

0.003792 1e-05

0.0037 1.7e-05

0.003811 1e-05

0.00366 8e-06

0.003685 1.2e-05

0.003651 1.3e-05

0.004074 8e-06

0.003782 1.1e-05

0.003782 1.1e-05

0.00381 1.4e-05

0.00366 1.2e-05

0.003653 1.1e-05

0.003636 9e-06

0.003684 1.6e-05

0.003738 9e-06

0.003629 1e-05

0.003685 1e-05

0.003811 1.1e-05

0.004073 1.2e-05

0.003811 1.3e-05

0.003781 1.3e-05

0.003623 1.5e-05

0.003806 1.3e-05

0.003621 1.2e-05

0.003777 1.1e-05

0.003631 9e-06

0.003621 1.2e-05

0.003787 1.5e-05

0.003668 1.1e-05

0.003756 1.5e-05

0.003836 1.2e-05

0.003659 2.4e-05

0.00362 1.2e-05

0.003627 1.3e-05

0.003868 1.3e-05

0.003628 1.2e-05

0.003633 9e-06

0.003786 1.2e-05

0.003658 1.4e-05

0.003653 1.6e-05

0.003654 1e-05

0.00362 1e-05

0.003808 1.5e-05

0.003775 1.1e-05

0.003626 1.1e-05

0.003623 1.1e-05

0.003651 8e-06

0.00362 9e-06

0.00363 1.6e-05

0.003776 1e-05

0.003841 1e-05

0.003801 1.2e-05

0.003664 1.3e-05

0.003616 1.2e-05

0.00388 7e-06

0.003631 1.3e-05

0.003627 1.7e-05

0.003657 1.2e-05

0.003808 1e-05

0.003617 9e-06

0.003628 1.4e-05

0.003626 1.3e-05

0.003835 1.4e-05

0.003805 1.4e-05

0.003629 1.3e-05

0.003672 8e-06

0.003673 1.4e-05

0.003621 1.2e-05

0.003627 9e-06

0.003775 1.1e-05

0.003642 1.4e-05

0.003809 1.4e-05

0.004108 1.2e-05

0.003799 1.3e-05

0.00393 9e-06

0.00378 1.6e-05

0.003698 1.8e-05

0.003858 1.6e-05

0.003683 1.2e-05

0.003624 1.3e-05

0.00376 1.2e-05

0.003627 1.7e-05

0.003659 9e-06

0.00362 1.6e-05

0.003654 1.7e-05

0.003783 1.4e-05

0.003807 1.2e-05

0.003631 1.6e-05

0.003783 9e-06

0.004081 7e-06

0.003829 1e-05

0.003881 1.6e-05

0.003777 1.4e-05

0.003764 1.2e-05

0.003631 1.3e-05

0.003619 1.5e-05

0.003629 1.2e-05

0.003662 1e-05

0.003622 1e-05

0.00362 1.3e-05

0.003654 1.2e-05

0.003779 1.1e-05

0.003881 1.6e-05

0.003832 1.6e-05

0.003621 1.4e-05

0.003712 1.7e-05

0.003659 1.1e-05

0.003814 1.6e-05

0.003817 1.6e-05

0.003622 1e-05

0.003629 1e-05

0.003815 1e-05

0.00363 1e-05

0.003651 1.1e-05

0.003792 1.2e-05

0.003811 1.4e-05

0.003784 9e-06

0.003808 1.7e-05

0.003653 1e-05

0.003656 8e-06

0.003627 9e-06

0.003776 7e-06

0.003785 1.2e-05

0.003661 2e-05

0.003626 9e-06

0.00363 1.4e-05

0.003696 1.3e-05

0.003658 1e-05

0.003627 9e-06

0.003619 1.7e-05

0.003802 1.1e-05

0.003901 1.3e-05

0.00366 9e-06

0.003622 8e-06

0.003753 1.1e-05

0.003821 1.2e-05

0.003664 1e-05

0.003775 1.2e-05

0.003629 1.3e-05

0.003841 8e-06

0.003655 1.3e-05

0.003655 1.6e-05

0.003663 7e-06

0.003898 8e-06

0.003629 1.3e-05

0.003878 1.7e-05

0.003792 1.3e-05

0.003806 9e-06

0.003633 6e-06

0.003626 1.7e-05

0.003659 1.7e-05

0.003806 1.2e-05

0.003625 1.6e-05

0.003773 1.2e-05

0.003783 1.4e-05

0.003685 1e-05

0.003631 1.9e-05

0.003654 1.3e-05

0.003657 1.1e-05

0.003659 1.1e-05

0.003658 1.8e-05

0.003621 1.5e-05

0.003788 1.2e-05

0.003818 1.3e-05

0.003811 9e-06

0.003625 1.3e-05

0.003622 1.2e-05

0.003651 1.1e-05

0.003626 1.1e-05

0.00383 8e-06

0.004105 1.1e-05

0.003663 1.1e-05

0.003629 1.1e-05

0.003767 1.4e-05

0.003627 1.2e-05

0.003822 1.4e-05

0.003785 1.4e-05

0.003625 1e-05

0.003775 1.7e-05

0.003754 1.6e-05

0.003818 1.1e-05

0.003682 1.2e-05

0.003626 1.4e-05

0.003809 9e-06

0.00365 9e-06

0.004168 1e-05

0.003902 1.2e-05

0.003758 1.8e-05

0.003865 1.3e-05

0.003679 1.2e-05

0.003658 1.3e-05

0.00368 1.1e-05

0.003659 1.4e-05

0.003652 9e-06

0.003625 1.1e-05

0.003661 1.4e-05

0.003845 1.4e-05

0.00363 1e-05

0.003629 1.2e-05

0.003838 1.2e-05

0.003654 1e-05

0.00363 1.2e-05

0.003787 1.4e-05

0.004129 1.1e-05

0.003831 1.2e-05

0.003803 1.6e-05

0.003631 9e-06

0.003805 2e-05

0.004106 1e-05

0.003833 1e-05

0.003632 1.4e-05

0.003622 9e-06

0.003773 1.4e-05

0.00383 1.4e-05

0.003657 1e-05

0.003654 1.1e-05

0.003625 1e-05

0.003801 1e-05

0.003623 1.1e-05

0.003633 1.2e-05

0.003774 1.3e-05

0.003645 1.1e-05

0.003659 1e-05

0.003781 1.3e-05

0.003783 1.6e-05

0.003843 1.7e-05

0.003876 1.2e-05

0.003625 1.6e-05

0.003638 1.1e-05

0.003654 9e-06

0.003802 1.1e-05

0.003623 1.2e-05

0.003781 1.6e-05

0.003802 1.4e-05

0.003618 1.1e-05

0.003622 1.3e-05

0.003776 1.3e-05

0.003656 1.1e-05

0.00363 9e-06

0.003698 1.7e-05

0.003779 1.5e-05

0.003652 9e-06

0.003776 1.2e-05

0.00371 1.4e-05

0.003623 1e-05

0.003659 1.3e-05

0.00363 1.1e-05

0.003626 1.2e-05

0.003629 1.1e-05

0.003837 1.4e-05

0.004082 9e-06

0.003655 8e-06

0.003632 1.2e-05

0.0038 1.8e-05

0.003631 1.9e-05

0.003648 1.5e-05

0.003623 1.5e-05

0.003794 1e-05

0.003625 1.1e-05

0.003625 1.6e-05

0.003623 1e-05

0.003803 1e-05

0.003656 1.2e-05

0.003621 1.2e-05

0.003789 1.3e-05

0.003694 1.2e-05

0.003807 1.4e-05

0.003705 1.2e-05

0.003868 1.2e-05

0.003839 1e-05

0.003627 1.6e-05

0.003782 9e-06

0.003782 1.8e-05

0.003825 1.4e-05

0.003626 1.3e-05

0.003665 1.1e-05

0.003693 1.3e-05

0.003659 1.5e-05

0.003622 1.1e-05

0.003624 8e-06

0.00363 1.3e-05

0.003804 1e-05

0.003635 1.3e-05

0.003834 1.5e-05

0.003634 1.3e-05

0.003808 1.1e-05

0.003655 1.1e-05

0.003773 1e-05

0.003628 1.4e-05

0.003688 1.2e-05

0.003784 1.4e-05

0.003702 1e-05

0.003627 1.2e-05

0.003667 9e-06

0.003804 1e-05

0.003783 1e-05

0.003778 1.2e-05

0.003783 1.4e-05

0.003629 1.4e-05

0.003657 1.5e-05

0.003773 1.5e-05

0.003769 1.2e-05

0.003634 1e-05

0.003771 1.4e-05

0.003807 9e-06

0.003828 1.5e-05

0.003663 1.2e-05

0.003627 1e-05

0.003776 1e-05

0.003809 9e-06

0.003806 1.4e-05

0.003652 9e-06

0.003771 1e-05

0.003657 1e-05

0.003664 9e-06

0.004075 1.2e-05

0.00378 8e-06

0.003661 1.1e-05

0.003656 8e-06

0.0037 1.1e-05

0.003774 1.1e-05

0.00375 1.6e-05

0.004108 1.2e-05

0.003624 9e-06

0.00366 1e-05

0.003626 1.6e-05

0.003664 1.1e-05

0.003622 1.1e-05

0.003624 1.3e-05

0.003812 9e-06

0.003812 1e-05

0.003651 8e-06

0.003682 1.2e-05

0.003684 1e-05

0.003651 9e-06

0.003783 1e-05

0.003629 1.1e-05

0.00363 1.1e-05

0.003683 1.2e-05

0.003786 1.6e-05

0.003655 1.2e-05

0.003757 9e-06

0.003817 9e-06

0.003781 1.1e-05

0.003746 1.1e-05

0.003633 1.1e-05

0.003664 1.5e-05

0.003771 1.1e-05

0.003786 1.2e-05

0.003811 1.3e-05

0.003659 1.1e-05

0.003773 1e-05

0.003632 1.4e-05

0.003688 1.1e-05

0.003663 1.2e-05

0.003625 1.5e-05

0.003629 1.1e-05

0.003692 1e-05

0.003659 9e-06

0.003782 1.4e-05

0.003638 1.1e-05

0.004083 1e-05

0.003813 1.1e-05

0.00378 1.1e-05

0.00387 1.1e-05

0.003628 1.3e-05

0.003623 1.9e-05

0.003902 1.5e-05

0.003808 1.1e-05

0.003651 1.2e-05

0.00379 1e-05

0.003658 1.2e-05

0.003626 1.6e-05

0.003656 9e-06

0.00379 5e-06

0.003803 1e-05

0.003655 9e-06

0.003629 1.2e-05

0.003631 1e-05

0.003664 1.2e-05

0.003775 1.4e-05

0.003625 1.5e-05

0.003811 1.4e-05

0.003662 1e-05

0.003721 1.1e-05

0.003841 1.4e-05

0.003793 1.2e-05

0.00384 1e-05

0.003775 1.4e-05

0.003819 1.1e-05

0.003791 1.2e-05

0.00381 1.3e-05

0.003625 1.2e-05

0.003839 1.1e-05

0.003772 1.1e-05

0.003843 1.1e-05

0.003658 1.5e-05

0.003799 9e-06

0.003795 1e-05

0.003838 1.6e-05

0.003628 1.3e-05

0.003622 1.4e-05

0.003637 1.3e-05

0.003804 1.2e-05

0.004068 1.1e-05

0.003616 2.1e-05

0.00379 1.9e-05

0.003687 9e-06

0.003903 9e-06

0.003623 9e-06

0.003656 1.5e-05

0.003659 1.2e-05

0.003625 1.1e-05

0.003619 1.3e-05

0.003627 1.1e-05

0.004108 1.6e-05

0.003809 1.1e-05

0.00362 1.1e-05

0.003776 1.2e-05

0.0038 8e-06

0.003624 1.2e-05

0.003881 1.2e-05

0.003633 1.4e-05

0.00368 1.1e-05

0.003651 1.1e-05

0.003691 1.9e-05

0.003833 1.3e-05

0.003791 1.1e-05

0.003684 1.1e-05

0.003661 1.1e-05

0.003625 1.2e-05

0.003642 1.3e-05

0.003628 1.3e-05

0.003777 1.3e-05

0.003626 1.4e-05

0.003832 1.1e-05

0.003777 7e-06

0.003629 1.2e-05

0.003658 1.3e-05

0.003664 1.5e-05

0.003775 1e-05

0.003766 1.1e-05

0.003628 1.1e-05

0.003789 1e-05

0.003633 1.1e-05

0.003624 1.4e-05

0.003687 1.2e-05

0.004106 1.1e-05

0.003708 1.5e-05

0.00365 1.2e-05

0.003687 1e-05

0.003802 1e-05

0.003657 1e-05

0.003621 1e-05

0.003789 1.2e-05

0.003663 1.5e-05

0.003809 1.6e-05

0.003652 1.1e-05

0.00378 1.4e-05

0.003631 1.5e-05

0.003693 1e-05

0.003633 1.6e-05

0.00363 8e-06

0.003642 9e-06

0.003821 1.2e-05

0.003781 1.1e-05

0.003626 1.1e-05

0.003787 9e-06

0.003681 9e-06

0.003645 1.1e-05

0.003638 1e-05

0.004074 1.1e-05

0.003654 1.2e-05

0.003623 1.4e-05

0.003782 1.2e-05

0.003777 1.5e-05

0.003669 1.1e-05

0.003771 1.2e-05

0.003667 8e-06

0.003619 1e-05

0.003683 1.1e-05

0.003623 1.5e-05

0.003783 1e-05

0.003621 1.2e-05

0.003657 1.2e-05

0.003626 1e-05

0.003784 1.1e-05

0.003656 1.2e-05

0.003869 1e-05

0.003651 1.2e-05

0.003658 1.9e-05

0.003633 1.3e-05

0.003669 9e-06

0.003624 1.3e-05

0.00369 1.5e-05

0.003631 1.1e-05

0.003655 1.5e-05

0.003777 1e-05

0.003624 1.1e-05

0.003656 1.2e-05

0.003666 1.2e-05

0.003779 1.1e-05

0.003781 1.1e-05

0.003651 1.2e-05

0.003735 1.1e-05

0.003621 1.3e-05

0.003626 1.3e-05

0.003622 1.7e-05

0.003716 1.2e-05

0.003654 1.3e-05

0.003632 9e-06

0.003781 1.1e-05

0.003803 1.2e-05

0.003615 1e-05

0.003653 1.4e-05

0.003623 1.3e-05

0.003681 1.4e-05

0.003772 1.3e-05

0.003927 1.6e-05

0.003778 1e-05

0.003657 9e-06

0.00363 1.2e-05

0.003626 1.4e-05

0.003628 1.3e-05

0.003841 1.4e-05

0.003629 1.1e-05

0.003778 1.4e-05

0.003767 1.2e-05

0.003723 1.2e-05

0.003811 8e-06

0.003812 1.5e-05

0.003629 1e-05

0.003648 1.4e-05

0.003629 1.6e-05

0.003629 9e-06

0.003622 9e-06

0.00365 9e-06

0.00362 1.2e-05

0.003637 1.3e-05

0.003624 1.6e-05

0.00369 1e-05

0.003649 1e-05

0.003631 1e-05

0.003631 9e-06

0.003692 9e-06

0.003774 1.3e-05

0.003631 1.6e-05

0.003623 9e-06

0.003716 1.3e-05

0.003657 9e-06

0.00362 1.4e-05

0.00362 1e-05

0.00381 1.3e-05

0.003788 1.2e-05

0.003657 1.6e-05

0.003783 1.1e-05

0.003656 1.5e-05

0.003845 1.5e-05

0.003697 1.3e-05

0.003624 1.2e-05

0.003799 1.1e-05

0.003626 9e-06

0.003635 1.7e-05

0.003873 1.4e-05

0.003662 1.5e-05

0.003622 1e-05

0.003772 8e-06

0.003639 1.4e-05

0.003657 1e-05

0.003659 1.3e-05

0.003771 1.1e-05

0.003623 1.3e-05

0.003686 1e-05

0.003637 9e-06

0.004113 1.1e-05

0.003626 1.3e-05

0.003807 1.5e-05

0.003807 1.6e-05

0.003915 1.4e-05

0.003615 1e-05

0.003809 1.3e-05

0.003625 9e-06

0.003631 1.5e-05

0.003653 1e-05

0.003721 1.1e-05

0.003657 1.3e-05

0.003781 9e-06

0.003774 1e-05

0.003661 1.1e-05

0.003647 1.5e-05

0.003781 9e-06

0.003623 1e-05

0.003781 1.2e-05

0.0038 1e-05

0.003621 1.8e-05

0.003664 9e-06

0.003776 1e-05

0.003648 1.3e-05

0.003631 1e-05

0.003612 1.3e-05

0.003774 1e-05

0.00383 9e-06

0.003659 1.1e-05

0.00362 1.2e-05

0.003653 1.1e-05

0.003621 1.4e-05

0.00365 1.3e-05

0.003665 1.2e-05

0.003815 1.6e-05

0.00386 1.6e-05

0.003816 9e-06

0.003664 1.6e-05

0.003624 9e-06

0.003656 1e-05

0.003774 1.8e-05

0.003777 1.3e-05

0.003629 1.3e-05

0.003843 1.3e-05

0.003626 1.2e-05

0.003625 1e-05

0.003628 1.2e-05

0.003657 1.1e-05

0.00377 1.6e-05

0.003621 1e-05

0.003846 1.5e-05

0.003686 1.2e-05

0.003659 1.2e-05

0.003784 1.3e-05

0.003659 1.2e-05

0.003812 1e-05

0.003777 1.1e-05

0.00364 1.5e-05

0.003622 1.2e-05

0.003836 1e-05

0.003624 1e-05

0.00363 9e-06

0.003622 1.8e-05

0.003653 1.2e-05

0.003669 1e-05

0.003627 1e-05

0.003763 1.2e-05

0.003652 1.7e-05

0.003649 1.2e-05

0.004077 1.1e-05

0.00363 8e-06

0.003651 1.3e-05

0.003631 1.2e-05

0.003623 1.3e-05

0.003647 1e-05

0.003682 1.2e-05

0.003806 1e-05

0.003837 1.4e-05

0.00365 1e-05

0.003813 1.4e-05

0.003625 1.1e-05

0.003627 1.1e-05

0.003777 1.1e-05

0.003826 1.2e-05

0.00379 1.4e-05

0.003672 8e-06

0.003771 1e-05

0.003804 1.1e-05

0.003803 1e-05

0.003628 1.8e-05

0.003665 2e-05

0.003805 1.2e-05

0.003808 1.3e-05

0.003629 1.2e-05

0.003653 1.5e-05

0.003662 1.5e-05

0.003804 1e-05

0.003619 1e-05

0.003629 1.2e-05

0.003657 1.3e-05

0.003719 1.2e-05

0.003651 1.1e-05

0.003657 1.5e-05

0.003805 1e-05

0.003809 1.7e-05

0.003622 9e-06

0.00363 1.3e-05

0.003892 1.4e-05

0.003836 1.3e-05

0.003768 1.1e-05

0.003802 1e-05

0.003653 8e-06

0.003654 1.5e-05

0.003619 1.3e-05

0.0038 1.2e-05

0.003844 9e-06

0.00368 1.4e-05

0.00362 1.4e-05

0.004073 1.8e-05

0.003777 1e-05

0.003657 1.2e-05

0.003806 1.3e-05

0.00363 1e-05

0.003629 1.3e-05

0.003654 1.3e-05

0.003625 9e-06

0.003658 1e-05

0.003822 1.5e-05

0.003679 1.3e-05

0.003678 1.3e-05

0.003666 1.5e-05

0.00377 1.5e-05

0.003699 1.1e-05

0.003623 1.1e-05

0.003652 1e-05

0.003628 1.4e-05

0.003689 1.3e-05

0.003655 1.3e-05

0.003635 1.5e-05

0.003658 1e-05

0.003949 1.5e-05

0.003676 3e-05

0.003725 1.4e-05

0.003781 1e-05

0.003718 1.2e-05

0.003771 1.1e-05

0.003639 1.1e-05

0.00362 9e-06

0.003813 1.2e-05

0.003778 1.1e-05

0.003634 1.4e-05

0.003621 1.5e-05

0.003656 9e-06

0.003806 1.1e-05

0.003659 1.4e-05

0.003646 1.2e-05

0.003685 1.4e-05

0.003777 1e-05

0.003655 1.6e-05

0.003772 1.1e-05

0.003686 1.2e-05

0.003804 1.1e-05

0.003777 1.1e-05

0.003622 1.2e-05

0.003723 1.3e-05

0.003795 1e-05

0.003777 1.1e-05

0.003623 1.8e-05

0.003706 1.2e-05

0.003625 1e-05

0.003637 1.3e-05

0.0038 1.4e-05

0.003839 1.2e-05

0.003813 1e-05

0.003673 1.1e-05

0.003627 1e-05

0.003687 1e-05

0.003767 1e-05

0.003633 1.1e-05

0.003622 1.2e-05

0.003834 1.5e-05

0.003665 1e-05

0.003771 1.1e-05

0.003616 1.2e-05

0.003688 8e-06

0.003612 1.1e-05

0.003787 1.3e-05

0.00377 1.4e-05

0.003691 9e-06

0.003621 9e-06

0.003628 9e-06

0.003773 1.9e-05

0.003715 1.3e-05

0.003648 1e-05

0.003802 1.2e-05

0.00366 1.3e-05

0.003901 1.5e-05

0.00362 1e-05

0.003631 1.7e-05

0.003633 8e-06

0.00384 1e-05

0.003771 1.7e-05

0.003661 1.1e-05

0.003774 1.5e-05

0.003681 1.3e-05

0.003689 9e-06

0.003807 8e-06

0.003654 8e-06

0.003689 1e-05

0.003632 1.8e-05

0.003785 1.7e-05

0.003623 1.1e-05

0.003693 1.2e-05

0.003623 1.1e-05

0.00411 1.3e-05

0.003627 1.2e-05

0.003685 9e-06

0.003628 1.1e-05

0.004105 1e-05

0.003628 1.5e-05

0.003687 1.3e-05

0.003768 9e-06

0.003661 1.1e-05

0.00378 1.8e-05

0.003718 1.1e-05

0.003685 1e-05

0.003629 1.5e-05

0.003774 1.1e-05

0.003799 1.5e-05

0.003657 1.9e-05

0.003649 1.4e-05

0.003645 1.7e-05

0.00381 1e-05

0.003841 1.3e-05

