0.00385 0.000303

0.003827 0.000354

0.003662 0.0004

0.003819 0.000347

0.003629 0.00029

0.003688 0.000253

0.003888 0.000227

0.003685 0.000877

0.003651 0.000409

0.003626 0.000732

0.003842 0.000422

0.003626 0.000253

0.003754 0.000434

0.003713 0.0005

0.003719 0.000455

0.003727 0.000613

0.003865 0.00088

0.003654 0.000324

0.003686 0.000518

0.003768 0.000626

0.003805 0.000848

0.003705 0.0004

0.003655 0.000618

0.003691 0.000388

0.003628 0.000459

0.003839 0.000409

0.003625 0.000521

0.003677 0.000471

0.003656 0.000621

0.003624 0.000309

0.003661 0.0004

0.003655 0.000404

0.003782 0.000286

0.003629 0.000451

0.003781 0.000515

0.003898 0.000495

0.003658 0.000594

0.003659 0.000298

0.003669 0.000477

0.003623 0.000424

0.004133 0.000409

0.003645 0.00062

0.003936 0.000399

0.003656 0.000554

0.003687 0.000187

0.003805 0.00033

0.003627 0.000495

0.003772 0.000411

0.003659 0.000402

0.003907 0.000313

0.003629 0.000443

0.003622 0.000405

0.003635 0.000468

0.003659 0.0005

0.00366 0.000465

0.003647 0.000531

0.003839 0.000435

0.003654 0.00028

0.003776 0.000376

0.003683 0.000446

0.00367 0.000359

0.003654 0.00032

0.003772 0.000401

0.003654 0.000513

0.003662 0.000383

0.004136 0.000463

0.003623 0.000366

0.004079 0.000295

0.003618 0.000365

0.003655 0.000481

0.003781 0.000554

0.003622 0.000295

0.003664 0.000351

0.003758 0.000467

0.003626 0.000351

0.003654 0.00049

0.003791 0.000426

0.003803 0.000364

0.003862 0.000638

0.003811 0.000447

0.003658 0.000549

0.00362 0.000443

0.003773 0.000407

0.003657 0.00035

0.003824 0.000517

0.003784 0.00036

0.003777 0.000558

0.003769 0.000495

0.003938 0.000504

0.003781 0.000596

0.003627 0.000384

0.003626 0.000425

0.003622 0.000485

0.003806 0.000259

0.003664 0.000584

0.003773 0.000394

0.003625 0.000384

0.003866 0.000609

0.003661 0.000498

0.003629 0.000535

0.003622 0.000319

0.003624 0.000812

0.003785 0.000641

0.003796 0.000651

0.003658 0.000257

0.003621 0.000716

0.003635 0.000484

0.003657 0.000528

0.003658 0.000188

0.004217 0.000649

0.003631 0.000379

0.003664 0.000307

0.00366 0.000499

0.004162 0.000334

0.003627 0.000323

0.003777 0.000491

0.003618 0.000482

0.003653 0.000353

0.003634 0.000262

0.003692 0.000334

0.003617 0.000729

0.003773 0.000197

0.003661 0.000368

0.004077 0.000535

0.003665 0.000611

0.00366 0.000603

0.003646 0.000412

0.003644 0.000516

0.003644 0.000628

0.003618 0.000367

0.003629 0.000375

0.003647 0.000201

0.003869 0.00038

0.003626 0.000176

0.003779 0.000387

0.003811 0.000577

0.003803 0.000362

0.003651 0.00039

0.003776 0.000549

0.003621 0.000368

0.003631 0.000737

0.003657 0.000608

0.003637 0.000403

0.003627 0.000341

0.003622 0.0003

0.003626 0.00062

0.00381 0.000633

0.003741 0.000375

0.003624 0.000681

0.003627 0.000498

0.00365 0.000357

0.003868 0.00026

0.003784 0.00056

0.003766 0.000551

0.003629 0.00033

0.003686 0.000335

0.003739 0.000371

0.003688 0.000464

0.003689 0.000417

0.00381 0.00062

0.003661 0.00062

0.003706 0.00034

0.003711 0.000524

0.003788 0.00054

0.003637 0.000321

0.003652 0.000393

0.003657 0.000456

0.003765 0.00056

0.003623 0.000484

0.003663 0.000335

0.003686 0.000335

0.003655 0.00043

0.003656 0.000303

0.003818 0.000356

0.003802 0.000425

0.003741 0.000758

0.003656 0.000276

0.003787 0.000371

0.003833 0.0006

0.003624 0.000439

0.003869 0.000647

0.003626 0.000323

0.003627 0.000334

0.003631 0.000419

0.004168 0.000558

0.003893 0.000328

0.003782 0.000793

0.003693 0.000512

0.003857 0.000506

0.003679 0.000308

0.003711 0.000474

0.00379 0.000482

0.003778 0.000451

0.003622 0.000287

0.003652 0.000638

0.003805 0.000758

0.003635 0.000377

0.003656 0.000213

0.003774 0.000326

0.003663 0.00026

0.003647 0.000456

0.003624 0.000629

0.003779 0.000336

0.003662 0.00063

0.003684 0.00046

0.003775 0.000493

0.003811 0.000708

0.003648 0.000424

0.003798 0.000668

0.003683 0.00053

0.003841 0.000279

0.003615 0.000384

0.003783 0.000378

0.003622 0.000285

0.00368 0.000629

0.00377 0.000455

0.003626 0.000725

0.003684 0.000479

0.003723 0.000328

0.003683 0.000317

0.00377 0.000715

0.003629 0.000596

0.003623 0.000163

0.00378 0.000517

0.00387 0.000435

0.003628 0.000452

0.003664 0.000412

0.003656 0.000368

0.00363 0.000232

0.00366 0.000691

0.00365 0.000662

0.003777 0.000195

0.003768 0.000559

0.003865 0.000686

0.003812 0.000273

0.003665 0.000315

0.003788 0.000856

0.0038 0.000359

0.003801 0.00043

0.003658 0.000533

0.003625 0.000706

0.003625 0.000713

0.003627 0.000421

0.003654 0.000365

0.003654 0.000397

0.003663 0.000371

0.004113 0.00032

0.003629 0.000361

0.003683 0.000283

0.003777 0.000839

0.00367 0.000299

0.003663 0.000431

0.003871 0.000316

0.003684 0.000543

0.003647 0.000422

0.00372 0.000352

0.003685 0.000402

0.003622 0.000512

0.003656 0.000199

0.003628 0.000399

0.003791 0.000599

0.003805 0.000426

0.003784 0.000239

0.003691 0.000567

0.003802 0.000677

0.003652 0.000428

0.003784 0.000437

0.003654 0.000388

0.003931 0.000695

0.003765 0.000541

0.003665 0.000297

0.003703 0.000556

0.003842 0.000774

0.003688 0.000325

0.003631 0.000431

0.003885 0.000478

0.003631 0.000414

0.003653 0.000312

0.003618 0.000399

0.00366 0.000711

0.003811 0.00059

0.003768 0.00065

0.003656 0.000431

0.003813 0.000418

0.003658 0.000351

0.003627 0.000558

0.003775 0.000518

0.00368 0.000231

0.003918 0.000365

0.003777 0.000441

0.004402 0.000726

0.003898 0.000678

0.003694 0.000516

0.00366 0.000394

0.00365 0.000517

0.003628 0.000467

0.003774 0.000338

0.003801 0.000465

0.003811 0.000603

0.003661 0.000894

0.003783 0.000391

0.003658 0.000287

0.003685 0.000333

0.003664 0.000561

0.003672 0.000434

0.003793 0.000276

0.003676 0.000482

0.003816 0.000368

0.003652 0.000318

0.003693 0.000461

0.003623 0.000434

0.003626 0.000322

0.003661 0.000337

0.003633 0.000461

0.003626 0.000358

0.003621 0.000409

0.00381 0.000567

0.003653 0.000484

0.003787 0.000555

0.003765 0.000335

0.003779 0.000443

0.003845 0.000306

0.003765 0.000405

0.003764 0.000361

0.003653 0.000353

0.003655 0.000558

0.003679 0.000427

0.003658 0.000345

0.003793 0.000307

0.003615 0.000473

0.003623 0.000283

0.003904 0.000458

0.003636 0.000423

0.003775 0.000716

0.003623 0.000424

0.003631 0.000589

0.003903 0.000382

0.003887 0.000377

0.003783 0.000705

0.00367 0.00042

0.003822 0.000647

0.003675 0.000365

0.003619 0.000337

0.003658 0.000638

0.003638 0.000537

0.003811 0.000741

0.003684 0.000542

0.003656 0.000488

0.00378 0.000256

0.003779 0.000313

0.003803 0.0004

0.003886 0.000374

0.003937 0.000554

0.003746 0.000648

0.003785 0.000214

0.003759 0.000226

0.003819 0.00067

0.003857 0.000554

0.003725 0.000488

0.003813 0.00059

0.003812 0.000296

0.003859 0.000246

0.003815 0.000384

0.003786 0.000466

0.003625 0.000357

0.003649 0.000326

0.003645 0.000174

0.003627 0.000815

0.003771 0.00054

0.003633 0.000397

0.00383 0.000717

0.003665 0.000475

0.003621 0.000397

0.003805 0.000348

0.003809 0.000473

0.003648 0.000605

0.004083 0.000581

0.003685 0.000319

0.003653 0.000448

0.003809 0.000373

0.003808 0.000411

0.003654 0.000543

0.003782 0.000624

0.003628 0.000754

0.003632 0.000315

0.003657 0.000341

0.003695 0.000266

0.003631 0.000379

0.00378 0.000297

0.004102 0.000506

0.003656 0.000297

0.003705 0.000494

0.003647 0.000514

0.003648 0.000308

0.004074 0.000717

0.003807 0.000581

0.00366 0.000658

0.003639 0.000598

0.003786 0.000561

0.003624 0.000495

0.003685 0.000413

0.003719 0.000787

0.003623 0.000272

0.003625 0.000322

0.003625 0.000435

0.00365 0.000529

0.003723 0.000346

0.003804 0.000515

0.003652 0.000285

0.003743 0.000643

0.003622 0.000637

0.003892 0.000699

0.003629 0.00024

0.003628 0.000294

0.003655 0.000728

0.003654 0.000513

0.003657 0.000289

0.003762 0.000568

0.004075 0.000415

0.003651 0.000332

0.003627 0.000448

0.003663 0.000648

0.003635 0.000283

0.003658 0.000362

0.003804 0.000335

0.00362 0.000396

0.003654 0.000583

0.003655 0.000373

0.003632 0.000306

0.003689 0.00061

0.003655 0.000351

0.003658 0.000989

0.003777 0.000349

0.003626 0.000575

0.003689 0.000433

0.003657 0.000305

0.003804 0.000584

0.003622 0.000446

0.003845 0.000221

0.003803 0.000532

0.003638 0.000434

0.003824 0.000406

0.003654 0.000347

0.003807 0.000394

0.003673 0.000577

0.003839 0.000455

0.003668 0.000329

0.003778 0.000225

0.003811 0.000724

0.003731 0.000441

0.00379 0.000262

0.003774 0.000275

0.00376 0.000359

0.003676 0.000638

0.003667 0.000402

0.003625 0.000456

0.00363 0.000477

0.003651 0.000396

0.003647 0.000429

0.003624 0.000405

0.003871 0.000455

0.003653 0.000463

0.003656 0.000514

0.003639 0.000393

0.00365 0.000575

0.003636 0.00043

0.003664 0.000412

0.003683 0.000207

0.003633 0.00031

0.003624 0.000392

0.003629 0.000414

0.003873 0.00043

0.003689 0.000669

0.003624 0.000823

0.003785 0.000757

0.003627 0.00048

0.00381 0.000302

0.003837 0.000496

0.003624 0.000406

0.00365 0.000366

0.00366 0.000503

0.003767 0.000536

0.00371 0.000454

0.004218 0.000356

0.003883 0.00042

0.003731 0.000403

0.003895 0.000281

0.003771 0.000405

0.003872 0.000664

0.00366 0.000525

0.003658 0.000303

0.003657 0.000621

0.003837 0.000395

0.003636 0.00032

0.003807 0.000484

0.003808 0.000655

0.003809 0.000388

0.003652 0.000497

0.003664 0.000511

0.003821 0.000622

0.003802 0.000509

0.003617 0.000633

0.00365 0.000624

0.003782 0.000545

0.0038 0.000347

0.003773 0.000553

0.003627 0.000316

0.003662 0.000344

0.003776 0.000508

0.003703 0.000424

0.003691 0.000326

0.003651 0.000406

0.00384 0.000503

0.004096 0.000521

0.003626 0.000466

0.003806 0.000685

0.003777 0.000276

0.003812 0.000478

0.003776 0.000379

0.004108 0.000588

0.003854 0.000486

0.003694 0.000763

0.003837 0.000298

0.003629 0.000546

0.003651 0.000394

0.003687 0.000632

0.003624 0.000259

0.003651 0.000407

0.003695 0.000421

0.003656 0.000796

0.003775 0.000313

0.003805 0.000307

0.003811 0.000736

0.003777 0.00033

0.003626 0.000735

0.003624 0.000236

0.003632 0.000321

0.003665 0.000613

0.003808 0.000346

0.00381 0.000463

0.003777 0.00038

0.003798 0.000395

0.003661 0.000198

0.003685 0.000309

0.003658 0.000443

0.003624 0.000608

0.003808 0.000643

0.003684 0.00045

0.00363 0.000769

0.003777 0.000266

0.003643 0.000683

0.003654 0.000476

0.003631 0.000583

0.00384 0.000602

0.00363 0.000773

0.003779 0.000316

0.003659 0.000161

0.003851 0.00032

0.004106 0.000458

0.003657 0.000727

0.003832 0.000591

0.004114 0.000617

0.003796 0.000264

0.003634 0.000292

0.003774 0.0005

0.003627 0.000521

0.003687 0.000388

0.003627 0.000451

0.003621 0.000568

0.003624 0.000428

0.003777 0.000635

0.00368 0.000573

0.003623 0.000637

0.003632 0.000473

0.00363 0.000458

0.003774 0.000985

0.003689 0.000421

0.003808 0.000398

0.003816 0.000444

0.003781 0.000309

0.003654 0.000411

0.003821 0.000538

0.003633 0.000266

0.003624 0.000399

0.003646 0.000492

0.003685 0.000589

0.003663 0.000643

0.003617 0.000465

0.003784 0.000361

0.003654 0.000586

0.00381 0.000514

0.00377 0.000213

0.003804 0.00044

0.003636 0.000473

0.003649 0.00046

0.003854 0.000677

0.003834 0.000556

0.003806 0.000591

0.003781 0.000371

0.003623 0.000316

0.003659 0.000392

0.003618 0.0006

0.003626 0.000338

0.003626 0.000527

0.003662 0.000479

0.003656 0.000578

0.003631 0.00035

0.003628 0.000322

0.003839 0.000517

0.003869 0.000246

0.003655 0.000539

0.003668 0.000617

0.003663 0.000415

0.003632 0.000286

0.003677 0.000472

0.003665 0.000268

0.003843 0.000508

0.003849 0.000524

0.003811 0.000453

0.003825 0.000613

0.00364 0.000397

0.003627 0.000341

0.003822 0.000691

0.003799 0.000404

0.003688 0.000331

0.003776 0.00041

0.00363 0.000473

0.003775 0.000602

0.004054 0.00047

0.003648 0.000386

0.003812 0.000461

0.003628 0.000482

0.003628 0.000522

0.003744 0.00069

0.00368 0.000593

0.003685 0.000716

0.003787 0.000315

0.003622 0.000725

0.003664 0.000423

0.004093 0.000382

0.003871 0.000343

0.003709 0.000305

0.003666 0.000342

0.003832 0.000487

0.003769 0.00058

0.00365 0.000364

0.003626 0.000513

0.003619 0.000239

0.003811 0.000288

0.003651 0.000167

0.003674 0.000706

0.00378 0.000659

0.003628 0.000378

0.003683 0.000388

0.00369 0.000349

0.003802 0.000338

0.003775 0.000625

0.003777 0.000436

0.003801 0.000468

0.003626 0.000485

0.003659 0.000385

0.003661 0.000164

0.003689 0.000389

0.003625 0.000919

0.003778 0.000475

0.003656 0.000441

0.003627 0.00052

0.003654 0.000514

0.003683 0.000743

0.003691 0.000389

0.003772 0.000427

0.00365 0.00061

0.003683 0.000441

0.003623 0.00088

0.003632 0.000411

0.003845 0.000518

0.003788 0.000692

0.003869 0.000907

0.003656 0.000442

0.003832 0.000436

0.003654 0.000248

0.003659 0.000345

0.003658 0.00026

0.003838 0.000482

0.003818 0.000591

0.00365 0.000211

0.003632 0.000407

0.003714 0.00046

0.003894 0.000401

0.003632 0.000499

0.003811 0.000368

0.003664 0.00059

0.00365 0.00042

0.003616 0.000613

0.003629 0.000421

0.003626 0.000325

0.003629 0.000476

0.00368 0.000424

0.003714 0.000761

0.003652 0.000947

0.003625 0.000451

0.003624 0.000317

0.003717 0.000831

0.003729 0.000408

0.003619 0.00043

0.003634 0.000614

0.003862 0.000749

0.003657 0.000488

0.003656 0.000437

0.003636 0.000401

0.003782 0.000338

0.003834 0.000334

0.003728 0.000334

0.003997 0.000446

0.003855 0.000581

0.003864 0.000349

0.003689 0.000454

0.003705 0.000636

0.003702 0.00059

0.003621 0.000833

0.003633 0.000381

0.003775 0.000322

0.003654 0.000484

0.003622 0.000167

0.003628 0.000522

0.003626 0.000361

0.003657 0.000467

0.003788 0.000552

0.003806 0.000743

0.003627 0.000365

0.003808 0.000454

0.003808 0.000307

0.003622 0.000276

0.003901 0.000439

0.003774 0.000489

0.003775 0.000583

0.003686 0.000352

0.003693 0.000556

0.003626 0.000467

0.003776 0.000543

0.003631 0.000302

0.003816 0.000283

0.003627 0.000436

0.003777 0.000511

0.003683 0.000432

0.003656 0.000556

0.003785 0.000723

0.003649 0.000338

0.003777 0.000561

0.003776 0.000533

0.003875 0.000222

0.003741 0.000429

0.003669 0.000488

0.003627 0.000449

0.00362 0.000309

0.003699 0.000545

0.003695 0.000516

0.00362 0.000641

0.003782 0.000423

0.003621 0.000867

0.003836 0.000434

0.003836 0.000523

0.003845 0.000236

0.003698 0.000485

0.003798 0.000577

0.003627 0.000517

0.003685 0.000429

0.003813 0.000494

0.003629 0.000473

0.00378 0.000449

0.003686 0.000435

0.003671 0.000522

0.003619 0.000658

0.003615 0.000342

0.003808 0.000593

0.003684 0.00043

0.003813 0.000296

0.003774 0.000591

0.003777 0.00063

0.003633 0.000303

0.003681 0.000581

0.003646 0.000426

0.00378 0.000434

0.003776 0.000478

0.003699 0.000339

0.003712 0.000453

0.003668 0.000335

0.003837 0.000458

0.003623 0.000678

0.003689 0.000386

0.003735 0.000411

0.00362 0.000348

0.00381 0.000501

0.003811 0.000444

0.003637 0.000463

0.003655 0.000561

0.003621 0.0007

0.003651 0.000418

0.003624 0.000238

0.003647 0.000493

0.003775 0.000389

0.003683 0.000358

0.003806 0.00035

0.003626 0.000463

0.003683 0.000605

0.003854 0.000538

0.003627 0.000599

0.003769 0.000757

0.003625 0.000312

0.003652 0.000476

0.003654 0.000325

0.003777 0.000315

0.003656 0.000496

0.003651 0.000504

0.003807 0.000328

0.003659 0.000963

0.003775 0.000669

0.003621 0.000314

0.003623 0.000513

0.00366 0.000403

0.003631 0.00053

0.003785 0.00034

0.003657 0.000412

0.003836 0.000352

0.003705 0.000619

0.003628 0.000566

0.003633 0.000626

0.003636 0.000379

0.003769 0.000565

0.003688 0.000377

0.003663 0.000512

0.003808 0.00021

0.003629 0.000614

0.003835 0.000241

0.003659 0.000365

0.003629 0.000354

0.003629 0.000542

0.003879 0.000485

0.00369 0.00055

0.003642 0.000481

0.003628 0.000433

0.003622 0.000404

0.003658 0.000552

0.00385 0.000268

0.003625 0.000491

0.003779 0.000344

0.003618 0.000643

0.003621 0.00036

0.003674 0.000621

0.003807 0.000507

0.003661 0.000422

0.003625 0.00058

0.003774 0.000446

0.003644 0.000254

0.003688 0.0004

0.003662 0.000208

0.003621 0.00053

0.00384 0.000335

0.003627 0.000474

0.00378 0.000601

0.003656 0.000557

0.003802 0.000878

0.003711 0.000301

0.003911 0.000652

0.003662 0.000307

0.003804 0.000538

0.003834 0.00028

0.003686 0.000335

0.003801 0.000511

0.00381 0.000188

0.003662 0.000664

0.003619 0.000493

0.003802 0.0006

0.003624 0.000343

0.003808 0.000393

0.003629 0.000447

0.003804 0.000753

0.003688 0.000318

0.003689 0.00047

0.003625 0.000584

0.003628 0.000331

0.003824 0.000615

0.003802 0.000336

0.003679 0.000362

0.003805 0.000452

0.003635 0.000375

0.003657 0.000485

0.003685 0.000503

0.003663 0.000453

0.003765 0.000323

0.003785 0.00048

0.0038 0.000585

0.003626 0.000276

0.003618 0.000389

0.003774 0.00043

0.003657 0.000482

0.003842 0.000287

0.003779 0.000292

0.003629 0.000505

0.003664 0.000677

0.003819 0.000212

0.003801 0.000431

0.003776 0.000567

0.003626 0.00052

0.003653 0.000583

0.003781 0.000516

0.003855 0.000461

0.003804 0.000448

0.003769 0.000314

0.003624 0.000289

0.003837 0.000286

0.003816 0.000385

0.003843 0.000352

0.003623 0.000494

0.003689 0.000388

0.003832 0.000247

0.003622 0.000525

0.003622 0.00028

0.003657 0.000326

0.003714 0.000827

0.00381 0.000443

0.003621 0.000384

0.003637 0.000329

0.003653 0.000427

0.003775 0.000695

0.003859 0.000806

0.004135 0.000389

0.003804 0.000599

0.00367 0.000577

0.00365 0.000206

0.003706 0.000433

0.003621 0.000453

0.003775 0.00031

0.003815 0.000537

0.003658 0.000882

0.003791 0.000236

0.003658 0.000393

0.003627 0.000284

0.003778 0.000345

0.00366 0.000464

0.003878 0.000331

0.00365 0.000754

0.003817 0.000633

0.003785 0.000394

0.003628 0.000448

0.00368 0.000518

0.003633 0.000275

0.003801 0.000399

0.003803 0.000417

0.003838 0.000716

0.003807 0.000776

0.003651 0.000378

0.003658 0.000499

0.00362 0.000415

0.003658 0.000662

0.003774 0.000486

0.003667 0.000299

0.003784 0.000446

0.003775 0.000238

0.003657 0.000424

0.003652 0.000394

0.003624 0.000576

0.003622 0.000767

0.003691 0.000284

0.003661 0.000431

0.003688 0.000715

0.00365 0.000688

0.0038 0.000392

0.003653 0.000588

0.003817 0.000344

0.003807 0.000396

0.003659 0.000534

0.003625 0.000358

0.003851 0.000426

0.00384 0.000721

0.00378 0.000434

0.003659 0.00039

0.00362 0.000537

0.003798 0.000414

0.003686 0.00066

0.003681 0.00036

0.003654 0.00077

0.00369 0.000461

0.003804 0.000381

0.004136 0.00063

0.003623 0.000507

0.003782 0.000431

0.003618 0.000372

0.003663 0.000429

0.003799 0.000695

0.00382 0.00033

0.00365 0.000717

0.004079 0.000571

0.003624 0.00037

0.003818 0.000636

0.003648 0.00024

0.003659 0.000484

0.003661 0.000294

0.00366 0.000567

0.003623 0.000278

