0.008507 9e-05

0.008364 6.9e-05

0.008279 0.000141

0.008968 0.000145

0.009923 9.7e-05

0.009077 0.00017

0.00846 0.00016

0.008167 0.000127

0.008424 0.000135

0.007986 0.00013

0.007924 9.5e-05

0.00796 0.000161

0.008381 0.000127

0.007914 0.000159

0.008353 0.000136

0.007934 0.000164

0.008296 0.000111

0.008418 8.8e-05

0.008007 0.000152

0.007952 0.000148

0.008111 0.000197

0.008021 0.000246

0.008061 0.000128

0.008118 0.000118

0.008545 0.000126

0.008534 0.000177

0.008484 0.000203

0.008488 0.000153

0.008327 0.000154

0.008292 8.9e-05

0.007942 0.000125

0.008504 8.9e-05

0.007868 0.000231

0.008234 0.000173

0.008314 0.00013

0.008506 0.000148

0.007944 0.00011

0.008479 0.000199

0.008399 0.000184

0.008244 0.00017

0.008249 0.0002

0.008283 0.000116

0.008262 7e-05

0.008207 0.000106

0.007921 0.000109

0.008289 0.000162

0.008262 0.000122

0.00791 0.000145

0.007918 0.000216

0.007918 9.7e-05

0.008478 0.00013

0.008421 0.000224

0.008123 0.000136

0.00809 0.000192

0.00846 0.000146

0.008476 0.00012

0.008409 9.5e-05

0.00837 0.000101

0.008006 0.000148

0.008316 0.000184

0.007883 6.7e-05

0.008425 0.000124

0.00831 0.000117

0.008432 0.000116

0.008345 9.5e-05

0.008919 0.000163

0.007926 0.000113

0.008238 0.000166

0.008271 0.000158

0.007875 0.000136

0.008322 0.00013

0.00792 0.000167

0.008433 8.4e-05

0.0081 0.000138

0.008081 0.000157

0.008358 0.000135

0.008434 0.000143

0.008289 0.000161

0.008982 0.000168

0.008669 0.000182

0.008436 0.000187

0.008019 0.000119

0.008421 0.000163

0.007919 0.000139

0.008268 9.8e-05

0.008058 0.000177

0.008468 0.00018

0.008444 0.000192

0.009463 0.000143

0.008694 0.000183

0.008194 0.000138

0.008937 0.000374

0.009478 0.00021

0.008565 0.000166

0.008096 0.000107

0.009178 0.000237

0.008685 0.000145

0.008135 9.4e-05

0.008536 0.000201

0.008891 0.000173

0.008508 6.1e-05

0.008401 6.9e-05

0.008287 0.000138

0.008304 6.8e-05

0.008244 0.000162

0.008467 0.000152

0.008247 9.3e-05

0.008254 8e-05

0.007957 0.000156

0.008284 0.000165

0.007888 0.00015

0.008579 0.000153

0.007937 0.000214

0.007973 0.000218

0.008918 0.000166

0.007892 0.000108

0.008218 9.2e-05

0.008988 0.000132

0.007946 0.000111

0.008263 8.1e-05

0.008273 0.000169

0.008167 0.00015

0.008277 8.4e-05

0.008199 7e-05

0.007968 0.000192

0.008767 0.000115

0.008122 0.000156

0.008143 0.000159

0.008711 0.000124

0.008189 0.000162

0.008348 0.000196

0.008952 0.000149

0.008752 0.000104

0.008082 0.000244

0.008149 0.000135

0.008154 0.000185

0.007971 6.8e-05

0.00822 0.000187

0.008501 0.000141

0.008088 0.000168

0.008076 0.000141

0.008455 0.000116

0.009143 0.000103

0.008451 0.000124

0.008133 0.000122

0.008069 0.000105

0.008293 0.000101

0.008974 9.6e-05

0.008449 0.000153

0.007859 0.000119

0.0085 9.1e-05

0.008255 0.000144

0.008396 0.000265

0.008276 0.000231

0.008287 0.00012

0.008225 0.000171

0.007984 0.000179

0.008167 0.000115

0.008936 0.000101

0.00791 0.000149

0.008275 0.000102

0.007881 9.6e-05

0.00832 0.000111

0.008283 9.6e-05

0.007938 0.000153

0.008329 0.000153

0.008253 0.000132

0.008992 8.9e-05

0.008278 0.00013

0.007879 7.4e-05

0.008991 0.0002

0.008074 0.00015

0.009181 0.000117

0.008431 0.000156

0.008627 0.000244

0.00901 0.0001

0.01037 0.000171

0.008621 0.000209

0.008785 0.00019

0.008505 0.000129

0.009975 0.00017

0.00814 0.000248

0.008938 0.000176

0.00998 0.000126

0.009709 0.000125

0.008247 0.000168

0.008545 0.000271

0.009798 0.000133

0.008913 0.000103

0.008692 0.000158

0.008646 0.000125

0.008474 0.000128

0.00856 0.000165

0.008783 0.000187

0.008199 0.0002

0.008834 0.000162

0.008674 0.000192

0.008432 0.000211

0.008322 0.000266

0.008284 0.000134

0.009098 0.000119

0.010228 0.000277

0.008813 0.000308

0.010558 0.000202

0.009091 0.000137

0.00925 0.000248

0.009063 0.000159

0.008653 0.000236

0.008311 8.5e-05

0.008446 9e-05

0.008744 0.00015

0.009553 0.000129

0.00851 0.000134

0.008413 0.000129

0.008872 0.000112

0.009832 0.000133

0.008791 0.000171

0.008456 7.4e-05

0.008344 0.00012

0.008069 0.000111

0.008218 0.000183

0.007959 0.000167

0.008758 8.2e-05

0.007958 0.00015

0.008564 0.000116

0.008087 0.000151

0.008261 0.000129

0.009852 0.000119

0.009305 0.000263

0.008349 0.000195

0.008775 0.000182

0.008765 0.000215

0.008976 0.000196

0.008741 0.000113

0.008559 0.000137

0.008518 0.000131

0.008638 0.000223

0.008596 8.8e-05

0.008471 0.000169

0.00851 8.6e-05

0.008877 0.000123

0.008646 0.000144

0.008089 0.000106

0.008507 0.0001

0.009292 9.3e-05

0.008241 0.000108

0.008614 0.000209

0.009354 9.1e-05

0.008046 0.000168

0.008439 0.000204

0.008592 0.000131

0.008524 0.000125

0.009957 0.000147

0.008937 0.000112

0.008792 0.000349

0.008794 0.000116

0.008931 0.000137

0.010671 0.000175

0.009156 0.000289

0.008766 0.000102

0.008817 0.00011

0.00816 0.000154

0.009361 0.000165

0.009243 7.7e-05

0.009181 0.000136

0.008837 0.000196

0.008636 0.000195

0.008531 0.000137

0.009002 0.000221

0.009464 0.000221

0.009603 0.000154

0.011186 0.000138

0.008638 0.000272

0.008637 0.000131

0.00913 0.00012

0.009509 0.000162

0.009171 0.000102

0.011154 0.000196

0.011565 0.000253

0.010035 0.00022

0.009474 0.000114

0.009156 0.000135

0.008376 0.000125

0.008144 0.000259

0.009409 0.000119

0.008718 0.000158

0.008121 0.000143

0.008281 0.000108

0.008555 0.000147

0.00934 8.4e-05

0.008462 0.000119

0.008354 0.000103

0.008604 0.00018

0.008357 0.000101

0.008576 0.000239

0.008672 0.000163

0.008328 0.000159

0.008466 9.8e-05

0.008433 0.000168

0.008663 0.000316

0.008137 0.000208

0.008265 0.000296

0.009168 0.000204

0.008293 0.000115

0.00839 0.000111

0.008638 0.000178

0.008802 0.000162

0.008745 0.000186

0.008534 0.00015

0.00868 0.00016

0.008689 6.1e-05

0.008489 0.000178

0.008085 0.000118

0.008351 0.000103

0.008753 9e-05

0.008626 0.000115

0.008014 0.000104

0.010959 0.000268

0.008657 0.000169

0.010066 0.000377

0.011184 0.000173

0.00903 0.000261

0.008283 0.000116

0.008121 0.000128

0.009336 0.000129

0.008829 0.00011

0.008161 0.00013

0.008286 0.000205

0.009134 0.000221

0.008377 0.000476

0.009831 0.000254

0.010605 0.000105

0.010545 0.000352

0.009327 0.000235

0.008163 0.000158

0.009182 0.000202

0.008667 0.00015

0.008254 0.000114

0.008127 0.000127

0.008041 8.4e-05

0.008192 0.000158

0.008748 0.000179

0.008599 0.000218

0.008084 0.000108

0.008095 0.000149

0.008448 0.000156

0.008505 0.000224

0.008167 0.000118

0.008558 0.000107

0.008614 0.000109

0.008586 0.000123

0.008471 0.000218

0.008474 0.00015

0.008412 8.8e-05

0.008503 0.000136

0.008125 0.000165

0.008529 8.9e-05

0.008114 0.000122

0.008097 0.000135

0.008547 0.000157

0.008491 0.000113

0.008308 0.000112

0.008073 0.000138

0.008544 0.000113

0.008083 0.000104

0.008016 0.00013

0.008315 0.000207

0.008106 0.000143

0.010653 6.5e-05

0.008649 0.000265

0.009562 0.00013

0.008145 0.000102

0.009613 0.000195

0.008705 0.000191

0.009194 0.000309

0.010181 7.4e-05

0.008413 0.000206

0.008586 0.000208

0.008719 0.000115

0.009024 0.00012

0.008331 0.000146

0.008418 0.000189

0.008314 0.000206

0.00867 0.00017

0.008989 0.000212

0.008529 0.000112

0.00829 0.000221

0.008479 0.000169

0.008445 0.00015

0.008337 0.00019

0.008302 0.000119

0.008742 0.000183

0.008054 9.9e-05

0.008381 0.000173

0.008351 0.000146

0.008533 0.00013

0.008411 0.000165

0.008434 0.000136

0.008443 0.000169

0.008119 0.000215

0.008427 0.000165

0.008428 0.000106

0.009213 0.000109

0.008462 0.000118

0.00812 8.2e-05

0.008729 0.00013

0.009451 0.00014

0.008309 9.4e-05

0.008107 0.000173

0.008506 0.000158

0.008894 0.000179

0.008714 8.9e-05

0.008408 0.000135

0.008244 0.000228

0.008523 0.00011

0.008571 0.000193

0.008405 0.000131

0.008405 0.000211

0.008352 0.000135

0.008549 0.00017

0.008158 0.000157

0.009117 0.000133

0.008457 0.000215

0.008346 0.000168

0.008362 0.000174

0.008249 9.1e-05

0.007969 0.000176

0.008433 8.4e-05

0.008224 0.000192

0.008337 0.000197

0.008382 0.000143

0.008419 0.000169

0.008449 7.4e-05

0.00877 0.000167

0.00818 0.000142

0.008393 0.000128

0.008497 0.00018

0.008487 0.000139

0.008482 0.000152

0.008463 0.000171

0.008246 0.000166

0.009681 0.000116

0.008496 0.000103

0.008542 0.000194

0.008512 0.000105

0.008109 0.000212

0.008324 8.5e-05

0.008491 0.000155

0.008367 0.000147

0.008529 0.000132

0.008542 5.8e-05

0.008404 0.000204

0.008417 0.0002

0.008713 0.000131

0.008561 0.000123

0.008086 9.8e-05

0.008297 0.000239

0.008484 0.000161

0.008278 0.000159

0.008289 8.5e-05

0.00794 6.8e-05

0.007945 0.000237

0.008963 0.000205

0.008187 0.000129

0.008915 0.000104

0.00826 0.000101

0.008238 0.000117

0.007964 0.000102

0.007856 0.000105

0.008268 0.000171

0.008289 0.000223

0.008984 0.000123

0.008276 0.000182

0.007849 0.000112

0.007945 9.9e-05

0.008275 0.000133

0.007877 0.000201

0.008193 0.000128

0.008001 0.000111

0.008357 0.000147

0.009031 0.0001

0.007904 0.00012

0.007971 0.000103

0.007971 0.000131

0.007952 0.000142

0.008293 0.000172

0.008302 0.000144

0.008451 0.000101

0.008547 0.00017

0.008376 0.000119

0.008835 0.00012

0.009113 0.000198

0.008612 0.00014

0.008682 0.000108

0.008481 0.000163

0.008127 0.000105

0.008375 0.00025

0.008839 0.000109

0.008564 0.000153

0.00853 0.000172

0.009301 0.000197

0.008286 0.000162

0.008426 0.000131

0.008454 0.00011

0.008551 0.000112

0.008141 0.000137

0.007963 0.000105

0.008413 0.000101

0.00852 0.000119

0.008035 0.00012

0.008381 0.000103

0.008927 0.000161

0.008306 0.000122

0.008308 0.00013

0.008459 0.000112

0.007896 0.000152

0.008261 0.000161

0.008888 0.000103

0.007921 0.000115

0.007952 0.000174

0.008088 0.000159

0.008511 0.000241

0.008423 0.000119

0.008354 0.000157

0.008106 0.000174

0.008191 0.000148

0.008136 0.000108

0.008295 0.000178

0.008377 0.000161

0.008406 0.000114

0.009159 0.000206

0.008612 0.000102

0.008478 0.000263

0.008129 0.000117

0.007931 0.000178

0.008031 8.5e-05

0.008046 0.000202

0.008259 0.000112

0.008275 0.000132

0.00794 0.000148

0.007912 0.000215

0.007964 0.000125

0.007933 0.000169

0.007954 0.000219

0.007971 0.000186

0.008978 0.00013

0.008298 0.000113

0.008509 0.000106

0.0083 0.00015

0.008288 0.000165

0.008271 0.000138

0.008559 9e-05

0.008243 7.2e-05

0.008479 0.000106

0.007906 0.00021

0.007914 0.000161

0.008323 0.000143

0.008482 0.000286

0.008624 0.000202

0.008536 0.000116

0.010979 0.000145

0.008151 7.6e-05

0.008344 0.000138

0.008115 0.000112

0.007935 0.000118

0.00909 0.000119

0.008265 9.2e-05

0.00851 9.2e-05

0.008064 6.4e-05

0.008326 0.000167

0.0083 0.00012

0.009279 0.000166

0.008209 9.8e-05

0.008411 0.000125

0.00827 0.000174

0.008542 6.3e-05

0.008136 0.000154

0.008515 0.000211

0.007924 0.000133

0.008266 0.000116

0.008257 7.9e-05

0.007899 0.000198

0.008259 5.5e-05

0.00831 0.000103

0.008326 8.3e-05

0.008245 0.000162

0.008285 0.000146

0.008225 0.000109

0.008208 0.00016

0.00828 8.9e-05

0.007895 0.000185

0.008811 0.000107

0.00821 0.000175

0.008445 9.2e-05

0.008597 0.000279

0.00849 0.000198

0.008438 0.000136

0.008097 0.000134

0.008528 0.000179

0.008097 0.000145

0.008562 9.5e-05

0.008264 0.0002

0.008199 0.000131

0.008032 0.000108

0.009281 9.1e-05

0.008833 0.000153

0.009098 0.000139

0.008024 0.000136

0.008116 0.000208

0.008376 0.000114

0.008323 0.00012

0.00821 0.000113

0.007868 0.000109

0.008264 0.000113

0.009187 0.000111

0.008265 0.000123

0.008256 0.000171

0.008124 0.000127

0.008138 0.000189

0.008567 0.000144

0.008469 0.000146

0.008428 0.00018

0.008424 0.000152

0.008337 0.000138

0.008255 0.000174

0.009132 0.00017

0.009136 0.00016

0.008453 0.000111

0.009142 0.000159

0.008123 0.000202

0.008466 0.000115

0.008396 0.000196

0.008495 9.1e-05

0.008476 0.000149

0.00914 0.000152

0.00853 0.000233

0.008467 0.000182

0.008067 0.000246

0.008086 0.000179

0.008094 0.000121

0.008052 0.000132

0.008402 0.000149

0.008154 0.000136

0.008056 0.000158

0.008389 0.000122

0.009205 0.000119

0.008976 0.000171

0.008267 0.000138

0.008207 8.3e-05

0.008928 0.000146

0.008331 0.000147

0.008221 9.5e-05

0.008207 0.000201

0.008462 6.3e-05

0.009167 0.000163

0.008447 0.000241

0.008385 0.000272

0.008587 0.000152

0.00838 7.6e-05

0.008721 0.000125

0.009587 0.000185

0.008999 0.000174

0.008969 0.000165

0.008602 0.000169

0.008094 0.000148

0.009067 0.0002

0.008553 0.000128

0.00833 8.7e-05

0.008403 0.000173

0.008375 9.1e-05

0.008475 0.000183

0.008224 0.000145

0.007917 0.00012

0.008423 0.000164

0.008444 6.6e-05

0.008479 0.000147

0.00848 0.000168

0.008121 0.000225

0.010449 9.1e-05

0.00862 0.000111

0.008339 0.000122

0.008094 0.000173

0.008176 0.000144

0.008286 0.000219

0.008108 0.000118

0.008516 0.000226

0.008084 0.000182

0.008495 7.6e-05

0.008122 0.000105

0.008627 0.000102

0.007963 9.8e-05

0.008761 0.000157

0.008459 0.00014

0.008658 0.000183

0.008461 9.5e-05

0.008332 0.000149

0.00841 0.000106

0.008447 7.2e-05

0.007952 0.00017

0.008271 0.000154

0.011532 0.000162

0.008666 0.000103

0.008625 8.1e-05

0.008358 0.000107

0.007998 0.000122

0.008305 0.000206

0.008255 0.000102

0.008049 9.1e-05

0.008312 0.000185

0.008271 0.000133

0.008142 0.000237

0.00818 0.00023

0.008008 0.000224

0.008291 6.4e-05

0.008461 0.000113

0.008379 0.000201

0.008677 0.000184

0.008233 0.000115

0.008267 0.000113

0.008501 0.000201

0.007873 0.000239

0.008326 7e-05

0.008222 0.000106

0.008309 0.000142

0.008263 0.000126

0.008364 0.000112

0.007923 0.000184

0.0083 9.5e-05

0.008276 0.00018

0.008089 9.1e-05

0.008477 0.00018

0.00867 9.1e-05

0.008227 0.000171

0.00859 0.000121

0.008367 0.000121

0.008097 0.000141

0.008072 0.000155

0.008688 0.000111

0.008327 0.000114

0.008795 0.000172

0.008479 0.000123

0.00828 0.000198

0.009106 0.000186

0.008345 0.000154

0.008438 0.000128

0.00799 9e-05

0.008511 0.000159

0.008414 0.000206

0.008105 0.000158

0.008514 0.000142

0.009166 0.000164

0.008411 0.000102

0.008127 0.000204

0.008527 0.000157

0.008462 0.000121

0.008127 0.000216

0.008442 0.000202

0.008461 0.00017

0.009174 0.000134

0.008503 0.000125

0.009137 0.00014

0.008466 0.000164

0.008408 8.4e-05

0.008338 0.000163

0.008131 0.0001

0.008122 0.000185

0.008421 0.000245

0.007988 0.000111

0.0082 0.000123

0.008951 0.000215

0.007904 0.000126

0.008878 0.000214

0.008465 0.000156

0.008407 7.1e-05

0.008414 0.000118

0.008373 0.00012

0.008688 0.000181

0.008172 0.000118

0.008987 8.5e-05

0.011231 0.000259

0.008539 0.000137

0.007961 0.000188

0.0083 0.000176

0.008315 0.0001

0.008391 0.000141

0.0083 0.000275

0.008662 9.3e-05

0.008722 0.000157

0.008159 0.000165

0.010423 0.000108

0.008403 0.000238

0.009352 0.000125

0.009472 0.000118

0.008555 0.000135

0.008428 0.000129

0.008302 0.00021

0.008619 0.000123

0.008113 0.000197

0.008414 0.000152

0.008979 0.000177

0.00874 0.000134

0.008521 0.000102

0.008135 0.000124

0.008896 0.000184

0.008749 0.000131

0.01013 0.000142

0.008576 9.5e-05

0.008834 0.000251

0.00885 0.000138

0.008696 0.000114

0.008187 9.4e-05

0.008948 0.000134

0.008363 0.000145

0.00812 0.000203

0.009378 0.000208

0.008887 0.000162

0.008517 0.000109

0.008076 0.000114

0.009002 0.000118

0.008661 0.000103

0.008476 0.00018

0.008515 0.000165

0.009145 0.000113

0.008273 0.000105

0.008408 0.000185

0.008816 0.000208

0.008422 5.3e-05

0.008168 0.000138

0.008529 0.000151

0.008743 0.000106

0.008831 0.00023

0.008435 0.000137

0.008458 9.2e-05

0.008797 0.00019

0.008749 0.000236

0.00809 0.000111

0.00852 9.3e-05

0.008692 0.00017

0.010016 0.0001

0.008333 0.00012

0.008524 0.000193

0.008452 0.000117

0.008595 0.000123

0.008133 7e-05

0.008565 0.000142

0.008829 0.000164

0.008426 0.000188

0.008066 0.000137

0.008721 0.000145

0.008796 0.000168

0.008342 0.000146

0.010345 0.0001

0.008547 0.000221

0.009358 0.000364

0.00848 0.000163

0.008426 0.00016

0.008153 0.000135

0.009394 9.9e-05

0.008816 0.000127

0.00809 0.000112

0.009137 0.00013

0.00942 0.000133

0.008538 0.000153

0.008319 9.1e-05

0.008502 0.000181

0.009405 0.000101

0.008073 0.000106

0.008299 0.00016

0.008762 0.000135

0.008635 0.000122

0.008087 0.000135

0.008682 0.000172

0.008706 0.000108

0.008428 0.00017

0.008421 0.000185

0.008537 0.000101

0.008692 7.6e-05

0.009094 0.000167

0.008443 0.000183

0.008987 0.00014

0.00876 9.5e-05

0.008265 0.000179

0.008154 0.000118

0.009196 0.00018

0.00976 0.000167

0.008093 0.000103

0.008366 0.000171

0.009346 0.000176

0.008477 0.000109

0.008447 0.000136

0.008396 0.000282

0.009077 0.000156

0.008266 0.000152

0.008036 0.00012

0.008772 0.000254

0.008628 0.000143

0.00841 0.000106

0.008717 0.000162

0.008519 9.9e-05

0.0082 0.000218

0.008402 0.00017

0.008811 0.000119

0.008735 0.000171

0.008719 0.000149

0.012208 0.000143

0.008121 0.000148

0.008169 0.000103

0.0084 0.000302

0.00848 0.000125

0.009526 0.000127

0.008114 0.000209

0.008496 0.00011

0.008497 9.3e-05

0.009447 0.000102

0.008979 0.00017

0.012391 8.7e-05

0.008504 9.3e-05

0.010175 6.5e-05

0.008567 9.2e-05

0.008521 0.000145

0.008483 0.000147

0.008595 0.000391

0.008199 0.000155

0.008745 0.000104

0.008559 8.2e-05

0.008686 0.000159

0.009994 0.000126

0.009464 9.9e-05

0.008621 0.00012

0.009201 0.000117

0.010324 0.000108

0.008591 0.000156

0.008207 0.000176

0.008553 0.000125

0.008478 0.000167

0.008153 0.000127

0.008809 0.000153

0.009244 0.000136

0.0083 0.000133

0.01107 0.000179

0.011107 0.000129

0.009262 0.000171

0.0098 0.000434

0.009901 0.000346

0.008615 0.000104

0.008114 0.000142

0.008494 0.000224

0.010393 0.000141

0.008698 0.000197

0.008226 0.000124

0.008176 0.000129

0.009589 0.000106

0.008835 0.00021

0.008405 0.000181

0.008757 0.000142

0.008833 0.000232

0.00845 0.000161

0.008494 0.000171

0.008102 9.7e-05

0.008587 8.4e-05

0.008681 0.000144

0.008093 0.000132

0.009131 0.000131

0.008693 0.000216

0.008056 0.000213

0.008391 0.0002

0.008072 0.000102

0.008288 0.000158

0.008466 0.000114

0.008525 0.000155

0.008508 0.000164

0.00815 0.000122

0.008824 0.000198

0.008419 0.000225

0.008609 0.000112

0.009257 0.000148

0.008762 0.000103

0.008312 0.000132

0.008123 0.000147

0.008333 0.000318

0.008402 0.000239

0.008307 0.000201

0.008458 0.000106

0.008455 0.000204

0.008361 0.000103

0.008249 0.00015

0.008322 0.000138

0.008546 0.000187

0.00798 0.000142

0.008009 0.000131

0.008144 0.000225

0.008136 0.000196

0.008417 6.3e-05

0.008436 0.000152

0.008082 0.000132

0.008498 0.000118

0.008482 0.000166

0.008542 0.000188

0.008088 7e-05

0.008745 0.000125

