0.032424 4e-06

0.035235 4e-06

0.034665 5e-06

0.032283 3e-06

0.032109 3e-06

0.034739 2e-06

0.032214 3e-06

0.033071 3e-06

0.034767 4e-06

0.034617 2e-06

0.034639 4e-06

0.034615 5e-06

0.032367 3e-06

0.034555 4e-06

0.032185 3e-06

0.035074 2e-06

0.03241 5e-06

0.034715 4e-06

0.032118 4e-06

0.034659 3e-06

0.034714 3e-06

0.03209 4e-06

0.03478 3e-06

0.032378 3e-06

0.03228 3e-06

0.032975 4e-06

0.034642 5e-06

0.032158 2e-06

0.032853 3e-06

0.034679 4e-06

0.034578 2e-06

0.035298 3e-06

0.034635 3e-06

0.034727 3e-06

0.032421 2e-06

0.034703 2e-06

0.034676 2e-06

0.032065 3e-06

0.034676 4e-06

0.034704 2e-06

0.032903 3e-06

0.034699 3e-06

0.034653 3e-06

0.034706 3e-06

0.034861 4e-06

0.034714 2e-06

0.032884 3e-06

0.035392 3e-06

0.032902 3e-06

0.030954 2e-06

0.035215 3e-06

0.034643 2e-06

0.034581 3e-06

0.032979 3e-06

0.034641 2e-06

0.032091 3e-06

0.032165 3e-06

0.034719 2e-06

0.032919 4e-06

0.032848 5e-06

0.0329 3e-06

0.032088 4e-06

0.032169 3e-06

0.034671 3e-06

0.034672 5e-06

0.032899 4e-06

0.034672 3e-06

0.032321 3e-06

0.034585 3e-06

0.03523 4e-06

0.034647 3e-06

0.032401 2e-06

0.032911 4e-06

0.034545 3e-06

0.034594 4e-06

0.034687 3e-06

0.032359 4e-06

0.033081 3e-06

0.033001 5e-06

0.03465 3e-06

0.032913 2e-06

0.03464 3e-06

0.034654 3e-06

0.034889 2e-06

0.033237 3e-06

0.032117 3e-06

0.03231 5e-06

0.032231 3e-06

0.032179 3e-06

0.032259 2e-06

0.032128 5e-06

0.032112 4e-06

0.032184 3e-06

0.034611 3e-06

0.034716 4e-06

0.034733 4e-06

0.034549 2e-06

0.034755 3e-06

0.034705 3e-06

0.034587 4e-06

0.030748 3e-06

0.034648 2e-06

0.034738 3e-06

0.033021 3e-06

0.032095 3e-06

0.034802 4e-06

0.031956 3e-06

0.032393 4e-06

0.030909 3e-06

0.032076 4e-06

0.032062 2e-06

0.031991 3e-06

0.034526 3e-06

0.032149 3e-06

0.034725 3e-06

0.032873 4e-06

0.032087 2e-06

0.03292 3e-06

0.032422 4e-06

0.034673 4e-06

0.032902 4e-06

0.032319 3e-06

0.035 4e-06

0.032121 6e-06

0.032298 4e-06

0.032218 4e-06

0.034804 3e-06

0.032116 5e-06

0.03462 4e-06

0.034678 2e-06

0.034619 4e-06

0.032875 3e-06

0.031992 2e-06

0.034743 3e-06

0.03214 4e-06

0.033022 4e-06

0.034659 2e-06

0.034697 4e-06

0.03291 2e-06

0.032297 5e-06

0.034768 3e-06

0.034663 2e-06

0.032443 5e-06

0.034856 4e-06

0.034678 3e-06

0.032235 3e-06

0.034463 4e-06

0.032208 3e-06

0.032129 3e-06

0.032094 4e-06

0.034649 5e-06

0.032865 3e-06

0.034625 2e-06

0.03461 3e-06

0.033349 4e-06

0.034635 4e-06

0.032225 3e-06

0.032421 4e-06

0.034695 3e-06

0.03471 3e-06

0.03236 2e-06

0.03471 2e-06

0.034721 3e-06

0.032878 3e-06

0.032098 3e-06

0.032756 4e-06

0.033145 3e-06

0.032194 2e-06

0.032858 3e-06

0.032197 3e-06

0.032182 4e-06

0.034631 2e-06

0.034544 4e-06

0.032524 3e-06

0.03294 3e-06

0.032214 3e-06

0.034815 2e-06

0.034688 3e-06

0.034659 3e-06

0.032956 4e-06

0.032224 2e-06

0.032226 3e-06

0.034624 2e-06

0.034456 3e-06

0.034626 3e-06

0.034706 4e-06

0.032263 2e-06

0.03465 3e-06

0.032288 4e-06

0.035058 3e-06

0.034756 4e-06

0.03216 3e-06

0.033613 5e-06

0.034669 5e-06

0.032918 3e-06

0.034876 4e-06

0.034581 3e-06

0.034581 3e-06

0.03227 2e-06

0.034717 3e-06

0.032837 3e-06

0.034563 3e-06

0.032935 2e-06

0.033035 2e-06

0.034713 6e-06

0.032073 3e-06

0.032876 2e-06

0.034724 3e-06

0.034684 3e-06

0.032953 4e-06

0.032124 3e-06

0.034858 2e-06

0.034571 4e-06

0.035027 6e-06

0.032143 3e-06

0.034569 3e-06

0.034586 3e-06

0.032856 4e-06

0.034718 3e-06

0.03247 3e-06

0.03225 4e-06

0.034562 2e-06

0.032186 5e-06

0.034783 5e-06

0.032116 5e-06

0.032993 4e-06

0.032063 4e-06

0.033158 5e-06

0.034798 4e-06

0.034585 3e-06

0.034665 4e-06

0.034814 2e-06

0.032095 3e-06

0.032116 3e-06

0.034585 4e-06

0.032245 4e-06

0.034649 3e-06

0.033067 5e-06

0.034604 4e-06

0.033057 3e-06

0.034639 4e-06

0.034762 4e-06

0.033007 3e-06

0.032167 4e-06

0.032243 3e-06

0.034675 3e-06

0.032139 6e-06

0.034698 4e-06

0.032064 3e-06

0.03209 4e-06

0.032121 3e-06

0.034826 3e-06

0.032687 3e-06

0.032117 3e-06

0.03208 4e-06

0.03458 3e-06

0.032233 3e-06

0.034585 2e-06

0.033059 3e-06

0.032054 4e-06

0.033166 5e-06

0.034919 4e-06

0.034806 4e-06

0.033058 3e-06

0.03383 2e-06

0.034747 4e-06

0.034904 3e-06

0.034764 4e-06

0.034735 3e-06

0.034861 2e-06

0.034796 3e-06

0.032232 4e-06

0.034637 2e-06

0.034655 4e-06

0.032066 6e-06

0.032125 5e-06

0.034631 4e-06

0.032834 5e-06

0.032275 2e-06

0.032019 2e-06

0.033375 3e-06

0.032344 5e-06

0.032222 3e-06

0.034704 5e-06

0.030952 4e-06

0.034655 3e-06

0.032133 4e-06

0.032084 2e-06

0.033952 5e-06

0.033107 3e-06

0.032308 4e-06

0.034587 3e-06

0.032051 4e-06

0.034626 2e-06

0.033027 4e-06

0.03289 4e-06

0.033478 3e-06

0.034667 3e-06

0.032864 4e-06

0.034848 3e-06

0.034661 4e-06

0.034725 3e-06

0.034599 3e-06

0.034592 4e-06

0.034725 3e-06

0.032091 2e-06

0.034604 3e-06

0.034648 7e-06

0.034798 2e-06

0.034678 3e-06

0.032969 5e-06

0.032006 5e-06

0.032159 5e-06

0.034657 4e-06

0.032118 2e-06

0.035051 3e-06

0.033026 4e-06

0.034566 4e-06

0.034721 3e-06

0.034891 4e-06

0.032093 5e-06

0.034625 4e-06

0.034643 3e-06

0.032208 4e-06

0.034601 4e-06

0.032928 4e-06

0.032273 3e-06

0.032208 5e-06

0.032174 4e-06

0.03457 4e-06

0.034654 4e-06

0.033379 3e-06

0.034815 3e-06

0.034593 6e-06

0.035028 3e-06

0.032911 3e-06

0.034585 4e-06

0.032102 2e-06

0.032071 2e-06

0.032965 3e-06

0.034599 5e-06

0.033043 3e-06

0.032155 4e-06

0.034662 4e-06

0.034556 5e-06

0.030855 4e-06

0.03461 4e-06

0.034667 3e-06

0.03211 3e-06

0.032106 4e-06

0.034638 4e-06

0.03223 3e-06

0.032277 4e-06

0.034871 4e-06

0.032165 5e-06

0.034749 3e-06

0.032434 4e-06

0.032638 3e-06

0.032837 3e-06

0.032511 3e-06

0.03219 4e-06

0.030765 4e-06

0.032886 4e-06

0.032079 4e-06

0.033043 3e-06

0.032266 3e-06

0.032928 3e-06

0.034716 4e-06

0.034702 4e-06

0.034605 4e-06

0.035018 3e-06

0.032191 3e-06

0.034962 2e-06

0.032263 4e-06

0.033149 3e-06

0.032058 4e-06

0.034581 3e-06

0.032092 3e-06

0.03222 4e-06

0.034088 4e-06

0.032804 3e-06

0.032828 4e-06

0.032826 3e-06

0.03216 2e-06

0.032148 3e-06

0.032141 2e-06

0.032132 3e-06

0.033027 4e-06

0.034542 4e-06

0.033375 3e-06

0.0323 4e-06

0.032201 3e-06

0.034782 5e-06

0.034534 3e-06

0.032154 2e-06

0.034874 2e-06

0.032073 2e-06

0.032177 3e-06

0.034695 4e-06

0.032071 4e-06

0.034224 3e-06

0.032845 3e-06

0.032079 2e-06

0.034737 1.8e-05

0.034661 4e-06

0.0322 2e-06

0.034604 4e-06

0.034607 3e-06

0.032315 3e-06

0.034639 2e-06

0.035 2e-06

0.032957 4e-06

0.034646 3e-06

0.034669 4e-06

0.032843 2e-06

0.032875 3e-06

0.032206 4e-06

0.034825 3e-06

0.03215 4e-06

0.034827 5e-06

0.03454 3e-06

0.032201 4e-06

0.035877 4e-06

0.032171 2e-06

0.035031 2e-06

0.032952 4e-06

0.035089 4e-06

0.032214 3e-06

0.03307 3e-06

0.034698 3e-06

0.032991 4e-06

0.032252 4e-06

0.0348 4e-06

0.032124 4e-06

0.032831 3e-06

0.034755 3e-06

0.034755 4e-06

0.034508 3e-06

0.032289 3e-06

0.033037 3e-06

0.034569 2e-06

0.032423 3e-06

0.032226 3e-06

0.034806 4e-06

0.034571 3e-06

0.034568 2e-06

0.032873 3e-06

0.032293 5e-06

0.034905 3e-06

0.034648 5e-06

0.034927 3e-06

0.03086 4e-06

0.032863 3e-06

0.034619 4e-06

0.03486 3e-06

0.03471 4e-06

0.032095 3e-06

0.034694 3e-06

0.032837 3e-06

0.034659 4e-06

0.032204 3e-06

0.034635 2e-06

0.032278 3e-06

0.034949 3e-06

0.034658 5e-06

0.032912 4e-06

0.032101 3e-06

0.030882 5e-06

0.032156 3e-06

0.03479 3e-06

0.034647 3e-06

0.032164 3e-06

0.034623 3e-06

0.033318 3e-06

0.034897 4e-06

0.034691 3e-06

0.033828 3e-06

0.034668 4e-06

0.032241 3e-06

0.032215 4e-06

0.034664 5e-06

0.032032 3e-06

0.032106 3e-06

0.03219 3e-06

0.034582 4e-06

0.035021 2e-06

0.034555 3e-06

0.032221 2e-06

0.034759 3e-06

0.03463 3e-06

0.032893 3e-06

0.032848 3e-06

0.03293 5e-06

0.032088 5e-06

0.032274 2e-06

0.03225 4e-06

0.0321 5e-06

0.034814 5e-06

0.032093 4e-06

0.034726 3e-06

0.034947 2e-06

0.034655 3e-06

0.034682 3e-06

0.034532 3e-06

0.033665 3e-06

0.032073 3e-06

0.034621 3e-06

0.033412 2e-06

0.034612 3e-06

0.034746 3e-06

0.03459 2e-06

0.032072 4e-06

0.032252 4e-06

0.034565 3e-06

0.032179 4e-06

0.032295 4e-06

0.035002 4e-06

0.03468 3e-06

0.032075 4e-06

0.034382 3e-06

0.032087 3e-06

0.033099 3e-06

0.032086 4e-06

0.035199 3e-06

0.034564 4e-06

0.032361 4e-06

0.033127 3e-06

0.032181 5e-06

0.034775 3e-06

0.034574 4e-06

0.032899 4e-06

0.03485 3e-06

0.034626 2e-06

0.034641 3e-06

0.032952 3e-06

0.03315 4e-06

0.034608 3e-06

0.034649 2e-06

0.034712 4e-06

0.030842 4e-06

0.033035 4e-06

0.032886 2e-06

0.035215 2e-06

0.032044 4e-06

0.03388 4e-06

0.033019 3e-06

0.032043 4e-06

0.03223 3e-06

0.034592 4e-06

0.034649 2e-06

0.033077 3e-06

0.034671 4e-06

0.034483 3e-06

0.03476 2e-06

0.032307 2e-06

0.032321 2e-06

0.034626 3e-06

0.030864 3e-06

0.032838 5e-06

0.033158 3e-06

0.032904 4e-06

0.035372 4e-06

0.032096 3e-06

0.034636 5e-06

0.034633 4e-06

0.034661 3e-06

0.03302 3e-06

0.034577 3e-06

0.034903 3e-06

0.032503 3e-06

0.032213 4e-06

0.032144 2e-06

0.034621 4e-06

0.03301 4e-06

0.034532 3e-06

0.034618 3e-06

0.032484 3e-06

0.031756 4e-06

0.032998 3e-06

0.033045 3e-06

0.035208 3e-06

0.034647 4e-06

0.034596 2e-06

0.032152 3e-06

0.035025 3e-06

0.034656 4e-06

0.032121 3e-06

0.033022 4e-06

0.032148 5e-06

0.03207 4e-06

0.03276 4e-06

0.034684 3e-06

0.034764 3e-06

0.030807 3e-06

0.0321 3e-06

0.03457 3e-06

0.032157 2e-06

0.032962 4e-06

0.034603 3e-06

0.034935 3e-06

0.033646 4e-06

0.034602 4e-06

0.032205 3e-06

0.03216 6e-06

0.033006 4e-06

0.034587 3e-06

0.034672 5e-06

0.034732 2e-06

0.034647 6e-06

0.034332 2e-06

0.03224 4e-06

0.032237 4e-06

0.03458 3e-06

0.034701 4e-06

0.032055 4e-06

0.035656 3e-06

0.032154 3e-06

0.032878 2e-06

0.034792 3e-06

0.032427 3e-06

0.034599 3e-06

0.032349 3e-06

0.032428 2e-06

0.032132 2e-06

0.034693 4e-06

0.032262 2e-06

0.03205 3e-06

0.035062 4e-06

0.03461 4e-06

0.032992 4e-06

0.034827 4e-06

0.034606 5e-06

0.032242 3e-06

0.032216 2e-06

0.032158 4e-06

0.034356 3e-06

0.034584 4e-06

0.033163 4e-06

0.034593 4e-06

0.032568 4e-06

0.034732 3e-06

0.034792 3e-06

0.034673 3e-06

0.032239 4e-06

0.034782 3e-06

0.034583 5e-06

0.032606 2e-06

0.034579 2e-06

0.034686 4e-06

0.034728 3e-06

0.03469 5e-06

0.034926 5e-06

0.034764 3e-06

0.034579 5e-06

0.034571 3e-06

0.03309 4e-06

0.033083 3e-06

0.032226 4e-06

0.032547 3e-06

0.03302 3e-06

0.032132 3e-06

0.034708 2e-06

0.032347 4e-06

0.035038 2e-06

0.03467 3e-06

0.034844 3e-06

0.032889 2e-06

0.03223 3e-06

0.034594 2e-06

0.034575 4e-06

0.032202 3e-06

0.0348 3e-06

0.033136 5e-06

0.032939 4e-06

0.033067 3e-06

0.032199 4e-06

0.03287 3e-06

0.034918 4e-06

0.032134 3e-06

0.034645 3e-06

0.032169 3e-06

0.034696 3e-06

0.032277 4e-06

0.032152 4e-06

0.033261 3e-06

0.034631 6e-06

0.033469 4e-06

0.032087 3e-06

0.034562 4e-06

0.034524 3e-06

0.033019 3e-06

0.032199 2e-06

0.032095 4e-06

0.034671 3e-06

0.034565 2e-06

0.032833 6e-06

0.034853 3e-06

0.032936 2e-06

0.032147 2e-06

0.032129 3e-06

0.032118 4e-06

0.034735 3e-06

0.03208 4e-06

0.033299 2e-06

0.034653 3e-06

0.034732 3e-06

0.033458 4e-06

0.033213 4e-06

0.032915 3e-06

0.032131 3e-06

0.032294 4e-06

0.032033 3e-06

0.032091 3e-06

0.032903 6e-06

0.034792 2e-06

0.034924 2e-06

0.034833 3e-06

0.034603 4e-06

0.032069 3e-06

0.032207 4e-06

0.034675 4e-06

0.034572 5e-06

0.032249 3e-06

0.034597 4e-06

0.032844 4e-06

0.034804 2e-06

0.03471 3e-06

0.032856 2e-06

0.03296 2e-06

0.032257 2e-06

0.032853 3e-06

0.032423 3e-06

0.034537 3e-06

0.034704 4e-06

0.032527 4e-06

0.032146 4e-06

0.034773 2e-06

0.034534 3e-06

0.034588 5e-06

0.032151 4e-06

0.033071 4e-06

0.033205 4e-06

0.03281 4e-06

0.032406 3e-06

0.032238 4e-06

0.032224 2e-06

0.034692 3e-06

0.032333 3e-06

0.034866 3e-06

0.034602 4e-06

0.032541 3e-06

0.034687 4e-06

0.03461 4e-06

0.034893 4e-06

0.034572 4e-06

0.035031 3e-06

0.034695 3e-06

0.032537 4e-06

0.032628 3e-06

0.030912 3e-06

0.034722 4e-06

0.032168 2e-06

0.032116 3e-06

0.034772 4e-06

0.034704 3e-06

0.034633 2e-06

0.034619 2e-06

0.032348 3e-06

0.034627 3e-06

0.032603 2e-06

0.034576 3e-06

0.032092 5e-06

0.034742 4e-06

0.034545 5e-06

0.034841 2e-06

0.034503 4e-06

0.034571 3e-06

0.034643 4e-06

0.034587 4e-06

0.034719 4e-06

0.034648 2e-06

0.034896 5e-06

0.033077 3e-06

0.032524 3e-06

0.032244 4e-06

0.03211 4e-06

0.034918 3e-06

0.032112 2e-06

0.035189 3e-06

0.032235 3e-06

0.033382 3e-06

0.032265 5e-06

0.03458 6e-06

0.032474 3e-06

0.034656 3e-06

0.032164 4e-06

0.032377 4e-06

0.03296 4e-06

0.032022 3e-06

0.034679 2e-06

0.032268 4e-06

0.034586 3e-06

0.03295 2e-06

0.034646 2e-06

0.034658 3e-06

0.034908 4e-06

0.032817 3e-06

0.034841 3e-06

0.032087 3e-06

0.0346 3e-06

0.032864 3e-06

0.032222 3e-06

0.032252 3e-06

0.032133 4e-06

0.034676 5e-06

0.032781 3e-06

0.032997 3e-06

0.03467 3e-06

0.032919 3e-06

0.034776 4e-06

0.034544 3e-06

0.034672 5e-06

0.03455 4e-06

0.032851 3e-06

0.034649 3e-06

0.032049 5e-06

0.034828 3e-06

0.034572 2e-06

0.03487 4e-06

0.034804 3e-06

0.032139 3e-06

0.032094 4e-06

0.032241 4e-06

0.034743 4e-06

0.034649 2e-06

0.035317 2e-06

0.031349 2e-06

0.034697 4e-06

0.034889 3e-06

0.034567 3e-06

0.03207 3e-06

0.034519 3e-06

0.030737 2e-06

0.032145 2e-06

0.034563 2e-06

0.032228 3e-06

0.031993 4e-06

0.034656 4e-06

0.034683 3e-06

0.034923 3e-06

0.032863 4e-06

0.032236 3e-06

0.033347 4e-06

0.034642 4e-06

0.032366 4e-06

0.032028 3e-06

0.034586 4e-06

0.034784 4e-06

0.034582 3e-06

0.034609 3e-06

0.032053 2e-06

0.034582 4e-06

0.032871 2e-06

0.034691 4e-06

0.032655 3e-06

0.034599 2e-06

0.032835 5e-06

0.034736 3e-06

0.034575 5e-06

0.032982 2e-06

0.034702 4e-06

0.034872 2e-06

0.034537 2e-06

0.033367 3e-06

0.03217 3e-06

0.033262 4e-06

0.031211 3e-06

0.034554 2e-06

0.034756 4e-06

0.032096 2e-06

0.034684 4e-06

0.032943 3e-06

0.030795 5e-06

0.034708 4e-06

0.03259 5e-06

0.03346 4e-06

0.03295 2e-06

0.032265 4e-06

0.032819 6e-06

0.034703 5e-06

0.032367 3e-06

0.032126 3e-06

0.032748 4e-06

0.034676 4e-06

0.034574 3e-06

0.034696 2e-06

0.034602 4e-06

0.033094 3e-06

0.032044 4e-06

0.034867 4e-06

0.034621 3e-06

0.033332 2e-06

0.035041 3e-06

0.034581 4e-06

0.034627 3e-06

0.033307 3e-06

0.03298 2e-06

0.034605 4e-06

0.034652 2e-06

0.032276 5e-06

0.032755 4e-06

0.034705 3e-06

0.034623 3e-06

0.034321 3e-06

0.034609 3e-06

0.032564 3e-06

0.032266 3e-06

0.032429 4e-06

0.034564 4e-06

0.032124 4e-06

0.034553 5e-06

0.032082 3e-06

0.034819 4e-06

0.032359 4e-06

0.032123 5e-06

0.032137 3e-06

0.032283 5e-06

0.034693 4e-06

0.033218 3e-06

0.03466 3e-06

0.034724 2e-06

0.032841 2e-06

0.03219 4e-06

0.034823 4e-06

0.034561 5e-06

0.032841 2e-06

0.032033 4e-06

0.034904 3e-06

0.032255 3e-06

0.03482 4e-06

0.034729 4e-06

0.034712 3e-06

0.034894 2e-06

0.034621 2e-06

0.032793 4e-06

0.032168 2e-06

0.035008 4e-06

0.032191 3e-06

0.034514 3e-06

0.034821 2e-06

0.032872 4e-06

0.034554 3e-06

0.034717 4e-06

0.034755 4e-06

0.034589 3e-06

0.033124 3e-06

0.033204 3e-06

0.03212 3e-06

0.035127 3e-06

0.034743 3e-06

0.034694 3e-06

0.032178 3e-06

0.03218 3e-06

0.034726 5e-06

0.03208 3e-06

0.032268 3e-06

0.032803 4e-06

0.032889 4e-06

0.03292 4e-06

0.034607 2e-06

0.035206 3e-06

0.034742 3e-06

0.032188 5e-06

0.033279 3e-06

0.032901 3e-06

0.034938 5e-06

0.034627 3e-06

0.03487 3e-06

0.034639 3e-06

0.034583 2e-06

0.034578 3e-06

0.034625 3e-06

0.034904 5e-06

0.03288 3e-06

0.034625 3e-06

0.033153 3e-06

0.03281 3e-06

0.034601 4e-06

0.034774 3e-06

0.032871 3e-06

0.034618 4e-06

0.032093 4e-06

0.034715 3e-06

0.034934 3e-06

0.034606 3e-06

0.034605 6e-06

0.034832 4e-06

0.034463 3e-06

0.034611 3e-06

0.033104 3e-06

