0.001074 0.000257

0.001049 0.000495

0.001104 0.000411

0.001044 0.000263

0.001046 0.000507

0.001046 0.000419

0.001043 0.000328

0.001044 0.000397

0.001047 0.000502

0.001094 0.000245

0.001048 0.000143

0.001046 0.00046

0.00104 0.000243

0.001078 0.000399

0.001044 0.000271

0.001049 0.000377

0.001076 0.00027

0.00113 0.00036

0.001078 0.000355

0.00108 0.00043

0.001046 0.000535

0.001043 0.000446

0.001047 0.000201

0.001092 0.000318

0.001046 0.000229

0.001045 0.000276

0.001048 0.000457

0.001045 0.000525

0.001047 0.00031

0.001046 0.000192

0.001093 0.000406

0.001044 0.000327

0.001041 0.000237

0.001044 0.000514

0.001046 0.000376

0.001049 0.000635

0.001143 0.000226

0.001044 0.000294

0.001089 0.000563

0.001072 0.000468

0.001071 0.00059

0.001075 0.000331

0.001066 0.00033

0.00109 0.000203

0.001042 0.000536

0.001078 0.000245

0.001078 0.000386

0.001082 0.000215

0.001074 0.000144

0.001198 0.00023

0.001067 0.000539

0.001043 0.000207

0.001043 0.000338

0.001088 0.00072

0.001046 0.000268

0.001121 0.000361

0.00104 0.000259

0.001044 0.000444

0.001088 0.000583

0.001048 0.000458

0.001045 0.000211

0.001092 0.000256

0.001051 0.000595

0.001079 0.0002

0.001052 0.00067

0.001048 0.00018

0.0011 0.000208

0.001047 0.00054

0.001041 0.000519

0.001047 0.000214

0.001045 0.000342

0.001048 0.000311

0.001046 0.000437

0.00109 0.000198

0.001047 0.00027

0.001044 0.000146

0.001042 0.000422

0.001048 0.000574

0.001042 0.000327

0.00105 0.000583

0.001048 0.000273

0.00108 0.00048

0.001046 0.000142

0.001095 0.000463

0.001041 0.0002

0.001082 0.000252

0.001041 0.000458

0.001045 0.000563

0.001061 0.000508

0.00106 0.000183

0.001045 0.000536

0.001132 0.00033

0.001072 0.000286

0.001041 0.000423

0.001049 0.000463

0.001046 0.000283

0.001106 0.000597

0.001094 0.000246

0.001189 0.000353

0.001041 0.000403

0.001048 0.000546

0.001089 0.00033

0.001072 0.000388

0.001045 0.000411

0.001065 0.000512

0.001053 0.000165

0.001043 0.000435

0.001155 0.000341

0.001076 0.000372

0.001049 0.000239

0.001076 0.00036

0.001046 0.000488

0.001041 0.000452

0.001044 0.000486

0.001046 0.000403

0.001046 0.000515

0.001046 0.000475

0.001047 0.000498

0.001041 0.00017

0.001044 0.000535

0.001048 0.000138

0.001072 0.000216

0.001044 0.000347

0.001073 0.000364

0.001135 0.000283

0.001073 0.000431

0.001048 0.000269

0.001076 0.000217

0.001096 0.000398

0.001046 0.000217

0.001041 0.000277

0.001046 0.000276

0.001044 0.000511

0.001088 0.000184

0.001043 0.000446

0.001062 0.000445

0.001109 0.00032

0.001088 0.000377

0.001044 0.000374

0.001076 0.00029

0.001089 0.000505

0.001048 0.000246

0.00105 0.000539

0.001099 0.00031

0.001085 0.000286

0.001081 0.000178

0.001126 0.000331

0.001076 0.000602

0.001044 0.000159

0.001045 0.000265

0.001045 0.000705

0.00105 0.000202

0.001096 0.00026

0.001043 0.000429

0.001041 0.000689

0.001181 0.000199

0.001063 0.000513

0.001046 0.000163

0.001049 0.000263

0.001048 0.000417

0.001044 0.000177

0.001075 0.000393

0.001045 0.000269

0.00109 0.000144

0.001045 0.000323

0.001042 0.000451

0.001042 0.000181

0.001047 0.000492

0.001108 0.000328

0.001047 0.000506

0.001069 0.000346

0.001045 0.000188

0.001043 0.000612

0.001048 0.000412

0.001045 0.000685

0.001101 0.000296

0.001068 0.000306

0.001076 0.000432

0.001044 0.00051

0.001042 0.000467

0.001065 0.000405

0.00105 0.000355

0.001076 0.000412

0.001097 0.00061

0.001047 0.000164

0.001041 0.000258

0.001112 0.000461

0.001051 0.000503

0.001045 0.000293

0.001124 0.000385

0.001168 0.000438

0.001048 0.000244

0.001043 0.000396

0.001044 0.000585

0.001097 0.000678

0.001048 0.000908

0.001044 0.000336

0.001051 0.000824

0.001048 0.000236

0.001075 0.000331

0.001045 0.00016

0.001046 0.000521

0.001044 0.000237

0.001043 0.000359

0.001096 0.000382

0.001048 0.000453

0.001098 0.000215

0.00105 0.000146

0.001045 0.000343

0.001042 0.000329

0.001048 0.000383

0.001051 0.000492

0.001043 0.000297

0.00108 0.000319

0.001042 0.00026

0.001046 0.000223

0.001093 0.000839

0.001075 0.000612

0.001105 0.000269

0.001049 0.000454

0.001042 0.000366

0.001077 0.000273

0.001044 0.000433

0.001087 0.000451

0.001047 0.000268

0.00105 0.000251

0.001042 0.000469

0.001046 0.000419

0.00111 0.000218

0.001045 0.000221

0.001156 0.000349

0.001048 0.000527

0.001042 0.00029

0.001047 0.000392

0.001057 0.000255

0.001049 0.000673

0.001046 0.00036

0.001045 0.000479

0.001041 0.000529

0.001091 0.000464

0.001041 0.00065

0.001044 0.000139

0.001042 0.000341

0.001071 0.000326

0.001045 0.000478

0.001079 0.0006

0.001046 0.000219

0.0011 0.00037

0.001047 0.000504

0.001049 0.000703

0.00104 0.000287

0.001045 0.000317

0.001077 0.000274

0.001043 0.000295

0.001089 0.000545

0.001096 0.00063

0.001062 0.000397

0.00105 0.000256

0.001076 0.000288

0.001049 0.000296

0.001121 0.000208

0.001077 0.000544

0.001043 0.000635

0.001046 0.000926

0.001041 0.000522

0.001044 0.000397

0.001074 0.000261

0.001047 0.000495

0.001089 0.000484

0.001127 0.000404

0.001075 0.000209

0.00105 0.000498

0.0011 0.000678

0.00105 0.00025

0.001043 0.000421

0.001042 0.000175

0.001093 0.000355

0.001049 0.000196

0.001044 0.000332

0.001046 0.000339

0.001091 0.000213

0.001085 0.00023

0.001086 0.00043

0.001042 0.000224

0.001037 0.000501

0.001118 0.000262

0.001076 0.000749

0.001107 0.000501

0.001089 0.000293

0.001078 0.000544

0.001092 0.000507

0.001052 0.000711

0.001076 0.000403

0.001046 0.000491

0.001076 0.000343

0.00107 0.000141

0.001077 0.000234

0.001077 0.000371

0.001097 0.000604

0.001048 0.000502

0.001044 0.00036

0.001072 0.000555

0.001044 0.00048

0.001042 0.000419

0.001043 0.000285

0.001048 0.000457

0.001044 0.00033

0.001098 0.000492

0.001073 0.000378

0.001051 0.00039

0.001066 0.00037

0.00105 0.000361

0.001048 0.000208

0.001042 0.000162

0.001044 0.000299

0.001044 0.000493

0.001043 0.000488

0.00105 0.000358

0.001077 0.000242

0.001048 0.000239

0.001043 0.000439

0.001046 0.00032

0.00108 0.000406

0.001048 0.000139

0.001046 0.000318

0.001084 0.000426

0.001071 0.000507

0.001049 0.000631

0.001097 0.00023

0.001046 0.000589

0.001046 0.000261

0.001044 0.000273

0.001087 0.000284

0.001049 0.000436

0.00104 0.000179

0.001091 0.000557

0.001048 0.000437

0.001048 0.000354

0.001045 0.00034

0.001051 0.000232

0.001046 0.000503

0.001047 0.00033

0.001045 0.000504

0.001078 0.000178

0.001097 0.000511

0.001045 0.000356

0.001045 0.000256

0.001107 0.000548

0.001059 0.00049

0.001041 0.000597

0.001096 0.000249

0.001109 0.000525

0.001046 0.00026

0.001048 0.000255

0.00104 0.000296

0.001109 0.000513

0.001095 0.000247

0.00108 0.000403

0.001052 0.000266

0.001076 0.000615

0.001046 0.000488

0.001127 0.000288

0.001045 0.00036

0.001045 0.000443

0.001046 0.000354

0.001077 0.000311

0.001038 0.000609

0.001048 0.000313

0.001043 0.000637

0.001045 0.000335

0.001098 0.00059

0.001047 0.000485

0.001092 0.000441

0.001096 0.000325

0.001048 0.000389

0.001046 0.000566

0.001095 0.000664

0.001045 0.000478

0.001044 0.000505

0.001045 0.000324

0.001041 0.000399

0.001045 0.000467

0.001072 0.000567

0.001048 0.000232

0.001047 0.000466

0.001045 0.000179

0.001046 0.000222

0.001049 0.000245

0.001049 0.000397

0.001087 0.000299

0.001046 0.000452

0.001049 0.00042

0.001074 0.000183

0.001056 0.000261

0.001049 0.000335

0.001047 0.000203

0.001069 0.000305

0.00105 0.000418

0.001043 0.000272

0.001045 0.000433

0.001074 0.000479

0.001076 0.000275

0.00105 0.000334

0.001077 0.000279

0.001077 0.000564

0.001047 0.000243

0.001073 0.000297

0.001046 0.000421

0.00111 0.000191

0.001046 0.000281

0.001045 0.000255

0.001075 0.000292

0.001063 0.00047

0.00109 0.000261

0.001044 0.000565

0.001048 0.000306

0.001044 0.000241

0.001049 0.000172

0.001045 0.00062

0.001075 0.000259

0.001043 0.00059

0.00105 0.000228

0.001044 0.000464

0.001048 0.000415

0.001088 0.000225

0.001046 0.000344

0.001044 0.000461

0.001045 0.000804

0.001043 0.000362

0.001103 0.000553

0.001043 0.000258

0.001043 0.000284

0.001075 0.000532

0.001077 0.000297

0.001048 0.00059

0.001041 0.000259

0.001042 0.000459

0.001091 0.000494

0.001045 0.000628

0.001125 0.000428

0.001087 0.000352

0.001047 0.000441

0.001082 0.000477

0.001078 0.000593

0.001046 0.00025

0.001051 0.000304

0.001046 0.000325

0.001047 0.000179

0.001048 0.00033

0.001043 0.00024

0.001045 0.000408

0.001047 0.000262

0.001042 0.000563

0.001041 0.000462

0.001044 0.000184

0.001046 0.000209

0.001303 0.000457

0.00107 0.000339

0.001042 0.000194

0.001048 0.000162

0.001044 0.000369

0.001047 0.000269

0.001047 0.000477

0.001091 0.000445

0.001046 0.000486

0.001045 0.000608

0.001047 0.000343

0.001047 0.000376

0.001045 0.000548

0.001091 0.000654

0.001041 0.000514

0.001048 0.000288

0.001059 0.000424

0.001048 0.000626

0.001092 0.00022

0.001049 0.000308

0.001076 0.000171

0.001155 0.000317

0.001049 0.000623

0.001048 0.000232

0.001043 0.000561

0.001047 0.000163

0.001078 0.000155

0.001046 0.000452

0.001042 0.000391

0.001049 0.000235

0.001075 0.000452

0.001049 0.000481

0.001045 0.000424

0.001049 0.000495

0.001097 0.000328

0.001048 0.000393

0.001047 0.000227

0.001076 0.000601

0.001043 0.000368

0.001046 0.000426

0.001093 0.000396

0.001046 0.00029

0.001046 0.000675

0.001098 0.000324

0.001043 0.000374

0.00109 0.000286

0.001045 0.00047

0.001073 0.000556

0.001155 0.000372

0.00108 0.000432

0.001072 0.00074

0.001048 0.000265

0.001049 0.000315

0.001046 0.00041

0.001094 0.000374

0.0011 0.000363

0.001075 0.0003

0.001074 0.000319

0.001049 0.000282

0.001043 0.000265

0.001085 0.000322

0.001105 0.000357

0.001072 0.00044

0.001076 0.00025

0.001075 0.000341

0.001078 0.000541

0.001096 0.000352

0.001089 0.000217

0.001087 0.000488

0.001088 0.000378

0.001047 0.000412

0.001044 0.000324

0.001043 0.000859

0.001056 0.000419

0.001112 0.000311

0.001082 0.000469

0.001126 0.000494

0.001043 0.000502

0.001048 0.000322

0.001046 0.000451

0.001045 0.000635

0.001042 0.000481

0.001045 0.000375

0.001049 0.000457

0.001056 0.000323

0.001047 0.000379

0.001041 0.000387

0.001049 0.000239

0.001063 0.00059

0.001046 0.00036

0.001098 0.000301

0.001073 0.000683

0.001074 0.000353

0.001048 0.000323

0.001046 0.000551

0.001047 0.00056

0.001048 0.000478

0.001047 0.00035

0.001076 0.000752

0.001045 0.000426

0.001045 0.000281

0.001043 0.000195

0.001045 0.000154

0.001045 0.000203

0.001051 0.000259

0.001046 0.000153

0.001044 0.000395

0.001043 0.000457

0.001095 0.000171

0.00105 0.000431

0.00123 0.000307

0.001099 0.000322

0.001076 0.000323

0.001126 0.000405

0.001042 0.00016

0.001047 0.000485

0.001106 0.000559

0.001047 0.000239

0.001048 0.000447

0.001078 0.000281

0.001089 0.00026

0.001042 0.00047

0.001071 0.000345

0.001046 0.000268

0.001043 0.000276

0.001091 0.000824

0.001048 0.000566

0.001076 0.000496

0.001045 0.000329

0.001078 0.000274

0.00105 0.000264

0.001081 0.000378

0.001047 0.000295

0.001135 0.000347

0.001099 0.000615

0.001076 0.000297

0.001042 0.000358

0.001052 0.000457

0.001074 0.000337

0.001044 0.000494

0.001042 0.000497

0.00105 0.000595

0.001043 0.000572

0.001128 0.000448

0.001078 0.000187

0.001079 0.000509

0.001043 0.000456

0.001048 0.000348

0.001043 0.000571

0.001041 0.000513

0.001056 0.000586

0.001044 0.000255

0.001045 0.000272

0.001098 0.0004

0.001043 0.000411

0.001077 0.000403

0.001083 0.00032

0.001046 0.000325

0.001078 0.000245

0.001049 0.000386

0.001108 0.000305

0.001049 0.000305

0.001071 0.000278

0.001047 0.000195

0.001043 0.000354

0.001044 0.00042

0.00107 0.000344

0.001042 0.000315

0.001044 0.000482

0.001044 0.000313

0.001076 0.000273

0.001057 0.000341

0.001107 0.000549

0.001127 0.000263

0.001075 0.000657

0.001049 0.000525

0.001043 0.000255

0.001048 0.000236

0.001061 0.000355

0.001096 0.000158

0.001083 0.000549

0.001045 0.00031

0.001093 0.000142

0.001049 0.000343

0.001118 0.000485

0.001076 0.000245

0.001075 0.000258

0.001045 0.000286

0.001077 0.000402

0.001084 0.000358

0.001049 0.000634

0.001076 0.000498

0.001074 0.000222

0.001104 0.0004

0.001081 0.00022

0.001103 0.000651

0.001045 0.000337

0.001044 0.000463

0.001045 0.000319

0.001043 0.000687

0.001046 0.000295

0.001046 0.000336

0.001051 0.000496

0.001044 0.000704

0.001048 0.000482

0.001067 0.000441

0.001047 0.000424

0.001046 0.000823

0.001072 0.00064

0.00105 0.000418

0.001047 0.000441

0.001044 0.000825

0.001104 0.000339

0.001049 0.000361

0.001044 0.000281

0.001078 0.000516

0.001043 0.000388

0.001087 0.000555

0.001043 0.000304

0.001044 0.000411

0.00118 0.000296

0.001044 0.000568

0.001045 0.00018

0.001045 0.000518

0.001071 0.000282

0.001047 0.000561

0.001046 0.000493

0.00105 0.000553

0.001076 0.000487

0.001046 0.00049

0.001107 0.000265

0.001049 0.000463

0.001044 0.00026

0.001045 0.000178

0.001089 0.000466

0.001043 0.000166

0.001073 0.000584

0.001049 0.000523

0.001043 0.000348

0.001047 0.000487

0.001047 0.000206

0.001102 0.000202

0.001105 0.00027

0.001076 0.000368

0.001041 0.000224

0.001049 0.000538

0.001076 0.000333

0.001097 0.00034

0.001049 0.000315

0.001045 0.000374

0.001048 0.000446

0.001048 0.000294

0.001049 0.000569

0.001048 0.000177

0.001075 0.00044

0.001071 0.000193

0.001045 0.000398

0.001047 0.000292

0.001044 0.000302

0.001046 0.000427

0.001075 0.000375

0.001076 0.000388

0.001073 0.000304

0.001076 0.000239

0.001038 0.000454

0.001045 0.00017

0.001045 0.000388

0.001123 0.000211

0.001093 0.000246

0.001049 0.000327

0.001093 0.000733

0.001049 0.000346

0.001047 0.00025

0.001047 0.000336

0.001045 0.000196

0.001047 0.00019

0.001085 0.000295

0.001048 0.000298

0.001094 0.000405

0.001053 0.000525

0.00105 0.000272

0.001079 0.000321

0.001046 0.000161

0.001077 0.000382

0.001076 0.00037

0.00105 0.000401

0.001056 0.000369

0.001075 0.000506

0.001043 0.000281

0.001047 0.000693

0.001045 0.000402

0.001093 0.000213

0.001041 0.00029

0.001047 0.000322

0.001045 0.000606

0.001043 0.000442

0.001049 0.000204

0.001049 0.000597

0.001047 0.000611

0.001104 0.000487

0.001048 0.000336

0.001061 0.000144

0.001046 0.0002

0.001112 0.000609

0.001046 0.000416

0.001044 0.000375

0.001084 0.000305

0.001045 0.000197

0.00104 0.000211

0.001044 0.000186

0.001043 0.000244

0.001072 0.00041

0.001048 0.000242

0.001097 0.000251

0.001049 0.000434

0.001059 0.000337

0.001048 0.00039

0.00105 0.000185

0.001043 0.000625

0.001045 0.000586

0.001042 0.00032

0.001049 0.00043

0.001045 0.000381

0.001044 0.000362

0.00104 0.000776

0.001099 0.000343

0.001074 0.000442

0.001095 0.000497

0.00111 0.000314

0.001075 0.000186

0.001078 0.000523

0.001056 0.000385

0.001043 0.000637

0.001046 0.000139

0.001074 0.000382

0.001048 0.000659

0.001046 0.000322

0.00109 0.000283

0.00106 0.000458

0.001044 0.000145

0.001044 0.000435

0.001044 0.000348

0.00108 0.000259

0.001098 0.000212

0.00104 0.000413

0.001093 0.000247

0.001106 0.000379

0.00108 0.000263

0.001046 0.000344

0.001046 0.00036

0.001113 0.00039

0.001045 0.000297

0.001045 0.000243

0.001043 0.000484

0.001073 0.00018

0.001045 0.000416

0.001048 0.0002

0.001049 0.000285

0.001075 0.000535

0.001099 0.000288

0.001042 0.000652

0.00105 0.000282

0.001098 0.000329

0.001045 0.00048

0.001048 0.000361

0.001049 0.000329

0.001045 0.000527

0.001044 0.000586

0.001041 0.000467

0.001045 0.000453

0.001044 0.000296

0.001046 0.000513

0.001102 0.000413

0.001073 0.000346

0.001075 0.00038

0.001049 0.000316

0.001048 0.000412

0.001147 0.000558

0.001043 0.000403

0.001042 0.00024

0.001046 0.00029

0.001069 0.000657

0.001048 0.000533

0.001099 0.000268

0.001091 0.000468

0.001072 0.000377

0.001046 0.000687

0.001048 0.000579

0.001042 0.000468

0.001048 0.000262

0.001045 0.000222

0.001049 0.000254

0.001047 0.000246

0.001079 0.000245

0.001048 0.000291

0.001091 0.000474

0.001047 0.000231

0.001059 0.000209

0.001045 0.000819

0.001046 0.000423

0.001042 0.000395

0.001094 0.000214

0.001091 0.000186

0.001093 0.00044

0.001076 0.00055

0.001048 0.000362

0.001047 0.000257

0.001047 0.000279

0.00109 0.000355

0.001082 0.000393

0.001041 0.000379

0.001096 0.000227

0.001041 0.00037

0.001048 0.000379

0.001045 0.000508

0.001041 0.000307

0.001044 0.000269

0.001088 0.000379

0.001042 0.000366

0.001164 0.000293

0.00107 0.00058

0.0011 0.00047

0.001047 0.000392

0.001065 0.000597

0.001124 0.000217

0.001092 0.000533

0.001063 0.000651

0.001047 0.000332

0.00107 0.000504

0.001049 0.000469

0.001071 0.000403

0.001122 0.000317

0.001047 0.000267

0.001052 0.000233

0.001127 0.000202

0.001043 0.000484

0.001047 0.000225

0.001089 0.000134

0.001047 0.000454

0.00109 0.000154

0.001057 0.000592

0.001047 0.000333

0.001046 0.000357

0.00105 0.000593

0.001043 0.00015

0.001045 0.000206

0.001042 0.000258

0.001045 0.000577

0.001048 0.000248

0.001045 0.000178

0.001044 0.000296

0.00109 0.000437

0.001155 0.000616

0.001051 0.00032

0.001048 0.000174

0.001046 0.000521

0.001046 0.000561

0.001046 0.000222

0.001046 0.000351

0.001048 0.000316

0.001048 0.00044

0.001047 0.0002

0.001045 0.000483

0.001094 0.000478

0.001045 0.000548

0.001049 0.00037

0.00113 0.000448

0.001076 0.000551

0.001044 0.000744

0.001097 0.000362

0.001041 0.000404

0.001074 0.000158

0.001044 0.000426

0.001047 0.000478

0.001043 0.000285

0.001072 0.000304

0.001043 0.000422

0.001045 0.000365

0.00107 0.000323

0.001111 0.000241

0.001078 0.000401

0.00108 0.000193

0.001083 0.000154

0.001107 0.000344

0.001076 0.000282

0.001089 0.000538

0.001043 0.000224

0.001074 0.000483

0.001042 0.000229

0.001045 0.000292

0.001046 0.000347

0.001051 0.000317

0.00104 0.000272

0.001049 0.000323

0.001041 0.000708

0.001094 0.000363

0.001044 0.000242

0.001046 0.000559

0.001126 0.000297

0.001074 0.000176

0.001044 0.000303

0.001076 0.000337

0.001075 0.000242

0.001091 0.000709

0.001045 0.000247

0.0011 0.00048

0.001045 0.00021

0.001045 0.000653

0.001041 0.000497

0.001042 0.000287

0.001043 0.000492

0.001045 0.000629

0.001093 0.000575

0.001152 0.000481

0.001073 0.000232

0.001046 0.000269

0.001043 0.000557

0.001047 0.000334

0.001074 0.000425

0.00109 0.000645

0.001044 0.000267

0.001049 0.000448

0.001058 0.000385

0.001043 0.000574

0.001073 0.000305

0.001054 0.000686

0.001045 0.000361

0.001051 0.000388

0.001042 0.000506

0.001045 0.000146

0.001044 0.000294

0.001049 0.000329

0.001041 0.000515

0.001094 0.000291

0.001046 0.000351

0.001042 0.000266

0.001096 0.000449

0.001051 0.000486

0.001052 0.000216

0.001047 0.000353

0.001044 0.000596

0.001048 0.00028

0.00104 0.000419

0.001042 0.000223

