0.008421 0.000358

0.008525 0.000445

0.008536 0.000409

0.008621 0.000245

0.00823 0.000413

0.008498 0.000642

0.008516 0.000769

0.008722 0.000685

0.008111 0.000326

0.008659 0.000622

0.008317 0.000794

0.008091 0.000533

0.008448 0.000527

0.008833 0.000515

0.008621 0.000482

0.008081 0.00033

0.00853 0.000416

0.008943 0.000795

0.008598 0.000584

0.008094 0.000737

0.008165 0.00063

0.008826 0.000391

0.008887 0.000782

0.009161 0.000298

0.008099 0.000535

0.010369 0.000511

0.008838 0.000722

0.008221 0.000346

0.008423 0.000535

0.008839 0.000499

0.009106 0.001228

0.012191 0.000636

0.008449 0.000426

0.009453 0.000337

0.008823 0.000637

0.008725 0.000468

0.008809 0.000458

0.009912 0.000308

0.010425 0.000819

0.008599 0.000377

0.00822 0.0003

0.00868 0.000777

0.009012 0.000809

0.009749 0.000502

0.00884 0.00034

0.008279 0.000738

0.009031 0.000448

0.008607 0.000486

0.008277 0.000694

0.010718 0.000535

0.0099 0.000328

0.00846 0.000332

0.009097 0.000328

0.008105 0.000316

0.00835 0.000476

0.0083 0.000593

0.008511 0.000288

0.008597 0.000365

0.009308 0.000581

0.008278 0.000524

0.008502 0.000349

0.008179 0.000685

0.008708 0.000691

0.008306 0.000459

0.008233 0.000271

0.008284 0.000508

0.008304 0.000486

0.008293 0.000621

0.008037 0.000601

0.008008 0.000494

0.00817 0.000342

0.007938 0.000392

0.009283 0.000384

0.008454 0.000225

0.00854 0.000448

0.008446 0.000387

0.00857 0.000447

0.008125 0.000287

0.008607 0.000514

0.008597 0.000591

0.008113 0.000393

0.008697 0.000328

0.008688 0.000308

0.008659 0.000246

0.008134 0.000358

0.008729 0.000403

0.008734 0.000306

0.008156 0.000499

0.008096 0.000167

0.008782 0.00026

0.009156 0.000396

0.008691 0.000662

0.008443 0.000267

0.008813 0.00019

0.009059 0.000381

0.008512 0.001009

0.008416 0.000397

0.00811 0.000566

0.008018 0.000579

0.008481 0.0005

0.008651 0.000575

0.00818 0.000597

0.008477 0.000241

0.00808 0.000355

0.008588 0.00046

0.008727 0.000319

0.008438 0.000264

0.008464 0.000544

0.008741 0.00079

0.008704 0.000434

0.008087 0.000311

0.008256 0.000317

0.008367 0.000455

0.007881 0.000317

0.008448 0.000398

0.008217 0.000573

0.008282 0.000409

0.008104 0.000372

0.008722 0.000645

0.009496 0.000561

0.00813 0.000474

0.009125 0.000572

0.009355 0.000177

0.008696 0.000291

0.008127 0.000516

0.008413 0.000387

0.008205 0.000496

0.00915 0.000655

0.008093 0.000436

0.009071 0.000277

0.008226 0.000315

0.007981 0.000441

0.007928 0.000442

0.008995 0.000528

0.008816 0.000316

0.008356 0.000265

0.008418 0.000299

0.008302 0.000263

0.008435 0.000283

0.007939 0.000323

0.008117 0.000411

0.009143 0.000398

0.008364 0.000293

0.008075 0.000525

0.007983 0.000489

0.008233 0.000503

0.008343 0.000362

0.010101 0.000772

0.007924 0.000507

0.0092 0.000402

0.008098 0.000439

0.008123 0.000565

0.00839 0.000644

0.00859 0.000442

0.009258 0.000263

0.008389 0.00055

0.008143 0.000517

0.008656 0.000268

0.008261 0.000457

0.008035 0.000372

0.008442 0.000385

0.008559 0.000573

0.008095 0.000684

0.008494 0.000674

0.008713 0.000608

0.008891 0.000324

0.008343 0.000444

0.008071 0.000694

0.0086 0.000288

0.007933 0.000144

0.008394 0.000423

0.008149 0.000389

0.008268 0.000611

0.008253 0.00081

0.007949 0.000635

0.008868 0.000533

0.008299 0.000693

0.007902 0.000388

0.009051 0.00055

0.008468 0.000705

0.008402 0.000735

0.00843 0.000472

0.008103 0.000811

0.008333 0.000344

0.008677 0.000593

0.00868 0.000228

0.008352 0.000827

0.00851 0.000557

0.008782 0.000226

0.008202 0.000488

0.008726 0.00079

0.00814 0.0006

0.008745 0.000585

0.008218 0.000283

0.008476 0.00026

0.008588 0.000229

0.00806 0.000623

0.008302 0.000604

0.008479 0.000393

0.008211 0.000598

0.008312 0.000707

0.007906 0.000321

0.007937 0.000539

0.008263 0.000561

0.008379 0.000415

0.008445 0.000734

0.00853 0.000353

0.009182 0.000418

0.008119 0.000754

0.008151 0.000483

0.00868 0.000584

0.008126 0.000463

0.008618 0.000303

0.009141 0.000489

0.008383 0.000309

0.009099 0.000676

0.008405 0.000742

0.008088 0.000304

0.007984 0.000818

0.008276 0.000412

0.010993 0.00046

0.008446 0.000441

0.009002 0.000518

0.008562 0.000564

0.008212 0.000521

0.00891 0.000537

0.007926 0.000422

0.008869 0.000446

0.008003 0.000523

0.008191 0.000265

0.00826 0.000666

0.008367 0.000224

0.007881 0.000619

0.007926 0.000547

0.008192 0.000237

0.007893 0.000582

0.008413 0.000278

0.008322 0.000369

0.008982 0.000356

0.008267 0.000406

0.00834 0.000447

0.008225 0.000425

0.007939 0.000815

0.009099 0.000256

0.008408 0.000386

0.008294 0.000478

0.007971 0.000259

0.008274 0.000505

0.008424 0.000304

0.00793 0.000438

0.00823 0.000343

0.007913 0.000731

0.007898 0.000604

0.00858 0.000562

0.007888 0.000421

0.008924 0.000611

0.008247 0.000621

0.008309 0.000537

0.007941 0.00066

0.007911 0.000304

0.008236 0.000696

0.007884 0.000404

0.007944 0.000538

0.008856 0.000479

0.008268 0.000457

0.01085 0.0006

0.008303 0.000473

0.00789 0.00052

0.00844 0.000351

0.007944 0.000435

0.007988 0.000272

0.008897 0.00052

0.00888 0.000284

0.008158 0.000712

0.008273 0.000383

0.007892 0.00045

0.007921 0.000443

0.008265 0.000255

0.008197 0.000441

0.008475 0.000565

0.00799 0.000268

0.008876 0.00049

0.007872 0.000668

0.008253 0.000657

0.007955 0.000552

0.007941 0.000463

0.007885 0.00047

0.007901 0.000426

0.009461 0.000301

0.008268 0.000404

0.008998 0.000367

0.008886 0.000376

0.008275 0.000327

0.008289 0.000517

0.007893 0.000474

0.008373 0.000469

0.008097 0.000496

0.008496 0.000463

0.008734 0.000628

0.008534 0.000533

0.008669 0.00039

0.008484 0.000314

0.009236 0.000368

0.009116 0.000319

0.008445 0.000485

0.008066 0.000603

0.008523 0.000651

0.007976 0.000415

0.008283 0.000628

0.008224 0.000357

0.008018 0.000402

0.008482 0.000508

0.009097 0.000361

0.008295 0.000658

0.008206 0.000345

0.008686 0.000467

0.008429 0.000551

0.008348 0.000605

0.008464 0.000371

0.00906 0.000325

0.008824 0.0002

0.008233 0.000164

0.00842 0.000437

0.008786 0.000805

0.008729 0.00038

0.008094 0.000281

0.008135 0.000554

0.008736 0.000346

0.008329 0.000443

0.008246 0.000326

0.008083 0.000306

0.00809 0.000603

0.008466 0.000676

0.008157 0.000735

0.008721 0.000667

0.008091 0.000393

0.008087 0.000594

0.008113 0.00042

0.008657 0.000377

0.00847 0.000423

0.008448 0.000676

0.00838 0.000771

0.009021 0.000265

0.008386 0.000624

0.008633 0.000372

0.008761 0.000475

0.008623 0.000319

0.008112 0.000443

0.008723 0.000922

0.009373 0.000456

0.008347 0.00052

0.008533 0.000468

0.008174 0.000633

0.008455 0.00027

0.008061 0.000255

0.008286 0.000442

0.008551 0.000773

0.008467 0.000721

0.008826 0.000484

0.008424 0.0007

0.008419 0.000625

0.008634 0.000359

0.008698 0.000473

0.008477 0.000452

0.008085 0.000458

0.008774 0.000482

0.008658 0.000464

0.008463 0.000327

0.008826 0.000619

0.008691 0.000299

0.00842 0.000308

0.008492 0.000429

0.008743 0.000457

0.008518 0.000489

0.008206 0.000376

0.00796 0.000607

0.008286 0.000531

0.008194 0.000256

0.008255 0.00034

0.00822 0.000664

0.008232 0.000492

0.008504 0.000626

0.008048 0.00027

0.008037 0.000702

0.008299 0.00039

0.007963 0.000508

0.008146 0.000391

0.008456 0.000703

0.00847 0.000421

0.008931 0.000749

0.008699 0.000549

0.008467 0.000556

0.008441 0.000583

0.008723 0.000567

0.008379 0.00063

0.008461 0.000503

0.00852 0.000378

0.008414 0.000609

0.008423 0.000304

0.008504 0.00044

0.008511 0.000203

0.008017 0.000572

0.008508 0.000529

0.008421 0.000463

0.008623 0.000186

0.008487 0.00045

0.00849 0.000386

0.008824 0.000463

0.008337 0.000252

0.008477 0.00024

0.008522 0.000413

0.008251 0.000604

0.00824 0.000519

0.008375 0.000565

0.007972 0.000349

0.008559 0.00022

0.007909 0.000729

0.008188 0.000526

0.008485 0.000305

0.007959 0.000588

0.008411 0.000895

0.008117 0.000189

0.008111 0.000329

0.008057 0.000548

0.008478 0.000607

0.008471 0.000302

0.009126 0.000248

0.00843 0.000775

0.008384 0.000791

0.008484 0.000607

0.008122 0.000472

0.008019 0.000552

0.008504 0.00054

0.008067 0.000421

0.007895 0.000671

0.008226 0.000353

0.007987 0.000378

0.008003 0.000994

0.0079 0.000462

0.008666 0.000316

0.00811 0.000257

0.008548 0.000399

0.008472 0.000515

0.008122 0.000368

0.008505 0.000227

0.008428 0.000453

0.008047 0.000431

0.008059 0.00023

0.008186 0.000575

0.008084 0.000471

0.00809 0.000979

0.008302 0.000426

0.0085 0.000301

0.008525 0.000548

0.008681 0.000494

0.008213 0.000651

0.008508 0.000503

0.00843 0.000312

0.008517 0.000211

0.008152 0.000234

0.008412 0.000714

0.008056 0.000253

0.008625 0.000309

0.008212 0.000365

0.008273 0.000638

0.008601 0.000642

0.008498 0.000505

0.00863 0.000306

0.008433 0.00048

0.008215 0.000627

0.008223 0.000216

0.008246 0.000234

0.008949 0.000426

0.00839 0.000238

0.008942 0.000268

0.008123 0.000509

0.00973 0.000501

0.009524 0.00043

0.0081 0.000386

0.008185 0.000409

0.008934 0.00037

0.008732 0.00073

0.008927 0.000521

0.008265 0.000347

0.008683 0.000181

0.00879 0.000455

0.009695 0.000366

0.008427 0.000337

0.010486 0.000629

0.008786 0.000572

0.009193 0.000409

0.009242 0.000673

0.008443 0.000628

0.008149 0.00033

0.008582 0.000428

0.008147 0.000633

0.008315 0.000284

0.008755 0.000632

0.007989 0.000295

0.008295 0.000844

0.008296 0.000533

0.00854 0.000285

0.008138 0.000303

0.008621 0.000737

0.00899 0.000388

0.008843 0.000633

0.008096 0.000373

0.009798 0.000226

0.0091 0.000469

0.008455 0.000461

0.00844 0.000393

0.008308 0.000402

0.008515 0.000362

0.008668 0.000462

0.008076 0.000378

0.008191 0.000674

0.00881 0.000377

0.008849 0.000887

0.008473 0.000369

0.008146 0.000798

0.007964 0.000582

0.008261 0.000588

0.008191 0.000702

0.007906 0.000212

0.008265 0.000228

0.007927 0.000255

0.008281 0.00065

0.008046 0.000498

0.008928 0.00032

0.008455 0.000581

0.008323 0.000672

0.009236 0.000463

0.008102 0.000388

0.008274 0.00087

0.008092 0.00048

0.00789 0.000248

0.008182 0.000675

0.008257 0.000356

0.007965 0.000292

0.008211 0.000549

0.008068 0.000419

0.008333 0.000193

0.008007 0.000419

0.008441 0.00043

0.008232 0.000649

0.007896 0.000245

0.007981 0.000219

0.008442 0.0006

0.008266 0.000422

0.007934 0.000467

0.008262 0.000156

0.008002 0.00096

0.007922 0.000481

0.007888 0.00054

0.007895 0.000413

0.008558 0.000421

0.00827 0.000344

0.007879 0.000673

0.008237 0.000332

0.008249 0.000478

0.007908 0.000255

0.008292 0.000567

0.007988 0.000774

0.008289 0.000629

0.008373 0.000574

0.008237 0.00054

0.00842 0.000547

0.008068 0.000341

0.008016 0.000604

0.008262 0.000478

0.007997 0.0004

0.008252 0.000257

0.007964 0.000397

0.007956 0.000431

0.0083 0.000562

0.007938 0.000192

0.007886 0.00032

0.007943 0.000534

0.008274 0.000472

0.00794 0.000317

0.008888 0.000412

0.008275 0.000554

0.008511 0.000335

0.008234 0.00042

0.007935 0.000277

0.008965 0.0004

0.008178 0.000345

0.007873 0.000416

0.008219 0.000668

0.008288 0.000671

0.008898 0.000485

0.007908 0.000433

0.008261 0.000289

0.008303 0.00031

0.007883 0.000469

0.00829 0.000609

0.00789 0.000594

0.008326 0.00048

0.007859 0.000599

0.00839 0.000497

0.008414 0.000288

0.008035 0.000351

0.008128 0.000596

0.008526 0.000444

0.008324 0.000441

0.008544 0.000429

0.008498 0.000268

0.008128 0.000471

0.008441 0.000704

0.007994 0.000645

0.008326 0.000474

0.007924 0.000478

0.007866 0.000567

0.008901 0.000195

0.008865 0.000629

0.008583 0.00035

0.008132 0.000491

0.008186 0.000351

0.008436 0.000289

0.008472 0.000249

0.0092 0.000634

0.008078 0.000293

0.008436 0.000582

0.008342 0.000506

0.00903 0.000336

0.008202 0.000142

0.008442 0.00063

0.008506 0.000197

0.008621 0.000637

0.008374 0.000546

0.007906 0.00062

0.008422 0.000359

0.008406 0.000356

0.008142 0.000335

0.008857 0.000481

0.008473 0.00045

0.008131 0.000285

0.008749 0.00039

0.008092 0.000293

0.008306 0.000824

0.008684 0.000474

0.008215 0.00043

0.008485 0.00034

0.008617 0.000795

0.008771 0.000748

0.008592 0.000545

0.00842 0.000606

0.01041 0.000462

0.008704 0.0004

0.008618 0.000484

0.008411 0.000334

0.008215 0.000499

0.008824 0.000265

0.008465 0.000392

0.0086 0.000448

0.008464 0.000705

0.008711 0.00038

0.008112 0.000214

0.008447 0.000517

0.008427 0.000459

0.009324 0.000266

0.009209 0.000727

0.008122 0.000378

0.008154 0.000652

0.008341 0.000413

0.008415 0.000358

0.008508 0.000463

0.008235 0.000366

0.008464 0.000449

0.007921 0.000388

0.008255 0.000524

0.008044 0.000556

0.008235 0.000172

0.008291 0.000683

0.008055 0.000404

0.008088 0.000221

0.008215 0.000483

0.008573 0.000365

0.008417 0.000708

0.008883 0.000752

0.008721 0.000489

0.008167 0.000289

0.007933 0.000409

0.008932 0.000635

0.007946 0.00014

0.008254 0.000304

0.008453 0.000462

0.008537 0.000313

0.007891 0.000535

0.007954 0.000473

0.008307 0.000519

0.007917 0.000468

0.007891 0.000277

0.008192 0.000336

0.008173 0.000304

0.007985 0.000336

0.00827 0.000507

0.007913 0.000516

0.008283 0.000382

0.007899 0.000573

0.008281 0.000494

0.008261 0.000465

0.007862 0.000262

0.008245 0.000676

0.008266 0.000461

0.008275 0.000406

0.008881 0.000142

0.008255 0.000864

0.007921 0.000596

0.007946 0.000275

0.008264 0.000313

0.007891 0.000628

0.00828 0.000503

0.008289 0.000446

0.008198 0.000506

0.008307 0.000139

0.008113 0.000314

0.007923 0.000628

0.008224 0.000556

0.008592 0.000418

0.008119 0.00066

0.008381 0.000254

0.008265 0.00028

0.008032 0.000227

0.007887 0.000237

0.007881 0.000536

0.008247 0.000493

0.008215 0.00068

0.00804 0.00029

0.008672 0.000305

0.00894 0.000385

0.008313 0.00048

0.008432 0.000453

0.008276 0.000527

0.008056 0.000254

0.007954 0.000289

0.008217 0.000434

0.008874 0.000399

0.007925 0.000543

0.007938 0.000479

0.008278 0.00031

0.008311 0.000342

0.008069 0.000337

0.008584 0.000424

0.008759 0.000812

0.008616 0.000361

0.008436 0.000496

0.00844 0.000666

0.008525 0.000273

0.00887 0.00034

0.008107 0.000343

0.008444 0.000247

0.008284 0.00048

0.008512 0.000345

0.008229 0.000346

0.009124 0.000282

0.008544 0.000523

0.008627 0.000347

0.008061 0.000315

0.008481 0.000625

0.008491 0.000591

0.008488 0.000619

0.008173 0.000307

0.009322 0.000389

0.008087 0.000165

0.008518 0.000567

0.008729 0.00025

0.008583 0.000351

0.008404 0.000355

0.010533 0.000447

0.008486 0.000356

0.009154 0.000588

0.009098 0.000296

0.008059 0.000438

0.008467 0.000487

0.008084 0.000361

0.008355 0.000498

0.008124 0.000363

0.008086 0.000311

0.00815 0.000467

0.008754 0.000483

0.008202 0.000349

0.008109 0.000375

0.008501 0.000527

0.009233 0.000632

0.00854 0.000545

0.00863 0.000565

0.008997 0.000634

0.008812 0.000302

0.00805 0.000379

0.008625 0.000466

0.008483 0.000432

0.00862 0.00067

0.008259 0.00139

0.008446 0.00066

0.008242 0.000402

0.008254 0.000504

0.009019 0.00046

0.008044 0.0004

0.008317 0.000652

0.008269 0.000352

0.008351 0.000404

0.008286 0.000398

0.00828 0.000765

0.007913 0.000364

0.009006 0.000772

0.007909 0.000381

0.007985 0.000401

0.007889 0.000607

0.00798 0.000569

0.00791 0.000518

0.008001 0.000499

0.008302 0.000241

0.00809 0.000543

0.008404 0.000474

0.008955 0.000431

0.008102 0.000396

0.008203 0.000495

0.008364 0.000461

0.008213 0.000332

0.007988 0.000529

0.008192 0.000399

0.009039 0.000449

0.008054 0.000493

0.008514 0.000699

0.008558 0.000293

0.008296 0.000586

0.008339 0.000365

0.008353 0.000537

0.008346 0.000559

0.008412 0.000288

0.008443 0.000306

0.008281 0.000528

0.008136 0.000433

0.008533 0.000374

0.008637 0.000487

0.009423 0.000286

0.008679 0.000464

0.008446 0.000306

0.008082 0.00073

0.008248 0.000545

0.007954 0.000362

0.008339 0.000532

0.008135 0.00021

0.008501 0.000767

0.008231 0.000564

0.007937 0.000673

0.008253 0.000333

0.007926 0.000375

0.008327 0.000442

0.008242 0.000251

0.008235 0.000341

0.008254 0.000528

0.007876 0.000536

0.008305 0.000671

0.008347 0.000611

0.008361 0.000475

0.00795 0.000315

0.008258 0.000271

0.008459 0.000538

0.008325 0.000375

0.007909 0.000589

0.008401 0.000278

0.008204 0.000518

0.008246 0.000323

0.008215 0.00016

0.0079 0.000347

0.008199 0.000907

0.008111 0.000509

0.009147 0.000303

0.008931 0.000645

0.008459 0.000296

0.008393 0.000397

0.008948 0.000281

0.008597 0.000483

0.008178 0.000596

0.008442 0.000653

0.007934 0.000388

0.008177 0.000376

0.008279 0.000438

0.008317 0.000512

0.007943 0.000274

0.00796 0.000804

0.008313 0.000835

0.009081 0.000695

0.008009 0.000298

0.00788 0.000462

0.009094 0.000556

0.008473 0.000406

0.008588 0.000339

0.00799 0.000335

0.008429 0.000767

0.008587 0.000391

0.00889 0.000237

0.008523 0.000318

0.008267 0.000815

0.008068 0.000568

0.008502 0.000675

0.008675 0.000416

0.008562 0.000421

0.008484 0.000309

0.008083 0.000156

0.008894 0.000681

0.009416 0.00057

0.00816 0.000378

0.009098 0.000221

0.008659 0.000757

0.008352 0.001159

0.008582 0.000529

0.008659 0.000468

0.008824 0.000734

0.008096 0.000403

0.008651 0.000621

0.00874 0.000386

0.008203 0.00049

0.008381 0.000672

0.008181 0.000696

0.008743 0.00088

0.008472 0.000647

0.008108 0.000455

0.009396 0.000585

0.008464 0.000766

0.008749 0.000601

0.008442 0.000196

0.008153 0.000475

0.008409 0.000733

0.008637 0.000376

0.008548 0.000663

0.008421 0.000437

0.008705 0.000706

0.008738 0.000153

0.0085 0.000462

0.00808 0.000386

0.008138 0.000345

0.00814 0.00026

0.008415 0.000281

0.008094 0.000349

0.008666 0.000376

0.008091 0.000426

0.008444 0.000642

0.008384 0.000212

0.00807 0.000634

0.008419 0.000195

0.009062 0.000491

0.008574 0.00036

0.008101 0.000248

0.009132 0.000519

0.009048 0.00046

0.008478 0.000239

0.008003 0.000605

0.008715 0.00026

0.008133 0.000262

0.008442 0.000459

0.008393 0.000431

0.009436 0.000606

0.00831 0.000375

0.008117 0.000375

0.008468 0.000353

0.008465 0.000532

0.008794 0.000331

0.00904 0.000227

0.008448 0.000398

0.008994 0.000772

0.008748 0.000459

0.008304 0.000213

0.008403 0.000378

0.008641 0.000431

0.008725 0.000366

0.008388 0.000443

0.008372 0.000269

0.009262 0.000555

0.008557 0.000308

0.008087 0.000334

0.008114 0.000725

0.008463 0.000542

0.008405 0.000591

0.009091 0.000241

0.008093 0.000496

0.008793 0.000453

0.008647 0.000318

0.008212 0.000394

0.00839 0.000466

0.008418 0.000283

0.008073 0.000456

0.007889 0.000247

0.008608 0.000194

0.008303 0.000265

0.007964 0.000602

0.007922 0.000631

0.008496 0.00046

0.008412 0.000576

0.008407 0.000884

0.008243 0.000516

0.008395 0.000295

0.008077 0.000379

0.00813 0.000532

0.008341 0.000599

0.007881 0.000258

0.008077 0.000501

0.008256 0.000497

