0.033877 2e-06

0.033049 3e-06

0.043412 2e-06

0.033549 1e-06

0.034476 2e-06

0.031896 2e-06

0.034325 1e-06

0.034551 2e-06

0.035146 1e-06

0.032562 2e-06

0.032971 2e-06

0.034221 3e-06

0.0348 2e-06

0.036338 2e-06

0.032948 2e-06

0.033938 1e-06

0.03417 2e-06

0.032722 3e-06

0.033472 2e-06

0.032847 2e-06

0.031876 1e-06

0.032557 2e-06

0.032437 2e-06

0.032927 3e-06

0.032517 1e-06

0.032449 2e-06

0.032891 2e-06

0.031952 3e-06

0.0348 2e-06

0.033206 3e-06

0.032046 3e-06

0.038867 3e-06

0.032825 4e-06

0.035042 2e-06

0.032682 2e-06

0.031957 3e-06

0.035699 2e-06

0.040494 3e-06

0.034654 2e-06

0.034501 2e-06

0.031589 2e-06

0.034703 2e-06

0.036303 2e-06

0.037864 3e-06

0.032833 2e-06

0.032193 2e-06

0.031548 2e-06

0.036875 2e-06

0.032864 2e-06

0.035366 2e-06

0.03423 2e-06

0.034164 2e-06

0.032468 2e-06

0.031537 1e-06

0.031534 1e-06

0.033942 1e-06

0.032287 2e-06

0.034723 2e-06

0.034768 2e-06

0.033908 2e-06

0.031884 2e-06

0.034128 2e-06

0.034003 2e-06

0.034129 2e-06

0.03233 1e-06

0.031468 1e-06

0.034526 2e-06

0.03524 3e-06

0.034078 2e-06

0.031751 4e-06

0.03236 2e-06

0.034535 3e-06

0.033703 3e-06

0.033408 3e-06

0.033399 3e-06

0.033614 3e-06

0.034666 2e-06

0.03262 2e-06

0.031682 2e-06

0.031708 1e-06

0.034149 2e-06

0.03366 3e-06

0.034979 2e-06

0.034319 3e-06

0.03428 2e-06

0.032278 1e-06

0.032035 3e-06

0.033119 2e-06

0.032784 2e-06

0.034362 2e-06

0.032996 2e-06

0.033331 2e-06

0.034755 2e-06

0.034717 3e-06

0.033413 2e-06

0.035419 2e-06

0.035249 3e-06

0.034492 2e-06

0.032755 2e-06

0.034086 1e-06

0.032509 3e-06

0.032752 2e-06

0.031873 2e-06

0.034371 1e-06

0.035444 2e-06

0.034895 2e-06

0.031527 2e-06

0.034267 2e-06

0.032739 2e-06

0.034524 2e-06

0.034596 1e-06

0.032594 3e-06

0.031609 2e-06

0.032942 2e-06

0.03441 2e-06

0.032613 4e-06

0.031958 2e-06

0.03424 1e-06

0.031693 2e-06

0.032773 2e-06

0.031791 1e-06

0.031899 3e-06

0.032798 2e-06

0.033028 2e-06

0.034745 2e-06

0.034023 2e-06

0.033031 1e-06

0.034071 1e-06

0.032523 2e-06

0.0338 2e-06

0.034051 2e-06

0.033872 1e-06

0.031872 2e-06

0.034423 3e-06

0.031925 2e-06

0.031609 2e-06

0.032238 2e-06

0.032296 2e-06

0.032574 1e-06

0.032705 4e-06

0.03511 3e-06

0.032341 3e-06

0.035227 2e-06

0.032709 2e-06

0.032481 2e-06

0.032543 2e-06

0.03593 3e-06

0.033541 2e-06

0.033946 3e-06

0.034098 1e-06

0.032696 3e-06

0.034913 1e-06

0.034786 2e-06

0.032489 2e-06

0.033006 1e-06

0.032338 1e-06

0.032424 2e-06

0.032284 3e-06

0.034453 2e-06

0.034542 2e-06

0.031678 2e-06

0.034004 1e-06

0.034302 1e-06

0.032812 2e-06

0.034327 2e-06

0.034798 1e-06

0.034513 2e-06

0.033938 2e-06

0.034214 2e-06

0.032368 2e-06

0.035567 3e-06

0.036064 3e-06

0.037299 5e-06

0.036455 2e-06

0.035463 3e-06

0.035794 3e-06

0.049163 3e-06

0.041714 4e-06

0.042523 4e-06

0.038221 2e-06

0.052637 3e-06

0.051732 3e-06

0.040991 3e-06

0.041234 2e-06

0.052648 4e-06

0.053715 5e-06

0.036394 4e-06

0.064334 3e-06

0.0569 2e-06

0.042374 4e-06

0.040136 2e-06

0.03887 4e-06

0.038798 4e-06

0.034245 2e-06

0.035444 3e-06

0.034712 2e-06

0.032274 2e-06

0.034891 1e-06

0.032711 2e-06

0.032491 2e-06

0.035185 1e-06

0.034667 1e-06

0.03312 2e-06

0.032155 4e-06

0.034346 2e-06

0.032749 1e-06

0.032069 1e-06

0.034775 2e-06

0.034003 2e-06

0.03236 2e-06

0.034583 2e-06

0.034673 2e-06

0.03462 4e-06

0.032053 1e-06

0.032183 2e-06

0.03238 2e-06

0.034674 3e-06

0.034654 2e-06

0.032817 1e-06

0.035512 2e-06

0.033082 3e-06

0.034871 2e-06

0.035571 2e-06

0.032221 2e-06

0.032265 2e-06

0.035249 2e-06

0.033112 2e-06

0.033641 2e-06

0.033729 2e-06

0.032986 1e-06

0.035932 3e-06

0.033759 2e-06

0.033953 2e-06

0.034725 1e-06

0.033497 3e-06

0.035134 2e-06

0.032724 4e-06

0.035439 6e-06

0.036161 2e-06

0.035147 1e-06

0.035356 3e-06

0.032389 2e-06

0.03581 3e-06

0.034028 3e-06

0.036731 2e-06

0.033195 2e-06

0.0347 2e-06

0.036036 3e-06

0.03315 2e-06

0.035547 3e-06

0.034913 2e-06

0.034816 2e-06

0.035922 3e-06

0.036295 2e-06

0.03512 2e-06

0.035264 1e-06

0.032139 2e-06

0.032124 1e-06

0.034676 2e-06

0.035147 2e-06

0.034632 2e-06

0.032124 2e-06

0.032317 2e-06

0.034745 3e-06

0.034672 2e-06

0.033622 2e-06

0.034744 3e-06

0.033283 1e-06

0.034652 2e-06

0.032896 2e-06

0.034628 2e-06

0.034533 2e-06

0.034639 2e-06

0.034691 3e-06

0.03421 3e-06

0.034588 2e-06

0.033041 4e-06

0.034711 2e-06

0.034215 2e-06

0.03461 2e-06

0.034757 2e-06

0.034912 2e-06

0.032937 2e-06

0.034643 2e-06

0.034739 1e-06

0.034595 3e-06

0.032839 2e-06

0.034548 2e-06

0.032189 2e-06

0.032284 2e-06

0.032349 1e-06

0.032055 1e-06

0.034662 1e-06

0.032167 3e-06

0.032083 2e-06

0.03226 2e-06

0.034707 2e-06

0.032185 2e-06

0.032127 1e-06

0.034696 2e-06

0.032522 2e-06

0.034829 1e-06

0.032202 1e-06

0.034667 1e-06

0.030908 3e-06

0.032849 3e-06

0.032059 1e-06

0.0322 2e-06

0.034635 2e-06

0.034562 1e-06

0.032922 2e-06

0.034661 2e-06

0.034897 2e-06

0.034589 3e-06

0.033214 2e-06

0.035072 1e-06

0.032078 2e-06

0.032192 1e-06

0.034758 2e-06

0.032194 2e-06

0.032395 2e-06

0.034688 2e-06

0.032107 3e-06

0.034609 1e-06

0.032003 2e-06

0.032419 1e-06

0.034776 2e-06

0.034784 2e-06

0.034611 2e-06

0.032821 2e-06

0.034702 2e-06

0.03217 2e-06

0.032077 2e-06

0.032169 1e-06

0.032248 2e-06

0.034728 2e-06

0.03467 1e-06

0.03474 2e-06

0.03474 2e-06

0.032867 2e-06

0.034781 2e-06

0.034643 1e-06

0.03486 2e-06

0.032974 2e-06

0.030966 1e-06

0.0348 2e-06

0.032776 1e-06

0.033003 2e-06

0.032117 1e-06

0.032226 2e-06

0.032951 2e-06

0.034591 2e-06

0.034826 2e-06

0.032422 2e-06

0.032083 2e-06

0.034692 1e-06

0.03464 1e-06

0.03478 2e-06

0.033069 2e-06

0.032212 2e-06

0.03296 2e-06

0.033422 2e-06

0.032148 2e-06

0.032167 2e-06

0.034532 1e-06

0.035075 2e-06

0.032189 2e-06

0.032993 3e-06

0.034699 1e-06

0.034867 2e-06

0.034613 2e-06

0.034792 2e-06

0.0323 2e-06

0.032162 1e-06

0.032993 1e-06

0.034731 2e-06

0.032108 2e-06

0.034611 1e-06

0.034647 2e-06

0.034634 2e-06

0.034826 3e-06

0.032863 1e-06

0.034679 3e-06

0.034687 1e-06

0.03212 1e-06

0.034805 2e-06

0.032966 2e-06

0.034649 1e-06

0.034986 2e-06

0.034586 2e-06

0.034867 2e-06

0.033085 1e-06

0.033183 3e-06

0.032856 2e-06

0.033079 2e-06

0.033323 2e-06

0.032032 2e-06

0.032913 2e-06

0.034541 1e-06

0.034646 3e-06

0.032846 2e-06

0.034721 2e-06

0.034643 2e-06

0.034715 2e-06

0.032103 2e-06

0.034741 2e-06

0.034461 2e-06

0.03496 2e-06

0.034681 2e-06

0.031208 1e-06

0.03307 2e-06

0.032108 2e-06

0.032113 3e-06

0.034611 1e-06

0.034587 2e-06

0.034584 1e-06

0.033075 1e-06

0.034564 1e-06

0.034836 1e-06

0.033007 1e-06

0.032095 1e-06

0.032214 1e-06

0.033048 2e-06

0.034755 2e-06

0.034765 3e-06

0.034593 2e-06

0.03248 2e-06

0.03463 2e-06

0.034745 2e-06

0.032891 2e-06

0.034631 1e-06

0.034655 2e-06

0.033193 3e-06

0.034804 2e-06

0.034401 2e-06

0.032225 2e-06

0.034571 3e-06

0.034747 1e-06

0.034689 2e-06

0.034835 2e-06

0.034668 2e-06

0.034622 2e-06

0.034873 1e-06

0.034854 2e-06

0.034608 2e-06

0.034612 1e-06

0.034649 1e-06

0.034644 2e-06

0.034897 2e-06

0.034832 2e-06

0.032084 1e-06

0.032138 2e-06

0.034603 2e-06

0.033079 1e-06

0.0324 1e-06

0.032919 1e-06

0.034903 1e-06

0.034729 2e-06

0.032951 3e-06

0.03215 2e-06

0.03283 1e-06

0.034739 2e-06

0.034657 1e-06

0.034855 3e-06

0.032157 1e-06

0.034638 3e-06

0.03462 2e-06

0.034593 3e-06

0.033172 2e-06

0.032186 3e-06

0.034734 1e-06

0.034747 3e-06

0.034636 2e-06

0.035024 1e-06

0.034009 1e-06

0.034839 2e-06

0.034692 2e-06

0.034594 2e-06

0.03459 2e-06

0.032236 3e-06

0.034725 2e-06

0.034609 1e-06

0.032361 2e-06

0.034522 1e-06

0.032256 1e-06

0.032132 4e-06

0.031069 1e-06

0.034718 1e-06

0.032162 2e-06

0.034788 2e-06

0.032307 1e-06

0.034695 2e-06

0.034954 2e-06

0.03205 2e-06

0.03231 1e-06

0.032128 1e-06

0.034727 3e-06

0.032101 1e-06

0.034565 2e-06

0.034617 2e-06

0.032046 1e-06

0.033605 4e-06

0.03288 1e-06

0.035141 1e-06

0.032943 2e-06

0.032135 2e-06

0.034803 2e-06

0.034666 2e-06

0.034839 3e-06

0.03224 1e-06

0.034651 2e-06

0.032422 2e-06

0.034608 2e-06

0.034573 2e-06

0.032738 1e-06

0.032737 2e-06

0.032931 3e-06

0.034572 1e-06

0.032969 2e-06

0.032099 2e-06

0.03238 1e-06

0.032927 1e-06

0.033059 2e-06

0.032877 2e-06

0.034795 2e-06

0.034662 3e-06

0.034664 1e-06

0.032534 1e-06

0.033247 2e-06

0.034629 2e-06

0.03214 2e-06

0.034654 3e-06

0.032276 2e-06

0.034583 3e-06

0.032883 2e-06

0.033113 2e-06

0.03479 2e-06

0.034631 2e-06

0.032146 1e-06

0.035139 2e-06

0.034486 3e-06

0.034597 3e-06

0.032192 2e-06

0.032336 2e-06

0.033086 2e-06

0.032939 2e-06

0.034778 2e-06

0.032893 1e-06

0.032086 1e-06

0.033141 2e-06

0.032073 2e-06

0.032321 2e-06

0.03466 2e-06

0.034745 2e-06

0.034597 2e-06

0.032822 1e-06

0.032117 2e-06

0.034546 1e-06

0.033122 2e-06

0.032162 2e-06

0.034667 1e-06

0.034678 2e-06

0.032244 2e-06

0.034723 1e-06

0.03291 3e-06

0.033285 2e-06

0.034816 3e-06

0.033064 2e-06

0.032075 2e-06

0.032063 1e-06

0.034671 1e-06

0.03223 3e-06

0.034712 2e-06

0.034615 2e-06

0.032957 2e-06

0.03456 2e-06

0.032809 1e-06

0.034896 2e-06

0.034563 1e-06

0.034772 1e-06

0.034793 2e-06

0.032977 2e-06

0.03464 2e-06

0.034623 2e-06

0.031025 1e-06

0.034585 1e-06

0.032927 1e-06

0.034594 1e-06

0.030801 2e-06

0.032119 2e-06

0.034681 1e-06

0.032327 2e-06

0.034856 2e-06

0.032073 2e-06

0.032088 1e-06

0.034574 2e-06

0.035106 2e-06

0.032061 2e-06

0.032366 2e-06

0.032433 2e-06

0.034631 1e-06

0.034637 1e-06

0.034695 2e-06

0.034781 2e-06

0.032032 1e-06

0.032991 2e-06

0.032788 2e-06

0.034624 2e-06

0.032048 2e-06

0.034684 2e-06

0.032325 2e-06

0.032173 1e-06

0.034582 1e-06

0.034649 3e-06

0.032026 1e-06

0.033686 2e-06

0.032056 2e-06

0.034913 2e-06

0.032962 2e-06

0.034651 2e-06

0.034619 2e-06

0.034692 2e-06

0.034796 2e-06

0.034313 2e-06

0.034792 1e-06

0.034581 1e-06

0.032052 2e-06

0.032848 2e-06

0.034699 2e-06

0.033036 3e-06

0.034901 2e-06

0.032128 2e-06

0.034755 2e-06

0.03283 2e-06

0.03241 1e-06

0.034577 2e-06

0.032298 2e-06

0.03398 1e-06

0.034539 2e-06

0.032136 3e-06

0.032116 1e-06

0.032139 3e-06

0.034551 2e-06

0.034764 2e-06

0.032065 3e-06

0.033977 1e-06

0.034673 2e-06

0.034572 2e-06

0.034707 2e-06

0.03463 1e-06

0.032653 2e-06

0.034742 2e-06

0.034637 2e-06

0.033045 1e-06

0.034615 2e-06

0.03233 1e-06

0.034603 2e-06

0.032929 2e-06

0.032184 1e-06

0.032745 2e-06

0.032791 1e-06

0.032005 1e-06

0.032175 2e-06

0.032793 1e-06

0.034651 2e-06

0.034657 2e-06

0.034631 2e-06

0.034792 2e-06

0.032645 2e-06

0.032445 2e-06

0.034774 2e-06

0.032999 2e-06

0.032349 2e-06

0.034615 2e-06

0.034721 2e-06

0.032057 1e-06

0.034652 1e-06

0.032842 2e-06

0.034559 2e-06

0.032876 1e-06

0.031977 2e-06

0.033188 2e-06

0.032941 2e-06

0.033056 1e-06

0.032155 2e-06

0.03457 2e-06

0.034713 3e-06

0.034689 1e-06

0.032197 2e-06

0.034706 2e-06

0.032098 2e-06

0.033421 2e-06

0.032116 2e-06

0.034832 1e-06

0.030848 1e-06

0.032051 1e-06

0.034653 1e-06

0.033117 1e-06

0.034508 1e-06

0.032768 2e-06

0.032648 1e-06

0.032143 2e-06

0.032303 2e-06

0.034753 2e-06

0.032839 2e-06

0.032199 1e-06

0.034924 2e-06

0.034732 1e-06

0.034817 1e-06

0.034769 2e-06

0.03196 3e-06

0.032067 3e-06

0.034772 2e-06

0.032917 1e-06

0.034629 2e-06

0.034628 2e-06

0.035368 2e-06

0.032178 1e-06

0.032775 1e-06

0.03508 3e-06

0.032161 2e-06

0.034894 2e-06

0.032086 2e-06

0.034639 2e-06

0.034574 2e-06

0.034823 1e-06

0.034833 2e-06

0.034689 2e-06

0.032086 3e-06

0.034629 2e-06

0.033066 2e-06

0.034935 3e-06

0.034644 1e-06

0.034676 1e-06

0.034591 3e-06

0.034754 1e-06

0.034737 2e-06

0.034572 1e-06

0.035228 2e-06

0.034581 2e-06

0.034867 2e-06

0.034712 2e-06

0.034613 1e-06

0.03209 1e-06

0.034604 1e-06

0.033046 1e-06

0.032109 3e-06

0.032376 1e-06

0.032083 3e-06

0.032949 1e-06

0.034742 1e-06

0.034766 2e-06

0.033121 1e-06

0.032213 2e-06

0.034673 2e-06

0.032147 2e-06

0.034622 1e-06

0.034823 2e-06

0.032096 2e-06

0.032251 2e-06

0.034769 1e-06

0.032113 1e-06

0.032932 1e-06

0.032897 1e-06

0.034787 2e-06

0.034564 1e-06

0.034957 4e-06

0.032136 2e-06

0.03284 2e-06

0.032253 2e-06

0.031078 2e-06

0.03489 2e-06

0.032158 2e-06

0.03214 2e-06

0.03235 2e-06

0.034555 2e-06

0.033706 3e-06

0.034653 1e-06

0.032945 2e-06

0.032222 1e-06

0.032796 3e-06

0.034588 1e-06

0.034638 2e-06

0.033338 1e-06

0.034614 3e-06

0.034855 2e-06

0.032157 1e-06

0.033487 3e-06

0.032297 2e-06

0.031135 2e-06

0.034784 2e-06

0.034854 3e-06

0.032296 1e-06

0.034789 2e-06

0.034545 2e-06

0.032594 2e-06

0.034608 2e-06

0.032371 2e-06

0.034793 2e-06

0.033049 3e-06

0.034474 3e-06

0.034417 3e-06

0.03313 2e-06

0.032146 1e-06

0.034966 3e-06

0.034517 2e-06

0.032129 1e-06

0.032195 1e-06

0.034595 1e-06

0.032363 2e-06

0.034561 2e-06

0.034952 2e-06

0.033413 2e-06

0.034646 2e-06

0.03472 1e-06

0.032169 2e-06

0.033301 2e-06

0.032087 1e-06

0.032043 2e-06

0.032902 1e-06

0.032275 2e-06

0.034755 1e-06

0.034569 1e-06

0.03496 2e-06

0.034593 2e-06

0.034575 4e-06

0.03526 2e-06

0.032359 1e-06

0.034771 2e-06

0.033098 3e-06

0.033056 2e-06

0.032271 2e-06

0.032093 2e-06

0.034735 2e-06

0.032238 2e-06

0.033698 2e-06

0.034829 1e-06

0.034665 2e-06

0.032141 1e-06

0.032079 2e-06

0.034675 2e-06

0.032085 2e-06

0.032627 2e-06

0.03463 2e-06

0.030901 2e-06

0.032234 2e-06

0.032201 1e-06

0.032275 2e-06

0.032112 3e-06

0.032159 1e-06

0.033065 2e-06

0.032086 2e-06

0.034751 2e-06

0.034613 2e-06

0.032304 2e-06

0.036511 2e-06

0.034909 1e-06

0.03289 2e-06

0.034927 2e-06

0.032968 2e-06

0.032018 2e-06

0.03516 3e-06

0.033457 2e-06

0.034635 2e-06

0.034804 2e-06

0.034873 1e-06

0.033033 2e-06

0.034682 2e-06

0.034767 2e-06

0.034613 4e-06

0.032091 2e-06

0.033026 1e-06

0.034744 1e-06

0.032199 3e-06

0.032231 2e-06

0.034653 1e-06

0.034579 1e-06

0.032051 1e-06

0.032963 1e-06

0.034552 2e-06

0.033194 1e-06

0.03468 2e-06

0.034775 2e-06

0.032569 2e-06

0.034698 1e-06

0.03208 3e-06

0.032062 2e-06

0.032159 2e-06

0.034622 1e-06

0.032136 2e-06

0.034513 2e-06

0.032056 3e-06

0.034706 2e-06

0.032141 2e-06

0.034806 2e-06

0.034811 2e-06

0.034309 1e-06

0.033628 1e-06

0.032068 1e-06

0.035198 1e-06

0.032935 1e-06

0.034688 2e-06

0.034794 2e-06

0.034553 1e-06

0.034704 2e-06

0.034631 2e-06

0.032148 2e-06

0.034515 1e-06

0.034648 2e-06

0.032779 1e-06

0.032075 1e-06

0.034739 1e-06

0.032033 2e-06

0.030974 1e-06

0.032188 2e-06

0.034618 1e-06

0.034758 2e-06

0.034614 2e-06

0.03307 1e-06

0.032145 1e-06

0.034735 2e-06

0.032106 1e-06

0.034476 2e-06

0.034631 2e-06

0.03452 2e-06

0.034728 2e-06

0.03461 1e-06

0.032264 1e-06

0.031998 1e-06

0.032642 2e-06

0.032189 3e-06

0.034719 2e-06

0.034841 3e-06

0.034947 2e-06

0.03463 1e-06

0.034819 2e-06

0.034637 2e-06

0.034745 1e-06

0.034617 2e-06

0.034662 2e-06

0.034603 2e-06

0.032085 1e-06

0.034574 2e-06

0.034663 2e-06

0.034656 2e-06

0.034555 2e-06

0.032565 2e-06

0.032142 2e-06

0.033236 1e-06

0.034745 1e-06

0.034588 1e-06

0.034643 1e-06

0.032143 1e-06

0.032309 2e-06

0.032174 2e-06

0.034614 2e-06

0.033021 1e-06

0.034899 2e-06

0.03497 2e-06

0.034747 3e-06

0.034706 2e-06

0.030899 2e-06

0.034808 2e-06

0.034946 1e-06

0.034632 2e-06

0.034922 2e-06

0.032039 2e-06

0.034654 2e-06

0.034733 2e-06

0.034589 3e-06

0.034681 1e-06

0.034618 2e-06

0.033009 2e-06

0.032944 2e-06

0.034842 3e-06

0.03212 1e-06

0.032413 2e-06

0.032204 2e-06

0.034694 2e-06

0.0347 1e-06

0.03497 2e-06

0.034745 2e-06

0.032239 2e-06

0.032138 2e-06

0.035418 4e-06

0.032912 2e-06

0.033074 2e-06

0.032973 2e-06

0.034606 1e-06

0.034666 1e-06

0.034657 1e-06

0.034709 2e-06

0.03207 2e-06

0.034843 2e-06

0.031993 1e-06

0.034618 3e-06

0.034725 2e-06

0.033076 2e-06

0.032251 2e-06

0.032282 2e-06

