0.003638 0.010501

0.00387 0.004801

0.003862 0.004498

0.003693 0.004673

0.003656 0.008344

0.004093 0.006324

0.003685 0.008375

0.003727 0.003713

0.004585 0.0109

0.003627 0.008467

0.004727 0.005645

0.003803 0.006112

0.003782 0.013334

0.003806 0.003642

0.003628 0.008071

0.003621 0.006079

0.003843 0.007891

0.003652 0.012488

0.003629 0.009286

0.0038 0.004349

0.003719 0.00685

0.003625 0.003344

0.003922 0.006042

0.003798 0.00856

0.003837 0.006628

0.00387 0.009284

0.003858 0.005633

0.003779 0.003324

0.003624 0.006969

0.003933 0.006084

0.003687 0.008784

0.003767 0.00675

0.00363 0.004976

0.003873 0.006655

0.003689 0.010384

0.003779 0.009506

0.003655 0.005681

0.004373 0.007431

0.003879 0.007517

0.003623 0.004872

0.003776 0.003081

0.004001 0.005478

0.003698 0.005718

0.003661 0.0045

0.003654 0.005654

0.003682 0.009462

0.00378 0.006623

0.003777 0.003252

0.003784 0.00907

0.003827 0.009259

0.003786 0.005363

0.00362 0.004253

0.0038 0.003846

0.003621 0.005275

0.003656 0.005258

0.003687 0.006147

0.003666 0.003435

0.003627 0.003931

0.003686 0.007986

0.00408 0.006029

0.003629 0.005524

0.003658 0.006662

0.003631 0.005831

0.003653 0.006235

0.003626 0.006499

0.003768 0.014099

0.003693 0.003496

0.003622 0.014182

0.003813 0.007568

0.003772 0.007912

0.003624 0.004601

0.003621 0.00686

0.003653 0.008554

0.003805 0.006935

0.003655 0.014882

0.003811 0.013059

0.003626 0.003274

0.003628 0.005293

0.003657 0.006887

0.00363 0.00399

0.003661 0.007619

0.003687 0.007125

0.003649 0.005476

0.003644 0.009807

0.003665 0.009126

0.003628 0.009302

0.003677 0.007736

0.003631 0.003886

0.003767 0.006961

0.003663 0.005698

0.003686 0.012555

0.003658 0.013126

0.003664 0.006243

0.003622 0.005346

0.003799 0.007652

0.003832 0.014135

0.003772 0.006749

0.003808 0.008114

0.003655 0.012071

0.003775 0.006525

0.003626 0.00951

0.003649 0.006246

0.003691 0.005891

0.00365 0.003249

0.003775 0.003043

0.003636 0.009842

0.00378 0.005919

0.003751 0.005546

0.00369 0.00619

0.003681 0.003296

0.003619 0.013123

0.00382 0.013023

0.003654 0.00666

0.003687 0.004791

0.003917 0.004808

0.003686 0.008448

0.003622 0.006562

0.003649 0.005541

0.003624 0.012146

0.003628 0.006484

0.003625 0.006266

0.003704 0.007253

0.003633 0.006091

0.003688 0.005927

0.003635 0.004064

0.003615 0.005231

0.00363 0.006753

0.003653 0.006584

0.003649 0.010584

0.003654 0.006905

0.003623 0.007206

0.003908 0.012862

0.003624 0.010672

0.003656 0.015862

0.003663 0.005704

0.003802 0.010616

0.003629 0.010996

0.003726 0.008263

0.003812 0.00873

0.003628 0.008872

0.003627 0.007394

0.003832 0.009191

0.003626 0.006202

0.003778 0.007732

0.003781 0.008256

0.003663 0.003059

0.003818 0.002921

0.003807 0.006844

0.00363 0.010885

0.003806 0.003505

0.003677 0.011255

0.003635 0.015828

0.003633 0.008804

0.004114 0.00886

0.003629 0.007364

0.003768 0.005765

0.00364 0.006175

0.003627 0.00872

0.003801 0.003198

0.003619 0.005421

0.003688 0.009581

0.003778 0.009642

0.003805 0.012041

0.003626 0.013064

0.003681 0.012916

0.003792 0.010331

0.003744 0.005993

0.003806 0.009912

0.003777 0.00553

0.003663 0.008741

0.003825 0.014117

0.00381 0.005256

0.003631 0.012974

0.003813 0.006204

0.003655 0.008862

0.003796 0.007098

0.003661 0.003896

0.003628 0.004703

0.003654 0.012241

0.003663 0.006841

0.003655 0.004162

0.003652 0.013466

0.00381 0.003362

0.003841 0.010623

0.00378 0.004187

0.003796 0.006741

0.003813 0.005949

0.003618 0.005444

0.003689 0.007254

0.003626 0.008504

0.003665 0.005753

0.003821 0.004832

0.003724 0.006116

0.003677 0.005657

0.003629 0.00715

0.003801 0.005955

0.003663 0.006993

0.003624 0.003534

0.004103 0.004048

0.00363 0.004549

0.003692 0.009247

0.003629 0.011914

0.003627 0.00855

0.003658 0.004697

0.00362 0.005169

0.003627 0.006609

0.003643 0.005535

0.003657 0.012328

0.003727 0.005249

0.003624 0.00765

0.003804 0.006247

0.003738 0.005509

0.003806 0.003462

0.0038 0.003484

0.003648 0.003271

0.003824 0.003215

0.003671 0.003628

0.003807 0.009569

0.004085 0.004613

0.003799 0.007182

0.003659 0.010719

0.003776 0.00376

0.003618 0.007937

0.003624 0.008771

0.003798 0.003577

0.003677 0.005362

0.003814 0.009789

0.00377 0.004825

0.003814 0.00929

0.003703 0.010619

0.003624 0.006122

0.003821 0.007414

0.003737 0.007231

0.003728 0.004519

0.003632 0.00658

0.003624 0.006216

0.003662 0.004104

0.003783 0.004632

0.003682 0.007212

0.003772 0.006977

0.003831 0.003844

0.003624 0.006208

0.003781 0.010308

0.0038 0.007696

0.003875 0.007261

0.003783 0.007565

0.003906 0.007897

0.003775 0.007522

0.003779 0.004411

0.00378 0.003757

0.004259 0.005819

0.00384 0.008961

0.003812 0.011895

0.003832 0.005236

0.003879 0.006387

0.003658 0.010908

0.003634 0.00764

0.00365 0.006445

0.003691 0.010542

0.003799 0.011417

0.003837 0.008432

0.003626 0.004413

0.003777 0.005612

0.00363 0.00615

0.003648 0.011695

0.003772 0.006294

0.003634 0.009569

0.00365 0.004767

0.003662 0.007033

0.003661 0.005095

0.003816 0.008324

0.003815 0.008387

0.003682 0.013763

0.004297 0.003957

0.003779 0.010694

0.003808 0.007565

0.003775 0.004649

0.00362 0.011007

0.003681 0.007918

0.003779 0.003151

0.003767 0.009564

0.003622 0.005681

0.003627 0.009851

0.003802 0.009586

0.003799 0.007846

0.003714 0.008105

0.003776 0.005719

0.003679 0.008306

0.003783 0.00431

0.003784 0.008678

0.00366 0.008272

0.003779 0.012339

0.003833 0.007884

0.003773 0.006665

0.003618 0.005836

0.003629 0.003977

0.003622 0.004561

0.003665 0.004603

0.003713 0.005701

0.003833 0.009726

0.003785 0.005947

0.003626 0.005294

0.003651 0.003303

0.003808 0.003282

0.003809 0.009782

0.00377 0.008969

0.003624 0.007315

0.003634 0.003127

0.003628 0.008326

0.003813 0.010473

0.003807 0.004814

0.003624 0.006542

0.003679 0.005167

0.003746 0.006694

0.003656 0.006774

0.003624 0.008124

0.003624 0.005085

0.003895 0.008553

0.003785 0.015728

0.003845 0.006123

0.003635 0.008075

0.003856 0.00651

0.003877 0.014754

0.003651 0.00687

0.003785 0.00957

0.003817 0.004209

0.00384 0.008824

0.003623 0.011043

0.003682 0.01191

0.003777 0.006683

0.003783 0.00687

0.003812 0.005471

0.003628 0.003478

0.003648 0.015233

0.003661 0.008132

0.003625 0.004724

0.00363 0.012432

0.00385 0.012674

0.004079 0.010292

0.003656 0.003894

0.003695 0.010269

0.003633 0.006249

0.003626 0.013718

0.00377 0.005918

0.003632 0.009464

0.003676 0.003963

0.003686 0.004437

0.00383 0.012204

0.003654 0.003602

0.003804 0.005471

0.003654 0.007723

0.003653 0.00357

0.003681 0.00499

0.003654 0.005847

0.003679 0.003774

0.003623 0.010579

0.003625 0.002962

0.003624 0.009424

0.003696 0.007496

0.003623 0.008676

0.003788 0.002957

0.003623 0.009601

0.003664 0.005805

0.003843 0.005501

0.003783 0.006639

0.0038 0.009042

0.003836 0.00772

0.003638 0.004429

0.003653 0.010124

0.003672 0.010485

0.003795 0.015172

0.003677 0.007389

0.003631 0.006535

0.003623 0.004455

0.003626 0.007657

0.003665 0.010721

0.003629 0.011243

0.003625 0.006659

0.003827 0.008491

0.00363 0.007952

0.003618 0.008121

0.003833 0.003589

0.003694 0.004563

0.003812 0.009397

0.003661 0.013324

0.00366 0.008335

0.003619 0.005288

0.003626 0.003586

0.003619 0.005462

0.003635 0.007704

0.003832 0.004848

0.00367 0.010357

0.003625 0.005949

0.003617 0.014022

0.003631 0.007119

0.003624 0.008259

0.003798 0.008895

0.003691 0.009198

0.003652 0.007743

0.003803 0.005002

0.003798 0.007725

0.003647 0.00431

0.003633 0.003836

0.003779 0.011974

0.003839 0.003022

0.003655 0.005032

0.00368 0.011955

0.003619 0.004522

0.003626 0.009174

0.003733 0.008258

0.003619 0.007365

0.003814 0.00325

0.003782 0.005857

0.003628 0.0044

0.003808 0.007021

0.003671 0.007288

0.003813 0.006181

0.003781 0.003368

0.003644 0.005123

0.00365 0.004803

0.003782 0.011037

0.003689 0.008626

0.003795 0.01032

0.003666 0.014463

0.00363 0.006063

0.003837 0.006337

0.003683 0.003687

0.003622 0.006008

0.003662 0.005969

0.003773 0.012366

0.003653 0.019602

0.003627 0.007642

0.003626 0.006323

0.003773 0.005338

0.003631 0.004742

0.003741 0.008072

0.003768 0.005714

0.003801 0.004219

0.003632 0.009073

0.004376 0.00964

0.003658 0.006291

0.003799 0.003401

0.003814 0.005365

0.003773 0.003347

0.003773 0.004453

0.003799 0.004679

0.003684 0.010992

0.003819 0.007773

0.003786 0.004676

0.003631 0.010634

0.003719 0.005249

0.003877 0.013861

0.003655 0.007269

0.00386 0.010209

0.003653 0.008688

0.003864 0.010207

0.003654 0.008935

0.003631 0.009505

0.003831 0.003688

0.003627 0.004174

0.003839 0.006486

0.003803 0.004063

0.003813 0.00364

0.003625 0.004379

0.003628 0.007714

0.003681 0.003943

0.003704 0.008689

0.003654 0.005713

0.003632 0.003496

0.003691 0.005278

0.003624 0.007128

0.00378 0.004577

0.003757 0.006802

0.003812 0.0057

0.003655 0.010505

0.003871 0.008525

0.00365 0.008938

0.003622 0.002801

0.004105 0.004572

0.00377 0.006978

0.003627 0.01165

0.003801 0.005281

0.003639 0.007332

0.003769 0.014302

0.003807 0.00541

0.003772 0.009493

0.003829 0.008435

0.003625 0.008291

0.003623 0.002885

0.00362 0.004212

0.00381 0.00351

0.003629 0.005467

0.003783 0.011627

0.003626 0.008374

0.00363 0.003569

0.003876 0.004895

0.003624 0.004577

0.003804 0.007969

0.003782 0.006821

0.003809 0.008691

0.003815 0.009507

0.003622 0.015229

0.003812 0.005197

0.003683 0.008601

0.003664 0.007564

0.003812 0.004778

0.003776 0.007333

0.003652 0.008992

0.003804 0.005761

0.00362 0.006436

0.003659 0.007355

0.003657 0.0081

0.003657 0.004128

0.003648 0.005179

0.003656 0.006639

0.003696 0.003807

0.0038 0.004514

0.00362 0.00619

0.003806 0.009695

0.003626 0.010434

0.003654 0.010341

0.003626 0.003257

0.003784 0.006858

0.003662 0.008414

0.003772 0.005405

0.003811 0.00642

0.003655 0.004802

0.003838 0.007535

0.003806 0.004255

0.003773 0.010538

0.003659 0.007264

0.00363 0.010959

0.003783 0.006634

0.003654 0.008915

0.003644 0.003245

0.003621 0.011857

0.004323 0.01082

0.00384 0.01042

0.003868 0.007778

0.003772 0.01126

0.003621 0.003449

0.003908 0.005937

0.003808 0.006783

0.003652 0.006147

0.003631 0.016641

0.003653 0.005656

0.003625 0.003963

0.003623 0.010237

0.003627 0.008432

0.003719 0.003024

0.003836 0.00591

0.003629 0.010456

0.003803 0.00493

0.003655 0.003143

0.00362 0.006598

0.003809 0.005259

0.003766 0.008607

0.003778 0.007266

0.003686 0.005235

0.003626 0.010789

0.003847 0.011937

0.003635 0.006431

0.003844 0.006125

0.003863 0.00481

0.003655 0.007892

0.00364 0.007864

0.00414 0.005804

0.003874 0.008146

0.003807 0.005144

0.003801 0.004578

0.00365 0.00949

0.003657 0.003697

0.003653 0.010221

0.003807 0.009829

0.003683 0.011734

0.003803 0.007426

0.003696 0.006178

0.003912 0.00451

0.003657 0.009498

0.003769 0.013387

0.004103 0.011814

0.003827 0.004906

0.003619 0.006592

0.004445 0.01373

0.003813 0.01432

0.003869 0.008716

0.00381 0.003526

0.003774 0.009518

0.00378 0.006415

0.003622 0.004175

0.003781 0.009167

0.003774 0.007775

0.00368 0.005903

0.003619 0.009497

0.003623 0.00562

0.0038 0.006746

0.003803 0.015329

0.003809 0.003006

0.003684 0.007786

0.003683 0.009808

0.003786 0.008471

0.003624 0.005403

0.003652 0.007097

0.003768 0.010761

0.003632 0.016257

0.00362 0.011185

0.00386 0.020463

0.003837 0.008796

0.003631 0.016773

0.003627 0.013175

0.003712 0.006923

0.003655 0.003565

0.003626 0.006261

0.003635 0.007668

0.003803 0.007994

0.003648 0.00391

0.003655 0.00662

0.00378 0.008697

0.003623 0.005195

0.003954 0.007431

0.003635 0.015244

0.003629 0.005763

0.003655 0.004832

0.003665 0.00455

0.003843 0.007849

0.003651 0.005066

0.003623 0.010363

0.003786 0.008613

0.003812 0.00736

0.003631 0.010885

0.003829 0.005967

0.003766 0.002883

0.004078 0.010176

0.003619 0.00371

0.003626 0.003874

0.003628 0.007432

0.003681 0.004572

0.003646 0.009482

0.003664 0.010837

0.003656 0.006523

0.003652 0.003514

0.003652 0.00579

0.003845 0.008548

0.003806 0.006111

0.00381 0.009813

0.003617 0.004392

0.003775 0.009311

0.003776 0.008023

0.003832 0.008099

0.003875 0.010909

0.003837 0.010492

0.003661 0.010986

0.003626 0.004814

0.003661 0.00667

0.003832 0.007658

0.003624 0.015212

0.003685 0.011904

0.003625 0.012465

0.003857 0.009335

0.003866 0.004764

0.003783 0.012525

0.003631 0.004565

0.003628 0.006502

0.003775 0.007431

0.003813 0.004946

0.003846 0.0042

0.003685 0.003614

0.003812 0.003507

0.003815 0.010444

0.003769 0.008819

0.003635 0.005741

0.003715 0.0135

0.003625 0.007712

0.003678 0.013067

0.003633 0.006659

0.003628 0.005987

0.004143 0.006958

0.003664 0.010569

0.003627 0.005903

0.003658 0.004071

0.003697 0.007799

0.003627 0.00407

0.003787 0.007643

0.003705 0.007537

0.003632 0.011311

0.003629 0.006195

0.003845 0.006525

0.003621 0.00894

0.003691 0.00645

0.003647 0.007353

0.003624 0.004756

0.003783 0.008262

0.003907 0.008254

0.003636 0.007508

0.003658 0.003622

0.003704 0.00701

0.003626 0.017241

0.003783 0.005927

0.003632 0.004612

0.003785 0.009237

0.003815 0.005464

0.003665 0.006901

0.003812 0.015017

0.003626 0.011066

0.003667 0.008541

0.003631 0.009165

0.003698 0.006099

0.003628 0.004112

0.00363 0.008007

0.003658 0.016337

0.003667 0.004653

0.003712 0.01601

0.003626 0.003285

0.003616 0.002994

0.003783 0.002906

0.003621 0.009161

0.003661 0.005107

0.003621 0.008399

0.003706 0.018741

0.003627 0.003421

0.003628 0.011732

0.003743 0.008492

0.003791 0.011633

0.003841 0.009182

0.003854 0.008671

0.003777 0.013492

0.003624 0.009093

0.003647 0.012289

0.003634 0.010034

0.00362 0.003145

0.003625 0.006059

0.003617 0.010897

0.003802 0.008356

0.003774 0.005858

0.00366 0.002954

0.003646 0.009994

0.003689 0.003926

0.003626 0.006864

0.003779 0.014709

0.003625 0.011198

0.003737 0.004384

0.003622 0.005749

0.003654 0.009239

0.003688 0.006649

0.003845 0.013028

0.003646 0.007575

0.003631 0.004067

0.003659 0.010727

0.00371 0.003399

0.003832 0.00752

0.003687 0.009775

0.003626 0.011314

0.003639 0.011846

0.003776 0.003301

0.003659 0.004585

0.003622 0.00812

0.003838 0.006612

0.003659 0.006927

0.003626 0.006939

0.003625 0.007959

0.003848 0.010368

0.003626 0.003759

0.003623 0.008199

0.003628 0.013166

0.003784 0.008045

0.003619 0.009391

0.003875 0.013839

0.003628 0.011583

0.003839 0.006157

0.00362 0.010848

0.00384 0.009226

0.003621 0.008451

0.003777 0.00416

0.003656 0.007622

0.00373 0.003656

0.003694 0.00538

0.003622 0.007218

0.003631 0.005559

0.003657 0.006067

0.003627 0.004712

0.003622 0.002969

0.003845 0.006548

0.003777 0.006206

0.003808 0.00508

0.003622 0.007631

0.003779 0.00842

0.003833 0.00749

0.003653 0.00755

0.003807 0.004017

0.003781 0.010587

0.003866 0.004515

0.003697 0.003653

0.003908 0.007038

0.003692 0.013499

0.003689 0.007064

0.003773 0.005754

0.003669 0.009675

0.003646 0.004561

0.003856 0.004304

0.003811 0.008835

0.003625 0.006289

0.003652 0.002925

0.00363 0.004996

0.003648 0.005242

0.003622 0.010484

0.003657 0.008013

0.003666 0.005142

0.003624 0.008848

0.003842 0.009785

0.003623 0.005475

0.003631 0.005257

0.003782 0.008541

0.00369 0.004959

0.003803 0.004296

0.003806 0.005586

0.003822 0.004574

0.003889 0.00311

0.003616 0.008227

0.003822 0.004703

0.003651 0.008658

0.003848 0.003848

0.003635 0.007651

0.003776 0.008115

0.003679 0.003097

0.003655 0.004523

0.00388 0.007723

0.003625 0.008944

0.004071 0.006348

0.003639 0.004075

0.003651 0.004147

0.003657 0.004046

0.003866 0.006858

0.003659 0.011115

0.003672 0.009937

0.003821 0.010094

0.003774 0.013708

0.003661 0.0053

0.003927 0.00806

0.003818 0.00923

0.003659 0.004286

0.003653 0.007595

0.003771 0.01061

0.003631 0.004916

0.003658 0.003514

0.003818 0.008851

0.003768 0.014298

0.003875 0.008584

0.003621 0.003742

0.003627 0.006899

0.003643 0.011487

0.003631 0.007576

0.003626 0.006638

0.003632 0.009034

0.003652 0.004974

0.003696 0.003836

0.003631 0.009915

0.00379 0.005035

0.003869 0.008151

0.003664 0.008431

0.003628 0.008276

0.003636 0.008064

0.003802 0.003543

0.00367 0.004701

0.003645 0.005007

0.003789 0.016074

0.00381 0.006391

0.003782 0.010712

0.003801 0.010547

0.003631 0.007436

0.004105 0.012658

0.003657 0.003534

0.003648 0.008648

0.003664 0.004035

0.003661 0.008424

0.003862 0.007845

0.003687 0.009735

0.003809 0.007131

0.003649 0.003375

0.003628 0.00577

0.003785 0.003934

0.003792 0.009776

0.003646 0.008502

0.003635 0.012171

0.00377 0.004372

0.003716 0.006721

0.003626 0.008435

0.003786 0.00964

0.003768 0.003962

0.00366 0.003367

0.003654 0.003732

0.003776 0.010274

0.003658 0.006171

0.003656 0.006994

0.003626 0.010924

0.003815 0.011646

0.003783 0.003215

0.003838 0.005279

0.00377 0.009051

0.003819 0.011469

0.003624 0.007553

0.003635 0.005445

0.003807 0.006165

0.003632 0.005452

0.00381 0.007756

0.003625 0.012774

0.003623 0.010973

0.003628 0.007712

0.003775 0.006189

0.00363 0.010521

0.003651 0.007081

0.00367 0.013603

0.003801 0.0037

0.003639 0.005657

0.003625 0.008778

0.003635 0.010259

0.00362 0.004469

0.00364 0.007518

0.003803 0.005755

0.003625 0.010458

0.003907 0.011188

0.003807 0.006795

0.003777 0.007678

0.003651 0.008948

0.00368 0.006379

0.003844 0.008342

0.003644 0.006274

0.003632 0.010936

0.003801 0.004839

0.003628 0.005836

0.003637 0.007019

0.003664 0.012353

0.003626 0.00878

0.003663 0.00918

0.003851 0.007855

0.003665 0.007204

0.003648 0.012826

0.003637 0.007096

0.00365 0.004509

0.003792 0.006726

0.003675 0.006938

0.003776 0.007683

0.003621 0.003274

0.003631 0.009948

0.003807 0.005961

0.003778 0.005228

0.003616 0.012475

0.003831 0.008245

0.003904 0.010133

0.003627 0.018469

0.003717 0.008438

0.003815 0.007019

0.003809 0.01061

0.00363 0.01398

0.003807 0.003386

0.003673 0.008895

0.003784 0.010344

0.003718 0.004604

0.003655 0.006095

0.003841 0.005087

0.003773 0.007833

0.003663 0.00616

0.003663 0.003178

0.003631 0.006981

0.003768 0.009229

0.003628 0.006247

0.003651 0.00931

0.003809 0.010642

0.003665 0.005833

0.003658 0.010004

0.00363 0.01043

0.003659 0.007365

0.003644 0.011493

0.003691 0.004375

0.003629 0.005751

0.003787 0.005424

0.003805 0.006648

0.00363 0.006579

0.003898 0.005487

0.003784 0.0088

0.003625 0.012869

0.004127 0.004281

0.003652 0.00476

0.003679 0.004818

0.003651 0.008848

0.003719 0.007001

0.003806 0.008445

0.003812 0.012497

0.003658 0.008306

0.003652 0.006021

0.003772 0.003605

0.003656 0.007309

0.003681 0.009778

0.003626 0.007708

0.003801 0.004846

0.003653 0.005482

0.00364 0.008928

0.003661 0.013604

0.004126 0.006728

0.00363 0.007431

0.003633 0.00554

