0.015802 0.000674

0.014708 0.000521

0.014589 0.000553

0.01981 0.000395

0.014975 0.000547

0.014697 0.000411

0.014653 0.000536

0.014571 0.000443

0.016065 0.000302

0.014666 0.000542

0.014613 0.000343

0.015175 0.000475

0.014002 0.000541

0.014587 0.000443

0.01468 0.00019

0.014142 0.000285

0.01478 0.000512

0.014892 0.000377

0.015017 0.000568

0.015844 0.000547

0.015761 0.000774

0.015047 0.000561

0.014931 0.000377

0.014104 0.000324

0.014623 0.00059

0.014662 0.000485

0.015049 0.000319

0.01468 0.0004

0.014679 0.000408

0.015044 0.000685

0.014634 0.000802

0.015917 0.000437

0.015787 0.000748

0.015815 0.00055

0.014734 0.000336

0.014152 0.000443

0.015894 0.000412

0.015867 0.000371

0.015781 0.000365

0.014707 0.000693

0.014047 0.000581

0.015941 0.000419

0.01463 0.00047

0.014646 0.000686

0.015069 0.000528

0.014649 0.000474

0.015953 0.000412

0.014618 0.000507

0.01463 0.000461

0.014589 0.00071

0.015859 0.000842

0.014648 0.000288

0.014754 0.000333

0.014635 0.000519

0.014992 0.001026

0.01469 0.000519

0.014185 0.000228

0.014617 0.000394

0.014661 0.000553

0.014604 0.000349

0.014601 0.000574

0.015294 0.000664

0.015043 0.000371

0.014925 0.000787

0.015034 0.000458

0.014629 0.000415

0.015899 0.000624

0.014963 0.000231

0.016227 0.000301

0.014567 0.000402

0.015064 0.000838

0.014626 0.000213

0.014683 0.00037

0.014582 0.000317

0.014636 0.000537

0.015831 0.000419

0.014996 0.000398

0.0157 0.00039

0.014708 0.000457

0.014612 0.000523

0.014737 0.000313

0.014651 0.000359

0.014749 0.000294

0.014684 0.000256

0.014783 0.000608

0.014745 0.000648

0.014682 0.000468

0.014137 0.000379

0.014583 0.000352

0.014689 0.000639

0.015756 0.000648

0.014689 0.000483

0.014662 0.000491

0.015899 0.000442

0.014668 0.000287

0.015149 0.000408

0.01413 0.000305

0.014718 0.000487

0.014104 0.000307

0.014708 0.000485

0.014888 0.000544

0.015872 0.000355

0.014096 0.000366

0.014627 0.000338

0.014926 0.000505

0.014624 0.000365

0.015789 0.000664

0.014843 0.000381

0.014115 0.000302

0.013995 0.000573

0.015787 0.000327

0.014639 0.000407

0.014065 0.000617

0.01556 0.000699

0.015801 0.000626

0.014754 0.000477

0.014683 0.000757

0.015946 0.000248

0.015932 0.000341

0.014659 0.000904

0.01507 0.000372

0.014102 0.000346

0.015746 0.000392

0.014052 0.00054

0.014931 0.000455

0.014664 0.000279

0.014164 0.000544

0.015091 0.000382

0.015906 0.000254

0.014042 0.000934

0.014702 0.00064

0.014613 0.000535

0.015721 0.000361

0.014291 0.000232

0.014697 0.000471

0.015751 0.000657

0.014019 0.000411

0.015057 0.000875

0.015819 0.000504

0.014 0.000416

0.015041 0.000442

0.014589 0.000464

0.015159 0.000706

0.015035 0.000325

0.014632 0.000405

0.01458 0.000515

0.014654 0.000511

0.014669 0.000735

0.01579 0.0003

0.014595 0.000883

0.015025 0.000343

0.015773 0.00049

0.015061 0.000633

0.014578 0.000236

0.014684 0.000498

0.014746 0.000362

0.014961 0.000389

0.015833 0.000305

0.01424 0.000491

0.014616 0.000505

0.015041 0.000325

0.014952 0.000478

0.014701 0.000293

0.015873 0.00037

0.014052 0.00031

0.014661 0.000564

0.015854 0.000502

0.014715 0.000722

0.01418 0.000407

0.014755 0.000614

0.014593 0.000335

0.015623 0.000528

0.014734 0.000438

0.015049 0.000517

0.01424 0.000483

0.014038 0.00062

0.014003 0.000358

0.014621 0.000626

0.014112 0.000438

0.014059 0.000318

0.01463 0.000481

0.015005 0.000362

0.014853 0.00058

0.014133 0.000415

0.014618 0.000735

0.014618 0.000462

0.014623 0.000721

0.014062 0.000843

0.015722 0.00036

0.015766 0.000287

0.014606 0.000443

0.014622 0.000312

0.01499 0.000444

0.01456 0.000362

0.013956 0.00022

0.015786 0.000366

0.014735 0.000436

0.014547 0.000556

0.014237 0.000301

0.014635 0.00059

0.014991 0.000473

0.014611 0.000441

0.015837 0.000685

0.014708 0.000495

0.015879 0.000301

0.015924 0.000328

0.014643 0.000887

0.015832 0.000397

0.014696 0.000381

0.016011 0.000555

0.014776 0.00035

0.014713 0.000737

0.014987 0.000222

0.015046 0.000476

0.014622 0.000468

0.015926 0.000398

0.015007 0.000755

0.014022 0.0004

0.014029 0.000632

0.015203 0.000212

0.014742 0.000621

0.014604 0.000359

0.014025 0.000407

0.01505 0.000421

0.015766 0.000447

0.015843 0.000452

0.014591 0.000339

0.014584 0.000468

0.014166 0.000327

0.015002 0.000558

0.014633 0.00044

0.014745 0.000747

0.01404 0.000671

0.014652 0.000343

0.015856 0.000398

0.014086 0.000471

0.01464 0.000471

0.014658 0.000452

0.014939 0.000366

0.014854 0.000477

0.015758 0.000441

0.015832 0.000441

0.014653 0.000529

0.014652 0.00049

0.014606 0.000601

0.014649 0.000392

0.014701 0.000666

0.014633 0.000685

0.015849 0.000474

0.014697 0.00056

0.014712 0.000637

0.014697 0.000586

0.014957 0.000488

0.014934 0.000334

0.014664 0.000572

0.014612 0.000318

0.015066 0.000512

0.015815 0.000307

0.01578 0.00053

0.014651 0.000311

0.016067 0.00055

0.014816 0.000497

0.015799 0.000533

0.014613 0.000588

0.015184 0.000321

0.014686 0.000521

0.015146 0.000463

0.014607 0.000449

0.014581 0.000772

0.014107 0.000423

0.015746 0.000685

0.014052 0.000502

0.014728 0.000497

0.015763 0.000389

0.015742 0.000435

0.015088 0.000246

0.014023 0.000527

0.015751 0.000391

0.013986 0.00034

0.014718 0.000286

0.01509 0.00047

0.014057 0.000449

0.015096 0.000514

0.015826 0.000426

0.015802 0.000543

0.014689 0.000423

0.014611 0.000679

0.015798 0.000411

0.014612 0.0003

0.014987 0.000636

0.015085 0.000676

0.014866 0.000719

0.014982 0.000432

0.014643 0.000679

0.014626 0.000236

0.014209 0.00041

0.014645 0.000358

0.016022 0.000527

0.015045 0.000414

0.014736 0.000404

0.015958 0.000503

0.014681 0.000537

0.014747 0.000466

0.014689 0.000352

0.014685 0.000417

0.014047 0.000332

0.014118 0.000398

0.014639 0.000672

0.014 0.000293

0.013996 0.000468

0.014975 0.000334

0.014953 0.000318

0.01485 0.000568

0.016098 0.00058

0.01484 0.000697

0.014598 0.000582

0.014961 0.000375

0.015841 0.000537

0.015017 0.000434

0.014996 0.000519

0.014668 0.000562

0.015776 0.000607

0.014642 0.000356

0.014473 0.000595

0.014593 0.000512

0.014795 0.000368

0.014654 0.000366

0.015738 0.000304

0.014082 0.000652

0.015918 0.000323

0.015862 0.000732

0.01462 0.000209

0.015759 0.00051

0.014561 0.000687

0.01481 0.000216

0.014623 0.000349

0.014875 0.000308

0.0146 0.000506

0.016019 0.000586

0.015836 0.000584

0.014865 0.000595

0.015893 0.000434

0.01471 0.000588

0.014017 0.000552

0.014618 0.000238

0.015799 0.000473

0.01467 0.000546

0.014999 0.000357

0.014684 0.000288

0.014623 0.000637

0.014764 0.000337

0.015813 0.000854

0.014831 0.000405

0.014639 0.000376

0.014008 0.000364

0.014663 0.000675

0.015764 0.000436

0.01403 0.000384

0.015845 0.000521

0.015161 0.000605

0.014586 0.000431

0.015775 0.000709

0.016093 0.000343

0.014738 0.00036

0.014973 0.00033

0.014967 0.000313

0.014731 0.00057

0.014621 0.000533

0.014711 0.000587

0.014041 0.000585

0.014644 0.000442

0.015778 0.000442

0.014572 0.000571

0.015948 0.000458

0.014045 0.000494

0.015739 0.000336

0.01501 0.000641

0.014786 0.00058

0.014136 0.000682

0.015858 0.00057

0.014002 0.000661

0.01465 0.000364

0.014641 0.000897

0.015776 0.000377

0.014027 0.000545

0.014089 0.00064

0.014629 0.00033

0.014162 0.000423

0.014974 0.000336

0.014096 0.000318

0.015755 0.000309

0.014073 0.000667

0.015055 0.000315

0.015842 0.000478

0.015758 0.000565

0.014687 0.000559

0.014065 0.000396

0.014665 0.000641

0.014028 0.00046

0.014047 0.000595

0.014633 0.000394

0.015731 0.000538

0.014005 0.000369

0.01464 0.00062

0.015861 0.000268

0.014682 0.000608

0.014025 0.000368

0.014626 0.000617

0.017562 0.000545

0.015835 0.000255

0.015744 0.000411

0.014746 0.000507

0.01461 0.000883

0.014388 0.000414

0.015216 0.000615

0.014594 0.000576

0.014569 0.000513

0.014594 0.000828

0.015707 0.000441

0.014721 0.000795

0.0146 0.000427

0.015761 0.000668

0.014666 0.000276

0.014031 0.000377

0.014758 0.000455

0.01404 0.000732

0.014719 0.000738

0.015296 0.000306

0.014771 0.000534

0.014687 0.000817

0.014973 0.000733

0.013984 0.000623

0.014729 0.000389

0.014668 0.000914

0.015301 0.000636

0.015805 0.000506

0.014186 0.000624

0.015834 0.000585

0.015185 0.000482

0.014615 0.00047

0.014803 0.000335

0.014048 0.000486

0.015313 0.000384

0.015799 0.000361

0.015835 0.000531

0.014055 0.000439

0.01584 0.000473

0.014003 0.000496

0.014653 0.000346

0.014059 0.000501

0.014663 0.00045

0.015758 0.000534

0.015699 0.00017

0.014557 0.000573

0.014656 0.000499

0.014059 0.000229

0.015747 0.000454

0.015746 0.000382

0.01463 0.000497

0.014628 0.000408

0.014741 0.000313

0.014998 0.00038

0.014968 0.000494

0.014586 0.00043

0.016024 0.000482

0.014811 0.000353

0.014658 0.000305

0.015762 0.000357

0.014688 0.000338

0.014864 0.000424

0.014643 0.000835

0.014635 0.000389

0.014631 0.000353

0.015021 0.000457

0.014671 0.000441

0.01414 0.000464

0.014877 0.000541

0.014091 0.000484

0.014747 0.000741

0.014705 0.000596

0.014642 0.000442

0.015824 0.000474

0.015819 0.000326

0.014757 0.000511

0.014657 0.000364

0.014676 0.000739

0.014704 0.000365

0.015083 0.000405

0.015779 0.000379

0.014117 0.00059

0.014699 0.000458

0.014571 0.000684

0.014551 0.000561

0.015101 0.0003

0.014655 0.000818

0.014677 0.000352

0.014665 0.000581

0.014005 0.000279

0.014571 0.000343

0.014069 0.00034

0.014564 0.000643

0.014152 0.000535

0.014591 0.000305

0.013983 0.00034

0.015002 0.000511

0.014991 0.000793

0.014731 0.000623

0.014976 0.000618

0.014763 0.000872

0.015196 0.000468

0.016007 0.000642

0.014053 0.000836

0.014995 0.00028

0.015776 0.000714

0.015849 0.000306

0.015139 0.000355

0.01476 0.000585

0.014686 0.000522

0.015853 0.000718

0.014069 0.000674

0.014744 0.00064

0.014148 0.000385

0.014644 0.000291

0.014082 0.000493

0.014699 0.000345

0.014652 0.000364

0.01582 0.000348

0.014039 0.000228

0.015064 0.000654

0.014553 0.000322

0.014701 0.00031

0.014245 0.000401

0.015778 0.000472

0.013947 0.000717

0.01459 0.000522

0.014648 0.000553

0.015771 0.000454

0.014616 0.000442

0.01467 0.000213

0.015739 0.000598

0.015795 0.000405

0.014618 0.000566

0.014197 0.000712

0.014591 0.000768

0.015789 0.000723

0.014651 0.000512

0.014702 0.000424

0.01417 0.000425

0.015781 0.000403

0.014566 0.000678

0.014589 0.000399

0.014123 0.000349

0.014694 0.000907

0.014989 0.000412

0.015765 0.00076

0.014032 0.00033

0.015453 0.000552

0.014728 0.000823

0.014134 0.00077

0.015682 0.000232

0.014644 0.000427

0.014728 0.00037

0.015053 0.000441

0.014676 0.000487

0.014071 0.000597

0.015221 0.000838

0.015005 0.000373

0.014772 0.000673

0.015776 0.000502

0.014659 0.00033

0.015028 0.000651

0.014658 0.000405

0.014603 0.000639

0.014628 0.000224

0.014566 0.000432

0.014025 0.000503

0.014749 0.000286

0.014123 0.000735

0.014644 0.000246

0.014643 0.000407

0.01459 0.000456

0.015758 0.000623

0.014025 0.000665

0.014053 0.000322

0.014611 0.00028

0.015828 0.000512

0.014657 0.000376

0.014645 0.000591

0.014745 0.000517

0.01463 0.00047

0.014632 0.000326

0.014762 0.000588

0.015055 0.000551

0.01467 0.00049

0.015815 0.000581

0.015722 0.000636

0.0149 0.000356

0.014084 0.000365

0.014665 0.000519

0.015103 0.000347

0.014635 0.000988

0.015267 0.000539

0.015019 0.000309

0.014687 0.000659

0.01464 0.000487

0.014028 0.00034

0.014717 0.000369

0.014629 0.00052

0.01475 0.000522

0.014631 0.00056

0.015877 0.000415

0.015779 0.000319

0.014659 0.000515

0.014614 0.000443

0.01476 0.000475

0.01575 0.000323

0.015016 0.000427

0.014629 0.000885

0.015246 0.000701

0.015694 0.000501

0.014705 0.000414

0.014566 0.000557

0.014768 0.000369

0.014602 0.000472

0.015182 0.000399

0.014627 0.000608

0.016141 0.000616

0.015827 0.000679

0.014775 0.000348

0.014066 0.000361

0.014617 0.000725

0.015739 0.000603

0.014023 0.000412

0.014634 0.000671

0.014157 0.000361

0.014594 0.000651

0.014636 0.000372

0.0146 0.000527

0.014888 0.000646

0.01418 0.000424

0.014231 0.000502

0.015767 0.000571

0.014678 0.00026

0.014062 0.000582

0.015914 0.000377

0.014631 0.00051

0.014034 0.000928

0.014645 0.000318

0.014715 0.000456

0.01413 0.000481

0.01414 0.000673

0.015785 0.00045

0.014707 0.000783

0.014652 0.00053

0.015777 0.00054

0.014973 0.000429

0.014669 0.000362

0.014636 0.0004

0.01399 0.000711

0.014041 0.00051

0.01465 0.000403

0.014065 0.000377

0.015791 0.00048

0.01471 0.000432

0.014612 0.000286

0.015248 0.00042

0.015829 0.000589

0.014844 0.000447

0.014647 0.000425

0.015997 0.000374

0.014607 0.000543

0.01465 0.000894

0.014692 0.000383

0.014678 0.000446

0.014686 0.000575

0.014646 0.000424

0.014999 0.000586

0.015045 0.000503

0.014592 0.000574

0.014276 0.000308

0.014765 0.000523

0.014644 0.000795

0.013988 0.000745

0.015838 0.000248

0.01469 0.000386

0.014752 0.00033

0.015702 0.000404

0.014673 0.000719

0.015797 0.000439

0.015169 0.000764

0.014765 0.000491

0.015109 0.000452

0.014097 0.000303

0.015955 0.000378

0.014729 0.000407

0.015149 0.000373

0.014716 0.00041

0.014783 0.000654

0.01507 0.000369

0.014193 0.000555

0.014667 0.000401

0.01414 0.000762

0.014613 0.000514

0.014048 0.000536

0.01583 0.00049

0.014568 0.000341

0.01478 0.000471

0.014627 0.000782

0.01468 0.000627

0.014699 0.00077

0.015341 0.000622

0.014654 0.000572

0.014685 0.000556

0.014672 0.000356

0.014657 0.000588

0.014582 0.000467

0.014642 0.000394

0.01465 0.000285

0.015769 0.000806

0.014676 0.00056

0.01495 0.000394

0.015962 0.000442

0.014167 0.000385

0.015765 0.000548

0.015105 0.000356

0.015798 0.00052

0.014707 0.000418

0.015837 0.000409

0.014254 0.000495

0.014995 0.000894

0.014837 0.000481

0.015082 0.000476

0.014139 0.000553

0.014056 0.000281

0.015857 0.000512

0.01504 0.000334

0.014787 0.00044

0.015058 0.000498

0.0149 0.000632

0.015816 0.000417

0.014703 0.000255

0.014637 0.000356

0.015792 0.000325

0.014647 0.000752

0.014699 0.000493

0.01461 0.00054

0.01503 0.000504

0.014686 0.000491

0.014565 0.000776

0.014034 0.000708

0.014012 0.000448

0.014686 0.0003

0.01465 0.00035

0.015802 0.000411

0.015786 0.000287

0.015116 0.000406

0.014603 0.00077

0.014065 0.000503

0.014967 0.000255

0.015053 0.00043

0.015819 0.000398

0.01462 0.000406

0.014758 0.000706

0.014655 0.000455

0.014665 0.00041

0.014707 0.000533

0.014673 0.000168

0.014162 0.000817

0.014644 0.000629

0.016523 0.000285

0.015796 0.000403

0.014935 0.000387

0.015024 0.000677

0.014789 0.000477

0.01403 0.000757

0.014649 0.000589

0.014732 0.000488

0.015896 0.000318

0.014614 0.000635

0.014985 0.000769

0.015024 0.000366

0.014756 0.000568

0.014724 0.000662

0.014666 0.000281

0.015027 0.000493

0.015067 0.000528

0.01466 0.000284

0.014385 0.000426

0.014142 0.000845

0.015823 0.000506

0.015074 0.000797

0.014746 0.000362

0.01483 0.000222

0.014229 0.000444

0.014575 0.000524

0.014841 0.000686

0.015096 0.00071

0.014608 0.000312

0.015032 0.000757

0.014926 0.000325

0.014716 0.000675

0.014613 0.000588

0.015782 0.000426

0.01519 0.000483

0.015817 0.000279

0.014598 0.000473

0.014148 0.000441

0.014607 0.000836

0.015426 0.0003

0.015694 0.000283

0.014636 0.00044

0.013959 0.0004

0.014758 0.00031

0.014694 0.000688

0.014148 0.000561

0.014973 0.000623

0.014607 0.000569

0.014768 0.000262

0.015834 0.000231

0.015805 0.000429

0.014145 0.000471

0.015841 0.000476

0.015035 0.000455

0.014034 0.000513

0.014965 0.000456

0.013971 0.000675

0.014648 0.000457

0.015787 0.000928

0.014728 0.000586

0.01408 0.000433

0.014806 0.000646

0.014622 0.000415

0.015778 0.000532

0.014746 0.000303

0.014987 0.00047

0.014023 0.000422

0.014888 0.000568

0.014029 0.000398

0.014696 0.000471

0.014584 0.000436

0.014045 0.000249

0.014559 0.000671

0.015825 0.000394

0.015782 0.000451

0.014767 0.000351

0.014587 0.000433

0.01498 0.000519

0.015846 0.000251

0.01465 0.000662

0.014677 0.000473

0.014027 0.000177

0.014637 0.000349

0.014023 0.000466

0.014752 0.000583

0.014984 0.00031

0.014654 0.000327

0.014613 0.000594

0.014641 0.000489

0.014358 0.000613

0.015806 0.000392

0.015805 0.000516

0.014027 0.000623

0.014622 0.000324

0.014709 0.000541

0.015067 0.000676

0.015791 0.000389

0.014573 0.00067

0.014687 0.000322

0.014063 0.000808

0.014804 0.000666

0.014651 0.000305

0.01469 0.00037

0.014635 0.000582

0.015024 0.000666

0.016009 0.000541

0.015032 0.00081

0.014291 0.00039

0.014703 0.000436

0.014673 0.00047

0.014184 0.000365

0.015744 0.000616

0.014092 0.000735

0.014001 0.000594

0.015071 0.000546

0.014721 0.000552

0.014786 0.000322

0.015749 0.000352

0.01509 0.000601

0.014051 0.000285

0.014793 0.00084

0.014579 0.000457

0.01396 0.000619

0.014006 0.000372

0.015785 0.000598

0.014708 0.000315

0.014602 0.000506

0.014578 0.000379

0.015828 0.000346

0.014662 0.000451

0.014067 0.000552

0.014632 0.000791

0.015746 0.000733

0.015058 0.000608

0.014558 0.000286

0.015091 0.000533

0.014786 0.000487

0.014019 0.000435

0.013997 0.000334

0.015045 0.000429

0.014017 0.000313

0.016038 0.000426

0.014643 0.000431

0.014825 0.000544

0.014651 0.000282

0.014665 0.000558

0.015924 0.000352

0.014706 0.00034

0.014652 0.000521

0.014838 0.000395

0.015882 0.000467

0.014727 0.000822

0.015788 0.000408

0.014623 0.000327

0.014064 0.000385

0.015444 0.000475

0.014811 0.000596

0.01579 0.000316

0.015815 0.000438

0.014733 0.000348

0.014611 0.000475

0.015097 0.000411

0.014661 0.000558

0.01403 0.000326

0.014654 0.000562

0.014177 0.000464

0.014698 0.000627

0.016072 0.000695

0.014633 0.000387

0.014623 0.000269

0.014962 0.000341

0.014589 0.000345

0.014612 0.000526

0.01491 0.000476

0.014067 0.000778

0.014602 0.000257

0.015855 0.000399

0.014118 0.000339

0.014621 0.00046

0.014651 0.000583

0.014691 0.000548

0.014626 0.00076

0.014211 0.000488

0.014566 0.0005

0.014742 0.000889

0.015753 0.000516

0.014743 0.000413

0.014737 0.000446

0.014772 0.000631

0.015046 0.000741

0.015816 0.000631

0.01581 0.000506

0.014702 0.000763

0.015019 0.000473

0.01581 0.000485

0.014645 0.000429

0.014671 0.000758

0.015108 0.000581

0.014754 0.000347

0.014643 0.000929

0.014743 0.000578

0.014614 0.000362

0.014785 0.000447

0.014709 0.00049

0.014857 0.000387

0.014713 0.000421

0.015007 0.000713

0.01419 0.000458

0.015971 0.000585

0.016112 0.000437

0.015947 0.000319

0.014814 0.000355

0.014766 0.000343

0.015044 0.000783

0.014798 0.000483

0.015779 0.00059

0.014682 0.000442

0.014759 0.000404

0.015684 0.00068

0.014583 0.000531

0.014621 0.000316

0.015054 0.000489

0.015857 0.000303

0.014141 0.000351

0.014584 0.000419

0.014628 0.000636

0.015242 0.000467

0.014778 0.000463

0.014636 0.000513

0.014675 0.000458

0.015771 0.000317

