0.034808 0.008514

0.037738 0.015131

0.033089 0.010133

0.034704 0.006132

0.032556 0.013071

0.034676 0.008043

0.032888 0.00875

0.032506 0.015396

0.034725 0.009326

0.031055 0.009759

0.032119 0.018548

0.03462 0.007965

0.03207 0.011349

0.035296 0.00552

0.034948 0.007418

0.034724 0.007798

0.034621 0.007861

0.032893 0.008671

0.034765 0.007643

0.030919 0.011649

0.033059 0.008584

0.031248 0.008163

0.033032 0.010469

0.034646 0.007174

0.032073 0.009794

0.034762 0.008076

0.033537 0.012638

0.03463 0.007203

0.032155 0.008841

0.034848 0.011551

0.034792 0.005536

0.032235 0.00781

0.035171 0.007007

0.032942 0.009833

0.034593 0.007929

0.034998 0.016221

0.03466 0.006939

0.032115 0.017544

0.033068 0.01275

0.033539 0.01401

0.032952 0.006177

0.032143 0.015729

0.033297 0.010824

0.035419 0.012429

0.032862 0.005835

0.032898 0.011156

0.032194 0.009803

0.033116 0.007028

0.0332 0.011335

0.035698 0.012714

0.03475 0.012296

0.0323 0.008866

0.032313 0.009578

0.03476 0.010857

0.034731 0.010629

0.034974 0.006805

0.034861 0.006241

0.034817 0.016433

0.034532 0.004538

0.034814 0.00601

0.034117 0.012899

0.034708 0.01668

0.034627 0.008791

0.032853 0.016249

0.032184 0.009981

0.034581 0.016145

0.034711 0.006493

0.032095 0.007885

0.032941 0.012237

0.03301 0.006665

0.034772 0.014391

0.034659 0.009185

0.032362 0.016866

0.032237 0.006712

0.032131 0.008454

0.034942 0.008916

0.033012 0.014637

0.033341 0.012031

0.032099 0.011295

0.034614 0.005619

0.032044 0.011736

0.03432 0.0082

0.034855 0.008349

0.034747 0.00701

0.034597 0.010731

0.034722 0.014743

0.033157 0.009068

0.032417 0.010084

0.032808 0.015216

0.034924 0.006691

0.034736 0.005694

0.032116 0.009135

0.034579 0.008966

0.033165 0.010277

0.032882 0.023292

0.032928 0.012948

0.034637 0.014262

0.034799 0.012439

0.03523 0.007519

0.034596 0.011919

0.032134 0.010443

0.034751 0.006293

0.034599 0.008104

0.0322 0.01177

0.034833 0.007685

0.032142 0.012862

0.032971 0.011723

0.033302 0.004043

0.03281 0.011263

0.034863 0.01418

0.034635 0.012331

0.033288 0.0141

0.032863 0.011569

0.032971 0.008789

0.03469 0.007126

0.032523 0.005685

0.034729 0.013265

0.032961 0.009542

0.034557 0.008099

0.034531 0.010808

0.034686 0.00872

0.033017 0.01359

0.032841 0.008929

0.034791 0.012214

0.032156 0.0131

0.035686 0.00899

0.032115 0.006508

0.03219 0.015835

0.032446 0.01379

0.034625 0.011333

0.034573 0.009893

0.034698 0.010339

0.033617 0.010601

0.032931 0.012874

0.034592 0.010175

0.034613 0.00825

0.032429 0.00698

0.034769 0.005327

0.03466 0.007489

0.034712 0.009717

0.03338 0.010842

0.03219 0.016449

0.032726 0.010712

0.032412 0.014676

0.034678 0.007076

0.032294 0.010664

0.034619 0.011083

0.034659 0.010229

0.032251 0.010079

0.032788 0.010435

0.03305 0.009209

0.034703 0.007056

0.032077 0.011737

0.032824 0.006537

0.032224 0.009678

0.032352 0.010652

0.03318 0.011504

0.034812 0.014595

0.034718 0.014201

0.033042 0.011779

0.034682 0.01652

0.032241 0.005595

0.033255 0.014079

0.032196 0.010281

0.034615 0.008604

0.034622 0.010798

0.035344 0.006467

0.032108 0.010184

0.034291 0.010698

0.034634 0.010076

0.0349 0.007853

0.034772 0.007194

0.034667 0.017013

0.034653 0.010583

0.032215 0.007637

0.034695 0.01152

0.034501 0.010357

0.034686 0.008546

0.034715 0.008378

0.033175 0.011122

0.033005 0.005868

0.03463 0.012119

0.032143 0.008526

0.035287 0.008829

0.032117 0.010698

0.034623 0.010716

0.034582 0.006269

0.034616 0.01453

0.032207 0.009188

0.03213 0.012956

0.034647 0.011299

0.032263 0.013208

0.032954 0.007732

0.032861 0.009379

0.034628 0.008526

0.034775 0.017228

0.034714 0.006316

0.032167 0.005969

0.03468 0.007832

0.034536 0.003609

0.032567 0.008676

0.032161 0.009155

0.032801 0.01125

0.032199 0.012662

0.032125 0.008763

0.034809 0.010962

0.034641 0.006765

0.034619 0.013503

0.034682 0.009218

0.034851 0.010175

0.035624 0.0106

0.034958 0.008818

0.034877 0.007119

0.032442 0.008628

0.032082 0.007878

0.034704 0.00738

0.034683 0.007232

0.034824 0.011774

0.034711 0.006491

0.033142 0.014972

0.034734 0.005538

0.03303 0.006932

0.034742 0.01114

0.034696 0.007456

0.032964 0.010299

0.032341 0.006657

0.033349 0.013995

0.032667 0.017825

0.032255 0.0116

0.034684 0.014582

0.032491 0.013616

0.03461 0.010513

0.032195 0.008179

0.032913 0.010968

0.034934 0.007975

0.034578 0.01053

0.032844 0.012021

0.034614 0.008583

0.032149 0.012068

0.034786 0.012151

0.03321 0.012747

0.031029 0.004314

0.03311 0.01353

0.034632 0.007494

0.033542 0.006213

0.034898 0.009958

0.034556 0.00924

0.032685 0.008688

0.034603 0.011969

0.032108 0.008804

0.032973 0.005368

0.034701 0.014602

0.034778 0.007765

0.032153 0.009387

0.033063 0.006449

0.034777 0.006227

0.033182 0.010574

0.031059 0.008819

0.034602 0.013787

0.034861 0.008196

0.034978 0.006507

0.032403 0.014502

0.034626 0.005461

0.034861 0.007893

0.034914 0.006219

0.033026 0.011874

0.034642 0.011668

0.034928 0.009052

0.030846 0.011866

0.034643 0.01017

0.034571 0.0056

0.032836 0.01081

0.032923 0.009952

0.032216 0.012011

0.032214 0.007506

0.032881 0.010091

0.03217 0.012457

0.032862 0.011151

0.032539 0.015056

0.033013 0.013489

0.032925 0.012581

0.031307 0.008494

0.034681 0.006958

0.034711 0.009151

0.034642 0.007474

0.03209 0.011443

0.033132 0.006375

0.034711 0.013307

0.032094 0.009233

0.034771 0.007447

0.033246 0.005625

0.032161 0.005137

0.032914 0.007433

0.035077 0.011693

0.033235 0.014716

0.033004 0.003898

0.034604 0.009768

0.032277 0.014062

0.032919 0.009665

0.032194 0.006054

0.034722 0.011245

0.034686 0.005854

0.034792 0.01288

0.034645 0.00385

0.032448 0.006984

0.034597 0.009267

0.032183 0.009306

0.032676 0.010659

0.034484 0.008126

0.03303 0.007492

0.034784 0.008004

0.032983 0.004339

0.034703 0.006761

0.034613 0.005186

0.032077 0.016013

0.034887 0.008637

0.033024 0.010584

0.034715 0.009337

0.032089 0.008165

0.032292 0.007274

0.032488 0.017381

0.035691 0.012328

0.032089 0.017483

0.032241 0.013894

0.035254 0.011655

0.03464 0.011186

0.034518 0.015457

0.031199 0.010347

0.035099 0.00798

0.032973 0.009125

0.03457 0.011288

0.034753 0.008315

0.034749 0.013849

0.034737 0.013407

0.034693 0.009228

0.034667 0.011491

0.034478 0.00662

0.032969 0.010277

0.033037 0.009089

0.034627 0.00691

0.034733 0.014787

0.032433 0.008943

0.032289 0.010974

0.033023 0.00952

0.032343 0.004791

0.035292 0.006388

0.032172 0.018817

0.032947 0.006491

0.034682 0.010021

0.034678 0.00997

0.034689 0.011568

0.034609 0.00794

0.034809 0.00816

0.033008 0.013846

0.034845 0.008431

0.03225 0.017959

0.034537 0.012148

0.032173 0.00953

0.034814 0.014548

0.033056 0.013735

0.034622 0.00959

0.0348 0.012454

0.035133 0.005752

0.03363 0.009038

0.034515 0.014384

0.034779 0.005238

0.033094 0.008819

0.030829 0.011224

0.032174 0.012801

0.033013 0.007687

0.034686 0.017992

0.034661 0.0051

0.034615 0.009917

0.034708 0.011385

0.032205 0.011672

0.032082 0.008729

0.034734 0.008736

0.032939 0.005547

0.034779 0.00908

0.03348 0.005627

0.035625 0.005113

0.03489 0.009618

0.032937 0.004975

0.034613 0.009952

0.034678 0.01332

0.03473 0.007457

0.033434 0.007636

0.032098 0.00671

0.033176 0.015628

0.032902 0.009112

0.034625 0.009167

0.03281 0.008943

0.034969 0.010008

0.032292 0.011805

0.034585 0.006826

0.035025 0.015029

0.035202 0.009976

0.033997 0.004971

0.032147 0.005825

0.032347 0.007274

0.034751 0.016036

0.034711 0.015091

0.032087 0.007078

0.034642 0.011983

0.032128 0.017409

0.032093 0.006162

0.034717 0.005823

0.032196 0.010894

0.032941 0.012655

0.035027 0.00727

0.034806 0.012285

0.034523 0.007475

0.03221 0.008783

0.032367 0.006896

0.035361 0.015116

0.032178 0.014673

0.032206 0.013696

0.03457 0.011293

0.034672 0.005932

0.032063 0.008632

0.034503 0.005806

0.034637 0.010946

0.035029 0.012347

0.032097 0.011916

0.034606 0.008874

0.034749 0.004191

0.033418 0.00785

0.034782 0.016704

0.034641 0.011482

0.032424 0.009779

0.034978 0.007834

0.033124 0.011083

0.033096 0.016962

0.034762 0.010246

0.034583 0.003856

0.034796 0.008162

0.032233 0.005898

0.032102 0.012394

0.034575 0.007893

0.03221 0.01536

0.032168 0.010249

0.030959 0.00372

0.034916 0.007442

0.03532 0.006807

0.034688 0.006383

0.032882 0.008184

0.032296 0.006307

0.034684 0.015923

0.032233 0.009304

0.032969 0.012997

0.034791 0.018169

0.034528 0.009221

0.032051 0.007263

0.034674 0.009524

0.032933 0.016029

0.034599 0.007221

0.035059 0.008255

0.033057 0.006837

0.032814 0.009305

0.032297 0.01157

0.032615 0.004911

0.03465 0.008657

0.033014 0.010278

0.034913 0.005859

0.032056 0.006368

0.034792 0.010777

0.032912 0.009455

0.034659 0.00858

0.03459 0.006621

0.034737 0.013674

0.034724 0.012618

0.034612 0.009486

0.032112 0.009291

0.034644 0.016044

0.03463 0.012684

0.034541 0.009356

0.03223 0.010616

0.035148 0.011817

0.032981 0.00617

0.032059 0.011336

0.034658 0.013129

0.034545 0.015766

0.035573 0.010764

0.032793 0.0062

0.034663 0.009812

0.030866 0.015109

0.034493 0.009068

0.034789 0.009205

0.032898 0.009595

0.034582 0.006393

0.032518 0.009021

0.033284 0.012452

0.034594 0.007031

0.034723 0.009023

0.032582 0.010294

0.032981 0.012213

0.03461 0.005888

0.035057 0.007288

0.03461 0.009069

0.035057 0.012743

0.032579 0.018257

0.032302 0.012717

0.032012 0.009575

0.034527 0.00707

0.034625 0.012435

0.034652 0.005883

0.034517 0.016494

0.0346 0.01761

0.032043 0.012638

0.032864 0.014028

0.034669 0.007225

0.035176 0.007068

0.03483 0.007804

0.032083 0.007328

0.034652 0.009503

0.032304 0.004835

0.035589 0.005124

0.034593 0.010214

0.034643 0.006095

0.034673 0.009032

0.032851 0.007905

0.032839 0.005698

0.034546 0.007599

0.034758 0.005166

0.035396 0.016586

0.032233 0.006241

0.034613 0.004952

0.032996 0.01352

0.035022 0.012543

0.034677 0.013553

0.032821 0.010228

0.035093 0.010629

0.034606 0.009744

0.032966 0.009647

0.03209 0.006022

0.034622 0.011418

0.034598 0.011221

0.032176 0.007938

0.034684 0.01293

0.034635 0.004822

0.032222 0.007188

0.035142 0.014413

0.032291 0.009031

0.034806 0.020305

0.034942 0.011671

0.032707 0.009789

0.033084 0.007551

0.034586 0.01284

0.032111 0.005637

0.030792 0.005287

0.032092 0.009809

0.034646 0.007108

0.03282 0.013896

0.03458 0.017282

0.032233 0.013894

0.034557 0.007972

0.034632 0.004705

0.033151 0.016432

0.035251 0.015693

0.032505 0.012585

0.034556 0.011548

0.034702 0.0111

0.035183 0.006158

0.034797 0.015081

0.032125 0.016339

0.031099 0.006517

0.034942 0.008132

0.035318 0.007942

0.034554 0.012898

0.035124 0.00456

0.03516 0.006221

0.034641 0.011917

0.034697 0.006579

0.034667 0.013139

0.03465 0.009517

0.032965 0.013135

0.032019 0.006938

0.035339 0.00923

0.0332 0.007758

0.035719 0.014883

0.034808 0.006581

0.032889 0.016953

0.034851 0.008387

0.035129 0.017604

0.032298 0.00905

0.034878 0.012539

0.033081 0.012063

0.034633 0.00858

0.032895 0.007195

0.032728 0.014545

0.034569 0.011685

0.034676 0.007102

0.034659 0.008273

0.034571 0.010858

0.033126 0.007277

0.032339 0.012091

0.03242 0.009352

0.032878 0.015807

0.03195 0.013654

0.032266 0.009026

0.032541 0.010693

0.034736 0.011149

0.032055 0.008897

0.034884 0.013608

0.03303 0.0081

0.034626 0.010862

0.034647 0.010764

0.030796 0.009865

0.033714 0.004998

0.032087 0.012032

0.032035 0.014126

0.032933 0.009837

0.03324 0.005442

0.034899 0.015622

0.033033 0.011105

0.034542 0.009197

0.033019 0.005007

0.03528 0.007112

0.03311 0.014555

0.034985 0.013704

0.033018 0.007958

0.03463 0.008822

0.034646 0.010609

0.034607 0.010968

0.034608 0.011763

0.034618 0.006743

0.034998 0.01255

0.032908 0.005243

0.03295 0.017449

0.034542 0.007779

0.034782 0.008173

0.032074 0.014325

0.03208 0.006775

0.033036 0.014718

0.035113 0.004297

0.033106 0.010833

0.034599 0.004643

0.034907 0.012427

0.03475 0.010322

0.034646 0.015595

0.032991 0.008381

0.034567 0.005251

0.034612 0.007512

0.034777 0.013102

0.03289 0.010373

0.034619 0.010966

0.034863 0.006494

0.03501 0.008001

0.032947 0.004137

0.034593 0.008281

0.034859 0.00785

0.032273 0.008964

0.032292 0.019835

0.033203 0.018428

0.032318 0.01444

0.034778 0.014239

0.032282 0.008804

0.032134 0.012151

0.032105 0.015083

0.034627 0.00722

0.032995 0.008054

0.033106 0.007923

0.034611 0.010609

0.032073 0.013219

0.032889 0.006514

0.032105 0.011433

0.030939 0.009597

0.034791 0.010074

0.032649 0.012566

0.032284 0.010262

0.034577 0.007433

0.033113 0.011136

0.034574 0.013927

0.032122 0.016554

0.033093 0.008836

0.034536 0.016227

0.03201 0.012774

0.03382 0.011206

0.034612 0.007502

0.034592 0.009731

0.03226 0.007028

0.032255 0.007389

0.034613 0.007858

0.034725 0.009588

0.034671 0.012856

0.035195 0.003945

0.033053 0.007997

0.034865 0.008236

0.032253 0.005345

0.032258 0.00969

0.034585 0.008139

0.032282 0.01103

0.034654 0.007085

0.034572 0.004624

0.032234 0.012603

0.034613 0.014171

0.034552 0.012492

0.034603 0.018555

0.033038 0.010168

0.032922 0.011445

0.03212 0.006851

0.03313 0.010711

0.035103 0.007169

0.032297 0.012272

0.032768 0.008493

0.032148 0.009016

0.032249 0.017651

0.034647 0.005666

0.032912 0.013988

0.034714 0.004195

0.032143 0.011688

0.035171 0.007132

0.034554 0.012674

0.03465 0.012

0.032835 0.006289

0.033327 0.006818

0.032086 0.010615

0.03311 0.008092

0.034781 0.007916

0.03291 0.009313

0.03222 0.013392

0.034815 0.011669

0.034636 0.008115

0.034859 0.008127

0.032138 0.011119

0.032889 0.016548

0.03453 0.005228

0.034584 0.010907

0.033091 0.009011

0.032784 0.010122

0.032102 0.009384

0.032275 0.008031

0.03532 0.007492

0.034752 0.01527

0.032844 0.012826

0.034876 0.007522

0.031972 0.012824

0.034793 0.012878

0.034545 0.008153

0.032194 0.013737

0.032123 0.006295

0.034567 0.01004

0.032101 0.007054

0.034696 0.017522

0.032884 0.006916

0.032257 0.010802

0.03451 0.009052

0.033163 0.018003

0.034184 0.008316

0.033331 0.011346

0.03222 0.008616

0.034619 0.009464

0.034834 0.00996

0.033121 0.016769

0.034853 0.008931

0.03221 0.011603

0.034688 0.014141

0.03475 0.010579

0.034611 0.019895

0.033828 0.008378

0.034567 0.0083

0.032871 0.00836

0.035261 0.014985

0.033008 0.009752

0.034691 0.007077

0.032212 0.010887

0.033054 0.014951

0.034599 0.013547

0.032247 0.010688

0.033157 0.013745

0.035014 0.008442

0.034618 0.005854

0.034615 0.010067

0.034724 0.008097

0.032144 0.011975

0.032194 0.012136

0.034726 0.018841

0.033877 0.012676

0.034671 0.008794

0.034654 0.009286

0.034565 0.00526

0.034597 0.007453

0.032361 0.007652

0.0328 0.007086

0.030773 0.010655

0.034795 0.007229

0.034756 0.010567

0.035304 0.009439

0.034811 0.01037

0.032968 0.010149

0.032211 0.011541

0.032902 0.003884

0.032143 0.012541

0.032124 0.014867

0.033014 0.010672

0.0321 0.011823

0.032673 0.008148

0.034575 0.005203

0.032051 0.006962

0.034645 0.005994

0.033574 0.011112

0.034584 0.012916

0.032163 0.010571

0.033301 0.013562

0.032509 0.008755

0.034737 0.011694

0.03284 0.004214

0.033133 0.005033

0.034675 0.010879

0.034609 0.007371

0.032035 0.010562

0.032017 0.006815

0.034595 0.005974

0.032336 0.011816

0.032937 0.005907

0.034723 0.010291

0.034796 0.004942

0.034951 0.011449

0.034777 0.00852

0.034573 0.015224

0.03229 0.012649

0.034196 0.005283

0.032139 0.00705

0.03459 0.010892

0.033499 0.019762

0.034728 0.005131

0.034617 0.007591

0.032652 0.009143

0.032745 0.010378

0.032153 0.013515

0.032932 0.013572

0.034676 0.008329

0.034638 0.005653

0.034946 0.010371

0.032763 0.010872

0.032277 0.01203

0.034587 0.008718

0.032245 0.01475

0.034574 0.013257

0.032929 0.012323

0.034584 0.010067

0.034761 0.014871

0.032074 0.011269

0.034589 0.010908

0.034541 0.010345

0.03217 0.011749

0.032092 0.013172

0.033048 0.010205

0.032062 0.020596

0.032064 0.011653

0.034897 0.008543

0.03503 0.011968

0.032114 0.008679

0.03293 0.014193

0.030887 0.009333

0.03515 0.017635

0.034671 0.010287

0.032236 0.00846

0.032311 0.012937

0.034616 0.008464

0.034679 0.009278

0.034562 0.00829

0.034541 0.004565

0.034542 0.008169

0.033789 0.008169

0.034594 0.006803

0.032032 0.01311

0.032782 0.007258

0.032746 0.010025

0.032257 0.014571

0.032277 0.0132

0.032211 0.006858

0.032166 0.009913

0.034747 0.010788

0.03293 0.012071

0.034832 0.012037

0.034614 0.008819

0.034673 0.009571

0.033069 0.005358

0.034723 0.008746

0.032152 0.005334

0.033662 0.004698

0.034611 0.012924

0.0347 0.00847

0.034725 0.006059

0.03542 0.007495

0.034688 0.00619

0.032912 0.00864

0.033544 0.017268

0.032256 0.008615

0.032627 0.012018

0.034821 0.010135

0.03221 0.009625

0.032236 0.007907

0.034639 0.005943

0.034571 0.017538

0.03464 0.012504

0.032416 0.009043

0.035178 0.006848

0.032207 0.006604

0.0347 0.014824

0.032107 0.010811

0.033835 0.006002

0.032067 0.008936

0.034738 0.014228

0.032291 0.011239

0.034571 0.009339

0.032313 0.007382

0.032251 0.01241

0.033054 0.006521

0.033248 0.005526

0.034629 0.007684

0.034568 0.008799

0.034548 0.006001

0.034588 0.007509

0.034133 0.010301

0.034639 0.008989

0.034707 0.007371

0.034703 0.005222

0.033274 0.00407

0.032248 0.012882

0.032072 0.00774

0.034685 0.0162

0.034566 0.006426

0.032172 0.011182

0.03203 0.005843

0.034602 0.006959

0.034616 0.009565

0.033096 0.012037

0.034617 0.012621

0.032927 0.013102

0.032193 0.015436

0.034589 0.013317

0.034611 0.008429

0.034557 0.006168

0.034741 0.01012

0.032831 0.010838

0.03227 0.008296

0.031777 0.013324

0.032276 0.004364

0.033423 0.009416

0.034629 0.014275

0.03453 0.00927

0.032129 0.007577

0.032252 0.009631

0.033398 0.014141

0.034592 0.008532

0.034642 0.004952

0.034655 0.015121

0.034645 0.004748

0.032872 0.00977

0.034605 0.007135

0.034682 0.012054

0.034613 0.006239

0.034826 0.006911

0.03453 0.015801

0.034773 0.010371

0.034665 0.011883

0.032121 0.020102

0.032973 0.007744

0.034617 0.008232

0.034657 0.016574

0.032906 0.008455

0.032178 0.005242

0.032192 0.008317

0.032119 0.007562

0.035349 0.017297

0.030812 0.013068

0.032072 0.010242

0.034546 0.016435

0.034815 0.007493

0.034706 0.016877

0.032931 0.010115

0.033303 0.014869

0.03463 0.005547

0.032644 0.010972

0.034546 0.007696

0.032193 0.00951

0.033004 0.009132

0.034625 0.008202

0.034589 0.005508

0.034674 0.005894

0.034692 0.008511

0.034115 0.014228

0.03266 0.006089

0.032791 0.006291

0.030964 0.006524

0.03213 0.007113

0.034699 0.0064

0.032103 0.014483

0.034882 0.010912

0.034589 0.006279

0.034776 0.007149

0.034636 0.01018

0.032017 0.006792

0.032939 0.011451

0.035037 0.009496

0.034594 0.014538

0.032112 0.012889

0.03208 0.006221

