0.0085 2e-06

0.009134 3e-06

0.008078 3e-06

0.008442 2e-06

0.008409 2e-06

0.008571 2e-06

0.008559 3e-06

0.008455 3e-06

0.008331 2e-06

0.00839 3e-06

0.008414 2e-06

0.009124 3e-06

0.008359 2e-06

0.008346 3e-06

0.008169 2e-06

0.008163 2e-06

0.008357 2e-06

0.008327 3e-06

0.008382 2e-06

0.008356 4e-06

0.008392 3e-06

0.008098 2e-06

0.009056 3e-06

0.008033 2e-06

0.008365 2e-06

0.00877 3e-06

0.00802 3e-06

0.008039 3e-06

0.008379 4e-06

0.00806 2e-06

0.008343 2e-06

0.009025 3e-06

0.009133 2e-06

0.007995 1e-06

0.008291 3e-06

0.00863 3e-06

0.008307 3e-06

0.008451 3e-06

0.008437 2e-06

0.007999 2e-06

0.008317 4e-06

0.008378 2e-06

0.008389 3e-06

0.008412 2e-06

0.008446 2e-06

0.008358 2e-06

0.008037 2e-06

0.009121 1e-06

0.008009 2e-06

0.008376 2e-06

0.008096 3e-06

0.007985 2e-06

0.009073 3e-06

0.008003 2e-06

0.009107 3e-06

0.008462 2e-06

0.008033 3e-06

0.008407 2e-06

0.008263 3e-06

0.007976 2e-06

0.008025 3e-06

0.008295 4e-06

0.00831 2e-06

0.008137 2e-06

0.008361 3e-06

0.009147 2e-06

0.008389 2e-06

0.00836 2e-06

0.009069 3e-06

0.008605 2e-06

0.008516 2e-06

0.00834 2e-06

0.008397 2e-06

0.008043 3e-06

0.008028 1e-06

0.008397 1e-06

0.008008 2e-06

0.008573 3e-06

0.008403 2e-06

0.008367 3e-06

0.008059 3e-06

0.008415 2e-06

0.008316 3e-06

0.00809 2e-06

0.008064 4e-06

0.008594 2e-06

0.008369 3e-06

0.008381 1e-06

0.008526 3e-06

0.008419 2e-06

0.008407 3e-06

0.008323 2e-06

0.007958 3e-06

0.008394 2e-06

0.008117 2e-06

0.008 2e-06

0.008367 2e-06

0.008404 2e-06

0.008311 2e-06

0.008184 3e-06

0.008416 2e-06

0.00857 2e-06

0.008406 2e-06

0.008072 2e-06

0.009021 2e-06

0.008412 2e-06

0.008434 3e-06

0.008583 2e-06

0.008065 2e-06

0.0083 2e-06

0.00845 3e-06

0.008462 2e-06

0.008339 2e-06

0.008384 2e-06

0.008045 2e-06

0.008339 3e-06

0.008037 3e-06

0.008143 3e-06

0.008116 2e-06

0.008003 3e-06

0.008074 3e-06

0.008012 2e-06

0.008377 3e-06

0.009268 2e-06

0.008003 2e-06

0.008094 3e-06

0.008294 2e-06

0.008379 3e-06

0.008393 2e-06

0.008395 2e-06

0.008639 2e-06

0.008167 2e-06

0.008389 2e-06

0.008028 2e-06

0.008028 2e-06

0.007972 3e-06

0.008446 1e-06

0.007978 1e-06

0.008021 3e-06

0.008032 3e-06

0.008373 2e-06

0.008374 3e-06

0.007995 2e-06

0.00833 2e-06

0.008356 3e-06

0.008345 3e-06

0.008343 2e-06

0.008385 3e-06

0.008027 3e-06

0.008651 2e-06

0.008514 3e-06

0.008396 2e-06

0.008021 2e-06

0.008368 2e-06

0.008021 2e-06

0.009109 3e-06

0.007988 2e-06

0.009061 1e-06

0.008006 3e-06

0.008282 2e-06

0.008418 3e-06

0.008612 2e-06

0.008397 4e-06

0.008388 1e-06

0.008039 2e-06

0.008018 3e-06

0.008118 2e-06

0.008347 1e-06

0.008369 2e-06

0.008006 2e-06

0.008394 4e-06

0.008429 2e-06

0.00847 2e-06

0.009128 3e-06

0.008399 2e-06

0.008472 2e-06

0.007963 2e-06

0.00813 3e-06

0.00838 3e-06

0.008361 2e-06

0.00837 2e-06

0.008355 2e-06

0.008329 3e-06

0.008008 3e-06

0.008079 3e-06

0.008399 3e-06

0.008375 2e-06

0.008372 3e-06

0.00861 2e-06

0.008017 3e-06

0.008419 4e-06

0.00843 2e-06

0.008016 2e-06

0.008148 3e-06

0.008454 3e-06

0.008018 2e-06

0.008053 3e-06

0.008435 2e-06

0.008304 2e-06

0.008578 2e-06

0.008017 3e-06

0.007978 3e-06

0.008045 2e-06

0.008031 2e-06

0.008081 3e-06

0.008013 2e-06

0.009074 2e-06

0.008029 2e-06

0.008032 3e-06

0.008415 3e-06

0.008095 3e-06

0.008379 1e-06

0.008033 2e-06

0.008359 3e-06

0.008285 2e-06

0.008007 2e-06

0.008027 3e-06

0.00908 2e-06

0.008346 2e-06

0.008692 3e-06

0.008445 3e-06

0.008469 2e-06

0.008353 2e-06

0.008354 2e-06

0.00842 2e-06

0.008317 3e-06

0.00836 2e-06

0.008122 4e-06

0.008408 3e-06

0.008328 3e-06

0.008033 3e-06

0.008014 2e-06

0.008031 3e-06

0.008516 4e-06

0.009018 3e-06

0.008567 3e-06

0.008378 2e-06

0.008025 2e-06

0.008449 3e-06

0.008392 2e-06

0.008027 2e-06

0.008076 2e-06

0.008364 3e-06

0.008051 2e-06

0.008349 1e-06

0.009019 3e-06

0.008083 3e-06

0.008586 3e-06

0.008406 3e-06

0.008434 2e-06

0.008407 2e-06

0.008012 2e-06

0.008616 3e-06

0.008339 2e-06

0.008003 4e-06

0.008551 2e-06

0.009019 3e-06

0.008073 4e-06

0.008347 3e-06

0.008366 2e-06

0.00865 3e-06

0.008403 2e-06

0.008384 3e-06

0.008421 2e-06

0.008043 3e-06

0.009032 2e-06

0.008425 3e-06

0.008411 2e-06

0.008309 2e-06

0.008001 4e-06

0.008018 3e-06

0.009068 2e-06

0.008027 2e-06

0.008003 3e-06

0.008007 2e-06

0.008329 4e-06

0.008388 2e-06

0.008421 3e-06

0.00858 3e-06

0.008382 2e-06

0.008325 3e-06

0.0084 6e-06

0.008566 3e-06

0.008543 3e-06

0.008599 2e-06

0.008609 2e-06

0.008343 3e-06

0.008336 2e-06

0.00801 2e-06

0.008367 1e-06

0.008332 2e-06

0.008346 2e-06

0.008455 3e-06

0.008397 2e-06

0.00849 2e-06

0.008003 2e-06

0.008282 1e-06

0.008429 3e-06

0.008141 2e-06

0.008282 3e-06

0.008438 3e-06

0.009053 2e-06

0.008322 3e-06

0.008505 2e-06

0.008 3e-06

0.008003 3e-06

0.008391 3e-06

0.008083 2e-06

0.008037 4e-06

0.009052 2e-06

0.00853 2e-06

0.008364 2e-06

0.008456 4e-06

0.008019 2e-06

0.008431 3e-06

0.007992 3e-06

0.008358 2e-06

0.0084 3e-06

0.008417 3e-06

0.008119 2e-06

0.008017 3e-06

0.008295 2e-06

0.008355 3e-06

0.008059 3e-06

0.00841 2e-06

0.008051 2e-06

0.008401 2e-06

0.008025 3e-06

0.008389 2e-06

0.008295 2e-06

0.008428 2e-06

0.009066 2e-06

0.008298 2e-06

0.008025 3e-06

0.00843 2e-06

0.008524 4e-06

0.008266 2e-06

0.008179 3e-06

0.008542 3e-06

0.00819 3e-06

0.00822 3e-06

0.008025 2e-06

0.008404 3e-06

0.008582 3e-06

0.008163 3e-06

0.00855 2e-06

0.008538 3e-06

0.008537 2e-06

0.008756 1.7e-05

0.008535 3e-06

0.008562 3e-06

0.008539 2e-06

0.009226 3e-06

0.008054 2e-06

0.007981 3e-06

0.008562 3e-06

0.008558 3e-06

0.008774 3e-06

0.008532 3e-06

0.008169 3e-06

0.008189 5e-06

0.008823 2e-06

0.008459 2e-06

0.008532 3e-06

0.008484 2e-06

0.008164 3e-06

0.008049 2e-06

0.008388 2e-06

0.008336 1e-06

0.007992 3e-06

0.008462 2e-06

0.008359 2e-06

0.008005 2e-06

0.00851 3e-06

0.008063 2e-06

0.008435 2e-06

0.008262 2e-06

0.008121 4e-06

0.009254 3e-06

0.008307 3e-06

0.008574 2e-06

0.009291 2e-06

0.008552 4e-06

0.00865 3e-06

0.008591 3e-06

0.008762 4e-06

0.008235 2e-06

0.009092 2e-06

0.008034 2e-06

0.008361 2e-06

0.008384 3e-06

0.008356 2e-06

0.008404 2e-06

0.008528 2e-06

0.008775 2e-06

0.008567 3e-06

0.009462 3e-06

0.008767 4e-06

0.008773 3e-06

0.008208 3e-06

0.008538 3e-06

0.008681 2e-06

0.008289 3e-06

0.009259 3e-06

0.008564 3e-06

0.008689 3e-06

0.008612 3e-06

0.009045 3e-06

0.008479 3e-06

0.008424 3e-06

0.008599 2e-06

0.008718 4e-06

0.008789 2e-06

0.008201 3e-06

0.008831 2e-06

0.008633 3e-06

0.008148 2e-06

0.008637 2e-06

0.008545 4e-06

0.008006 2e-06

0.008695 4e-06

0.008591 2e-06

0.008591 2e-06

0.008271 2e-06

0.008872 1.7e-05

0.008158 3e-06

0.008123 4e-06

0.008281 4e-06

0.008562 4e-06

0.008235 3e-06

0.008305 3e-06

0.008555 3e-06

0.009187 3e-06

0.008275 4e-06

0.00886 2e-06

0.008505 3e-06

0.008989 2e-06

0.008576 4e-06

0.008472 2e-06

0.008582 2e-06

0.008618 1.9e-05

0.00927 5e-06

0.00928 4e-06

0.009077 4e-06

0.008852 3e-06

0.00883 3e-06

0.008646 5e-06

0.008932 5e-06

0.009485 2e-06

0.008637 2e-06

0.00853 2e-06

0.008393 4e-06

0.008403 2e-06

0.009221 4e-06

0.008408 7e-06

0.00845 4e-06

0.008193 2e-06

0.008582 2e-06

0.008747 2e-06

0.008619 3e-06

0.00829 4e-06

0.008988 3e-06

0.008319 5e-06

0.008186 5e-06

0.009509 5e-06

0.008623 3e-06

0.00806 3e-06

0.008266 2e-06

0.00891 2e-06

0.009532 3e-06

0.008178 3e-06

0.008463 4e-06

0.008602 3e-06

0.008148 3e-06

0.008426 3e-06

0.008842 4e-06

0.008711 3e-06

0.008418 4e-06

0.008498 3e-06

0.008379 4e-06

0.008826 3e-06

0.008579 4e-06

0.00874 3e-06

0.00807 3e-06

0.008046 3e-06

0.00849 5e-06

0.008437 2e-06

0.008463 4e-06

0.008467 3e-06

0.008414 3e-06

0.008337 9e-06

0.008325 4e-06

0.008707 4e-06

0.008526 2e-06

0.010897 4e-06

0.010293 4e-06

0.008794 4e-06

0.008679 4e-06

0.008596 3e-06

0.008194 3e-06

0.009046 2e-06

0.009612 3e-06

0.011306 3e-06

0.00829 3e-06

0.008573 4e-06

0.008714 5e-06

0.009426 3e-06

0.009114 4e-06

0.008571 4e-06

0.008215 5e-06

0.009169 4e-06

0.009258 3e-06

0.008652 4e-06

0.008545 2e-06

0.009707 3e-06

0.009264 4e-06

0.008188 4e-06

0.0082 4e-06

0.008565 3e-06

0.008211 3e-06

0.008591 3e-06

0.009494 5e-06

0.008374 3e-06

0.009253 4e-06

0.008199 4e-06

0.008909 4e-06

0.008602 4e-06

0.008153 4e-06

0.009116 4e-06

0.00865 2e-06

0.008609 3e-06

0.008659 5e-06

0.008959 3e-06

0.008213 2e-06

0.008444 2e-06

0.008813 3e-06

0.008068 3e-06

0.008414 3e-06

0.008427 3e-06

0.008579 4e-06

0.008192 4e-06

0.008611 3e-06

0.008221 4e-06

0.00814 3e-06

0.008577 2e-06

0.008634 3e-06

0.012903 4e-06

0.008511 4e-06

0.008766 3e-06

0.008919 3e-06

0.008561 2e-06

0.008534 3e-06

0.008807 3e-06

0.008916 3e-06

0.008504 3e-06

0.008425 2e-06

0.008124 2e-06

0.008011 4e-06

0.008377 3e-06

0.008427 3e-06

0.008388 2e-06

0.008681 3e-06

0.008176 2e-06

0.008575 1e-06

0.008663 4e-06

0.008338 3e-06

0.008562 3e-06

0.009281 3e-06

0.009622 5e-06

0.009934 3e-06

0.009061 3e-06

0.0091 2e-06

0.008574 3e-06

0.009734 3e-06

0.008954 5e-06

0.008817 4e-06

0.008832 4e-06

0.008572 3e-06

0.009203 3e-06

0.009194 3e-06

0.008632 2e-06

0.008611 3e-06

0.008209 3e-06

0.008686 4e-06

0.008616 3e-06

0.008321 4e-06

0.008257 4e-06

0.00929 2e-06

0.0087 3e-06

0.008782 4e-06

0.008816 4e-06

0.008228 3e-06

0.008374 1e-06

0.008346 3e-06

0.008572 3e-06

0.008395 2e-06

0.008366 2e-06

0.008345 2e-06

0.008557 2e-06

0.008442 2e-06

0.008031 3e-06

0.00878 4e-06

0.008321 2e-06

0.008265 2e-06

0.008596 5e-06

0.008215 3e-06

0.008289 4e-06

0.008554 4e-06

0.008943 3e-06

0.008549 4e-06

0.008673 3e-06

0.008594 3e-06

0.008217 3e-06

0.008596 2e-06

0.008934 2e-06

0.008828 2e-06

0.009312 4e-06

0.008576 4e-06

0.008893 3e-06

0.008887 4e-06

0.008104 3e-06

0.008936 4e-06

0.008926 2e-06

0.008273 5e-06

0.008608 2e-06

0.00858 3e-06

0.008762 3e-06

0.008571 3e-06

0.009079 3e-06

0.008379 2e-06

0.008411 3e-06

0.008405 2e-06

0.00804 2e-06

0.009071 2e-06

0.008306 2e-06

0.008375 2e-06

0.008058 3e-06

0.009347 2e-06

0.008438 5e-06

0.010158 4e-06

0.009577 3e-06

0.00866 3e-06

0.008769 5e-06

0.009556 4e-06

0.009678 4e-06

0.008706 4e-06

0.009566 4e-06

0.008231 4e-06

0.008259 5e-06

0.008426 3e-06

0.008757 3e-06

0.008865 3e-06

0.008611 4e-06

0.008232 2e-06

0.008297 3e-06

0.008612 3e-06

0.008588 3e-06

0.00886 2e-06

0.008547 3e-06

0.00798 2e-06

0.008706 6e-06

0.008606 3e-06

0.00907 2e-06

0.008416 5e-06

0.008162 2e-06

0.008017 3e-06

0.008357 2e-06

0.008345 3e-06

0.008642 3e-06

0.008012 2e-06

0.008037 2e-06

0.008515 3e-06

0.008365 2e-06

0.008031 2e-06

0.008505 2e-06

0.009045 4e-06

0.008709 5e-06

0.008638 3e-06

0.008338 4e-06

0.00823 3e-06

0.00866 3e-06

0.008239 4e-06

0.008605 2e-06

0.008071 3e-06

0.008579 3e-06

0.00863 2e-06

0.008448 2e-06

0.00846 2e-06

0.008055 5e-06

0.008094 2e-06

0.007985 2e-06

0.00916 2e-06

0.008337 2e-06

0.008355 2e-06

0.008398 4e-06

0.008103 3e-06

0.008314 3e-06

0.008422 3e-06

0.00878 4e-06

0.008613 2e-06

0.00867 2e-06

0.008659 2e-06

0.008248 3e-06

0.008705 2e-06

0.009111 3e-06

0.00911 2e-06

0.007995 3e-06

0.008719 3e-06

0.00837 3e-06

0.008138 3e-06

0.008122 2e-06

0.008441 2e-06

0.008343 2e-06

0.008059 3e-06

0.008406 3e-06

0.009099 2e-06

0.008408 3e-06

0.008394 4e-06

0.00864 2e-06

0.008012 1e-06

0.008376 3e-06

0.008375 3e-06

0.008041 2e-06

0.00796 2e-06

0.008682 3e-06

0.009081 3e-06

0.008016 2e-06

0.008448 2e-06

0.00849 3e-06

0.008404 2e-06

0.008327 2e-06

0.008472 3e-06

0.008442 4e-06

0.008409 2e-06

0.008042 2e-06

0.008463 3e-06

0.008418 2e-06

0.008041 3e-06

0.008097 3e-06

0.008591 2e-06

0.008016 3e-06

0.00833 2e-06

0.008439 3e-06

0.008398 3e-06

0.008375 2e-06

0.008213 2e-06

0.008465 2e-06

0.008027 2e-06

0.0084 2e-06

0.009042 2e-06

0.008381 2e-06

0.008322 3e-06

0.008024 2e-06

0.008308 2e-06

0.009088 2e-06

0.008121 2e-06

0.008441 3e-06

0.008057 2e-06

0.009171 3e-06

0.008049 2e-06

0.00857 3e-06

0.008005 2e-06

0.007999 2e-06

0.008015 2e-06

0.008103 3e-06

0.008098 3e-06

0.008428 3e-06

0.008332 1e-06

0.008362 3e-06

0.008033 4e-06

0.007974 3e-06

0.007991 2e-06

0.008423 2e-06

0.008395 2e-06

0.008434 2e-06

0.008 2e-06

0.00907 2e-06

0.00859 3e-06

0.008081 3e-06

0.008377 2e-06

0.008097 4e-06

0.008362 2e-06

0.008088 2e-06

0.00845 2e-06

0.008047 2e-06

0.00799 3e-06

0.008392 4e-06

0.008345 2e-06

0.009099 2e-06

0.008387 3e-06

0.008434 2e-06

0.008462 3e-06

0.00807 3e-06

0.008294 2e-06

0.009044 2e-06

0.008372 4e-06

0.00838 3e-06

0.00906 3e-06

0.008006 3e-06

0.008567 2e-06

0.008463 2e-06

0.008383 3e-06

0.008355 2e-06

0.009105 2e-06

0.007986 3e-06

0.008011 2e-06

0.00838 2e-06

0.008324 3e-06

0.008315 2e-06

0.007971 2e-06

0.008358 2e-06

0.008454 2e-06

0.008008 3e-06

0.008049 2e-06

0.008581 2e-06

0.008338 2e-06

0.008335 2e-06

0.008042 2e-06

0.00842 3e-06

0.008488 3e-06

0.008396 3e-06

0.008401 2e-06

0.008396 2e-06

0.008369 2e-06

0.007966 1e-06

0.008644 3e-06

0.008381 3e-06

0.008404 3e-06

0.008093 2e-06

0.008372 3e-06

0.008361 1e-06

0.008392 1e-06

0.008018 4e-06

0.008061 4e-06

0.008005 2e-06

0.008005 1e-06

0.008372 3e-06

0.008476 2e-06

0.008307 1e-06

0.008411 3e-06

0.009039 3e-06

0.007971 3e-06

0.008055 3e-06

0.008329 2e-06

0.008404 3e-06

0.008413 2e-06

0.008611 3e-06

0.008029 3e-06

0.008052 2e-06

0.008377 3e-06

0.008772 3e-06

0.008213 3e-06

0.008355 3e-06

0.008352 3e-06

0.008354 2e-06

0.008502 3e-06

0.008056 2e-06

0.008392 3e-06

0.008321 2e-06

0.008367 2e-06

0.007967 2e-06

0.009071 3e-06

0.008016 2e-06

0.007985 2e-06

0.008391 2e-06

0.009105 2e-06

0.008035 2e-06

0.008016 2e-06

0.008023 2e-06

0.00832 2e-06

0.008002 3e-06

0.008328 3e-06

0.00904 2e-06

0.008372 2e-06

0.009079 1e-06

0.008364 1e-06

0.00804 2e-06

0.008592 3e-06

0.008076 3e-06

0.008573 3e-06

0.007974 3e-06

0.008403 1e-06

0.007982 2e-06

0.008442 2e-06

0.009087 2e-06

0.008396 3e-06

0.008433 5e-06

0.008123 2e-06

0.008584 3e-06

0.008378 2e-06

0.00839 4e-06

0.008381 3e-06

0.0081 3e-06

0.008587 2e-06

0.008397 3e-06

0.008368 2e-06

0.008245 4e-06

0.009016 3e-06

0.009463 4e-06

0.008485 5e-06

0.007991 3e-06

0.008359 3e-06

0.008327 3e-06

0.008083 3e-06

0.007877 2e-06

0.008257 3e-06

0.008286 3e-06

0.008394 3e-06

0.008309 3e-06

0.008225 3e-06

0.007963 2e-06

0.008876 2e-06

0.00831 2e-06

0.008268 2e-06

0.007949 2e-06

0.008256 2e-06

0.008409 2e-06

0.008226 3e-06

0.00794 2e-06

0.008246 1e-06

0.008278 2e-06

0.008226 3e-06

0.008463 2e-06

0.008248 2e-06

0.008424 2e-06

0.008281 3e-06

0.008287 2e-06

0.008217 2e-06

0.008375 3e-06

0.007897 3e-06

0.008232 2e-06

0.008248 2e-06

0.008262 2e-06

0.007894 3e-06

0.0082 1e-06

0.008413 3e-06

0.008297 3e-06

0.008268 2e-06

0.008451 2e-06

0.008234 3e-06

0.007948 2e-06

0.00819 2e-06

0.008225 2e-06

0.00827 2e-06

0.007917 1e-06

0.008263 2e-06

0.007936 2e-06

0.007925 1e-06

0.008905 2e-06

0.008245 2e-06

0.008245 3e-06

0.008238 3e-06

0.007966 3e-06

0.008217 2e-06

0.008196 2e-06

0.007867 2e-06

0.007948 2e-06

0.008929 2e-06

0.00825 2e-06

0.008886 2e-06

0.008255 2e-06

0.008219 1e-06

0.008226 2e-06

0.007878 3e-06

0.008518 3e-06

0.008307 2e-06

0.008503 1e-06

0.008205 1e-06

0.007885 3e-06

0.007906 2e-06

0.007919 2e-06

0.008262 3e-06

0.008206 1e-06

0.007919 1e-06

0.008241 3e-06

0.008271 3e-06

0.008229 2e-06

0.0083 3e-06

0.00824 2e-06

0.008261 2e-06

0.007931 2e-06

0.008152 2e-06

0.008246 3e-06

0.007941 2e-06

0.008378 3e-06

0.008259 3e-06

0.008178 4e-06

0.008265 3e-06

0.007879 3e-06

0.008865 4e-06

0.00824 3e-06

0.008197 1e-06

0.007911 2e-06

0.00834 2e-06

0.007918 3e-06

0.007992 2e-06

0.007894 3e-06

0.008231 3e-06

0.008269 2e-06

0.008226 2e-06

