0.001248 0.000505

0.001244 0.000489

0.001217 0.000448

0.001213 0.000433

0.001224 0.000424

0.001216 0.000511

0.001219 0.000472

0.001201 0.000437

0.001221 0.000522

0.001216 0.000531

0.001236 0.000472

0.001242 0.00049

0.001253 0.000451

0.001232 0.000482

0.001253 0.000469

0.001218 0.000519

0.001221 0.000367

0.00121 0.000454

0.001221 0.000516

0.001238 0.000487

0.001285 0.000424

0.001226 0.000471

0.001217 0.000486

0.001224 0.000512

0.001219 0.000445

0.001211 0.00041

0.001242 0.000487

0.001204 0.000483

0.00123 0.000486

0.0013 0.000503

0.001233 0.000459

0.001217 0.000429

0.001255 0.000513

0.001252 0.000463

0.001224 0.000424

0.001209 0.000478

0.001215 0.000502

0.001238 0.000444

0.001222 0.000471

0.001223 0.000446

0.00124 0.000482

0.001216 0.000521

0.001222 0.000495

0.001211 0.000373

0.001248 0.000404

0.00123 0.00047

0.001225 0.00047

0.001251 0.000454

0.001225 0.000501

0.001275 0.000487

0.001232 0.000409

0.001216 0.000494

0.001227 0.000512

0.001222 0.000457

0.001226 0.0005

0.001207 0.000486

0.001216 0.000501

0.001213 0.000493

0.001264 0.000508

0.001203 0.000413

0.001234 0.000452

0.001282 0.00045

0.001224 0.000465

0.00121 0.000422

0.001242 0.000504

0.001205 0.000457

0.001225 0.000448

0.001226 0.000419

0.001232 0.000453

0.001218 0.000449

0.001253 0.000423

0.001205 0.00038

0.001214 0.000505

0.001206 0.000509

0.001237 0.000367

0.001257 0.000485

0.001215 0.000477

0.001219 0.000442

0.001211 0.000466

0.001217 0.000407

0.001217 0.000476

0.001223 0.000413

0.00125 0.000465

0.00121 0.000524

0.001241 0.000515

0.001203 0.000429

0.001234 0.000506

0.001202 0.000425

0.001219 0.000473

0.001223 0.000453

0.001215 0.000501

0.001213 0.000437

0.001248 0.000447

0.001214 0.000488

0.001266 0.000467

0.001209 0.000495

0.00122 0.000432

0.001213 0.000431

0.001216 0.00044

0.001296 0.000496

0.001224 0.000399

0.001242 0.000434

0.00121 0.000385

0.001214 0.000446

0.001219 0.000491

0.001235 0.00045

0.001242 0.000498

0.001216 0.000489

0.001223 0.000416

0.001245 0.000428

0.001217 0.000458

0.001215 0.000416

0.001213 0.000518

0.001208 0.000459

0.001262 0.000398

0.001213 0.000424

0.001217 0.000522

0.001207 0.000487

0.001219 0.00043

0.001206 0.000431

0.001215 0.00051

0.001211 0.000484

0.001212 0.000508

0.001281 0.000469

0.001214 0.000479

0.001219 0.000498

0.001226 0.000421

0.001211 0.000396

0.001215 0.000523

0.001234 0.000434

0.001252 0.000489

0.001216 0.000472

0.001256 0.000508

0.001245 0.000383

0.001221 0.00049

0.001202 0.000435

0.001223 0.000424

0.001244 0.000499

0.001253 0.000475

0.001226 0.000493

0.001226 0.000439

0.001207 0.000465

0.001245 0.00038

0.001249 0.000469

0.001219 0.000395

0.001219 0.000471

0.001218 0.000476

0.001213 0.000516

0.001232 0.000476

0.001237 0.000475

0.001219 0.000447

0.001203 0.000492

0.001219 0.000441

0.001208 0.000496

0.001224 0.000447

0.001213 0.000527

0.001212 0.000456

0.001218 0.000487

0.001214 0.000537

0.001221 0.000456

0.001238 0.000479

0.001236 0.000495

0.001222 0.000497

0.00122 0.000454

0.00121 0.000419

0.001227 0.000435

0.001255 0.000471

0.001217 0.00042

0.001225 0.000468

0.001221 0.000471

0.001228 0.000512

0.001208 0.000488

0.001214 0.000375

0.001206 0.000418

0.001277 0.000508

0.001209 0.000504

0.001222 0.000432

0.001244 0.000431

0.001238 0.000512

0.001204 0.000511

0.00125 0.000544

0.001204 0.000522

0.001226 0.000446

0.001202 0.000425

0.001211 0.000483

0.001216 0.000491

0.001225 0.000457

0.001215 0.000463

0.001268 0.000413

0.001211 0.000422

0.001213 0.000435

0.00124 0.000422

0.001216 0.000492

0.001238 0.000438

0.001216 0.000446

0.001196 0.000429

0.001212 0.000473

0.001229 0.00045

0.001265 0.000453

0.001214 0.000512

0.001302 0.000503

0.00122 0.000506

0.001224 0.000495

0.001208 0.000398

0.001214 0.000465

0.001217 0.000523

0.001223 0.000385

0.001244 0.000465

0.001222 0.000391

0.001216 0.000489

0.001218 0.000408

0.001234 0.000421

0.001229 0.000408

0.001224 0.000512

0.00122 0.000408

0.001223 0.000451

0.001212 0.000495

0.001234 0.000494

0.0013 0.000497

0.001247 0.000494

0.001215 0.000429

0.001206 0.000468

0.001221 0.000449

0.001212 0.000472

0.001221 0.000442

0.001218 0.000427

0.001228 0.000392

0.001233 0.000455

0.00121 0.000487

0.001217 0.000444

0.001233 0.000536

0.001223 0.000506

0.001225 0.000471

0.001218 0.000501

0.001228 0.000431

0.001212 0.000498

0.001223 0.000523

0.00123 0.000481

0.001211 0.000474

0.001224 0.000376

0.001213 0.000391

0.001219 0.000473

0.00123 0.000514

0.001211 0.00043

0.001212 0.000493

0.001213 0.000438

0.001217 0.000511

0.00124 0.000396

0.00124 0.000443

0.001206 0.000411

0.001245 0.000446

0.001211 0.000464

0.001223 0.000485

0.001238 0.000487

0.001261 0.000478

0.001208 0.000432

0.001222 0.000498

0.001203 0.000445

0.001219 0.000503

0.001212 0.000526

0.001228 0.000453

0.001236 0.000476

0.001262 0.000445

0.001202 0.000511

0.001239 0.000503

0.001215 0.00046

0.00122 0.00047

0.001225 0.000524

0.00122 0.000478

0.001218 0.000535

0.001242 0.000516

0.001216 0.000478

0.001272 0.000533

0.001215 0.000499

0.001212 0.000518

0.001248 0.000476

0.001213 0.000565

0.001227 0.000396

0.001217 0.000439

0.001236 0.000415

0.001222 0.000508

0.001257 0.000455

0.001216 0.000475

0.001219 0.000504

0.001214 0.000478

0.001227 0.000532

0.001217 0.000382

0.001216 0.000493

0.001215 0.000475

0.001234 0.000444

0.00125 0.000518

0.001211 0.000514

0.001355 0.000442

0.001229 0.000455

0.001216 0.000493

0.001214 0.000413

0.001249 0.000474

0.001218 0.00047

0.001222 0.000461

0.001226 0.000478

0.001219 0.000502

0.001216 0.00051

0.001252 0.000548

0.001199 0.000486

0.001223 0.000481

0.001216 0.000425

0.001208 0.000457

0.001302 0.000453

0.001215 0.000413

0.001251 0.000501

0.0013 0.000521

0.001203 0.000486

0.001231 0.00047

0.001202 0.000382

0.001214 0.000482

0.001232 0.000459

0.00124 0.000459

0.001224 0.000468

0.001223 0.000435

0.001212 0.000439

0.001222 0.00048

0.001281 0.000498

0.001228 0.00045

0.001281 0.000517

0.001229 0.000443

0.001235 0.000442

0.001224 0.000483

0.001209 0.00045

0.001217 0.000469

0.001218 0.000419

0.001221 0.000405

0.001215 0.000368

0.00122 0.000519

0.001219 0.00051

0.001204 0.000395

0.001219 0.000529

0.001215 0.000492

0.001283 0.000456

0.001211 0.000465

0.00122 0.000433

0.001255 0.000493

0.001212 0.000433

0.001256 0.00046

0.001212 0.000399

0.001225 0.000519

0.001233 0.000441

0.001244 0.000469

0.001253 0.0005

0.001211 0.00054

0.001217 0.000467

0.00122 0.000497

0.001253 0.00045

0.001229 0.000406

0.001222 0.000503

0.001235 0.000509

0.00122 0.000436

0.001215 0.000528

0.001215 0.000428

0.00123 0.000424

0.001215 0.000434

0.001227 0.000507

0.001216 0.000517

0.001225 0.000509

0.00121 0.000484

0.001226 0.000478

0.001227 0.000487

0.001258 0.000474

0.00122 0.000445

0.001214 0.000385

0.001247 0.000427

0.001222 0.000493

0.001287 0.000514

0.001248 0.000403

0.001273 0.000464

0.001208 0.000411

0.001209 0.000474

0.001219 0.000412

0.001275 0.000491

0.001213 0.000421

0.001273 0.000448

0.001213 0.000456

0.001212 0.000515

0.001227 0.000498

0.001251 0.000475

0.001214 0.000429

0.001255 0.000515

0.001226 0.000506

0.001243 0.000509

0.001221 0.00054

0.001205 0.000547

0.001227 0.000505

0.001215 0.000485

0.00126 0.000427

0.001217 0.000495

0.001225 0.000516

0.001216 0.000491

0.001243 0.000532

0.001214 0.000407

0.00122 0.000489

0.001233 0.000433

0.001222 0.000433

0.001246 0.000488

0.001228 0.000459

0.001213 0.000494

0.001218 0.000453

0.001246 0.000414

0.001211 0.000519

0.001248 0.000449

0.001222 0.000479

0.001203 0.0004

0.001218 0.000455

0.001237 0.000474

0.00121 0.00048

0.001238 0.000397

0.001303 0.00047

0.001236 0.000412

0.001234 0.000486

0.001245 0.000491

0.00123 0.000417

0.001228 0.000523

0.001258 0.000496

0.001209 0.000455

0.001219 0.000415

0.001221 0.000495

0.001215 0.000479

0.001254 0.000475

0.00122 0.000506

0.001216 0.00042

0.001228 0.00046

0.001215 0.000469

0.001247 0.000512

0.001204 0.000474

0.001216 0.000492

0.001228 0.000495

0.001224 0.000479

0.001213 0.000498

0.001227 0.000464

0.001219 0.000494

0.001222 0.000493

0.001208 0.000409

0.001221 0.000436

0.001238 0.000408

0.001275 0.000442

0.001237 0.000396

0.001219 0.000514

0.001253 0.000419

0.001221 0.000436

0.001209 0.000488

0.001214 0.000428

0.001292 0.000478

0.001237 0.000478

0.001223 0.000452

0.001216 0.000473

0.001214 0.000446

0.001211 0.000481

0.001204 0.000469

0.00123 0.000484

0.001216 0.00051

0.001273 0.000485

0.00122 0.000422

0.001211 0.000502

0.001329 0.000519

0.001216 0.000489

0.001202 0.000478

0.001223 0.000431

0.001219 0.000451

0.001251 0.000571

0.001218 0.000467

0.001224 0.000478

0.00123 0.000464

0.001217 0.00047

0.001201 0.000433

0.001217 0.000469

0.00122 0.000449

0.001211 0.000488

0.001217 0.000469

0.001211 0.000475

0.001223 0.0005

0.00127 0.000423

0.001207 0.000462

0.00124 0.000462

0.001257 0.000463

0.001211 0.000408

0.001215 0.000453

0.001283 0.000417

0.001213 0.000393

0.001248 0.00046

0.00122 0.000475

0.001213 0.000445

0.001226 0.000406

0.001222 0.000492

0.001216 0.000478

0.001219 0.000506

0.001204 0.000487

0.001214 0.000389

0.001213 0.000499

0.001322 0.000452

0.001282 0.000495

0.001444 0.000471

0.001266 0.000522

0.001246 0.000428

0.001223 0.000384

0.001215 0.000544

0.00121 0.000474

0.001221 0.000446

0.001216 0.000536

0.001258 0.000459

0.001222 0.000503

0.001229 0.000489

0.001242 0.000453

0.001231 0.00039

0.001214 0.000516

0.001214 0.000537

0.001212 0.000432

0.001215 0.000545

0.00126 0.000512

0.001227 0.000461

0.001213 0.000472

0.001246 0.000512

0.001202 0.000502

0.001213 0.000465

0.001215 0.000493

0.001222 0.0005

0.00125 0.000468

0.001222 0.000456

0.001209 0.000472

0.001218 0.000463

0.001204 0.00045

0.001215 0.000425

0.001218 0.000515

0.001219 0.000429

0.001225 0.000453

0.001214 0.000447

0.001218 0.000705

0.001785 0.000569

0.001248 0.000392

0.001291 0.00048

0.001214 0.000442

0.001226 0.000444

0.001243 0.000525

0.001218 0.000442

0.00122 0.000447

0.001264 0.000502

0.001201 0.000442

0.001215 0.000513

0.001209 0.000536

0.001219 0.000404

0.001217 0.000507

0.001222 0.000395

0.001208 0.000357

0.001221 0.000515

0.001217 0.000456

0.001222 0.000499

0.001221 0.000481

0.001211 0.000444

0.001209 0.000513

0.001245 0.000517

0.001238 0.00049

0.001202 0.000429

0.001212 0.000415

0.001217 0.000518

0.001209 0.00042

0.00122 0.000435

0.001251 0.000417

0.001245 0.000421

0.001234 0.000449

0.00123 0.000487

0.001207 0.000487

0.001216 0.000491

0.001215 0.00045

0.001224 0.000508

0.001212 0.000392

0.001208 0.000458

0.001197 0.000465

0.001222 0.000441

0.001249 0.000434

0.001289 0.000493

0.00121 0.00046

0.001214 0.000452

0.001216 0.000499

0.001244 0.000519

0.001213 0.000454

0.001215 0.00048

0.001209 0.000519

0.001222 0.000472

0.001212 0.000454

0.00125 0.000519

0.001217 0.000508

0.001249 0.000477

0.001247 0.000491

0.001217 0.000497

0.001222 0.000438

0.001226 0.000433

0.001212 0.000473

0.001222 0.000413

0.001218 0.000494

0.001221 0.000515

0.001241 0.000482

0.001206 0.000494

0.001218 0.000476

0.00122 0.000493

0.001205 0.000514

0.001225 0.000367

0.001225 0.000478

0.001228 0.000445

0.001242 0.000524

0.001222 0.00043

0.001213 0.000478

0.001218 0.000464

0.001218 0.000485

0.001216 0.000496

0.001204 0.000473

0.00125 0.000429

0.001218 0.000469

0.001226 0.000529

0.001206 0.000489

0.001222 0.000468

0.001211 0.000389

0.001225 0.0004

0.001223 0.000481

0.001214 0.00044

0.001235 0.000455

0.001208 0.000433

0.001199 0.000422

0.001218 0.000449

0.001214 0.000506

0.001207 0.000422

0.001241 0.000445

0.001216 0.000458

0.001209 0.000518

0.00126 0.000495

0.001231 0.00052

0.001253 0.000419

0.001199 0.00051

0.001251 0.000443

0.001207 0.000502

0.001239 0.000488

0.00121 0.000508

0.00128 0.00052

0.001197 0.000516

0.001224 0.000545

0.001214 0.000426

0.001228 0.000489

0.001214 0.000503

0.001245 0.000489

0.001241 0.000383

0.001214 0.000518

0.001211 0.00044

0.001217 0.000439

0.00128 0.000503

0.001242 0.000478

0.001265 0.000442

0.001224 0.000486

0.001217 0.000493

0.001221 0.000406

0.00122 0.000462

0.001229 0.00049

0.001207 0.000386

0.001228 0.000424

0.001214 0.000472

0.001249 0.000441

0.001217 0.000398

0.001242 0.000503

0.001212 0.000468

0.001223 0.000492

0.001221 0.000483

0.001307 0.000468

0.001246 0.000445

0.001221 0.00045

0.001217 0.000477

0.001224 0.000432

0.001204 0.000454

0.001217 0.000403

0.001206 0.000492

0.001212 0.000458

0.001212 0.000442

0.001213 0.000475

0.00124 0.000438

0.001225 0.00051

0.001244 0.000465

0.001251 0.000442

0.001214 0.000463

0.001209 0.000499

0.001209 0.000476

0.001262 0.000503

0.00121 0.000487

0.001227 0.000384

0.001215 0.000473

0.001229 0.000487

0.00122 0.000506

0.001215 0.0004

0.001225 0.000473

0.001213 0.000459

0.001206 0.000401

0.001212 0.000417

0.001206 0.000505

0.001212 0.000454

0.001208 0.000459

0.001219 0.000458

0.001236 0.000471

0.001215 0.000353

0.001209 0.000448

0.001251 0.00053

0.00124 0.000479

0.001207 0.000469

0.001219 0.000491

0.001216 0.000467

0.001249 0.000459

0.001275 0.000472

0.001208 0.000436

0.001214 0.000445

0.001222 0.000517

0.001248 0.00044

0.001257 0.000412

0.001221 0.00052

0.001246 0.000424

0.001215 0.000512

0.001207 0.000424

0.00122 0.00053

0.001212 0.000435

0.00122 0.000479

0.001215 0.000462

0.001259 0.000489

0.001221 0.000438

0.001218 0.000508

0.001243 0.000425

0.001257 0.000486

0.001282 0.000547

0.001212 0.000374

0.001238 0.000494

0.001215 0.000493

0.001225 0.000495

0.001226 0.00039

0.001215 0.000508

0.001218 0.000421

0.001243 0.000523

0.001234 0.000516

0.001248 0.000435

0.001209 0.000462

0.001259 0.000509

0.001228 0.000509

0.001241 0.000458

0.001208 0.000499

0.001325 0.000438

0.001239 0.000398

0.001205 0.000531

0.001226 0.000451

0.001223 0.000491

0.001219 0.000451

0.001237 0.00043

0.00123 0.000429

0.001214 0.000488

0.001222 0.00042

0.00122 0.000398

0.001211 0.00052

0.00122 0.000467

0.001288 0.000531

0.001209 0.000415

0.00122 0.000398

0.0012 0.000432

0.001214 0.000403

0.001206 0.000528

0.001218 0.000459

0.001239 0.000375

0.001263 0.000466

0.001234 0.00051

0.001225 0.000423

0.00122 0.000431

0.001227 0.000392

0.001234 0.000389

0.001217 0.000466

0.001218 0.000472

0.001217 0.000434

0.001204 0.000444

0.001218 0.00042

0.001217 0.000463

0.001218 0.000498

0.001232 0.000473

0.00122 0.000467

0.001249 0.00051

0.001239 0.000512

0.001201 0.000465

0.001205 0.000528

0.001242 0.000403

0.001218 0.000481

0.001209 0.000451

0.001214 0.000494

0.001215 0.000447

0.001245 0.000449

0.001215 0.000387

0.00122 0.000428

0.001221 0.000488

0.001343 0.000442

0.001249 0.000427

0.001234 0.000473

0.00122 0.000425

0.001248 0.000494

0.001213 0.000453

0.00122 0.000502

0.00122 0.000483

0.001216 0.000511

0.001224 0.000506

0.001219 0.000482

0.00122 0.00046

0.001214 0.000457

0.001248 0.00043

0.001255 0.000513

0.001248 0.000503

0.00126 0.000468

0.0012 0.000482

0.001227 0.000448

0.001216 0.000479

0.00122 0.000484

0.001244 0.000488

0.001237 0.000389

0.001237 0.000443

0.001222 0.000465

0.001255 0.000447

0.001247 0.000506

0.001229 0.000458

0.001209 0.000511

0.001254 0.000392

0.001217 0.000435

0.001236 0.000407

0.001218 0.000433

0.001217 0.000488

0.001216 0.000555

0.001236 0.00046

0.001258 0.000374

0.001208 0.000501

0.001212 0.000487

0.001202 0.000458

0.001246 0.000514

0.001212 0.000483

0.001211 0.000507

0.001209 0.000418

0.001222 0.000482

0.001205 0.000423

0.001222 0.000405

0.00124 0.000477

0.001226 0.000433

0.001212 0.000498

0.001238 0.000504

0.001231 0.000521

0.001211 0.000478

0.001211 0.000437

0.001211 0.000518

0.001215 0.00048

0.001208 0.000494

0.001216 0.000448

0.001254 0.000492

0.001257 0.000453

0.001217 0.000491

0.001249 0.000514

0.001219 0.000495

0.001292 0.000471

0.001331 0.000512

0.001213 0.000414

0.001226 0.000464

0.001207 0.000512

0.001224 0.000514

0.001218 0.000507

0.001222 0.000474

0.001214 0.000422

0.001244 0.000465

0.001222 0.000444

0.001212 0.000379

0.00122 0.000519

0.001211 0.000459

0.00121 0.000427

0.00122 0.000496

0.001222 0.00043

0.001262 0.000467

0.001259 0.00054

0.001221 0.000392

0.001217 0.000511

0.001212 0.000472

0.001212 0.000421

0.001216 0.000441

0.001216 0.00043

0.001218 0.000453

0.001209 0.000464

0.00122 0.000489

0.00124 0.00047

0.00122 0.000405

0.001212 0.000488

0.001215 0.000445

0.001206 0.000406

0.001219 0.000478

0.001217 0.000451

0.001224 0.000524

0.001214 0.000485

0.001218 0.000516

0.001214 0.000426

0.001241 0.000483

0.001221 0.000466

0.001218 0.000507

0.00128 0.000477

0.00122 0.000436

0.001254 0.000492

0.001217 0.000523

0.001221 0.00049

0.001232 0.000513

0.001224 0.000404

0.00124 0.000512

0.001214 0.000454

0.001223 0.000464

0.001219 0.000413

0.001214 0.000536

0.001244 0.000453

0.001224 0.000476

0.001209 0.000412

0.001218 0.00052

0.001258 0.000477

0.001257 0.000405

0.001219 0.000519

0.001273 0.000473

0.001238 0.00043

0.001209 0.000442

0.001213 0.000406

0.001227 0.000435

0.001286 0.000433

0.00125 0.000416

0.001219 0.000449

0.001207 0.00051

0.001222 0.000467

0.00122 0.000453

0.00121 0.000495

0.001216 0.000448

0.001231 0.000499

0.001213 0.000464

0.001228 0.000527

0.001225 0.000434

0.001216 0.000427

0.001243 0.000484

0.001207 0.000512

0.001216 0.000464

0.001252 0.000487

0.001233 0.000494

0.001237 0.0005

0.00122 0.000429

0.001217 0.00039

0.001222 0.000509

0.001212 0.000487

0.001214 0.00045

0.001222 0.00049

0.001221 0.000488

0.001242 0.000448

0.001214 0.000486

0.0012 0.000483

0.001235 0.000474

0.001212 0.000415

0.001224 0.000471

0.001223 0.000468

0.001221 0.000465

0.00123 0.000452

0.001214 0.000483

0.001208 0.000453

0.001223 0.00051

0.001205 0.000361

0.00125 0.000498

0.001207 0.000444

0.001214 0.000422

0.001265 0.00047

0.001222 0.000448

0.001237 0.00043

0.001208 0.000439

0.001204 0.000481

0.001267 0.000539

0.001231 0.000486

0.001232 0.000444

0.001242 0.000443

0.001209 0.000487

0.001222 0.000427

0.00125 0.000464

0.001204 0.00044

0.001219 0.000528

0.001219 0.000485

0.001218 0.00048

0.001208 0.000499

0.001267 0.000483

0.001236 0.000478

0.001247 0.000517

0.001284 0.000472

0.001227 0.000417

0.001213 0.00046

0.001325 0.000509

0.001224 0.000515

0.001217 0.000452

0.001212 0.000519

0.001213 0.00051

0.00122 0.000483

0.00122 0.000415

0.001233 0.000434

0.001254 0.000395

0.00127 0.000424

0.001215 0.000495

0.001222 0.000484

0.001216 0.000501

0.001224 0.000409

