0.004385 1.1e-05

0.004313 1e-05

0.004332 1.2e-05

0.004469 1e-05

0.004404 1.2e-05

0.004465 1.1e-05

0.004359 9e-06

0.004397 1.1e-05

0.004338 9e-06

0.004398 9e-06

0.00433 9e-06

0.004338 1.3e-05

0.004322 2e-05

0.004892 2.2e-05

0.00439 1.6e-05

0.004392 1.6e-05

0.004473 1.1e-05

0.004482 1.4e-05

0.004316 1.3e-05

0.004378 1.7e-05

0.004368 1.5e-05

0.004384 1.2e-05

0.004344 9e-06

0.004358 1.2e-05

0.004379 1.3e-05

0.004361 1e-05

0.004395 1e-05

0.004346 1.7e-05

0.004336 1.1e-05

0.004386 1.2e-05

0.004341 1.1e-05

0.004369 1.2e-05

0.004333 1.2e-05

0.004359 1.7e-05

0.004365 1.3e-05

0.004358 1.4e-05

0.004373 1.2e-05

0.004333 9e-06

0.004353 1.2e-05

0.004341 1.1e-05

0.004325 1.1e-05

0.004325 1.1e-05

0.004352 1.2e-05

0.00439 1.2e-05

0.004354 2.8e-05

0.004352 1.1e-05

0.004398 1.2e-05

0.004322 9e-06

0.004342 1.3e-05

0.004318 1.1e-05

0.004367 1.2e-05

0.004297 1.4e-05

0.004291 1.2e-05

0.004333 1.1e-05

0.004333 9e-06

0.00434 1.3e-05

0.004291 9e-06

0.004325 1.2e-05

0.004388 1.5e-05

0.004307 1.5e-05

0.00433 1.4e-05

0.004354 1e-05

0.004362 1.4e-05

0.004375 1.3e-05

0.004363 1.5e-05

0.004386 9e-06

0.004398 1.1e-05

0.004303 1.3e-05

0.00435 1.6e-05

0.004318 1.1e-05

0.004397 1.2e-05

0.004349 1.2e-05

0.004327 1.2e-05

0.00438 1.2e-05

0.004361 1e-05

0.004336 1.6e-05

0.00435 8e-06

0.004324 8e-06

0.004362 1.6e-05

0.004352 1e-05

0.004363 1.2e-05

0.004338 1.1e-05

0.004347 1e-05

0.004354 8e-06

0.004433 1.2e-05

0.004325 1.3e-05

0.004384 1.9e-05

0.004363 1.4e-05

0.00434 1.2e-05

0.004368 1.4e-05

0.00437 1.1e-05

0.004339 1.3e-05

0.004395 1.2e-05

0.004361 1.2e-05

0.004321 1.1e-05

0.004342 1e-05

0.00433 1.6e-05

0.004409 1.5e-05

0.00438 1e-05

0.004316 1.5e-05

0.00437 1.3e-05

0.004356 1.2e-05

0.004315 9e-06

0.004336 1.1e-05

0.004356 1.7e-05

0.004359 1.6e-05

0.00435 1.3e-05

0.004375 1.1e-05

0.004394 1.5e-05

0.004345 1.5e-05

0.004311 1.2e-05

0.004363 1.6e-05

0.004378 1.6e-05

0.004423 1.4e-05

0.004349 1.4e-05

0.004347 1e-05

0.004376 9e-06

0.004316 1.3e-05

0.004335 1.1e-05

0.00436 1.3e-05

0.004383 1.3e-05

0.00432 1.2e-05

0.004271 1.2e-05

0.0044 1.5e-05

0.004397 1.2e-05

0.004347 1.3e-05

0.004335 1e-05

0.004348 1e-05

0.004353 1.2e-05

0.004351 1.2e-05

0.00434 1.1e-05

0.004354 1.1e-05

0.004377 1.1e-05

0.004328 1.1e-05

0.004331 1.6e-05

0.004349 1.4e-05

0.004358 1.1e-05

0.00431 1.2e-05

0.004456 1.4e-05

0.004421 1.4e-05

0.004412 1.1e-05

0.004427 3e-05

0.004437 1.7e-05

0.004542 1.4e-05

0.00442 1.7e-05

0.004324 1.3e-05

0.004321 1.6e-05

0.004358 1.4e-05

0.004412 1.6e-05

0.004387 1.4e-05

0.004334 1.1e-05

0.004399 1e-05

0.00434 1.3e-05

0.004335 1.2e-05

0.004398 1.1e-05

0.004345 1.4e-05

0.004389 1.1e-05

0.004323 1.5e-05

0.004335 1.1e-05

0.00437 1.2e-05

0.004392 1.4e-05

0.00433 1.2e-05

0.004336 1.3e-05

0.004416 9e-06

0.004476 1.1e-05

0.004383 1.6e-05

0.004329 1.2e-05

0.004331 1e-05

0.004428 1.9e-05

0.004328 1.2e-05

0.004352 1e-05

0.004337 1.1e-05

0.004498 1.1e-05

0.00429 1e-05

0.004306 1.3e-05

0.004324 9e-06

0.00444 1.2e-05

0.004375 1.2e-05

0.004405 1e-05

0.004415 1.3e-05

0.004424 1.3e-05

0.004325 1.4e-05

0.004368 2.7e-05

0.004385 1.6e-05

0.004505 1e-05

0.004345 1.1e-05

0.004323 1.4e-05

0.004343 1.1e-05

0.004435 1.2e-05

0.00434 1.4e-05

0.004306 1.4e-05

0.004314 1e-05

0.004449 9e-06

0.004436 1.7e-05

0.004357 1.1e-05

0.004329 2.4e-05

0.004465 1.6e-05

0.00433 1.1e-05

0.004325 9e-06

0.004332 1.1e-05

0.004393 1.1e-05

0.004352 1.5e-05

0.004314 1.1e-05

0.004349 2.6e-05

0.004414 1.1e-05

0.00435 1.8e-05

0.004379 1.1e-05

0.004362 1e-05

0.004431 1.3e-05

0.004324 1e-05

0.004323 1.1e-05

0.004328 1.4e-05

0.004409 1.2e-05

0.004342 1.5e-05

0.004351 1.2e-05

0.004292 1.3e-05

0.004361 1.3e-05

0.004453 1.2e-05

0.004303 1.4e-05

0.004332 1.4e-05

0.004365 1.5e-05

0.004416 1.3e-05

0.004387 1.1e-05

0.004392 1.2e-05

0.004307 1.2e-05

0.0044 1.2e-05

0.004315 1.2e-05

0.004336 1.3e-05

0.004379 1e-05

0.004347 1.3e-05

0.004323 1.4e-05

0.00433 1.4e-05

0.004329 1.2e-05

0.004318 8e-06

0.004333 1.4e-05

0.004299 1.1e-05

0.004286 1e-05

0.004362 1.1e-05

0.004318 9e-06

0.004331 1e-05

0.004329 1.5e-05

0.004336 1.1e-05

0.004371 9e-06

0.004372 2.7e-05

0.004354 1.2e-05

0.004337 1.1e-05

0.004355 8e-06

0.004345 1.3e-05

0.004322 1.5e-05

0.004365 1.2e-05

0.004321 1.1e-05

0.004318 1.1e-05

0.004349 1.4e-05

0.004345 1.2e-05

0.004323 1.4e-05

0.004315 1.3e-05

0.004353 1.4e-05

0.004313 1.2e-05

0.004346 1.4e-05

0.004395 1.2e-05

0.004344 1.2e-05

0.004385 1e-05

0.004364 1.2e-05

0.004376 1.5e-05

0.004365 1.2e-05

0.004385 1.2e-05

0.004416 9e-06

0.004349 1.5e-05

0.004324 1.7e-05

0.004395 1.6e-05

0.004364 1.2e-05

0.004329 1.1e-05

0.004326 1.6e-05

0.004366 1.7e-05

0.004353 1.1e-05

0.004351 1.4e-05

0.004328 1.3e-05

0.004354 1.2e-05

0.004336 1.3e-05

0.004398 1.4e-05

0.004312 1.2e-05

0.004351 9e-06

0.00442 1.2e-05

0.004364 1.6e-05

0.004457 1.3e-05

0.00435 1.2e-05

0.004437 1.4e-05

0.004303 1.4e-05

0.004413 1.2e-05

0.004352 1.1e-05

0.004409 1.1e-05

0.004346 1.6e-05

0.00437 1.2e-05

0.00434 1.3e-05

0.004351 1.7e-05

0.00439 1.6e-05

0.00428 1.3e-05

0.004337 1.8e-05

0.00448 1.1e-05

0.00432 1.6e-05

0.004342 1.3e-05

0.004334 1e-05

0.004422 1.1e-05

0.004382 1.3e-05

0.004306 1.2e-05

0.00431 1.2e-05

0.004446 1.3e-05

0.004311 1.6e-05

0.004329 8e-06

0.004333 1.7e-05

0.00434 1e-05

0.004317 9e-06

0.004337 1e-05

0.004299 8e-06

0.004369 1.2e-05

0.004306 1.5e-05

0.004348 1.1e-05

0.004301 1.5e-05

0.004376 1.2e-05

0.004353 1e-05

0.004337 8e-06

0.004281 1.5e-05

0.004407 1.1e-05

0.004331 1.2e-05

0.004349 1e-05

0.004348 9e-06

0.004439 1.2e-05

0.004409 1.3e-05

0.004312 1.2e-05

0.004357 1e-05

0.004378 1.3e-05

0.004329 9e-06

0.004365 1.5e-05

0.00442 3.1e-05

0.004388 1e-05

0.004416 8e-06

0.004348 1.2e-05

0.004321 1.7e-05

0.004438 1.4e-05

0.00435 1.1e-05

0.004344 8e-06

0.004368 1.4e-05

0.00433 1.6e-05

0.004413 1.5e-05

0.00433 1.6e-05

0.004335 1.2e-05

0.004445 1.5e-05

0.004334 1e-05

0.004365 1.7e-05

0.004305 1.3e-05

0.004344 1e-05

0.004322 1.1e-05

0.004396 1.7e-05

0.004346 1.4e-05

0.004358 1.3e-05

0.004314 1.2e-05

0.004357 1.1e-05

0.00434 1.6e-05

0.004448 1.3e-05

0.004313 1.2e-05

0.004305 1.1e-05

0.004339 9e-06

0.004415 1.2e-05

0.004356 1.3e-05

0.004428 1.1e-05

0.004324 1.3e-05

0.004385 1.2e-05

0.004371 1.3e-05

0.004348 1.2e-05

0.004346 1.2e-05

0.00437 1.8e-05

0.004476 1.9e-05

0.004357 1.1e-05

0.004341 1.2e-05

0.00436 1.2e-05

0.004513 9e-06

0.004309 1e-05

0.004569 1.5e-05

0.004494 1.9e-05

0.004487 1.8e-05

0.004437 1.4e-05

0.004368 1.1e-05

0.004381 1.1e-05

0.00438 9e-06

0.004309 1.4e-05

0.004322 1.1e-05

0.004345 1.1e-05

0.004433 1.2e-05

0.004343 1.3e-05

0.004332 9e-06

0.004354 1.2e-05

0.004481 1.3e-05

0.004329 1e-05

0.004307 1e-05

0.0044 1.2e-05

0.004421 1e-05

0.004347 1.5e-05

0.004382 1.3e-05

0.004313 9e-06

0.00441 1.7e-05

0.004361 1e-05

0.004315 1.1e-05

0.004358 1.2e-05

0.004358 1e-05

0.004376 1.4e-05

0.004307 1.2e-05

0.004326 1e-05

0.00436 1.2e-05

0.004378 1.2e-05

0.00434 1e-05

0.004355 1.2e-05

0.004366 1e-05

0.004337 1.3e-05

0.004295 1.2e-05

0.004336 1e-05

0.004394 1.2e-05

0.004378 1.6e-05

0.004423 1.8e-05

0.004347 1.4e-05

0.004366 1.5e-05

0.004388 1.3e-05

0.004376 9e-06

0.004294 1.3e-05

0.004403 1.2e-05

0.004406 1.6e-05

0.004341 1.5e-05

0.004369 1.1e-05

0.00442 1.2e-05

0.004387 1.3e-05

0.004371 1e-05

0.004336 1e-05

0.004419 1.6e-05

0.004385 1.3e-05

0.004339 1.1e-05

0.004414 1.3e-05

0.004366 1.4e-05

0.00435 1.3e-05

0.004323 1.6e-05

0.00433 1e-05

0.004391 1.2e-05

0.004394 1.5e-05

0.004363 1.4e-05

0.004351 1.1e-05

0.004432 9e-06

0.004382 1e-05

0.004321 1.6e-05

0.004321 1.6e-05

0.004386 1.6e-05

0.004394 1.4e-05

0.004322 1.1e-05

0.004352 1.2e-05

0.004438 1.6e-05

0.004344 1e-05

0.004377 1.2e-05

0.004339 1e-05

0.004402 1.4e-05

0.004363 1.4e-05

0.004414 1.4e-05

0.0044 1.4e-05

0.004387 1.2e-05

0.00441 1.4e-05

0.004422 1.2e-05

0.004364 1.6e-05

0.004396 1.1e-05

0.004342 1.7e-05

0.004354 1.2e-05

0.004314 1.4e-05

0.004371 1e-05

0.004345 1.5e-05

0.00434 1.3e-05

0.004351 1.1e-05

0.004409 1.1e-05

0.004363 1.2e-05

0.004368 9e-06

0.00432 1.4e-05

0.004382 1.3e-05

0.004375 1.3e-05

0.004346 1.1e-05

0.004327 1.3e-05

0.004492 1.3e-05

0.004347 1.4e-05

0.004382 1.2e-05

0.004338 1.4e-05

0.004379 1.2e-05

0.004357 1e-05

0.004377 1e-05

0.004352 1.1e-05

0.00442 1.2e-05

0.004313 1.2e-05

0.004371 1.3e-05

0.004318 1.5e-05

0.004389 1.5e-05

0.004377 1.5e-05

0.004374 1.2e-05

0.004375 1.1e-05

0.004338 1.2e-05

0.004346 1e-05

0.004447 1.5e-05

0.004343 1.1e-05

0.004378 9e-06

0.004423 1e-05

0.004451 1.1e-05

0.00432 1.3e-05

0.004402 1e-05

0.004334 1.2e-05

0.004465 1.1e-05

0.004298 1.1e-05

0.004438 1.2e-05

0.004311 9e-06

0.004333 1e-05

0.004337 1.1e-05

0.004448 1.2e-05

0.004345 1.1e-05

0.004333 1.6e-05

0.004364 1.2e-05

0.004326 1.1e-05

0.004424 1.2e-05

0.004424 1.4e-05

0.004333 1.1e-05

0.004333 1.2e-05

0.004336 1.7e-05

0.004505 1.1e-05

0.004329 1.1e-05

0.004432 1e-05

0.004343 1.4e-05

0.004378 1.1e-05

0.004364 1.1e-05

0.004427 1.1e-05

0.004354 1.1e-05

0.004336 1.2e-05

0.004319 1.2e-05

0.004423 1.3e-05

0.004304 1.1e-05

0.004367 1.2e-05

0.004433 1.3e-05

0.00434 1e-05

0.004351 1.3e-05

0.004461 1.2e-05

0.00431 1.5e-05

0.004347 1.2e-05

0.004316 1.4e-05

0.004378 1.3e-05

0.004324 1.2e-05

0.004305 9e-06

0.004324 1.4e-05

0.004321 1.4e-05

0.004292 9e-06

0.004349 1.6e-05

0.004374 1.1e-05

0.004343 1.1e-05

0.004332 1e-05

0.004358 1.4e-05

0.00433 1.3e-05

0.004383 1e-05

0.004343 1.4e-05

0.004411 1.1e-05

0.004342 1.1e-05

0.004411 1.4e-05

0.00445 1.8e-05

0.004378 1.5e-05

0.004376 1.2e-05

0.00436 1.1e-05

0.004332 1e-05

0.004363 1.1e-05

0.004307 1.3e-05

0.004327 1.3e-05

0.00434 2.2e-05

0.004322 1.2e-05

0.004312 9e-06

0.004322 1.1e-05

0.004368 1e-05

0.004317 1.2e-05

0.004345 1.4e-05

0.004295 1.6e-05

0.004354 1.3e-05

0.004334 1.1e-05

0.004301 1.2e-05

0.004401 1.4e-05

0.004416 1.3e-05

0.004355 1.2e-05

0.004364 1.3e-05

0.004347 1.2e-05

0.004343 1.3e-05

0.004339 1.5e-05

0.004319 1.2e-05

0.004326 1.3e-05

0.004388 1.3e-05

0.004418 1.1e-05

0.004421 1.6e-05

0.00443 1e-05

0.004389 1.2e-05

0.004366 1.4e-05

0.004319 1.3e-05

0.004298 1.2e-05

0.00437 1.4e-05

0.004347 1e-05

0.004388 1.1e-05

0.004333 1.7e-05

0.004383 1.8e-05

0.004315 1e-05

0.004359 1.1e-05

0.004372 1.1e-05

0.004331 1.3e-05

0.004382 1.2e-05

0.004372 1.2e-05

0.00438 1.1e-05

0.004317 1.1e-05

0.004324 1.3e-05

0.004324 1.1e-05

0.004299 1.1e-05

0.00439 1.2e-05

0.004334 9e-06

0.004344 1.2e-05

0.004352 1.2e-05

0.004361 1.4e-05

0.00431 1e-05

0.004446 1.2e-05

0.004364 1.8e-05

0.004338 1.2e-05

0.004365 1.1e-05

0.004315 1.2e-05

0.004328 1e-05

0.00437 1.2e-05

0.004303 1.3e-05

0.004311 1.2e-05

0.004368 1.3e-05

0.004405 1.1e-05

0.004316 1e-05

0.004323 9e-06

0.00437 1.2e-05

0.004367 1.3e-05

0.004364 1.1e-05

0.0043 1e-05

0.004319 1.2e-05

0.004361 1.1e-05

0.004347 1.1e-05

0.004334 1.2e-05

0.004363 1.1e-05

0.004339 1.6e-05

0.004464 1.1e-05

0.004315 1.2e-05

0.004351 1.3e-05

0.004326 1e-05

0.004344 1.1e-05

0.004339 1.1e-05

0.004348 1.2e-05

0.004321 1.2e-05

0.004324 1.4e-05

0.004352 1.2e-05

0.004331 1.1e-05

0.004354 1.4e-05

0.004334 1.5e-05

0.004371 1.1e-05

0.004368 1.5e-05

0.004411 9e-06

0.004354 1e-05

0.004402 1.4e-05

0.004374 1.2e-05

0.004324 1.2e-05

0.004355 1.2e-05

0.004273 1e-05

0.004354 1e-05

0.004363 9e-06

0.004358 1.1e-05

0.004371 9e-06

0.004359 1.3e-05

0.004417 1.3e-05

0.004358 1.6e-05

0.004369 1.2e-05

0.004337 1.2e-05

0.004339 1e-05

0.004396 1.2e-05

0.004298 1.1e-05

0.004365 1.5e-05

0.004315 1e-05

0.004367 1.1e-05

0.004316 1.2e-05

0.004342 1.2e-05

0.004309 1.1e-05

0.004334 1.4e-05

0.004361 1.1e-05

0.00438 1.1e-05

0.004357 1.7e-05

0.004366 1.4e-05

0.004372 1e-05

0.004353 1.4e-05

0.004357 1.4e-05

0.004371 1.1e-05

0.004313 1.4e-05

0.004359 1.1e-05

0.004341 1.3e-05

0.004365 1.2e-05

0.004424 1.2e-05

0.004326 1.2e-05

0.004341 1.2e-05

0.004375 1.2e-05

0.004453 1.5e-05

0.004359 1.2e-05

0.004372 1.4e-05

0.00434 1.5e-05

0.004333 1.1e-05

0.004363 1.2e-05

0.004338 1e-05

0.004347 1.2e-05

0.004339 1.4e-05

0.004342 1e-05

0.004342 1.5e-05

0.004369 1.6e-05

0.004313 1.2e-05

0.004376 1.4e-05

0.004326 1.2e-05

0.004382 1e-05

0.004334 9e-06

0.004315 1.2e-05

0.00431 1.5e-05

0.004348 1.3e-05

0.004375 1.4e-05

0.004317 1.1e-05

0.004342 1.5e-05

0.004395 1.2e-05

0.004341 1.3e-05

0.004368 1e-05

0.004327 1.5e-05

0.004375 1e-05

0.004385 1.2e-05

0.004356 1.4e-05

0.004352 1e-05

0.004364 1.1e-05

0.0043 9e-06

0.00428 1.2e-05

0.00433 1.2e-05

0.004391 1.3e-05

0.004357 1.3e-05

0.004383 1.1e-05

0.004371 1.2e-05

0.004401 9e-06

0.004398 1.2e-05

0.004321 1.2e-05

0.00432 1.4e-05

0.004345 1e-05

0.004367 1.4e-05

0.004348 1e-05

0.004311 1.4e-05

0.00433 1.2e-05

0.004349 1.3e-05

0.004462 1.1e-05

0.004322 1.5e-05

0.00439 1.2e-05

0.004362 1.2e-05

0.00435 1.6e-05

0.004327 1.5e-05

0.004379 1.4e-05

0.004373 1e-05

0.00435 1e-05

0.004317 1.3e-05

0.004353 1.4e-05

0.004362 1.5e-05

0.004339 9e-06

0.004372 1e-05

0.004352 1.2e-05

0.004362 1.1e-05

0.004382 1.5e-05

0.00434 1.2e-05

0.004368 1.4e-05

0.004396 1e-05

0.004369 1e-05

0.004369 1.1e-05

0.004349 1.4e-05

0.004333 1.4e-05

0.004312 1.5e-05

0.004356 1.4e-05

0.004349 1.1e-05

0.004319 1.3e-05

0.00432 1e-05

0.004301 1.4e-05

0.004369 1e-05

0.004429 1.3e-05

0.004351 1.4e-05

0.004344 1.1e-05

0.004423 1.4e-05

0.004417 1.1e-05

0.004339 1.4e-05

0.00433 1.1e-05

0.004312 1.2e-05

0.004396 1.2e-05

0.004427 1.2e-05

0.004336 1.6e-05

0.004326 1e-05

0.004352 9e-06

0.004305 1.2e-05

0.004348 1.1e-05

0.004352 1.2e-05

0.004336 1.2e-05

0.004345 9e-06

0.004314 1e-05

0.004363 1.1e-05

0.004374 1.2e-05

0.004326 1.4e-05

0.00435 1.3e-05

0.004418 1.3e-05

0.004384 1.4e-05

0.004351 1.6e-05

0.004384 9e-06

0.004345 1.4e-05

0.004461 1.2e-05

0.004353 1e-05

0.004327 1.4e-05

0.004331 1.3e-05

0.004391 1.2e-05

0.004428 1.2e-05

0.004333 1.1e-05

0.004323 1e-05

0.004387 1.1e-05

0.004316 1e-05

0.004334 1.4e-05

0.004302 1.1e-05

0.004628 1.8e-05

0.004376 1.6e-05

0.004354 1.3e-05

0.00432 1.3e-05

0.004422 9e-06

0.004324 1.1e-05

0.004337 1.1e-05

0.004331 1.6e-05

0.004377 1.3e-05

0.004394 1.2e-05

0.004376 1e-05

0.004328 9e-06

0.004377 1.6e-05

0.004327 1.4e-05

0.004348 1.2e-05

0.004341 1e-05

0.004363 1.2e-05

0.004315 1.4e-05

0.00431 1.1e-05

0.004385 1.2e-05

0.004376 1.2e-05

0.00447 1.1e-05

0.004316 1.3e-05

0.004325 1.2e-05

0.004369 1.2e-05

0.004344 1.3e-05

0.004336 1.3e-05

0.004403 1.8e-05

0.004383 1.1e-05

0.004394 1.2e-05

0.004433 1e-05

0.004359 1.2e-05

0.004372 1.1e-05

0.004327 1.1e-05

0.004355 1.2e-05

0.004317 1.1e-05

0.004374 1.1e-05

0.004294 1e-05

0.004332 1.2e-05

0.004347 1.5e-05

0.004434 1.8e-05

0.004371 1.2e-05

0.004346 1.4e-05

0.004339 1.2e-05

0.004393 1.4e-05

0.004334 1.5e-05

0.004338 1e-05

0.004307 1.3e-05

0.004474 1.4e-05

0.004371 1.3e-05

0.004353 1.1e-05

0.004341 1.2e-05

0.00436 1.3e-05

0.004338 1.2e-05

0.004344 1.3e-05

0.004332 7e-06

0.00435 1.2e-05

0.004324 1.5e-05

0.004317 1.5e-05

0.004322 1e-05

0.004378 1e-05

0.004323 9e-06

0.004318 1.4e-05

0.004303 1.2e-05

0.004403 1.2e-05

0.004402 9e-06

0.004352 1.4e-05

0.004303 1.5e-05

0.004408 1.8e-05

0.004425 1.1e-05

0.004316 1.5e-05

0.004314 1.4e-05

0.004337 1e-05

0.004312 1.3e-05

0.004311 1.2e-05

0.004325 1e-05

0.00439 1.1e-05

0.004363 1.4e-05

0.004295 1.1e-05

0.00435 1.3e-05

0.004383 1.5e-05

0.004376 1.2e-05

0.004344 1.2e-05

0.004344 1e-05

0.004359 1.2e-05

0.004363 1.5e-05

0.004462 1.1e-05

0.004334 1.4e-05

0.004371 1.5e-05

0.004394 1.2e-05

0.004361 1.5e-05

0.004314 2e-05

0.004367 1.4e-05

0.004374 1.5e-05

0.004342 1.3e-05

0.004333 1.2e-05

0.004311 1.1e-05

0.004356 1.1e-05

0.00444 1.1e-05

0.00428 1.1e-05

0.00434 1.2e-05

0.004365 1.4e-05

0.004313 1.2e-05

0.004372 1.2e-05

0.004402 1.3e-05

0.004394 1.2e-05

0.004339 1.7e-05

0.004323 1.2e-05

0.004311 1.6e-05

0.004472 1e-05

0.004306 1.2e-05

0.00437 1.2e-05

0.004316 1e-05

0.004432 1.2e-05

0.00434 1.5e-05

0.004336 1.1e-05

0.004362 1.3e-05

0.004404 1.8e-05

0.004359 1.1e-05

0.004333 1.2e-05

0.004378 1.4e-05

0.004369 1.3e-05

0.004422 1.4e-05

0.004315 1.2e-05

0.004331 1.1e-05

0.004359 1e-05

0.00433 1.2e-05

0.004314 1.1e-05

0.004352 1e-05

0.004395 1.3e-05

0.004365 1.6e-05

0.004379 1e-05

0.004369 1.3e-05

0.00436 1.1e-05

0.004298 9e-06

0.004364 1.3e-05

0.004366 1.6e-05

0.004354 1.3e-05

0.00431 1.1e-05

0.004292 1e-05

0.004296 1.1e-05

0.004352 2.3e-05

0.004398 1.1e-05

0.004425 1.2e-05

0.004387 1.2e-05

0.004397 1.4e-05

0.004366 1.4e-05

0.004304 1.3e-05

0.004461 1.4e-05

0.004371 9e-06

0.004363 1e-05

0.004323 1.4e-05

0.004336 1.1e-05

0.004372 1.1e-05

0.004318 1.4e-05

0.004362 1.2e-05

0.004358 8e-06

0.004334 1e-05

0.004312 1e-05

0.00435 1.7e-05

0.004432 1.7e-05

0.004409 1e-05

0.00434 1.2e-05

0.004324 1.1e-05

0.004365 1.4e-05

0.004356 1.4e-05

0.004316 9e-06

0.004361 1e-05

0.004323 1e-05

0.004447 1.4e-05

0.00447 1.2e-05

0.004332 9e-06

0.004365 1.3e-05

0.004329 1.9e-05

0.004398 1.3e-05

0.004359 1.1e-05

0.004331 1.5e-05

0.004321 1.1e-05

0.004383 1.1e-05

0.004338 1.6e-05

0.004331 1.1e-05

0.004294 1.6e-05

0.004361 1e-05

0.004346 1.5e-05

