0.009587 7e-06

0.009784 7e-06

0.009699 6e-06

0.009465 5e-06

0.009515 6e-06

0.009951 1e-05

0.009748 8e-06

0.009645 9e-06

0.009765 7e-06

0.00965 6e-06

0.00961 4e-06

0.009613 5e-06

0.009603 5e-06

0.009519 6e-06

0.009656 8e-06

0.009648 6e-06

0.009705 6e-06

0.009679 5e-06

0.009506 4e-06

0.00951 7e-06

0.009641 5e-06

0.009586 5e-06

0.009571 5e-06

0.009594 6e-06

0.009491 5e-06

0.009555 7e-06

0.009566 7e-06

0.009527 6e-06

0.009595 8e-06

0.009602 5e-06

0.009636 5e-06

0.009633 5e-06

0.009529 4e-06

0.009497 5e-06

0.009615 4e-06

0.00957 6e-06

0.009655 6e-06

0.009596 9e-06

0.009674 5e-06

0.009564 5e-06

0.009531 2.2e-05

0.009471 5e-06

0.009572 5e-06

0.009529 7e-06

0.00967 5e-06

0.009698 6e-06

0.00955 5e-06

0.009556 5e-06

0.00969 6e-06

0.009429 4e-06

0.00967 1e-05

0.009555 4e-06

0.009524 7e-06

0.009483 6e-06

0.009535 6e-06

0.009447 5e-06

0.009541 6e-06

0.009566 5e-06

0.009606 5e-06

0.009503 5e-06

0.009496 5e-06

0.009548 7e-06

0.009568 6e-06

0.009541 6e-06

0.009617 6e-06

0.009554 6e-06

0.009571 6e-06

0.009601 5e-06

0.009517 1.9e-05

0.009568 5e-06

0.009706 5e-06

0.009585 4e-06

0.009447 5e-06

0.00965 9e-06

0.009807 5e-06

0.009544 5e-06

0.009596 4e-06

0.01003 1.1e-05

0.009879 5e-06

0.009655 4e-06

0.009559 7e-06

0.009735 6e-06

0.009622 4e-06

0.009536 5e-06

0.009684 7e-06

0.009506 4e-06

0.009517 6e-06

0.009605 6e-06

0.009627 6e-06

0.009603 6e-06

0.009741 6e-06

0.009619 7e-06

0.009914 6e-06

0.009561 6e-06

0.009547 5e-06

0.009477 4e-06

0.009541 5e-06

0.009547 4e-06

0.0096 5e-06

0.009648 6e-06

0.009697 5e-06

0.009586 6e-06

0.009713 7e-06

0.009706 4e-06

0.009621 6e-06

0.009636 4e-06

0.009552 6e-06

0.009565 6e-06

0.009557 6e-06

0.009621 6e-06

0.009729 5e-06

0.009649 5e-06

0.009653 6e-06

0.009487 4e-06

0.009638 5e-06

0.009554 5e-06

0.009498 5e-06

0.009486 7e-06

0.009506 7e-06

0.009616 5e-06

0.009639 6e-06

0.009732 4e-06

0.009557 4e-06

0.009587 7e-06

0.009592 5e-06

0.00962 6e-06

0.009739 5e-06

0.009509 6e-06

0.009554 5e-06

0.009583 5e-06

0.009643 4e-06

0.009612 7e-06

0.009591 5e-06

0.009587 5e-06

0.009574 5e-06

0.009541 7e-06

0.009548 9e-06

0.009809 5e-06

0.009628 4e-06

0.009601 7e-06

0.00957 6e-06

0.009564 6e-06

0.009572 6e-06

0.00946 5e-06

0.009559 5e-06

0.009527 5e-06

0.00963 7e-06

0.009554 5e-06

0.009654 6e-06

0.009524 5e-06

0.009542 5e-06

0.009577 5e-06

0.009544 5e-06

0.009582 5e-06

0.009659 6e-06

0.009693 5e-06

0.00957 5e-06

0.009601 5e-06

0.009469 5e-06

0.009532 4e-06

0.009688 9e-06

0.009588 5e-06

0.009576 6e-06

0.009494 4e-06

0.009626 7e-06

0.009612 6e-06

0.009554 4e-06

0.009578 5e-06

0.009567 5e-06

0.009477 4e-06

0.009601 7e-06

0.009503 5e-06

0.009591 5e-06

0.009644 6e-06

0.009479 4e-06

0.009544 4e-06

0.009574 5e-06

0.009534 5e-06

0.009607 7e-06

0.009535 5e-06

0.009494 5e-06

0.009585 5e-06

0.0096 5e-06

0.009479 4e-06

0.009627 4e-06

0.009531 6e-06

0.009535 5e-06

0.00969 5e-06

0.009649 6e-06

0.009628 5e-06

0.009775 9e-06

0.009709 6e-06

0.009553 4e-06

0.009548 6e-06

0.009711 5e-06

0.009583 5e-06

0.009497 7e-06

0.00973 4e-06

0.009584 4e-06

0.009576 4e-06

0.009475 3e-06

0.009562 6e-06

0.009553 6e-06

0.009547 5e-06

0.009486 5e-06

0.009466 6e-06

0.009579 5e-06

0.009537 4e-06

0.009533 5e-06

0.009634 6e-06

0.009746 6e-06

0.009503 7e-06

0.009844 6e-06

0.009496 5e-06

0.00958 4e-06

0.009608 4e-06

0.00954 5e-06

0.00953 5e-06

0.009528 4e-06

0.009525 7e-06

0.009629 6e-06

0.009627 6e-06

0.009562 5e-06

0.009623 4e-06

0.009534 5e-06

0.009583 6e-06

0.009578 4e-06

0.009533 7e-06

0.009589 7e-06

0.009606 5e-06

0.009597 5e-06

0.009569 6e-06

0.009672 6e-06

0.00973 9e-06

0.009577 7e-06

0.009605 6e-06

0.009635 4e-06

0.009586 6e-06

0.009575 6e-06

0.009666 5e-06

0.009612 5e-06

0.009584 5e-06

0.009525 7e-06

0.009498 6e-06

0.009719 5e-06

0.009666 7e-06

0.009495 6e-06

0.009595 5e-06

0.009633 7e-06

0.0096 6e-06

0.00955 5e-06

0.009503 4e-06

0.009527 4e-06

0.009528 5e-06

0.009534 6e-06

0.00956 4e-06

0.009581 6e-06

0.009589 6e-06

0.009525 5e-06

0.009513 5e-06

0.009557 7e-06

0.00951 5e-06

0.009564 5e-06

0.009551 6e-06

0.009891 7e-06

0.009754 5e-06

0.009577 5e-06

0.009609 6e-06

0.009524 6e-06

0.009717 9e-06

0.009674 5e-06

0.009618 5e-06

0.009485 5e-06

0.009595 5e-06

0.009445 4e-06

0.009584 5e-06

0.009648 4e-06

0.009638 6e-06

0.009807 9e-06

0.009526 5e-06

0.009581 4e-06

0.009594 1.3e-05

0.009994 8e-06

0.009684 8e-06

0.009762 6e-06

0.009697 5e-06

0.009621 5e-06

0.009587 5e-06

0.009518 5e-06

0.009419 4e-06

0.009506 4e-06

0.009497 5e-06

0.009491 6e-06

0.009568 4e-06

0.00959 5e-06

0.009559 5e-06

0.009577 5e-06

0.009566 5e-06

0.009542 6e-06

0.009525 5e-06

0.009516 5e-06

0.009697 7e-06

0.009595 6e-06

0.00973 5e-06

0.009616 5e-06

0.009551 6e-06

0.009638 7e-06

0.009677 7e-06

0.009633 6e-06

0.00976 6e-06

0.009584 5e-06

0.009525 4e-06

0.009561 7e-06

0.009625 4e-06

0.009606 5e-06

0.009584 6e-06

0.009623 5e-06

0.009507 5e-06

0.009575 8e-06

0.009606 5e-06

0.009642 5e-06

0.009537 4e-06

0.009597 4e-06

0.009536 5e-06

0.009614 4e-06

0.009514 6e-06

0.009699 4e-06

0.009473 6e-06

0.009738 5e-06

0.00985 4e-06

0.009547 5e-06

0.00967 5e-06

0.009575 4e-06

0.009509 5e-06

0.00955 4e-06

0.009778 1e-05

0.009855 9e-06

0.009708 8e-06

0.009781 9e-06

0.010072 7e-06

0.009797 7e-06

0.009696 5e-06

0.009692 9e-06

0.009764 8e-06

0.01005 9e-06

0.009671 6e-06

0.009837 7e-06

0.010016 8e-06

0.009877 8e-06

0.009797 7e-06

0.009802 8e-06

0.009691 6e-06

0.009784 7e-06

0.009637 6e-06

0.009895 5e-06

0.009646 8e-06

0.009885 8e-06

0.00982 7e-06

0.009775 8e-06

0.009795 7e-06

0.009812 1.2e-05

0.009837 8e-06

0.009788 9e-06

0.009804 9e-06

0.009935 8e-06

0.009989 9e-06

0.009718 8e-06

0.009883 6e-06

0.009566 4e-06

0.009561 6e-06

0.00967 9e-06

0.009777 6e-06

0.009665 7e-06

0.00962 8e-06

0.009655 8e-06

0.00971 6e-06

0.009595 7e-06

0.00973 8e-06

0.009871 1e-05

0.010036 9e-06

0.009847 7e-06

0.009931 9e-06

0.009861 1.1e-05

0.009749 8e-06

0.009786 9e-06

0.009879 1.1e-05

0.009864 9e-06

0.00963 5e-06

0.009614 6e-06

0.009578 6e-06

0.009682 7e-06

0.009568 5e-06

0.009669 9e-06

0.009907 9e-06

0.009735 7e-06

0.009781 8e-06

0.009713 8e-06

0.009853 1e-05

0.00995 9e-06

0.009948 1e-05

0.009957 9e-06

0.009773 8e-06

0.009913 1e-05

0.009912 1e-05

0.009854 1e-05

0.00956 5e-06

0.009804 9e-06

0.009874 6e-06

0.009613 7e-06

0.009657 9e-06

0.00997 8e-06

0.009845 9e-06

0.009899 7e-06

0.009858 8e-06

0.009961 9e-06

0.009856 9e-06

0.009835 8e-06

0.009833 8e-06

0.009749 9e-06

0.009755 7e-06

0.009927 1e-05

0.009827 9e-06

0.010018 8e-06

0.00993 1e-05

0.009852 9e-06

0.009961 8e-06

0.009764 9e-06

0.009749 9e-06

0.009952 1.2e-05

0.010105 1e-05

0.009744 9e-06

0.009978 1e-05

0.009963 1e-05

0.009714 9e-06

0.009908 8e-06

0.009914 9e-06

0.009731 8e-06

0.009828 9e-06

0.010041 8e-06

0.009779 8e-06

0.009935 1e-05

0.010018 1.2e-05

0.010089 1e-05

0.009815 1.1e-05

0.009863 1e-05

0.010188 1.1e-05

0.01019 1.1e-05

0.009824 1.3e-05

0.009899 9e-06

0.010057 8e-06

0.010161 9e-06

0.009792 1e-05

0.00991 8e-06

0.010045 1e-05

0.009944 1.4e-05

0.009625 1e-05

0.010188 9e-06

0.009748 9e-06

0.009769 1e-05

0.009906 9e-06

0.009955 1.1e-05

0.009824 1e-05

0.009927 1.3e-05

0.01023 1.1e-05

0.009837 1.1e-05

0.009799 9e-06

0.009868 6e-06

0.010281 9e-06

0.009846 8e-06

0.010251 1.1e-05

0.010155 9e-06

0.009701 1e-05

0.009886 6e-06

0.009875 7e-06

0.010203 1.3e-05

0.009765 1e-05

0.009913 9e-06

0.009701 6e-06

0.009557 7e-06

0.009595 8e-06

0.009708 1.1e-05

0.009818 9e-06

0.010114 1.1e-05

0.009857 8e-06

0.009702 2.2e-05

0.009783 8e-06

0.009696 1.1e-05

0.009847 1.1e-05

0.009941 9e-06

0.009986 9e-06

0.009875 2.1e-05

0.012272 9e-06

0.009994 1.1e-05

0.010199 1.2e-05

0.013061 1.3e-05

0.011838 1e-05

0.01022 1e-05

0.010423 1.2e-05

0.010142 9e-06

0.010225 1e-05

0.010077 9e-06

0.009826 9e-06

0.010273 1e-05

0.010002 9e-06

0.010918 1.1e-05

0.010165 1.3e-05

0.009725 9e-06

0.010723 1e-05

0.010125 1e-05

0.010197 1e-05

0.009831 1e-05

0.010832 9e-06

0.010706 1e-05

0.009917 9e-06

0.009878 1.5e-05

0.009973 9e-06

0.009833 1e-05

0.009717 1e-05

0.009996 8e-06

0.010129 1e-05

0.009995 9e-06

0.009809 1.4e-05

0.00989 1.1e-05

0.010005 1.1e-05

0.009977 9e-06

0.009807 1.2e-05

0.010012 1.2e-05

0.010291 1e-05

0.009806 1.1e-05

0.009872 9e-06

0.009835 1e-05

0.009861 1.2e-05

0.009932 1e-05

0.010062 2.8e-05

0.009804 8e-06

0.009703 7e-06

0.009555 6e-06

0.009595 7e-06

0.009864 1e-05

0.010043 1.1e-05

0.009838 1.1e-05

0.009717 7e-06

0.009671 1e-05

0.009844 9e-06

0.009707 1e-05

0.009789 8e-06

0.011737 1e-05

0.010105 1e-05

0.010072 1e-05

0.009933 8e-06

0.009968 9e-06

0.009889 1e-05

0.009892 1.1e-05

0.009911 9e-06

0.009903 9e-06

0.009727 6e-06

0.009525 6e-06

0.009611 6e-06

0.009496 5e-06

0.009516 5e-06

0.009706 5e-06

0.00963 5e-06

0.009575 5e-06

0.009729 6e-06

0.010051 9e-06

0.009815 1.1e-05

0.010055 1e-05

0.009744 9e-06

0.009764 1.3e-05

0.011643 1e-05

0.010318 9e-06

0.010827 1.1e-05

0.010309 1e-05

0.010374 9e-06

0.010093 1.1e-05

0.009908 1.2e-05

0.009947 1.1e-05

0.01008 1e-05

0.009874 1.6e-05

0.010812 1e-05

0.010002 9e-06

0.009974 1e-05

0.009786 8e-06

0.009839 1e-05

0.009878 1e-05

0.009764 1e-05

0.009701 1.1e-05

0.010208 8e-06

0.009862 8e-06

0.0098 1e-05

0.010007 9e-06

0.010017 8e-06

0.009852 8e-06

0.009769 8e-06

0.010185 8e-06

0.009841 5e-06

0.009655 6e-06

0.009506 5e-06

0.009634 5e-06

0.009613 6e-06

0.009475 7e-06

0.009693 9e-06

0.009878 7e-06

0.009891 8e-06

0.00988 1.1e-05

0.009744 9e-06

0.009889 1.2e-05

0.009902 1.1e-05

0.009908 8e-06

0.010006 1e-05

0.009738 1e-05

0.009731 1e-05

0.009861 9e-06

0.00988 9e-06

0.009813 9e-06

0.010342 9e-06

0.010153 9e-06

0.010319 1e-05

0.009761 9e-06

0.01035 1.4e-05

0.010474 1e-05

0.009815 1e-05

0.009693 1e-05

0.010105 1.3e-05

0.010318 9e-06

0.009931 9e-06

0.010003 9e-06

0.009757 9e-06

0.009657 4e-06

0.009616 6e-06

0.009792 7e-06

0.00962 5e-06

0.009425 7e-06

0.009783 6e-06

0.009626 4e-06

0.009621 6e-06

0.010002 1e-05

0.009761 2.4e-05

0.009739 1.1e-05

0.012096 9e-06

0.011436 1e-05

0.011099 1e-05

0.010153 1.1e-05

0.009886 1.6e-05

0.009942 1e-05

0.010878 9e-06

0.011376 1.2e-05

0.011844 1e-05

0.011272 1.2e-05

0.011314 1e-05

0.009706 9e-06

0.009841 9e-06

0.010239 1.1e-05

0.00987 8e-06

0.009737 9e-06

0.010302 1.1e-05

0.010033 1.1e-05

0.009982 9e-06

0.00977 7e-06

0.009659 9e-06

0.00974 1.2e-05

0.009782 1e-05

0.009796 5e-06

0.009593 1.2e-05

0.009901 7e-06

0.009673 6e-06

0.009695 6e-06

0.009486 7e-06

0.009811 6e-06

0.009617 5e-06

0.00953 7e-06

0.009822 7e-06

0.009549 5e-06

0.009547 7e-06

0.009778 9e-06

0.009912 1e-05

0.009992 1.2e-05

0.010171 9e-06

0.009826 1.1e-05

0.009772 1e-05

0.009851 8e-06

0.009758 1.1e-05

0.009718 1e-05

0.010066 9e-06

0.00996 1e-05

0.009829 8e-06

0.009877 8e-06

0.009626 5e-06

0.009614 9e-06

0.009557 6e-06

0.009721 4e-06

0.009709 6e-06

0.009614 7e-06

0.009644 5e-06

0.009595 7e-06

0.009589 9e-06

0.009792 1.1e-05

0.009765 1e-05

0.010151 1.2e-05

0.009993 8e-06

0.009716 8e-06

0.010072 8e-06

0.009827 9e-06

0.009779 9e-06

0.009755 9e-06

0.009654 6e-06

0.0096 5e-06

0.009598 5e-06

0.009587 7e-06

0.0096 7e-06

0.009585 7e-06

0.009733 5e-06

0.009519 6e-06

0.009496 8e-06

0.009597 6e-06

0.00963 4e-06

0.009604 7e-06

0.009698 1e-05

0.009852 5e-06

0.009695 5e-06

0.009673 5e-06

0.0095 6e-06

0.009663 6e-06

0.009592 5e-06

0.009564 5e-06

0.009626 5e-06

0.00958 7e-06

0.00952 6e-06

0.009743 9e-06

0.009478 5e-06

0.009588 6e-06

0.009603 8e-06

0.009644 6e-06

0.009547 5e-06

0.00959 5e-06

0.009737 8e-06

0.009649 6e-06

0.009827 6e-06

0.009643 6e-06

0.009655 5e-06

0.009664 6e-06

0.00972 5e-06

0.009623 7e-06

0.009771 6e-06

0.009573 4e-06

0.009745 8e-06

0.009699 5e-06

0.009519 5e-06

0.009627 5e-06

0.009617 5e-06

0.009591 5e-06

0.009541 5e-06

0.009576 7e-06

0.00978 5e-06

0.009668 5e-06

0.009574 5e-06

0.009602 4e-06

0.009606 5e-06

0.009713 6e-06

0.009598 5e-06

0.009576 6e-06

0.009602 5e-06

0.009601 5e-06

0.009621 6e-06

0.009668 6e-06

0.009598 6e-06

0.009565 5e-06

0.009626 5e-06

0.009573 5e-06

0.009609 6e-06

0.009586 6e-06

0.009517 5e-06

0.009558 5e-06

0.009621 6e-06

0.009595 6e-06

0.00961 5e-06

0.009602 3e-06

0.009534 9e-06

0.009856 4e-06

0.009527 5e-06

0.009652 8e-06

0.009575 5e-06

0.009872 6e-06

0.00965 5e-06

0.009708 6e-06

0.009611 5e-06

0.009525 5e-06

0.00955 5e-06

0.009684 6e-06

0.009513 7e-06

0.009647 5e-06

0.009542 5e-06

0.009609 6e-06

0.009653 5e-06

0.009591 7e-06

0.009792 5e-06

0.009593 5e-06

0.009547 5e-06

0.009504 5e-06

0.009536 6e-06

0.009598 4e-06

0.009635 5e-06

0.00961 6e-06

0.00961 5e-06

0.00959 6e-06

0.009467 5e-06

0.009633 5e-06

0.009579 5e-06

0.00959 7e-06

0.009656 6e-06

0.00966 6e-06

0.009503 6e-06

0.009452 7e-06

0.009633 8e-06

0.009574 5e-06

0.009596 6e-06

0.009804 6e-06

0.009496 4e-06

0.009566 6e-06

0.009649 8e-06

0.009606 6e-06

0.009542 6e-06

0.009598 6e-06

0.009492 5e-06

0.009643 4e-06

0.009601 7e-06

0.009662 6e-06

0.009591 6e-06

0.009569 6e-06

0.009599 6e-06

0.009496 5e-06

0.009522 4e-06

0.009622 6e-06

0.009485 7e-06

0.009622 4e-06

0.009587 5e-06

0.00949 8e-06

0.009662 5e-06

0.009565 4e-06

0.009573 8e-06

0.009936 6e-06

0.009531 5e-06

0.009511 5e-06

0.009563 5e-06

0.009618 4e-06

0.009545 5e-06

0.009583 4e-06

0.009591 6e-06

0.009642 6e-06

0.009618 8e-06

0.010117 7e-06

0.009628 7e-06

0.009518 6e-06

0.009586 7e-06

0.009534 5e-06

0.009597 6e-06

0.009584 6e-06

0.009737 9e-06

0.009614 5e-06

0.009541 5e-06

0.009577 5e-06

0.009581 6e-06

0.009547 5e-06

0.009542 5e-06

0.009869 4e-06

0.009653 6e-06

0.009629 4e-06

0.009472 5e-06

0.009508 5e-06

0.009624 6e-06

0.00958 5e-06

0.009594 6e-06

0.009602 6e-06

0.009575 7e-06

0.00993 5e-06

0.009515 5e-06

0.009534 5e-06

0.009537 8e-06

0.009615 5e-06

0.009628 5e-06

0.009582 5e-06

0.009676 6e-06

0.009627 5e-06

0.009549 7e-06

0.009613 6e-06

0.009628 6e-06

0.009446 1e-05

0.00962 5e-06

0.009577 5e-06

0.009705 5e-06

0.00956 7e-06

0.009481 6e-06

0.009596 5e-06

0.009599 6e-06

0.00979 7e-06

0.00953 5e-06

0.009587 1e-05

0.009903 1.2e-05

0.013171 1.1e-05

0.009692 1.3e-05

0.009695 5e-06

0.009453 9e-06

0.009424 5e-06

0.009376 7e-06

0.009407 6e-06

0.009402 6e-06

0.009435 7e-06

0.009542 8e-06

0.009427 7e-06

0.009476 6e-06

0.009481 6e-06

0.009367 5e-06

0.009393 7e-06

0.00939 6e-06

0.009315 5e-06

0.009421 5e-06

0.009323 5e-06

0.009435 6e-06

0.009397 6e-06

0.009378 5e-06

0.009403 6e-06

0.009436 5e-06

0.009296 4e-06

0.00931 5e-06

0.009516 4e-06

0.009297 7e-06

0.009368 5e-06

0.009348 5e-06

0.009412 5e-06

0.009409 5e-06

0.009544 5e-06

0.009356 6e-06

0.009442 6e-06

0.009415 5e-06

0.009393 5e-06

0.009356 6e-06

0.009462 8e-06

0.009483 5e-06

0.009487 6e-06

0.009392 5e-06

0.009257 6e-06

0.009408 7e-06

0.009381 5e-06

0.009397 6e-06

0.009416 5e-06

0.009372 5e-06

0.009327 5e-06

0.009428 5e-06

0.0093 5e-06

0.009369 4e-06

0.009327 6e-06

0.009447 6e-06

0.009268 5e-06

0.009363 6e-06

0.009454 5e-06

0.009348 5e-06

0.009429 4e-06

0.009413 6e-06

0.009432 5e-06

0.009391 6e-06

0.009433 7e-06

0.009395 4e-06

0.009274 6e-06

0.009321 5e-06

0.009325 4e-06

0.009379 7e-06

0.0095 5e-06

0.00944 5e-06

0.00936 5e-06

0.009363 5e-06

0.009369 5e-06

0.009381 6e-06

0.009438 4e-06

0.009318 6e-06

0.009458 5e-06

0.009332 6e-06

0.009481 6e-06

0.009303 6e-06

0.009406 4e-06

0.009318 5e-06

0.009263 5e-06

0.009373 5e-06

0.009384 4e-06

0.009311 8e-06

0.009744 5e-06

0.009325 5e-06

0.00938 6e-06

0.009349 5e-06

0.009331 4e-06

0.009321 6e-06

0.009367 6e-06

0.00952 4e-06

0.009316 6e-06

0.009292 6e-06

0.009587 6e-06

0.00939 6e-06

0.009416 4e-06

0.009426 4e-06

0.009442 4e-06

0.009351 6e-06

