0.004366 5e-06

0.004412 4e-06

0.004278 3e-06

0.004359 4e-06

0.004335 4e-06

0.00437 3e-06

0.004356 4e-06

0.004425 4e-06

0.004362 4e-06

0.004382 4e-06

0.00434 4e-06

0.004362 4e-06

0.00438 4e-06

0.004401 5e-06

0.00437 4e-06

0.005369 1e-05

0.004882 7e-06

0.004419 5e-06

0.004382 6e-06

0.004383 4e-06

0.004343 4e-06

0.004355 5e-06

0.004365 5e-06

0.00432 4e-06

0.004358 5e-06

0.004405 3e-06

0.004331 4e-06

0.00432 4e-06

0.004375 5e-06

0.00434 4e-06

0.004326 4e-06

0.004319 4e-06

0.004322 4e-06

0.004288 5e-06

0.004338 3e-06

0.004359 4e-06

0.004348 5e-06

0.004375 5e-06

0.004357 5e-06

0.004374 4e-06

0.004403 4e-06

0.004326 4e-06

0.004325 4e-06

0.004355 5e-06

0.004335 3e-06

0.004377 3e-06

0.004343 6e-06

0.004366 4e-06

0.004424 4e-06

0.004352 4e-06

0.004354 4e-06

0.004329 4e-06

0.004394 4e-06

0.004314 4e-06

0.004329 4e-06

0.004338 5e-06

0.004395 4e-06

0.004371 3e-06

0.004313 5e-06

0.004333 6e-06

0.00448 4e-06

0.004351 4e-06

0.00436 4e-06

0.004333 5e-06

0.00434 4e-06

0.004385 5e-06

0.00433 4e-06

0.004342 6e-06

0.004372 4e-06

0.004327 3e-06

0.004352 1.2e-05

0.005281 9e-06

0.004418 6e-06

0.004357 4e-06

0.004348 4e-06

0.004517 5e-06

0.004321 5e-06

0.004371 3e-06

0.004298 4e-06

0.004327 4e-06

0.004309 3e-06

0.004372 4e-06

0.004354 4e-06

0.004348 4e-06

0.004369 4e-06

0.004412 3e-06

0.004364 4e-06

0.004319 4e-06

0.004352 5e-06

0.004365 4e-06

0.004353 4e-06

0.004315 4e-06

0.004333 3e-06

0.004352 4e-06

0.004332 4e-06

0.004337 5e-06

0.004388 4e-06

0.004362 4e-06

0.004388 3e-06

0.004342 3e-06

0.004374 4e-06

0.004399 5e-06

0.004365 4e-06

0.004333 4e-06

0.004327 4e-06

0.004369 4e-06

0.004325 4e-06

0.004298 4e-06

0.004335 4e-06

0.004339 3e-06

0.004321 4e-06

0.004362 3e-06

0.004337 3e-06

0.004399 5e-06

0.004383 3e-06

0.004309 4e-06

0.004349 5e-06

0.004345 3e-06

0.004324 5e-06

0.004371 5e-06

0.004353 4e-06

0.004365 4e-06

0.004322 3e-06

0.00432 4e-06

0.004351 3e-06

0.004393 4e-06

0.004297 4e-06

0.004366 3e-06

0.004269 4e-06

0.004371 5e-06

0.004319 5e-06

0.004322 5e-06

0.004293 4e-06

0.004395 4e-06

0.004317 4e-06

0.004339 3e-06

0.004348 4e-06

0.004331 4e-06

0.004351 4e-06

0.004344 4e-06

0.004397 6e-06

0.004422 4e-06

0.004358 5e-06

0.00435 4e-06

0.004396 4e-06

0.004412 4e-06

0.004324 4e-06

0.0043 4e-06

0.004342 5e-06

0.004385 3e-06

0.004319 4e-06

0.004369 4e-06

0.004304 6e-06

0.004414 4e-06

0.004348 3e-06

0.004437 6e-06

0.004341 4e-06

0.004352 3e-06

0.004306 4e-06

0.004403 4e-06

0.004312 5e-06

0.004382 4e-06

0.004328 4e-06

0.004329 4e-06

0.004398 4e-06

0.004392 3e-06

0.004313 4e-06

0.004294 3e-06

0.004319 4e-06

0.004363 4e-06

0.00433 5e-06

0.004429 4e-06

0.004366 4e-06

0.004391 5e-06

0.004464 4e-06

0.004316 3e-06

0.004342 3e-06

0.00435 4e-06

0.004349 4e-06

0.004292 4e-06

0.004384 6e-06

0.004442 4e-06

0.004434 4e-06

0.004334 4e-06

0.004365 5e-06

0.004391 4e-06

0.004329 4e-06

0.004362 4e-06

0.004359 4e-06

0.00442 4e-06

0.004376 4e-06

0.004315 3e-06

0.004349 4e-06

0.004384 4e-06

0.004273 4e-06

0.004328 4e-06

0.004346 4e-06

0.004374 4e-06

0.004323 4e-06

0.00429 4e-06

0.004376 4e-06

0.004362 5e-06

0.004339 4e-06

0.004325 4e-06

0.004475 4e-06

0.004377 4e-06

0.004382 5e-06

0.004412 3e-06

0.004311 4e-06

0.004409 4e-06

0.004314 5e-06

0.004339 4e-06

0.004321 4e-06

0.004362 4e-06

0.004338 4e-06

0.004323 4e-06

0.004355 5e-06

0.004331 3e-06

0.004337 5e-06

0.004316 3e-06

0.004403 6e-06

0.004473 4e-06

0.004348 4e-06

0.004346 5e-06

0.00437 4e-06

0.004343 3e-06

0.004319 3e-06

0.004328 4e-06

0.004358 4e-06

0.004353 4e-06

0.004329 5e-06

0.004353 3e-06

0.004346 4e-06

0.004382 4e-06

0.00429 4e-06

0.004532 5e-06

0.004365 5e-06

0.004396 3e-06

0.004353 4e-06

0.004315 5e-06

0.004351 5e-06

0.00441 3e-06

0.004345 4e-06

0.004293 3e-06

0.004467 5e-06

0.004381 4e-06

0.004365 5e-06

0.004385 6e-06

0.004424 4e-06

0.004351 5e-06

0.004326 3e-06

0.004329 5e-06

0.004309 4e-06

0.004379 4e-06

0.00434 4e-06

0.004312 4e-06

0.00437 4e-06

0.004341 5e-06

0.004383 3e-06

0.004284 4e-06

0.004424 6e-06

0.004407 5e-06

0.004397 5e-06

0.00436 4e-06

0.004336 4e-06

0.004368 4e-06

0.004357 4e-06

0.004331 3e-06

0.004315 6e-06

0.00438 4e-06

0.004381 4e-06

0.004336 4e-06

0.004327 6e-06

0.004327 4e-06

0.00436 4e-06

0.004348 4e-06

0.004333 6e-06

0.004319 3e-06

0.004355 4e-06

0.004329 4e-06

0.004379 5e-06

0.004348 5e-06

0.004337 4e-06

0.004324 4e-06

0.004398 4e-06

0.004374 4e-06

0.004368 5e-06

0.004337 4e-06

0.004356 4e-06

0.004315 4e-06

0.004427 4e-06

0.004344 4e-06

0.004318 4e-06

0.004365 5e-06

0.004384 3e-06

0.004362 4e-06

0.00437 5e-06

0.004311 3e-06

0.004377 4e-06

0.004323 4e-06

0.00438 6e-06

0.004422 4e-06

0.004426 4e-06

0.004306 4e-06

0.00439 5e-06

0.004375 5e-06

0.004462 4e-06

0.004311 4e-06

0.004308 5e-06

0.004344 4e-06

0.004385 5e-06

0.004277 6e-06

0.00442 6e-06

0.004374 4e-06

0.004358 4e-06

0.004321 6e-06

0.004304 4e-06

0.004321 4e-06

0.004314 4e-06

0.004325 4e-06

0.004344 3e-06

0.004311 3e-06

0.004331 4e-06

0.004332 3e-06

0.00435 4e-06

0.004408 3e-06

0.004359 4e-06

0.004307 4e-06

0.004368 4e-06

0.004302 4e-06

0.004341 5e-06

0.004318 5e-06

0.004318 4e-06

0.004337 4e-06

0.004382 5e-06

0.004393 3e-06

0.004374 5e-06

0.004305 5e-06

0.004422 5e-06

0.004328 5e-06

0.004396 7e-06

0.004423 5e-06

0.004388 4e-06

0.004389 4e-06

0.004412 4e-06

0.004387 4e-06

0.004369 3e-06

0.004335 3e-06

0.004357 3e-06

0.004324 4e-06

0.004348 5e-06

0.004313 4e-06

0.004318 4e-06

0.004384 4e-06

0.004366 4e-06

0.004334 5e-06

0.004359 4e-06

0.004328 4e-06

0.004342 4e-06

0.004342 5e-06

0.004358 5e-06

0.004312 5e-06

0.004361 3e-06

0.004313 3e-06

0.00435 5e-06

0.004352 4e-06

0.004375 3e-06

0.004356 4e-06

0.004346 4e-06

0.004334 4e-06

0.004335 4e-06

0.004359 4e-06

0.004344 4e-06

0.004338 5e-06

0.004389 4e-06

0.004346 4e-06

0.0044 5e-06

0.004326 3e-06

0.004365 4e-06

0.004385 4e-06

0.004398 5e-06

0.004338 4e-06

0.004332 4e-06

0.004321 3e-06

0.004391 4e-06

0.004339 4e-06

0.00436 5e-06

0.004343 5e-06

0.004313 4e-06

0.004329 4e-06

0.004367 4e-06

0.004308 4e-06

0.004401 3e-06

0.004333 4e-06

0.004372 5e-06

0.004386 5e-06

0.004383 5e-06

0.004345 5e-06

0.0044 4e-06

0.00434 5e-06

0.004337 4e-06

0.004346 4e-06

0.004392 6e-06

0.004324 5e-06

0.00442 4e-06

0.004404 5e-06

0.004375 5e-06

0.004315 3e-06

0.004362 4e-06

0.004324 4e-06

0.004343 4e-06

0.004314 4e-06

0.004373 5e-06

0.004298 4e-06

0.004375 4e-06

0.004431 4e-06

0.004338 3e-06

0.004369 4e-06

0.004385 4e-06

0.004393 4e-06

0.004449 6e-06

0.004355 4e-06

0.004403 4e-06

0.004362 5e-06

0.004399 4e-06

0.004381 4e-06

0.004377 5e-06

0.004342 4e-06

0.00431 4e-06

0.004352 3e-06

0.004349 5e-06

0.004481 5e-06

0.004374 4e-06

0.004313 3e-06

0.004307 4e-06

0.004317 4e-06

0.004343 3e-06

0.004314 4e-06

0.00434 5e-06

0.004388 6e-06

0.004377 4e-06

0.004331 4e-06

0.00433 3e-06

0.004295 4e-06

0.004371 4e-06

0.004357 4e-06

0.004386 5e-06

0.004318 4e-06

0.00432 3e-06

0.004326 4e-06

0.004367 4e-06

0.004309 4e-06

0.004356 3e-06

0.004333 4e-06

0.004398 3e-06

0.004299 4e-06

0.004363 4e-06

0.00434 4e-06

0.004393 3e-06

0.004338 4e-06

0.004439 6e-06

0.004372 4e-06

0.004384 4e-06

0.004344 4e-06

0.004353 3e-06

0.004364 3e-06

0.004334 4e-06

0.004304 4e-06

0.00435 5e-06

0.004325 4e-06

0.004386 5e-06

0.004306 4e-06

0.004385 4e-06

0.004308 3e-06

0.004343 6e-06

0.004324 5e-06

0.004347 4e-06

0.004309 3e-06

0.004347 5e-06

0.004368 3e-06

0.004386 4e-06

0.004369 3e-06

0.004327 4e-06

0.004316 4e-06

0.004415 5e-06

0.004329 3e-06

0.004348 4e-06

0.004324 4e-06

0.00432 5e-06

0.004355 4e-06

0.00437 4e-06

0.004399 4e-06

0.004299 6e-06

0.004369 4e-06

0.004373 4e-06

0.004314 4e-06

0.004367 4e-06

0.00434 5e-06

0.004362 4e-06

0.004351 4e-06

0.004432 6e-06

0.004334 4e-06

0.004368 4e-06

0.004374 5e-06

0.004393 4e-06

0.004384 4e-06

0.004303 4e-06

0.00436 4e-06

0.004349 4e-06

0.00433 4e-06

0.004324 5e-06

0.004317 5e-06

0.004347 4e-06

0.004301 3e-06

0.00444 4e-06

0.004359 4e-06

0.004342 4e-06

0.004328 4e-06

0.004336 4e-06

0.004346 4e-06

0.004293 4e-06

0.004389 4e-06

0.00434 4e-06

0.004312 4e-06

0.004331 5e-06

0.004451 4e-06

0.004403 4e-06

0.004372 4e-06

0.004303 4e-06

0.004326 4e-06

0.004381 4e-06

0.004349 3e-06

0.004344 4e-06

0.004361 4e-06

0.004342 4e-06

0.004308 4e-06

0.004322 4e-06

0.004336 4e-06

0.004429 4e-06

0.004311 4e-06

0.004402 6e-06

0.004339 5e-06

0.004328 4e-06

0.004315 5e-06

0.004409 6e-06

0.004367 5e-06

0.004369 4e-06

0.004323 3e-06

0.00434 3e-06

0.004331 4e-06

0.004364 4e-06

0.00435 4e-06

0.004308 4e-06

0.004344 3e-06

0.00441 7e-06

0.004375 6e-06

0.004322 4e-06

0.004363 4e-06

0.004388 4e-06

0.004326 5e-06

0.004375 4e-06

0.004366 4e-06

0.004386 4e-06

0.004318 4e-06

0.004353 4e-06

0.004335 4e-06

0.004357 4e-06

0.004379 5e-06

0.004357 3e-06

0.004389 5e-06

0.004387 4e-06

0.004333 3e-06

0.004338 4e-06

0.004356 3e-06

0.004365 5e-06

0.004485 4e-06

0.004335 5e-06

0.004343 4e-06

0.004391 4e-06

0.004367 4e-06

0.004383 6e-06

0.004342 5e-06

0.004384 4e-06

0.004303 4e-06

0.004334 4e-06

0.004406 3e-06

0.004399 4e-06

0.00438 4e-06

0.00433 4e-06

0.004322 4e-06

0.004331 3e-06

0.004314 4e-06

0.00435 6e-06

0.004308 4e-06

0.004345 4e-06

0.004352 4e-06

0.004328 4e-06

0.004351 5e-06

0.004391 3e-06

0.004349 4e-06

0.004302 5e-06

0.004324 4e-06

0.004383 4e-06

0.004346 4e-06

0.004334 4e-06

0.00436 3e-06

0.004358 5e-06

0.004384 4e-06

0.004371 5e-06

0.004314 3e-06

0.004349 5e-06

0.004339 4e-06

0.004307 4e-06

0.004312 3e-06

0.004381 4e-06

0.004346 4e-06

0.004312 5e-06

0.004283 4e-06

0.004401 4e-06

0.004354 4e-06

0.004389 6e-06

0.00436 4e-06

0.004357 3e-06

0.004315 4e-06

0.00434 4e-06

0.00435 4e-06

0.004338 4e-06

0.004396 4e-06

0.004312 4e-06

0.004355 4e-06

0.004366 4e-06

0.004324 5e-06

0.004357 5e-06

0.004355 3e-06

0.004359 6e-06

0.004339 3e-06

0.004355 5e-06

0.004313 5e-06

0.004357 4e-06

0.004347 3e-06

0.004329 4e-06

0.004307 4e-06

0.004444 4e-06

0.004446 4e-06

0.004364 4e-06

0.004364 4e-06

0.004393 3e-06

0.004342 4e-06

0.00433 4e-06

0.00432 4e-06

0.004367 4e-06

0.004454 4e-06

0.004337 3e-06

0.004332 4e-06

0.004362 5e-06

0.004366 4e-06

0.004316 3e-06

0.004313 4e-06

0.004304 4e-06

0.00434 4e-06

0.004313 9e-06

0.004402 4e-06

0.004348 4e-06

0.004342 5e-06

0.004382 4e-06

0.004352 5e-06

0.004295 5e-06

0.004392 4e-06

0.004365 5e-06

0.004344 4e-06

0.004411 4e-06

0.004349 4e-06

0.00436 5e-06

0.004362 3e-06

0.004313 4e-06

0.004362 4e-06

0.004409 4e-06

0.004326 4e-06

0.004329 5e-06

0.004366 3e-06

0.004321 4e-06

0.004314 5e-06

0.004324 4e-06

0.004456 5e-06

0.004368 4e-06

0.004312 4e-06

0.004371 4e-06

0.004436 4e-06

0.004346 4e-06

0.004282 4e-06

0.004344 4e-06

0.004335 4e-06

0.004359 4e-06

0.004306 4e-06

0.004354 4e-06

0.00437 5e-06

0.004389 4e-06

0.004338 4e-06

0.004321 5e-06

0.004374 4e-06

0.004374 7e-06

0.004397 4e-06

0.004284 4e-06

0.004367 4e-06

0.004419 4e-06

0.004358 4e-06

0.004349 4e-06

0.004449 4e-06

0.004324 5e-06

0.004402 4e-06

0.004406 4e-06

0.004321 4e-06

0.004314 4e-06

0.004388 4e-06

0.004309 7e-06

0.004423 4e-06

0.004331 5e-06

0.004306 5e-06

0.004358 4e-06

0.004379 5e-06

0.004371 4e-06

0.00433 4e-06

0.004319 5e-06

0.004383 3e-06

0.004391 5e-06

0.004403 4e-06

0.004289 4e-06

0.004403 3e-06

0.004332 3e-06

0.004363 5e-06

0.004306 5e-06

0.004377 4e-06

0.004353 5e-06

0.004398 4e-06

0.004369 5e-06

0.004401 4e-06

0.004419 4e-06

0.004399 4e-06

0.004364 4e-06

0.00442 4e-06

0.004401 6e-06

0.004334 4e-06

0.004328 4e-06

0.004342 4e-06

0.004406 4e-06

0.004345 5e-06

0.004334 4e-06

0.00434 4e-06

0.004366 5e-06

0.004372 4e-06

0.004311 3e-06

0.004341 3e-06

0.00436 3e-06

0.004395 3e-06

0.004326 4e-06

0.004407 4e-06

0.004395 5e-06

0.004485 4e-06

0.004325 4e-06

0.00445 6e-06

0.004358 4e-06

0.004467 4e-06

0.004292 4e-06

0.004364 4e-06

0.004334 4e-06

0.004378 4e-06

0.004341 4e-06

0.00438 4e-06

0.004308 4e-06

0.004379 4e-06

0.004373 3e-06

0.00432 4e-06

0.004333 4e-06

0.004322 4e-06

0.004304 5e-06

0.004342 4e-06

0.004338 4e-06

0.004344 4e-06

0.004363 5e-06

0.004464 4e-06

0.004415 6e-06

0.004388 4e-06

0.004317 5e-06

0.004391 4e-06

0.004364 4e-06

0.004357 5e-06

0.004325 4e-06

0.004411 4e-06

0.004342 5e-06

0.004412 4e-06

0.004389 3e-06

0.004381 4e-06

0.00432 3e-06

0.004371 3e-06

0.004328 6e-06

0.004355 5e-06

0.004346 4e-06

0.004377 4e-06

0.004303 3e-06

0.004339 4e-06

0.004332 5e-06

0.004419 4e-06

0.004322 4e-06

0.004347 5e-06

0.004345 5e-06

0.004445 4e-06

0.004349 3e-06

0.004336 4e-06

0.004328 5e-06

0.004368 4e-06

0.004359 4e-06

0.004383 4e-06

0.00433 4e-06

0.00437 4e-06

0.004322 4e-06

0.004352 4e-06

0.004333 5e-06

0.00434 5e-06

0.004346 5e-06

0.0044 4e-06

0.004381 5e-06

0.00442 4e-06

0.004315 5e-06

0.004397 5e-06

0.004434 4e-06

0.004441 4e-06

0.004273 4e-06

0.004374 5e-06

0.004371 5e-06

0.00439 3e-06

0.004347 3e-06

0.004331 4e-06

0.004381 4e-06

0.004415 4e-06

0.00434 3e-06

0.004359 4e-06

0.004391 4e-06

0.004384 4e-06

0.004336 4e-06

0.004347 5e-06

0.004395 4e-06

0.004422 4e-06

0.004338 3e-06

0.004389 3e-06

0.004412 3e-06

0.004392 5e-06

0.004351 5e-06

0.004427 4e-06

0.004362 4e-06

0.004337 5e-06

0.004338 4e-06

0.004351 3e-06

0.004374 5e-06

0.004335 4e-06

0.004342 5e-06

0.004374 3e-06

0.004309 5e-06

0.004426 3e-06

0.004338 3e-06

0.004343 3e-06

0.004372 6e-06

0.00438 5e-06

0.004433 4e-06

0.0043 4e-06

0.004371 4e-06

0.004332 4e-06

0.00433 4e-06

0.00437 4e-06

0.004357 4e-06

0.004434 4e-06

0.004329 4e-06

0.004333 5e-06

0.004336 5e-06

0.004371 5e-06

0.004358 5e-06

0.004316 4e-06

0.004344 4e-06

0.004356 4e-06

0.004329 4e-06

0.004348 4e-06

0.004382 5e-06

0.004366 4e-06

0.004334 6e-06

0.004413 4e-06

0.004377 3e-06

0.004399 5e-06

0.004348 4e-06

0.004439 6e-06

0.004377 5e-06

0.00438 4e-06

0.004431 4e-06

0.004338 4e-06

0.004384 3e-06

0.004335 4e-06

0.004323 4e-06

0.004342 4e-06

0.004364 4e-06

0.004294 4e-06

0.004349 5e-06

0.004342 4e-06

0.004398 6e-06

0.004307 4e-06

0.00436 4e-06

0.004336 4e-06

0.004384 4e-06

0.004414 5e-06

0.00431 4e-06

0.004375 4e-06

0.004385 4e-06

0.004329 4e-06

0.0044 4e-06

0.004269 3e-06

0.004314 5e-06

0.004316 4e-06

0.004352 4e-06

0.004347 3e-06

0.004375 5e-06

0.004331 3e-06

0.004323 4e-06

0.00434 4e-06

0.004333 4e-06

0.004307 4e-06

0.004316 3e-06

0.004359 3e-06

0.004391 3e-06

0.004347 3e-06

0.004336 3e-06

0.004399 4e-06

0.004362 3e-06

0.004317 4e-06

0.004319 4e-06

0.004346 4e-06

0.004373 4e-06

0.004354 4e-06

0.004441 4e-06

0.004401 4e-06

0.004373 4e-06

0.004359 4e-06

0.004331 3e-06

0.004346 4e-06

0.004446 6e-06

0.004341 4e-06

0.004345 4e-06

0.004324 4e-06

0.004385 4e-06

0.004351 5e-06

0.004374 4e-06

0.00436 5e-06

0.004518 4e-06

0.00432 4e-06

0.004338 3e-06

0.004375 4e-06

0.004377 5e-06

0.00435 5e-06

0.004518 5e-06

0.004306 3e-06

0.00434 4e-06

0.0043 4e-06

0.004383 3e-06

0.00433 4e-06

0.00439 5e-06

0.004345 6e-06

0.004419 4e-06

0.004335 3e-06

0.004369 4e-06

0.004398 3e-06

0.004341 5e-06

0.004451 5e-06

0.004354 5e-06

0.004317 4e-06

0.004327 3e-06

0.004339 4e-06

0.004402 3e-06

0.004314 5e-06

0.004362 4e-06

0.004338 5e-06

0.004502 4e-06

0.004316 3e-06

0.004331 5e-06

0.00435 4e-06

0.004408 5e-06

0.004372 4e-06

0.004327 4e-06

0.004346 3e-06

0.004349 4e-06

0.004347 3e-06

0.00435 3e-06

0.004374 4e-06

0.004397 4e-06

0.004371 4e-06

0.004309 4e-06

0.004378 4e-06

0.004406 5e-06

0.004381 3e-06

0.004301 4e-06

0.004355 4e-06

0.00438 4e-06

0.004356 4e-06

0.004314 4e-06

0.004335 3e-06

