0.016759 0.000184

0.016857 0.000147

0.01666 0.000164

0.016755 0.000144

0.016916 0.000142

0.016891 0.000115

0.01674 0.000159

0.016695 0.000139

0.016772 0.000122

0.01663 0.000139

0.016806 0.000123

0.016964 0.000141

0.016626 0.00016

0.017116 0.000154

0.017152 8.6e-05

0.016764 0.000115

0.016805 0.000126

0.017164 0.000145

0.016864 0.000147

0.016838 0.000149

0.016944 0.000193

0.016858 0.000154

0.016678 0.0001

0.016695 0.000121

0.01686 0.00013

0.016627 0.000135

0.016735 0.000108

0.016781 0.000114

0.016688 0.000132

0.016755 0.000185

0.017013 0.000191

0.016692 0.000127

0.01673 0.000174

0.01662 0.000163

0.016945 0.0001

0.016633 0.000125

0.016799 9.1e-05

0.016793 0.000133

0.016797 0.000116

0.016779 0.000181

0.016719 0.000151

0.016679 0.000123

0.016665 0.000152

0.016604 0.000188

0.016692 0.000153

0.016603 0.000123

0.016784 0.000121

0.01659 0.00015

0.017008 0.000124

0.0167 0.000152

0.016783 0.000193

0.016966 0.000107

0.017147 8.5e-05

0.016701 0.000135

0.016771 0.000226

0.016632 0.000146

0.017135 0.000112

0.016723 0.000132

0.016869 0.000161

0.016743 0.000114

0.016876 0.000174

0.016671 0.000178

0.01676 0.00011

0.016782 0.00018

0.016636 0.00013

0.017174 0.000126

0.016748 0.000149

0.016798 0.000104

0.016969 0.000108

0.016654 0.000136

0.016693 0.000207

0.016693 9.7e-05

0.0173 0.000109

0.016663 0.000115

0.017055 0.000147

0.01713 0.000112

0.017306 0.000101

0.016873 0.000118

0.017088 0.000146

0.016703 0.000155

0.016916 0.000109

0.0169 0.000121

0.01709 0.00011

0.016557 9.7e-05

0.016799 0.000183

0.016703 0.000141

0.017059 0.000159

0.016696 0.00011

0.016649 0.000103

0.016685 0.000161

0.01677 0.00017

0.016756 0.000151

0.016548 0.000149

0.016821 0.000136

0.016485 0.000113

0.017 0.000144

0.016834 0.000115

0.01681 0.000124

0.016831 0.000118

0.016701 0.000151

0.017444 0.000157

0.017059 0.000123

0.016714 0.000141

0.017047 0.000107

0.016652 0.000135

0.016699 0.000107

0.016768 0.000175

0.016947 0.000125

0.016763 9.2e-05

0.016836 0.000144

0.016902 0.000112

0.01721 0.000112

0.016757 0.000168

0.016959 0.00018

0.016765 0.00017

0.017068 0.000147

0.0169 0.00017

0.017001 8.8e-05

0.016809 0.00011

0.017059 0.000192

0.0167 0.000113

0.016726 0.000124

0.016712 0.000137

0.016716 0.000135

0.017066 0.000131

0.01677 0.000104

0.016694 0.00013

0.016794 0.000113

0.016737 8.9e-05

0.01678 0.000206

0.016593 0.000158

0.016791 0.000172

0.016753 0.000122

0.016736 0.000115

0.016973 0.000137

0.017119 0.000176

0.016954 0.000131

0.01675 0.000199

0.016824 0.000143

0.016506 0.000122

0.016791 0.000124

0.016718 0.00014

0.016562 0.000161

0.016726 0.000107

0.017039 0.000133

0.016647 0.000135

0.016668 0.000135

0.016654 0.000174

0.01701 0.000107

0.016655 0.000177

0.016863 0.000122

0.016653 0.000142

0.016794 0.000157

0.017011 0.000135

0.01659 0.000139

0.017121 0.000103

0.016719 0.000119

0.017009 9.2e-05

0.016934 0.000149

0.017297 0.000144

0.016795 0.000126

0.016665 0.000128

0.016632 0.000104

0.016645 0.000118

0.016927 0.000115

0.016655 0.000176

0.016998 0.000153

0.01666 0.00018

0.01658 9.8e-05

0.016776 0.000165

0.017146 0.000105

0.016711 0.000163

0.017103 0.000138

0.016868 0.000152

0.016731 0.000153

0.016706 0.000174

0.016689 0.000109

0.017024 0.000169

0.01697 0.000143

0.016632 0.000101

0.016736 0.000142

0.01725 0.000112

0.016724 0.000147

0.017041 0.000117

0.016598 0.000179

0.016786 0.000132

0.01666 0.000176

0.016657 0.000168

0.016747 0.00011

0.016783 0.000115

0.016674 0.000105

0.016671 0.000119

0.017121 0.000129

0.016735 0.000116

0.016721 0.000105

0.016742 0.000115

0.016572 0.000139

0.016648 0.000164

0.016648 0.000113

0.017053 0.000166

0.016741 0.000141

0.017138 0.000128

0.016799 0.000156

0.016671 0.00013

0.01675 0.000123

0.016835 0.000119

0.016875 0.000212

0.016655 0.000113

0.01688 0.000114

0.016917 0.00016

0.017048 0.000109

0.016562 0.000187

0.016698 9e-05

0.016758 0.000139

0.016775 0.000137

0.01685 0.000126

0.016787 0.000174

0.016705 0.000129

0.017151 0.000159

0.016737 9.9e-05

0.016665 0.000157

0.016597 0.000127

0.016626 0.000114

0.016645 0.000139

0.017095 0.000134

0.016678 0.000148

0.016744 0.000103

0.016623 0.000134

0.01648 0.000119

0.016863 0.000137

0.016704 0.000114

0.016521 0.00018

0.016694 0.000171

0.016706 0.000114

0.016898 0.000118

0.016507 0.000126

0.01693 0.000151

0.016636 0.000133

0.016813 0.000121

0.016774 0.000131

0.016796 0.000121

0.01685 0.000133

0.01678 0.000139

0.017066 0.000148

0.016623 0.000169

0.016682 0.000123

0.016812 0.000176

0.016718 0.000149

0.016791 0.000132

0.01693 0.000172

0.016643 0.000145

0.016758 0.000144

0.016647 0.000138

0.016759 0.00014

0.01662 0.000156

0.016941 0.000118

0.016735 0.000154

0.016758 8.6e-05

0.016756 0.000149

0.017012 0.000105

0.016698 0.000141

0.017247 0.000121

0.016901 0.000148

0.017223 0.000146

0.016907 0.000117

0.01717 0.000141

0.017111 0.000148

0.016727 0.000114

0.016668 0.000171

0.016404 0.000135

0.016721 0.000139

0.016646 0.000122

0.017119 0.000134

0.017162 0.000149

0.016844 0.00011

0.016725 0.000102

0.016962 0.000148

0.01665 0.000128

0.016828 0.000104

0.01672 0.000108

0.017045 0.000143

0.016547 0.000128

0.01677 0.000138

0.016682 0.000116

0.016727 0.000149

0.016664 0.000137

0.016883 0.000156

0.016859 0.000124

0.016679 0.000106

0.016812 0.000147

0.01663 0.000165

0.017146 0.000191

0.016732 0.000102

0.016633 0.000157

0.016634 0.000104

0.016619 0.000122

0.016672 0.000125

0.017272 0.000153

0.016553 0.000128

0.016606 0.000124

0.016677 0.000148

0.017268 0.000146

0.016747 0.000137

0.016641 0.000128

0.016712 0.000138

0.016964 0.000129

0.016688 0.000122

0.016853 0.000157

0.016635 0.000108

0.016651 0.000132

0.016834 0.000119

0.016743 0.000121

0.017073 0.000152

0.016634 0.000147

0.017065 0.000179

0.016599 0.000153

0.016856 0.000103

0.016662 0.000133

0.016854 0.000138

0.017118 0.000164

0.017001 0.00015

0.017184 0.000164

0.017075 0.000105

0.016953 0.000148

0.016746 0.000139

0.016729 0.000121

0.017087 0.000129

0.016749 0.000107

0.016791 0.000175

0.017072 0.000109

0.016793 0.000173

0.016866 8.4e-05

0.017279 0.000144

0.016719 0.000186

0.016865 9.2e-05

0.016631 0.00011

0.016747 0.000109

0.017133 0.000122

0.016819 0.000154

0.016666 0.000154

0.016602 0.000167

0.016636 0.000139

0.017114 0.000154

0.016626 0.000147

0.016732 0.000106

0.016679 0.000153

0.017081 0.000148

0.016724 0.000113

0.016651 9.1e-05

0.016618 0.000167

0.016639 0.000108

0.017291 0.000172

0.016636 0.000143

0.017199 0.00013

0.01708 0.00012

0.017038 0.000179

0.016675 0.000128

0.016572 0.000117

0.016842 0.000139

0.017086 0.000154

0.016613 0.000136

0.016981 0.000165

0.017153 9.4e-05

0.01675 0.000103

0.017113 0.000125

0.017185 0.000111

0.017224 0.00015

0.016576 0.000129

0.01715 0.00015

0.016612 0.000149

0.017097 0.000121

0.016665 0.000136

0.017097 0.000168

0.01682 0.000125

0.017159 0.000119

0.016704 0.000102

0.016853 0.000161

0.017111 0.000161

0.017033 0.000134

0.017217 0.000123

0.016776 0.000162

0.017086 0.00011

0.016767 0.000212

0.016793 0.000136

0.017075 0.000154

0.016797 0.00013

0.016647 0.000124

0.016696 0.000117

0.017109 0.000105

0.016707 0.000106

0.016755 0.000116

0.016627 0.000184

0.017021 0.000115

0.016771 0.00015

0.016787 0.000156

0.016674 0.000139

0.016588 0.000118

0.017051 0.000152

0.016669 0.000144

0.016787 0.000164

0.016749 0.000116

0.016661 0.00015

0.016631 0.000115

0.01652 0.000141

0.016981 0.000106

0.016595 0.000167

0.017101 0.000113

0.016963 0.000179

0.020779 0.000146

0.016775 0.000103

0.016795 0.000104

0.016752 0.000139

0.016629 0.000221

0.017189 0.00013

0.016835 0.000171

0.016688 0.000156

0.016672 0.000149

0.016639 0.000192

0.016722 0.000133

0.016979 0.000184

0.01672 0.000143

0.017002 0.000164

0.016666 9.6e-05

0.016812 0.000114

0.016731 0.000147

0.016816 0.000163

0.016733 0.000144

0.016728 0.000109

0.0167 0.000151

0.0168 0.000198

0.016891 0.000143

0.016547 0.000148

0.01677 0.000125

0.0166 0.000212

0.017111 0.000145

0.016698 0.000134

0.016666 0.000158

0.01692 0.000159

0.016622 0.000134

0.017116 0.00014

0.016787 0.000127

0.017046 0.000154

0.016755 0.000138

0.016678 0.000118

0.016907 0.000156

0.016954 0.000138

0.016757 0.000148

0.016517 0.000146

0.016616 0.00014

0.016527 0.000142

0.016849 0.000147

0.016644 0.000147

0.016818 8.8e-05

0.016612 0.00013

0.016631 0.00014

0.016643 9.3e-05

0.016747 0.000143

0.01658 0.000123

0.016755 0.00013

0.016822 0.000128

0.016988 0.000119

0.01675 0.000121

0.016679 0.000134

0.016708 0.000134

0.016873 0.000168

0.016782 0.000126

0.016714 0.00011

0.016876 0.000125

0.01684 0.00012

0.016816 0.000124

0.016754 0.000198

0.017032 0.000114

0.016544 0.000102

0.016756 0.000148

0.016701 0.000132

0.016794 0.000156

0.016611 0.000165

0.016591 0.000133

0.016979 0.000174

0.016603 0.000155

0.017118 0.000131

0.01679 0.000123

0.016844 0.000122

0.016762 0.000158

0.016462 0.000133

0.016683 0.000182

0.016741 0.000113

0.016565 0.000129

0.016565 0.000112

0.016461 0.000181

0.016962 0.000134

0.01683 0.00017

0.016577 0.000145

0.016925 9.9e-05

0.01703 0.000205

0.017126 0.000102

0.016695 0.000157

0.017046 0.000101

0.016687 0.000117

0.016624 0.000111

0.016685 0.000174

0.016753 0.000153

0.016863 0.000122

0.016501 0.000108

0.016806 0.000139

0.016939 0.000167

0.01681 0.000144

0.01668 0.000159

0.016703 0.000206

0.016687 0.000131

0.017252 0.000155

0.016694 0.000197

0.016747 0.000102

0.016672 0.000185

0.017166 0.000113

0.01662 0.00012

0.016842 0.000136

0.016821 0.000141

0.016745 0.000181

0.016574 0.000165

0.01671 0.000166

0.016627 0.000119

0.01714 9.8e-05

0.01701 0.000129

0.017069 0.000119

0.016753 0.000123

0.017031 0.000102

0.016789 9.5e-05

0.016691 0.000155

0.016647 0.000104

0.016704 0.000154

0.016611 9.1e-05

0.016809 0.000157

0.016645 0.000191

0.016722 0.000131

0.016526 0.000148

0.01686 0.000146

0.016677 0.000142

0.01673 0.000103

0.016787 0.000164

0.01668 0.000129

0.016781 0.000143

0.016873 0.000149

0.016732 0.000204

0.016721 0.000185

0.016672 0.000144

0.016936 0.000137

0.016771 0.000149

0.017054 0.000129

0.01674 0.000138

0.016715 0.000123

0.016725 0.000102

0.016625 0.000212

0.017139 0.000124

0.016982 0.000152

0.016886 0.000124

0.017082 0.000133

0.016828 0.000202

0.016576 0.00018

0.016877 9.5e-05

0.016634 0.000129

0.016824 0.000124

0.016615 0.000122

0.016881 0.000133

0.016511 0.000157

0.016976 0.000203

0.017088 0.000125

0.017135 0.000163

0.016831 0.000148

0.016647 0.000118

0.016679 0.000134

0.016682 0.000139

0.016647 0.000179

0.016693 8.9e-05

0.016826 0.000169

0.016663 0.000132

0.017066 9.1e-05

0.01685 0.000187

0.017174 9.6e-05

0.016838 0.00012

0.016713 0.000128

0.016668 0.00016

0.016793 0.000157

0.016858 9.8e-05

0.016714 0.000103

0.016619 0.00013

0.016558 0.000108

0.016778 0.00015

0.016705 0.000152

0.017164 0.000137

0.016713 0.000118

0.016936 0.000163

0.016806 0.000145

0.016561 0.000133

0.016775 0.000173

0.016743 0.000172

0.016813 0.000108

0.017135 9.5e-05

0.01688 0.000131

0.016682 0.000117

0.017069 0.000194

0.016647 0.000119

0.016745 0.000118

0.016911 0.000184

0.016769 0.00012

0.016569 0.000111

0.016695 0.000164

0.016958 0.000154

0.01672 0.000165

0.016677 0.000148

0.016716 0.000125

0.017095 0.000122

0.016614 0.000136

0.016613 0.000127

0.017091 0.000137

0.01716 0.000114

0.017095 9.2e-05

0.017043 0.000203

0.017185 0.000215

0.016874 0.000154

0.01663 0.000128

0.016784 0.000141

0.016749 0.000115

0.016818 0.000127

0.016711 0.00013

0.016571 0.000175

0.016869 0.000157

0.017365 0.000179

0.016801 0.000106

0.01713 0.000115

0.016739 0.000168

0.016765 0.000153

0.016784 0.000126

0.016639 0.000169

0.016936 0.000102

0.016648 0.000167

0.016675 0.000102

0.016688 0.000127

0.017132 0.000157

0.016783 0.000117

0.016673 0.00014

0.016869 0.000127

0.016679 9.4e-05

0.017281 0.000151

0.016989 0.000109

0.01712 0.000156

0.016548 0.000229

0.016796 0.000109

0.016659 0.000109

0.017089 0.000126

0.017024 0.000147

0.016832 0.000129

0.016637 0.00017

0.017111 0.00014

0.016711 0.000156

0.01682 0.000137

0.016957 0.000112

0.016763 9.6e-05

0.016733 0.000195

0.016701 0.000147

0.016751 0.000121

0.016586 0.000101

0.016873 0.000147

0.016876 0.000137

0.016865 0.000103

0.016667 0.00014

0.016723 0.000153

0.017061 0.000132

0.016487 0.000128

0.01716 0.000107

0.016963 0.000164

0.016833 0.000205

0.016692 0.000132

0.017214 0.000142

0.016727 0.000156

0.01702 0.000126

0.016659 0.000155

0.017352 0.000155

0.016646 0.000141

0.017157 0.000102

0.016783 0.000124

0.01685 0.000176

0.017156 0.000166

0.016702 9.5e-05

0.016723 0.000139

0.016551 0.000106

0.016713 0.000132

0.017023 0.000183

0.017177 0.000132

0.016585 0.000184

0.017133 0.000149

0.017102 0.000125

0.016993 0.000122

0.016544 0.000128

0.017254 0.000134

0.016516 0.000108

0.01671 0.000116

0.016833 0.000143

0.016771 0.000131

0.016657 0.000149

0.016737 0.000133

0.01725 0.000174

0.016621 0.000138

0.016659 0.000157

0.016823 0.000154

0.016685 0.000125

0.016819 0.000126

0.016747 0.0002

0.017083 0.000165

0.016881 0.000205

0.017029 0.000151

0.017065 0.000157

0.016705 0.000164

0.016671 0.000104

0.017009 0.000147

0.016789 0.000146

0.017115 0.000117

0.016811 0.000107

0.016647 0.000199

0.016724 0.000167

0.016969 0.00013

0.016926 0.000127

0.016867 0.000131

0.016821 0.000136

0.016931 0.000136

0.016712 0.000139

0.016691 0.000132

0.016718 0.000113

0.016665 0.000176

0.016707 0.000179

0.016781 0.000134

0.016672 0.000114

0.016681 0.000147

0.01669 8.4e-05

0.016715 0.000148

0.016847 0.00011

0.016681 0.00014

0.017066 0.000123

0.016562 0.00017

0.016698 0.000127

0.017044 9.9e-05

0.017147 0.000117

0.016639 0.000116

0.016845 0.000191

0.017014 0.000134

0.016818 0.000145

0.016686 0.000148

0.017351 0.000138

0.016719 0.000172

0.017485 0.000173

0.016726 0.00011

0.017151 0.000105

0.016627 0.000127

0.017096 0.000138

0.016776 9.2e-05

0.017254 0.00013

0.016753 0.00019

0.016836 0.000159

0.01711 0.00011

0.017109 0.000123

0.017045 0.000125

0.016694 0.000127

0.016744 0.000169

0.017034 0.000144

0.01675 0.000139

0.01707 0.000155

0.016986 8.6e-05

0.017145 0.000201

0.017034 0.000178

0.017155 0.000112

0.016809 0.000121

0.017082 0.000134

0.017149 0.000191

0.01701 0.000151

0.016726 0.000175

0.016656 0.000148

0.016727 0.00014

0.016703 0.000111

0.017274 0.000142

0.016669 0.000187

0.016615 0.00011

0.016687 0.000169

0.016833 0.000162

0.017172 0.00011

0.016596 0.000138

0.01718 0.000123

0.017095 9.1e-05

0.016686 0.00011

0.017091 0.000203

0.016628 0.000155

0.01685 0.000181

0.016796 0.000111

0.016765 0.000105

0.017025 0.000157

0.017274 0.000122

0.017016 0.000175

0.016804 0.000178

0.016685 9.9e-05

0.016756 0.000156

0.016824 0.000104

0.016723 0.000167

0.016982 0.000136

0.016757 0.000129

0.016889 0.00013

0.01695 0.000102

0.016827 0.000127

0.016591 0.000128

0.0173 0.000231

0.016829 9.9e-05

0.016727 0.000104

0.01706 0.000132

0.016867 0.000117

0.016853 0.000121

0.017198 0.000183

0.017021 0.000138

0.016779 0.00017

0.016769 0.000168

0.016803 9.4e-05

0.016794 0.000107

0.017157 0.000128

0.016853 0.000112

0.016689 0.000151

0.017552 0.000142

0.017034 0.000146

0.016821 0.000125

0.017055 0.000171

0.017004 0.000145

0.016878 0.00019

0.016626 0.000149

0.016587 0.00013

0.016925 0.000179

0.016564 0.000138

0.016687 0.000153

0.016721 0.000107

0.017199 0.000142

0.01668 0.000128

0.017169 0.000164

0.016731 9.4e-05

0.016999 0.000132

0.016695 0.000141

0.016685 0.000104

0.016726 0.000135

0.016768 0.000121

0.017239 0.000134

0.016742 0.000126

0.016626 0.000129

0.01672 0.000136

0.01689 0.000113

0.017102 0.00017

0.017123 0.000113

0.017076 8.8e-05

0.017398 0.000132

0.016863 0.000155

0.017254 0.000167

0.016711 0.000122

0.016705 0.000103

0.016746 0.000165

0.016704 0.000137

0.01718 0.000171

0.016823 0.000126

0.016726 0.000142

0.017095 0.000164

0.01668 0.000124

0.017304 0.000149

0.016722 0.000172

0.016964 0.000106

0.016712 0.00014

0.016687 0.000123

0.016656 0.000196

0.01722 0.00017

0.016585 0.000105

0.016633 0.000101

0.016614 0.000175

0.017 0.000183

0.016962 0.000165

0.016794 0.0002

0.016637 0.000133

0.016717 0.000117

0.017084 0.000133

0.016643 0.000107

0.016674 0.000169

0.01707 0.000169

0.016908 0.000135

0.016643 0.000135

0.016762 0.00016

0.016695 0.000108

0.017088 0.00012

0.016715 0.000145

0.017078 0.000107

0.016993 0.000197

0.017115 0.000108

0.016619 0.000164

0.016993 0.000127

0.016916 0.000153

0.016614 0.000103

0.016766 0.00015

0.017149 0.000109

0.016621 0.000108

0.016789 0.000136

0.017077 0.000145

0.016779 0.000192

0.016759 0.000196

0.016859 0.000159

0.017078 0.000106

0.017085 0.000137

0.017211 0.000155

0.016954 0.000134

0.016819 0.000115

0.016895 0.00013

0.016637 9.7e-05

0.01682 0.000116

0.016734 0.000142

0.017227 0.000136

0.016579 0.000116

0.016679 0.000156

0.016768 0.000115

0.017073 0.000111

0.016958 0.000113

0.016953 0.000122

0.016899 0.000139

0.016711 0.000192

0.016647 0.000121

0.01707 0.000118

0.017123 0.000125

0.017195 0.000129

0.016761 0.00016

0.016845 0.000119

0.017167 0.000113

0.016679 0.000109

0.016629 0.000122

0.017157 0.000131

0.016628 0.000145

0.017002 0.000115

0.016682 0.000131

0.017198 0.000147

0.017044 0.000148

0.016585 0.00018

0.016972 0.000127

0.016667 9.8e-05

0.017201 0.000113

0.016529 0.00011

0.016655 0.000138

0.016722 0.000136

0.016668 0.000197

0.01704 0.000116

0.016977 0.000139

0.016729 9.1e-05

0.017108 0.000128

0.016644 0.000153

0.016819 0.000146

0.016606 0.000201

0.016767 0.000166

0.016601 0.000143

0.018068 0.000191

0.016757 0.000158

0.016724 0.000107

0.017339 0.000125

0.016764 0.000173

0.016704 0.000189

0.016703 0.00013

0.016805 0.00013

0.017214 0.000176

0.017 0.00014

0.016846 0.000116

0.01659 0.000117

0.016646 0.000176

0.016741 0.000162

0.016811 0.0001

0.017094 0.000195

0.016734 0.000162

0.016612 0.00012

0.016764 0.00014

0.016977 0.000137

0.016667 0.000116

0.016641 0.000122

0.016667 0.000177

0.01678 0.000135

0.016742 0.000164

0.017486 0.000129

0.016877 9.4e-05

0.016814 0.000132

0.016637 0.000134

0.016703 0.000174

0.016569 0.000148

0.017256 0.000167

0.016624 0.000133

0.016744 0.000123

0.016586 0.000169

0.016601 0.000139

0.017056 0.000103

0.017182 0.000128

0.016696 0.00012

0.016953 0.000116

0.017039 0.000118

0.016696 0.000138

0.017326 0.000136

0.016717 0.000133

0.01716 0.00015

0.016869 0.000106

0.017127 0.000111

