0.042052 9.8e-05

0.039166 0.000101

0.038014 7.3e-05

0.038705 8.5e-05

0.040861 7.2e-05

0.040197 8.8e-05

0.037932 8.2e-05

0.038755 0.00012

0.038417 7.5e-05

0.037908 6.8e-05

0.038604 7.2e-05

0.038608 7.9e-05

0.038273 7.8e-05

0.037791 9.3e-05

0.0374 7.6e-05

0.037922 7.1e-05

0.040676 8.6e-05

0.040179 9e-05

0.038361 9.3e-05

0.038151 5.4e-05

0.0369 5.4e-05

0.038158 7.3e-05

0.044394 8.4e-05

0.041856 6.2e-05

0.037903 6.7e-05

0.039056 8.5e-05

0.037618 6e-05

0.037365 8.4e-05

0.041497 8.5e-05

0.039169 0.000111

0.038874 0.000103

0.037972 7.3e-05

0.037875 7.5e-05

0.038058 7.8e-05

0.036615 5.7e-05

0.039159 6.2e-05

0.039145 6.9e-05

0.039034 6.6e-05

0.039125 7.2e-05

0.037555 7.3e-05

0.038243 8.6e-05

0.038348 7.7e-05

0.038531 9.5e-05

0.038241 5.6e-05

0.037876 7.9e-05

0.037902 0.000141

0.038081 5.4e-05

0.037807 7.1e-05

0.038935 8.7e-05

0.037961 6.8e-05

0.038007 9.8e-05

0.038153 9.2e-05

0.038523 7.7e-05

0.038549 6.3e-05

0.03796 6e-05

0.038938 6.7e-05

0.037623 9.7e-05

0.038224 0.000105

0.048825 9.8e-05

0.043992 7.5e-05

0.041531 8.5e-05

0.043815 7.6e-05

0.040634 7.3e-05

0.039761 7.7e-05

0.03833 0.000103

0.039304 8.7e-05

0.039303 6.8e-05

0.039636 9.6e-05

0.038295 5.8e-05

0.038204 0.000123

0.038058 6.6e-05

0.039117 8.5e-05

0.040943 7.1e-05

0.042107 7.8e-05

0.038807 6.9e-05

0.037861 6.9e-05

0.037635 6.7e-05

0.037381 8.2e-05

0.039263 8.2e-05

0.039798 8.9e-05

0.03809 0.000102

0.036829 6.8e-05

0.037519 9e-05

0.039454 9.4e-05

0.037568 9e-05

0.041689 8.8e-05

0.040144 0.000104

0.038705 9.8e-05

0.038271 0.000103

0.037092 7.6e-05

0.037209 7.7e-05

0.050393 5.3e-05

0.040219 8.5e-05

0.038588 8.9e-05

0.053089 7.7e-05

0.040988 0.0001

0.041833 8.3e-05

0.03939 9e-05

0.038623 6.1e-05

0.036856 6.4e-05

0.041156 5.9e-05

0.036897 0.000111

0.037233 8e-05

0.039543 6.5e-05

0.037158 8.3e-05

0.039788 9.1e-05

0.039235 8.3e-05

0.039096 5.7e-05

0.037262 8.2e-05

0.037064 8.5e-05

0.037375 8.4e-05

0.038027 6.9e-05

0.037075 0.0001

0.036856 6.5e-05

0.037152 7.9e-05

0.037011 0.000102

0.037105 8.4e-05

0.036891 7.2e-05

0.037087 7.5e-05

0.037315 9.7e-05

0.036801 7.7e-05

0.036779 0.0001

0.037177 7.3e-05

0.03691 0.00011

0.036993 0.000104

0.038573 6.3e-05

0.036988 8e-05

0.036588 7.2e-05

0.036861 6.6e-05

0.036902 9e-05

0.037567 6.5e-05

0.037216 7.7e-05

0.037065 9.7e-05

0.037964 6.9e-05

0.038097 8.8e-05

0.036994 9e-05

0.03725 6.1e-05

0.03793 7.4e-05

0.038202 7.3e-05

0.043928 8.7e-05

0.037453 7.2e-05

0.037659 7.1e-05

0.037263 8.8e-05

0.037945 8.5e-05

0.03762 9.8e-05

0.03797 9.5e-05

0.037034 8.9e-05

0.038046 7.8e-05

0.038006 8.6e-05

0.037599 7.1e-05

0.037026 7.2e-05

0.03726 9.3e-05

0.03711 7.8e-05

0.038111 9.3e-05

0.03692 7.6e-05

0.036874 8e-05

0.037991 6.7e-05

0.036881 8.5e-05

0.03766 0.0001

0.037216 9.5e-05

0.037008 7.3e-05

0.036774 6.1e-05

0.037611 0.000107

0.037023 0.0001

0.037647 5.4e-05

0.037748 8.1e-05

0.03704 8.1e-05

0.037147 6.2e-05

0.037973 6.5e-05

0.037222 0.000114

0.036976 8.7e-05

0.037833 0.0001

0.037986 7.3e-05

0.036965 8.5e-05

0.03706 7.1e-05

0.037746 7.8e-05

0.03695 0.000103

0.037326 0.000105

0.037822 0.000102

0.037132 7.3e-05

0.037173 7e-05

0.037923 7.2e-05

0.036976 8.8e-05

0.037674 6e-05

0.037248 6.5e-05

0.036978 7.6e-05

0.037912 0.000103

0.037021 8e-05

0.03692 9.4e-05

0.038322 6.5e-05

0.03795 7.6e-05

0.037068 6.9e-05

0.037152 0.000102

0.036671 9e-05

0.037601 7.9e-05

0.03692 8e-05

0.03798 8.6e-05

0.036741 8.2e-05

0.041516 7.3e-05

0.036919 7.8e-05

0.038964 8.5e-05

0.038163 7.5e-05

0.036994 9e-05

0.037911 8.4e-05

0.037045 7.9e-05

0.036794 8.7e-05

0.036962 7e-05

0.03678 6.6e-05

0.037123 7.6e-05

0.037012 0.000108

0.036996 6.2e-05

0.036887 8.5e-05

0.036871 8.7e-05

0.037177 0.000101

0.038361 6.8e-05

0.03694 7.8e-05

0.037368 9.9e-05

0.037663 7.1e-05

0.036979 6.2e-05

0.038371 7.9e-05

0.038223 8.6e-05

0.037766 9.7e-05

0.037126 0.000103

0.037576 8.4e-05

0.037461 9.7e-05

0.038029 8.6e-05

0.036946 8.7e-05

0.037213 6e-05

0.037739 6.6e-05

0.037746 8.6e-05

0.03724 8.7e-05

0.036908 6.9e-05

0.037478 7.6e-05

0.037569 6.3e-05

0.036988 8.8e-05

0.036915 8.5e-05

0.036814 9.2e-05

0.036897 0.000102

0.037508 8.6e-05

0.037158 6.5e-05

0.036857 7.3e-05

0.037024 8e-05

0.037879 8.5e-05

0.03683 8.2e-05

0.037089 8e-05

0.036888 7.1e-05

0.037279 9.8e-05

0.03847 6.8e-05

0.037232 6.9e-05

0.037687 8.7e-05

0.037551 7.5e-05

0.037856 6.6e-05

0.038469 9e-05

0.03686 7.6e-05

0.037454 0.000104

0.037092 6.2e-05

0.037927 8.4e-05

0.036796 0.000108

0.036991 9e-05

0.0377 7.3e-05

0.037315 8.2e-05

0.037118 9.3e-05

0.037857 6.8e-05

0.036729 8.9e-05

0.036833 5.8e-05

0.036893 8.4e-05

0.037638 7.8e-05

0.03722 9.7e-05

0.036701 9.1e-05

0.036799 7.1e-05

0.037132 5e-05

0.037366 8.5e-05

0.03802 8.4e-05

0.036685 8.2e-05

0.036989 6.3e-05

0.037778 8.3e-05

0.036974 7.2e-05

0.037455 8.1e-05

0.036725 5.6e-05

0.037184 0.000104

0.037788 5.9e-05

0.037238 8.8e-05

0.03697 0.000114

0.037443 7.4e-05

0.036936 5.9e-05

0.038555 7.1e-05

0.037126 6.7e-05

0.037751 8.6e-05

0.037253 6.9e-05

0.036968 7.8e-05

0.037 8.4e-05

0.037947 7.3e-05

0.036999 7.8e-05

0.03706 6.6e-05

0.037781 7.8e-05

0.0369 0.000101

0.036939 7.4e-05

0.037732 9.7e-05

0.037215 7.7e-05

0.037404 6.4e-05

0.037372 5.2e-05

0.037921 7.3e-05

0.037905 9.7e-05

0.037868 6.2e-05

0.036994 8.9e-05

0.036806 6.4e-05

0.037933 0.000107

0.037196 0.000114

0.037602 7.6e-05

0.036752 0.000124

0.036978 6.4e-05

0.036847 0.000115

0.037816 8.3e-05

0.038083 9e-05

0.037435 9.3e-05

0.037073 5.5e-05

0.037075 8.5e-05

0.037124 8.6e-05

0.037465 8.7e-05

0.036722 0.0001

0.037032 6.7e-05

0.037005 0.000116

0.038223 8.8e-05

0.036974 5.9e-05

0.037671 6.4e-05

0.036726 6e-05

0.03797 8.4e-05

0.03688 6.6e-05

0.03718 8.4e-05

0.036827 8.5e-05

0.036936 7.7e-05

0.037173 8.9e-05

0.037618 0.000104

0.038563 6.6e-05

0.03714 0.000109

0.037263 5.8e-05

0.037733 8.1e-05

0.037649 7.6e-05

0.037602 8.9e-05

0.036758 0.000106

0.037297 7.9e-05

0.037634 5.2e-05

0.036953 6.6e-05

0.03789 6.4e-05

0.037247 8.5e-05

0.036831 6.1e-05

0.038255 7.8e-05

0.037045 6.4e-05

0.037736 7e-05

0.036867 5.8e-05

0.037902 8.2e-05

0.037577 5.7e-05

0.038197 6e-05

0.036872 7.3e-05

0.037188 7.8e-05

0.038272 7.5e-05

0.037624 6.5e-05

0.037538 0.000101

0.037071 8.1e-05

0.03669 8e-05

0.038089 9.2e-05

0.037194 6.3e-05

0.036711 8.9e-05

0.036857 9.1e-05

0.037046 8.7e-05

0.038877 7.9e-05

0.037425 6.6e-05

0.037099 6.9e-05

0.037971 8.8e-05

0.037013 6.4e-05

0.037131 9.9e-05

0.03679 0.000126

0.03691 8e-05

0.036782 6.4e-05

0.036928 8.5e-05

0.037302 7.4e-05

0.037002 7e-05

0.036599 9.6e-05

0.036889 6.6e-05

0.038759 7.9e-05

0.037132 9.3e-05

0.037147 6.4e-05

0.038018 7.7e-05

0.036851 7.4e-05

0.037405 8.9e-05

0.037816 7.9e-05

0.036889 7.1e-05

0.037143 6.6e-05

0.03784 8.2e-05

0.037828 8.6e-05

0.037685 9e-05

0.038016 8.3e-05

0.036921 7.3e-05

0.037978 7.5e-05

0.03719 0.000109

0.037585 7.7e-05

0.037143 6.7e-05

0.037542 9.8e-05

0.038524 8.1e-05

0.037854 8.7e-05

0.037858 7e-05

0.038059 5.3e-05

0.036951 8.5e-05

0.038144 8e-05

0.037889 8.2e-05

0.038096 6.7e-05

0.037011 8.2e-05

0.038313 7.6e-05

0.03749 6.4e-05

0.036751 8.5e-05

0.038108 9.2e-05

0.037955 5.8e-05

0.037921 6.2e-05

0.037525 7.9e-05

0.036921 9.7e-05

0.037775 7.5e-05

0.037629 5.8e-05

0.03688 0.000104

0.037093 9.3e-05

0.036961 8.3e-05

0.037111 9e-05

0.037037 0.000104

0.036927 6.3e-05

0.03699 8.7e-05

0.037069 7.9e-05

0.036957 7.9e-05

0.038766 8.2e-05

0.036772 0.000104

0.03681 6.8e-05

0.036792 0.0001

0.038051 7.8e-05

0.037465 5e-05

0.03835 7.4e-05

0.036845 9.6e-05

0.037157 9.2e-05

0.039012 9.7e-05

0.038145 8.5e-05

0.037757 8.7e-05

0.037881 8.4e-05

0.038039 6.4e-05

0.038146 7.3e-05

0.037618 7.8e-05

0.038061 7e-05

0.037007 8.7e-05

0.037058 8.2e-05

0.037284 7.6e-05

0.03793 8e-05

0.037077 8.1e-05

0.037361 8.6e-05

0.036937 7.4e-05

0.036829 0.00011

0.037033 7e-05

0.03691 5.9e-05

0.037692 5.8e-05

0.038117 8.5e-05

0.037282 8.8e-05

0.037084 7.6e-05

0.036975 6.8e-05

0.03701 7.6e-05

0.037737 7.9e-05

0.036964 0.000109

0.036974 6.5e-05

0.036941 7.5e-05

0.037453 7.1e-05

0.036985 7.6e-05

0.037082 9.1e-05

0.037832 8.5e-05

0.037077 6.9e-05

0.037059 7.4e-05

0.036953 9.6e-05

0.036857 0.0001

0.036893 7.3e-05

0.037092 6.8e-05

0.040565 6.7e-05

0.037206 8.2e-05

0.037641 0.000122

0.03688 6.1e-05

0.036853 9.4e-05

0.03806 5.3e-05

0.036982 7.1e-05

0.037287 6.2e-05

0.037273 0.000123

0.037927 8.6e-05

0.036995 8.3e-05

0.036957 8.3e-05

0.037102 7.2e-05

0.037035 0.000108

0.03759 7.3e-05

0.037053 6.9e-05

0.037039 9.6e-05

0.036867 8.4e-05

0.037927 9.2e-05

0.038221 8.1e-05

0.03674 9.1e-05

0.037875 8.2e-05

0.037581 7.6e-05

0.036915 8.3e-05

0.037759 7.3e-05

0.037509 8.9e-05

0.037116 9.2e-05

0.036874 9e-05

0.038213 5.2e-05

0.037315 0.00011

0.037558 7.4e-05

0.037052 9.8e-05

0.038113 7.6e-05

0.038057 5.6e-05

0.036897 8.9e-05

0.037649 0.0001

0.037611 6.8e-05

0.037744 7e-05

0.036809 8.5e-05

0.037161 9.4e-05

0.036802 8.4e-05

0.037265 7.1e-05

0.037529 7.2e-05

0.037046 0.000106

0.036765 7.2e-05

0.03706 5.8e-05

0.037987 8e-05

0.03731 8.4e-05

0.036828 0.000104

0.03694 8e-05

0.036901 7.7e-05

0.036935 8.8e-05

0.037707 7.9e-05

0.038034 7.5e-05

0.037983 7.8e-05

0.037908 0.000101

0.036867 6.6e-05

0.03809 8.4e-05

0.037738 6.8e-05

0.037799 6.3e-05

0.037506 6.8e-05

0.037356 6.4e-05

0.037901 7.3e-05

0.037029 0.000102

0.037138 9.8e-05

0.038754 8.9e-05

0.038319 6.6e-05

0.037197 8.2e-05

0.037148 7.5e-05

0.038261 6.6e-05

0.036976 7.6e-05

0.037029 7.7e-05

0.036925 6.2e-05

0.036866 8.7e-05

0.037726 7.9e-05

0.037796 8.4e-05

0.037924 6.6e-05

0.037597 7.9e-05

0.037642 6e-05

0.037096 8.7e-05

0.038531 0.000106

0.037142 7.5e-05

0.037143 9.5e-05

0.037082 6.5e-05

0.038012 9.3e-05

0.036995 8.5e-05

0.037016 0.0001

0.037216 7.5e-05

0.036775 7.1e-05

0.037704 5.9e-05

0.03714 7.1e-05

0.037689 7.7e-05

0.037581 7.7e-05

0.037171 6.6e-05

0.038727 8.9e-05

0.03697 7.9e-05

0.036701 4.9e-05

0.037145 7.3e-05

0.037016 5.7e-05

0.037996 8.9e-05

0.037992 9.2e-05

0.036774 6.5e-05

0.037083 7.7e-05

0.037954 0.000104

0.036951 9.1e-05

0.037006 6e-05

0.037177 5.1e-05

0.036956 8.4e-05

0.037835 8.1e-05

0.037072 6.9e-05

0.037618 7.9e-05

0.0368 7.3e-05

0.039043 6.7e-05

0.037548 8e-05

0.037083 8.6e-05

0.036993 7.7e-05

0.037993 7.4e-05

0.036719 8.4e-05

0.036699 5.9e-05

0.037287 5.1e-05

0.037723 6.7e-05

0.036929 8e-05

0.038547 8e-05

0.037097 6.8e-05

0.03708 7e-05

0.037214 0.000112

0.037047 5.7e-05

0.038209 0.000104

0.036774 7.4e-05

0.037364 7.7e-05

0.037356 8e-05

0.037284 6.4e-05

0.037081 6.8e-05

0.037043 8.9e-05

0.037003 8.4e-05

0.037128 8.7e-05

0.037563 6e-05

0.037518 5.9e-05

0.036901 7.8e-05

0.038064 6.9e-05

0.037007 0.000117

0.038316 7.3e-05

0.038153 7.6e-05

0.037694 7.8e-05

0.037894 9.6e-05

0.038005 0.000119

0.044523 7.7e-05

0.03699 6.8e-05

0.037511 8e-05

0.037825 8.6e-05

0.036899 7.3e-05

0.03822 8e-05

0.038043 8.2e-05

0.038011 9.7e-05

0.037993 8.4e-05

0.037942 7.1e-05

0.037005 9e-05

0.038319 0.00012

0.037546 7.7e-05

0.037901 7.6e-05

0.036769 6.6e-05

0.03705 0.000143

0.039352 6.9e-05

0.037 7.7e-05

0.03748 7.5e-05

0.037096 9e-05

0.037741 8.5e-05

0.037053 0.0001

0.037623 0.0001

0.03757 0.000102

0.037048 8.6e-05

0.036971 8.2e-05

0.036988 7.6e-05

0.037208 6.9e-05

0.037788 8.7e-05

0.037012 8e-05

0.037924 0.000119

0.036996 6.5e-05

0.03764 0.000103

0.037788 0.000102

0.037771 0.000107

0.038069 8e-05

0.036993 6.1e-05

0.037455 0.000103

0.036924 7.3e-05

0.036974 7e-05

0.037793 7.5e-05

0.037058 6.5e-05

0.037024 5.5e-05

0.037104 6.6e-05

0.038129 8.3e-05

0.03702 7.7e-05

0.037335 7.5e-05

0.036908 0.000107

0.037782 0.000119

0.036805 8.9e-05

0.037303 5.9e-05

0.037942 6.5e-05

0.037927 9.4e-05

0.036928 7.5e-05

0.037018 7.7e-05

0.03776 7.6e-05

0.037136 9.5e-05

0.036818 8.4e-05

0.036989 6.4e-05

0.037028 8.4e-05

0.037819 9e-05

0.038117 8.5e-05

0.036729 7.9e-05

0.037307 6.7e-05

0.036838 6.8e-05

0.038049 9.2e-05

0.036893 5.9e-05

0.037936 7.5e-05

0.03709 6.4e-05

0.037581 6.8e-05

0.037393 5.9e-05

0.036802 6.5e-05

0.036993 7.5e-05

0.036861 6.3e-05

0.037139 8.2e-05

0.037073 5.9e-05

0.037159 7.1e-05

0.037014 7.8e-05

0.037043 8.4e-05

0.037676 7.5e-05

0.037179 0.000104

0.036926 9.7e-05

0.037622 7.8e-05

0.036807 6.1e-05

0.037427 5.9e-05

0.037181 6.4e-05

0.038654 8.2e-05

0.037505 5.8e-05

0.036806 7.3e-05

0.036726 7.4e-05

0.037036 7.4e-05

0.037246 8.9e-05

0.037922 0.000108

0.037073 5.7e-05

0.036891 9e-05

0.036983 9.1e-05

0.037832 6e-05

0.03723 6.6e-05

0.038593 7e-05

0.037008 9.6e-05

0.037605 0.000101

0.037275 8.1e-05

0.037787 6.1e-05

0.037093 7e-05

0.036925 5.8e-05

0.037581 8.1e-05

0.036992 9.4e-05

0.037038 6.3e-05

0.037037 8.3e-05

0.03715 9.1e-05

0.036853 0.0001

0.037751 9.5e-05

0.037635 6.9e-05

0.037359 6e-05

0.036902 6.2e-05

0.037441 8.4e-05

0.037418 9.9e-05

0.038061 6e-05

0.036821 8.4e-05

0.036895 6.6e-05

0.037766 7e-05

0.037107 7e-05

0.037443 7.1e-05

0.038296 0.000111

0.036897 8.5e-05

0.036776 8.5e-05

0.038163 5.7e-05

0.037122 8.2e-05

0.037709 7.6e-05

0.037029 6.2e-05

0.037785 6.1e-05

0.037968 7.1e-05

0.0381 9e-05

0.037903 7.8e-05

0.037801 6.7e-05

0.03708 5.6e-05

0.037415 6.7e-05

0.036688 8.8e-05

0.037884 8.5e-05

0.037206 7.8e-05

0.03837 6.7e-05

0.037412 0.000113

0.037976 8.6e-05

0.037862 8e-05

0.037972 9.6e-05

0.037645 7.4e-05

0.038039 5.6e-05

0.03693 6.5e-05

0.036934 7.6e-05

0.037857 6.9e-05

0.036878 9e-05

0.036736 6.7e-05

0.037812 6.7e-05

0.037155 7.3e-05

0.037607 6.1e-05

0.036738 9.8e-05

0.037531 0.000103

0.036844 8.6e-05

0.038061 0.000101

0.037207 7.6e-05

0.03702 9e-05

0.037595 7e-05

0.036816 6.3e-05

0.036848 9.6e-05

0.037728 7.5e-05

0.036858 9e-05

0.037088 0.000106

0.036911 6.3e-05

0.036866 6.9e-05

0.036786 7.5e-05

0.037125 6.4e-05

0.037043 9.7e-05

0.038156 8.2e-05

0.037574 9.8e-05

0.038028 7.7e-05

0.036775 8.4e-05

0.037723 6.8e-05

0.036799 0.0001

0.038037 7.4e-05

0.03678 8.1e-05

0.036951 6.5e-05

0.037036 0.000102

0.037005 7.2e-05

0.036968 8.1e-05

0.037012 6.7e-05

0.037167 8.6e-05

0.037027 0.000105

0.038018 8.4e-05

0.037428 0.000142

0.037221 6.6e-05

0.037027 9.2e-05

0.03815 7.4e-05

0.037504 7e-05

0.036806 7.4e-05

0.037875 0.000103

0.037855 9.3e-05

0.037024 7e-05

0.037711 0.000113

0.037094 5.5e-05

0.036939 7.1e-05

0.036818 7.5e-05

0.036864 7.1e-05

0.03722 8.1e-05

0.037378 7.2e-05

0.036868 9.1e-05

0.036986 8.2e-05

0.038034 8.8e-05

0.038012 6.7e-05

0.036935 7.2e-05

0.037012 6.6e-05

0.038077 7.7e-05

0.037247 7.3e-05

0.036919 8.9e-05

0.03784 6.3e-05

0.03681 7.3e-05

0.0377 8.4e-05

0.036989 7.1e-05

0.037936 9.3e-05

0.036792 6.4e-05

0.038371 9.6e-05

0.037599 7.6e-05

0.036904 7.2e-05

0.037308 8.1e-05

0.036739 8.5e-05

0.036711 0.000113

0.03737 6.9e-05

0.036829 9.2e-05

0.036891 7.5e-05

0.03791 6.6e-05

0.036858 0.000101

0.037829 8.2e-05

0.037579 0.000101

0.036939 9.5e-05

0.037235 7.1e-05

0.037127 9.2e-05

0.036703 7.3e-05

0.037218 6.4e-05

0.037045 8e-05

0.037652 7.3e-05

0.03796 7.6e-05

0.03763 7.3e-05

0.037652 7.7e-05

0.037942 8.4e-05

0.036957 9.9e-05

0.038152 7.2e-05

0.037687 7.8e-05

0.036899 7.3e-05

0.037241 8.2e-05

0.036853 6.2e-05

0.03693 5.7e-05

0.036893 9e-05

0.036798 0.00011

0.036698 7.9e-05

0.037183 7.5e-05

0.036802 8.1e-05

0.036638 8.6e-05

0.036961 0.000104

0.036974 6.4e-05

0.038485 6.8e-05

0.037087 8e-05

0.038567 7.3e-05

0.036896 0.000118

0.037093 0.000127

0.03729 6.9e-05

0.03673 8.9e-05

0.036759 5.6e-05

0.038064 9.4e-05

0.037096 0.000107

0.037041 7e-05

0.036851 8.9e-05

0.037062 5.6e-05

0.036737 9.5e-05

0.037188 8.7e-05

0.036946 7.3e-05

0.037359 5.5e-05

0.037096 8.7e-05

0.036892 9.1e-05

0.037808 6.5e-05

0.036839 7.7e-05

0.036815 9e-05

0.037778 6.7e-05

0.037123 7e-05

0.038168 8.6e-05

0.036603 6.9e-05

0.037598 6e-05

0.037369 8.6e-05

0.038046 7.4e-05

0.03663 7.5e-05

0.036912 7.4e-05

0.037258 8.7e-05

0.036832 8e-05

0.038543 0.000107

0.037081 6e-05

0.037935 8.9e-05

0.036861 8.5e-05

0.037947 9.4e-05

0.037047 7.1e-05

0.037896 6.4e-05

0.036848 6.3e-05

0.036901 7.3e-05

0.037123 5.8e-05

0.037017 0.0001

0.036965 8.3e-05

0.042876 8.5e-05

0.037012 8e-05

0.039105 7.8e-05

0.036852 6.1e-05

0.03678 7.9e-05

0.036503 6.9e-05

0.036961 6.6e-05

0.037248 7.4e-05

0.036944 7.7e-05

0.037202 7.3e-05

0.038682 6.8e-05

0.036763 6.9e-05

0.037607 6.7e-05

0.036961 8.8e-05

0.038121 0.000109

0.037336 9.3e-05

0.039414 9.5e-05

0.037323 9.6e-05

0.036844 6.6e-05

0.037951 8.1e-05

0.036933 5.5e-05

0.03696 0.0001

0.036914 9.6e-05

0.0369 0.000109

0.037086 8.4e-05

0.036902 8.2e-05

0.037013 8.7e-05

0.036701 8.4e-05

0.037318 6.8e-05

0.037328 6.4e-05

0.037878 6.9e-05

0.036932 6.9e-05

0.037164 8.1e-05

0.036927 8.2e-05

0.036948 5.9e-05

0.037322 7.7e-05

0.036858 5.9e-05

0.036625 8.3e-05

0.038891 0.0001

0.037332 6.9e-05

0.037453 8.6e-05

0.037922 8.7e-05

0.037764 7.9e-05

0.036847 7.9e-05

0.037507 6.6e-05

0.036638 7.8e-05

0.037413 8.6e-05

0.036817 6.8e-05

0.036729 9e-05

0.03721 8.5e-05

0.037033 0.000103

0.0368 7.8e-05

0.036935 6.6e-05

0.037991 8.1e-05

0.036893 8.3e-05

0.037998 7.4e-05

0.037897 7e-05

0.038642 7.9e-05

0.03756 7.6e-05

0.037688 7e-05

0.03691 7.1e-05

0.037145 8.4e-05

0.037943 7.2e-05

0.03757 0.000102

0.036936 8.6e-05

0.036632 0.000119

0.037166 6e-05

0.036972 6.6e-05

0.037155 7.2e-05

0.038004 7.7e-05

0.037025 8.8e-05

0.037834 7.7e-05

0.037183 8.5e-05

0.036986 6.2e-05

0.036867 9.4e-05

0.037011 8.1e-05

0.037031 7.3e-05

0.037526 7.2e-05

