0.001211 8.7e-05

0.001222 0.000124

0.00121 9.8e-05

0.001256 7.9e-05

0.001246 0.00012

0.001243 0.000117

0.001279 0.00011

0.001265 0.000113

0.001237 0.000117

0.00122 8.1e-05

0.001248 6.9e-05

0.001219 0.000116

0.001217 7.2e-05

0.00122 0.000112

0.001286 8.3e-05

0.001234 0.000103

0.001217 9.2e-05

0.001212 0.000112

0.00124 0.000114

0.001228 0.000149

0.001277 0.000109

0.001261 0.000105

0.001246 7.8e-05

0.001251 9.9e-05

0.001216 8.3e-05

0.001221 8.7e-05

0.001215 0.000107

0.001223 0.000133

0.001235 9.7e-05

0.001225 8.5e-05

0.001211 0.000112

0.001212 9.9e-05

0.001215 8.8e-05

0.001216 0.000142

0.001218 0.000103

0.00122 0.000112

0.001217 8.8e-05

0.001298 8.2e-05

0.001341 0.000152

0.00127 0.000115

0.001249 0.000135

0.001221 9.3e-05

0.001268 9.9e-05

0.001242 8.3e-05

0.001229 0.000126

0.001212 8.3e-05

0.001243 0.000101

0.00157 9.3e-05

0.001226 6.9e-05

0.001229 9.7e-05

0.001247 0.00013

0.001239 8.9e-05

0.00122 9.7e-05

0.001253 0.00017

0.001215 8.9e-05

0.001222 9.2e-05

0.001205 8.9e-05

0.00125 0.000108

0.001217 0.000124

0.001224 0.00013

0.001215 7.4e-05

0.001232 7.7e-05

0.001222 0.000148

0.001216 7.3e-05

0.001218 0.000139

0.001255 7.3e-05

0.001226 7.3e-05

0.00128 0.000134

0.001215 0.000134

0.001219 7.8e-05

0.001217 0.000109

0.001217 9.4e-05

0.00121 0.000123

0.001226 8.7e-05

0.001216 8.1e-05

0.001231 7e-05

0.001215 9.7e-05

0.001221 0.000152

0.001219 9e-05

0.001228 0.000114

0.001219 8e-05

0.001219 0.000136

0.001275 7.5e-05

0.00125 0.000104

0.001212 7.4e-05

0.001272 8.9e-05

0.001218 0.000124

0.001226 0.000131

0.001237 0.000131

0.001279 7.4e-05

0.001219 0.000124

0.001221 9.9e-05

0.001219 8.4e-05

0.001234 0.000118

0.001222 0.000104

0.001223 8.7e-05

0.001229 0.000127

0.001223 7.2e-05

0.001222 0.000115

0.001239 0.000122

0.001244 0.000135

0.001238 0.0001

0.001215 9.6e-05

0.001231 9.8e-05

0.001316 0.000138

0.001214 7.4e-05

0.001223 0.000112

0.001234 0.000107

0.001294 9.4e-05

0.001224 8.3e-05

0.001217 9.5e-05

0.001222 0.000115

0.001249 0.000126

0.001225 0.000114

0.001252 0.0001

0.001214 0.000143

0.001217 0.000122

0.001225 0.000123

0.001232 7e-05

0.001226 0.000135

0.00122 7.1e-05

0.001218 7.5e-05

0.001218 9.3e-05

0.001224 9.3e-05

0.001213 8.9e-05

0.001222 0.000106

0.001227 8.9e-05

0.001219 7.9e-05

0.001213 9.8e-05

0.001251 7.3e-05

0.001233 8.5e-05

0.001255 8.7e-05

0.001248 0.000122

0.001257 8.6e-05

0.001253 0.000116

0.001228 0.000123

0.001221 9.2e-05

0.001226 0.000103

0.001212 0.000114

0.001217 8.4e-05

0.001226 0.000121

0.001215 8.1e-05

0.001204 0.000119

0.001254 9.3e-05

0.001232 8.4e-05

0.001204 7.6e-05

0.00122 9.9e-05

0.001246 0.000144

0.00131 7.1e-05

0.001259 8.7e-05

0.001242 0.000163

0.001242 7.6e-05

0.001218 0.0001

0.001228 0.000125

0.00122 0.000143

0.001255 8.3e-05

0.001244 0.000103

0.001221 7.3e-05

0.001231 8.9e-05

0.001255 0.000121

0.001297 7.5e-05

0.001223 0.00011

0.001222 8.6e-05

0.001258 7e-05

0.001244 9.2e-05

0.001261 0.000115

0.001243 8.2e-05

0.001241 0.000119

0.001256 0.000102

0.00122 0.000114

0.001224 9.9e-05

0.001216 8e-05

0.001231 0.000138

0.00125 0.000112

0.001214 0.000185

0.001219 9e-05

0.001218 8.5e-05

0.001215 0.000117

0.001249 0.000119

0.00125 0.0001

0.001208 0.000121

0.001217 0.000111

0.00123 0.000102

0.001223 0.000139

0.001223 7.2e-05

0.001216 8.8e-05

0.001264 0.000119

0.001241 0.000137

0.001223 9.9e-05

0.001231 9.3e-05

0.001247 0.000104

0.00125 8.7e-05

0.001235 0.000109

0.001252 0.000116

0.001284 0.00015

0.001272 0.000178

0.001247 9.5e-05

0.00121 0.000176

0.001247 8.8e-05

0.001221 9.6e-05

0.001248 7e-05

0.001223 0.000122

0.001253 9.4e-05

0.001226 0.000106

0.001229 0.000114

0.001233 0.000135

0.001251 7.2e-05

0.001219 7.7e-05

0.00124 9.6e-05

0.001215 9.5e-05

0.00123 0.000107

0.001226 0.000116

0.001222 8.1e-05

0.001213 9.8e-05

0.001213 8e-05

0.001222 7.2e-05

0.001205 0.000169

0.001224 0.000131

0.001224 8.4e-05

0.001218 0.000141

0.001253 8.8e-05

0.00123 8.5e-05

0.001228 9.8e-05

0.00123 0.000117

0.001266 9e-05

0.001243 7.7e-05

0.001215 0.000117

0.001217 0.000108

0.001213 7.2e-05

0.001242 8.9e-05

0.001226 9.7e-05

0.001221 0.000115

0.001228 9.1e-05

0.001253 0.00011

0.001244 7.7e-05

0.001221 0.000152

0.001245 0.000111

0.001264 0.000117

0.001212 0.000121

0.001221 0.000112

0.001224 0.000145

0.001217 7.9e-05

0.001212 9.2e-05

0.001218 0.000104

0.001221 0.000107

0.001256 0.000136

0.001247 7.4e-05

0.001258 0.000105

0.001282 0.000137

0.001264 0.00016

0.001218 0.0001

0.001236 9.3e-05

0.001225 8.8e-05

0.001226 8.9e-05

0.001226 0.00012

0.001223 0.000134

0.001227 0.000104

0.00122 8.1e-05

0.001217 7.9e-05

0.001218 8.3e-05

0.001221 8.7e-05

0.001232 0.00012

0.001248 0.000158

0.001259 0.000159

0.001235 0.000128

0.001283 0.000121

0.001212 7.2e-05

0.001225 0.000109

0.001222 0.000127

0.001221 0.00011

0.001219 8.3e-05

0.001226 0.000139

0.001311 0.000154

0.001235 9e-05

0.001212 0.000127

0.001223 7.7e-05

0.001218 0.000112

0.001226 7e-05

0.001239 0.000101

0.00122 0.000116

0.001213 8.4e-05

0.001226 9.1e-05

0.001224 0.000118

0.00122 7.1e-05

0.00122 0.000114

0.001222 9e-05

0.001217 0.000172

0.001224 0.000126

0.001371 0.000103

0.001264 0.000135

0.001216 0.000109

0.001283 0.000139

0.001217 0.000116

0.001219 0.000106

0.001218 0.000111

0.001225 7.3e-05

0.001212 8.1e-05

0.001224 0.000105

0.001213 0.000153

0.001248 0.000133

0.001319 0.000101

0.001252 0.000112

0.001211 0.000108

0.001221 0.000111

0.001206 7.8e-05

0.001224 0.000119

0.001212 0.000105

0.00122 0.000119

0.001214 0.0001

0.001222 0.000122

0.00121 0.00011

0.00123 0.000155

0.00123 8.7e-05

0.001255 7.1e-05

0.001222 0.000104

0.001222 0.000118

0.001274 0.000123

0.001244 9.5e-05

0.001215 9.2e-05

0.001233 7.3e-05

0.001213 0.000114

0.001218 0.000108

0.001227 0.000123

0.001217 7.4e-05

0.00121 0.000102

0.001236 0.000124

0.001212 0.00013

0.001219 0.000146

0.00122 7.3e-05

0.001217 0.00014

0.001249 7.8e-05

0.001251 9.4e-05

0.001345 9e-05

0.001253 0.000101

0.001273 8.3e-05

0.001261 0.000123

0.001219 0.000106

0.001222 0.000101

0.001253 9.9e-05

0.001224 7.6e-05

0.001215 0.000126

0.001247 9.6e-05

0.001253 0.000128

0.001229 7.3e-05

0.001221 0.000102

0.001227 0.000103

0.001246 7.8e-05

0.001254 0.000112

0.00123 0.0001

0.001248 0.000163

0.001217 8.6e-05

0.001221 0.000136

0.00122 9.1e-05

0.001227 7.6e-05

0.001218 9.1e-05

0.001236 0.000105

0.001236 9e-05

0.001213 0.000105

0.001207 8.9e-05

0.001278 0.000142

0.001269 0.000141

0.001218 9.6e-05

0.001222 0.000109

0.001223 0.000125

0.001239 0.000105

0.001217 8.3e-05

0.001213 0.00014

0.001232 9.2e-05

0.001216 0.000155

0.001246 0.000102

0.001224 0.000146

0.001224 0.000146

0.00123 9.6e-05

0.00126 0.0001

0.001227 9.1e-05

0.001221 0.000142

0.001219 0.000146

0.001221 0.000137

0.001218 0.000129

0.001226 9.9e-05

0.001212 9.9e-05

0.001224 0.000126

0.001289 0.000149

0.001281 8e-05

0.001223 0.000138

0.001231 7e-05

0.001215 8.9e-05

0.001248 8.2e-05

0.00127 0.000132

0.001252 9.4e-05

0.001265 0.000112

0.001227 0.000118

0.001212 7.2e-05

0.001231 0.000106

0.001334 0.000103

0.001251 8.1e-05

0.001226 9e-05

0.001225 0.000104

0.001225 9.7e-05

0.001217 0.000109

0.001232 0.000101

0.001236 7.7e-05

0.00121 9.9e-05

0.001221 8.2e-05

0.001215 0.000147

0.001359 7.6e-05

0.001275 9.8e-05

0.001246 0.000125

0.00121 7.4e-05

0.001262 8.1e-05

0.001254 9.2e-05

0.001242 8.2e-05

0.001249 0.000115

0.001226 8e-05

0.001231 0.000154

0.001223 9.2e-05

0.001252 8.1e-05

0.001222 9.1e-05

0.001218 0.000131

0.001238 8.4e-05

0.00124 0.00013

0.00122 8.6e-05

0.001219 0.00013

0.001224 0.000106

0.001259 8e-05

0.001229 8e-05

0.001232 0.000125

0.001225 0.000167

0.001235 9.9e-05

0.001217 0.000141

0.001221 8.6e-05

0.001217 0.000107

0.001225 0.000141

0.001221 8e-05

0.001213 0.000156

0.00122 7.6e-05

0.001234 0.000107

0.001257 0.000139

0.001274 0.000139

0.001221 0.000133

0.001225 9.4e-05

0.001294 0.000132

0.001246 0.000119

0.001216 0.000143

0.001216 9.4e-05

0.001219 0.0001

0.001225 0.000107

0.001266 7.7e-05

0.001247 0.00011

0.001234 9.7e-05

0.001219 0.000101

0.001282 8.1e-05

0.001249 0.000118

0.001221 0.000122

0.001237 8.3e-05

0.001242 7.9e-05

0.001292 9.9e-05

0.001248 0.000101

0.001217 7.8e-05

0.001236 7.2e-05

0.001219 8.9e-05

0.001221 8.2e-05

0.001204 0.000136

0.001255 0.000116

0.001219 0.000129

0.001221 0.000146

0.001214 9.7e-05

0.001222 0.000105

0.001227 0.000131

0.001214 0.000161

0.001209 0.000132

0.001223 8.8e-05

0.001224 0.000128

0.001224 0.000157

0.00121 9.3e-05

0.001227 0.000108

0.001273 7.8e-05

0.001227 9.8e-05

0.001248 0.00013

0.00124 0.000107

0.001252 0.000145

0.00123 7.2e-05

0.00123 7.1e-05

0.001237 0.000115

0.001217 9.6e-05

0.001247 9.1e-05

0.001226 0.000117

0.001215 0.000101

0.001285 0.00012

0.001243 0.000141

0.001238 0.000103

0.001221 0.000108

0.001214 9e-05

0.001227 0.000151

0.001234 0.000114

0.001223 0.000115

0.001225 0.000112

0.001241 9.3e-05

0.001242 0.000159

0.001216 9.3e-05

0.001218 0.000106

0.001227 8e-05

0.001203 0.000127

0.001229 0.000133

0.001222 0.000108

0.001219 0.000104

0.001249 0.000169

0.001261 9.2e-05

0.001274 8.9e-05

0.001225 0.000103

0.001217 0.000102

0.001213 7.6e-05

0.001217 0.000102

0.001223 9.2e-05

0.001256 8.5e-05

0.001217 9.5e-05

0.001218 0.000107

0.001229 9.1e-05

0.001225 0.000116

0.001231 9.4e-05

0.001216 9.8e-05

0.00122 0.00011

0.001366 8.9e-05

0.001317 7.5e-05

0.001259 0.000101

0.00124 0.000111

0.001209 0.000108

0.001258 0.000118

0.001212 0.000191

0.001254 0.000115

0.00122 9e-05

0.001221 0.000129

0.001211 0.000121

0.001253 0.000139

0.001221 9.8e-05

0.001257 0.000121

0.001225 0.000148

0.001227 0.000129

0.001223 0.000106

0.001224 9.7e-05

0.00122 8.9e-05

0.001223 0.000108

0.001216 0.000105

0.001227 9.7e-05

0.001224 0.00011

0.001225 9.9e-05

0.001221 9.8e-05

0.001254 0.000133

0.00126 9.8e-05

0.00122 0.000113

0.001218 0.000123

0.001214 0.000132

0.001238 0.000114

0.001212 9.5e-05

0.001235 0.000193

0.001228 0.000117

0.001231 8e-05

0.001221 7.2e-05

0.001222 7e-05

0.001266 7.2e-05

0.001242 7.6e-05

0.001225 7.1e-05

0.00122 0.000102

0.00122 0.000133

0.001244 7.5e-05

0.001251 0.000111

0.001365 9.5e-05

0.001221 9.6e-05

0.001234 9e-05

0.001229 0.000158

0.001219 8.1e-05

0.00123 0.000129

0.001223 0.00015

0.001212 7.9e-05

0.001216 0.000123

0.001216 0.000102

0.001224 7.4e-05

0.001258 0.000128

0.001241 0.000104

0.001221 8.7e-05

0.001246 8.6e-05

0.001257 0.000174

0.001223 0.000149

0.001216 0.000106

0.001215 9.6e-05

0.001208 8.2e-05

0.00122 8.3e-05

0.00122 0.0001

0.001207 9.4e-05

0.001226 0.0001

0.001222 0.00013

0.001247 9.8e-05

0.001225 0.0001

0.001311 0.000138

0.001247 9.3e-05

0.001254 0.000132

0.001229 0.000124

0.001216 0.000156

0.00127 0.000146

0.001216 0.000122

0.001224 7.6e-05

0.001218 0.000127

0.001282 0.000142

0.00125 9.5e-05

0.001253 0.000116

0.00122 0.000161

0.001219 0.000137

0.001221 8.2e-05

0.001208 8.5e-05

0.001227 0.000112

0.001218 0.000104

0.001222 0.000112

0.001223 9.1e-05

0.001216 9.6e-05

0.001211 7.8e-05

0.001225 0.000106

0.001209 0.000106

0.001229 8.7e-05

0.001233 8.4e-05

0.001224 7.9e-05

0.001238 7.9e-05

0.001247 0.000103

0.001247 0.000109

0.001227 8.9e-05

0.001219 0.000122

0.001223 8.2e-05

0.001212 9.3e-05

0.001253 0.000101

0.001212 0.000149

0.00123 8e-05

0.001236 0.000126

0.00123 0.000131

0.001228 8.6e-05

0.001222 7.7e-05

0.001223 0.000118

0.001225 7.3e-05

0.001207 0.000136

0.001243 9.3e-05

0.001256 6.9e-05

0.001379 0.00011

0.001259 0.000116

0.00122 8.1e-05

0.001252 7.7e-05

0.001231 8.3e-05

0.001207 0.000104

0.001228 0.000105

0.001252 0.000122

0.001223 0.000112

0.001233 7.9e-05

0.001214 0.0001

0.001232 8.2e-05

0.001226 0.000146

0.001345 0.000107

0.001244 0.000124

0.00122 0.000105

0.001228 0.000162

0.001223 9.2e-05

0.001226 9e-05

0.001216 0.000112

0.001219 0.000151

0.001223 0.000104

0.00123 0.000132

0.001218 0.000119

0.001227 0.000186

0.001227 0.000155

0.001256 0.000117

0.001223 0.000103

0.001228 0.000186

0.00122 9e-05

0.001219 0.000102

0.001209 7.7e-05

0.001223 0.000122

0.001257 0.00012

0.001261 0.00012

0.001213 9.6e-05

0.001264 0.000137

0.001225 8.9e-05

0.001215 0.000113

0.001213 7e-05

0.001223 0.000137

0.001215 9.6e-05

0.001238 0.000142

0.001212 0.00011

0.001228 0.000122

0.001221 0.000121

0.001229 0.000122

0.001216 9.3e-05

0.001233 0.000132

0.001253 8.5e-05

0.001233 7.9e-05

0.001217 0.000109

0.001227 0.000109

0.001207 0.000117

0.001255 0.000115

0.001218 0.000103

0.001223 0.000103

0.001248 7.1e-05

0.001221 8.6e-05

0.001216 8.8e-05

0.001218 9.7e-05

0.00125 7.4e-05

0.001231 0.000121

0.001214 9.6e-05

0.00123 0.000102

0.001246 8.9e-05

0.001219 9.1e-05

0.001257 0.000112

0.001258 9e-05

0.001253 0.000131

0.001221 6.9e-05

0.001249 0.00011

0.001207 7.4e-05

0.001244 0.000113

0.00122 0.000103

0.001211 9.7e-05

0.001228 0.000121

0.00122 8.8e-05

0.001215 0.0001

0.001218 7.4e-05

0.001224 7.5e-05

0.001231 0.00012

0.001223 7.3e-05

0.001272 9.9e-05

0.001225 7.5e-05

0.001235 8.7e-05

0.001252 8.9e-05

0.001224 0.00016

0.001214 8.4e-05

0.00121 7.9e-05

0.001209 9.5e-05

0.001219 8.1e-05

0.001226 7.6e-05

0.001227 9.3e-05

0.001226 9.1e-05

0.001281 0.000109

0.001249 0.000124

0.001217 9.7e-05

0.001215 9.8e-05

0.001219 7.9e-05

0.00122 8.9e-05

0.001213 0.000105

0.001219 0.00012

0.001241 0.00011

0.001257 0.000146

0.001215 8.6e-05

0.001222 0.000148

0.001247 0.000105

0.001245 7.8e-05

0.001214 8.8e-05

0.001228 9.8e-05

0.001258 0.000122

0.001223 0.000109

0.001217 7.8e-05

0.001231 0.000121

0.001224 0.000137

0.00122 0.000129

0.001332 0.000105

0.001234 7.2e-05

0.001279 8.5e-05

0.001218 0.000145

0.001215 0.000122

0.001217 8.8e-05

0.00122 9.2e-05

0.001256 8.3e-05

0.001237 8.8e-05

0.001244 6.8e-05

0.00122 9.4e-05

0.001223 0.000104

0.001216 8.9e-05

0.001232 8.2e-05

0.001209 0.000119

0.001233 0.000107

0.001227 0.000107

0.001229 7.4e-05

0.001219 0.000132

0.001255 0.000117

0.001223 0.000105

0.001222 0.00012

0.001209 0.000126

0.00125 0.000113

0.001217 0.00017

0.001218 9.9e-05

0.001223 0.000116

0.001223 0.000129

0.001213 0.000101

0.001226 7.4e-05

0.001247 0.000117

0.001257 0.00011

0.001253 0.000143

0.001256 7.2e-05

0.001254 0.000108

0.001229 0.000148

0.001224 0.000103

0.001222 9.1e-05

0.001206 0.000126

0.001236 7.3e-05

0.001222 0.000125

0.001216 0.000101

0.001222 7.7e-05

0.001217 8e-05

0.001215 0.000115

0.001231 8.9e-05

0.001223 0.000106

0.00121 9.6e-05

0.001223 0.000116

0.001259 0.000103

0.001235 0.000104

0.001255 9.7e-05

0.001246 7.2e-05

0.001229 0.000111

0.001221 7.9e-05

0.001228 0.0001

0.001215 8.3e-05

0.001223 0.000105

0.001247 0.000128

0.001224 9.4e-05

0.001228 0.000178

0.001224 9.8e-05

0.001248 0.0001

0.001225 0.000121

0.001214 0.000101

0.001226 0.000104

0.001242 0.000122

0.001227 0.000138

0.001236 0.000115

0.001218 0.000128

0.001213 9.5e-05

0.001224 0.000118

0.00122 9.9e-05

0.001222 9.8e-05

0.001208 0.000107

0.001225 9.5e-05

0.001211 0.000118

0.001231 0.000148

0.001245 9.7e-05

0.001247 8.7e-05

0.001239 8.4e-05

0.001255 0.000133

0.001218 0.000134

0.001223 8.5e-05

0.001287 0.000116

0.001253 0.000109

0.00122 0.000142

0.001231 0.000151

0.00121 0.000114

0.001313 7.3e-05

0.001257 8.3e-05

0.001218 9.3e-05

0.001225 8.8e-05

0.001224 9.4e-05

0.001246 7.5e-05

0.001265 0.000119

0.001241 9.6e-05

0.001268 8e-05

0.001219 0.000183

0.001223 0.000107

0.001211 0.000124

0.001257 7.9e-05

0.001221 7.2e-05

0.001224 0.000105

0.001216 0.000145

0.001258 9.6e-05

0.001219 8e-05

0.001221 9.7e-05

0.001224 0.000101

0.001288 0.00012

0.001216 9e-05

0.001245 7.1e-05

0.001275 0.000105

0.001227 0.000105

0.001218 0.000123

0.001224 8.9e-05

0.00122 9.3e-05

0.001225 0.000132

0.001222 0.000114

0.001265 9.3e-05

0.001223 0.000143

0.001229 0.000138

0.001223 0.000123

0.00127 0.000113

0.001289 8.1e-05

0.001223 0.000117

0.001219 0.000161

0.001228 0.000104

0.001254 0.000133

0.001222 0.000118

0.001221 8.8e-05

0.001223 8.1e-05

0.001258 9.4e-05

0.001223 7.8e-05

0.001227 7.7e-05

0.00124 0.000122

0.001239 8.5e-05

0.001255 6.9e-05

0.001223 0.000136

0.001226 7.1e-05

0.001232 0.00015

0.001267 9.5e-05

0.001209 8.7e-05

0.001218 0.000127

0.001247 7.2e-05

0.001222 8e-05

0.001212 9.2e-05

0.001222 0.000128

0.001249 9.5e-05

0.001217 7e-05

0.001221 8.1e-05

0.001224 0.000125

0.001237 0.00015

0.001215 9.9e-05

0.001248 7.1e-05

0.001265 0.000137

0.001243 0.000137

0.001252 8.8e-05

0.001223 9.9e-05

0.00122 9.1e-05

0.001215 0.000131

0.001213 8.7e-05

0.001219 0.00011

0.001224 0.000125

0.001224 0.000146

0.00122 0.000112

0.001209 9.9e-05

0.001222 0.000144

0.00122 0.00014

0.001258 0.000101

0.001222 0.000118

0.001229 7.3e-05

0.001218 0.0001

0.001212 0.000107

0.00123 9.2e-05

0.001261 9.5e-05

0.001221 0.000109

0.001227 0.000117

0.001274 9.9e-05

0.001222 8.4e-05

0.001249 0.000108

0.001221 7.3e-05

0.00125 7.1e-05

0.001217 0.000108

0.001217 8.6e-05

0.00122 0.000136

0.001254 8.3e-05

0.001234 0.000117

0.001253 7.9e-05

0.001232 9.3e-05

0.00132 9.8e-05

0.001242 0.000101

0.001211 8.2e-05

0.001227 8.6e-05

0.001218 0.000181

0.001286 0.000119

0.001248 7.3e-05

0.001226 0.000138

0.001227 7.3e-05

0.001261 7.3e-05

0.001213 9.1e-05

0.001221 8.9e-05

0.001213 7.7e-05

0.001267 0.000162

0.001219 8.5e-05

0.001224 0.000123

0.001217 9.4e-05

0.001214 0.000137

0.001214 0.000117

0.001226 8.7e-05

0.001219 0.000144

0.001233 0.000132

0.001213 0.00014

0.001227 0.000117

0.001253 7.7e-05

0.001237 8.6e-05

0.001242 0.000134

0.001227 8.1e-05

0.001257 0.00012

0.001258 0.000153

0.001218 7.9e-05

0.001229 0.00012

0.001234 0.000108

0.00125 0.00015

0.001218 9.8e-05

0.001304 0.000154

0.001279 0.000116

0.001253 9.2e-05

0.001223 0.000145

0.001223 7.3e-05

0.001245 8.3e-05

0.001209 9.5e-05

0.001219 0.000134

0.001234 8.7e-05

0.001217 0.000113

0.001227 8e-05

0.001216 0.000115

0.001222 0.000114

0.001219 7.7e-05

0.001227 0.000109

0.00121 0.000141

0.001258 8.9e-05

0.001226 0.000115

0.001253 9e-05

