0.009463 1.4e-05

0.009265 1.3e-05

0.009487 1.7e-05

0.009438 1.3e-05

0.00937 1.8e-05

0.009248 2e-05

0.010002 2.2e-05

0.009595 1.8e-05

0.009409 1.4e-05

0.009528 1.3e-05

0.009357 1.4e-05

0.009313 1.7e-05

0.009464 1.7e-05

0.00948 1.5e-05

0.009394 1.5e-05

0.009348 1.4e-05

0.009612 1.6e-05

0.009396 9e-06

0.009362 1.5e-05

0.009315 1.1e-05

0.009373 1.3e-05

0.009454 1.3e-05

0.009498 1.5e-05

0.00939 1.4e-05

0.009436 1.6e-05

0.009709 1.4e-05

0.009375 1.8e-05

0.009367 1.3e-05

0.009394 1.8e-05

0.009555 1.3e-05

0.009483 1.2e-05

0.009291 2.1e-05

0.009641 1.8e-05

0.009377 1e-05

0.009408 1.9e-05

0.009328 1.9e-05

0.00938 1.4e-05

0.009296 1.4e-05

0.009335 1.3e-05

0.00944 1.4e-05

0.009432 1.5e-05

0.00941 2.1e-05

0.009274 1.4e-05

0.009463 1.2e-05

0.009282 1.1e-05

0.009431 1.8e-05

0.009483 1.3e-05

0.00931 1.5e-05

0.00944 1.6e-05

0.009757 1.5e-05

0.009328 1.5e-05

0.009373 1.8e-05

0.0093 1.3e-05

0.009331 1.3e-05

0.009375 1.8e-05

0.009436 1.6e-05

0.009388 1.2e-05

0.009309 1.6e-05

0.009427 1.5e-05

0.009348 1.1e-05

0.009297 1.4e-05

0.009548 1.4e-05

0.009383 1.4e-05

0.00938 1.5e-05

0.009308 1.3e-05

0.009631 1.2e-05

0.009322 1.6e-05

0.00939 1.5e-05

0.009325 1.7e-05

0.009341 1.2e-05

0.00935 1.1e-05

0.009334 1.1e-05

0.009308 1.2e-05

0.009482 1.8e-05

0.009233 1.2e-05

0.009309 1.4e-05

0.009337 1.4e-05

0.009423 2.1e-05

0.009379 1.5e-05

0.009348 1.4e-05

0.009294 1.4e-05

0.009381 1.5e-05

0.009256 1.4e-05

0.009294 1.6e-05

0.009547 1.9e-05

0.009413 1e-05

0.009471 1.7e-05

0.009394 1.1e-05

0.009373 1.6e-05

0.009349 1.3e-05

0.009343 1.4e-05

0.009326 1.4e-05

0.009578 1.8e-05

0.009318 1.3e-05

0.009408 1.5e-05

0.009572 1.2e-05

0.009441 1.7e-05

0.009384 1.1e-05

0.009426 1.2e-05

0.009387 1.2e-05

0.009382 1.5e-05

0.009407 1.4e-05

0.009375 1.7e-05

0.009337 1.4e-05

0.009366 1.4e-05

0.009443 1.1e-05

0.009335 1.6e-05

0.009545 1.6e-05

0.009296 1.1e-05

0.009367 1.2e-05

0.0094 1.1e-05

0.009305 1.5e-05

0.009425 1.5e-05

0.009418 1.8e-05

0.009484 1.5e-05

0.009533 1.7e-05

0.009261 1.4e-05

0.009479 1.1e-05

0.009401 1.4e-05

0.009366 1.7e-05

0.009514 1.4e-05

0.009455 1.5e-05

0.009663 1.8e-05

0.009654 1.2e-05

0.009378 1.3e-05

0.009426 1.6e-05

0.009396 1.3e-05

0.009351 1.8e-05

0.009292 1.3e-05

0.009319 1.4e-05

0.009351 1.2e-05

0.00933 1.8e-05

0.009419 1.4e-05

0.009394 1e-05

0.009405 2e-05

0.00938 1.4e-05

0.009669 1.3e-05

0.009327 1.2e-05

0.00936 1.8e-05

0.009301 1.6e-05

0.009329 1.4e-05

0.009361 1.5e-05

0.009488 1.5e-05

0.00932 1.5e-05

0.009414 1.3e-05

0.009388 1.3e-05

0.009363 1.6e-05

0.009384 1.4e-05

0.00938 1.4e-05

0.009368 1.3e-05

0.009364 2.3e-05

0.009383 1.5e-05

0.009552 1.3e-05

0.009425 1.3e-05

0.009371 1.4e-05

0.009346 1.8e-05

0.009593 1.8e-05

0.009259 1.8e-05

0.009322 1.2e-05

0.00931 1.6e-05

0.009434 1.1e-05

0.009457 1.4e-05

0.009303 1.7e-05

0.009403 1.5e-05

0.009326 1e-05

0.009334 1.3e-05

0.009323 1.6e-05

0.009385 1.4e-05

0.009341 1.7e-05

0.009721 1.6e-05

0.009413 1.5e-05

0.009411 1.4e-05

0.009387 1.9e-05

0.009463 1.5e-05

0.0097 1.8e-05

0.009446 1.6e-05

0.009374 1.8e-05

0.009348 1.5e-05

0.009402 1.5e-05

0.009295 1.7e-05

0.009662 1.2e-05

0.009412 1.2e-05

0.009379 1.2e-05

0.009329 1.2e-05

0.009298 1.6e-05

0.009376 1.1e-05

0.00941 1.8e-05

0.009417 1.7e-05

0.009717 1e-05

0.009537 1.5e-05

0.00937 1.5e-05

0.009326 1.5e-05

0.009485 1.5e-05

0.00946 1.3e-05

0.009307 1.2e-05

0.009765 1.8e-05

0.009402 1.8e-05

0.009421 1.8e-05

0.009724 1.8e-05

0.009374 1.5e-05

0.009354 1.8e-05

0.009435 1.7e-05

0.009357 1.8e-05

0.009402 1.4e-05

0.009329 1.1e-05

0.009339 1.4e-05

0.009573 1.7e-05

0.009416 1.2e-05

0.009454 1.2e-05

0.009486 1.3e-05

0.009354 1.5e-05

0.009326 1.9e-05

0.009377 1.3e-05

0.009239 1.2e-05

0.00927 1.8e-05

0.009293 1.6e-05

0.009388 1.7e-05

0.009314 1.5e-05

0.009303 1.7e-05

0.00933 1.3e-05

0.009412 2.2e-05

0.009379 1.1e-05

0.009503 1.7e-05

0.009387 1.5e-05

0.009478 1.1e-05

0.009458 1.3e-05

0.009406 1.6e-05

0.009402 1.3e-05

0.009267 1.4e-05

0.009333 1.4e-05

0.009364 1.3e-05

0.009254 1.2e-05

0.009503 1.9e-05

0.009383 1.3e-05

0.009441 1.5e-05

0.009426 1.4e-05

0.009398 1.8e-05

0.009346 1.2e-05

0.009329 1.1e-05

0.009292 1.6e-05

0.009371 1.3e-05

0.009322 1.2e-05

0.009542 1.1e-05

0.009626 1.5e-05

0.009308 1.4e-05

0.009387 1.5e-05

0.009523 1.5e-05

0.009481 9e-06

0.00937 1.3e-05

0.009338 1.3e-05

0.009374 1.6e-05

0.009302 1.6e-05

0.009386 1.5e-05

0.009316 1.4e-05

0.009358 1.3e-05

0.009306 1.3e-05

0.009351 1.9e-05

0.009342 1.4e-05

0.009314 1e-05

0.009368 1.4e-05

0.009383 1.3e-05

0.009356 1.9e-05

0.009469 1.5e-05

0.009378 1.3e-05

0.009473 1.4e-05

0.009363 1.6e-05

0.009758 1.8e-05

0.009392 1.4e-05

0.00936 1.3e-05

0.009413 1.6e-05

0.009303 1.7e-05

0.009338 1.4e-05

0.009347 1.3e-05

0.009292 1.9e-05

0.009371 1.7e-05

0.009535 1.3e-05

0.009367 1.7e-05

0.009386 2e-05

0.009387 1e-05

0.009352 1.5e-05

0.009498 1.5e-05

0.009379 1.8e-05

0.009473 1.4e-05

0.009477 1.5e-05

0.009375 1.7e-05

0.009467 1.5e-05

0.009345 1.3e-05

0.009312 1.6e-05

0.009262 1.4e-05

0.009331 1.1e-05

0.009463 1.3e-05

0.009293 2.1e-05

0.009604 1.1e-05

0.009383 1.4e-05

0.009364 1.2e-05

0.009391 1.5e-05

0.009438 1.4e-05

0.009377 1.5e-05

0.009562 1.6e-05

0.009425 1.4e-05

0.009415 1.5e-05

0.009371 1.6e-05

0.009606 1.2e-05

0.009352 1.1e-05

0.00938 1.3e-05

0.009289 1.1e-05

0.009325 1.5e-05

0.009282 1.4e-05

0.009512 1e-05

0.009339 1.2e-05

0.009403 1.9e-05

0.009347 1.6e-05

0.009391 1.4e-05

0.009348 1.3e-05

0.009321 1.5e-05

0.009253 1.1e-05

0.009334 1.5e-05

0.009795 1.2e-05

0.009375 1e-05

0.009377 3.5e-05

0.009368 1.7e-05

0.009619 1.6e-05

0.009409 1.8e-05

0.009335 1.2e-05

0.009359 1.6e-05

0.00931 1.5e-05

0.009289 1.4e-05

0.009338 1.3e-05

0.009309 1.5e-05

0.009376 1.6e-05

0.009396 1.1e-05

0.009304 1.1e-05

0.009323 1.3e-05

0.009517 1.5e-05

0.009325 1.1e-05

0.009277 1.5e-05

0.009625 1.5e-05

0.00933 1.6e-05

0.009328 1.4e-05

0.009378 1.5e-05

0.009416 1.3e-05

0.009346 1.4e-05

0.00936 1.1e-05

0.009361 1.2e-05

0.009377 1.5e-05

0.009403 1.8e-05

0.009327 1.1e-05

0.00933 1.5e-05

0.00934 1.2e-05

0.00927 1e-05

0.00937 1.2e-05

0.0095 9e-06

0.009434 1.5e-05

0.009356 1.4e-05

0.009382 1.7e-05

0.009422 1.4e-05

0.009494 1.5e-05

0.00941 1.2e-05

0.009462 9e-06

0.009278 1.4e-05

0.009416 1.1e-05

0.009386 1.8e-05

0.009588 1.3e-05

0.00934 1.6e-05

0.00944 1.2e-05

0.009306 1.4e-05

0.009436 1.5e-05

0.009376 1.2e-05

0.009439 1.9e-05

0.009954 1.9e-05

0.009398 1.4e-05

0.00937 1e-05

0.009383 9e-06

0.009418 1.3e-05

0.009357 1.7e-05

0.009295 1.4e-05

0.009645 2e-05

0.009355 1.5e-05

0.009584 1.7e-05

0.009242 1e-05

0.009415 1e-05

0.009474 1.5e-05

0.009546 1.5e-05

0.009347 1.6e-05

0.009357 1.6e-05

0.009292 1.5e-05

0.009386 1.3e-05

0.009394 1.7e-05

0.009447 1.6e-05

0.009372 1.5e-05

0.009345 1.4e-05

0.009477 1.9e-05

0.009334 1.3e-05

0.009344 1.2e-05

0.009367 1e-05

0.00936 1.5e-05

0.009379 1.8e-05

0.009344 1.3e-05

0.009462 1.7e-05

0.009354 1e-05

0.00934 1.5e-05

0.009337 1.2e-05

0.009439 1.7e-05

0.009373 1.6e-05

0.009453 1.5e-05

0.009452 1.6e-05

0.009413 1.4e-05

0.009362 1.5e-05

0.009343 1.2e-05

0.00926 1.4e-05

0.009623 1.6e-05

0.009432 1.3e-05

0.009493 1.3e-05

0.009334 1.6e-05

0.009399 1.1e-05

0.009308 1.7e-05

0.00949 1.4e-05

0.009283 1.7e-05

0.009781 1.7e-05

0.00953 1.7e-05

0.009577 1.6e-05

0.009231 1.4e-05

0.009553 1.6e-05

0.009331 1.4e-05

0.009323 1.4e-05

0.009341 1.4e-05

0.009447 1.5e-05

0.009324 1.6e-05

0.009535 1.4e-05

0.009728 1.8e-05

0.009368 1.5e-05

0.009319 1.7e-05

0.009407 1.2e-05

0.009412 1.3e-05

0.009363 1.4e-05

0.009283 1.5e-05

0.00937 1.4e-05

0.009324 1.6e-05

0.009443 1.6e-05

0.009402 1.3e-05

0.009515 1.8e-05

0.009534 1.6e-05

0.009388 1.1e-05

0.009517 1.2e-05

0.009401 2e-05

0.00958 1.7e-05

0.009888 1.7e-05

0.009689 1.9e-05

0.009569 2e-05

0.010426 2e-05

0.009672 1.9e-05

0.009791 2.1e-05

0.009714 1.8e-05

0.009601 2e-05

0.009414 1.2e-05

0.009334 1.7e-05

0.0095 1.5e-05

0.009355 1.8e-05

0.009521 1.8e-05

0.00963 1.5e-05

0.009652 1.6e-05

0.009565 2.1e-05

0.009795 2.2e-05

0.009513 1.8e-05

0.009708 1.7e-05

0.009636 1.3e-05

0.009396 1.9e-05

0.010432 1.6e-05

0.009671 2e-05

0.010054 2.2e-05

0.009694 1.5e-05

0.009356 1.2e-05

0.009332 1.7e-05

0.009318 2e-05

0.009501 1.9e-05

0.009648 1.9e-05

0.009424 1e-05

0.009359 1.7e-05

0.009332 2.3e-05

0.009538 1.2e-05

0.009436 1.3e-05

0.009344 1.4e-05

0.009625 2.2e-05

0.009654 1.7e-05

0.009414 2.6e-05

0.009522 1.6e-05

0.009356 1.6e-05

0.009394 1.5e-05

0.009448 1.6e-05

0.00941 1.6e-05

0.009371 1.4e-05

0.009585 2.2e-05

0.009771 1.9e-05

0.009581 1.5e-05

0.009327 1.5e-05

0.009996 2.6e-05

0.010804 1.9e-05

0.009481 2.1e-05

0.009444 1.9e-05

0.010954 1.8e-05

0.009608 2.1e-05

0.009746 1.6e-05

0.011041 2.4e-05

0.010141 1.8e-05

0.009663 1.8e-05

0.00957 2.4e-05

0.01045 1.8e-05

0.009684 2.2e-05

0.009381 1.8e-05

0.009547 1.5e-05

0.009597 1.6e-05

0.009353 3.5e-05

0.009566 1.7e-05

0.009646 1.6e-05

0.009896 2e-05

0.009533 1.7e-05

0.010125 1.7e-05

0.009685 1.9e-05

0.010374 2e-05

0.0099 1.8e-05

0.009529 1.6e-05

0.009531 1.5e-05

0.009371 1.5e-05

0.009428 1.4e-05

0.00946 1.7e-05

0.009602 1.6e-05

0.009464 2.1e-05

0.009324 1.6e-05

0.009833 2.5e-05

0.009456 2e-05

0.009756 1.9e-05

0.009395 1.7e-05

0.009356 1.7e-05

0.009458 2.1e-05

0.009832 1.8e-05

0.009496 2.1e-05

0.009744 1.8e-05

0.009574 1.6e-05

0.009494 1.7e-05

0.009743 1.5e-05

0.00951 1.7e-05

0.00938 2.1e-05

0.009485 1.9e-05

0.009598 1.6e-05

0.009487 1.9e-05

0.00947 1.3e-05

0.009875 2.1e-05

0.009579 1.8e-05

0.009687 1.9e-05

0.009787 2.5e-05

0.011161 2.1e-05

0.009414 1.3e-05

0.013217 2e-05

0.009751 1.4e-05

0.009502 1.8e-05

0.009454 2.7e-05

0.010148 2.3e-05

0.009739 1.8e-05

0.009575 2.1e-05

0.009438 1.8e-05

0.009553 1.2e-05

0.009412 1.7e-05

0.009853 1.8e-05

0.009737 1.9e-05

0.00941 1.3e-05

0.009541 1.8e-05

0.009465 1.6e-05

0.009346 1.3e-05

0.009633 2.2e-05

0.010609 1.9e-05

0.009396 1.8e-05

0.009335 1.3e-05

0.009673 1.6e-05

0.010226 1.8e-05

0.010549 2e-05

0.009428 1.9e-05

0.009372 1.9e-05

0.00963 2.1e-05

0.009493 9e-06

0.009496 1.6e-05

0.009436 2.2e-05

0.009712 1.8e-05

0.009585 1.8e-05

0.009873 1.4e-05

0.009628 1.1e-05

0.009627 2.3e-05

0.009934 1.7e-05

0.0095 1.4e-05

0.009625 2.4e-05

0.009828 1.7e-05

0.00944 1.7e-05

0.009487 1.3e-05

0.009533 2.1e-05

0.009566 1.6e-05

0.009402 1.4e-05

0.009463 2e-05

0.01003 2.6e-05

0.009438 2.5e-05

0.009676 1.7e-05

0.009783 1.6e-05

0.009663 2.2e-05

0.009874 3.5e-05

0.009421 1.4e-05

0.010142 2.1e-05

0.009534 2.1e-05

0.009972 2.1e-05

0.009647 2e-05

0.009855 1.5e-05

0.009589 2.5e-05

0.011961 1.8e-05

0.009768 1.6e-05

0.009777 2e-05

0.009895 2.2e-05

0.009796 2e-05

0.010049 2e-05

0.014357 2.7e-05

0.012053 2.8e-05

0.013968 2.7e-05

0.009706 2.5e-05

0.009883 2.1e-05

0.010099 1.4e-05

0.00959 1.8e-05

0.009833 1.8e-05

0.009835 1.8e-05

0.009475 2.8e-05

0.010028 2e-05

0.009985 1.8e-05

0.009806 2.3e-05

0.009469 1.4e-05

0.00972 1.7e-05

0.009726 2.1e-05

0.010416 3e-05

0.010703 2.2e-05

0.009827 2.4e-05

0.009791 2.1e-05

0.010091 1.6e-05

0.01018 2e-05

0.010056 1.7e-05

0.011214 2.3e-05

0.010078 2.1e-05

0.010111 1.9e-05

0.010013 2.6e-05

0.009998 2e-05

0.010073 1.7e-05

0.009685 2.2e-05

0.009603 1.7e-05

0.012747 2e-05

0.010026 2.4e-05

0.009771 2.1e-05

0.009576 1.9e-05

0.00978 2.3e-05

0.009601 1.6e-05

0.009544 1.9e-05

0.009457 1.9e-05

0.010007 1.8e-05

0.009418 1.7e-05

0.009539 1.5e-05

0.00958 1.3e-05

0.009535 1.7e-05

0.009547 2.1e-05

0.009718 1.5e-05

0.00977 1.7e-05

0.009595 1.3e-05

0.009692 2e-05

0.009702 1.2e-05

0.009405 3.1e-05

0.009622 1.7e-05

0.009501 1.7e-05

0.009431 1.1e-05

0.009368 1.1e-05

0.00943 1.2e-05

0.009534 1.9e-05

0.009322 1e-05

0.009415 1.5e-05

0.009353 2.8e-05

0.010657 2.1e-05

0.00948 1.6e-05

0.009496 1.6e-05

0.009796 2e-05

0.009625 2e-05

0.009893 1.7e-05

0.009614 1.7e-05

0.00966 2e-05

0.012926 2.2e-05

0.012779 2.1e-05

0.009865 2e-05

0.01016 2.1e-05

0.009601 2e-05

0.009721 1.9e-05

0.009705 2.5e-05

0.009778 2.2e-05

0.009501 2.3e-05

0.009844 2.1e-05

0.009811 2.1e-05

0.00974 1.4e-05

0.009557 2.3e-05

0.009842 2e-05

0.009641 1.9e-05

0.009744 1.7e-05

0.009909 2.2e-05

0.009562 1.3e-05

0.009696 2.4e-05

0.009731 2.1e-05

0.009778 2.4e-05

0.00947 1.6e-05

0.009862 2.1e-05

0.009794 1.8e-05

0.009554 1.9e-05

0.009949 1.9e-05

0.009901 2.1e-05

0.011388 1.7e-05

0.010391 2.2e-05

0.011519 3.8e-05

0.012064 2.4e-05

0.010132 2.1e-05

0.01031 2.4e-05

0.010116 2.4e-05

0.010413 2.3e-05

0.010328 2.2e-05

0.010507 1.9e-05

0.010628 1.9e-05

0.011288 2.6e-05

0.010218 1.7e-05

0.009681 3.2e-05

0.009856 2.7e-05

0.009949 2e-05

0.01056 1.7e-05

0.009715 1.8e-05

0.009547 2.3e-05

0.009547 1.8e-05

0.009956 1.7e-05

0.009668 1.5e-05

0.009515 1.8e-05

0.009731 1.9e-05

0.009674 2.2e-05

0.009655 2.1e-05

0.009572 2.1e-05

0.009652 1.4e-05

0.009438 2.2e-05

0.00953 2.4e-05

0.009553 1.9e-05

0.009444 1.5e-05

0.009619 1.9e-05

0.009604 2.1e-05

0.009623 1.7e-05

0.009685 1.8e-05

0.00987 1.4e-05

0.009916 2.1e-05

0.009794 2e-05

0.00989 1.9e-05

0.009616 2e-05

0.009596 2.7e-05

0.009668 1.5e-05

0.009376 1.3e-05

0.009917 1.8e-05

0.00958 1.8e-05

0.009441 1.4e-05

0.009406 1.6e-05

0.009372 1.4e-05

0.009447 2e-05

0.009434 1.5e-05

0.009428 1.4e-05

0.009488 1.4e-05

0.009581 1.2e-05

0.009447 1.8e-05

0.009479 1.3e-05

0.009426 1.6e-05

0.009414 1.6e-05

0.009332 1.3e-05

0.009296 1.8e-05

0.009554 1.4e-05

0.00941 1.5e-05

0.009483 1.6e-05

0.009439 1.1e-05

0.009405 1e-05

0.009356 1.7e-05

0.009513 1.1e-05

0.009374 1.2e-05

0.009406 1.1e-05

0.009673 1.5e-05

0.009377 1.2e-05

0.009359 1.2e-05

0.009425 1.3e-05

0.009421 1.5e-05

0.009367 1.4e-05

0.009255 1.3e-05

0.009522 1.5e-05

0.009307 1.1e-05

0.009502 1.6e-05

0.009346 1.2e-05

0.009598 1.4e-05

0.009994 1.7e-05

0.009439 1.5e-05

0.009397 1.4e-05

0.009414 1.1e-05

0.00938 1.4e-05

0.009403 1.2e-05

0.009307 1.3e-05

0.00937 1.6e-05

0.009431 1.2e-05

0.00942 1.5e-05

0.009569 1.2e-05

0.009375 1.8e-05

0.009406 1.9e-05

0.009576 1.5e-05

0.00941 1.6e-05

0.009489 1.2e-05

0.009523 1.8e-05

0.009498 1.6e-05

0.009581 1.7e-05

0.009572 2e-05

0.009437 1.8e-05

0.009667 1.5e-05

0.009661 1.8e-05

0.00948 1.2e-05

0.009378 1.3e-05

0.009384 1.5e-05

0.0093 1.4e-05

0.009371 1.7e-05

0.009769 1.8e-05

0.009401 1.3e-05

0.010365 1.7e-05

0.00947 1.9e-05

0.009443 1.4e-05

0.009283 1.3e-05

0.009464 2e-05

0.009451 1.3e-05

0.009477 1.9e-05

0.009472 1.4e-05

0.010177 1.7e-05

0.00955 1.8e-05

0.009433 1.1e-05

0.009281 1.6e-05

0.009344 1.2e-05

0.009395 1.1e-05

0.009193 1.4e-05

0.009258 1.2e-05

0.009428 1.9e-05

0.009425 2e-05

0.009498 1.2e-05

0.009421 1.2e-05

0.009361 1.3e-05

0.009376 1.3e-05

0.009429 1.1e-05

0.009343 1.4e-05

0.0094 2.1e-05

0.009403 1.7e-05

0.00955 1.2e-05

0.009312 1.8e-05

0.0095 1.5e-05

0.009466 1.3e-05

0.009345 1.4e-05

0.009305 1.5e-05

0.009343 1.2e-05

0.009356 1.3e-05

0.009372 1.3e-05

0.009413 1.8e-05

0.009449 1.1e-05

0.009442 1.8e-05

0.009714 1.7e-05

0.009357 1.4e-05

0.009368 1.5e-05

0.009495 1.6e-05

0.009446 1.6e-05

0.009319 1.6e-05

0.00935 1.7e-05

0.00959 1.5e-05

0.009981 2e-05

0.009502 1.5e-05

0.009384 1.2e-05

0.009362 1.6e-05

0.009838 1.8e-05

0.009634 1.4e-05

0.009731 1.9e-05

0.009943 1.6e-05

0.009565 1.5e-05

0.00946 1.1e-05

0.009408 1.7e-05

0.009476 1.4e-05

0.009374 1.7e-05

0.009307 1.6e-05

0.009489 1.6e-05

0.009391 1.1e-05

0.009496 1.6e-05

0.00985 1.6e-05

0.009541 2.3e-05

0.009427 1.9e-05

0.009791 1.8e-05

0.009448 1.7e-05

0.009597 1.4e-05

0.009587 1.4e-05

0.009484 1.6e-05

0.009578 1.7e-05

0.009608 1.2e-05

0.009467 3.7e-05

0.009602 2.2e-05

0.009772 1.7e-05

0.009376 1.4e-05

0.009648 1.9e-05

0.009486 1.4e-05

0.009418 1.8e-05

0.009533 1.5e-05

0.009615 1.5e-05

0.009407 1.7e-05

0.009554 1.7e-05

0.009614 1.4e-05

0.009349 1.2e-05

0.009584 1.4e-05

0.00953 1.9e-05

0.009389 1.4e-05

0.009472 1.6e-05

0.009397 1.5e-05

0.009469 1.4e-05

0.009397 1.7e-05

0.009384 1.6e-05

0.009443 1.9e-05

0.009395 1.8e-05

0.009416 1.2e-05

0.009548 1.8e-05

0.009551 1.9e-05

0.009798 1.6e-05

0.009482 1.8e-05

0.009443 1.5e-05

0.009394 1.3e-05

0.009305 1.3e-05

0.009453 2.6e-05

0.012745 2.2e-05

0.009849 1.5e-05

0.00957 1.7e-05

0.009727 2.1e-05

0.009934 2.5e-05

0.010067 2.1e-05

0.009752 1.8e-05

0.009818 2.3e-05

0.009815 2.5e-05

0.009548 2.2e-05

0.009889 2.2e-05

0.010058 1.6e-05

0.009922 1.7e-05

0.009646 2e-05

0.010167 2.1e-05

0.009955 2.4e-05

0.009536 2.2e-05

0.009933 1.7e-05

0.009639 2e-05

0.009501 1.6e-05

0.009649 1.8e-05

0.009671 1.7e-05

0.00946 2.1e-05

0.009686 1.8e-05

0.009534 1.4e-05

0.009384 1.5e-05

0.009361 1.4e-05

0.009342 1.4e-05

0.009454 1.1e-05

0.009787 1.4e-05

0.00957 1.7e-05

0.009364 1.6e-05

0.009446 1.5e-05

0.009459 1.4e-05

0.00935 1.3e-05

0.009305 1.7e-05

0.009349 1.9e-05

0.009598 2e-05

0.009754 1.6e-05

0.009556 1.5e-05

0.009708 1.7e-05

0.009667 2e-05

0.009504 1.6e-05

0.009693 2.1e-05

0.009728 2.1e-05

0.009533 1.8e-05

0.009543 1.5e-05

0.009552 1.4e-05

0.009609 1.4e-05

0.009411 1.6e-05

0.009445 1.1e-05

0.009385 1.4e-05

0.009417 1.8e-05

0.0098 2e-05

0.0095 1.7e-05

0.009413 1.8e-05

0.009513 1.5e-05

0.009498 1.8e-05

0.009646 1.7e-05

0.009607 2.2e-05

0.009369 1.6e-05

0.009757 2.2e-05

0.009525 1.6e-05

0.00941 1.2e-05

0.009502 1.9e-05

0.009374 1.8e-05

0.009458 1.6e-05

0.009399 1.3e-05

0.009419 1.2e-05

0.009349 1.3e-05

0.009622 1.9e-05

0.009786 1.9e-05

0.009672 1.9e-05

0.009838 1.9e-05

