0.004379 9.8e-05

0.004414 9.5e-05

0.004285 0.000119

0.004377 0.000141

0.004434 0.000103

0.004377 0.000121

0.004322 9.8e-05

0.004343 0.000178

0.004333 0.000129

0.004422 0.000168

0.004303 0.000107

0.004337 9.2e-05

0.004327 0.000129

0.004409 0.000148

0.004561 0.000162

0.004744 0.000171

0.004469 0.00022

0.004321 0.000111

0.004365 0.00013

0.00445 0.000186

0.004415 0.000199

0.004403 0.0001

0.004336 0.00014

0.00431 0.000106

0.004363 0.000135

0.004377 0.000103

0.004379 0.000148

0.004297 0.000137

0.004356 0.000166

0.004364 7.8e-05

0.004334 0.000106

0.004321 0.000122

0.004327 0.000125

0.004418 0.00013

0.004381 0.0001

0.004407 0.000126

0.004324 0.000132

0.004382 0.000105

0.004454 0.000159

0.004341 0.000136

0.00433 0.000104

0.004395 0.000165

0.004347 0.000106

0.004397 0.000151

0.004377 7.8e-05

0.004448 9.7e-05

0.004388 0.000158

0.004363 0.000136

0.004462 0.000183

0.004369 7.9e-05

0.00441 0.00013

0.004364 0.000118

0.004334 0.000122

0.004361 0.000133

0.004325 0.000144

0.004316 0.000109

0.004405 0.000115

0.00439 8.4e-05

0.004506 0.000118

0.004358 0.00013

0.004318 0.000138

0.004295 0.000108

0.004372 0.000144

0.004389 0.000149

0.00435 0.00012

0.004349 0.000135

0.004382 0.000121

0.004398 0.000114

0.004499 0.00012

0.004337 0.00013

0.004416 0.000136

0.004313 0.000104

0.004416 0.000124

0.004401 0.000128

0.004332 0.000109

0.004419 0.000136

0.00431 0.000155

0.004372 8.9e-05

0.004315 0.000167

0.004401 0.000116

0.004305 0.000201

0.004408 0.000132

0.004425 0.000131

0.004343 0.00013

0.004422 0.000134

0.00433 0.000123

0.004417 0.00017

0.004397 0.00012

0.004442 0.000154

0.004329 0.000147

0.00432 0.000134

0.004312 0.000107

0.004375 0.000119

0.004339 0.000127

0.004423 0.000155

0.004359 0.000134

0.004384 0.000121

0.004356 0.000127

0.004414 0.00016

0.004408 0.000115

0.004324 0.000123

0.00441 0.000208

0.004351 0.00017

0.004306 0.000151

0.004334 0.000122

0.004335 0.00014

0.004359 0.000148

0.004369 0.00015

0.00438 7.4e-05

0.004332 0.000113

0.00433 0.00012

0.004401 0.000114

0.004348 0.000149

0.00436 0.000101

0.004317 9.8e-05

0.004339 0.000105

0.004359 0.000152

0.004363 0.000108

0.004337 0.00016

0.004413 0.000112

0.004411 0.000144

0.004361 0.0001

0.004309 0.000102

0.004342 0.000181

0.004364 0.000162

0.004289 0.000147

0.004344 0.000122

0.004338 0.000115

0.004301 0.000142

0.004304 0.000108

0.004378 0.00011

0.004326 0.000101

0.004373 0.000121

0.004325 9.2e-05

0.004315 0.00011

0.004374 0.000151

0.004359 0.000132

0.004307 0.000126

0.004339 0.000121

0.004431 0.000119

0.004405 0.000172

0.004321 0.00017

0.004429 0.00013

0.00431 0.0001

0.004358 0.000123

0.004329 0.000174

0.00434 0.000159

0.004272 0.000123

0.004337 0.000166

0.004342 0.000134

0.004361 8.6e-05

0.004328 0.000109

0.004331 0.000119

0.004387 0.000136

0.004393 0.000125

0.004375 0.000127

0.004383 0.000115

0.004348 0.000132

0.004377 0.000122

0.00435 0.00014

0.004316 0.000169

0.004483 0.000113

0.004389 0.000124

0.004459 0.000167

0.004442 0.000114

0.004299 0.000108

0.004355 0.00013

0.004372 0.000158

0.004317 0.000132

0.004348 0.000104

0.004388 0.000118

0.004353 9.5e-05

0.004325 0.000102

0.004342 0.000131

0.004448 0.000118

0.004409 0.000141

0.004398 0.0001

0.004338 0.00013

0.004282 0.000177

0.004399 0.000149

0.00452 0.00013

0.00431 9.8e-05

0.004324 9.2e-05

0.004431 0.00011

0.004376 0.000119

0.004545 0.000112

0.004397 0.00018

0.004335 0.000118

0.004368 0.000124

0.004402 0.000111

0.00431 0.000121

0.004328 0.00014

0.004339 0.000134

0.004326 9.7e-05

0.004335 0.000124

0.004413 0.000181

0.004378 0.000116

0.004319 9.8e-05

0.004428 0.000108

0.004329 0.000108

0.004285 0.000147

0.004338 0.000169

0.004308 0.000124

0.004408 0.000178

0.004298 0.000119

0.004329 0.000136

0.004318 0.000162

0.004376 0.00013

0.00445 0.00017

0.004428 0.000148

0.004355 9.3e-05

0.004399 0.000112

0.004346 0.000128

0.004326 0.00013

0.004338 0.000178

0.004364 0.000121

0.004364 0.000114

0.004311 0.000142

0.004392 0.000105

0.004407 0.000124

0.004387 0.000155

0.00431 0.000153

0.004376 7.8e-05

0.004426 0.00014

0.004395 0.000129

0.004369 9.3e-05

0.004336 0.000123

0.004433 0.00012

0.00435 0.000101

0.004319 0.00015

0.004411 0.000158

0.004343 9e-05

0.004395 0.000119

0.004336 0.000197

0.004375 0.000102

0.00441 0.000127

0.004311 0.000144

0.004377 9.3e-05

0.004349 0.000134

0.004352 0.000154

0.004372 0.000172

0.004358 0.000136

0.004396 0.000121

0.004346 0.000117

0.004306 0.000112

0.004404 0.000133

0.004352 9.5e-05

0.004375 0.000109

0.004337 0.000109

0.004326 0.000198

0.004369 0.000123

0.004423 0.000134

0.004364 0.000116

0.004373 0.000122

0.004369 0.000159

0.004347 8.8e-05

0.00438 0.000117

0.004424 0.000138

0.004359 9.3e-05

0.00429 0.000109

0.004335 0.000149

0.004413 0.000139

0.004369 8.7e-05

0.004335 9.7e-05

0.004406 0.000143

0.004372 0.000112

0.004352 0.000132

0.00431 0.000105

0.004355 0.000176

0.00432 0.000145

0.00438 9.7e-05

0.004455 0.00011

0.004329 0.00013

0.004375 0.000128

0.004332 0.00014

0.004411 0.000118

0.004413 9.5e-05

0.004352 9.9e-05

0.00433 0.000121

0.004395 0.000168

0.004399 0.000131

0.004371 0.000162

0.004308 9.5e-05

0.004378 0.000111

0.004335 9.2e-05

0.004325 0.000108

0.004322 0.000125

0.004311 8.9e-05

0.004331 0.000106

0.004337 0.000147

0.00435 0.000196

0.004469 0.000172

0.004441 0.000134

0.004406 0.000143

0.004433 0.000154

0.004372 0.000141

0.004333 0.000115

0.004347 0.00012

0.004472 0.00013

0.004341 0.000164

0.004343 0.000122

0.00437 0.000108

0.004365 0.000121

0.004354 0.000161

0.004339 9.9e-05

0.004346 0.000121

0.004407 0.00013

0.004363 0.000109

0.004303 0.000103

0.004349 0.000123

0.004405 0.000111

0.004321 0.000115

0.004306 8.3e-05

0.004309 0.000139

0.004325 0.000109

0.004415 9.6e-05

0.004327 0.000117

0.004348 0.000149

0.004341 0.000209

0.00433 0.000118

0.004392 0.000112

0.004344 0.000104

0.00433 0.000138

0.004324 0.000116

0.00438 0.000102

0.004337 0.000151

0.004359 0.000124

0.00437 0.000104

0.004376 0.000122

0.004378 0.00011

0.004356 0.000112

0.004477 0.000152

0.004392 0.000126

0.004365 0.000174

0.004354 0.000146

0.004359 0.000112

0.004484 0.000117

0.00432 0.000106

0.004335 0.000144

0.004386 0.000112

0.00442 0.000132

0.004315 0.000118

0.004316 0.000121

0.004306 0.000156

0.004361 0.000147

0.004318 0.000142

0.004368 0.000134

0.004398 0.000113

0.004344 0.000103

0.004391 0.000108

0.004325 0.000122

0.004343 0.000141

0.004612 0.000165

0.004452 0.000159

0.00444 0.000124

0.004422 0.00012

0.004313 0.000168

0.004429 0.000178

0.004457 0.000179

0.00447 0.000136

0.004434 0.000107

0.004304 0.00012

0.004419 0.000122

0.004348 0.000117

0.004351 0.000126

0.004293 0.000119

0.004475 8.8e-05

0.004345 0.000203

0.004309 0.000105

0.00444 0.000109

0.004355 0.000161

0.004353 0.000122

0.004322 0.000116

0.004321 0.000115

0.004419 0.000137

0.004323 0.000183

0.004317 0.000156

0.004371 0.000115

0.00441 0.000121

0.004329 0.000116

0.004337 8.3e-05

0.004383 0.000142

0.004341 0.00016

0.004373 0.000141

0.004333 0.000108

0.004342 0.000115

0.004344 9.1e-05

0.004341 0.00011

0.004392 8e-05

0.004393 0.000127

0.004375 9.5e-05

0.004366 0.000136

0.004317 0.000165

0.004323 9.4e-05

0.004495 0.00014

0.004339 0.000134

0.00442 0.000134

0.004362 0.000143

0.004354 0.000147

0.004362 0.000119

0.004349 0.000145

0.00438 0.000184

0.00439 9.7e-05

0.004399 0.000104

0.004356 0.000128

0.004367 0.000147

0.004322 0.00015

0.004363 0.000117

0.004399 0.000101

0.004311 0.000192

0.004299 0.000157

0.004367 0.00018

0.00435 0.0001

0.004363 0.000122

0.00432 0.000167

0.004439 0.00013

0.004476 0.000121

0.004314 0.000143

0.004378 0.000124

0.004367 0.000109

0.004357 0.000122

0.004373 0.000137

0.004375 8.9e-05

0.004405 0.000101

0.004336 0.000119

0.004344 0.000129

0.004299 0.000113

0.00441 0.000101

0.00445 0.000113

0.004473 0.000115

0.004382 0.000106

0.004369 0.0002

0.004347 0.000106

0.004427 0.000152

0.004423 0.000136

0.004357 0.000116

0.004391 0.000118

0.004404 9.6e-05

0.004325 9.3e-05

0.004342 0.000136

0.004332 0.00013

0.004329 0.000106

0.004411 0.000128

0.004297 0.000117

0.004368 0.000148

0.004346 0.000126

0.004392 0.000128

0.00437 9.3e-05

0.00433 0.000174

0.00437 0.00013

0.00437 8.4e-05

0.004357 0.000109

0.004341 0.00012

0.004372 0.000141

0.004326 0.000119

0.004343 0.00013

0.004383 0.000147

0.004321 0.000101

0.004346 0.000128

0.004336 0.000111

0.004386 0.000107

0.004351 0.000147

0.004442 0.000139

0.004343 0.000144

0.00431 0.000126

0.004336 0.000119

0.004337 0.000124

0.004309 0.000108

0.004371 0.000119

0.004333 0.000117

0.004337 9.4e-05

0.004379 0.000124

0.004399 0.000137

0.004436 0.000175

0.004395 0.000179

0.004296 0.000165

0.004347 0.00011

0.004391 0.000125

0.004314 0.000114

0.004354 0.000123

0.004348 0.000113

0.00437 0.000112

0.004388 9.3e-05

0.00434 0.000148

0.004491 9.5e-05

0.004544 0.000122

0.004476 0.000112

0.004592 0.000124

0.004432 0.000157

0.004392 0.000121

0.004399 0.000119

0.004398 0.000136

0.00436 0.000128

0.004321 0.000134

0.004342 0.00013

0.004337 0.000168

0.004429 0.000134

0.004323 0.000132

0.004521 8.6e-05

0.004386 0.000158

0.004382 0.000134

0.004373 0.000184

0.004339 0.000135

0.004363 0.00012

0.004343 0.000143

0.00434 0.000143

0.004374 0.000109

0.004348 0.000133

0.004361 0.000141

0.004328 0.000135

0.004386 0.00011

0.004383 0.000118

0.004379 0.000124

0.004323 0.000127

0.004336 0.000129

0.004346 0.000132

0.004383 0.000113

0.004431 0.000139

0.004387 0.000113

0.004328 0.000135

0.0044 0.000159

0.004425 0.00014

0.004334 0.000104

0.004337 0.000168

0.004301 0.000142

0.004351 0.000168

0.004339 0.0001

0.004295 0.000129

0.004322 0.000156

0.004375 0.000142

0.00441 0.000114

0.004386 0.000111

0.004406 0.000188

0.004425 8.9e-05

0.004448 0.000136

0.004345 8e-05

0.004395 0.000102

0.004319 0.00018

0.00445 0.000127

0.004375 0.000109

0.004335 0.000109

0.004427 0.000115

0.004313 0.000103

0.004489 9.4e-05

0.004276 0.00013

0.004353 0.000141

0.004328 0.00017

0.004382 0.000134

0.004465 0.000143

0.004383 0.000121

0.004339 0.000151

0.004341 0.000144

0.004376 0.000126

0.004381 0.00011

0.004326 0.000178

0.004343 0.000115

0.004324 7.6e-05

0.004337 0.000113

0.004377 0.000122

0.004376 0.000163

0.00438 0.000136

0.004321 0.000153

0.004366 9.3e-05

0.004364 0.000101

0.004388 0.000115

0.00439 0.00014

0.00443 0.000132

0.004384 0.000129

0.004361 0.000128

0.00435 8.9e-05

0.004376 0.000131

0.004386 0.00016

0.00435 0.000136

0.004311 0.000136

0.004409 0.0001

0.004341 0.000193

0.004306 0.00013

0.004336 0.000132

0.004306 0.000109

0.004392 0.000108

0.004287 0.000115

0.004371 0.000139

0.004323 0.000113

0.004316 9.9e-05

0.004341 0.000166

0.004415 0.000133

0.004361 0.000143

0.004319 0.000129

0.00436 9.9e-05

0.004329 0.000147

0.004314 0.000121

0.004333 9.8e-05

0.004325 0.000123

0.004346 0.000139

0.004354 0.0001

0.004358 0.000169

0.004413 0.000134

0.004391 0.000142

0.004358 0.000118

0.004368 0.000108

0.004487 0.000128

0.004339 0.000128

0.004305 9.9e-05

0.004342 0.000124

0.004366 0.000147

0.00436 0.000125

0.004344 8.6e-05

0.004349 0.000135

0.004339 0.000153

0.004353 9.9e-05

0.004322 0.000128

0.004346 0.000154

0.004322 0.000118

0.00438 0.000101

0.004315 0.000123

0.00432 9e-05

0.004322 0.000145

0.004375 0.000136

0.004382 0.000127

0.004375 0.000124

0.004354 9.8e-05

0.004368 0.000116

0.004358 0.00012

0.004445 9.5e-05

0.004373 7.9e-05

0.004341 0.000134

0.004292 0.000133

0.004357 0.000124

0.004337 0.000149

0.004315 0.00011

0.004357 0.000145

0.004319 0.000126

0.004413 0.000146

0.004421 0.00018

0.004347 0.000153

0.004342 0.000174

0.004397 0.000111

0.004487 0.000181

0.004475 0.000154

0.004351 0.000101

0.004329 0.000124

0.004324 0.000121

0.004396 0.000106

0.004335 0.000134

0.004361 0.000133

0.004362 0.000111

0.004308 0.000138

0.004325 8e-05

0.004365 0.000107

0.004321 9.3e-05

0.004463 0.00017

0.004367 0.000143

0.004414 0.000109

0.004318 7.7e-05

0.004419 0.000123

0.004329 0.000115

0.004393 0.000157

0.0044 9.8e-05

0.004386 0.000166

0.004314 0.000115

0.00432 0.000119

0.004443 0.000115

0.004351 0.000122

0.00429 0.000181

0.004348 0.000113

0.004327 0.000133

0.004325 0.00014

0.004313 0.000109

0.004397 0.000153

0.004377 0.00015

0.004342 0.000132

0.004504 0.000162

0.00444 0.000128

0.004375 0.00019

0.00435 0.000136

0.004308 0.000152

0.004408 0.00017

0.004411 0.000163

0.004358 0.000122

0.004322 0.000112

0.004367 0.0001

0.004365 0.000105

0.004333 9.9e-05

0.004346 0.000122

0.004326 0.000164

0.004346 0.000101

0.004354 0.000114

0.004413 0.00016

0.004479 0.000121

0.004356 0.000146

0.0043 0.000112

0.004516 0.000105

0.004415 0.000144

0.004342 0.000119

0.004338 0.000146

0.004414 0.000103

0.004383 0.000137

0.004324 0.000133

0.00433 0.000145

0.004374 0.000195

0.004375 0.00012

0.004377 0.000108

0.00433 0.000211

0.004374 0.000117

0.004294 0.000136

0.004365 0.000151

0.004471 0.000146

0.004392 0.000101

0.004347 0.000132

0.004402 0.000144

0.004439 9.3e-05

0.004364 0.000125

0.004549 0.000114

0.004507 0.000112

0.00446 0.000162

0.004518 0.00012

0.004398 0.000148

0.004372 0.000174

0.004338 0.000151

0.004352 0.000196

0.004324 0.000134

0.004541 0.000116

0.004395 9.3e-05

0.004353 8.2e-05

0.004333 0.000152

0.004454 0.000134

0.004409 9.7e-05

0.004296 0.000125

0.004373 0.000149

0.004333 0.000124

0.004384 0.000122

0.004345 0.000118

0.004325 8.9e-05

0.004368 0.000145

0.004356 0.00013

0.004339 0.000129

0.004413 0.000116

0.004331 0.000133

0.004296 0.000129

0.004414 0.000132

0.004369 0.000105

0.004377 0.000109

0.004368 9.7e-05

0.004331 7.6e-05

0.004397 0.00011

0.00445 0.00011

0.004346 0.000178

0.00435 0.000113

0.004364 0.000131

0.004388 0.000133

0.004359 8.5e-05

0.004435 0.000124

0.004412 0.000125

0.004337 0.000131

0.004334 0.000123

0.004377 0.000114

0.004355 0.000109

0.004342 0.000137

0.004293 0.000116

0.004418 0.000194

0.004367 0.000111

0.004372 0.000148

0.004479 0.000103

0.004458 0.000139

0.004396 0.000147

0.00434 0.000137

0.004306 0.000132

0.004379 0.000126

0.004353 0.00013

0.004361 9.7e-05

0.004303 0.000119

0.004296 0.000103

0.004369 0.000159

0.00432 0.000101

0.004444 0.000146

0.004357 0.000126

0.004374 0.000114

0.004331 0.000119

0.004442 0.000142

0.004352 0.000127

0.004357 0.000139

0.004328 0.00012

0.004487 0.000105

0.004345 0.000121

0.004482 0.000123

0.004319 0.000151

0.004332 0.000133

0.004352 0.00014

0.004368 0.000156

0.004368 0.00012

0.004355 0.000139

0.004377 0.000113

0.004308 0.000128

0.004426 0.00011

0.004395 0.000109

0.004376 0.000137

0.004305 0.000173

0.004372 0.000105

0.004386 8.8e-05

0.004341 0.000133

0.004385 0.000127

0.00436 0.000115

0.004302 7.7e-05

0.004347 8.2e-05

0.004342 0.000133

0.004356 0.000117

0.004356 0.000145

0.00433 0.000208

0.004443 0.000123

0.004369 0.00015

0.004352 0.000126

0.004343 0.000111

0.004405 9.8e-05

0.004461 9.9e-05

0.00435 0.000119

0.004318 0.000188

0.004314 0.000135

0.004285 9.2e-05

0.00436 0.00013

0.00434 0.000126

0.00432 0.000139

0.004338 0.000106

0.004568 0.00012

0.004523 0.00012

0.004427 0.000136

0.004343 0.000158

0.004365 0.000181

0.004388 8.8e-05

0.004484 0.000116

0.004327 0.000114

0.004338 0.00015

0.004343 0.000103

0.004418 0.000132

0.00429 8.6e-05

0.004393 0.000147

0.004308 0.000118

0.004348 0.000121

0.004347 0.000106

0.004384 0.000158

0.004382 0.000166

0.004324 0.000107

0.004368 0.000118

0.004329 0.000129

0.004435 0.0001

0.004291 0.000142

0.004401 0.000106

0.004358 0.000133

0.004363 9.8e-05

0.004372 0.000168

0.004426 0.000156

0.004323 0.000106

0.004428 0.000152

0.004348 0.000129

0.004336 0.000116

0.004301 0.000118

0.004324 0.000113

0.004394 0.000143

0.004348 8.5e-05

0.004335 7.7e-05

0.004308 0.000126

0.004391 0.000155

0.004389 0.000168

0.004337 0.000125

0.004333 0.000141

0.004368 0.000109

0.004483 0.00014

0.004426 0.000101

0.004355 0.000121

0.004392 0.00018

0.004323 9.5e-05

0.004314 0.000125

0.004443 0.000145

0.004439 0.000154

0.004305 0.000113

0.004342 9.2e-05

0.004329 9.6e-05

0.004351 0.000161

0.004362 0.000121

0.004342 0.000102

0.004327 0.000128

0.004376 9.7e-05

0.004336 0.000129

0.004318 9.2e-05

0.004347 0.000115

0.004378 0.000106

0.004404 0.000119

0.004323 0.000123

0.004289 0.00013

0.004316 0.000132

0.004371 9.8e-05

0.004373 0.000116

0.004321 0.000151

0.004318 0.000101

0.004349 9.5e-05

0.004315 9.8e-05

0.004333 0.000128

0.004347 0.000127

0.004324 0.000104

0.004332 0.000109

0.004488 0.000138

0.004376 9.3e-05

0.004356 0.000133

0.004407 0.000123

0.004348 0.000128

0.004436 0.000147

0.004347 0.000135

0.004339 0.000104

0.004384 0.000136

0.004466 9.3e-05

0.004366 0.000103

0.004355 8.7e-05

0.004363 0.000108

0.004403 9.4e-05

0.004334 0.000137

0.004383 0.000114

0.004474 9.6e-05

0.004384 0.000134

0.00431 9.2e-05

0.004335 9.6e-05

0.004378 0.000192

0.004343 0.000136

0.004441 0.000148

0.004376 0.000118

0.004358 0.000121

0.004357 0.000161

0.004334 0.000174

0.004346 0.000113

0.004285 0.000127

0.004329 0.00017

0.004394 9.3e-05

0.004405 0.000128

0.004332 0.000138

0.004375 0.000104

0.004368 0.000135

0.004323 0.00015

0.004404 0.000124

0.004342 0.000127

0.004348 0.000107

0.004428 0.000116

0.004376 0.000146

0.004424 0.00015

0.004368 0.00017

0.004336 0.000156

0.004361 0.000128

0.004464 0.000135

0.004382 0.00012

0.004355 8.9e-05

0.004416 0.000112

0.004343 0.0001

0.004308 0.000149

0.00438 0.000161

0.004333 0.000102

0.004394 0.000138

0.004384 0.000119

0.004325 0.000164

0.004329 0.000129

0.004312 0.000122

0.004355 0.000106

0.004361 8.6e-05

0.004319 0.000122

0.00434 0.000134

0.004329 0.000128

0.004328 0.000139

0.004427 0.000108

0.004363 8.8e-05

0.004339 0.00013

0.004296 0.000175

0.004325 0.000178

0.004336 0.000103

0.004391 0.000119

0.004456 0.00011

0.00438 0.000118

0.004439 0.000115

0.004374 0.000121

0.004368 0.000171

0.004348 0.000118

0.004308 0.000135

0.00441 0.000148

0.004401 0.000111

0.004369 0.000154

0.004353 0.000115

0.004336 0.000158

0.004388 0.000117

0.004406 0.000115

0.004325 0.000126

0.004344 0.000171

0.004369 9.6e-05

0.0044 0.000107

0.004363 0.000105

0.004426 0.000159

0.004434 0.000105

0.004326 0.000164

0.004386 0.000127

0.004327 0.000116

0.004337 0.000141

0.004339 9.9e-05

0.004319 0.000101

0.00433 0.000102

0.004328 0.000129

0.00435 0.00012

