0.010132 6e-06

0.009787 4e-06

0.009544 4e-06

0.010148 1e-05

0.010523 8e-06

0.009707 5e-06

0.009556 4e-06

0.009955 6e-06

0.009619 5e-06

0.009652 5e-06

0.009623 3e-06

0.009571 4e-06

0.009493 4e-06

0.009634 4e-06

0.009616 3e-06

0.00952 5e-06

0.009571 4e-06

0.009467 4e-06

0.00951 6e-06

0.009685 5e-06

0.00952 6e-06

0.010706 6e-06

0.00953 4e-06

0.009592 4e-06

0.009609 3e-06

0.009632 4e-06

0.009663 6e-06

0.009558 4e-06

0.009658 3e-06

0.009491 4e-06

0.009566 3e-06

0.009565 4e-06

0.009602 3e-06

0.009671 4e-06

0.009578 4e-06

0.009543 4e-06

0.009518 4e-06

0.009504 5e-06

0.009597 3e-06

0.009677 4e-06

0.009611 4e-06

0.009587 4e-06

0.009562 4e-06

0.009497 3e-06

0.009609 4e-06

0.00945 5e-06

0.009545 4e-06

0.009592 4e-06

0.009724 7e-06

0.009563 4e-06

0.009748 4e-06

0.009524 4e-06

0.009585 5e-06

0.009493 5e-06

0.009593 3e-06

0.009603 6e-06

0.009492 4e-06

0.009504 5e-06

0.009541 4e-06

0.009525 5e-06

0.009608 4e-06

0.009565 4e-06

0.009457 5e-06

0.00958 4e-06

0.009625 5e-06

0.009567 4e-06

0.009613 5e-06

0.009506 4e-06

0.009562 4e-06

0.009616 3e-06

0.009507 4e-06

0.009556 4e-06

0.009526 4e-06

0.009641 3e-06

0.009587 4e-06

0.009544 6e-06

0.009511 5e-06

0.009644 7e-06

0.009606 4e-06

0.009646 4e-06

0.009544 4e-06

0.009633 4e-06

0.009508 4e-06

0.009528 5e-06

0.00963 3e-06

0.00974 4e-06

0.009484 4e-06

0.009688 4e-06

0.009655 4e-06

0.009496 4e-06

0.009586 5e-06

0.009556 4e-06

0.009553 4e-06

0.009619 4e-06

0.009534 5e-06

0.00959 5e-06

0.009757 3e-06

0.009555 4e-06

0.009488 3e-06

0.009673 7e-06

0.009681 4e-06

0.009577 5e-06

0.009588 3e-06

0.009634 5e-06

0.009602 4e-06

0.009689 5e-06

0.009523 6e-06

0.009688 5e-06

0.009633 4e-06

0.009485 5e-06

0.009595 4e-06

0.009568 4e-06

0.00966 5e-06

0.009487 4e-06

0.009576 4e-06

0.00963 4e-06

0.009518 3e-06

0.009535 4e-06

0.009534 4e-06

0.009548 3e-06

0.00958 4e-06

0.009517 5e-06

0.009562 4e-06

0.009659 4e-06

0.009588 4e-06

0.009635 4e-06

0.00949 4e-06

0.009655 6e-06

0.009572 4e-06

0.00973 5e-06

0.009527 5e-06

0.009598 5e-06

0.00962 4e-06

0.009537 3e-06

0.009633 5e-06

0.009553 3e-06

0.009833 7e-06

0.00961 3e-06

0.009648 5e-06

0.009516 4e-06

0.009681 4e-06

0.009536 3e-06

0.009669 3e-06

0.009544 3e-06

0.009488 4e-06

0.009527 3e-06

0.009638 3e-06

0.00944 4e-06

0.009656 4e-06

0.009646 5e-06

0.009551 4e-06

0.009725 4e-06

0.009471 4e-06

0.009526 5e-06

0.009684 4e-06

0.009496 5e-06

0.009578 3e-06

0.009517 5e-06

0.009507 5e-06

0.009592 4e-06

0.009621 5e-06

0.009598 4e-06

0.009673 4e-06

0.009586 4e-06

0.009691 3e-06

0.009566 7e-06

0.009649 4e-06

0.009557 5e-06

0.009658 3e-06

0.009608 5e-06

0.009842 4e-06

0.009611 5e-06

0.00952 5e-06

0.009596 6e-06

0.009565 4e-06

0.009551 3e-06

0.009568 4e-06

0.009526 5e-06

0.009678 4e-06

0.009581 4e-06

0.009496 5e-06

0.009519 4e-06

0.009659 4e-06

0.009524 5e-06

0.010408 9e-06

0.010219 7e-06

0.009557 3e-06

0.009558 5e-06

0.00957 3e-06

0.009518 4e-06

0.009467 4e-06

0.009633 3e-06

0.009457 4e-06

0.00969 5e-06

0.00954 7e-06

0.009616 4e-06

0.009702 5e-06

0.009616 3e-06

0.009582 7e-06

0.009618 4e-06

0.009548 4e-06

0.009517 4e-06

0.009644 5e-06

0.00954 5e-06

0.009587 3e-06

0.00952 4e-06

0.009568 4e-06

0.009666 5e-06

0.009487 3e-06

0.009657 7e-06

0.009685 4e-06

0.009661 5e-06

0.009513 3e-06

0.009634 5e-06

0.009587 4e-06

0.009678 4e-06

0.009546 4e-06

0.0096 5e-06

0.009636 5e-06

0.009541 4e-06

0.009519 6e-06

0.009595 5e-06

0.009641 4e-06

0.009548 3e-06

0.009718 7e-06

0.00967 3e-06

0.009627 4e-06

0.009562 4e-06

0.00967 4e-06

0.009571 4e-06

0.009577 4e-06

0.009535 5e-06

0.009547 5e-06

0.00965 5e-06

0.009558 5e-06

0.009593 6e-06

0.009623 4e-06

0.009488 4e-06

0.009564 4e-06

0.009675 5e-06

0.009589 6e-06

0.009476 6e-06

0.00962 4e-06

0.009612 4e-06

0.009526 3e-06

0.009556 5e-06

0.009635 4e-06

0.009488 5e-06

0.009624 3e-06

0.009542 5e-06

0.009573 4e-06

0.009654 4e-06

0.0097 4e-06

0.009611 6e-06

0.009705 4e-06

0.009588 4e-06

0.009569 4e-06

0.009614 5e-06

0.009622 4e-06

0.009641 3e-06

0.009611 3e-06

0.009571 4e-06

0.009601 4e-06

0.0096 4e-06

0.009632 4e-06

0.009528 4e-06

0.009546 4e-06

0.009562 4e-06

0.009652 5e-06

0.009526 5e-06

0.00963 3e-06

0.009599 4e-06

0.009492 4e-06

0.009595 5e-06

0.009563 4e-06

0.009546 4e-06

0.00955 3e-06

0.009593 4e-06

0.009533 4e-06

0.00964 5e-06

0.009541 4e-06

0.009718 5e-06

0.009577 6e-06

0.009663 7e-06

0.009569 4e-06

0.009607 4e-06

0.009558 5e-06

0.009656 5e-06

0.009629 4e-06

0.009583 5e-06

0.009518 5e-06

0.009633 3e-06

0.009514 4e-06

0.009557 4e-06

0.009711 5e-06

0.009574 5e-06

0.009577 5e-06

0.009571 5e-06

0.009575 5e-06

0.009556 4e-06

0.009519 5e-06

0.009688 5e-06

0.009511 5e-06

0.009587 4e-06

0.009543 6e-06

0.009581 5e-06

0.009677 4e-06

0.009581 4e-06

0.00956 4e-06

0.009549 4e-06

0.009526 4e-06

0.009553 4e-06

0.009825 5e-06

0.009635 5e-06

0.009564 3e-06

0.009605 4e-06

0.00964 3e-06

0.009559 5e-06

0.009548 4e-06

0.009669 6e-06

0.009445 5e-06

0.009616 5e-06

0.009472 4e-06

0.009676 6e-06

0.009647 4e-06

0.009691 5e-06

0.009571 4e-06

0.009657 4e-06

0.009519 4e-06

0.009589 4e-06

0.009528 4e-06

0.009708 6e-06

0.009641 3e-06

0.009597 4e-06

0.009622 3e-06

0.0095 4e-06

0.009498 4e-06

0.009638 4e-06

0.00957 4e-06

0.009571 4e-06

0.009587 4e-06

0.009751 2e-05

0.009607 4e-06

0.0097 4e-06

0.009514 3e-06

0.009575 6e-06

0.009638 4e-06

0.009555 4e-06

0.009534 3e-06

0.009767 6e-06

0.009582 4e-06

0.009683 4e-06

0.009623 6e-06

0.009596 4e-06

0.009562 4e-06

0.009599 7e-06

0.009614 4e-06

0.009623 5e-06

0.009636 5e-06

0.009592 4e-06

0.009709 4e-06

0.009697 4e-06

0.009537 4e-06

0.009623 4e-06

0.009518 4e-06

0.009485 4e-06

0.009507 3e-06

0.009699 5e-06

0.009534 5e-06

0.009561 4e-06

0.009507 6e-06

0.00955 4e-06

0.009526 5e-06

0.009655 4e-06

0.009609 5e-06

0.009529 5e-06

0.009528 5e-06

0.009501 5e-06

0.009628 7e-06

0.009657 5e-06

0.009684 4e-06

0.009592 6e-06

0.00957 5e-06

0.009696 5e-06

0.009515 4e-06

0.009541 5e-06

0.009562 4e-06

0.009584 4e-06

0.009617 4e-06

0.0095 4e-06

0.009601 5e-06

0.009692 4e-06

0.009644 5e-06

0.009687 5e-06

0.009635 5e-06

0.00958 4e-06

0.009684 6e-06

0.00956 4e-06

0.009578 4e-06

0.009523 7e-06

0.009676 4e-06

0.009546 4e-06

0.009658 4e-06

0.009579 4e-06

0.00957 4e-06

0.009635 4e-06

0.009566 3e-06

0.009646 5e-06

0.00964 4e-06

0.009532 5e-06

0.009601 4e-06

0.009611 3e-06

0.009518 3e-06

0.009576 6e-06

0.009458 6e-06

0.009542 3e-06

0.009534 4e-06

0.009509 5e-06

0.00959 4e-06

0.009514 4e-06

0.00957 4e-06

0.009551 5e-06

0.00965 5e-06

0.00951 4e-06

0.009604 4e-06

0.00957 4e-06

0.009618 4e-06

0.00957 3e-06

0.009521 6e-06

0.009803 5e-06

0.009558 3e-06

0.009536 5e-06

0.009617 5e-06

0.009524 3e-06

0.009541 5e-06

0.009723 4e-06

0.009657 3e-06

0.009521 4e-06

0.00954 5e-06

0.00954 4e-06

0.009527 4e-06

0.009481 4e-06

0.009526 4e-06

0.009502 4e-06

0.009652 4e-06

0.009552 3e-06

0.009595 3e-06

0.009573 4e-06

0.009595 4e-06

0.009635 4e-06

0.009652 4e-06

0.00965 5e-06

0.009622 4e-06

0.009614 4e-06

0.009557 3e-06

0.009554 4e-06

0.009436 4e-06

0.009593 4e-06

0.009687 6e-06

0.00954 4e-06

0.009645 5e-06

0.009549 6e-06

0.009682 5e-06

0.009618 4e-06

0.009584 4e-06

0.009738 6e-06

0.009762 4e-06

0.009546 4e-06

0.009687 4e-06

0.009609 5e-06

0.009514 4e-06

0.009656 4e-06

0.009576 5e-06

0.009566 4e-06

0.009482 4e-06

0.009622 5e-06

0.00951 4e-06

0.009634 5e-06

0.0097 4e-06

0.009657 5e-06

0.009616 4e-06

0.009535 3e-06

0.009635 5e-06

0.009521 5e-06

0.009518 4e-06

0.00961 3e-06

0.009574 3e-06

0.009501 9e-06

0.009628 5e-06

0.00956 4e-06

0.009585 4e-06

0.009575 4e-06

0.009506 6e-06

0.009612 4e-06

0.009626 5e-06

0.009581 4e-06

0.009535 6e-06

0.009615 4e-06

0.009615 6e-06

0.009618 4e-06

0.009547 6e-06

0.009517 7e-06

0.009662 4e-06

0.009466 4e-06

0.009603 4e-06

0.00958 4e-06

0.009597 5e-06

0.009613 4e-06

0.009648 5e-06

0.009496 3e-06

0.009518 4e-06

0.009464 3e-06

0.009558 5e-06

0.009622 4e-06

0.009754 6e-06

0.009647 4e-06

0.009601 7e-06

0.009591 4e-06

0.009544 3e-06

0.009658 4e-06

0.009543 3e-06

0.009594 5e-06

0.009446 4e-06

0.00957 4e-06

0.009567 4e-06

0.009568 4e-06

0.009718 4e-06

0.009549 3e-06

0.009559 3e-06

0.009623 3e-06

0.009593 4e-06

0.009605 4e-06

0.009613 5e-06

0.009598 4e-06

0.009575 5e-06

0.009628 4e-06

0.009599 5e-06

0.009578 4e-06

0.00959 6e-06

0.009536 4e-06

0.009527 4e-06

0.009567 5e-06

0.009539 4e-06

0.009594 4e-06

0.009539 3e-06

0.009538 4e-06

0.009734 5e-06

0.009551 5e-06

0.009504 4e-06

0.009635 4e-06

0.009488 5e-06

0.009513 4e-06

0.009581 4e-06

0.009493 4e-06

0.009644 4e-06

0.009546 4e-06

0.009521 4e-06

0.00967 4e-06

0.009514 3e-06

0.009539 6e-06

0.00956 3e-06

0.009638 5e-06

0.009573 4e-06

0.009568 4e-06

0.009694 5e-06

0.009567 3e-06

0.00951 3e-06

0.009521 3e-06

0.00957 4e-06

0.009543 5e-06

0.009585 4e-06

0.009592 4e-06

0.00962 5e-06

0.009493 3e-06

0.009621 3e-06

0.00972 7e-06

0.009679 4e-06

0.009695 4e-06

0.009599 4e-06

0.009494 5e-06

0.009654 4e-06

0.009566 4e-06

0.009779 4e-06

0.009598 4e-06

0.009456 4e-06

0.00949 4e-06

0.009561 4e-06

0.009555 4e-06

0.009588 5e-06

0.009562 5e-06

0.009496 3e-06

0.009645 4e-06

0.009538 4e-06

0.009564 5e-06

0.009604 4e-06

0.009549 3e-06

0.009536 4e-06

0.009453 6e-06

0.00957 3e-06

0.009668 3e-06

0.009592 5e-06

0.009584 4e-06

0.009629 4e-06

0.009598 3e-06

0.009673 7e-06

0.00958 4e-06

0.009524 4e-06

0.009534 4e-06

0.009528 3e-06

0.009636 4e-06

0.00952 3e-06

0.009533 6e-06

0.009671 6e-06

0.009547 3e-06

0.009575 4e-06

0.009571 5e-06

0.00973 5e-06

0.009578 3e-06

0.009629 4e-06

0.009559 5e-06

0.009531 3e-06

0.009527 3e-06

0.00953 4e-06

0.009533 4e-06

0.009569 4e-06

0.009524 4e-06

0.009621 4e-06

0.009609 5e-06

0.009564 3e-06

0.009687 5e-06

0.009563 4e-06

0.009629 6e-06

0.00961 3e-06

0.009632 4e-06

0.009763 8e-06

0.009626 4e-06

0.00961 4e-06

0.009639 5e-06

0.009609 5e-06

0.009571 5e-06

0.009535 4e-06

0.00956 4e-06

0.009854 6e-06

0.009563 4e-06

0.009568 4e-06

0.009668 3e-06

0.009725 4e-06

0.009489 4e-06

0.00959 6e-06

0.009577 5e-06

0.009562 4e-06

0.009537 4e-06

0.009556 5e-06

0.009554 5e-06

0.009649 6e-06

0.009705 4e-06

0.009677 4e-06

0.009615 3e-06

0.009532 4e-06

0.009512 4e-06

0.009594 4e-06

0.009478 6e-06

0.009574 4e-06

0.009533 7e-06

0.009612 4e-06

0.009489 4e-06

0.009486 1.8e-05

0.009536 3e-06

0.009614 4e-06

0.009604 4e-06

0.009577 4e-06

0.00971 5e-06

0.009557 4e-06

0.009582 4e-06

0.009572 4e-06

0.009559 4e-06

0.009681 5e-06

0.009625 4e-06

0.009483 3e-06

0.009601 5e-06

0.009495 4e-06

0.009669 4e-06

0.009595 4e-06

0.00965 4e-06

0.009537 3e-06

0.009837 6e-06

0.00957 3e-06

0.009672 6e-06

0.009671 3e-06

0.00949 6e-06

0.009661 4e-06

0.009637 4e-06

0.009696 7e-06

0.009677 5e-06

0.009605 4e-06

0.009553 4e-06

0.009611 6e-06

0.009536 4e-06

0.009729 6e-06

0.009782 4e-06

0.009642 3e-06

0.009648 6e-06

0.009615 4e-06

0.009585 4e-06

0.009575 3e-06

0.00953 4e-06

0.009533 4e-06

0.009487 6e-06

0.009543 5e-06

0.009745 5e-06

0.009581 4e-06

0.00961 5e-06

0.009537 4e-06

0.009585 4e-06

0.009473 5e-06

0.009547 5e-06

0.009621 6e-06

0.009487 4e-06

0.009814 4e-06

0.009594 4e-06

0.009649 4e-06

0.009603 1e-05

0.00967 6e-06

0.009546 3e-06

0.009631 5e-06

0.009539 4e-06

0.009617 4e-06

0.009567 3e-06

0.009591 4e-06

0.009669 4e-06

0.009522 6e-06

0.009546 4e-06

0.009633 4e-06

0.009614 5e-06

0.009503 5e-06

0.009589 5e-06

0.009568 4e-06

0.009759 3e-06

0.009603 4e-06

0.009413 4e-06

0.009597 4e-06

0.009488 4e-06

0.009571 3e-06

0.00963 4e-06

0.009642 5e-06

0.009627 4e-06

0.009672 3e-06

0.009631 4e-06

0.009562 4e-06

0.009731 5e-06

0.009534 4e-06

0.009658 7e-06

0.009682 5e-06

0.009524 6e-06

0.0096 4e-06

0.009569 4e-06

0.009569 5e-06

0.00959 3e-06

0.009807 8e-06

0.009715 5e-06

0.009647 3e-06

0.009477 6e-06

0.009556 5e-06

0.009581 6e-06

0.009668 5e-06

0.009631 5e-06

0.009562 3e-06

0.009507 4e-06

0.009592 3e-06

0.009557 5e-06

0.009556 4e-06

0.009546 4e-06

0.009552 4e-06

0.009574 4e-06

0.009629 6e-06

0.00951 4e-06

0.00963 4e-06

0.009596 3e-06

0.009538 7e-06

0.009537 5e-06

0.009499 8e-06

0.009548 5e-06

0.009652 4e-06

0.009498 4e-06

0.009531 3e-06

0.009587 4e-06

0.009523 3e-06

0.009645 5e-06

0.009543 3e-06

0.009534 4e-06

0.009535 3e-06

0.009551 5e-06

0.0095 4e-06

0.009573 3e-06

0.009582 8e-06

0.009519 4e-06

0.009653 3e-06

0.009568 6e-06

0.009579 4e-06

0.009849 9e-06

0.009544 4e-06

0.009839 5e-06

0.009514 3e-06

0.009611 4e-06

0.009527 3e-06

0.00946 4e-06

0.00961 4e-06

0.009618 5e-06

0.009577 4e-06

0.009636 6e-06

0.00972 4e-06

0.00952 4e-06

0.009616 4e-06

0.009568 4e-06

0.009546 4e-06

0.00956 6e-06

0.009591 4e-06

0.00953 6e-06

0.009758 4e-06

0.009637 5e-06

0.009577 5e-06

0.009644 3e-06

0.009558 4e-06

0.009608 4e-06

0.009572 4e-06

0.009482 5e-06

0.009617 5e-06

0.009556 4e-06

0.009567 4e-06

0.009572 4e-06

0.009575 3e-06

0.009672 6e-06

0.009731 4e-06

0.00948 4e-06

0.009557 4e-06

0.009502 6e-06

0.009758 4e-06

0.009733 4e-06

0.00959 4e-06

0.009739 6e-06

0.009553 4e-06

0.009509 4e-06

0.00957 4e-06

0.009586 5e-06

0.009525 6e-06

0.009643 4e-06

0.009549 4e-06

0.009561 5e-06

0.009552 4e-06

0.009544 5e-06

0.009632 4e-06

0.00957 4e-06

0.009536 3e-06

0.009581 5e-06

0.009672 5e-06

0.009531 4e-06

0.009547 4e-06

0.009586 4e-06

0.009505 4e-06

0.009472 4e-06

0.009577 4e-06

0.009491 4e-06

0.009619 4e-06

0.009718 6e-06

0.009487 4e-06

0.009825 4e-06

0.009445 3e-06

0.009487 7e-06

0.00955 7e-06

0.00962 4e-06

0.009603 5e-06

0.009528 4e-06

0.009477 4e-06

0.009625 4e-06

0.009675 3e-06

0.009561 4e-06

0.009547 4e-06

0.009545 4e-06

0.009562 4e-06

0.009507 4e-06

0.009592 5e-06

0.009623 4e-06

0.009579 4e-06

0.009602 3e-06

0.009516 4e-06

0.009721 5e-06

0.009583 3e-06

0.009769 3e-06

0.009514 4e-06

0.009543 4e-06

0.009569 6e-06

0.009642 4e-06

0.009675 4e-06

0.009563 4e-06

0.009583 4e-06

0.009528 3e-06

0.009548 3e-06

0.009557 5e-06

0.009657 4e-06

0.00957 4e-06

0.009569 4e-06

0.00956 3e-06

0.00963 3e-06

0.009441 4e-06

0.00967 7e-06

0.009616 4e-06

0.009587 3e-06

0.009601 4e-06

0.009616 5e-06

0.009555 5e-06

0.009584 5e-06

0.009542 4e-06

0.009593 4e-06

0.009551 4e-06

0.009669 8e-06

0.009543 5e-06

0.009608 4e-06

0.009565 5e-06

0.009657 5e-06

0.009823 4e-06

0.009604 5e-06

0.009681 6e-06

0.009547 3e-06

0.009582 3e-06

0.0096 4e-06

0.009542 3e-06

0.009489 7e-06

0.009746 5e-06

0.00958 4e-06

0.009769 3e-06

0.009736 4e-06

0.00954 4e-06

0.009654 4e-06

0.009514 3e-06

0.009506 3e-06

0.009539 6e-06

0.009693 5e-06

0.009579 4e-06

0.009549 4e-06

0.009526 4e-06

0.009522 5e-06

0.009635 4e-06

0.009621 4e-06

0.009661 4e-06

0.009544 4e-06

0.0096 6e-06

0.00966 4e-06

0.009637 5e-06

0.009549 4e-06

0.009567 3e-06

0.009817 6e-06

0.009613 4e-06

0.009779 5e-06

0.009569 4e-06

0.00959 4e-06

0.009607 4e-06

0.009833 6e-06

0.009562 4e-06

0.00957 4e-06

0.009575 5e-06

0.009606 3e-06

0.009558 4e-06

0.009525 4e-06

0.009639 5e-06

0.009629 4e-06

0.009662 5e-06

0.009557 5e-06

0.009569 4e-06

0.00945 4e-06

0.009592 5e-06

0.009645 4e-06

0.00957 4e-06

0.009932 7e-06

0.009557 5e-06

0.009667 4e-06

0.009655 5e-06

0.00955 5e-06

0.009529 6e-06

0.009541 4e-06

0.009542 4e-06

0.009562 5e-06

0.009582 4e-06

0.009589 5e-06

0.009588 4e-06

0.009586 4e-06

0.009674 6e-06

0.009563 3e-06

0.009517 4e-06

0.009575 4e-06

0.00954 3e-06

0.009538 4e-06

0.009595 5e-06

0.00952 4e-06

0.009639 3e-06

0.009536 4e-06

0.009575 3e-06

0.009529 4e-06

0.009555 4e-06

0.009515 3e-06

0.009506 3e-06

