0.001211 5e-06

0.001192 4e-06

0.001235 3e-06

0.001246 3e-06

0.001236 3e-06

0.001238 3e-06

0.001216 4e-06

0.001191 3e-06

0.001207 4e-06

0.001198 4e-06

0.001226 3e-06

0.001191 3e-06

0.001217 4e-06

0.001211 3e-06

0.001207 4e-06

0.001232 4e-06

0.001241 5e-06

0.001234 4e-06

0.001205 4e-06

0.001193 3e-06

0.0012 3e-06

0.001202 4e-06

0.001205 4e-06

0.001203 4e-06

0.00123 2e-05

0.001189 4e-06

0.00123 3e-06

0.001267 3e-06

0.001211 4e-06

0.0012 4e-06

0.001203 3e-06

0.001209 4e-06

0.001204 3e-06

0.001217 3e-06

0.001205 3e-06

0.001196 4e-06

0.001238 3e-06

0.001192 4e-06

0.001259 3e-06

0.001224 3e-06

0.001232 3e-06

0.001226 3e-06

0.00121 3e-06

0.001207 3e-06

0.001255 9e-06

0.001252 4e-06

0.001238 4e-06

0.001207 3e-06

0.001233 4e-06

0.001217 5e-06

0.001234 4e-06

0.001212 3e-06

0.001232 4e-06

0.001218 5e-06

0.001277 7e-06

0.001236 3e-06

0.001216 3e-06

0.001239 3e-06

0.001207 4e-06

0.001198 4e-06

0.001222 3e-06

0.00119 4e-06

0.001205 5e-06

0.001181 3e-06

0.001208 4e-06

0.001231 4e-06

0.001238 4e-06

0.001213 4e-06

0.001277 4e-06

0.001198 4e-06

0.001215 4e-06

0.00123 3e-06

0.001206 3e-06

0.001197 3e-06

0.001205 3e-06

0.001205 3e-06

0.001207 4e-06

0.001227 3e-06

0.001257 5e-06

0.001218 4e-06

0.001226 4e-06

0.001202 4e-06

0.0012 3e-06

0.001212 4e-06

0.00121 3e-06

0.001216 3e-06

0.001202 4e-06

0.001195 3e-06

0.001206 3e-06

0.001202 4e-06

0.001204 5e-06

0.001219 4e-06

0.001266 4e-06

0.001197 4e-06

0.001209 4e-06

0.00127 3e-06

0.001213 3e-06

0.001193 4e-06

0.001199 3e-06

0.001192 2e-06

0.001204 4e-06

0.001232 3e-06

0.001213 3e-06

0.001198 4e-06

0.001203 3e-06

0.001203 3e-06

0.001209 3e-06

0.001192 4e-06

0.001195 4e-06

0.001204 3e-06

0.001218 4e-06

0.001197 3e-06

0.001231 3e-06

0.0012 3e-06

0.001205 4e-06

0.001218 4e-06

0.001214 3e-06

0.001197 4e-06

0.001201 4e-06

0.001201 3e-06

0.001207 4e-06

0.001202 3e-06

0.001216 4e-06

0.001204 4e-06

0.001262 3e-06

0.001224 4e-06

0.001265 3e-06

0.001187 3e-06

0.001337 5e-06

0.001202 3e-06

0.001205 4e-06

0.001198 4e-06

0.001214 4e-06

0.001232 5e-06

0.00121 3e-06

0.00119 4e-06

0.00129 4e-06

0.001234 4e-06

0.001272 4e-06

0.001213 3e-06

0.001216 4e-06

0.001196 4e-06

0.001241 4e-06

0.001185 4e-06

0.001206 3e-06

0.001187 3e-06

0.001207 4e-06

0.001196 4e-06

0.001213 4e-06

0.001223 4e-06

0.001243 4e-06

0.001238 4e-06

0.001205 3e-06

0.001255 3e-06

0.00121 4e-06

0.001187 3e-06

0.001208 3e-06

0.001205 3e-06

0.001204 4e-06

0.001203 3e-06

0.001239 4e-06

0.00123 3e-06

0.001231 3e-06

0.001229 3e-06

0.001209 3e-06

0.001188 4e-06

0.001212 5e-06

0.001205 4e-06

0.001209 3e-06

0.001199 4e-06

0.00121 4e-06

0.001198 3e-06

0.001287 4e-06

0.001259 3e-06

0.001244 4e-06

0.001206 4e-06

0.001203 4e-06

0.001269 3e-06

0.001203 4e-06

0.001202 3e-06

0.001198 5e-06

0.00119 3e-06

0.001241 5e-06

0.001224 3e-06

0.001232 4e-06

0.001202 4e-06

0.001206 4e-06

0.001197 4e-06

0.001201 3e-06

0.001202 4e-06

0.001216 4e-06

0.001196 3e-06

0.001223 4e-06

0.001194 4e-06

0.00122 4e-06

0.001185 3e-06

0.001236 4e-06

0.001202 5e-06

0.00121 3e-06

0.001191 4e-06

0.00121 3e-06

0.0012 3e-06

0.001203 3e-06

0.001207 3e-06

0.0012 4e-06

0.001199 4e-06

0.001202 4e-06

0.001238 4e-06

0.001246 3e-06

0.001228 3e-06

0.001245 3e-06

0.00119 3e-06

0.00121 4e-06

0.001199 3e-06

0.001207 4e-06

0.001231 4e-06

0.001211 4e-06

0.001201 4e-06

0.001293 4e-06

0.001216 4e-06

0.001226 3e-06

0.001201 3e-06

0.001209 4e-06

0.001198 3e-06

0.001231 4e-06

0.001194 4e-06

0.001214 4e-06

0.001199 4e-06

0.001197 3e-06

0.001198 4e-06

0.001214 4e-06

0.001216 4e-06

0.001324 4e-06

0.001234 3e-06

0.001268 4e-06

0.001221 4e-06

0.001213 4e-06

0.001207 3e-06

0.001214 3e-06

0.001206 3e-06

0.00121 5e-06

0.00121 3e-06

0.001235 5e-06

0.001208 3e-06

0.001231 3e-06

0.001238 4e-06

0.001208 3e-06

0.001197 5e-06

0.001201 3e-06

0.001224 3e-06

0.001211 4e-06

0.001198 4e-06

0.001201 4e-06

0.001207 4e-06

0.001227 3e-06

0.001213 4e-06

0.001239 4e-06

0.001208 3e-06

0.001198 4e-06

0.001196 3e-06

0.001208 3e-06

0.001208 4e-06

0.001199 4e-06

0.001214 3e-06

0.001212 4e-06

0.001231 4e-06

0.001217 4e-06

0.001201 3e-06

0.001211 4e-06

0.001235 4e-06

0.0012 4e-06

0.001228 4e-06

0.001214 3e-06

0.001204 4e-06

0.001247 4e-06

0.001202 3e-06

0.001203 5e-06

0.001196 4e-06

0.001206 4e-06

0.001234 4e-06

0.001265 4e-06

0.001211 3e-06

0.001242 3e-06

0.00123 4e-06

0.001238 3e-06

0.001203 4e-06

0.001208 4e-06

0.0012 3e-06

0.001219 3e-06

0.001237 4e-06

0.001229 4e-06

0.001231 4e-06

0.001226 4e-06

0.001219 4e-06

0.001208 4e-06

0.001209 4e-06

0.001195 3e-06

0.001194 4e-06

0.001197 3e-06

0.001217 3e-06

0.001258 4e-06

0.001205 4e-06

0.001196 3e-06

0.001209 4e-06

0.001187 4e-06

0.001216 3e-06

0.001227 4e-06

0.001214 3e-06

0.001188 3e-06

0.001206 4e-06

0.001189 2e-06

0.001205 4e-06

0.001192 4e-06

0.001209 3e-06

0.001261 4e-06

0.001231 4e-06

0.00122 3e-06

0.001235 3e-06

0.001193 3e-06

0.001209 3e-06

0.001188 4e-06

0.001202 4e-06

0.001192 3e-06

0.001206 4e-06

0.00123 3e-06

0.001203 3e-06

0.001221 3e-06

0.001263 3e-06

0.001186 3e-06

0.001211 3e-06

0.0012 4e-06

0.001235 4e-06

0.001191 3e-06

0.001253 3e-06

0.001219 4e-06

0.001197 4e-06

0.0012 4e-06

0.001222 4e-06

0.001222 5e-06

0.001212 4e-06

0.001225 4e-06

0.001225 4e-06

0.001199 4e-06

0.001212 3e-06

0.001202 3e-06

0.001231 4e-06

0.001191 4e-06

0.001205 4e-06

0.001196 3e-06

0.001201 4e-06

0.001203 3e-06

0.001241 4e-06

0.001213 3e-06

0.001244 4e-06

0.001197 3e-06

0.001322 4e-06

0.001207 3e-06

0.001217 4e-06

0.001205 4e-06

0.001208 4e-06

0.001187 4e-06

0.001201 4e-06

0.001201 4e-06

0.001233 4e-06

0.001222 3e-06

0.001268 4e-06

0.0012 4e-06

0.001199 5e-06

0.001194 3e-06

0.001196 3e-06

0.001195 3e-06

0.001199 4e-06

0.001228 4e-06

0.001219 4e-06

0.001215 3e-06

0.001207 3e-06

0.001191 4e-06

0.001199 3e-06

0.001197 4e-06

0.001219 4e-06

0.001188 4e-06

0.001201 4e-06

0.001193 4e-06

0.001208 4e-06

0.001202 4e-06

0.001237 3e-06

0.00122 3e-06

0.001217 3e-06

0.001209 3e-06

0.001212 4e-06

0.001202 3e-06

0.001218 4e-06

0.001189 3e-06

0.001207 4e-06

0.0012 3e-06

0.001204 3e-06

0.001263 3e-06

0.001271 4e-06

0.0012 4e-06

0.001233 4e-06

0.001223 4e-06

0.00123 4e-06

0.001193 4e-06

0.001211 2e-06

0.0012 4e-06

0.001204 3e-06

0.001235 3e-06

0.001218 4e-06

0.001193 4e-06

0.001263 4e-06

0.00119 3e-06

0.00124 3e-06

0.001185 4e-06

0.001231 3e-06

0.001195 3e-06

0.001237 3e-06

0.001196 4e-06

0.00121 4e-06

0.001189 3e-06

0.001205 3e-06

0.001208 4e-06

0.001208 4e-06

0.001235 4e-06

0.001229 4e-06

0.001217 4e-06

0.001205 4e-06

0.001191 4e-06

0.001212 3e-06

0.001195 3e-06

0.001206 4e-06

0.001206 4e-06

0.001206 4e-06

0.001207 3e-06

0.001229 3e-06

0.001238 3e-06

0.00122 4e-06

0.001195 4e-06

0.00127 4e-06

0.001229 4e-06

0.001201 3e-06

0.001202 3e-06

0.001212 3e-06

0.001192 3e-06

0.001201 4e-06

0.001196 4e-06

0.001236 5e-06

0.001235 3e-06

0.001241 4e-06

0.001206 4e-06

0.001203 3e-06

0.001187 3e-06

0.001206 3e-06

0.001195 4e-06

0.001206 4e-06

0.001441 6e-06

0.001206 3e-06

0.001254 5e-06

0.001189 3e-06

0.001206 4e-06

0.001204 4e-06

0.001201 4e-06

0.001208 3e-06

0.001189 3e-06

0.001208 3e-06

0.001197 4e-06

0.001243 3e-06

0.001199 4e-06

0.001202 3e-06

0.001225 5e-06

0.001231 3e-06

0.001234 3e-06

0.00123 4e-06

0.00119 3e-06

0.001203 4e-06

0.001246 3e-06

0.001209 3e-06

0.001194 4e-06

0.001204 4e-06

0.00127 4e-06

0.001219 4e-06

0.001229 3e-06

0.001237 5e-06

0.001254 4e-06

0.001236 4e-06

0.00121 4e-06

0.001194 4e-06

0.001191 3e-06

0.00121 4e-06

0.001214 4e-06

0.001207 4e-06

0.001197 4e-06

0.001228 4e-06

0.001228 3e-06

0.001265 4e-06

0.001236 4e-06

0.001234 4e-06

0.001201 3e-06

0.001236 4e-06

0.001192 3e-06

0.001209 3e-06

0.001205 3e-06

0.001201 4e-06

0.001198 4e-06

0.001197 4e-06

0.001225 4e-06

0.001227 5e-06

0.001257 3e-06

0.00124 3e-06

0.001194 4e-06

0.001213 4e-06

0.001192 3e-06

0.001211 3e-06

0.001188 4e-06

0.001204 3e-06

0.001201 3e-06

0.001235 4e-06

0.001197 4e-06

0.001213 4e-06

0.001197 3e-06

0.001266 4e-06

0.001204 4e-06

0.001188 3e-06

0.001189 4e-06

0.001213 3e-06

0.001186 3e-06

0.001205 3e-06

0.0012 3e-06

0.001212 3e-06

0.001207 3e-06

0.001244 3e-06

0.001226 4e-06

0.001216 4e-06

0.001189 4e-06

0.001274 4e-06

0.0012 4e-06

0.0012 4e-06

0.001226 4e-06

0.001228 4e-06

0.001231 3e-06

0.001206 4e-06

0.001186 4e-06

0.001213 4e-06

0.001192 3e-06

0.001201 4e-06

0.001195 3e-06

0.001213 4e-06

0.001192 3e-06

0.001234 4e-06

0.001189 4e-06

0.00121 3e-06

0.001195 4e-06

0.001195 4e-06

0.001225 3e-06

0.00124 4e-06

0.001208 4e-06

0.00124 4e-06

0.001227 4e-06

0.001211 3e-06

0.00119 3e-06

0.001209 3e-06

0.00125 4e-06

0.001202 4e-06

0.001196 4e-06

0.001206 3e-06

0.001257 3e-06

0.001239 4e-06

0.001217 4e-06

0.001222 3e-06

0.001195 3e-06

0.001214 4e-06

0.00119 4e-06

0.001207 4e-06

0.001192 3e-06

0.001228 3e-06

0.001185 3e-06

0.0012 3e-06

0.001192 3e-06

0.001229 4e-06

0.001198 3e-06

0.001263 5e-06

0.001189 3e-06

0.001211 3e-06

0.001192 4e-06

0.001221 4e-06

0.001197 3e-06

0.001209 4e-06

0.001195 4e-06

0.0012 3e-06

0.001244 3e-06

0.001241 4e-06

0.001196 1.7e-05

0.00121 4e-06

0.001197 3e-06

0.00121 3e-06

0.001194 4e-06

0.001197 3e-06

0.001185 4e-06

0.001242 3e-06

0.001194 4e-06

0.00121 3e-06

0.00122 4e-06

0.001206 4e-06

0.001187 4e-06

0.001223 3e-06

0.001197 4e-06

0.001203 4e-06

0.001201 4e-06

0.00121 3e-06

0.001196 4e-06

0.00123 3e-06

0.001235 4e-06

0.001243 3e-06

0.0012 4e-06

0.001206 4e-06

0.001199 4e-06

0.001267 5e-06

0.001234 3e-06

0.001208 3e-06

0.001196 3e-06

0.001236 4e-06

0.001236 3e-06

0.001206 4e-06

0.001202 4e-06

0.001207 3e-06

0.00119 3e-06

0.001209 4e-06

0.001205 4e-06

0.001208 4e-06

0.001201 4e-06

0.001238 3e-06

0.00119 3e-06

0.001212 3e-06

0.001221 3e-06

0.001244 3e-06

0.001202 4e-06

0.001209 4e-06

0.001194 4e-06

0.001216 3e-06

0.001205 3e-06

0.001229 5e-06

0.00119 3e-06

0.001214 3e-06

0.001215 4e-06

0.001213 5e-06

0.001194 3e-06

0.00124 3e-06

0.001222 3e-06

0.00121 3e-06

0.001197 4e-06

0.001205 4e-06

0.001197 3e-06

0.001211 3e-06

0.001216 4e-06

0.001199 3e-06

0.001196 3e-06

0.001232 3e-06

0.001291 4e-06

0.001233 3e-06

0.001203 4e-06

0.001209 3e-06

0.001209 4e-06

0.001239 3e-06

0.001191 4e-06

0.001199 3e-06

0.001195 4e-06

0.001204 4e-06

0.001202 4e-06

0.001208 4e-06

0.001194 4e-06

0.001237 3e-06

0.001259 4e-06

0.001241 4e-06

0.001197 3e-06

0.001233 3e-06

0.001187 3e-06

0.00122 4e-06

0.001192 3e-06

0.001203 3e-06

0.001195 3e-06

0.001229 3e-06

0.001196 4e-06

0.001205 2e-06

0.001196 3e-06

0.001213 4e-06

0.001191 3e-06

0.00121 3e-06

0.001209 3e-06

0.001205 3e-06

0.001189 3e-06

0.001211 4e-06

0.001191 5e-06

0.001196 3e-06

0.001191 3e-06

0.001208 4e-06

0.0012 3e-06

0.001203 4e-06

0.001193 4e-06

0.001208 5e-06

0.001196 4e-06

0.001198 4e-06

0.001197 4e-06

0.00122 4e-06

0.001227 3e-06

0.001208 4e-06

0.001196 4e-06

0.001212 5e-06

0.001198 4e-06

0.001213 4e-06

0.001223 4e-06

0.001212 4e-06

0.00118 4e-06

0.001296 4e-06

0.001182 3e-06

0.001198 4e-06

0.001223 4e-06

0.001199 3e-06

0.001211 4e-06

0.001197 4e-06

0.001206 2e-06

0.001204 4e-06

0.001203 4e-06

0.001212 3e-06

0.001201 4e-06

0.001204 4e-06

0.001197 7e-06

0.001206 4e-06

0.001231 4e-06

0.001347 4e-06

0.001232 3e-06

0.001208 4e-06

0.001202 3e-06

0.001209 4e-06

0.001191 3e-06

0.001199 4e-06

0.001194 5e-06

0.00121 3e-06

0.001193 4e-06

0.001236 4e-06

0.001187 4e-06

0.001206 4e-06

0.001197 4e-06

0.001209 4e-06

0.001193 5e-06

0.001228 3e-06

0.001202 4e-06

0.00121 3e-06

0.001189 3e-06

0.001213 5e-06

0.001207 3e-06

0.001221 3e-06

0.001223 3e-06

0.001236 4e-06

0.001329 4e-06

0.00124 4e-06

0.001199 4e-06

0.001242 4e-06

0.001226 3e-06

0.00119 4e-06

0.001199 4e-06

0.001202 3e-06

0.001198 4e-06

0.001238 4e-06

0.001195 3e-06

0.001213 3e-06

0.001201 4e-06

0.0012 4e-06

0.001206 3e-06

0.00121 4e-06

0.001202 5e-06

0.001213 4e-06

0.001188 4e-06

0.001218 4e-06

0.001206 4e-06

0.001209 3e-06

0.001224 4e-06

0.001234 4e-06

0.001195 3e-06

0.001196 4e-06

0.001198 4e-06

0.001245 4e-06

0.001202 3e-06

0.001209 4e-06

0.001201 4e-06

0.001202 4e-06

0.001235 3e-06

0.001214 4e-06

0.001202 4e-06

0.001211 4e-06

0.001189 4e-06

0.001208 4e-06

0.0012 3e-06

0.001204 4e-06

0.001198 4e-06

0.001278 4e-06

0.001193 4e-06

0.001202 3e-06

0.001197 4e-06

0.00121 4e-06

0.001224 4e-06

0.001238 4e-06

0.001191 4e-06

0.00122 4e-06

0.0012 4e-06

0.001198 4e-06

0.001204 4e-06

0.001217 3e-06

0.001246 3e-06

0.001207 3e-06

0.001194 4e-06

0.001216 3e-06

0.001286 4e-06

0.001233 4e-06

0.001229 3e-06

0.001212 4e-06

0.001198 4e-06

0.001208 4e-06

0.001211 4e-06

0.001209 4e-06

0.001187 3e-06

0.001237 4e-06

0.00124 4e-06

0.001272 4e-06

0.001224 4e-06

0.001237 3e-06

0.001196 4e-06

0.001234 4e-06

0.001193 4e-06

0.001202 4e-06

0.001196 4e-06

0.001194 4e-06

0.001198 4e-06

0.001191 3e-06

0.001187 4e-06

0.001241 3e-06

0.001294 3e-06

0.001235 3e-06

0.001198 3e-06

0.001205 4e-06

0.001227 3e-06

0.001211 3e-06

0.001191 3e-06

0.001198 3e-06

0.001207 4e-06

0.001224 3e-06

0.001197 3e-06

0.001203 4e-06

0.001226 3e-06

0.001203 3e-06

0.001268 4e-06

0.001211 4e-06

0.001196 4e-06

0.001231 3e-06

0.001198 4e-06

0.001208 4e-06

0.001198 4e-06

0.001257 4e-06

0.001196 4e-06

0.001272 4e-06

0.001228 3e-06

0.00121 4e-06

0.001199 4e-06

0.001236 4e-06

0.00119 3e-06

0.001201 4e-06

0.001223 3e-06

0.001208 4e-06

0.001227 3e-06

0.001202 4e-06

0.001189 4e-06

0.001211 4e-06

0.001199 3e-06

0.001199 4e-06

0.001198 3e-06

0.001209 4e-06

0.001188 3e-06

0.001232 3e-06

0.001192 4e-06

0.001197 3e-06

0.001197 3e-06

0.001204 5e-06

0.001229 4e-06

0.001219 4e-06

0.00119 4e-06

0.00121 3e-06

0.001189 5e-06

0.001216 3e-06

0.001185 4e-06

0.001218 3e-06

0.001187 4e-06

0.001293 3e-06

0.001208 3e-06

0.001234 3e-06

0.001232 3e-06

0.001266 3e-06

0.001186 3e-06

0.001216 4e-06

0.001187 3e-06

0.001207 4e-06

0.001222 3e-06

0.001206 4e-06

0.001194 4e-06

0.001244 4e-06

0.001229 4e-06

0.001252 4e-06

0.001227 4e-06

0.001242 4e-06

0.001193 4e-06

0.001232 4e-06

0.001207 4e-06

0.001212 4e-06

0.001197 4e-06

0.001211 4e-06

0.001199 3e-06

0.001205 3e-06

0.001227 4e-06

0.001227 4e-06

0.001247 4e-06

0.001216 3e-06

0.0012 4e-06

0.001203 4e-06

0.001196 4e-06

0.001226 3e-06

0.001191 3e-06

0.001206 4e-06

0.001193 4e-06

0.00121 4e-06

0.001189 4e-06

0.001262 4e-06

0.001242 3e-06

0.001213 3e-06

0.001259 4e-06

0.001215 4e-06

0.001189 3e-06

0.001237 3e-06

0.001192 3e-06

0.001217 4e-06

0.001192 3e-06

0.001229 4e-06

0.001195 3e-06

0.001244 4e-06

0.00119 4e-06

0.00121 3e-06

0.001199 3e-06

0.00121 5e-06

0.001202 3e-06

0.001206 3e-06

0.001188 3e-06

0.001206 4e-06

0.001237 4e-06

0.001256 3e-06

0.001197 3e-06

0.001203 4e-06

0.001195 4e-06

0.00121 3e-06

0.001201 3e-06

0.001204 4e-06

0.001194 4e-06

0.001234 4e-06

0.001233 3e-06

0.001205 4e-06

0.001193 4e-06

0.001227 4e-06

0.001236 4e-06

0.001227 2e-06

0.001195 3e-06

0.001206 4e-06

0.001197 3e-06

0.001201 4e-06

0.00119 4e-06

0.001216 4e-06

0.001191 3e-06

0.001215 4e-06

0.001232 4e-06

0.001232 3e-06

0.001252 3e-06

0.001233 3e-06

0.001225 3e-06

0.00121 3e-06

0.001204 3e-06

0.001207 3e-06

0.001198 4e-06

0.001198 3e-06

0.001204 2e-06

0.001241 3e-06

0.001203 4e-06

0.001244 4e-06

0.001193 4e-06

0.001225 4e-06

0.0012 3e-06

0.001238 3e-06

0.001206 5e-06

0.001208 4e-06

0.001206 4e-06

0.001215 3e-06

0.001193 3e-06

0.001216 4e-06

0.001207 3e-06

0.001203 4e-06

0.001231 3e-06

0.001206 3e-06

