0.037072 0.000131

0.038145 0.000136

0.037032 0.00015

0.036788 0.000176

0.037304 0.000187

0.037862 0.000188

0.036662 0.000129

0.037537 0.000136

0.037124 0.000136

0.037846 0.000177

0.036846 0.000124

0.037179 0.000152

0.037687 0.000134

0.037605 0.000105

0.037356 0.000134

0.036934 0.000137

0.036773 0.000108

0.039938 0.000185

0.037293 0.000141

0.037527 0.000169

0.03676 9.6e-05

0.036999 0.000127

0.037954 0.000173

0.036727 0.000144

0.037957 0.000122

0.036978 0.000134

0.037853 0.000167

0.037322 0.000149

0.037785 0.000142

0.037204 0.000166

0.036882 0.000102

0.037471 0.000122

0.038316 0.000156

0.037808 0.00015

0.036731 0.000161

0.037425 0.000144

0.036814 0.000154

0.037518 0.000137

0.03754 0.000196

0.036874 0.000158

0.03717 0.000144

0.037491 0.000144

0.03679 0.000141

0.037187 0.000143

0.037971 0.000158

0.036892 0.000127

0.037299 0.000136

0.037633 0.000135

0.037054 0.000126

0.036995 0.000132

0.036838 0.000141

0.037005 0.00014

0.036859 0.000163

0.03732 0.000147

0.036841 0.000179

0.037829 0.000171

0.037403 0.000102

0.036954 0.000181

0.037044 0.000148

0.03676 0.000152

0.03837 0.000111

0.036989 0.000156

0.036777 9.6e-05

0.037668 0.0002

0.03681 0.000156

0.036827 0.000123

0.036765 0.000132

0.037071 0.00012

0.036955 0.000119

0.038313 0.000182

0.036689 0.000156

0.036622 0.000124

0.037004 0.000126

0.036727 0.000135

0.037734 0.000148

0.037347 0.000136

0.037046 0.00014

0.036983 0.000213

0.038154 0.0001

0.037116 0.000143

0.036749 0.000158

0.037909 0.000155

0.037658 0.000183

0.038024 0.000169

0.036903 0.00012

0.036839 0.000139

0.037927 0.000118

0.036908 0.000116

0.03758 0.000102

0.037766 0.000171

0.037217 0.000173

0.037774 0.000127

0.036983 0.000146

0.038163 0.000147

0.036858 0.000133

0.037015 0.000176

0.036978 0.000193

0.036959 0.000121

0.036933 0.000155

0.036895 0.000139

0.037319 0.000137

0.037758 0.000123

0.037909 0.000128

0.037343 0.000138

0.036992 0.000138

0.036675 0.000145

0.037733 0.00018

0.036939 0.000132

0.03675 0.000191

0.037065 0.000114

0.038142 0.000228

0.036886 0.000138

0.03748 0.000154

0.036687 0.000205

0.037235 0.000183

0.037712 0.000151

0.037231 0.000154

0.03795 0.000134

0.03688 0.00015

0.036852 0.000127

0.036842 0.000185

0.038305 0.000209

0.037804 0.000121

0.037139 0.000187

0.037427 0.000211

0.037492 0.000136

0.03695 0.000126

0.037044 0.000118

0.037092 0.000182

0.037686 0.000183

0.037285 0.000143

0.037012 0.000158

0.037191 0.000174

0.037123 0.000126

0.036845 0.000164

0.037497 0.000157

0.037751 0.00014

0.036767 0.000136

0.037684 0.000203

0.036796 0.000196

0.037443 0.00015

0.037741 0.000149

0.037049 0.000175

0.03695 0.000155

0.037323 0.000163

0.036846 0.000146

0.036744 0.000146

0.03696 0.000128

0.037522 0.000186

0.037296 0.000108

0.036958 0.000125

0.037135 0.000154

0.036889 0.00019

0.036813 0.000199

0.037033 0.000156

0.036769 0.000179

0.037756 0.000157

0.036994 0.000153

0.037356 0.000137

0.037131 0.00011

0.0372 0.000169

0.036984 0.000117

0.036974 0.000117

0.038765 0.000135

0.036866 0.000186

0.03686 0.000145

0.037678 0.000161

0.036916 0.000177

0.037164 0.000147

0.036794 0.000149

0.037286 0.000129

0.036792 0.000149

0.038216 0.000195

0.037148 0.000187

0.03696 0.000191

0.036844 0.000192

0.038279 0.000131

0.037519 0.000121

0.036916 0.000158

0.037085 0.000143

0.036754 0.000137

0.037783 0.000147

0.038072 0.000139

0.037154 0.000142

0.037188 0.000131

0.038158 0.000185

0.038246 0.000161

0.037679 0.000186

0.037277 0.000134

0.036687 0.000186

0.036845 0.000127

0.037636 0.000125

0.03782 0.00015

0.036699 0.000165

0.037564 0.000186

0.036586 0.000135

0.036843 0.000125

0.03691 0.000143

0.036994 0.000138

0.037363 0.000221

0.037494 0.000121

0.036918 0.000169

0.0376 0.00018

0.03678 0.000153

0.03809 9.9e-05

0.037564 0.000132

0.037707 0.000158

0.036981 0.000121

0.037045 9.8e-05

0.037657 0.000125

0.037704 0.00016

0.037068 0.000177

0.037135 0.000176

0.036551 0.000105

0.036992 0.000136

0.038097 0.000112

0.036777 8.9e-05

0.037924 0.000182

0.03773 0.000201

0.037911 0.000125

0.037957 0.000111

0.036664 0.000188

0.037502 0.000181

0.036764 0.000181

0.037055 0.000143

0.040461 0.000151

0.037861 0.000128

0.036956 0.000128

0.038233 0.000136

0.036675 0.000125

0.038141 0.000126

0.036804 0.000102

0.037855 0.00015

0.037232 0.000137

0.036935 0.000129

0.037806 0.000183

0.036997 0.000148

0.037086 0.000152

0.03814 0.000163

0.036865 0.000179

0.037053 0.000185

0.036959 0.000152

0.037735 0.000129

0.036719 0.000167

0.036939 0.000125

0.03791 0.000125

0.03684 0.000123

0.037459 0.00019

0.036957 0.000169

0.036809 0.000115

0.037571 0.000126

0.03705 0.000134

0.036942 0.000169

0.037136 0.000129

0.037875 0.000231

0.036847 0.000152

0.037907 0.000208

0.036728 0.000179

0.037653 9.8e-05

0.037155 0.000168

0.037178 0.000215

0.037938 0.000119

0.037122 0.000119

0.036684 0.00015

0.036886 0.000185

0.037735 0.000196

0.037521 0.000173

0.036915 0.000118

0.037179 0.000206

0.036886 0.000137

0.037215 0.000129

0.03703 9.8e-05

0.037166 0.000135

0.037866 0.00016

0.036981 0.000135

0.037365 0.000185

0.036912 0.000103

0.036717 0.000173

0.038103 0.000158

0.037847 0.000174

0.037538 0.000155

0.037681 0.000166

0.037069 0.000131

0.036915 0.000111

0.036869 0.000113

0.037049 0.000189

0.037129 0.000144

0.037929 0.00014

0.036849 0.000138

0.038142 0.00015

0.037723 0.000169

0.037392 0.000115

0.036696 0.000131

0.036914 0.00014

0.037842 0.000148

0.037015 0.00015

0.037686 0.000157

0.038043 0.000149

0.03672 0.000206

0.037758 0.000161

0.036672 0.000213

0.03691 0.000167

0.038028 0.000151

0.037291 0.000166

0.037979 0.000165

0.038158 0.00014

0.038525 0.000152

0.037113 0.000134

0.038376 0.000137

0.036889 0.000137

0.038103 9.8e-05

0.037619 0.000153

0.037388 0.000143

0.036949 0.00013

0.036927 0.000166

0.03703 0.00013

0.036891 0.000175

0.038949 0.000148

0.036924 0.000125

0.037124 0.000125

0.037013 0.000208

0.037615 0.000182

0.03828 0.000122

0.037048 0.000187

0.036836 0.000237

0.037814 0.000205

0.037103 0.000157

0.038075 0.000134

0.037003 0.000171

0.03799 0.000197

0.03688 0.000147

0.037914 0.00013

0.036948 0.000152

0.038977 0.000119

0.037836 0.000133

0.036982 0.000115

0.037616 0.000162

0.036885 0.000166

0.036868 0.000157

0.036853 0.000128

0.037017 0.000164

0.036877 0.000123

0.037921 0.000113

0.038131 0.000184

0.037755 9.9e-05

0.037669 0.000137

0.036894 0.000123

0.036887 0.000219

0.038112 0.000168

0.036735 0.000141

0.03925 0.000119

0.037602 0.000115

0.037226 0.000188

0.037471 0.00016

0.03691 0.00014

0.036968 0.000144

0.037065 0.000174

0.037405 0.000151

0.036477 0.000165

0.036893 0.000165

0.036754 0.000136

0.036905 0.000149

0.03797 0.000135

0.036692 0.000119

0.038812 0.000211

0.036893 0.000142

0.037834 0.000133

0.036914 0.000205

0.037087 0.000186

0.038195 0.000115

0.037843 0.00019

0.037945 0.000157

0.037303 0.000133

0.036652 0.000143

0.037778 0.000125

0.036815 0.00017

0.03739 0.000135

0.037769 0.000129

0.037997 0.000124

0.037949 0.000156

0.036502 0.000131

0.038334 0.000177

0.03787 0.0002

0.037269 0.000125

0.03689 0.000168

0.037206 0.000154

0.036794 0.000151

0.038209 0.000123

0.036949 0.000159

0.03756 0.000118

0.037638 0.00017

0.037166 0.000218

0.037896 0.000121

0.03686 0.000151

0.038015 0.00015

0.036801 0.00014

0.036881 0.000147

0.037281 0.00013

0.037816 0.000131

0.037719 0.000163

0.037057 0.00013

0.037962 0.000129

0.037107 0.000156

0.037211 0.000107

0.037823 0.000167

0.037476 0.000135

0.037879 0.000197

0.03791 0.00015

0.036566 0.000126

0.03873 0.00017

0.036916 0.000159

0.037974 0.000133

0.03701 0.000164

0.038037 0.000154

0.036712 0.000127

0.037851 0.000179

0.036929 0.00017

0.037793 0.000222

0.040196 0.000125

0.037744 0.000131

0.037931 0.000178

0.036887 0.000138

0.036887 0.000188

0.036694 0.000177

0.037506 0.000147

0.037113 0.000166

0.036772 0.000133

0.037189 0.000144

0.037563 0.000105

0.036997 0.00015

0.037068 0.000165

0.037222 0.000181

0.037058 0.000172

0.036948 0.000138

0.037857 0.000125

0.036742 0.000149

0.036987 0.000131

0.037194 0.000136

0.037765 0.000203

0.037034 0.000138

0.036774 0.000176

0.038091 0.000155

0.036945 0.000194

0.036888 0.000129

0.037895 0.000172

0.037094 0.000137

0.036891 0.000186

0.036834 0.000118

0.037938 0.000146

0.036893 0.00018

0.037029 0.000141

0.037093 0.000149

0.037018 0.000223

0.037126 0.000144

0.036905 0.000124

0.036865 0.000143

0.038535 0.000167

0.037583 0.000187

0.036632 0.00014

0.036928 0.000162

0.037924 0.00012

0.037629 0.000169

0.038918 0.000191

0.037861 0.000161

0.037392 0.000117

0.037909 0.000138

0.037092 0.000179

0.038576 0.0001

0.036837 0.000118

0.036992 0.000116

0.037752 0.000142

0.036777 0.000121

0.037562 0.000198

0.037118 0.000141

0.036998 0.000149

0.036805 0.000117

0.037779 0.000179

0.036853 0.000143

0.03696 0.000139

0.037242 0.000141

0.03688 0.000133

0.038277 0.000154

0.036934 0.000152

0.037039 0.000148

0.037997 0.000178

0.03668 0.000142

0.037887 0.000164

0.036923 0.000199

0.038202 0.000169

0.036913 0.000189

0.036942 0.000128

0.037889 0.000162

0.037136 0.000104

0.037914 0.000157

0.037168 0.000191

0.037809 0.000135

0.036778 0.000146

0.036863 0.000154

0.037677 0.000201

0.037121 0.000128

0.037273 0.000129

0.036613 0.000219

0.037031 0.000108

0.036636 0.000147

0.03794 0.000165

0.036837 0.000157

0.037005 0.000154

0.036975 0.000181

0.037827 0.000125

0.038571 0.000133

0.036707 0.0002

0.037069 0.000195

0.038162 0.000138

0.036619 0.000215

0.037712 0.000148

0.037109 0.000142

0.036982 0.000114

0.036769 0.000112

0.038143 0.000135

0.037311 0.000136

0.036837 0.000124

0.036927 0.000169

0.037024 0.000189

0.038101 0.000144

0.036931 0.000125

0.036971 0.000154

0.03677 0.000168

0.036919 0.000145

0.038761 0.000153

0.037211 0.000153

0.036958 0.000156

0.037057 0.000166

0.038097 0.000122

0.037046 0.0002

0.036771 0.00013

0.036969 0.000166

0.036815 0.000232

0.037435 0.000178

0.036918 0.000131

0.037082 0.000116

0.037536 0.000137

0.036949 0.000123

0.03796 0.00015

0.03692 0.000193

0.037352 0.000111

0.037738 0.00016

0.03694 0.000116

0.036926 0.000163

0.036826 0.00012

0.03709 0.000102

0.037141 0.000188

0.036875 0.000164

0.037077 0.000187

0.036908 0.000161

0.037354 0.000206

0.038001 0.000149

0.038711 0.000171

0.036853 0.000125

0.03768 0.000134

0.03723 0.000139

0.037002 0.000122

0.037049 0.000146

0.036759 0.000122

0.038003 0.00013

0.037582 0.000114

0.036779 0.000153

0.036829 0.000164

0.037033 0.000101

0.037732 0.000128

0.037741 0.000111

0.03901 0.000175

0.037 0.000189

0.037897 0.000112

0.036566 0.000124

0.036908 0.000153

0.037112 0.000148

0.036967 0.000128

0.037036 0.000156

0.03701 0.000157

0.037116 0.000148

0.037266 0.000187

0.036876 0.000141

0.037943 0.000135

0.037066 0.000141

0.037946 0.000133

0.037919 0.000139

0.037244 0.000176

0.036881 0.000168

0.036748 0.000208

0.037621 0.000144

0.036974 0.000189

0.036885 0.000138

0.036887 0.000122

0.037786 0.00018

0.037006 0.0002

0.036953 0.000137

0.037906 0.000201

0.036847 0.000167

0.037882 0.000157

0.036715 0.000187

0.036793 0.000121

0.037123 0.000126

0.037074 0.000185

0.037034 0.000202

0.037562 0.000223

0.038404 0.000113

0.036902 0.000181

0.036662 0.000146

0.036813 0.000158

0.036808 0.000152

0.036946 0.000195

0.036782 0.000108

0.038628 0.000147

0.037885 0.000114

0.037761 0.00021

0.0367 0.000136

0.037049 0.000134

0.037209 0.000159

0.037133 0.000188

0.037486 0.000156

0.037978 0.00014

0.036707 0.000182

0.036709 0.000173

0.037848 0.000173

0.037935 0.00018

0.038672 0.000215

0.0378 0.000134

0.037211 0.000125

0.037093 0.000197

0.036792 0.000177

0.03783 0.000146

0.037202 0.000141

0.037985 0.000203

0.037066 0.000149

0.037153 0.000126

0.037185 0.000162

0.036934 0.000152

0.037254 0.000167

0.037228 0.000146

0.036868 0.000143

0.037684 0.000133

0.037909 0.000124

0.037569 0.000111

0.036686 0.00019

0.036956 0.000146

0.037325 0.000149

0.037187 0.000161

0.03784 0.000168

0.036853 0.000137

0.037245 0.000125

0.037759 0.000129

0.037846 0.000177

0.037716 0.000139

0.037866 0.00014

0.037532 0.000169

0.036639 0.000187

0.036625 0.000179

0.03718 0.000191

0.036707 0.000156

0.037322 0.000183

0.036979 0.000183

0.038052 0.000147

0.036878 0.000134

0.036937 0.000186

0.037126 0.000182

0.036619 0.000168

0.037227 0.000172

0.036583 0.000145

0.037545 0.000151

0.037093 0.000154

0.036946 0.000167

0.036777 0.000127

0.036864 0.000124

0.037762 0.000146

0.036894 0.000195

0.036943 0.000185

0.037812 0.000136

0.037461 0.000179

0.037186 0.000145

0.037051 0.000167

0.037764 0.000125

0.036827 0.000188

0.037837 0.000125

0.03677 0.000115

0.036872 0.00016

0.03782 0.000132

0.036831 0.00014

0.038525 0.000193

0.037178 0.000177

0.036917 0.000152

0.036994 0.000119

0.037908 0.000132

0.045244 0.000123

0.036761 0.000148

0.036794 0.000141

0.036882 0.000122

0.038514 0.000129

0.037045 0.000134

0.037723 0.000147

0.037053 0.000221

0.037131 0.000165

0.038306 0.000134

0.037529 0.000156

0.037006 0.00015

0.036827 0.000104

0.036948 0.000181

0.037106 0.000176

0.03675 0.000149

0.036874 0.000164

0.036554 9.8e-05

0.036902 0.000146

0.037442 0.000125

0.037775 0.000152

0.036942 0.000137

0.038001 0.000135

0.037999 0.000129

0.038165 0.000166

0.038231 0.000199

0.037786 0.000195

0.036863 0.000169

0.036768 0.000155

0.037871 0.000151

0.037142 0.000181

0.037628 0.000145

0.037154 0.000119

0.036805 0.000156

0.038018 0.00012

0.036774 0.000188

0.03823 0.000144

0.038012 0.000151

0.037829 0.000203

0.038463 0.000134

0.036952 0.000187

0.036868 0.000132

0.037416 0.000141

0.036979 0.000129

0.03731 0.000157

0.036806 0.000204

0.038003 0.000131

0.036872 0.000164

0.037773 0.000152

0.036938 0.000131

0.036865 0.000126

0.038809 0.000117

0.038145 0.000133

0.037908 0.00022

0.037149 0.000167

0.036866 0.000189

0.037261 0.000125

0.036839 0.000155

0.038043 0.000151

0.036779 0.000146

0.03684 0.000157

0.037844 0.000129

0.037195 0.000161

0.036854 0.00015

0.036807 0.000119

0.037217 0.000149

0.037773 0.000175

0.036914 0.000159

0.037712 0.00014

0.037037 0.000177

0.038075 0.00013

0.037626 0.000134

0.038063 0.000176

0.037924 0.000132

0.037344 0.00015

0.036805 0.00015

0.036849 0.000136

0.037743 0.00019

0.036963 0.000101

0.037474 0.000121

0.036725 0.000167

0.037986 9.5e-05

0.03669 0.000132

0.037803 0.000139

0.037601 0.000131

0.037538 0.000149

0.03697 0.000133

0.03677 0.000157

0.038147 0.000136

0.036724 0.000175

0.037576 0.000171

0.038052 0.000151

0.036806 0.000143

0.037576 0.000146

0.039536 0.000142

0.036915 9.5e-05

0.036842 0.00019

0.036866 0.000148

0.038948 0.000188

0.036864 0.000137

0.03866 0.000184

0.036984 0.000153

0.037082 0.00021

0.037379 0.000117

0.036992 0.000125

0.036863 0.000141

0.036981 0.000193

0.037243 0.000148

0.037259 0.000191

0.036934 0.000166

0.036701 0.000147

0.036832 0.000171

0.037632 0.000177

0.036893 0.00017

0.037315 0.000155

0.036835 0.000137

0.037445 0.000101

0.036946 0.000133

0.036818 0.00015

0.038438 0.000135

0.036783 0.000113

0.037019 0.000108

0.037097 0.000135

0.038012 0.00014

0.037047 0.000157

0.03695 0.000122

0.037883 0.000136

0.036861 0.000135

0.036939 0.000165

0.037114 0.000131

0.036948 0.000154

0.037189 0.000187

0.037052 0.000197

0.037183 0.000182

0.036817 0.000186

0.038281 0.000127

0.037908 0.000181

0.036933 0.000152

0.037008 0.00015

0.036999 0.000138

0.037833 0.00014

0.037511 0.000129

0.037686 0.000116

0.037928 0.000124

0.03744 0.000171

0.038038 0.000129

0.036553 0.000129

0.037259 0.000201

0.036907 0.000195

0.038047 0.000163

0.037141 0.000148

0.03779 0.00024

0.036831 0.000187

0.036778 0.000125

0.038103 0.000118

0.0379 0.000131

0.037104 0.000132

0.037167 0.000166

0.036901 0.000127

0.038565 0.000136

0.036928 0.000179

0.036877 0.000163

0.036992 0.000167

0.037801 0.000173

0.037099 0.00017

0.037314 0.000159

0.036748 0.000203

0.037055 0.000171

0.03717 0.000113

0.037922 0.00011

0.036635 0.000188

0.037203 0.000124

0.037351 0.000156

0.037287 0.000138

0.037889 0.000157

0.037676 0.000122

0.036744 0.000165

0.038041 0.000114

0.037016 0.000158

0.036617 0.000184

0.037715 0.00016

0.036638 0.000125

0.037838 0.000105

0.037048 0.000133

0.037004 0.000136

0.036923 0.000164

0.037218 0.000133

0.037581 0.000152

0.036893 0.000137

0.037796 0.000158

0.036801 0.000128

0.036907 0.00022

0.037272 0.000159

0.037014 0.000177

0.036915 0.00016

0.036865 0.000119

0.037525 0.000157

0.036661 0.000238

0.036629 0.000156

0.037872 0.000165

0.037107 0.000183

0.03795 0.00011

0.036692 0.000151

0.037715 0.000206

0.037381 0.000125

0.036962 0.000128

0.03732 0.00014

0.03692 0.00017

0.036874 0.00016

0.036901 0.000119

0.036841 0.000144

0.037134 0.000154

0.03778 0.000184

0.036943 0.000139

0.037043 0.00018

0.038458 0.000179

0.037005 0.000144

0.037993 0.000133

0.037148 0.000215

0.037395 0.000209

0.037459 0.000151

0.037947 0.000193

0.037223 0.000143

0.037844 0.00014

0.036959 0.000138

0.037964 0.000137

0.03682 0.000203

0.037089 0.000165

0.036871 0.00015

0.038009 0.000146

0.037732 0.000181

0.037836 0.000147

0.03685 0.0001

0.03675 0.000133

0.037671 0.000174

0.03681 0.000177

0.036988 0.000123

0.03788 0.00018

0.037108 0.000158

0.036845 0.000172

0.036885 9.8e-05

0.037673 9.8e-05

0.036988 0.000109

0.038631 0.000155

0.037341 0.000132

0.036864 0.000121

0.036938 0.000135

0.03708 0.000133

0.038757 0.000144

0.036977 0.000144

0.038599 0.000165

0.036689 0.000197

0.03704 0.000136

0.038077 0.000184

0.036911 0.000175

0.037642 0.000123

0.037166 0.000131

0.037914 0.00017

0.037043 0.000163

0.037942 0.000103

0.036936 0.000157

0.037227 0.000153

0.038019 0.000121

0.037297 0.000124

0.037461 0.000127

0.036706 0.000121

0.037803 0.000183

0.037353 0.000141

0.036836 0.000152

0.036888 0.000182

0.036849 0.000155

0.03864 0.000198

0.037036 0.000177

0.037136 0.000158

0.037612 0.000125

0.038114 0.000174

0.037524 0.000176

0.036536 0.000222

0.038176 0.000128

0.037011 0.000119

0.037974 0.000223

0.037246 0.000173

0.037812 0.000128

0.036816 0.000153

0.037903 0.000176

0.037932 0.000138

0.037071 0.000133

0.036572 0.000157

0.037911 0.000139

0.037183 0.000162

0.038611 0.000216

0.036781 0.000124

0.037317 0.000143

0.037015 0.000169

0.038081 0.000163

0.03707 0.000129

0.037723 0.000153

0.037057 0.00015

0.037942 0.00015

0.036911 0.000158

0.038044 0.00019

0.036946 9.4e-05

0.037119 0.000178

0.037761 0.000169

0.037423 0.000141

0.037558 0.000193

0.038371 0.000159

0.03783 0.000115

