0.00975 0.000121

0.00973 0.000138

0.009645 0.000141

0.010847 0.000106

0.00946 0.000114

0.010028 0.000181

0.009745 0.000196

0.009671 0.000137

0.009632 0.000116

0.009579 0.000178

0.009712 0.000188

0.010046 0.000148

0.009987 0.000142

0.009584 0.000164

0.009664 0.000138

0.00985 0.000113

0.009793 0.000138

0.009576 0.000169

0.009914 0.00015

0.00979 0.000186

0.010006 0.000182

0.009524 0.000132

0.009809 0.00022

0.010135 0.00011

0.009957 0.000153

0.010676 0.000115

0.00953 0.000185

0.009886 0.00012

0.009795 0.000131

0.009698 0.000154

0.01009 0.000208

0.013871 0.000148

0.0103 0.000135

0.010135 0.000133

0.00957 0.000164

0.009769 0.000147

0.009889 0.000146

0.010411 0.000111

0.010453 0.000181

0.010582 0.000126

0.010342 0.000115

0.009615 0.000156

0.011756 0.000181

0.010072 0.000141

0.010634 0.000132

0.010111 0.000216

0.010322 0.000134

0.009767 0.000138

0.009695 0.000174

0.010329 0.000152

0.010841 0.000122

0.009773 0.000128

0.009656 0.000136

0.009859 0.000141

0.009743 0.000148

0.009902 0.000203

0.009756 0.000109

0.009818 0.000132

0.009761 0.000139

0.010097 0.000146

0.010092 0.000113

0.009832 0.00017

0.009721 0.000184

0.009694 0.000127

0.009362 9.9e-05

0.009502 0.000134

0.009423 0.000123

0.009521 0.000153

0.009389 0.000152

0.00957 0.000125

0.00944 0.000113

0.009399 0.000121

0.009522 0.000122

0.00961 0.000128

0.009748 0.000134

0.00974 0.000123

0.010076 0.00014

0.009717 0.000103

0.009687 0.000158

0.0102 0.000185

0.009999 0.000118

0.009967 0.000113

0.009635 0.000127

0.009812 0.000107

0.009807 0.00014

0.010015 0.000119

0.009593 0.000107

0.009885 0.000149

0.009912 9.1e-05

0.009798 0.000107

0.009685 0.000128

0.010027 0.000167

0.010028 0.000112

0.00967 8.8e-05

0.009674 0.000137

0.010108 0.000188

0.009809 0.000132

0.009706 0.000154

0.009564 0.00015

0.009645 0.000153

0.00973 0.000174

0.009867 0.000198

0.009693 0.000113

0.009794 0.000134

0.009668 0.00015

0.009602 0.000139

0.009896 0.000106

0.009922 0.000163

0.009555 0.000162

0.009633 0.000137

0.009973 0.000132

0.009587 0.00012

0.009391 0.000138

0.009324 0.000107

0.009642 0.000136

0.009521 0.000134

0.009825 0.000139

0.010136 0.000124

0.009546 0.000164

0.009651 0.000145

0.010203 0.00014

0.010045 0.000155

0.009752 9.3e-05

0.009487 0.000101

0.009688 0.000127

0.009618 0.000135

0.009609 0.000154

0.009566 0.000155

0.00989 0.000141

0.009611 0.000111

0.00953 0.000127

0.009495 0.000143

0.009545 0.000128

0.009394 0.000135

0.009395 0.000106

0.010086 9.5e-05

0.009596 0.0001

0.009748 9.2e-05

0.00977 0.000112

0.009738 0.000121

0.009467 0.000141

0.009738 0.000126

0.009582 9.2e-05

0.009456 0.000145

0.009453 0.000143

0.009335 0.000138

0.009767 0.000135

0.009388 0.000167

0.009754 0.000135

0.009478 0.00014

0.009588 0.000128

0.009658 0.000147

0.010006 0.000175

0.009636 0.000138

0.009812 0.000113

0.009654 0.000153

0.009884 0.000189

0.009557 0.000101

0.009755 0.00015

0.009626 0.000124

0.009588 0.000118

0.009509 0.000171

0.009704 0.00017

0.009751 0.000177

0.009691 0.000156

0.009623 0.000124

0.009846 0.00014

0.00957 0.000165

0.009595 0.00011

0.010021 8.5e-05

0.009874 0.000132

0.009406 0.000125

0.009594 0.000154

0.009389 0.000201

0.009403 0.000164

0.009425 0.000131

0.009456 0.000156

0.009432 0.000131

0.009759 0.000166

0.009702 0.000146

0.009815 0.000187

0.009569 0.000132

0.010055 0.000178

0.009524 0.000111

0.009642 0.00016

0.009535 9e-05

0.009819 0.000235

0.009698 0.000147

0.009677 0.0001

0.009652 0.000126

0.011876 0.000193

0.009634 0.000164

0.011513 0.000171

0.009778 0.000112

0.010211 0.000109

0.0096 9.9e-05

0.009468 0.000168

0.009836 0.000156

0.009729 0.00013

0.00947 0.000158

0.009311 0.000164

0.009317 0.000108

0.009383 0.000126

0.009712 0.000172

0.009684 0.000129

0.0097 0.000174

0.009443 0.000128

0.009923 0.000127

0.009699 0.0002

0.009554 0.000135

0.00952 0.000132

0.009772 0.000162

0.009883 0.00012

0.009594 0.000142

0.009764 0.000109

0.009582 0.000169

0.0097 0.000168

0.009575 0.000115

0.009456 0.000178

0.009406 0.000131

0.010536 0.000138

0.010583 0.000127

0.009418 0.000133

0.009472 0.000142

0.009413 0.000141

0.009456 0.000153

0.009483 0.000123

0.009475 0.000117

0.009313 0.000149

0.009345 9.1e-05

0.009488 0.00017

0.009381 8.5e-05

0.009641 0.000156

0.009333 0.000119

0.009405 9.4e-05

0.009424 0.000163

0.009429 0.000106

0.009629 0.000113

0.009345 0.00011

0.009404 0.000129

0.00937 0.000119

0.009514 0.000137

0.009325 0.000155

0.012626 0.000106

0.009544 0.000119

0.009287 0.000132

0.009454 0.0001

0.009382 0.000139

0.009366 9.3e-05

0.009739 0.000125

0.009347 0.000111

0.009365 0.000163

0.009294 0.000163

0.009426 0.00014

0.009363 0.000127

0.009352 0.000141

0.009331 0.00015

0.009403 0.000145

0.009441 0.000174

0.00958 0.000122

0.00948 0.000168

0.009284 0.000126

0.009463 0.000141

0.009325 0.000143

0.009434 0.000123

0.012458 0.000167

0.009511 0.000128

0.009748 0.00013

0.009373 0.000107

0.00954 0.000116

0.009424 0.000104

0.009428 0.000137

0.009365 0.000115

0.009405 0.000163

0.00941 0.000116

0.009319 9.8e-05

0.009392 0.000122

0.009339 0.000102

0.009354 0.000126

0.009292 0.000142

0.009327 8.6e-05

0.009378 0.000147

0.009358 0.000166

0.009473 0.000158

0.009295 0.00016

0.009391 0.000127

0.009255 0.000139

0.009244 0.000118

0.010592 0.000111

0.009548 0.000128

0.009481 0.000165

0.009365 0.000108

0.009332 0.000109

0.009305 0.000149

0.00946 0.000129

0.009447 0.000137

0.009954 0.000133

0.009645 0.000138

0.009613 0.000155

0.009937 0.000143

0.009626 0.000132

0.009644 0.000117

0.009591 0.000113

0.009776 0.000114

0.009794 0.000148

0.009623 0.00016

0.009609 0.000175

0.009629 0.000127

0.009436 0.000148

0.009381 0.000109

0.009356 0.000125

0.00969 0.000144

0.009559 0.000123

0.010075 0.000177

0.010011 0.000111

0.009881 0.000123

0.00974 0.00017

0.010205 0.00016

0.009927 0.000129

0.009826 0.000116

0.009517 8.8e-05

0.010276 9e-05

0.009866 0.000145

0.009529 0.000173

0.009678 0.000126

0.010096 0.000105

0.009827 0.000139

0.009533 0.000121

0.00997 0.000141

0.009828 0.000107

0.009903 0.000127

0.009569 0.000152

0.009991 0.000189

0.009958 0.00017

0.009543 0.000157

0.009602 0.00013

0.009519 0.00015

0.00959 0.000125

0.009741 0.000104

0.009602 0.000136

0.009569 0.000159

0.009648 0.000188

0.009489 0.000105

0.009747 0.000147

0.009898 0.000134

0.00964 0.00015

0.00993 0.000114

0.009929 0.000138

0.009824 0.000181

0.009812 0.000128

0.00977 0.000142

0.009829 0.000148

0.009936 0.000149

0.009625 9.8e-05

0.009653 9.4e-05

0.009653 0.00013

0.009576 0.000163

0.009651 0.000184

0.010953 0.000128

0.010864 0.000174

0.009657 0.000134

0.009624 0.000121

0.00993 0.000138

0.009788 0.000134

0.009935 0.000146

0.009624 0.000146

0.010071 0.000135

0.009928 9.9e-05

0.009568 0.000129

0.00974 0.000106

0.009903 0.000122

0.009795 0.000159

0.009625 0.000154

0.009541 0.000135

0.009477 0.000111

0.009562 0.000151

0.009441 0.000146

0.009339 0.000101

0.009508 0.000132

0.009658 0.000142

0.010197 0.000148

0.009798 0.000163

0.009375 0.000117

0.009437 0.000169

0.009662 0.000115

0.009398 0.000159

0.009393 0.000124

0.009925 0.000162

0.009878 0.000135

0.009598 0.000154

0.009799 0.000159

0.010635 0.000162

0.009929 0.000152

0.009548 0.000116

0.009967 0.000176

0.009978 0.000141

0.009807 0.000118

0.009696 0.000144

0.009478 0.000105

0.009461 0.000119

0.009919 0.000108

0.009487 0.00016

0.009577 0.000146

0.009658 0.000151

0.009679 9.9e-05

0.009657 0.000117

0.0098 0.000125

0.010471 0.000145

0.009866 0.000115

0.009704 9e-05

0.009539 0.000129

0.00975 0.000146

0.009368 0.000103

0.009703 0.000166

0.009638 0.000132

0.009461 9.5e-05

0.009515 0.000195

0.009561 0.000148

0.009582 0.000114

0.009465 0.000161

0.009666 0.000172

0.009517 8.6e-05

0.009722 0.00013

0.009582 0.000141

0.009632 0.000143

0.009715 0.00011

0.009684 0.000103

0.009915 0.000174

0.009544 0.000204

0.009541 0.000133

0.009653 0.000127

0.00964 0.000116

0.009532 0.000148

0.009664 0.000125

0.01002 0.000182

0.009546 0.000114

0.009497 0.000108

0.009501 0.000213

0.00951 0.000121

0.00958 9.6e-05

0.009694 0.000113

0.009634 0.000115

0.009604 0.000152

0.009599 0.000137

0.009778 9e-05

0.009562 0.000126

0.009755 0.000136

0.0096 0.00013

0.009551 0.000171

0.009612 0.000129

0.009902 0.000197

0.009609 0.00013

0.00971 0.000106

0.009882 0.00017

0.009663 0.00015

0.009742 0.000198

0.009583 0.000146

0.009614 0.000132

0.009753 0.000105

0.009574 9.4e-05

0.009599 0.000167

0.009864 0.000107

0.00951 0.000102

0.009429 0.000118

0.009446 0.000172

0.009524 0.000182

0.009699 0.000139

0.009556 0.000107

0.009584 0.000149

0.009797 0.000161

0.009638 0.0001

0.009487 0.000102

0.009959 0.000118

0.009841 9.9e-05

0.009495 9.6e-05

0.00973 0.000116

0.009651 0.000132

0.009771 0.000135

0.010121 0.000113

0.010176 0.000104

0.009961 0.000133

0.010055 0.000199

0.010231 0.000151

0.009924 0.000136

0.009795 7.8e-05

0.010088 0.000148

0.010016 0.000131

0.010169 0.00013

0.010048 0.000175

0.010313 0.000173

0.010038 0.000127

0.010245 0.00016

0.009731 0.000161

0.009905 0.000108

0.009807 0.00013

0.009722 0.00016

0.009939 0.000112

0.011754 0.000179

0.009593 9.4e-05

0.009676 0.000152

0.009589 0.000173

0.009625 0.000105

0.011126 0.000124

0.009804 0.000174

0.009879 0.000122

0.009797 0.000152

0.009898 0.000131

0.009781 9.7e-05

0.009646 0.000118

0.009731 0.000144

0.009619 0.000114

0.00951 0.000119

0.009441 0.000123

0.009561 0.000164

0.009959 0.000126

0.00973 0.000155

0.00961 0.000118

0.009839 0.000155

0.009851 0.000134

0.009962 0.000183

0.009754 0.000159

0.009506 0.000141

0.009428 0.000169

0.009474 8.5e-05

0.009444 8.8e-05

0.009386 9.7e-05

0.009402 0.000175

0.009367 0.00015

0.009674 0.000106

0.009679 0.000173

0.009794 0.000174

0.00987 0.000151

0.009748 0.000132

0.009836 0.000222

0.009562 0.000122

0.009414 9.7e-05

0.009382 0.000164

0.009433 0.00012

0.009505 0.000126

0.009549 0.00015

0.009517 0.0001

0.009503 8.1e-05

0.009696 0.000122

0.009609 0.000137

0.009562 0.000158

0.009297 0.0001

0.009409 9.1e-05

0.009356 0.000153

0.009783 0.000131

0.009672 0.00014

0.009481 7.5e-05

0.009434 0.000211

0.009709 0.000103

0.009302 0.000146

0.009371 0.000126

0.009467 0.000123

0.009457 0.00012

0.009385 0.000194

0.009363 0.000109

0.009361 0.000126

0.009781 8.2e-05

0.009313 0.00015

0.009316 0.000173

0.009357 0.000152

0.009332 0.00015

0.009619 0.000133

0.009417 0.000164

0.009501 0.00012

0.01014 0.000165

0.009421 0.000114

0.009456 0.000127

0.00945 0.000104

0.009374 0.000105

0.009381 0.000132

0.00946 0.000149

0.009398 9e-05

0.00935 0.00011

0.00954 0.000148

0.009656 0.000127

0.009357 9.3e-05

0.009508 0.000124

0.009361 0.00013

0.009606 0.000108

0.009823 0.000125

0.009477 0.00011

0.009386 0.000136

0.009592 0.000102

0.009631 0.000132

0.009437 0.000165

0.009249 0.000153

0.009348 0.000127

0.009478 0.000118

0.00934 9.5e-05

0.009556 0.000104

0.009351 0.00013

0.009281 0.000158

0.009362 0.000145

0.009373 0.000137

0.009558 0.000146

0.009733 0.000151

0.009539 0.000105

0.009623 0.000149

0.009911 0.000178

0.00947 0.000134

0.009599 0.000123

0.009626 0.000145

0.009573 0.000118

0.009558 0.000144

0.009546 0.000155

0.009416 0.000165

0.009363 0.00014

0.009598 0.00012

0.009257 0.000143

0.009286 0.0001

0.009428 0.000149

0.009946 0.00012

0.009478 0.000132

0.009593 0.00011

0.009748 9.8e-05

0.009825 9.2e-05

0.009823 0.000203

0.00993 0.000115

0.009589 0.000161

0.01188 0.000119

0.009479 0.000115

0.009454 7.5e-05

0.009298 0.000171

0.009372 8.6e-05

0.009389 0.000142

0.0096 0.000175

0.009549 0.000149

0.00968 0.000111

0.009628 0.000123

0.009452 9.9e-05

0.00983 0.000135

0.009617 0.000138

0.009554 0.00011

0.009567 9.7e-05

0.009971 0.000121

0.009642 0.000152

0.009884 0.000139

0.009967 0.000137

0.009978 0.000121

0.00972 0.00016

0.00967 0.000185

0.009908 0.000165

0.010222 0.00016

0.00994 0.000129

0.009867 0.000154

0.009734 0.000158

0.009719 0.000131

0.009819 0.000121

0.009583 0.000102

0.009761 0.000143

0.009621 0.000149

0.009743 0.000155

0.009658 0.00012

0.009779 8.2e-05

0.009786 0.00015

0.009759 0.000126

0.010327 0.000112

0.009787 0.000175

0.009773 0.000134

0.009543 0.000162

0.009587 0.000134

0.009671 0.000142

0.00974 0.000134

0.009608 0.000118

0.009545 0.000147

0.009602 0.000112

0.009407 0.000148

0.009659 0.000134

0.009519 8.9e-05

0.009373 0.000143

0.009503 0.000129

0.009867 9.1e-05

0.009599 0.000125

0.009663 0.000115

0.009706 0.000175

0.009589 0.000182

0.009611 0.000145

0.009505 0.000113

0.00986 0.000123

0.009474 0.000168

0.009341 8.2e-05

0.009405 0.00014

0.009562 0.000115

0.00938 0.000121

0.009465 0.000129

0.009315 0.000165

0.009796 0.000118

0.009425 0.000121

0.009407 9.2e-05

0.009469 0.000111

0.009402 9.1e-05

0.00953 0.000136

0.009427 0.000139

0.009417 0.000118

0.009331 0.000118

0.009332 0.000148

0.009576 0.000135

0.009346 0.000132

0.009426 0.000101

0.009262 0.000181

0.009317 0.000129

0.009588 0.000139

0.009453 8.4e-05

0.00941 0.000166

0.009314 0.000153

0.009435 0.000101

0.009309 0.000118

0.009379 0.00016

0.009384 0.000117

0.009282 0.000142

0.00939 0.000131

0.009487 8.5e-05

0.009664 0.000112

0.009663 0.00017

0.009685 0.000159

0.009834 0.00012

0.009647 0.000171

0.009751 9.8e-05

0.009514 0.000102

0.009378 0.0001

0.009445 0.000102

0.009427 0.000159

0.009476 0.000134

0.00949 0.00016

0.009731 0.000105

0.009652 0.000111

0.009586 0.00012

0.009651 0.00013

0.009372 0.000129

0.009555 0.000116

0.00943 0.000114

0.00946 9e-05

0.009561 0.000128

0.00937 0.000116

0.009571 0.000146

0.00953 0.000138

0.009571 0.000111

0.00966 0.000105

0.010026 0.000117

0.010113 0.000125

0.009669 0.000194

0.009809 0.000125

0.009871 0.000147

0.00991 0.000166

0.009562 0.000121

0.01025 0.000121

0.010286 0.000128

0.009813 0.000107

0.009359 0.000142

0.009777 0.000108

0.009609 0.000107

0.009599 0.000111

0.00951 0.000146

0.009665 0.000125

0.009757 0.000109

0.00953 0.000167

0.009667 0.000163

0.009889 0.000143

0.009705 0.000129

0.009627 0.000113

0.009734 8.9e-05

0.009867 0.000163

0.009542 0.000117

0.009733 0.000122

0.009796 0.000128

0.009699 0.000117

0.009585 0.000114

0.009611 0.000161

0.009741 0.000129

0.009599 0.000127

0.009674 0.000147

0.00986 0.000117

0.009742 0.000136

0.009459 0.00013

0.009592 0.000104

0.010073 0.000148

0.009578 0.000151

0.009815 0.000126

0.009725 0.000119

0.009648 0.000131

0.009614 0.00013

0.009909 0.000147

0.011317 0.000145

0.009878 0.000143

0.009743 0.000103

0.009618 0.000136

0.010058 0.000149

0.009917 0.000125

0.009623 0.000147

0.010019 0.00025

0.010037 0.000175

0.009603 0.000116

0.009449 0.000164

0.009688 0.000141

0.009546 0.000108

0.009397 0.000155

0.009698 0.000115

0.009474 0.000118

0.009445 0.000131

0.009404 0.000178

0.009359 0.000104

0.009457 0.000194

0.009326 0.000131

0.009335 0.000129

0.009322 0.000167

0.009408 0.000154

0.009354 0.000132

0.009546 0.00013

0.009411 0.000107

0.009551 0.000136

0.009556 0.000127

0.009771 0.000118

0.009771 0.000126

0.009733 0.000136

0.009414 0.000129

0.009486 0.000117

0.009408 0.000149

0.009537 0.000125

0.009643 0.000123

0.009542 0.000131

0.00968 0.00022

0.009456 0.000101

0.009581 0.000145

0.009486 0.000135

0.009598 0.00014

0.00987 0.000168

0.009997 0.000118

0.009545 0.000109

0.009857 0.000166

0.011152 0.000155

0.010274 0.000118

0.009741 0.000143

0.009771 0.000109

0.010083 0.000139

0.010138 0.000112

0.009548 0.000171

0.00941 0.000138

0.009398 0.000132

0.009554 0.000143

0.009321 8e-05

0.009542 0.000168

0.009312 0.000143

0.009524 0.000146

0.009474 0.00011

0.009442 0.000118

0.009571 0.000132

0.009447 0.000101

0.009369 0.000102

0.009385 0.000161

0.00936 0.000142

0.00959 0.000128

0.009274 0.000155

0.009391 0.000144

0.009484 0.000103

0.009364 9.8e-05

0.009362 0.000137

0.009507 0.000117

0.009523 0.000134

0.009473 0.000107

0.009368 0.000128

0.009327 0.000107

0.009474 7.5e-05

0.009383 0.000128

0.009885 0.000181

0.009836 0.000161

0.009631 0.000108

0.00964 0.000168

0.009813 0.000116

0.009734 0.000129

0.009731 0.000113

0.009619 0.000133

0.009568 0.000162

0.009683 0.00016

0.009509 0.00013

0.009482 0.000138

0.009633 0.000146

0.009529 0.000132

0.009457 0.000103

0.009419 0.000192

0.009536 0.000182

0.009542 0.00018

0.009424 0.000106

0.009629 0.000141

0.009497 0.000157

0.009546 0.00014

0.009919 0.000119

0.009651 0.000111

0.009502 0.000188

0.009928 0.000117

0.009546 0.000104

0.009557 0.000107

0.009696 0.000204

0.01054 0.000172

0.010069 0.000163

0.009644 0.000122

0.009897 0.000157

0.010022 0.000118

0.010151 9e-05

0.009534 0.000154

0.010139 0.00016

0.01027 0.000118

0.009743 9.1e-05

0.010244 0.000182

0.010227 0.000235

0.009846 0.000166

0.01094 0.000151

0.010109 0.000206

0.00977 0.000125

0.009816 0.000145

0.009996 0.000157

0.009752 0.000145

0.009694 0.000174

0.009944 0.000204

0.009645 0.000213

0.010311 0.000161

0.009832 0.000129

0.009698 0.00013

0.009663 0.00022

0.009819 0.000183

0.01009 0.0001

0.009961 0.000142

0.009647 0.000182

0.010041 0.000126

0.009707 0.000171

0.010053 0.000133

0.009839 0.000186

0.009642 8.8e-05

0.009756 0.000163

0.009703 0.000126

0.00977 0.000122

0.009612 0.000111

0.009674 0.000103

0.009774 0.00014

0.009651 0.000124

0.009622 0.000132

0.009657 0.00016

0.009716 9.3e-05

0.009458 0.000193

0.009783 9.3e-05

0.009717 0.000128

0.009835 0.000118

0.009581 9.4e-05

0.009674 0.000145

0.009601 0.000124

0.009618 9.7e-05

0.009587 0.000148

0.010025 0.000114

0.009561 0.000118

0.009713 0.000138

0.009861 0.000133

0.009589 0.000146

0.009958 0.000124

0.010176 0.000128

0.009971 0.000123

0.009762 0.000172

0.010132 0.000101

0.009839 0.000111

0.010109 0.000113

0.009695 0.000138

0.010568 0.000133

0.009974 9.5e-05

0.009878 0.000146

0.009683 0.000121

0.009602 0.000127

0.009615 0.000143

0.009493 0.000105

0.009539 0.000158

0.009572 0.000119

0.009524 9.9e-05

0.009641 0.000199

0.009903 0.000163

0.009809 0.000172

0.010009 0.0001

0.009991 0.00012

0.009631 0.000125

0.009558 9.7e-05

0.009949 0.00013

0.009875 0.000129

0.009519 0.00011

0.00971 0.000142

0.00944 0.00011

0.009482 9.7e-05

0.009541 0.000112

0.009362 0.000173

0.009309 0.000158

0.009706 0.000146

0.009721 0.000137

0.009644 0.000191

0.009506 0.000144

0.009806 0.000127

0.00977 0.000117

0.009586 0.000145

0.009507 0.000142

0.009399 0.000104

0.009398 0.000142

0.009417 0.00013

