0.004377 0.000755

0.004356 0.000497

0.004445 0.000419

0.004402 0.000509

0.004384 0.000533

0.004352 0.000453

0.004379 0.000509

0.004735 0.000486

0.004471 0.000671

0.004423 0.000548

0.004427 0.000425

0.004402 0.000467

0.00432 0.000735

0.004373 0.000438

0.004354 0.000592

0.004347 0.000438

0.004328 0.000546

0.004309 0.000788

0.004334 0.00068

0.0043 0.000476

0.005591 0.000575

0.004338 0.000407

0.004369 0.000437

0.004351 0.000584

0.004353 0.000476

0.00432 0.000602

0.00436 0.000408

0.00434 0.00047

0.004423 0.00065

0.004449 0.000436

0.004317 0.000641

0.004355 0.000473

0.004419 0.000458

0.004309 0.000485

0.004313 0.000661

0.004427 0.000591

0.004331 0.000454

0.004459 0.000521

0.004409 0.000692

0.004331 0.00042

0.004404 0.00043

0.004388 0.00043

0.004453 0.000624

0.004371 0.000522

0.004291 0.000467

0.00435 0.000558

0.004365 0.000516

0.004366 0.000377

0.004304 0.000549

0.004402 0.000579

0.004431 0.000524

0.004342 0.00042

0.004385 0.000411

0.004303 0.000413

0.004333 0.000536

0.004424 0.000576

0.004543 0.000437

0.004384 0.00042

0.00433 0.000638

0.004344 0.000486

0.004339 0.000541

0.00438 0.000598

0.004416 0.000579

0.004373 0.000564

0.004327 0.000463

0.004348 0.000716

0.004441 0.000386

0.004351 0.000733

0.004397 0.000518

0.004378 0.000654

0.004375 0.000513

0.004357 0.000458

0.004334 0.000492

0.004384 0.000578

0.004407 0.000708

0.004465 0.000693

0.004424 0.000416

0.004371 0.000542

0.00434 0.000584

0.004405 0.000457

0.004362 0.000461

0.004359 0.000604

0.004351 0.000427

0.004319 0.000665

0.004462 0.000588

0.00432 0.000533

0.004373 0.000645

0.004446 0.000491

0.004388 0.000489

0.004351 0.000509

0.004386 0.000803

0.004331 0.000643

0.004343 0.00056

0.004377 0.000415

0.004368 0.000577

0.00435 0.000718

0.004361 0.000608

0.004412 0.000669

0.004318 0.000733

0.004416 0.000586

0.004429 0.000658

0.004313 0.000534

0.004398 0.000515

0.004428 0.000461

0.004422 0.000468

0.004383 0.000612

0.004336 0.000459

0.004406 0.000571

0.004299 0.00046

0.004418 0.000525

0.00435 0.00063

0.004337 0.000771

0.004352 0.000497

0.004335 0.000559

0.004404 0.000412

0.004376 0.000576

0.004403 0.000521

0.004291 0.000543

0.004306 0.000744

0.004362 0.000603

0.004405 0.000404

0.004359 0.000556

0.004332 0.00055

0.004373 0.000583

0.004368 0.000442

0.004388 0.000422

0.004395 0.000587

0.004401 0.000382

0.004401 0.000632

0.00435 0.00057

0.004333 0.000506

0.005018 0.000666

0.004387 0.000681

0.004437 0.000779

0.004333 0.000521

0.004331 0.000576

0.004349 0.000582

0.004417 0.000658

0.004322 0.000519

0.00433 0.000618

0.004358 0.000499

0.004337 0.000709

0.004346 0.000506

0.004312 0.00044

0.004392 0.00056

0.004333 0.000453

0.004347 0.000411

0.004383 0.000599

0.004329 0.000657

0.004313 0.000425

0.004381 0.00065

0.004394 0.000845

0.004465 0.000616

0.00458 0.000442

0.004363 0.000481

0.004534 0.0006

0.004328 0.000465

0.004335 0.000648

0.004312 0.000468

0.004363 0.000532

0.004364 0.000604

0.004494 0.000581

0.004361 0.000586

0.004355 0.000746

0.004342 0.000723

0.004314 0.000618

0.00431 0.000513

0.004375 0.000542

0.004301 0.000507

0.004347 0.000556

0.004339 0.00072

0.004324 0.000583

0.004309 0.00064

0.004333 0.000553

0.004319 0.00059

0.004361 0.000675

0.004389 0.000454

0.004333 0.000392

0.004309 0.000752

0.004365 0.000425

0.004334 0.000433

0.004369 0.000656

0.004338 0.000515

0.004412 0.000672

0.004357 0.00046

0.004365 0.000504

0.004307 0.000565

0.004363 0.000438

0.004362 0.000508

0.004372 0.000489

0.004363 0.000513

0.004351 0.000505

0.00434 0.000544

0.004411 0.000427

0.004382 0.000584

0.004289 0.000556

0.00437 0.000566

0.004313 0.000485

0.00436 0.000424

0.004402 0.00044

0.004335 0.000659

0.004397 0.000712

0.004359 0.000526

0.004412 0.000518

0.004347 0.000501

0.004327 0.000475

0.00431 0.000566

0.004301 0.000648

0.004362 0.000524

0.004343 0.00059

0.004449 0.000613

0.004413 0.000548

0.004335 0.000444

0.004367 0.000505

0.004395 0.00049

0.004386 0.000375

0.004429 0.000426

0.004359 0.000592

0.004389 0.00047

0.004321 0.000598

0.004318 0.000623

0.004429 0.000479

0.004327 0.00061

0.004334 0.00061

0.004445 0.000417

0.004308 0.0004

0.004483 0.000615

0.004315 0.000535

0.004377 0.000556

0.004378 0.000574

0.004345 0.000547

0.004334 0.000506

0.004455 0.000601

0.004511 0.000448

0.004356 0.000574

0.004369 0.00053

0.004309 0.000504

0.004339 0.000423

0.004331 0.000626

0.004414 0.000432

0.004405 0.000471

0.004371 0.000524

0.004331 0.000573

0.004404 0.000478

0.004357 0.000607

0.004315 0.000545

0.00433 0.000564

0.004367 0.000619

0.004389 0.000494

0.004327 0.00046

0.004392 0.000438

0.004433 0.000525

0.004369 0.000651

0.004359 0.000402

0.00435 0.000537

0.004342 0.000595

0.004325 0.000617

0.004294 0.000405

0.004402 0.000678

0.004425 0.000631

0.004359 0.000513

0.004366 0.00056

0.004335 0.000528

0.004327 0.000562

0.004368 0.000609

0.004366 0.000474

0.004332 0.000683

0.004386 0.000464

0.004457 0.000608

0.004367 0.000395

0.004402 0.000533

0.004391 0.000622

0.004313 0.000764

0.004301 0.000464

0.00438 0.000755

0.004405 0.000482

0.004386 0.000474

0.004417 0.000611

0.004338 0.000584

0.004394 0.000431

0.004369 0.000544

0.004431 0.000415

0.004404 0.000664

0.00435 0.000547

0.004357 0.000574

0.004366 0.000607

0.004377 0.000417

0.004386 0.000602

0.00431 0.000499

0.004312 0.000512

0.00441 0.000602

0.004324 0.000645

0.004452 0.000506

0.004398 0.000556

0.004315 0.000513

0.00438 0.000425

0.004342 0.000499

0.00501 0.000565

0.004321 0.000565

0.004349 0.000597

0.004367 0.000497

0.004332 0.00055

0.004328 0.000436

0.00438 0.000449

0.004343 0.000471

0.004393 0.000634

0.004388 0.000425

0.004342 0.000377

0.004343 0.000564

0.00448 0.000604

0.004349 0.000465

0.004369 0.000495

0.004389 0.000581

0.004353 0.000506

0.004429 0.000578

0.004358 0.000546

0.00433 0.000414

0.004398 0.00066

0.004424 0.000799

0.004322 0.000412

0.004361 0.000675

0.004348 0.000439

0.004327 0.000773

0.004363 0.00055

0.004339 0.000589

0.004376 0.000458

0.00433 0.000559

0.004333 0.000717

0.004366 0.000695

0.004322 0.000393

0.004383 0.000623

0.004333 0.000533

0.00437 0.000385

0.004376 0.000833

0.004336 0.00054

0.004438 0.000418

0.004356 0.000686

0.004316 0.000698

0.004374 0.000647

0.004297 0.000469

0.004351 0.000626

0.004353 0.000586

0.004345 0.000753

0.004404 0.000824

0.004322 0.000614

0.004312 0.000441

0.004361 0.000408

0.004332 0.000662

0.004319 0.000455

0.004303 0.000503

0.00432 0.000618

0.004387 0.000477

0.004347 0.000513

0.004342 0.000557

0.004452 0.000405

0.004418 0.000638

0.004373 0.000472

0.004307 0.000539

0.004368 0.00061

0.004408 0.000447

0.004331 0.000428

0.004336 0.000681

0.004344 0.000566

0.00439 0.00051

0.004422 0.000549

0.004445 0.000573

0.0043 0.000563

0.004374 0.000422

0.004433 0.000714

0.004373 0.000659

0.004389 0.000835

0.004319 0.000496

0.004353 0.000464

0.004382 0.0005

0.004344 0.00063

0.004428 0.000691

0.004397 0.000736

0.004334 0.000507

0.004333 0.000529

0.004279 0.000569

0.004355 0.000551

0.004318 0.000523

0.004376 0.000447

0.004381 0.000495

0.004378 0.000636

0.004313 0.000457

0.004333 0.000494

0.004388 0.000463

0.004301 0.000487

0.004332 0.000635

0.004307 0.000493

0.004354 0.000694

0.00434 0.000546

0.004318 0.000667

0.004404 0.000563

0.004344 0.000626

0.004318 0.000684

0.004409 0.000617

0.004331 0.000583

0.004404 0.000423

0.004334 0.000578

0.004327 0.000458

0.004409 0.000511

0.004333 0.000718

0.004325 0.000436

0.004294 0.000433

0.004362 0.00056

0.00434 0.00043

0.004342 0.000615

0.004322 0.000615

0.004321 0.000614

0.004348 0.000409

0.00434 0.000559

0.00431 0.000496

0.004326 0.000566

0.004334 0.00055

0.00444 0.000417

0.004377 0.000459

0.004365 0.000532

0.004399 0.000514

0.0044 0.000848

0.004392 0.000592

0.004352 0.000606

0.004407 0.000691

0.004312 0.000577

0.004356 0.000494

0.004376 0.000459

0.004344 0.000556

0.004416 0.00051

0.004355 0.000638

0.004492 0.000907

0.004382 0.000476

0.004384 0.000551

0.00431 0.000552

0.004327 0.000474

0.00433 0.000603

0.004378 0.000418

0.004372 0.000404

0.004368 0.000655

0.004352 0.000637

0.004411 0.000632

0.004441 0.000538

0.00436 0.000612

0.004397 0.000399

0.004347 0.000406

0.004376 0.000468

0.004314 0.000705

0.004357 0.000538

0.004334 0.000527

0.004319 0.000608

0.004337 0.000539

0.004379 0.00069

0.004325 0.0005

0.004379 0.000684

0.004476 0.000554

0.004322 0.000659

0.004316 0.000571

0.004313 0.000577

0.004467 0.000425

0.004443 0.000532

0.004495 0.000593

0.004368 0.000514

0.004369 0.000475

0.004351 0.000427

0.004383 0.00057

0.004312 0.000501

0.00434 0.000677

0.004379 0.000534

0.004374 0.00043

0.004314 0.000546

0.004438 0.000593

0.004413 0.00041

0.004606 0.00057

0.004387 0.000536

0.004365 0.000633

0.00431 0.00056

0.004352 0.000721

0.004382 0.000465

0.004423 0.000418

0.004383 0.000493

0.004359 0.000776

0.00443 0.000531

0.00433 0.00064

0.004334 0.000752

0.004307 0.000387

0.004408 0.000662

0.00435 0.000528

0.004416 0.000454

0.004392 0.000398

0.004343 0.000503

0.00438 0.000495

0.004368 0.00053

0.00432 0.000672

0.004341 0.000561

0.004486 0.000433

0.004453 0.000498

0.004356 0.000461

0.004292 0.000628

0.004341 0.000548

0.004293 0.000446

0.004399 0.000558

0.004377 0.000663

0.004369 0.000457

0.004312 0.000658

0.00438 0.000464

0.004355 0.000518

0.004371 0.000604

0.004333 0.000637

0.004404 0.000403

0.004362 0.000538

0.004343 0.000637

0.004324 0.000644

0.005077 0.000378

0.004391 0.000505

0.004397 0.000562

0.004308 0.000493

0.004388 0.000496

0.004309 0.000604

0.004352 0.000667

0.004308 0.000656

0.004382 0.000691

0.004364 0.000464

0.00437 0.00043

0.004355 0.000636

0.004331 0.0004

0.004375 0.000507

0.004316 0.000414

0.004387 0.000597

0.00433 0.000459

0.004315 0.000668

0.004418 0.000614

0.004347 0.000654

0.004371 0.000576

0.004362 0.000454

0.004362 0.000409

0.004302 0.000749

0.004335 0.000616

0.004376 0.000595

0.004453 0.000474

0.004368 0.000647

0.004335 0.000474

0.00436 0.000595

0.004347 0.00057

0.00441 0.000469

0.004415 0.000819

0.004368 0.000458

0.00438 0.0004

0.004355 0.000615

0.004327 0.000636

0.004323 0.00041

0.004346 0.00047

0.004424 0.00055

0.004328 0.000506

0.004342 0.000445

0.004357 0.000524

0.004312 0.000507

0.004422 0.000562

0.00434 0.000618

0.004342 0.000429

0.004341 0.000594

0.004996 0.000748

0.004369 0.000602

0.004318 0.000536

0.004418 0.000485

0.004372 0.000484

0.004342 0.000541

0.004365 0.000414

0.004407 0.000502

0.004398 0.000592

0.004376 0.000405

0.004347 0.000473

0.004284 0.000409

0.004367 0.000655

0.004354 0.0006

0.004356 0.000603

0.004294 0.000552

0.004392 0.000526

0.004429 0.000514

0.004393 0.000606

0.004336 0.000758

0.004317 0.000657

0.004329 0.000517

0.004388 0.000486

0.004438 0.000697

0.004354 0.000786

0.004416 0.000617

0.004391 0.000406

0.004362 0.000566

0.004318 0.000486

0.004373 0.000433

0.004301 0.000582

0.004386 0.000637

0.004369 0.000521

0.004319 0.000584

0.004288 0.000491

0.004351 0.000537

0.004356 0.000769

0.004324 0.000468

0.004299 0.000586

0.004317 0.000685

0.004315 0.000585

0.00429 0.000477

0.004335 0.000612

0.004415 0.000607

0.004356 0.000814

0.004396 0.000604

0.004394 0.000943

0.004398 0.000626

0.004323 0.000815

0.004391 0.00068

0.004412 0.000676

0.004394 0.000528

0.004345 0.00057

0.004339 0.000623

0.004338 0.000541

0.004356 0.000381

0.004338 0.000532

0.004333 0.00061

0.004417 0.000472

0.004372 0.000629

0.004366 0.000709

0.004327 0.000511

0.00433 0.000513

0.004363 0.000454

0.004381 0.000574

0.004423 0.000571

0.004353 0.000655

0.004398 0.000636

0.005005 0.000545

0.004348 0.000613

0.004342 0.000468

0.004317 0.000429

0.004368 0.000572

0.004352 0.000418

0.004418 0.000479

0.004349 0.00064

0.004317 0.000547

0.004364 0.0007

0.004363 0.000685

0.004333 0.000582

0.004326 0.000426

0.004351 0.000529

0.004402 0.000452

0.004328 0.000531

0.004333 0.00064

0.004372 0.000487

0.00433 0.000675

0.004358 0.000659

0.004352 0.000621

0.004446 0.000626

0.004358 0.000585

0.004475 0.000508

0.004398 0.000487

0.00433 0.000582

0.004353 0.000545

0.004355 0.000843

0.004343 0.000626

0.004298 0.000611

0.004453 0.00069

0.004434 0.000494

0.004302 0.00065

0.004304 0.000475

0.004349 0.000493

0.00432 0.000595

0.004309 0.000506

0.004397 0.000402

0.004304 0.00041

0.004361 0.000474

0.004355 0.000702

0.00436 0.000635

0.004361 0.000492

0.004315 0.000688

0.004343 0.000643

0.00433 0.000688

0.004356 0.000416

0.004312 0.00042

0.004355 0.000614

0.004464 0.00076

0.004366 0.000533

0.004361 0.000508

0.004322 0.000526

0.004404 0.000455

0.004378 0.000537

0.004337 0.00058

0.004328 0.000573

0.004385 0.000461

0.004354 0.000546

0.004344 0.000574

0.004324 0.000461

0.004392 0.000599

0.004301 0.000451

0.004401 0.000536

0.004326 0.000531

0.004378 0.000615

0.004333 0.000417

0.004315 0.000539

0.004421 0.000843

0.004335 0.000544

0.004331 0.00044

0.00436 0.00067

0.004389 0.000547

0.004364 0.000539

0.004378 0.000788

0.004395 0.000575

0.004379 0.000596

0.004414 0.0005

0.004328 0.000534

0.004446 0.00043

0.004393 0.000528

0.004333 0.00081

0.004301 0.000514

0.004355 0.000854

0.004338 0.000405

0.004301 0.000431

0.004359 0.000434

0.004289 0.000607

0.004356 0.000426

0.004343 0.000623

0.004307 0.000893

0.004346 0.000447

0.004343 0.000556

0.004348 0.000566

0.004392 0.000635

0.004388 0.000593

0.004377 0.00046

0.00431 0.0008

0.004525 0.000573

0.004328 0.000659

0.004369 0.000661

0.004338 0.000444

0.004359 0.000596

0.004339 0.00059

0.004383 0.000492

0.00436 0.000541

0.004357 0.000382

0.004439 0.000627

0.004357 0.000436

0.004337 0.00046

0.004346 0.000794

0.004362 0.000605

0.004309 0.000459

0.004343 0.000491

0.00432 0.000711

0.004452 0.000583

0.00496 0.000653

0.00435 0.00058

0.004329 0.000402

0.004303 0.000604

0.004361 0.000469

0.004321 0.000567

0.004416 0.000622

0.004389 0.000683

0.004437 0.000726

0.004333 0.000471

0.00432 0.000444

0.004334 0.000574

0.004321 0.000486

0.00438 0.000564

0.004422 0.000432

0.004383 0.000605

0.004417 0.00071

0.004303 0.00043

0.004314 0.000549

0.004341 0.000753

0.004333 0.000631

0.00431 0.00066

0.004376 0.000657

0.004357 0.000743

0.004406 0.000561

0.004333 0.00063

0.004331 0.000621

0.004336 0.000691

0.004333 0.00042

0.004386 0.000445

0.004349 0.000502

0.004411 0.000483

0.004356 0.000653

0.004344 0.000446

0.004298 0.000423

0.004331 0.000392

0.004334 0.000447

0.004363 0.000635

0.004339 0.000566

0.004425 0.000461

0.004424 0.00055

0.004318 0.00058

0.004312 0.000611

0.004397 0.000616

0.004357 0.000445

0.00432 0.000576

0.004343 0.000468

0.004337 0.000461

0.004477 0.00046

0.004429 0.000774

0.004274 0.000467

0.004438 0.000513

0.004323 0.000599

0.004317 0.000563

0.004414 0.000418

0.004322 0.000629

0.004342 0.000586

0.004327 0.000379

0.00434 0.000411

0.004305 0.000551

0.00438 0.000678

0.004339 0.000567

0.004371 0.000469

0.004341 0.000521

0.004315 0.000734

0.004345 0.00048

0.004358 0.000542

0.0043 0.000626

0.004401 0.000518

0.004372 0.000478

0.004378 0.000534

0.004408 0.000471

0.004972 0.000433

0.004376 0.000486

0.004422 0.00046

0.004477 0.000586

0.004392 0.000533

0.004317 0.000506

0.004426 0.000592

0.004322 0.000429

0.004371 0.000522

0.004335 0.000646

0.004378 0.000463

0.004485 0.000415

0.00429 0.000486

0.004366 0.000447

0.004294 0.000388

0.004364 0.000568

0.004375 0.000697

0.004325 0.000706

0.004328 0.000722

0.004347 0.000655

0.004329 0.000533

0.00441 0.000637

0.004373 0.000539

0.004307 0.000455

0.004343 0.000597

0.00435 0.000728

0.004375 0.000432

0.004342 0.000421

0.004357 0.000569

0.00451 0.000725

0.004393 0.000503

0.004335 0.000484

0.004356 0.000429

0.004318 0.000643

0.004327 0.000438

0.004365 0.000602

0.004315 0.00066

0.004326 0.000532

0.004347 0.000534

0.004403 0.00061

0.004365 0.000447

0.004365 0.000574

0.00433 0.000551

0.004372 0.000554

0.004345 0.000505

0.004318 0.000404

0.004328 0.000516

0.004361 0.000532

0.004368 0.00081

0.004341 0.000476

0.004413 0.000701

0.004342 0.000558

0.004383 0.000406

0.004365 0.000695

0.004364 0.000463

0.004276 0.000559

0.004474 0.000424

0.004376 0.000558

0.004334 0.000454

0.004415 0.000627

0.004356 0.000596

0.004355 0.000475

0.004362 0.000556

0.004335 0.000492

0.004363 0.00065

0.004345 0.000608

0.004371 0.000691

0.00435 0.000527

0.004419 0.00057

0.004315 0.000545

0.004356 0.000596

0.004371 0.000499

0.004426 0.000459

0.004381 0.000429

0.00439 0.000669

0.004352 0.000618

0.004333 0.000632

0.004344 0.000702

0.004442 0.000696

0.004404 0.000443

0.004433 0.000474

0.004369 0.000658

0.004381 0.000702

0.004328 0.000554

0.004364 0.000603

0.004404 0.000508

0.004359 0.000524

0.00431 0.000531

0.004398 0.000661

0.004344 0.000714

0.00442 0.000615

0.00436 0.00043

0.004333 0.000576

0.004322 0.000582

0.004453 0.000727

0.004424 0.000449

0.004337 0.000433

0.004392 0.000625

0.004347 0.000726

0.004358 0.00045

0.00434 0.000581

0.00436 0.000407

0.004362 0.000593

0.004316 0.000709

0.004361 0.000515

0.004348 0.000631

0.004316 0.000628

0.004312 0.000415

0.004489 0.000633

0.004325 0.000539

0.004378 0.000561

0.004321 0.00054

0.00434 0.000499

0.004368 0.000586

0.004351 0.000656

0.004379 0.000663

0.004323 0.000576

0.004362 0.000606

0.004971 0.000526

0.004323 0.000714

0.004359 0.000561

0.004381 0.000519

0.004401 0.000525

0.004328 0.000458

0.004365 0.000471

0.004315 0.000462

0.004371 0.000668

0.004344 0.000562

0.004598 0.000473

0.00432 0.000694

0.004333 0.000591

0.004399 0.000677

0.004331 0.00088

0.004431 0.000508

0.00432 0.000514

0.004359 0.00068

0.004328 0.000827

0.004403 0.000478

0.004376 0.000645

0.00434 0.000609

0.004392 0.000516

0.004404 0.00058

0.004355 0.000437

0.004317 0.000625

0.004363 0.000546

0.004346 0.00052

0.004381 0.000559

0.00436 0.000557

0.004415 0.000499

0.004291 0.000574

0.004398 0.000618

0.004336 0.000451

0.004347 0.000695

0.004374 0.000594

0.004433 0.000452

0.004343 0.000539

0.004293 0.000422

0.004332 0.000518

0.004437 0.000432

0.004347 0.000533

0.004377 0.000412

0.004381 0.000436

0.004333 0.000604

0.004357 0.000705

0.004391 0.000443

0.00433 0.000508

0.004328 0.000432

0.004393 0.00064

0.004334 0.000491

0.004394 0.000601

0.004289 0.000695

0.004344 0.000643

0.004329 0.000544

0.004409 0.000408

0.004342 0.000508

0.004355 0.000644

0.004366 0.000616

0.004349 0.000498

0.004347 0.000522

0.004316 0.000512

0.004353 0.000693

0.004333 0.000425

0.004345 0.000512

0.004342 0.000544

