0.001188 8e-06

0.001195 1.4e-05

0.001205 8e-06

0.001235 1e-05

0.001225 1e-05

0.001213 1.3e-05

0.001213 1.1e-05

0.001232 1.2e-05

0.001202 1.3e-05

0.001195 1.1e-05

0.00119 1.1e-05

0.001234 1.3e-05

0.001298 9e-06

0.001247 1.2e-05

0.001222 1.3e-05

0.001232 1.1e-05

0.001221 1.2e-05

0.001245 1e-05

0.001187 1.1e-05

0.001196 9e-06

0.001189 1e-05

0.001227 9e-06

0.001188 1.3e-05

0.001234 9e-06

0.001211 1e-05

0.001274 9e-06

0.001256 9e-06

0.001203 1.6e-05

0.001196 1e-05

0.0012 1.3e-05

0.001193 1e-05

0.00135 1e-05

0.001224 1e-05

0.001227 1.4e-05

0.001219 1.4e-05

0.001731 1.1e-05

0.001287 1.1e-05

0.001199 1e-05

0.001214 9e-06

0.001251 1e-05

0.001199 1.4e-05

0.001211 1.1e-05

0.001233 1e-05

0.001224 1.2e-05

0.001195 1.1e-05

0.001213 1e-05

0.001194 1.1e-05

0.001239 1.4e-05

0.001193 1e-05

0.001197 1.1e-05

0.001202 9e-06

0.001205 9e-06

0.001189 2.4e-05

0.001195 1.1e-05

0.001209 9e-06

0.001239 1.1e-05

0.001241 1.2e-05

0.001228 1e-05

0.001236 9e-06

0.001217 1.1e-05

0.001191 1.3e-05

0.001204 1.4e-05

0.00119 1.1e-05

0.001209 1.1e-05

0.001222 1e-05

0.001219 9e-06

0.001275 9e-06

0.00124 9e-06

0.001223 1.1e-05

0.001208 1.2e-05

0.001222 1.3e-05

0.001202 1.3e-05

0.001186 1.1e-05

0.001201 1e-05

0.001195 1.5e-05

0.001208 8e-06

0.001196 1.1e-05

0.001208 1.2e-05

0.001195 1.1e-05

0.001211 1.3e-05

0.00121 1.1e-05

0.001232 1e-05

0.001269 1.4e-05

0.001236 1e-05

0.001191 9e-06

0.001209 9e-06

0.001206 9e-06

0.001198 2.1e-05

0.001197 1.1e-05

0.001231 9e-06

0.001209 9e-06

0.001201 1.3e-05

0.001204 1.2e-05

0.001279 1.5e-05

0.001229 1.1e-05

0.00125 1.1e-05

0.00126 2.7e-05

0.001229 1.1e-05

0.001206 8e-06

0.001219 1.3e-05

0.001184 8e-06

0.001204 1.6e-05

0.001195 1.1e-05

0.001206 7e-06

0.001201 1e-05

0.001214 1.3e-05

0.001227 1e-05

0.001207 1.1e-05

0.001222 9e-06

0.00123 9e-06

0.001198 8e-06

0.001214 1e-05

0.001222 1.2e-05

0.001204 1.1e-05

0.001194 9e-06

0.001237 1e-05

0.001186 1.1e-05

0.001207 1.5e-05

0.001181 1.2e-05

0.001242 1.1e-05

0.001257 9e-06

0.00123 9e-06

0.001221 9e-06

0.001226 1.1e-05

0.00122 9e-06

0.001213 1.1e-05

0.001189 1e-05

0.001207 1.1e-05

0.001187 1e-05

0.001212 1.3e-05

0.001197 1.3e-05

0.001203 8e-06

0.001222 1.1e-05

0.001245 1.5e-05

0.001227 9e-06

0.001213 1.2e-05

0.00119 1.4e-05

0.001203 1.3e-05

0.001192 9e-06

0.001229 9e-06

0.001195 9e-06

0.001202 1e-05

0.001233 1.2e-05

0.001208 9e-06

0.001224 1.3e-05

0.001238 9e-06

0.001212 9e-06

0.001235 1.4e-05

0.001236 1.5e-05

0.001205 9e-06

0.001201 1.1e-05

0.001231 1.1e-05

0.001197 1.5e-05

0.001202 9e-06

0.001181 1.2e-05

0.001214 9e-06

0.001194 1.1e-05

0.001204 1.3e-05

0.001198 1.1e-05

0.001217 1e-05

0.001231 1.2e-05

0.001316 1.4e-05

0.001194 1e-05

0.001198 1.1e-05

0.001196 1.4e-05

0.001212 9e-06

0.001202 1.1e-05

0.00121 1e-05

0.001195 1e-05

0.001234 8e-06

0.001198 9e-06

0.001216 1e-05

0.001195 1.1e-05

0.001203 1e-05

0.001191 1e-05

0.001213 7e-06

0.00119 1e-05

0.001197 1e-05

0.001208 8e-06

0.001206 1e-05

0.001192 8e-06

0.001205 1e-05

0.001204 8e-06

0.001209 9e-06

0.001205 9e-06

0.001245 1.1e-05

0.001196 1.2e-05

0.00121 1.3e-05

0.001224 1.5e-05

0.0012 9e-06

0.001192 1.4e-05

0.001236 1e-05

0.001194 1.1e-05

0.001218 1.3e-05

0.001196 1.3e-05

0.00121 1.2e-05

0.001196 1.5e-05

0.001211 1e-05

0.001202 1.2e-05

0.001201 8e-06

0.001184 1.1e-05

0.001222 9e-06

0.001196 1.2e-05

0.001195 1.3e-05

0.001199 1.5e-05

0.001201 1.2e-05

0.001197 1e-05

0.001202 1.3e-05

0.001201 1.4e-05

0.001208 1e-05

0.001251 8e-06

0.001196 8e-06

0.001195 1e-05

0.001212 1.1e-05

0.001193 1.3e-05

0.001192 8e-06

0.00119 1e-05

0.001199 8e-06

0.001186 1e-05

0.001239 9e-06

0.001218 9e-06

0.001214 8e-06

0.001198 8e-06

0.00121 1.3e-05

0.001188 1.3e-05

0.001217 1.1e-05

0.001191 1.1e-05

0.001204 9e-06

0.001216 7e-06

0.001295 1.1e-05

0.001196 7e-06

0.00124 9e-06

0.00119 8e-06

0.001202 1.2e-05

0.001219 1.1e-05

0.001235 9e-06

0.001203 1e-05

0.001232 1.1e-05

0.001191 1.1e-05

0.001213 1.3e-05

0.001197 9e-06

0.001208 1.1e-05

0.001193 8e-06

0.001205 1.1e-05

0.001187 1.2e-05

0.001227 7e-06

0.001249 1.1e-05

0.00124 1.1e-05

0.001224 1e-05

0.001208 1e-05

0.001196 9e-06

0.001204 1.4e-05

0.001212 1.4e-05

0.001212 1e-05

0.001196 1.5e-05

0.00123 1.1e-05

0.001206 1.3e-05

0.001204 1.2e-05

0.001197 1e-05

0.001237 1e-05

0.00123 1.5e-05

0.001209 9e-06

0.001202 7e-06

0.001211 1.2e-05

0.00119 1.2e-05

0.001202 9e-06

0.001183 1.1e-05

0.001204 9e-06

0.001189 1.2e-05

0.001209 1.3e-05

0.001284 1.1e-05

0.001344 1.4e-05

0.001242 1.2e-05

0.001214 1.3e-05

0.00122 9e-06

0.001234 1e-05

0.001195 9e-06

0.001212 1e-05

0.0012 1.2e-05

0.001205 1.3e-05

0.001207 9e-06

0.001207 1e-05

0.001204 1.1e-05

0.001201 1.3e-05

0.001269 1.2e-05

0.001235 1.4e-05

0.001244 1.6e-05

0.001244 1.1e-05

0.001246 1.2e-05

0.001218 1e-05

0.001197 1.1e-05

0.001216 1.2e-05

0.00119 9e-06

0.001214 1.1e-05

0.001205 1e-05

0.001205 2.6e-05

0.001212 1.3e-05

0.001297 1e-05

0.001233 9e-06

0.001256 1.4e-05

0.001224 1.1e-05

0.001248 1.4e-05

0.001208 1.2e-05

0.001205 1e-05

0.001203 1.7e-05

0.001202 1.3e-05

0.001202 1e-05

0.001206 1.1e-05

0.001237 1.1e-05

0.001214 7e-06

0.001199 1.2e-05

0.001226 1.3e-05

0.001196 9e-06

0.001219 1e-05

0.001203 1.2e-05

0.001201 1.3e-05

0.001196 9e-06

0.001206 9e-06

0.001201 1.2e-05

0.0012 1e-05

0.001194 1e-05

0.001202 8e-06

0.001208 9e-06

0.001248 8e-06

0.001263 1.2e-05

0.0012 9e-06

0.001226 1.2e-05

0.00123 8e-06

0.0012 9e-06

0.00121 7e-06

0.001224 9e-06

0.001207 1.1e-05

0.001225 1.1e-05

0.001208 1.1e-05

0.001199 1.2e-05

0.001204 7e-06

0.001222 1.7e-05

0.001224 9e-06

0.001226 1.2e-05

0.00123 9e-06

0.001193 1.2e-05

0.001243 1e-05

0.001189 1.1e-05

0.001208 1.1e-05

0.001197 1.2e-05

0.001219 9e-06

0.001205 3e-05

0.00121 1e-05

0.001206 7e-06

0.001287 1e-05

0.001248 1e-05

0.001197 1.3e-05

0.001206 1.5e-05

0.001211 1.2e-05

0.001219 1e-05

0.001209 1.2e-05

0.001194 1.4e-05

0.00121 7e-06

0.001196 1.3e-05

0.001265 9e-06

0.001191 1.3e-05

0.001282 1.2e-05

0.001242 9e-06

0.001241 1e-05

0.001243 1.4e-05

0.001291 1.1e-05

0.001194 9e-06

0.001206 1e-05

0.001235 9e-06

0.001198 1.4e-05

0.001201 1.1e-05

0.001209 1.2e-05

0.00119 1e-05

0.001213 1e-05

0.001185 1.1e-05

0.001201 1e-05

0.00125 1.1e-05

0.00127 1.1e-05

0.001225 1.4e-05

0.001204 1.5e-05

0.001198 8e-06

0.001233 7e-06

0.001195 9e-06

0.001208 1.3e-05

0.0012 9e-06

0.001206 1.1e-05

0.001234 1e-05

0.001212 1e-05

0.001223 9e-06

0.001249 1.2e-05

0.001193 1.2e-05

0.001213 1.3e-05

0.001255 1.2e-05

0.001214 1.2e-05

0.001208 1.1e-05

0.001234 9e-06

0.001202 1.3e-05

0.001209 9e-06

0.001233 9e-06

0.001193 1.4e-05

0.001188 9e-06

0.001209 9e-06

0.001203 1.4e-05

0.00121 1.3e-05

0.001231 1.3e-05

0.001195 1e-05

0.001188 1.2e-05

0.001204 1.2e-05

0.0012 1.2e-05

0.001203 1.2e-05

0.001205 1.3e-05

0.001205 1.2e-05

0.001189 1.1e-05

0.001197 1.1e-05

0.001229 9e-06

0.001208 1.1e-05

0.001197 1.4e-05

0.001207 1e-05

0.001194 1.1e-05

0.001201 9e-06

0.001192 9e-06

0.001211 1e-05

0.001233 1e-05

0.001199 1.1e-05

0.001197 1.1e-05

0.001211 8e-06

0.001196 9e-06

0.001216 9e-06

0.001214 1.2e-05

0.001202 1.3e-05

0.001207 1e-05

0.001206 9e-06

0.001199 1.4e-05

0.001215 1.2e-05

0.001194 8e-06

0.001202 1.3e-05

0.001204 9e-06

0.001243 1.2e-05

0.00124 8e-06

0.001234 7e-06

0.001228 8e-06

0.001207 1.1e-05

0.001179 1.4e-05

0.001211 1e-05

0.001219 1.6e-05

0.001243 8e-06

0.0012 1e-05

0.001216 1.4e-05

0.001201 1.3e-05

0.001234 9e-06

0.00119 1.1e-05

0.001202 1e-05

0.001194 1.2e-05

0.00121 8e-06

0.001221 1.1e-05

0.001201 1.2e-05

0.0012 1.1e-05

0.001197 7e-06

0.001189 8e-06

0.001201 1e-05

0.001258 1e-05

0.001214 9e-06

0.001191 1.2e-05

0.001268 1.2e-05

0.001204 9e-06

0.001237 1e-05

0.00126 8e-06

0.001201 9e-06

0.001197 9e-06

0.001224 1e-05

0.001193 8e-06

0.001235 1e-05

0.001212 1e-05

0.001205 1.2e-05

0.001191 1.1e-05

0.00121 1.3e-05

0.001196 1e-05

0.001203 1.3e-05

0.001202 1.1e-05

0.001242 1.2e-05

0.001202 8e-06

0.00124 1.5e-05

0.001197 9e-06

0.001201 1.2e-05

0.001204 9e-06

0.001204 1e-05

0.001215 9e-06

0.001211 1.1e-05

0.001197 9e-06

0.001196 1.2e-05

0.001279 1.1e-05

0.001233 1e-05

0.001207 1e-05

0.001204 1e-05

0.001187 8e-06

0.001272 1e-05

0.001197 1e-05

0.00121 1.4e-05

0.001192 1.3e-05

0.001197 1.1e-05

0.001187 1.2e-05

0.001307 8e-06

0.001235 1e-05

0.001252 1.3e-05

0.001218 1.1e-05

0.001235 1e-05

0.001193 7e-06

0.00121 9e-06

0.001194 9e-06

0.001208 8e-06

0.001201 9e-06

0.001212 1.1e-05

0.001201 1.4e-05

0.001204 8e-06

0.001225 1.2e-05

0.001197 7e-06

0.001227 1.1e-05

0.001271 1.1e-05

0.001189 8e-06

0.001201 8e-06

0.001193 1.1e-05

0.001205 1.1e-05

0.00119 1.1e-05

0.001201 8e-06

0.001194 1.1e-05

0.001205 1.1e-05

0.001189 1e-05

0.001242 1e-05

0.001262 9e-06

0.001203 8e-06

0.00119 9e-06

0.001239 9e-06

0.001204 7e-06

0.001208 9e-06

0.001225 1.1e-05

0.001209 1.3e-05

0.001203 1e-05

0.001206 7e-06

0.00118 9e-06

0.001199 9e-06

0.001253 1.3e-05

0.001237 1e-05

0.001189 1.3e-05

0.001203 1.3e-05

0.001197 1.2e-05

0.001206 9e-06

0.001195 1.3e-05

0.001214 1.3e-05

0.001198 1.1e-05

0.001234 1.1e-05

0.001196 9e-06

0.001204 1.3e-05

0.001228 1.1e-05

0.001204 1.1e-05

0.001203 1.1e-05

0.0012 9e-06

0.001196 1.5e-05

0.001211 1.2e-05

0.001248 7e-06

0.001204 1.2e-05

0.001195 1.3e-05

0.001206 1.1e-05

0.001199 9e-06

0.001203 9e-06

0.001207 1e-05

0.001234 9e-06

0.001229 8e-06

0.001242 1.1e-05

0.001229 1.1e-05

0.0012 1e-05

0.001187 6e-06

0.001211 8e-06

0.001193 1.1e-05

0.001229 8e-06

0.001197 9e-06

0.001203 9e-06

0.001225 1e-05

0.00122 1.1e-05

0.001244 1.4e-05

0.001238 1.1e-05

0.001212 1.2e-05

0.001235 1.2e-05

0.001205 1.4e-05

0.001219 9e-06

0.0012 7e-06

0.00126 1e-05

0.001198 9e-06

0.001211 1.3e-05

0.001199 9e-06

0.001203 9e-06

0.001202 1e-05

0.001236 1.2e-05

0.001201 1.1e-05

0.001223 1e-05

0.001258 9e-06

0.001211 1e-05

0.001262 8e-06

0.001199 1.1e-05

0.001202 8e-06

0.001198 1e-05

0.001213 1.6e-05

0.001211 1.1e-05

0.001211 1.1e-05

0.001241 1.1e-05

0.001207 1e-05

0.001225 1.1e-05

0.001198 8e-06

0.001204 1.1e-05

0.001195 1.2e-05

0.001202 1.1e-05

0.001188 1.1e-05

0.001205 1.4e-05

0.001198 1.3e-05

0.001218 1.1e-05

0.001198 1.2e-05

0.001203 1e-05

0.0012 1.4e-05

0.001204 1.2e-05

0.001227 8e-06

0.001223 8e-06

0.001198 1.1e-05

0.001205 1.5e-05

0.001184 1.2e-05

0.001202 1.1e-05

0.001188 1.2e-05

0.001213 2.2e-05

0.001235 1e-05

0.001202 1e-05

0.001277 1.5e-05

0.001262 1e-05

0.001188 1.1e-05

0.00123 8e-06

0.001189 1.3e-05

0.001208 1.2e-05

0.001206 1e-05

0.001252 1.2e-05

0.001218 1.1e-05

0.001212 1.1e-05

0.001193 1.2e-05

0.001208 1e-05

0.001197 2.7e-05

0.001199 9e-06

0.001201 1.1e-05

0.001206 8e-06

0.001207 1.2e-05

0.00123 1.2e-05

0.001196 7e-06

0.001187 9e-06

0.001196 1e-05

0.001207 1.4e-05

0.001202 1.4e-05

0.0012 1.3e-05

0.00119 9e-06

0.001267 1.4e-05

0.001206 1.2e-05

0.001224 1.5e-05

0.001231 1.3e-05

0.001206 1.2e-05

0.001199 1e-05

0.001192 1.1e-05

0.001194 1e-05

0.0012 9e-06

0.001225 1.1e-05

0.001196 9e-06

0.001255 1.2e-05

0.001202 1e-05

0.001195 1e-05

0.001244 1e-05

0.0012 1.2e-05

0.001208 9e-06

0.001195 1.1e-05

0.001225 1.1e-05

0.001194 1e-05

0.001206 1.1e-05

0.001198 1.2e-05

0.001194 9e-06

0.001204 7e-06

0.001198 9e-06

0.001207 1.1e-05

0.0012 9e-06

0.001288 1e-05

0.001226 1.1e-05

0.001196 1e-05

0.001213 1e-05

0.001218 1.4e-05

0.001213 1.1e-05

0.001187 1e-05

0.001201 1.1e-05

0.001205 1.1e-05

0.001226 1.1e-05

0.0012 9e-06

0.001211 1e-05

0.001225 1.5e-05

0.001236 1e-05

0.001202 9e-06

0.001208 1.1e-05

0.001269 1.1e-05

0.001209 1.1e-05

0.001189 1.4e-05

0.001201 9e-06

0.001189 8e-06

0.001184 1.1e-05

0.001183 1.1e-05

0.001208 9e-06

0.001225 9e-06

0.001286 1e-05

0.001226 8e-06

0.001234 1e-05

0.001199 1.2e-05

0.001188 1e-05

0.00119 9e-06

0.001187 9e-06

0.001197 1.3e-05

0.001198 1.3e-05

0.001189 1e-05

0.001191 9e-06

0.001187 1e-05

0.001194 1e-05

0.001205 1e-05

0.001209 1.2e-05

0.001188 1e-05

0.001251 1.3e-05

0.001194 1.2e-05

0.00121 1e-05

0.001185 9e-06

0.00121 1.2e-05

0.001188 9e-06

0.001219 1e-05

0.001192 7e-06

0.001202 7e-06

0.001226 1e-05

0.001237 1e-05

0.001213 1.2e-05

0.001209 1.3e-05

0.001185 1.2e-05

0.001203 1.3e-05

0.001203 1.1e-05

0.001204 9e-06

0.001194 1.1e-05

0.001236 1.1e-05

0.001199 1.1e-05

0.001197 8e-06

0.001192 9e-06

0.001205 1.3e-05

0.001202 1.1e-05

0.001196 1.1e-05

0.001197 1.1e-05

0.001187 1.1e-05

0.001221 9e-06

0.0012 1e-05

0.001194 8e-06

0.001201 1.4e-05

0.001188 1e-05

0.001234 8e-06

0.001218 1.5e-05

0.001229 1.5e-05

0.001234 1.5e-05

0.001222 1.4e-05

0.001196 1.5e-05

0.001202 1.5e-05

0.001193 1e-05

0.001201 1.4e-05

0.001236 9e-06

0.001201 1e-05

0.001197 1.2e-05

0.00121 9e-06

0.001177 1e-05

0.001241 9e-06

0.001198 9e-06

0.001208 1e-05

0.001195 1.1e-05

0.001201 9e-06

0.001214 8e-06

0.001262 1.1e-05

0.001189 1e-05

0.001209 1.1e-05

0.001212 9e-06

0.001221 8e-06

0.001188 1.1e-05

0.001194 1.1e-05

0.001196 9e-06

0.001194 1e-05

0.001193 1.1e-05

0.001196 1.1e-05

0.001185 8e-06

0.001196 8e-06

0.001204 9e-06

0.001196 9e-06

0.001205 8e-06

0.001254 8e-06

0.001187 1.3e-05

0.001189 1.3e-05

0.001223 1.4e-05

0.001242 9e-06

0.001212 1.1e-05

0.001238 9e-06

0.001187 1.3e-05

0.001207 8e-06

0.001209 9e-06

0.001202 1e-05

0.001189 1.4e-05

0.00121 9e-06

0.001195 9e-06

0.001204 1e-05

0.001197 9e-06

0.001241 9e-06

0.001214 1e-05

0.001262 8e-06

0.001181 1e-05

0.001206 7e-06

0.001191 1.2e-05

0.001196 1.1e-05

0.001199 1e-05

0.001206 1.9e-05

0.001267 1.3e-05

0.001199 9e-06

0.001215 9e-06

0.001232 1.4e-05

0.001233 1.2e-05

0.001231 1.5e-05

0.001222 8e-06

0.001212 1.1e-05

0.001188 1.1e-05

0.001201 1.1e-05

0.001197 1.2e-05

0.001229 1.2e-05

0.001209 1.2e-05

0.001199 1e-05

0.001193 7e-06

0.001211 1.3e-05

0.00122 1.1e-05

0.001196 1.4e-05

0.001194 1.4e-05

0.001202 1.3e-05

0.001224 8e-06

0.001194 1.5e-05

0.001194 8e-06

0.001199 1.4e-05

0.001194 1.4e-05

0.001202 1.2e-05

0.001228 1.4e-05

0.001269 1.6e-05

0.001196 9e-06

0.001268 1.3e-05

0.001225 1.2e-05

0.001238 9e-06

0.0012 1.2e-05

0.001209 1.1e-05

0.001196 1.1e-05

0.001194 8e-06

0.001203 9e-06

0.001208 1e-05

0.001217 1.1e-05

0.001199 1.2e-05

0.00119 1.1e-05

0.001205 9e-06

0.001221 9e-06

0.001258 1.5e-05

0.001215 1e-05

0.001201 1.1e-05

0.0012 9e-06

0.0012 1.1e-05

0.0012 1.3e-05

0.001208 1.2e-05

0.001191 1.5e-05

0.001202 1.6e-05

0.001196 8e-06

0.001205 1.1e-05

0.001185 1.3e-05

0.001204 1.1e-05

0.001229 1.3e-05

0.001198 1.1e-05

0.001194 1.3e-05

0.001194 1e-05

0.001195 8e-06

0.001201 1e-05

0.001202 9e-06

0.001192 9e-06

0.001206 8e-06

0.001212 1.1e-05

0.001202 8e-06

0.001205 1.2e-05

0.001264 1.4e-05

0.001211 1.4e-05

0.001234 1.1e-05

0.001205 9e-06

0.00119 1.4e-05

0.001214 1.3e-05

0.001196 1.2e-05

0.001195 1.4e-05

0.00119 9e-06

0.001201 1.4e-05

0.001208 1.3e-05

0.001274 1e-05

0.001212 9e-06

0.001234 1.3e-05

0.001202 1.1e-05

0.0012 1e-05

0.001226 9e-06

0.001201 1.4e-05

0.001207 1e-05

0.001196 1.5e-05

0.001248 1.4e-05

0.001222 1.5e-05

0.001228 1e-05

0.001212 1e-05

0.001202 1e-05

0.001208 1.2e-05

0.001227 1e-05

0.001294 1.4e-05

0.001192 1.2e-05

0.001237 1e-05

0.001183 9e-06

0.001206 1e-05

0.001196 1.1e-05

0.001201 1.1e-05

0.001204 1.4e-05

0.001204 9e-06

0.001195 1.3e-05

0.001207 1.5e-05

0.001258 1.1e-05

0.001234 1e-05

0.001198 1.4e-05

0.001211 8e-06

0.001202 9e-06

0.001235 1.1e-05

0.001186 1e-05

0.001206 9e-06

0.001197 1.2e-05

0.001261 8e-06

0.001186 9e-06

0.00121 1.2e-05

0.001212 1.1e-05

0.001196 9e-06

0.001192 1e-05

0.001202 1.1e-05

0.001209 1.2e-05

0.001206 1e-05

0.001221 9e-06

0.0012 9e-06

0.001192 8e-06

0.001227 1.3e-05

0.001195 1.2e-05

0.001213 1.1e-05

0.001214 1e-05

0.001239 1.2e-05

0.00123 8e-06

0.001259 7e-06

0.001199 9e-06

0.0012 1.2e-05

0.001197 9e-06

0.00119 8e-06

0.001215 9e-06

0.001206 1e-05

0.001203 8e-06

0.001197 1e-05

0.001207 1.4e-05

0.001206 1.2e-05

0.00119 1.4e-05

0.001212 1e-05

0.001188 1.2e-05

0.001197 8e-06

0.001227 1.2e-05

0.001208 8e-06

0.001192 1e-05

0.001209 1.4e-05

0.001201 1.3e-05

0.001211 1.3e-05

0.001283 1e-05

0.001201 1.2e-05

0.001227 8e-06

0.001205 1.1e-05

0.001194 1.1e-05

0.001201 1e-05

0.001193 1.5e-05

0.001192 9e-06

0.00119 1e-05

0.001261 1e-05

0.001186 2.5e-05

0.001207 1e-05

0.001178 2.8e-05

0.001205 1e-05

0.001219 1.2e-05

0.001234 1.2e-05

0.001195 1.2e-05

0.001198 8e-06

0.001238 1.5e-05

0.001235 8e-06

0.001193 1.1e-05

0.001195 9e-06

0.00119 9e-06

0.001197 1.2e-05

0.001188 1e-05

0.00123 1.3e-05

0.001191 1.1e-05

0.001208 1e-05

0.001221 1.2e-05

0.001232 1.2e-05

0.001235 1.2e-05

0.001195 1.3e-05

