0.017164 1.5e-05

0.01691 1.6e-05

0.016862 1.6e-05

0.017051 2.4e-05

0.017201 2.3e-05

0.017212 2.1e-05

0.016912 2.2e-05

0.016703 1.7e-05

0.017425 1.8e-05

0.016846 2.3e-05

0.016709 1.7e-05

0.016824 1.6e-05

0.016693 1.7e-05

0.016781 2e-05

0.016542 2.2e-05

0.01673 1.9e-05

0.01671 1.7e-05

0.016566 1.8e-05

0.016676 1.5e-05

0.016648 2e-05

0.016883 2.1e-05

0.016528 2.2e-05

0.016607 1.4e-05

0.016785 2.2e-05

0.016785 1.3e-05

0.017111 1.7e-05

0.016689 1.5e-05

0.016614 1.5e-05

0.016825 2.2e-05

0.017255 1.7e-05

0.016895 1.7e-05

0.017053 2.1e-05

0.016803 1.3e-05

0.016686 1.9e-05

0.017164 1.8e-05

0.01664 1.4e-05

0.016643 1.8e-05

0.016789 2e-05

0.016594 2.1e-05

0.017002 1.6e-05

0.017055 1.9e-05

0.016517 1.9e-05

0.016654 1.6e-05

0.017116 1.7e-05

0.016594 1.7e-05

0.016916 2.1e-05

0.016691 1.9e-05

0.016763 1.6e-05

0.016669 2.2e-05

0.016889 2.5e-05

0.016689 2e-05

0.016846 1.4e-05

0.016645 1.5e-05

0.016955 2e-05

0.016752 1.8e-05

0.016837 1.9e-05

0.017181 1.8e-05

0.016707 1.7e-05

0.017071 2.2e-05

0.016689 1.7e-05

0.016635 1.8e-05

0.016624 2.1e-05

0.016597 2.1e-05

0.016652 1.9e-05

0.01675 1.5e-05

0.016601 2.2e-05

0.016654 1.6e-05

0.01669 2.1e-05

0.016798 1.8e-05

0.016581 2e-05

0.016989 1.9e-05

0.016588 1.7e-05

0.016723 1.7e-05

0.017012 1.7e-05

0.016659 1.6e-05

0.01661 1.5e-05

0.016657 2.5e-05

0.01681 1.6e-05

0.016681 1.9e-05

0.016592 2.1e-05

0.016983 1.9e-05

0.01679 2e-05

0.017269 2.2e-05

0.016605 2.1e-05

0.016775 1.7e-05

0.016769 1.6e-05

0.017087 2.3e-05

0.016847 2.2e-05

0.016617 1.8e-05

0.016766 2.1e-05

0.0171 1.8e-05

0.016853 1.7e-05

0.016647 1.8e-05

0.017063 2.1e-05

0.016494 1.9e-05

0.016754 1.6e-05

0.016606 1.9e-05

0.017124 2.2e-05

0.016622 2e-05

0.016687 1.7e-05

0.016657 1.7e-05

0.016848 1.8e-05

0.016747 2.2e-05

0.016724 2.3e-05

0.016814 1.3e-05

0.016736 2e-05

0.016782 1.5e-05

0.016631 2.5e-05

0.016825 2e-05

0.016601 1.8e-05

0.017037 1.9e-05

0.01659 1.8e-05

0.017425 2e-05

0.016668 1.7e-05

0.016549 1.4e-05

0.01701 1.7e-05

0.01665 1.9e-05

0.016598 1.4e-05

0.016594 1.8e-05

0.016693 2e-05

0.016965 1.5e-05

0.016646 1.6e-05

0.016659 1.5e-05

0.016698 2.2e-05

0.016761 1.5e-05

0.016972 1.7e-05

0.01663 1.8e-05

0.017324 1.6e-05

0.016652 1.3e-05

0.016746 1.6e-05

0.016692 1.9e-05

0.016785 2.9e-05

0.017082 1.6e-05

0.016666 2.2e-05

0.016915 1.5e-05

0.016671 1.8e-05

0.016606 2.4e-05

0.016888 2.3e-05

0.01685 1.8e-05

0.016848 2.2e-05

0.016693 2.3e-05

0.016703 1.7e-05

0.016634 1.9e-05

0.016531 1.6e-05

0.016645 1.6e-05

0.016983 2.2e-05

0.01664 1.7e-05

0.016655 2e-05

0.01659 1.9e-05

0.016643 1.7e-05

0.01683 1.9e-05

0.017047 2e-05

0.016654 1.6e-05

0.016704 2.4e-05

0.017143 1.9e-05

0.016793 2.2e-05

0.016874 2.1e-05

0.017176 1.7e-05

0.016587 1.7e-05

0.016719 1.7e-05

0.016787 1.6e-05

0.016973 2.2e-05

0.016612 1.7e-05

0.016914 1.9e-05

0.016601 2.1e-05

0.016596 1.9e-05

0.016618 2.1e-05

0.017076 1.6e-05

0.016618 2.1e-05

0.016598 2.1e-05

0.01673 2.2e-05

0.016868 2.2e-05

0.016835 2e-05

0.016747 1.6e-05

0.016723 2.1e-05

0.016819 1.6e-05

0.017077 1.3e-05

0.016659 2.2e-05

0.016686 1.8e-05

0.017138 1.9e-05

0.016668 1.9e-05

0.016773 2.3e-05

0.01709 1.8e-05

0.017115 1.7e-05

0.01694 1.3e-05

0.016575 1.4e-05

0.016868 1.8e-05

0.016603 1.9e-05

0.01668 1.8e-05

0.016694 1.6e-05

0.016501 1.7e-05

0.0166 1.9e-05

0.017226 1.7e-05

0.016796 1.8e-05

0.01701 1.4e-05

0.01679 1.9e-05

0.017094 1.8e-05

0.016563 1.9e-05

0.016651 1.7e-05

0.016677 2e-05

0.016668 1.5e-05

0.016674 2.1e-05

0.01684 1.8e-05

0.016706 2.2e-05

0.017183 1.9e-05

0.016686 2e-05

0.016675 1.9e-05

0.017183 1.9e-05

0.016682 2.5e-05

0.01656 1.8e-05

0.01668 1.8e-05

0.016808 1.5e-05

0.016822 1.6e-05

0.016645 1.6e-05

0.016595 1.5e-05

0.016776 2.1e-05

0.016691 2.1e-05

0.016824 2e-05

0.016607 1.5e-05

0.016683 2.4e-05

0.01673 1.8e-05

0.016725 2.2e-05

0.016617 2.3e-05

0.016727 2e-05

0.016566 2e-05

0.016681 1.6e-05

0.016616 1.2e-05

0.016838 1.6e-05

0.016712 1.6e-05

0.016575 2.3e-05

0.016707 1.8e-05

0.016798 1.5e-05

0.016784 1.9e-05

0.016837 1.4e-05

0.01676 1.5e-05

0.016895 2.1e-05

0.016622 2.3e-05

0.017181 1.9e-05

0.01692 1.9e-05

0.016525 1.6e-05

0.016897 2e-05

0.016508 1.8e-05

0.0168 1.5e-05

0.016966 2e-05

0.016677 1.5e-05

0.016768 1.6e-05

0.016707 2.1e-05

0.016538 1.8e-05

0.016653 2.3e-05

0.016626 1.9e-05

0.016682 1.9e-05

0.016717 1.9e-05

0.016954 1.8e-05

0.017171 1.9e-05

0.01668 1.9e-05

0.01676 1.8e-05

0.01677 1.7e-05

0.016696 1.6e-05

0.016832 1.9e-05

0.016796 1.9e-05

0.016674 2e-05

0.016729 2e-05

0.016543 2.1e-05

0.016624 1.9e-05

0.016854 1.9e-05

0.01657 1.6e-05

0.01675 1.9e-05

0.016603 1.6e-05

0.016656 1.6e-05

0.016709 1.9e-05

0.016774 1.9e-05

0.016568 1.7e-05

0.016763 1.7e-05

0.016656 2.5e-05

0.016541 2e-05

0.016713 1.8e-05

0.016754 1.5e-05

0.017129 1.6e-05

0.016846 2.3e-05

0.016732 1.8e-05

0.016903 1.8e-05

0.016632 1.7e-05

0.017115 1.9e-05

0.017086 2.2e-05

0.016946 1.8e-05

0.016741 1.8e-05

0.016645 1.8e-05

0.016505 1.8e-05

0.016553 1.7e-05

0.016754 1.7e-05

0.016835 1.7e-05

0.016549 1.6e-05

0.016699 2.1e-05

0.016646 1.6e-05

0.016623 1.8e-05

0.016458 2.3e-05

0.016607 1.3e-05

0.016618 2.1e-05

0.016787 1.8e-05

0.017144 2.2e-05

0.016689 1.7e-05

0.016706 1.7e-05

0.016708 1.7e-05

0.016904 2.2e-05

0.016755 1.7e-05

0.016891 2.2e-05

0.016828 1.3e-05

0.016701 2e-05

0.016679 1.9e-05

0.016674 1.9e-05

0.01667 1.6e-05

0.016739 1.8e-05

0.01657 1.5e-05

0.01704 2.7e-05

0.016497 2.2e-05

0.016631 2.2e-05

0.016745 2e-05

0.016602 1.7e-05

0.016704 1.7e-05

0.016664 1.8e-05

0.016754 2.1e-05

0.016823 1.6e-05

0.01671 1.8e-05

0.016795 2.4e-05

0.01665 1.5e-05

0.017088 1.8e-05

0.016545 1.4e-05

0.016552 1.5e-05

0.016621 2.1e-05

0.016672 1.6e-05

0.016823 1.5e-05

0.016683 1.9e-05

0.016716 1.5e-05

0.016721 2e-05

0.016751 2.3e-05

0.016701 1.7e-05

0.016717 2.6e-05

0.016843 1.9e-05

0.016789 1.8e-05

0.016574 2e-05

0.016654 2e-05

0.016612 2e-05

0.01685 2.1e-05

0.016665 1.7e-05

0.017026 2.3e-05

0.016614 1.7e-05

0.016754 2.1e-05

0.016659 2e-05

0.016719 2.4e-05

0.016611 2e-05

0.017072 1.6e-05

0.016661 1.8e-05

0.016759 2.3e-05

0.016861 1.7e-05

0.016772 1.8e-05

0.016609 1.8e-05

0.016933 1.4e-05

0.016862 2e-05

0.01674 1.7e-05

0.017237 1.8e-05

0.016784 1.7e-05

0.017303 2.2e-05

0.016653 1.8e-05

0.016755 2e-05

0.016788 1.7e-05

0.016736 1.6e-05

0.016697 2.2e-05

0.016578 1.6e-05

0.01671 2.1e-05

0.017021 1.9e-05

0.016646 1.9e-05

0.01655 2.1e-05

0.017008 1.9e-05

0.016939 1.6e-05

0.016701 1.6e-05

0.016552 1.8e-05

0.016811 1.7e-05

0.016697 1.6e-05

0.0168 2e-05

0.016583 2.1e-05

0.01667 1.8e-05

0.01686 2.3e-05

0.017629 2.2e-05

0.016687 1.7e-05

0.016772 2.2e-05

0.016643 1.8e-05

0.017304 2.2e-05

0.016748 1.7e-05

0.016663 1.6e-05

0.01669 2.2e-05

0.016693 1.7e-05

0.016761 2.1e-05

0.016946 1.8e-05

0.016557 2e-05

0.016793 2.1e-05

0.016632 1.6e-05

0.016593 2.1e-05

0.016557 1.8e-05

0.016938 1.8e-05

0.017226 2.2e-05

0.016665 2e-05

0.017002 1.6e-05

0.016635 2.4e-05

0.01682 2.3e-05

0.01724 2.5e-05

0.016658 2.4e-05

0.017092 1.6e-05

0.01668 2.2e-05

0.016875 2.1e-05

0.016669 2e-05

0.017112 1.6e-05

0.016619 1.7e-05

0.016738 1.9e-05

0.017042 1.6e-05

0.016611 1.8e-05

0.016812 1.5e-05

0.016663 2e-05

0.016631 1.8e-05

0.017124 1.9e-05

0.016659 1.5e-05

0.01659 1.7e-05

0.016709 1.9e-05

0.016521 1.6e-05

0.016713 2e-05

0.016977 2.1e-05

0.016875 1.9e-05

0.016487 2.1e-05

0.016746 1.4e-05

0.016548 1.6e-05

0.016788 1.5e-05

0.016693 1.5e-05

0.016738 2.2e-05

0.016671 2.3e-05

0.016891 2e-05

0.016707 1.9e-05

0.016768 2.3e-05

0.017192 1.5e-05

0.017183 1.9e-05

0.017186 1.8e-05

0.016854 1.4e-05

0.016709 1.7e-05

0.016682 2e-05

0.016654 2e-05

0.016754 2e-05

0.01673 1.7e-05

0.016647 1.8e-05

0.016704 2.3e-05

0.016643 1.9e-05

0.016825 1.5e-05

0.01653 1.8e-05

0.017109 1.9e-05

0.01687 2.3e-05

0.017 1.6e-05

0.016854 1.6e-05

0.016814 2.1e-05

0.016667 1.7e-05

0.017292 2.1e-05

0.016689 2.6e-05

0.017145 1.8e-05

0.016663 2e-05

0.016626 1.6e-05

0.016814 1.4e-05

0.016819 1.5e-05

0.017051 2.1e-05

0.016916 1.7e-05

0.017114 2.1e-05

0.016577 3e-05

0.016722 1.8e-05

0.01663 2e-05

0.016613 2e-05

0.016845 1.5e-05

0.016443 1.5e-05

0.016845 1.6e-05

0.016679 1.7e-05

0.016609 2.4e-05

0.016575 1.8e-05

0.016727 2.2e-05

0.016892 2e-05

0.016584 1.6e-05

0.016717 1.9e-05

0.01665 2.1e-05

0.016677 1.9e-05

0.016662 1.9e-05

0.016664 1.7e-05

0.016634 1.9e-05

0.016639 2.3e-05

0.017022 1.6e-05

0.016647 2e-05

0.016685 2e-05

0.016772 1.6e-05

0.016798 2.2e-05

0.017081 1.7e-05

0.01672 2.4e-05

0.017084 2.2e-05

0.016669 2.1e-05

0.016712 1.7e-05

0.016657 2e-05

0.016796 2.4e-05

0.016777 1.8e-05

0.016716 1.6e-05

0.016734 1.9e-05

0.016661 2.2e-05

0.016944 2.2e-05

0.017093 1.8e-05

0.016683 2e-05

0.017065 1.6e-05

0.016653 2.5e-05

0.017095 2.2e-05

0.016791 1.9e-05

0.01666 1.7e-05

0.016637 1.7e-05

0.016627 1.7e-05

0.017175 2.1e-05

0.016728 1.9e-05

0.016707 1.7e-05

0.016674 1.7e-05

0.016638 2e-05

0.016806 1.9e-05

0.017035 2.1e-05

0.017225 2.3e-05

0.016664 1.9e-05

0.016647 2.4e-05

0.017018 2.4e-05

0.016705 2e-05

0.016762 2.1e-05

0.016639 1.9e-05

0.017055 2e-05

0.016919 1.8e-05

0.016918 1.7e-05

0.016796 2.5e-05

0.016692 2.1e-05

0.016688 1.4e-05

0.016486 1.3e-05

0.016683 2e-05

0.01674 2.2e-05

0.016961 1.8e-05

0.016965 2.4e-05

0.016729 1.9e-05

0.016729 1.9e-05

0.016833 2.2e-05

0.016627 1.7e-05

0.017118 1.5e-05

0.016757 1.8e-05

0.016647 2.1e-05

0.016696 2.3e-05

0.017 2.1e-05

0.016711 1.5e-05

0.016843 2.5e-05

0.016859 1.8e-05

0.016499 1.9e-05

0.016952 1.8e-05

0.016595 1.8e-05

0.016587 2.2e-05

0.017072 1.9e-05

0.016528 1.2e-05

0.016801 1.5e-05

0.016663 1.8e-05

0.016672 1.6e-05

0.016534 1.8e-05

0.01672 2.1e-05

0.017055 1.6e-05

0.017085 2.3e-05

0.016721 2.1e-05

0.016706 2e-05

0.016853 1.6e-05

0.017149 2e-05

0.027478 2.1e-05

0.016589 1.9e-05

0.016627 1.9e-05

0.016994 1.8e-05

0.016837 1.5e-05

0.016718 1.7e-05

0.016835 1.9e-05

0.01664 1.4e-05

0.016862 2.2e-05

0.016564 2.5e-05

0.017037 2.2e-05

0.016711 1.8e-05

0.016644 2.4e-05

0.016676 2e-05

0.017046 1.9e-05

0.016649 2.1e-05

0.016609 2e-05

0.017173 1.9e-05

0.016548 1.3e-05

0.016571 1.9e-05

0.016672 2e-05

0.016785 1.6e-05

0.016651 1.4e-05

0.016766 1.8e-05

0.016723 1.4e-05

0.016779 1.7e-05

0.016666 2.3e-05

0.01704 1.5e-05

0.016826 1.5e-05

0.016688 2.2e-05

0.016859 1.8e-05

0.016712 2.1e-05

0.016689 1.7e-05

0.017258 1.7e-05

0.016684 1.6e-05

0.016607 1.7e-05

0.017012 1.9e-05

0.016661 1.5e-05

0.016732 1.9e-05

0.016588 1.6e-05

0.016674 1.9e-05

0.017103 1.5e-05

0.016777 1.8e-05

0.016781 2.3e-05

0.01657 2e-05

0.016646 2.2e-05

0.016825 1.5e-05

0.016689 1.9e-05

0.016776 1.7e-05

0.016738 2.1e-05

0.016602 2.1e-05

0.01683 1.8e-05

0.016699 2.1e-05

0.016635 2e-05

0.016779 1.9e-05

0.016783 1.6e-05

0.016742 1.6e-05

0.016732 1.6e-05

0.016788 1.6e-05

0.016655 2.2e-05

0.016725 1.7e-05

0.016755 1.7e-05

0.016565 2.1e-05

0.016751 1.7e-05

0.016663 1.4e-05

0.016948 1.8e-05

0.016617 2e-05

0.016674 1.6e-05

0.016829 1.7e-05

0.01662 2e-05

0.016802 1.9e-05

0.016588 2.3e-05

0.016819 2.3e-05

0.016608 1.5e-05

0.016652 1.5e-05

0.016526 1.6e-05

0.016577 1.3e-05

0.016809 1.8e-05

0.016639 1.6e-05

0.016687 1.9e-05

0.016832 2.2e-05

0.016641 2.1e-05

0.016969 1.7e-05

0.016613 1.7e-05

0.016791 2.2e-05

0.016684 2.2e-05

0.017001 1.9e-05

0.016661 2.1e-05

0.016512 1.9e-05

0.016955 1.8e-05

0.016494 2.3e-05

0.016773 2.1e-05

0.016767 1.6e-05

0.016736 1.7e-05

0.016639 1.8e-05

0.016648 2.2e-05

0.016697 2e-05

0.016646 1.7e-05

0.01675 2.1e-05

0.016642 1.5e-05

0.016654 1.9e-05

0.016641 1.6e-05

0.016661 1.6e-05

0.016837 2.2e-05

0.016743 1.8e-05

0.016818 2.7e-05

0.016775 2.6e-05

0.017211 1.8e-05

0.017179 2.2e-05

0.017096 2e-05

0.016751 2.1e-05

0.016666 1.6e-05

0.01674 2.1e-05

0.017144 1.9e-05

0.016823 1.6e-05

0.016939 2.3e-05

0.016632 1.6e-05

0.016651 1.6e-05

0.016625 1.4e-05

0.017265 1.8e-05

0.016594 1.8e-05

0.016989 2e-05

0.016542 1.4e-05

0.016661 1.6e-05

0.016677 1.5e-05

0.016794 2.1e-05

0.016803 1.6e-05

0.016576 2.3e-05

0.016641 1.4e-05

0.016996 1.7e-05

0.016704 1.2e-05

0.016723 1.5e-05

0.016763 1.5e-05

0.01668 2.1e-05

0.016825 1.7e-05

0.017001 2.2e-05

0.01673 1.4e-05

0.016645 1.5e-05

0.016852 1.4e-05

0.017098 2.4e-05

0.01664 1.7e-05

0.016721 1.5e-05

0.016771 2.3e-05

0.017041 1.9e-05

0.016637 2.1e-05

0.016846 2.2e-05

0.016735 1.9e-05

0.017183 2e-05

0.016892 1.9e-05

0.017013 2.2e-05

0.016666 1.5e-05

0.016655 1.6e-05

0.016639 1.6e-05

0.016675 2.5e-05

0.017062 1.4e-05

0.017201 1.8e-05

0.017351 1.8e-05

0.01688 1.8e-05

0.016641 1.6e-05

0.017224 1.3e-05

0.017106 2.3e-05

0.016864 2e-05

0.017076 1.5e-05

0.016634 2.2e-05

0.016634 1.6e-05

0.017102 2.6e-05

0.016642 2.1e-05

0.016956 1.7e-05

0.016669 2.2e-05

0.017422 1.7e-05

0.01667 1.7e-05

0.016759 1.4e-05

0.017183 2e-05

0.016666 1.9e-05

0.01677 1.8e-05

0.016473 1.5e-05

0.016828 1.9e-05

0.016701 2.1e-05

0.016518 1.6e-05

0.016672 1.4e-05

0.016605 1.8e-05

0.017124 1.8e-05

0.016578 1.6e-05

0.016647 1.3e-05

0.016729 1.7e-05

0.016925 1.9e-05

0.016787 1.9e-05

0.016803 1.7e-05

0.01673 2.2e-05

0.016921 2.7e-05

0.016672 2.5e-05

0.017147 1.9e-05

0.016634 1.9e-05

0.017097 1.8e-05

0.016537 1.7e-05

0.016725 2.1e-05

0.017098 1.8e-05

0.017115 2.2e-05

0.016768 1.3e-05

0.016814 1.5e-05

0.017121 1.7e-05

0.016522 1.8e-05

0.016822 1.6e-05

0.016651 1.5e-05

0.016617 1.7e-05

0.016713 1.5e-05

0.016604 1.9e-05

0.016703 2e-05

0.016719 2.2e-05

0.017168 1.8e-05

0.016702 1.5e-05

0.017144 1.8e-05

0.016945 1.9e-05

0.016854 1.5e-05

0.016781 2.3e-05

0.017083 2.1e-05

0.016693 1.6e-05

0.016626 1.5e-05

0.016761 1.8e-05

0.016817 1.9e-05

0.016645 2e-05

0.016759 2e-05

0.016663 1.6e-05

0.016749 1.7e-05

0.016592 1.9e-05

0.016742 1.5e-05

0.016673 1.5e-05

0.016574 1.8e-05

0.016902 1.5e-05

0.016613 2.4e-05

0.017126 1.5e-05

0.017043 1.7e-05

0.016714 2.4e-05

0.016812 2.4e-05

0.016662 2.1e-05

0.016597 2.1e-05

0.016961 1.5e-05

0.016769 1.9e-05

0.016979 1.5e-05

0.016612 1.6e-05

0.016716 1.8e-05

0.016753 2e-05

0.017155 1.3e-05

0.016728 1.5e-05

0.016595 1.8e-05

0.016767 2.1e-05

0.017127 1.9e-05

0.016614 2e-05

0.016591 1.9e-05

0.016746 1.6e-05

0.017045 1.9e-05

0.016797 2e-05

0.017424 2.1e-05

0.016693 2.1e-05

0.017172 1.8e-05

0.017102 2.3e-05

0.017032 2e-05

0.016669 1.9e-05

0.016866 2.1e-05

0.016862 1.7e-05

0.017081 1.4e-05

0.016743 1.7e-05

0.016664 2.5e-05

0.016979 1.4e-05

0.016888 1.6e-05

0.016567 1.9e-05

0.016808 2.5e-05

0.016582 1.7e-05

0.016597 1.8e-05

0.016925 2e-05

0.016968 1.8e-05

0.016542 2.1e-05

0.017236 2e-05

0.016832 2e-05

0.016615 1.7e-05

0.016821 1.5e-05

0.016596 2.3e-05

0.016661 2.4e-05

0.017114 2e-05

0.016634 2.5e-05

0.017255 1.6e-05

0.016747 1.8e-05

0.016917 1.6e-05

0.016652 1.5e-05

0.016682 1.8e-05

0.016859 1.9e-05

0.016626 2.3e-05

0.016825 1.6e-05

0.016646 1.6e-05

0.016712 1.7e-05

0.016867 1.5e-05

0.016841 1.7e-05

0.016642 1.8e-05

0.016553 1.9e-05

0.016699 1.8e-05

0.017077 2e-05

0.016751 1.7e-05

0.016842 1.8e-05

0.016645 1.8e-05

0.017305 1.4e-05

0.01662 1.9e-05

0.016709 1.3e-05

0.016944 1.7e-05

0.017081 2.5e-05

0.016684 1.5e-05

0.016721 1.5e-05

0.016608 2.3e-05

0.017117 1.3e-05

0.017001 1.9e-05

0.016573 2.2e-05

0.017201 1.9e-05

0.016837 1.6e-05

0.017039 1.6e-05

0.016879 1.6e-05

0.016794 2.4e-05

0.016781 1.5e-05

0.017234 2e-05

0.016641 1.8e-05

0.016776 1.9e-05

0.016781 2.1e-05

0.016583 1.5e-05

0.016787 1.9e-05

0.016702 2.3e-05

0.016652 2e-05

0.016942 1.9e-05

0.017084 2e-05

0.017127 1.7e-05

0.016612 2e-05

0.016652 1.4e-05

0.016725 1.8e-05

0.016695 1.9e-05

0.017103 1.9e-05

0.016747 2e-05

0.016742 2.1e-05

0.017087 1.8e-05

0.016947 1.8e-05

0.016681 2.2e-05

0.016924 1.3e-05

0.016698 1.9e-05

0.016619 1.8e-05

0.016522 2e-05

0.016594 2e-05

0.016645 1.8e-05

0.016602 2e-05

0.016617 2.3e-05

0.016696 1.5e-05

0.016665 2e-05

0.016598 2.5e-05

0.016604 1.9e-05

0.016976 2.5e-05

0.016647 2e-05

0.017021 1.5e-05

0.016565 1.9e-05

0.016631 1.9e-05

0.016763 1.8e-05

0.016899 1.9e-05

0.017351 1.8e-05

0.016627 2.2e-05

0.016735 1.7e-05

0.016773 2e-05

0.016752 1.9e-05

0.01671 1.8e-05

0.016945 1.8e-05

0.016689 2e-05

0.016988 1.8e-05

0.016709 2.2e-05

0.016733 1.7e-05

0.021376 2.2e-05

0.017177 2.1e-05

0.016998 1.7e-05

0.017042 2e-05

0.016859 1.8e-05

0.016722 1.6e-05

0.016695 1.7e-05

0.016665 1.5e-05

0.016748 1.4e-05

0.016681 2e-05

0.016837 1.8e-05

0.01661 2e-05

0.017005 2.3e-05

0.01672 1.3e-05

0.016833 1.9e-05

0.016885 1.7e-05

0.016817 1.8e-05

0.016817 1.6e-05

0.016814 2e-05

0.016694 1.6e-05

0.017092 2.1e-05

0.01667 1.5e-05

0.016796 2.3e-05

0.016792 1.6e-05

0.016807 1.4e-05

0.016637 2.1e-05

0.016966 2.1e-05

0.017247 1.4e-05

0.016818 1.7e-05

0.01664 1.8e-05

0.017111 2.1e-05

0.016638 1.8e-05

0.017019 2.1e-05

0.016816 2.1e-05

0.016608 2e-05

0.017032 2.5e-05

0.016684 2.5e-05

0.016701 1.5e-05

0.016754 1.6e-05

0.016745 2e-05

0.016668 2e-05

0.016737 1.6e-05

0.016572 2.2e-05

0.016938 1.9e-05

0.01675 2.1e-05

0.016764 1.5e-05

0.016964 1.8e-05

0.016641 1.1e-05

0.016733 1.6e-05

0.016715 2e-05

0.016716 1.9e-05

0.016612 1.9e-05

0.017119 1.6e-05

0.016701 2.3e-05

0.016766 1.5e-05

0.016703 1.4e-05

0.016579 1.5e-05

0.016798 2e-05

0.016555 1.5e-05

0.016816 1.5e-05

0.016929 1.7e-05

0.016572 2.7e-05

0.017199 2.3e-05

0.01667 1.8e-05

0.017059 2e-05

0.016636 1.5e-05

0.01676 2.1e-05

