0.009451 0.000593

0.009423 0.000403

0.009598 0.00042

0.009506 0.000616

0.009667 0.00067

0.009611 0.000544

0.009621 0.000608

0.009706 0.000802

0.009945 0.000457

0.009506 0.000681

0.009596 0.00075

0.009507 0.000493

0.009439 0.000675

0.009631 0.000626

0.010206 0.000856

0.009662 0.000911

0.009862 0.00071

0.009806 0.000796

0.009773 0.000812

0.009895 0.000733

0.009661 0.000573

0.009946 0.000666

0.009896 0.00073

0.009853 0.000624

0.009805 0.000475

0.009606 0.000629

0.009542 0.000835

0.009875 0.00067

0.009377 0.000463

0.009433 0.000872

0.010372 0.00091

0.009828 0.000647

0.009869 0.000716

0.009615 0.000689

0.009974 0.000735

0.009684 0.000675

0.009909 0.000548

0.009647 0.000709

0.009665 0.000841

0.01454 0.00085

0.009806 0.000772

0.009795 0.000569

0.009856 0.000488

0.009762 0.000508

0.009955 0.000567

0.009581 0.000538

0.011194 0.000648

0.009941 0.00062

0.010406 0.000743

0.009699 0.001032

0.011176 0.00059

0.009874 0.000503

0.009877 0.000666

0.010729 0.000661

0.009902 0.000609

0.009834 0.000902

0.009578 0.000641

0.010268 0.000542

0.010014 0.000486

0.010527 0.000773

0.010023 0.000668

0.009754 0.00086

0.009889 0.000728

0.009829 0.000699

0.009706 0.000418

0.009906 0.000703

0.009658 0.000456

0.009543 0.001128

0.009625 0.000625

0.009627 0.000564

0.009631 0.000816

0.0108 0.000861

0.009735 0.000492

0.009741 0.000716

0.010662 0.000879

0.010151 0.000458

0.009607 0.000754

0.009612 0.000433

0.009901 0.00053

0.009867 0.000847

0.009461 0.000719

0.009445 0.000881

0.009374 0.000649

0.01058 0.000748

0.009699 0.000477

0.009672 0.000888

0.009981 0.000599

0.00989 0.000725

0.00994 0.000592

0.009645 0.00087

0.009464 0.000552

0.009463 0.000436

0.00968 0.000712

0.009424 0.000688

0.009496 0.000773

0.009586 0.000593

0.009611 0.00057

0.009769 0.000765

0.009566 0.000535

0.009616 0.000471

0.009702 0.000943

0.009713 0.000577

0.00946 0.000836

0.009431 0.000665

0.009614 0.000562

0.009371 0.000666

0.009701 0.000695

0.0093 0.000974

0.009367 0.000603

0.009479 0.000643

0.009954 0.000519

0.009723 0.000668

0.009639 0.000571

0.009555 0.000795

0.009806 0.000868

0.009702 0.000603

0.009642 0.000738

0.009464 0.000722

0.009385 0.000895

0.009602 0.000471

0.009516 0.000648

0.009348 0.000419

0.009395 0.000426

0.009338 0.000806

0.009465 0.000547

0.009447 0.000827

0.009341 0.000599

0.009434 0.000392

0.00965 0.000509

0.009479 0.000713

0.009491 0.000668

0.009372 0.000727

0.009501 0.000574

0.009296 0.000447

0.009345 0.000504

0.009306 0.000635

0.009743 0.0005

0.009652 0.000614

0.009735 0.000763

0.009526 0.000577

0.009685 0.000782

0.009372 0.00051

0.011279 0.000615

0.009908 0.000633

0.009817 0.000633

0.009506 0.000518

0.009639 0.000433

0.009511 0.000462

0.009394 0.000471

0.009343 0.00041

0.009399 0.000456

0.009539 0.000633

0.009543 0.000486

0.009484 0.000603

0.009598 0.000713

0.009367 0.00041

0.009444 0.000451

0.009364 0.000696

0.009474 0.000802

0.010183 0.000613

0.009456 0.000804

0.009301 0.000862

0.009415 0.000567

0.009414 0.000655

0.009449 0.000474

0.009362 0.000649

0.009593 0.000627

0.009419 0.000456

0.009368 0.000747

0.009406 0.000798

0.009661 0.000672

0.009733 0.001081

0.009876 0.000448

0.009541 0.000559

0.009963 0.000801

0.00963 0.000461

0.009643 0.000639

0.00982 0.000527

0.009583 0.000649

0.009741 0.000569

0.009613 0.000796

0.00966 0.000543

0.00952 0.000764

0.009667 0.000532

0.009937 0.000741

0.010475 0.001009

0.010415 0.000632

0.010455 0.000493

0.009998 0.000537

0.009823 0.00065

0.009636 0.000562

0.009577 0.000763

0.009539 0.000789

0.009622 0.000804

0.009506 0.001017

0.009505 0.000655

0.009577 0.000806

0.009849 0.000769

0.009525 0.000431

0.009515 0.000606

0.00941 0.000667

0.009445 0.000723

0.009496 0.000529

0.009935 0.000494

0.009985 0.000446

0.009685 0.000651

0.00958 0.000432

0.009625 0.000504

0.009636 0.000697

0.009601 0.000713

0.009412 0.000418

0.009642 0.000631

0.009373 0.000786

0.00944 0.00066

0.009255 0.000451

0.009361 0.000497

0.009964 0.000655

0.009399 0.000811

0.009495 0.000389

0.009371 0.000509

0.009343 0.000507

0.009433 0.000613

0.009474 0.000566

0.009378 0.000502

0.009422 0.000483

0.009405 0.000789

0.009395 0.000499

0.009897 0.000679

0.009803 0.000524

0.009975 0.000624

0.009668 0.000694

0.010181 0.000543

0.009791 0.000757

0.009636 0.000636

0.009848 0.000892

0.009433 0.000508

0.009611 0.00053

0.009516 0.000725

0.009552 0.00061

0.00934 0.000838

0.009466 0.000457

0.009482 0.000601

0.009571 0.000398

0.00938 0.000449

0.009482 0.000787

0.009301 0.000504

0.009365 0.000483

0.009736 0.000551

0.009364 0.000907

0.009429 0.000592

0.009522 0.000667

0.009357 0.000686

0.009461 0.000851

0.009495 0.000646

0.009511 0.000716

0.009506 0.000475

0.009697 0.000555

0.009424 0.000656

0.00935 0.000508

0.00929 0.000656

0.009391 0.000495

0.009641 0.0004

0.009441 0.000746

0.009426 0.000703

0.009442 0.00081

0.00934 0.000559

0.009543 0.000698

0.009377 0.00049

0.009611 0.000613

0.009945 0.00085

0.009793 0.000655

0.009878 0.000455

0.009618 0.000696

0.009878 0.000411

0.009774 0.000821

0.009473 0.000464

0.009681 0.000511

0.009505 0.000684

0.009424 0.000506

0.009401 0.000398

0.009391 0.000544

0.009403 0.000918

0.009359 0.000873

0.009434 0.000516

0.009312 0.000443

0.009486 0.000609

0.009558 0.000725

0.009315 0.000527

0.00974 0.000673

0.00969 0.000525

0.009916 0.000781

0.009628 0.000734

0.009973 0.000542

0.009728 0.000762

0.009762 0.00094

0.010182 0.000547

0.009702 0.000559

0.00939 0.000504

0.009817 0.000953

0.009728 0.000433

0.009879 0.000439

0.009479 0.000618

0.009796 0.000487

0.009806 0.000406

0.009907 0.000659

0.009747 0.000544

0.009774 0.000582

0.009493 0.000452

0.009921 0.00066

0.009897 0.000798

0.009687 0.00052

0.009796 0.000655

0.009763 0.00056

0.009419 0.001069

0.009515 0.000765

0.009876 0.000453

0.009822 0.000485

0.009562 0.000818

0.01009 0.000661

0.009879 0.001112

0.009519 0.000522

0.009514 0.000656

0.009837 0.000745

0.009622 0.000504

0.009607 0.000594

0.009835 0.000731

0.009591 0.000416

0.009456 0.00061

0.009603 0.000628

0.009767 0.000462

0.009612 0.000555

0.00965 0.000714

0.009353 0.000511

0.009503 0.000497

0.009842 0.000675

0.009893 0.00087

0.009779 0.000511

0.011182 0.000562

0.009673 0.000534

0.010877 0.000627

0.009804 0.000541

0.009665 0.000484

0.010328 0.00062

0.009643 0.000487

0.009631 0.000441

0.010143 0.000648

0.009567 0.000421

0.009546 0.000991

0.009563 0.000574

0.009478 0.000748

0.009946 0.000859

0.009455 0.000455

0.009528 0.00073

0.009823 0.000707

0.009681 0.000624

0.009782 0.000436

0.009577 0.000589

0.009722 0.000575

0.00959 0.000668

0.009874 0.00049

0.009615 0.00058

0.009601 0.000865

0.009351 0.00057

0.009443 0.00084

0.009661 0.000739

0.009893 0.000669

0.009436 0.000486

0.009725 0.000631

0.009871 0.000442

0.009509 0.000564

0.009511 0.000819

0.009883 0.000795

0.009839 0.000603

0.009884 0.000498

0.009838 0.000501

0.009468 0.001165

0.009704 0.000509

0.009632 0.000663

0.009705 0.000679

0.009586 0.000571

0.009574 0.000699

0.009919 0.000678

0.009968 0.000517

0.009608 0.000424

0.009582 0.000723

0.009379 0.000542

0.009386 0.000507

0.009565 0.000579

0.009405 0.000633

0.009531 0.000458

0.009847 0.000429

0.009423 0.000551

0.009605 0.000527

0.009563 0.000599

0.009675 0.000686

0.009939 0.000627

0.009783 0.000479

0.009821 0.000708

0.009436 0.000858

0.009809 0.00059

0.009692 0.000478

0.009763 0.000476

0.009617 0.000543

0.009613 0.000536

0.009635 0.000631

0.009523 0.000812

0.009562 0.000541

0.009523 0.000631

0.009653 0.000676

0.009512 0.000468

0.009338 0.000528

0.009458 0.000671

0.009471 0.00062

0.00938 0.000479

0.009348 0.000691

0.009526 0.000442

0.009394 0.00061

0.009421 0.000572

0.009497 0.000563

0.009588 0.000461

0.009654 0.000439

0.009329 0.000745

0.009515 0.000651

0.009497 0.000704

0.00947 0.000652

0.009382 0.000426

0.009627 0.00058

0.009442 0.000527

0.009364 0.000465

0.009367 0.000458

0.009675 0.000583

0.009713 0.000656

0.009861 0.000631

0.01012 0.000626

0.009854 0.000911

0.009785 0.000704

0.009806 0.000465

0.009788 0.000666

0.009808 0.000509

0.009786 0.000609

0.009635 0.000478

0.009556 0.000488

0.009552 0.000573

0.009815 0.000815

0.009793 0.000632

0.009498 0.000596

0.009752 0.000688

0.009783 0.000633

0.009799 0.000567

0.009721 0.000754

0.00992 0.000651

0.009911 0.000528

0.009915 0.0006

0.009484 0.000693

0.009676 0.000668

0.009387 0.000462

0.010032 0.000658

0.01055 0.000828

0.009602 0.00064

0.009688 0.000519

0.009818 0.000603

0.009712 0.00071

0.009759 0.000732

0.009826 0.000777

0.009753 0.000598

0.009653 0.000555

0.009746 0.000446

0.010949 0.000671

0.009763 0.000609

0.010559 0.00057

0.010807 0.00067

0.010926 0.000501

0.0105 0.000682

0.010908 0.00066

0.009635 0.00053

0.009747 0.00078

0.00959 0.000475

0.009731 0.00068

0.009492 0.000459

0.009553 0.000578

0.009731 0.000447

0.009589 0.000728

0.009764 0.000782

0.00967 0.000431

0.009759 0.000467

0.009741 0.000603

0.009631 0.000613

0.009525 0.000876

0.009354 0.000471

0.009475 0.000489

0.009608 0.000736

0.009506 0.000823

0.009614 0.000672

0.009872 0.000547

0.009714 0.000635

0.009571 0.000696

0.009885 0.000634

0.009603 0.000563

0.00978 0.000614

0.009387 0.000542

0.009465 0.000419

0.009512 0.000557

0.009567 0.000469

0.009652 0.000604

0.009603 0.000467

0.009586 0.000487

0.009644 0.000539

0.009485 0.000516

0.009814 0.000455

0.009558 0.00057

0.009578 0.000595

0.009626 0.000482

0.009632 0.000531

0.009608 0.000618

0.009634 0.000426

0.009578 0.000565

0.009804 0.00062

0.009663 0.000538

0.009521 0.000593

0.009522 0.000565

0.009448 0.000421

0.009316 0.000717

0.009374 0.000473

0.00965 0.000751

0.009283 0.000642

0.00934 0.000547

0.009499 0.000434

0.009359 0.000454

0.009488 0.000592

0.009484 0.000569

0.009497 0.000497

0.009478 0.000922

0.009594 0.000533

0.009576 0.000458

0.009645 0.0006

0.009573 0.000739

0.009519 0.000521

0.009659 0.000803

0.009894 0.000654

0.009614 0.000651

0.009743 0.000509

0.009667 0.000734

0.009859 0.000736

0.009728 0.000651

0.009969 0.000484

0.009509 0.000512

0.00962 0.000688

0.009406 0.000636

0.00945 0.000605

0.009341 0.000573

0.009749 0.000517

0.009658 0.000935

0.009701 0.000568

0.009616 0.000782

0.009759 0.000885

0.009711 0.000799

0.009649 0.00053

0.009578 0.000509

0.009794 0.000658

0.009588 0.000671

0.009655 0.000583

0.009526 0.000686

0.009578 0.000465

0.009612 0.000602

0.0097 0.000828

0.009544 0.000552

0.009619 0.000412

0.00948 0.000724

0.00975 0.000639

0.009676 0.000481

0.009585 0.000835

0.010008 0.00042

0.009823 0.000766

0.009486 0.0005

0.009615 0.000636

0.010123 0.000418

0.009815 0.000865

0.009408 0.000559

0.009508 0.000878

0.009411 0.000652

0.009359 0.000772

0.00938 0.000585

0.009453 0.000747

0.009426 0.000432

0.009583 0.000762

0.009337 0.000691

0.009707 0.000641

0.0096 0.000841

0.009517 0.000494

0.009277 0.000437

0.009383 0.000544

0.009359 0.000437

0.009466 0.000816

0.009358 0.000653

0.00944 0.000463

0.009258 0.000606

0.009263 0.001126

0.009427 0.000612

0.009393 0.000571

0.00935 0.000852

0.009572 0.000493

0.009423 0.00065

0.00952 0.000448

0.009529 0.000864

0.00954 0.000734

0.009464 0.000533

0.009342 0.00073

0.009563 0.000901

0.009525 0.000615

0.009424 0.00062

0.009517 0.000739

0.009461 0.000677

0.009851 0.000723

0.009644 0.000669

0.00963 0.000637

0.009787 0.00064

0.009748 0.000504

0.009633 0.000519

0.009676 0.000478

0.009472 0.000467

0.009593 0.000626

0.009478 0.000425

0.009357 0.000666

0.009343 0.000421

0.009867 0.000448

0.009523 0.000631

0.009794 0.000627

0.009603 0.000965

0.009505 0.000696

0.009478 0.000618

0.00933 0.000866

0.009414 0.000522

0.009404 0.000602

0.009316 0.000812

0.009561 0.000599

0.009503 0.000669

0.009626 0.000455

0.009888 0.000664

0.009656 0.000678

0.009957 0.000913

0.010576 0.000524

0.010851 0.000962

0.010597 0.000918

0.010664 0.000652

0.009729 0.001015

0.010859 0.000494

0.009808 0.000692

0.009559 0.000547

0.009757 0.000821

0.009575 0.000701

0.009698 0.00048

0.009593 0.000687

0.009594 0.000622

0.009637 0.000522

0.009432 0.000587

0.009297 0.000757

0.009729 0.000524

0.009474 0.0006

0.009372 0.000686

0.011126 0.000603

0.009564 0.000504

0.00966 0.000907

0.00969 0.00057

0.009535 0.000709

0.009879 0.000468

0.009751 0.000599

0.009595 0.000575

0.009573 0.000561

0.009465 0.000744

0.009587 0.000574

0.009334 0.000578

0.00939 0.000508

0.009312 0.000645

0.009372 0.000745

0.009341 0.000462

0.009586 0.00046

0.009441 0.000539

0.009651 0.000678

0.010145 0.000603

0.010145 0.000417

0.010261 0.000704

0.00953 0.000743

0.010296 0.000631

0.009743 0.000796

0.009436 0.000595

0.009418 0.000607

0.009397 0.000609

0.00938 0.000641

0.00947 0.000765

0.009422 0.00065

0.009276 0.00059

0.009508 0.000718

0.010035 0.000507

0.009841 0.000576

0.01004 0.000464

0.009673 0.000653

0.009675 0.000465

0.009614 0.000461

0.009542 0.000559

0.010097 0.000459

0.009735 0.000492

0.00967 0.000463

0.009856 0.000586

0.009778 0.000996

0.010136 0.000767

0.009762 0.000773

0.009651 0.000517

0.00974 0.000411

0.009818 0.000614

0.009492 0.000653

0.00984 0.000472

0.009542 0.000808

0.010202 0.000485

0.009888 0.000669

0.009844 0.000751

0.010273 0.000478

0.009787 0.000653

0.010265 0.000602

0.009979 0.000514

0.009543 0.000583

0.009706 0.000517

0.009553 0.000905

0.009879 0.000637

0.009738 0.000559

0.009644 0.000572

0.009819 0.00091

0.009889 0.000411

0.00969 0.000528

0.009701 0.000737

0.009819 0.00067

0.009693 0.000539

0.009641 0.000663

0.009466 0.000586

0.009606 0.000633

0.00949 0.000718

0.009511 0.000914

0.009682 0.000574

0.009736 0.000633

0.009467 0.000586

0.00942 0.000641

0.009674 0.000527

0.009598 0.000749

0.009503 0.000675

0.009857 0.000458

0.0096 0.000661

0.009427 0.000494

0.009402 0.000496

0.009407 0.00041

0.009664 0.000715

0.009591 0.000674

0.009458 0.000384

0.009398 0.000689

0.009384 0.000464

0.009398 0.000633

0.009383 0.000591

0.009463 0.000459

0.009449 0.000588

0.009342 0.000412

0.009317 0.000458

0.009704 0.000483

0.009676 0.000735

0.009569 0.00057

0.009653 0.00085

0.009705 0.00085

0.009599 0.000607

0.009541 0.000816

0.009528 0.000499

0.009688 0.000475

0.009468 0.000501

0.009375 0.000465

0.009658 0.000686

0.009635 0.000575

0.009697 0.000448

0.010002 0.000467

0.009568 0.00061

0.00971 0.000776

0.009799 0.000642

0.009589 0.000673

0.009423 0.00087

0.009711 0.000495

0.009599 0.000823

0.009672 0.000555

0.009599 0.000409

0.009635 0.0006

0.009951 0.000707

0.009593 0.000707

0.009618 0.000542

0.009608 0.00071

0.009538 0.000678

0.009668 0.00053

0.009722 0.000538

0.009423 0.000554

0.009499 0.000763

0.009381 0.00063

0.009448 0.000708

0.009437 0.000397

0.009398 0.000643

0.009266 0.000498

0.009566 0.000661

0.009569 0.000552

0.00941 0.00053

0.009512 0.000625

0.009548 0.000666

0.009424 0.000771

0.009471 0.000629

0.009312 0.000748

0.009342 0.000847

0.009265 0.000687

0.009616 0.000656

0.00953 0.000666

0.009575 0.000753

0.009343 0.000704

0.0095 0.000553

0.009665 0.000603

0.009528 0.000601

0.009616 0.000589

0.009596 0.000755

0.011012 0.000824

0.009569 0.000509

0.009678 0.00068

0.009468 0.000538

0.009664 0.000556

0.009502 0.000648

0.009894 0.000734

0.00975 0.000768

0.009495 0.000868

0.009526 0.000716

0.010074 0.000526

0.009672 0.000613

0.009564 0.00058

0.009503 0.000884

0.009453 0.000517

0.009487 0.000475

0.009643 0.000603

0.009624 0.000509

0.009612 0.000531

0.009612 0.000636

0.009606 0.000459

0.00945 0.000554

0.00962 0.000697

0.009734 0.000584

0.009379 0.000632

0.00936 0.000425

0.009462 0.000553

0.009353 0.000692

0.009315 0.000726

0.009348 0.000504

0.009585 0.000484

0.009399 0.000561

0.009314 0.000483

0.00945 0.000618

0.009532 0.000578

0.009897 0.00075

0.009727 0.000547

0.00979 0.000506

0.009646 0.000515

0.009575 0.000685

0.009629 0.000592

0.009536 0.000587

0.009486 0.000497

0.009453 0.000786

0.009496 0.000982

0.009476 0.000452

0.009411 0.000567

0.009448 0.000506

0.009509 0.000472

0.009548 0.000615

0.009677 0.00063

0.009716 0.000461

0.00954 0.000532

0.009576 0.000629

0.009613 0.00061

0.009606 0.000791

0.009681 0.00045

0.009555 0.000627

0.009601 0.000952

0.009502 0.000696

0.009647 0.000453

0.010303 0.000492

0.009533 0.000782

0.00959 0.000508

0.009592 0.000779

0.00976 0.000513

0.009341 0.000429

0.009413 0.000596

0.009879 0.000784

0.01063 0.000776

0.009747 0.000677

0.009749 0.000662

0.010007 0.000719

0.009805 0.000936

0.011197 0.0007

0.010147 0.000397

0.009803 0.000559

0.009773 0.000703

0.009719 0.00052

0.009794 0.000416

0.00967 0.000465

0.009523 0.000676

0.009706 0.000605

0.009871 0.000534

0.009915 0.000502

0.009692 0.000594

0.009686 0.000728

0.009691 0.000719

0.00994 0.00068

0.00976 0.000684

0.010226 0.000677

0.009745 0.000613

0.009764 0.000508

0.009756 0.000626

0.011622 0.000581

0.009443 0.0006

0.009776 0.000752

0.009801 0.000641

0.009706 0.000626

0.009853 0.000812

0.010768 0.00085

0.01064 0.000584

0.010168 0.001025

0.011862 0.000748

0.011878 0.000627

0.010993 0.0007

0.009772 0.000416

0.011213 0.000522

0.012497 0.000628

0.010385 0.000905

0.011365 0.000517

0.010408 0.000422

0.010157 0.000592

0.011111 0.000731

0.010675 0.000902

0.011512 0.000589

0.010601 0.000601

0.010204 0.000629

0.010016 0.000787

0.009682 0.000835

0.009841 0.000547

0.009708 0.000533

0.011233 0.00063

0.009988 0.000756

0.010052 0.000935

0.009774 0.000739

0.010584 0.00106

0.009965 0.000496

0.009765 0.000831

0.010593 0.000485

0.009691 0.000605

0.010885 0.000691

0.010615 0.000986

0.009449 0.001113

0.010095 0.000853

0.010067 0.00116

0.009516 0.000698

0.009855 0.000823

0.010543 0.000486

0.012108 0.000897

0.011149 0.000415

0.011889 0.000731

0.011292 0.000606

0.011007 0.000804

0.011917 0.000726

0.009896 0.000849

0.009657 0.000839

0.009673 0.000561

0.009595 0.000597

0.009736 0.000697

0.009966 0.000913

0.009734 0.000485

0.009648 0.000463

0.009493 0.000565

0.009403 0.000557

0.009476 0.000636

0.009697 0.000457

0.009796 0.000511

0.009784 0.000768

0.009642 0.000712

0.009892 0.000765

0.009449 0.000475

0.009597 0.000541

0.009704 0.000537

0.009517 0.000574

0.009358 0.000586

0.009645 0.000571

0.009717 0.000583

0.009376 0.000724

0.009612 0.000475

0.009474 0.000487

0.012399 0.000496

0.009643 0.0007

0.009557 0.001168

0.011456 0.000645

0.01002 0.000599

0.010819 0.00058

0.009688 0.000534

0.009627 0.000535

0.009654 0.000898

0.009852 0.000474

0.00966 0.000665

0.009562 0.000626

