0.038711 1.2e-05

0.038297 8e-06

0.0369 1e-05

0.037382 8e-06

0.036747 1.1e-05

0.036767 8e-06

0.036861 1.1e-05

0.037641 7e-06

0.037302 1e-05

0.037239 8e-06

0.037188 1e-05

0.037653 1e-05

0.036958 1e-05

0.03699 1.4e-05

0.037593 8e-06

0.036884 9e-06

0.036807 1e-05

0.036906 1e-05

0.036674 1e-05

0.036898 8e-06

0.037225 8e-06

0.036845 1e-05

0.03791 1e-05

0.036966 9e-06

0.037246 8e-06

0.037062 9e-06

0.037043 1.3e-05

0.037046 9e-06

0.036873 8e-06

0.036955 1.1e-05

0.037167 8e-06

0.036798 9e-06

0.036943 1.1e-05

0.037751 9e-06

0.037078 9e-06

0.037369 6e-06

0.036822 9e-06

0.036739 1e-05

0.037797 1e-05

0.037284 1e-05

0.0371 8e-06

0.037342 1.1e-05

0.037331 9e-06

0.036906 1.3e-05

0.037648 9e-06

0.03682 1e-05

0.037149 9e-06

0.036687 1e-05

0.037372 1e-05

0.036662 8e-06

0.037524 1e-05

0.03696 8e-06

0.036774 8e-06

0.03723 9e-06

0.037302 8e-06

0.036975 8e-06

0.036823 1e-05

0.036736 9e-06

0.037053 1e-05

0.036927 1e-05

0.036975 7e-06

0.036751 1.1e-05

0.037708 9e-06

0.036824 1e-05

0.03781 1.1e-05

0.037485 8e-06

0.036849 7e-06

0.036849 9e-06

0.03689 1.1e-05

0.037392 1.1e-05

0.037077 9e-06

0.038263 8e-06

0.037083 1e-05

0.03693 8e-06

0.037228 9e-06

0.037023 9e-06

0.036805 1.3e-05

0.037491 1e-05

0.036782 1e-05

0.037089 9e-06

0.036952 8e-06

0.036865 1e-05

0.037043 8e-06

0.036903 8e-06

0.036918 8e-06

0.036728 8e-06

0.036743 1.4e-05

0.037226 8e-06

0.037377 1.1e-05

0.036803 8e-06

0.036836 1.2e-05

0.037935 9e-06

0.037339 1e-05

0.037059 8e-06

0.03689 9e-06

0.037421 1e-05

0.037068 7e-06

0.036951 9e-06

0.036891 8e-06

0.036843 9e-06

0.037124 9e-06

0.037679 7e-06

0.037008 8e-06

0.036848 9e-06

0.036914 9e-06

0.036934 9e-06

0.036682 9e-06

0.037848 1.1e-05

0.036749 9e-06

0.036876 1.1e-05

0.037922 9e-06

0.036965 8e-06

0.037013 9e-06

0.037549 1e-05

0.037027 7e-06

0.037385 1.2e-05

0.037183 1e-05

0.036895 8e-06

0.036797 9e-06

0.037128 8e-06

0.036899 1.2e-05

0.037651 8e-06

0.037132 1.3e-05

0.036927 1.1e-05

0.037072 1.1e-05

0.036931 8e-06

0.03807 1.1e-05

0.036735 1e-05

0.037071 1e-05

0.037257 9e-06

0.037125 1e-05

0.036943 9e-06

0.036763 9e-06

0.036922 1e-05

0.036819 1e-05

0.037018 9e-06

0.03704 8e-06

0.036769 9e-06

0.037199 1.4e-05

0.038212 1.3e-05

0.036676 9e-06

0.037672 1e-05

0.037196 1.3e-05

0.037032 1e-05

0.037015 8e-06

0.037753 9e-06

0.036892 9e-06

0.036746 8e-06

0.037218 9e-06

0.036641 9e-06

0.03694 1e-05

0.036905 1e-05

0.037833 1e-05

0.036703 1.1e-05

0.037182 1.2e-05

0.037837 1.1e-05

0.037669 1e-05

0.037639 1e-05

0.036992 9e-06

0.037156 9e-06

0.037117 1e-05

0.036825 1.2e-05

0.037839 8e-06

0.036752 2.3e-05

0.037546 1e-05

0.036699 1.1e-05

0.037108 1e-05

0.037416 8e-06

0.037314 9e-06

0.036881 8e-06

0.036914 1.1e-05

0.037642 8e-06

0.036957 1e-05

0.036802 1e-05

0.036873 1e-05

0.03693 8e-06

0.03707 1.1e-05

0.037615 9e-06

0.037156 9e-06

0.036989 1.4e-05

0.037818 8e-06

0.037049 9e-06

0.036976 8e-06

0.037956 1.1e-05

0.03769 9e-06

0.036823 8e-06

0.036973 1e-05

0.037611 8e-06

0.036826 1.2e-05

0.037959 8e-06

0.038247 1.2e-05

0.03669 1e-05

0.037308 1.1e-05

0.037038 1.1e-05

0.036823 1e-05

0.036827 1e-05

0.036946 1.3e-05

0.037889 9e-06

0.036879 2.3e-05

0.037997 1.5e-05

0.037107 1e-05

0.036909 9e-06

0.036944 1.3e-05

0.037618 8e-06

0.037215 1.4e-05

0.037145 9e-06

0.036975 1.3e-05

0.037672 1e-05

0.036802 9e-06

0.037022 9e-06

0.036741 1e-05

0.038827 9e-06

0.036956 1e-05

0.037545 1.4e-05

0.037223 9e-06

0.036806 9e-06

0.037132 9e-06

0.037058 1e-05

0.036882 9e-06

0.037027 9e-06

0.036864 1.1e-05

0.036892 9e-06

0.036954 1.1e-05

0.036938 9e-06

0.037023 1.1e-05

0.036715 1.1e-05

0.03667 8e-06

0.03689 1.3e-05

0.038025 1.2e-05

0.03693 1e-05

0.037473 1.2e-05

0.037071 8e-06

0.036676 1.4e-05

0.037214 7e-06

0.036874 8e-06

0.036939 1.1e-05

0.037533 9e-06

0.037068 1e-05

0.037266 9e-06

0.036769 1e-05

0.036962 1e-05

0.036977 1e-05

0.036998 1e-05

0.036793 1e-05

0.037034 1.1e-05

0.037815 9e-06

0.036798 1e-05

0.037162 1.3e-05

0.037441 9e-06

0.03827 1.1e-05

0.036738 1.2e-05

0.038089 6e-06

0.037039 1.1e-05

0.03736 7e-06

0.036914 1e-05

0.037779 1e-05

0.03701 8e-06

0.037252 8e-06

0.036777 1.1e-05

0.03717 9e-06

0.03695 1e-05

0.037317 1.2e-05

0.038001 1e-05

0.03712 1e-05

0.037328 7e-06

0.037031 1e-05

0.037112 7e-06

0.037017 1e-05

0.037801 9e-06

0.037977 9e-06

0.03702 9e-06

0.03704 1.2e-05

0.037177 8e-06

0.036811 1.2e-05

0.03784 1.2e-05

0.036717 1e-05

0.037178 1.1e-05

0.036773 1.1e-05

0.037142 1.1e-05

0.037578 6e-06

0.037037 6e-06

0.036848 9e-06

0.036939 1e-05

0.036821 1e-05

0.037496 1.1e-05

0.037257 1.1e-05

0.036883 1.2e-05

0.037099 8e-06

0.037088 1.1e-05

0.036973 8e-06

0.037192 1e-05

0.036772 1e-05

0.03699 1e-05

0.036705 1.2e-05

0.037908 9e-06

0.037778 9e-06

0.037087 1e-05

0.036699 1e-05

0.036917 1e-05

0.036958 9e-06

0.036902 9e-06

0.036998 1.1e-05

0.037123 1.1e-05

0.036935 1e-05

0.037646 9e-06

0.036792 8e-06

0.037361 1.2e-05

0.037531 1.2e-05

0.037268 7e-06

0.037037 1.1e-05

0.036923 1.1e-05

0.037186 9e-06

0.036817 1.1e-05

0.03701 9e-06

0.037086 1e-05

0.037177 9e-06

0.037217 8e-06

0.037006 1e-05

0.037129 9e-06

0.037101 1.1e-05

0.036976 9e-06

0.036978 9e-06

0.03697 9e-06

0.03676 9e-06

0.036912 1.4e-05

0.03753 1e-05

0.036892 7e-06

0.03721 1.3e-05

0.037303 9e-06

0.036934 8e-06

0.036972 1e-05

0.03683 9e-06

0.037116 9e-06

0.03697 1e-05

0.037782 1.2e-05

0.037765 9e-06

0.037757 1e-05

0.037013 9e-06

0.036982 9e-06

0.037841 9e-06

0.03704 1.1e-05

0.036949 1e-05

0.037051 9e-06

0.036872 1e-05

0.03682 1.1e-05

0.037522 1e-05

0.036937 1.2e-05

0.037849 9e-06

0.036544 9e-06

0.03726 8e-06

0.036713 9e-06

0.037074 9e-06

0.036847 1.1e-05

0.037452 1e-05

0.036956 1.2e-05

0.037065 7e-06

0.037252 1.2e-05

0.037768 8e-06

0.036817 8e-06

0.037125 1e-05

0.036862 1e-05

0.036791 1e-05

0.0367 1e-05

0.03688 1.4e-05

0.037768 8e-06

0.037153 9e-06

0.036786 9e-06

0.036719 1.1e-05

0.038289 1e-05

0.036966 9e-06

0.038833 8e-06

0.036884 1.1e-05

0.037808 1.1e-05

0.037701 1.1e-05

0.036881 9e-06

0.036789 8e-06

0.036846 1e-05

0.036861 9e-06

0.037001 1e-05

0.037348 1.1e-05

0.037518 9e-06

0.036708 1.2e-05

0.037145 8e-06

0.036848 9e-06

0.037287 7e-06

0.036773 8e-06

0.036871 1.3e-05

0.037696 9e-06

0.036958 1.1e-05

0.037078 9e-06

0.036962 9e-06

0.037236 1e-05

0.037035 1.2e-05

0.036836 8e-06

0.037038 8e-06

0.036782 9e-06

0.037095 1.1e-05

0.037621 8e-06

0.037074 1.4e-05

0.037596 9e-06

0.036994 9e-06

0.037011 1.2e-05

0.037573 9e-06

0.037588 9e-06

0.037047 1.5e-05

0.03753 8e-06

0.037159 1.1e-05

0.036905 8e-06

0.036912 1.1e-05

0.037381 8e-06

0.037483 1.2e-05

0.037688 9e-06

0.036897 9e-06

0.037279 1.2e-05

0.037207 9e-06

0.036923 9e-06

0.036725 1.1e-05

0.036835 9e-06

0.037224 1e-05

0.036961 1.1e-05

0.036993 1.3e-05

0.037667 9e-06

0.037006 1.1e-05

0.036759 8e-06

0.036865 9e-06

0.037007 1e-05

0.038207 9e-06

0.0371 9e-06

0.037058 1.5e-05

0.038719 1.1e-05

0.037739 1e-05

0.036755 1e-05

0.037189 9e-06

0.037064 1e-05

0.03707 9e-06

0.03705 9e-06

0.036953 1e-05

0.036777 8e-06

0.036877 9e-06

0.036723 8e-06

0.037032 1e-05

0.037095 1e-05

0.036897 1.2e-05

0.037685 1.1e-05

0.03782 9e-06

0.036735 1e-05

0.037107 8e-06

0.036781 1.2e-05

0.038293 9e-06

0.036931 1.2e-05

0.037192 9e-06

0.037473 1.2e-05

0.036755 1.1e-05

0.037809 9e-06

0.037103 8e-06

0.036842 1e-05

0.03686 1.3e-05

0.037987 1.2e-05

0.03689 9e-06

0.036836 9e-06

0.036954 9e-06

0.036992 1e-05

0.037859 8e-06

0.03745 1.1e-05

0.037003 1.2e-05

0.03712 1.1e-05

0.037686 1e-05

0.03696 1e-05

0.03687 1e-05

0.036658 7e-06

0.037181 1.3e-05

0.038118 1e-05

0.036954 9e-06

0.036944 1.4e-05

0.038203 9e-06

0.03691 9e-06

0.037375 9e-06

0.037075 1.2e-05

0.037194 1e-05

0.03712 8e-06

0.03722 1.1e-05

0.042017 1.1e-05

0.036815 1e-05

0.0366 1.1e-05

0.037843 1.1e-05

0.036872 9e-06

0.037084 1e-05

0.036833 9e-06

0.037077 9e-06

0.036933 9e-06

0.036886 9e-06

0.03682 9e-06

0.037003 1e-05

0.037143 1.1e-05

0.036694 1e-05

0.037186 1e-05

0.036906 1.2e-05

0.03809 1.2e-05

0.036952 1e-05

0.037061 1.1e-05

0.037324 8e-06

0.03702 1e-05

0.036763 9e-06

0.036728 1.1e-05

0.037731 1.2e-05

0.036931 9e-06

0.037146 8e-06

0.037273 9e-06

0.037182 1.2e-05

0.037754 1.1e-05

0.037236 9e-06

0.037185 8e-06

0.036923 1e-05

0.036739 8e-06

0.037176 1e-05

0.036711 1.1e-05

0.037633 1.2e-05

0.036904 1e-05

0.037073 1.4e-05

0.037637 8e-06

0.036747 1.2e-05

0.037434 8e-06

0.036863 1.5e-05

0.037737 1e-05

0.037161 1.1e-05

0.036861 1.1e-05

0.037109 1.1e-05

0.037794 1.2e-05

0.036855 9e-06

0.037014 1e-05

0.037156 1e-05

0.037123 1.4e-05

0.037248 1e-05

0.037316 1e-05

0.036722 8e-06

0.036751 1e-05

0.037005 1e-05

0.037008 8e-06

0.036955 1.1e-05

0.036984 1.2e-05

0.03698 1e-05

0.036957 9e-06

0.036817 9e-06

0.036788 1e-05

0.036727 9e-06

0.036897 1e-05

0.036925 1.4e-05

0.037823 9e-06

0.037071 1.3e-05

0.037249 8e-06

0.036766 9e-06

0.036942 9e-06

0.037111 1.1e-05

0.036879 8e-06

0.037061 9e-06

0.036874 8e-06

0.036864 1e-05

0.037001 1.1e-05

0.037265 1.1e-05

0.036986 1.3e-05

0.037763 1.2e-05

0.037042 9e-06

0.036784 1.3e-05

0.037909 1.3e-05

0.037229 1e-05

0.036989 1.3e-05

0.037902 1.1e-05

0.037296 1e-05

0.038487 1.1e-05

0.037414 1e-05

0.037474 1e-05

0.037097 8e-06

0.037075 1.3e-05

0.037412 1e-05

0.036994 1.2e-05

0.038011 9e-06

0.036891 1.1e-05

0.036791 1.2e-05

0.037044 1.1e-05

0.037353 1.2e-05

0.038481 1e-05

0.037043 1e-05

0.037139 9e-06

0.036999 1e-05

0.036988 1.3e-05

0.03772 1e-05

0.036691 1e-05

0.036575 1e-05

0.037006 1.2e-05

0.036781 1.1e-05

0.036956 1e-05

0.036748 1.2e-05

0.037682 1e-05

0.036829 1e-05

0.036646 9e-06

0.037296 1e-05

0.036707 1.2e-05

0.03677 1e-05

0.036846 1.1e-05

0.037709 1e-05

0.036991 1.1e-05

0.037155 1.1e-05

0.036786 9e-06

0.036713 1.2e-05

0.036904 1e-05

0.036663 9e-06

0.037003 1.2e-05

0.037153 1e-05

0.036836 1.1e-05

0.036987 1.5e-05

0.037791 1.1e-05

0.036883 1.1e-05

0.037976 1e-05

0.036889 1.1e-05

0.03687 1.2e-05

0.037234 9e-06

0.037235 1.1e-05

0.037083 9e-06

0.037575 1.3e-05

0.037616 8e-06

0.03702 1e-05

0.037111 1e-05

0.036892 1e-05

0.036815 9e-06

0.036939 1.3e-05

0.037682 8e-06

0.037146 9e-06

0.036965 1e-05

0.03715 1.1e-05

0.03765 1e-05

0.037309 9e-06

0.036881 1.4e-05

0.03773 1.1e-05

0.036937 9e-06

0.036814 1.4e-05

0.037739 9e-06

0.037609 1.6e-05

0.038367 1.1e-05

0.037813 1.1e-05

0.038839 1e-05

0.037269 1.3e-05

0.037693 9e-06

0.036731 1.2e-05

0.037024 1e-05

0.037044 1.4e-05

0.037966 1.4e-05

0.036886 1e-05

0.036886 8e-06

0.037074 1.2e-05

0.038055 9e-06

0.036893 1.5e-05

0.037629 1.1e-05

0.036971 1.1e-05

0.037098 1.4e-05

0.037246 8e-06

0.036754 1e-05

0.037298 9e-06

0.037339 1e-05

0.036999 1.2e-05

0.036902 8e-06

0.037116 8e-06

0.037146 8e-06

0.036872 1.4e-05

0.038238 9e-06

0.036731 1e-05

0.037264 9e-06

0.037141 9e-06

0.037817 2.3e-05

0.037284 9e-06

0.036886 1.1e-05

0.037034 1e-05

0.036968 8e-06

0.037162 1.5e-05

0.037753 9e-06

0.036845 9e-06

0.037195 1.3e-05

0.037823 1.1e-05

0.037107 1e-05

0.036989 1e-05

0.037198 8e-06

0.037016 9e-06

0.03695 1e-05

0.036717 1e-05

0.036896 8e-06

0.037531 1.2e-05

0.036774 1.1e-05

0.036876 1.1e-05

0.037699 8e-06

0.036723 1.2e-05

0.037777 9e-06

0.03768 8e-06

0.037377 1e-05

0.037907 1e-05

0.036847 9e-06

0.037161 1e-05

0.036956 1e-05

0.037251 9e-06

0.037059 8e-06

0.037366 8e-06

0.036818 9e-06

0.036998 8e-06

0.037193 9e-06

0.036813 1.2e-05

0.037625 9e-06

0.036854 9e-06

0.036961 1.5e-05

0.043066 1.8e-05

0.037033 1.2e-05

0.037053 1.1e-05

0.036841 1.1e-05

0.037579 9e-06

0.036594 1e-05

0.037522 1e-05

0.037121 1.4e-05

0.036904 9e-06

0.036971 9e-06

0.037287 2.7e-05

0.037905 1e-05

0.036822 1.1e-05

0.037269 9e-06

0.037318 9e-06

0.036836 1.4e-05

0.037992 1.1e-05

0.037898 1.3e-05

0.036945 9e-06

0.037299 9e-06

0.036776 8e-06

0.037089 9e-06

0.036948 1e-05

0.036805 8e-06

0.036797 9e-06

0.036715 1.1e-05

0.037034 1.4e-05

0.037802 1.1e-05

0.03754 1.2e-05

0.037748 8e-06

0.037058 1e-05

0.036875 9e-06

0.037236 1e-05

0.037063 9e-06

0.036742 1.4e-05

0.038262 1.1e-05

0.037757 1.3e-05

0.037192 9e-06

0.036855 1.1e-05

0.03674 1e-05

0.037665 8e-06

0.036828 1e-05

0.037174 8e-06

0.036874 9e-06

0.036909 1.3e-05

0.037163 8e-06

0.036847 1e-05

0.036876 9e-06

0.037083 1e-05

0.03718 1e-05

0.037116 9e-06

0.037815 1e-05

0.037329 7e-06

0.03656 9e-06

0.03687 1.2e-05

0.036723 9e-06

0.036676 9e-06

0.036727 1.2e-05

0.03691 8e-06

0.036901 8e-06

0.03719 8e-06

0.036653 1.1e-05

0.036938 1e-05

0.037028 9e-06

0.036743 1e-05

0.036836 1.1e-05

0.037112 9e-06

0.036695 1.2e-05

0.0372 8e-06

0.036839 1e-05

0.037051 8e-06

0.037065 1e-05

0.037205 1e-05

0.036991 1.2e-05

0.036939 9e-06

0.037796 1.3e-05

0.03682 8e-06

0.036808 1e-05

0.036866 9e-06

0.036719 1e-05

0.037114 1e-05

0.037643 9e-06

0.038031 1.2e-05

0.036902 1.1e-05

0.037004 9e-06

0.03742 1.1e-05

0.036914 1.1e-05

0.037363 1.1e-05

0.037343 9e-06

0.03673 1e-05

0.036893 1e-05

0.036974 1.1e-05

0.037016 8e-06

0.037109 1.2e-05

0.03758 1.1e-05

0.036927 9e-06

0.036996 1.1e-05

0.036785 1e-05

0.037079 1.2e-05

0.036942 1e-05

0.036796 1e-05

0.037574 9e-06

0.036962 9e-06

0.036803 1.1e-05

0.037216 8e-06

0.036514 1.3e-05

0.03791 9e-06

0.036567 1.2e-05

0.037826 9e-06

0.036731 9e-06

0.036772 1.1e-05

0.037823 9e-06

0.036804 1.2e-05

0.038203 1e-05

0.037111 1.1e-05

0.037109 1.2e-05

0.037751 9e-06

0.036766 8e-06

0.037368 1.3e-05

0.037676 1e-05

0.037753 1e-05

0.03683 8e-06

0.037568 1e-05

0.037539 8e-06

0.036882 8e-06

0.037149 1.4e-05

0.037806 1.1e-05

0.036927 1e-05

0.037622 9e-06

0.03681 1e-05

0.036726 1.1e-05

0.03771 1.1e-05

0.036932 9e-06

0.036828 1e-05

0.037979 8e-06

0.036806 1.2e-05

0.037124 9e-06

0.037137 9e-06

0.036927 7e-06

0.037387 1e-05

0.03796 1e-05

0.036848 1.3e-05

0.037786 1.1e-05

0.036746 1e-05

0.037024 1.2e-05

0.037678 9e-06

0.037548 1.1e-05

0.036947 9e-06

0.036639 1.1e-05

0.036827 1e-05

0.036908 1.2e-05

0.037666 1.1e-05

0.037169 8e-06

0.036937 9e-06

0.03696 1.3e-05

0.037872 8e-06

0.037117 9e-06

0.036881 9e-06

0.036903 1.1e-05

0.037847 1e-05

0.036949 1e-05

0.037054 9e-06

0.037212 1.1e-05

0.036958 1.1e-05

0.037774 1e-05

0.037142 1e-05

0.038089 1e-05

0.036962 1.2e-05

0.037659 8e-06

0.037095 1e-05

0.037136 9e-06

0.036769 9e-06

0.036951 1e-05

0.036898 9e-06

0.03692 1.2e-05

0.036904 8e-06

0.036527 1e-05

0.03742 1.1e-05

0.037756 1e-05

0.037041 1e-05

0.036976 9e-06

0.037152 1.4e-05

0.036998 1.2e-05

0.037042 1.2e-05

0.037046 9e-06

0.0368 1e-05

0.036606 1e-05

0.036635 1.2e-05

0.037133 1e-05

0.037342 9e-06

0.036967 9e-06

0.036872 9e-06

0.036562 1.4e-05

0.03829 1.1e-05

0.037659 8e-06

0.036844 1e-05

0.037551 1e-05

0.037106 1.1e-05

0.036951 9e-06

0.036939 8e-06

0.036893 8e-06

0.037105 1.3e-05

0.037848 8e-06

0.036995 1e-05

0.037246 1.1e-05

0.038144 9e-06

0.037494 1e-05

0.037017 1e-05

0.03717 1e-05

0.036919 9e-06

0.037211 8e-06

0.036486 1.1e-05

0.036812 1.1e-05

0.036753 9e-06

0.036772 1.3e-05

0.037063 1.1e-05

0.037262 9e-06

0.037491 9e-06

0.036941 1.1e-05

0.037014 1.1e-05

0.036862 1.2e-05

0.037919 1.1e-05

0.038227 9e-06

0.037119 8e-06

0.03748 1e-05

0.036913 8e-06

0.03707 1.5e-05

0.038243 1e-05

0.03684 1.1e-05

0.036783 1e-05

0.036967 9e-06

0.038494 1.1e-05

0.037663 7e-06

0.036784 9e-06

0.03738 1.2e-05

0.03746 1.1e-05

0.037037 1e-05

0.038085 9e-06

0.036746 1e-05

0.036979 9e-06

0.036944 1e-05

0.037492 1.3e-05

0.037659 1.2e-05

0.036939 1.4e-05

0.03774 1e-05

0.037277 9e-06

0.036844 9e-06

0.036763 1.1e-05

0.037923 9e-06

0.037284 1e-05

0.036635 9e-06

0.036789 1.5e-05

0.037902 1.2e-05

0.036848 9e-06

0.037836 1e-05

0.037225 9e-06

0.036902 1e-05

0.037309 1.5e-05

0.037725 9e-06

0.037822 1.1e-05

0.03756 1.1e-05

0.036928 1.1e-05

0.037539 1.2e-05

0.036931 1.2e-05

0.03842 1e-05

0.036918 1.4e-05

0.037561 1e-05

0.038054 1e-05

0.036839 1e-05

0.036807 1e-05

0.036893 9e-06

0.037295 1e-05

0.037183 1.1e-05

0.036796 1.1e-05

0.038327 8e-06

0.036729 1e-05

0.037755 1.2e-05

0.036833 1.2e-05

0.037815 1e-05

0.037205 1.1e-05

0.036832 1e-05

0.037222 1e-05

0.036876 1e-05

0.036832 1e-05

0.037422 1.1e-05

0.036778 1.4e-05

0.038294 1.2e-05

0.03741 1e-05

0.037137 1e-05

0.036885 1.1e-05

0.037736 1.4e-05

0.038154 1.1e-05

0.036926 1.1e-05

0.037928 1e-05

