0.004381 7.4e-05

0.004374 5.8e-05

0.004427 5.8e-05

0.004333 6.5e-05

0.004319 6e-05

0.004362 6.8e-05

0.004391 6.2e-05

0.004348 6.5e-05

0.004352 5.8e-05

0.004352 5.7e-05

0.004413 5.2e-05

0.004338 5.8e-05

0.004319 7.3e-05

0.004451 4.6e-05

0.004442 8.7e-05

0.004475 6.9e-05

0.004339 6.6e-05

0.004403 9.8e-05

0.004355 6.6e-05

0.004477 8.9e-05

0.004403 4.2e-05

0.004342 5.9e-05

0.004332 6.6e-05

0.004317 7.2e-05

0.0044 5.2e-05

0.004366 6.2e-05

0.004369 5.9e-05

0.004341 5.3e-05

0.004354 6.2e-05

0.004358 4.7e-05

0.004328 7e-05

0.004353 6e-05

0.004371 5.5e-05

0.004414 7.1e-05

0.004375 9.1e-05

0.004376 7.5e-05

0.00443 7.4e-05

0.00435 9.2e-05

0.004369 5.6e-05

0.004337 5.1e-05

0.004355 7.6e-05

0.004405 5.3e-05

0.004322 5.2e-05

0.004369 5.5e-05

0.004427 4.5e-05

0.004405 4.6e-05

0.004332 5.2e-05

0.00441 5.8e-05

0.004315 6.3e-05

0.004405 4.7e-05

0.004342 4.9e-05

0.004361 5.5e-05

0.004381 6.7e-05

0.004412 5.5e-05

0.004339 5.5e-05

0.004368 7.4e-05

0.004324 5.2e-05

0.004347 6.9e-05

0.004386 7.7e-05

0.004375 5e-05

0.004344 7.6e-05

0.004364 6.1e-05

0.00443 4.9e-05

0.004317 6e-05

0.004352 6.2e-05

0.004356 6.6e-05

0.00437 8.4e-05

0.00437 5.8e-05

0.004518 7.6e-05

0.004422 6.1e-05

0.004323 6.1e-05

0.004381 5.7e-05

0.00436 5.5e-05

0.004342 6e-05

0.004318 5.3e-05

0.004349 3.7e-05

0.004322 5.5e-05

0.004338 9.9e-05

0.004408 4.1e-05

0.004408 5.3e-05

0.004395 3.7e-05

0.004356 7.8e-05

0.004387 5.2e-05

0.004384 5.2e-05

0.004409 7.2e-05

0.004339 6.2e-05

0.004326 7.8e-05

0.004323 6.5e-05

0.004387 5.2e-05

0.004348 6.9e-05

0.004313 5.8e-05

0.004389 5.5e-05

0.004397 4.6e-05

0.004314 4.8e-05

0.004359 4.2e-05

0.004323 4.2e-05

0.004354 7.1e-05

0.00445 4.7e-05

0.004368 8.2e-05

0.004376 4.3e-05

0.004329 7.4e-05

0.004324 4.6e-05

0.004405 6.7e-05

0.004398 5.2e-05

0.004342 4.6e-05

0.004359 6.8e-05

0.004321 4.8e-05

0.004407 5.4e-05

0.004313 5e-05

0.00434 5.8e-05

0.004323 5.1e-05

0.004352 4.4e-05

0.004398 4.4e-05

0.004369 6.8e-05

0.004425 4.8e-05

0.004373 6.5e-05

0.004336 6.2e-05

0.004411 5.4e-05

0.004323 7.5e-05

0.004366 6.1e-05

0.004431 5.6e-05

0.004362 6.9e-05

0.004433 7.5e-05

0.004374 8.9e-05

0.004397 7.4e-05

0.004309 4.6e-05

0.004381 4.7e-05

0.004395 5e-05

0.004358 6.1e-05

0.00434 7.9e-05

0.004411 7.3e-05

0.004369 7.9e-05

0.004331 5.6e-05

0.004402 6.9e-05

0.004368 4.8e-05

0.004389 5.9e-05

0.004349 7.3e-05

0.004343 5.8e-05

0.004359 3.8e-05

0.004361 6.9e-05

0.004326 6.7e-05

0.004379 6.1e-05

0.004453 5.8e-05

0.004315 7.2e-05

0.004362 6.4e-05

0.004359 5.6e-05

0.004363 7.9e-05

0.004324 5.7e-05

0.004346 8.5e-05

0.004315 5.5e-05

0.004329 4.9e-05

0.004346 6e-05

0.004338 8.4e-05

0.004367 4.7e-05

0.004365 5.6e-05

0.004405 5.2e-05

0.004423 6.5e-05

0.004352 5.1e-05

0.004351 7.5e-05

0.004365 7.1e-05

0.004364 7.1e-05

0.004335 6.5e-05

0.004388 5.2e-05

0.004378 5.1e-05

0.004414 6.8e-05

0.004361 5.8e-05

0.004391 6.6e-05

0.004398 6.4e-05

0.004331 9.1e-05

0.00439 6.8e-05

0.004421 6.6e-05

0.004355 7.7e-05

0.004351 5.2e-05

0.004319 7.8e-05

0.004385 6.9e-05

0.004354 7.4e-05

0.004369 5e-05

0.004364 4.7e-05

0.00442 5.3e-05

0.004354 8.3e-05

0.004317 5.3e-05

0.004337 5.8e-05

0.004462 4.8e-05

0.0043 7.8e-05

0.004317 5.1e-05

0.00434 5.2e-05

0.004352 3.8e-05

0.00428 4.7e-05

0.004343 6.7e-05

0.004356 5.7e-05

0.004365 6.7e-05

0.004389 4.4e-05

0.004346 5.3e-05

0.004314 6.3e-05

0.004342 5.2e-05

0.004367 5.1e-05

0.004353 4.9e-05

0.004323 4.9e-05

0.004423 8.2e-05

0.004407 6.3e-05

0.004343 6.4e-05

0.004384 8.4e-05

0.004371 5.7e-05

0.004344 6.1e-05

0.004341 6e-05

0.004319 3.9e-05

0.004313 5.6e-05

0.004388 5.8e-05

0.00436 6e-05

0.004304 7.5e-05

0.004353 5.9e-05

0.004334 5.6e-05

0.004362 6.4e-05

0.004339 5.9e-05

0.004432 6.5e-05

0.00439 5.6e-05

0.004349 4.7e-05

0.004335 5e-05

0.004338 4.8e-05

0.004364 4.5e-05

0.004388 6.4e-05

0.004407 5.9e-05

0.004391 8.1e-05

0.004399 6.6e-05

0.004407 6.5e-05

0.00439 8.1e-05

0.004367 5.9e-05

0.004306 6.6e-05

0.004298 0.0001

0.004411 6.5e-05

0.00438 4.3e-05

0.004327 6.4e-05

0.004322 6.3e-05

0.004432 5e-05

0.004336 6e-05

0.00441 6.9e-05

0.004344 5.8e-05

0.004366 5.2e-05

0.00434 5.2e-05

0.004322 7.5e-05

0.004364 5.1e-05

0.004508 8.7e-05

0.004357 5.2e-05

0.00433 7e-05

0.004339 6.7e-05

0.004312 6.9e-05

0.004351 5.8e-05

0.004329 8.2e-05

0.004358 0.000101

0.004334 4.9e-05

0.004377 6.1e-05

0.004355 4.9e-05

0.004358 6.1e-05

0.004339 6.7e-05

0.00448 5e-05

0.004353 5.2e-05

0.00436 5.5e-05

0.004345 8.5e-05

0.004354 4.4e-05

0.004355 7.1e-05

0.004318 4e-05

0.004396 5.6e-05

0.004374 7.1e-05

0.004354 5.2e-05

0.004345 4.8e-05

0.00434 5.2e-05

0.004319 6.1e-05

0.004356 4.8e-05

0.004321 4.5e-05

0.004369 6.3e-05

0.004302 5.3e-05

0.004312 7.3e-05

0.004329 5.1e-05

0.004367 3.8e-05

0.004354 5.6e-05

0.004398 5.7e-05

0.004415 6.3e-05

0.004348 0.000106

0.004308 6.9e-05

0.00433 7.1e-05

0.004416 5.5e-05

0.00431 5.5e-05

0.00434 5.1e-05

0.004338 5.4e-05

0.004449 8.2e-05

0.004414 7.2e-05

0.004375 4.7e-05

0.004348 4.4e-05

0.004409 6.8e-05

0.004364 7e-05

0.004341 7.4e-05

0.004287 6.5e-05

0.004368 5.7e-05

0.004417 4.9e-05

0.004358 5.6e-05

0.004313 5.4e-05

0.004465 5.3e-05

0.004321 4.8e-05

0.004356 4.5e-05

0.004425 6.2e-05

0.004318 5.4e-05

0.004357 5e-05

0.004354 5.9e-05

0.004444 6.9e-05

0.004418 6.7e-05

0.004365 6.7e-05

0.004327 5e-05

0.004322 4.8e-05

0.00429 4.8e-05

0.00439 8.2e-05

0.004332 5e-05

0.004351 4.1e-05

0.004336 7.6e-05

0.004356 6.2e-05

0.004425 5e-05

0.004351 4.3e-05

0.004318 6.4e-05

0.004331 6.2e-05

0.004366 5.6e-05

0.004447 5.6e-05

0.00436 7e-05

0.004319 5.9e-05

0.004348 4.8e-05

0.004318 8.2e-05

0.004378 4.7e-05

0.004327 6.9e-05

0.004388 5.1e-05

0.004371 7.3e-05

0.004333 4.4e-05

0.004336 4.3e-05

0.004396 7.5e-05

0.004358 5.7e-05

0.004403 7.8e-05

0.004376 5.9e-05

0.004344 8.5e-05

0.004409 6.1e-05

0.004355 4.1e-05

0.004368 6.8e-05

0.004317 7.3e-05

0.004402 5.8e-05

0.004314 8.8e-05

0.004351 6.2e-05

0.004353 6.3e-05

0.004381 4.6e-05

0.004412 6.3e-05

0.004417 6e-05

0.004351 5.3e-05

0.004375 5.2e-05

0.004461 7.9e-05

0.004397 6e-05

0.004387 5.7e-05

0.004328 6.2e-05

0.004341 5.3e-05

0.004335 5.1e-05

0.004346 4.5e-05

0.004361 7e-05

0.004382 6.6e-05

0.004318 8.4e-05

0.00432 7.3e-05

0.004357 6.3e-05

0.004488 6.6e-05

0.004303 4.5e-05

0.004292 7e-05

0.004315 7.6e-05

0.004367 4.9e-05

0.004347 6.7e-05

0.004349 7.1e-05

0.004346 5.3e-05

0.004304 5.8e-05

0.00436 5.8e-05

0.00437 8.8e-05

0.004307 8.2e-05

0.004422 6.8e-05

0.004379 5.4e-05

0.0043 6.6e-05

0.004339 6.9e-05

0.004363 5.1e-05

0.004447 8.5e-05

0.004376 5.2e-05

0.004479 7.8e-05

0.004372 5.1e-05

0.004357 6.7e-05

0.004336 6.2e-05

0.004402 4.4e-05

0.004439 7.9e-05

0.004424 8.8e-05

0.004392 7.4e-05

0.004358 7.2e-05

0.004291 6.9e-05

0.004342 5.1e-05

0.004394 6.7e-05

0.004364 4.6e-05

0.004343 4.3e-05

0.004336 5.4e-05

0.004418 5.7e-05

0.004362 8e-05

0.004349 7.1e-05

0.004305 4.4e-05

0.004393 5.9e-05

0.00433 5.6e-05

0.00432 6.8e-05

0.004319 9.2e-05

0.004332 6.6e-05

0.004382 5.6e-05

0.004354 5.2e-05

0.00439 4.6e-05

0.004335 5.4e-05

0.004394 5.9e-05

0.004371 6.8e-05

0.004337 8.4e-05

0.00435 6.7e-05

0.004443 5.4e-05

0.004368 4.8e-05

0.004335 6e-05

0.004355 5.7e-05

0.004325 5.6e-05

0.004344 3.7e-05

0.004505 6.5e-05

0.004387 5.4e-05

0.004337 5.6e-05

0.004372 5.3e-05

0.00431 6.2e-05

0.004405 5.9e-05

0.004334 6e-05

0.004311 4.8e-05

0.004436 6.6e-05

0.004316 8.8e-05

0.004328 6.8e-05

0.004333 5.8e-05

0.00444 6.9e-05

0.004349 4.9e-05

0.004491 7.5e-05

0.004376 6.4e-05

0.004377 4.9e-05

0.004379 4.7e-05

0.004306 8e-05

0.004317 8.8e-05

0.004382 5.1e-05

0.00437 5.5e-05

0.004337 4.8e-05

0.004331 5.4e-05

0.004332 5.1e-05

0.004352 4.9e-05

0.004375 4.5e-05

0.004375 6.6e-05

0.004374 6.7e-05

0.004329 8e-05

0.004386 6.6e-05

0.0044 8.1e-05

0.004369 7.1e-05

0.004454 5.5e-05

0.004352 5.1e-05

0.004368 5.4e-05

0.004351 6.3e-05

0.004347 6.8e-05

0.004368 7.2e-05

0.004427 5.5e-05

0.004375 5.4e-05

0.004335 7.8e-05

0.004369 4.6e-05

0.004405 5.3e-05

0.004334 4.9e-05

0.004325 7.7e-05

0.004335 4.1e-05

0.004313 5.6e-05

0.004349 5e-05

0.004315 7.1e-05

0.004338 6.5e-05

0.004469 6.9e-05

0.004336 6.1e-05

0.004394 6.3e-05

0.004361 6.2e-05

0.004417 7.7e-05

0.004325 6.9e-05

0.004345 4e-05

0.004368 9.1e-05

0.004446 4.3e-05

0.004344 9e-05

0.004337 7e-05

0.004313 4.2e-05

0.004329 5.5e-05

0.00439 6.7e-05

0.00433 8.8e-05

0.004336 4.8e-05

0.00437 5.4e-05

0.004379 5.4e-05

0.004308 4.6e-05

0.00431 5e-05

0.004385 7.9e-05

0.004395 4.7e-05

0.004386 7.2e-05

0.004328 4.5e-05

0.004335 5.8e-05

0.004419 4.7e-05

0.00435 5.2e-05

0.00433 7.6e-05

0.004378 6e-05

0.004356 5.7e-05

0.004347 5.1e-05

0.004424 7.5e-05

0.00433 6.8e-05

0.004323 6.1e-05

0.004298 5e-05

0.004312 5.4e-05

0.004339 3.8e-05

0.004396 9.2e-05

0.004365 4.6e-05

0.004312 7.4e-05

0.004358 6.3e-05

0.004349 7.1e-05

0.004383 5.5e-05

0.004302 5.8e-05

0.004368 5.4e-05

0.004342 8.7e-05

0.004395 6.7e-05

0.004358 4.9e-05

0.004401 6.5e-05

0.00433 4.8e-05

0.004359 7.2e-05

0.004339 4.9e-05

0.004302 5.6e-05

0.004277 6.3e-05

0.004304 6.6e-05

0.00436 6.6e-05

0.004324 6.7e-05

0.004372 7e-05

0.004346 4.9e-05

0.004403 7.6e-05

0.004426 6.4e-05

0.004347 4.6e-05

0.004402 8.7e-05

0.004422 4.7e-05

0.004351 7.8e-05

0.004337 4.8e-05

0.00436 5.7e-05

0.004405 4.3e-05

0.00443 5.3e-05

0.004425 4.5e-05

0.00441 6.6e-05

0.004304 4.2e-05

0.004422 6.5e-05

0.004314 7e-05

0.004364 3.7e-05

0.004335 4.7e-05

0.004388 4.7e-05

0.004336 7.9e-05

0.004334 4.9e-05

0.004362 4.1e-05

0.004437 5.9e-05

0.004339 4.8e-05

0.004323 7.3e-05

0.004366 5.8e-05

0.004373 5.5e-05

0.004329 6.5e-05

0.004375 4.8e-05

0.004367 5.7e-05

0.004346 7.2e-05

0.004355 5.9e-05

0.004314 7.6e-05

0.004345 6.8e-05

0.00437 5.1e-05

0.004353 5.7e-05

0.004335 4.7e-05

0.00438 5.7e-05

0.004346 6.4e-05

0.004339 7.7e-05

0.004399 6.6e-05

0.00437 7.6e-05

0.004407 4.7e-05

0.004376 7.4e-05

0.004332 5.1e-05

0.004354 5.6e-05

0.004284 3.7e-05

0.00436 4.7e-05

0.004363 4.3e-05

0.004347 6.1e-05

0.004399 8e-05

0.004324 6.7e-05

0.004412 5.1e-05

0.004346 5.8e-05

0.004419 7.7e-05

0.004318 5.5e-05

0.004346 5.3e-05

0.004328 5e-05

0.004319 5.1e-05

0.004369 4.7e-05

0.004379 5.5e-05

0.004366 6.7e-05

0.004438 5.1e-05

0.004343 6.7e-05

0.004346 3.8e-05

0.004421 3.8e-05

0.004345 5.2e-05

0.004338 7.1e-05

0.004319 6.3e-05

0.004482 6.3e-05

0.00432 6.4e-05

0.004324 6.4e-05

0.004317 6.7e-05

0.00442 7.8e-05

0.004389 5.4e-05

0.004364 7.4e-05

0.004389 4.5e-05

0.00443 6.4e-05

0.004366 6.6e-05

0.004315 5.3e-05

0.004341 6.7e-05

0.004408 6.1e-05

0.004343 5.4e-05

0.004393 7.1e-05

0.004345 8.1e-05

0.004397 5.4e-05

0.004393 6.8e-05

0.004328 7.9e-05

0.004345 7.5e-05

0.004317 7.1e-05

0.004347 6e-05

0.004325 5.3e-05

0.004336 5.6e-05

0.004351 6.4e-05

0.004337 5e-05

0.004427 5.7e-05

0.004319 5.5e-05

0.004347 4.9e-05

0.004307 6.3e-05

0.004337 6.7e-05

0.004318 7.6e-05

0.004342 5e-05

0.004386 4.9e-05

0.004343 6e-05

0.004307 5.6e-05

0.004371 6.7e-05

0.004323 6e-05

0.00445 4.1e-05

0.004377 4.9e-05

0.004346 4.9e-05

0.004281 6.6e-05

0.004324 5.4e-05

0.004432 6.3e-05

0.004365 7.2e-05

0.004363 4.7e-05

0.004335 4.9e-05

0.004366 4.8e-05

0.004321 5.9e-05

0.004354 4.8e-05

0.004343 8.2e-05

0.004485 4.4e-05

0.004404 6.6e-05

0.004326 5.9e-05

0.004342 6.6e-05

0.004385 6e-05

0.004298 6.1e-05

0.004321 3.8e-05

0.004382 4.7e-05

0.004392 6.7e-05

0.004356 6.8e-05

0.004322 4.8e-05

0.004329 7.4e-05

0.004397 8e-05

0.004334 7.2e-05

0.004352 7.6e-05

0.004367 7.6e-05

0.004424 6.3e-05

0.004351 5.7e-05

0.004334 5.3e-05

0.004367 7.1e-05

0.00439 5.9e-05

0.004386 6.6e-05

0.004361 5.3e-05

0.004385 5.8e-05

0.004297 5e-05

0.004422 5.1e-05

0.004444 5.4e-05

0.004347 6.3e-05

0.004383 5.4e-05

0.004324 5.2e-05

0.004328 6.9e-05

0.004314 8.4e-05

0.004339 9e-05

0.004318 5.4e-05

0.004336 5.3e-05

0.004318 8.1e-05

0.004359 5.7e-05

0.004329 7.5e-05

0.004369 5.6e-05

0.004365 5.4e-05

0.004371 5.4e-05

0.00434 4.7e-05

0.004396 6.6e-05

0.004336 8.3e-05

0.004418 4.8e-05

0.004464 5.1e-05

0.004431 5.2e-05

0.004438 6.3e-05

0.004343 5.5e-05

0.004394 5.6e-05

0.004344 4.7e-05

0.004356 6.4e-05

0.004339 6.8e-05

0.004346 5.1e-05

0.004354 4.4e-05

0.004332 7e-05

0.004355 5.9e-05

0.004327 6.7e-05

0.004313 5.6e-05

0.004414 6.5e-05

0.004399 6e-05

0.004272 4.6e-05

0.004344 6.7e-05

0.004361 6e-05

0.004348 7.9e-05

0.004357 6.1e-05

0.004306 5.7e-05

0.004325 4.6e-05

0.004378 6.2e-05

0.004332 7e-05

0.004348 5.4e-05

0.004364 6.4e-05

0.004373 5.9e-05

0.004312 5.9e-05

0.004367 8.2e-05

0.004348 4.1e-05

0.004501 5.4e-05

0.004319 4.2e-05

0.004366 6.4e-05

0.004411 5.9e-05

0.004419 6.8e-05

0.004374 5.4e-05

0.004379 5.9e-05

0.004357 5.8e-05

0.004328 6.4e-05

0.004347 5.3e-05

0.004322 4.5e-05

0.004356 6e-05

0.004326 9.1e-05

0.004382 7.4e-05

0.004354 5.4e-05

0.004402 7.5e-05

0.004311 7.5e-05

0.004335 8.3e-05

0.004346 5.5e-05

0.004329 6.3e-05

0.004324 7.2e-05

0.004336 5.1e-05

0.004378 5e-05

0.00434 5.6e-05

0.004415 4.2e-05

0.004335 7.2e-05

0.004338 5.9e-05

0.00433 6.1e-05

0.004283 8.5e-05

0.004386 7.4e-05

0.004354 7e-05

0.004314 6.1e-05

0.004316 5.7e-05

0.004316 8.3e-05

0.004312 5.1e-05

0.004446 7.8e-05

0.00436 4.7e-05

0.004339 5.2e-05

0.004367 6.5e-05

0.004428 6.1e-05

0.00431 3.8e-05

0.004328 7.7e-05

0.004397 6.3e-05

0.004448 5.2e-05

0.004327 5.4e-05

0.004349 6.3e-05

0.004411 6.1e-05

0.004338 9.1e-05

0.004392 6.2e-05

0.00438 4.1e-05

0.004372 7.1e-05

0.004335 9.7e-05

0.004324 4.7e-05

0.004413 6.8e-05

0.00435 6.8e-05

0.00444 6.8e-05

0.004346 6.5e-05

0.004418 4.9e-05

0.004302 5.6e-05

0.004346 6.3e-05

0.004343 4.4e-05

0.004323 7.8e-05

0.004386 6.4e-05

0.004359 6.1e-05

0.004352 6.3e-05

0.004351 5.5e-05

0.004394 4.9e-05

0.004382 4.1e-05

0.00433 4.8e-05

0.004361 5.8e-05

0.004369 7e-05

0.004366 6.7e-05

0.004346 7.2e-05

0.004378 4.2e-05

0.004365 6.9e-05

0.004347 5.2e-05

0.004334 6.1e-05

0.004369 5.6e-05

0.004417 6.4e-05

0.004404 5.7e-05

0.00432 6.2e-05

0.004396 6.3e-05

0.004428 5.6e-05

0.004369 3.9e-05

0.004334 5.9e-05

0.004363 5.8e-05

0.004358 6.1e-05

0.004347 4.6e-05

0.004458 6.6e-05

0.004362 5.2e-05

0.004345 6e-05

0.0043 6.3e-05

0.00434 4.9e-05

0.004365 5.1e-05

0.004339 5.1e-05

0.004328 4.9e-05

0.004343 7.8e-05

0.004352 6.3e-05

0.004339 6.2e-05

0.00443 5.1e-05

0.004351 4.3e-05

0.004417 5.7e-05

0.004336 4.5e-05

0.004363 4.5e-05

0.004433 5.8e-05

0.004356 5.9e-05

0.004353 6.7e-05

0.004353 5.8e-05

0.004382 7.4e-05

0.004333 7.5e-05

0.004347 5.6e-05

0.004342 5.3e-05

0.004335 5.9e-05

0.004356 6.3e-05

0.004368 5.1e-05

0.004355 8.2e-05

0.00434 6.5e-05

0.004354 7.8e-05

0.004322 6.2e-05

0.004317 6.5e-05

0.004426 7.8e-05

0.004416 5.3e-05

0.004311 6.5e-05

0.004335 6.5e-05

0.004345 4.9e-05

0.004351 5.9e-05

0.004366 4.7e-05

0.004392 8.6e-05

0.004404 6.5e-05

0.004315 4.6e-05

0.004353 7.6e-05

0.004342 7.7e-05

0.00436 5.6e-05

0.004359 5.5e-05

0.004337 5.1e-05

0.004336 5.3e-05

0.004299 5.5e-05

0.004346 4.6e-05

0.004339 5.5e-05

0.004349 5.3e-05

0.004443 7.5e-05

0.004404 5.4e-05

0.004318 6.4e-05

0.004392 4.8e-05

0.004334 8.5e-05

0.004412 6.4e-05

0.004353 5.4e-05

0.004413 4.5e-05

0.004387 7.8e-05

0.004333 5.7e-05

0.004354 4.8e-05

0.004358 6.4e-05

0.004349 5.4e-05

0.004429 6.3e-05

0.0044 5.6e-05

0.004365 6.7e-05

0.004386 6.1e-05

0.004335 4.3e-05

0.004359 6.6e-05

0.004335 4.1e-05

0.004401 7.1e-05

0.004375 3.8e-05

0.004406 7.9e-05

0.004356 6.6e-05

0.00439 5.6e-05

0.004316 7.2e-05

0.004335 7.6e-05

0.004444 6.2e-05

0.004328 5.6e-05

0.004348 5.2e-05

0.004325 4.7e-05

0.004303 4.6e-05

0.004373 4.8e-05

0.004325 4.3e-05

0.004331 4.7e-05

0.004342 5.4e-05

0.004338 5.9e-05

0.004336 5.7e-05

0.004326 5.1e-05

0.004323 4.3e-05

0.004379 5.5e-05

0.004368 7.7e-05

0.00434 4.2e-05

0.004321 5.5e-05

0.004368 5.5e-05

0.004367 6.2e-05

0.004337 5.3e-05

0.004345 7.1e-05

0.004335 5.5e-05

0.004324 6e-05

0.004331 6.7e-05

0.004406 6.9e-05

0.004354 7.9e-05

0.004385 5.1e-05

0.004331 5e-05

0.004417 6.8e-05

0.004438 5.1e-05

0.004327 5.3e-05

0.004397 6.1e-05

0.00439 6.8e-05

0.004408 5.6e-05

0.004366 8.8e-05

0.004354 6.3e-05

0.004358 4.6e-05

0.004418 7.7e-05

0.004382 8e-05

0.004417 5.9e-05

0.0044 5.3e-05

0.00431 5.9e-05

0.004391 5.5e-05

0.004376 6.5e-05

0.004414 5.9e-05

0.004358 5.9e-05

0.004309 6.6e-05

0.004389 5.5e-05

0.004327 4.7e-05

0.004307 9.6e-05

0.004354 4.9e-05

0.004417 8e-05

0.004358 8e-05

0.004332 4.9e-05

0.004296 4e-05

0.004366 4.8e-05

0.004367 5.2e-05

0.004339 5.4e-05

0.004372 7e-05

0.004346 6.1e-05

0.004384 5.9e-05

0.004346 6.4e-05

0.004353 6.8e-05

0.004337 7.5e-05

0.004396 5.4e-05

0.004316 4.8e-05

0.004374 5.4e-05

0.004334 5.4e-05

0.004407 7.2e-05

0.004351 8.1e-05

0.004314 5.6e-05

0.004525 6.1e-05

0.004407 5.3e-05

0.004327 5.6e-05

0.004337 4.9e-05

0.004354 5.3e-05

0.004391 5.8e-05

0.004357 7.5e-05

0.004406 6e-05

0.004339 5.8e-05

0.00432 6.1e-05

0.004365 6.3e-05

0.004331 5.9e-05

0.004341 6.6e-05

0.004329 8.4e-05

0.004483 7.7e-05

0.004268 5.5e-05

0.004409 7.7e-05

0.004317 7.4e-05

0.00438 4.5e-05

0.004361 8.7e-05

0.004365 7.6e-05

0.004315 7e-05

0.004308 5.9e-05

0.00441 5.2e-05

0.004411 5.2e-05

0.004315 3.8e-05

0.004351 8.2e-05

0.004445 5.6e-05

0.004328 5.4e-05

0.004371 3.8e-05

0.004307 6.3e-05

0.004396 6.4e-05

0.004348 4.4e-05

0.004379 6.1e-05

0.004344 4.2e-05

0.004385 5.2e-05

0.004309 4.3e-05

0.004362 5.2e-05

0.00433 6.7e-05

0.004451 9.5e-05

