0.004619 4e-06

0.004567 4e-06

0.00442 3e-06

0.004344 4e-06

0.004385 3e-06

0.004489 4e-06

0.004345 3e-06

0.004335 4e-06

0.004312 3e-06

0.004382 8e-06

0.004958 6e-06

0.004469 5e-06

0.004462 4e-06

0.00437 3e-06

0.004338 3e-06

0.004404 5e-06

0.004366 5e-06

0.004373 3e-06

0.004368 3e-06

0.0044 3e-06

0.004332 2e-06

0.00437 2e-06

0.004321 2e-06

0.004452 3e-06

0.004329 2e-06

0.004403 3e-06

0.004311 3e-06

0.004396 4e-06

0.004322 3e-06

0.004335 3e-06

0.004325 3e-06

0.004397 4e-06

0.004429 4e-06

0.004376 3e-06

0.004356 4e-06

0.004411 4e-06

0.004357 4e-06

0.004339 3e-06

0.00433 2e-06

0.004344 3e-06

0.004357 3e-06

0.00438 3e-06

0.004354 4e-06

0.004399 4e-06

0.004331 3e-06

0.004381 3e-06

0.00433 3e-06

0.004391 3e-06

0.004302 3e-06

0.004321 3e-06

0.00434 3e-06

0.004353 3e-06

0.004296 4e-06

0.004328 3e-06

0.00431 3e-06

0.004359 3e-06

0.00434 3e-06

0.004358 3e-06

0.004323 2e-06

0.004316 3e-06

0.004336 3e-06

0.004438 4e-06

0.004321 3e-06

0.004387 4e-06

0.004379 6e-06

0.004355 3e-06

0.004325 3e-06

0.004387 3e-06

0.004372 3e-06

0.004353 3e-06

0.004328 3e-06

0.004359 3e-06

0.004359 3e-06

0.004378 2e-06

0.00429 3e-06

0.004452 3e-06

0.004322 3e-06

0.004338 3e-06

0.004362 4e-06

0.00435 4e-06

0.004326 3e-06

0.004325 3e-06

0.004304 3e-06

0.004345 3e-06

0.004318 3e-06

0.00436 3e-06

0.004335 3e-06

0.004374 3e-06

0.004359 3e-06

0.00432 3e-06

0.004317 3e-06

0.004401 3e-06

0.004338 3e-06

0.004317 3e-06

0.004317 3e-06

0.004383 4e-06

0.00439 4e-06

0.00438 3e-06

0.004404 3e-06

0.004348 3e-06

0.004338 3e-06

0.004353 3e-06

0.004311 3e-06

0.00431 3e-06

0.004336 3e-06

0.004387 3e-06

0.004364 3e-06

0.00437 3e-06

0.004354 3e-06

0.00433 3e-06

0.00433 3e-06

0.004343 3e-06

0.004352 3e-06

0.004322 2e-06

0.004384 3e-06

0.004351 2e-06

0.004312 4e-06

0.004351 3e-06

0.00429 3e-06

0.00436 4e-06

0.004348 2e-06

0.004316 3e-06

0.004407 4e-06

0.004345 3e-06

0.004318 4e-06

0.004402 3e-06

0.004328 3e-06

0.004357 3e-06

0.004311 3e-06

0.004306 3e-06

0.004392 3e-06

0.004368 3e-06

0.004294 3e-06

0.004323 3e-06

0.004341 3e-06

0.004339 4e-06

0.004334 3e-06

0.004394 3e-06

0.004344 3e-06

0.004362 3e-06

0.004333 2e-06

0.004448 4e-06

0.004329 3e-06

0.004348 3e-06

0.004338 3e-06

0.004441 4e-06

0.004359 3e-06

0.004354 3e-06

0.004335 3e-06

0.004309 3e-06

0.004335 3e-06

0.004385 3e-06

0.004314 3e-06

0.004329 4e-06

0.004319 2e-06

0.004344 3e-06

0.004335 3e-06

0.004316 3e-06

0.004367 3e-06

0.00436 5e-06

0.004369 3e-06

0.004382 3e-06

0.004323 3e-06

0.004342 4e-06

0.004337 3e-06

0.004441 3e-06

0.004368 3e-06

0.004401 4e-06

0.004325 3e-06

0.004295 3e-06

0.004333 3e-06

0.004417 4e-06

0.004309 3e-06

0.004362 4e-06

0.00435 2e-06

0.004352 4e-06

0.004362 3e-06

0.004329 3e-06

0.004378 3e-06

0.00442 3e-06

0.004329 3e-06

0.004391 4e-06

0.004355 3e-06

0.004319 3e-06

0.004331 4e-06

0.004372 3e-06

0.004347 2e-06

0.004408 3e-06

0.004319 3e-06

0.004311 3e-06

0.004318 4e-06

0.004384 3e-06

0.00439 3e-06

0.00432 3e-06

0.004317 3e-06

0.004372 3e-06

0.004314 3e-06

0.004364 4e-06

0.004338 3e-06

0.004345 4e-06

0.004384 3e-06

0.004342 2e-06

0.004353 4e-06

0.004355 4e-06

0.004323 3e-06

0.004373 3e-06

0.004314 3e-06

0.004347 4e-06

0.004335 4e-06

0.004308 3e-06

0.00438 3e-06

0.004359 4e-06

0.004315 4e-06

0.004321 2e-06

0.004276 3e-06

0.004386 4e-06

0.004342 3e-06

0.004355 3e-06

0.004324 3e-06

0.004344 3e-06

0.004351 3e-06

0.004384 3e-06

0.00436 3e-06

0.004379 5e-06

0.004378 3e-06

0.004401 3e-06

0.004331 3e-06

0.004354 3e-06

0.004347 3e-06

0.004329 3e-06

0.004295 3e-06

0.004388 3e-06

0.004338 3e-06

0.00431 3e-06

0.004308 3e-06

0.00434 3e-06

0.004316 3e-06

0.004356 3e-06

0.004386 4e-06

0.004375 3e-06

0.004313 3e-06

0.00435 4e-06

0.004315 4e-06

0.004344 4e-06

0.004337 3e-06

0.004401 3e-06

0.004351 4e-06

0.004398 3e-06

0.004372 4e-06

0.0043 3e-06

0.004333 4e-06

0.004365 3e-06

0.004321 3e-06

0.004302 3e-06

0.004277 3e-06

0.004381 4e-06

0.004308 3e-06

0.004341 3e-06

0.004326 3e-06

0.004382 3e-06

0.004367 4e-06

0.004376 3e-06

0.004364 3e-06

0.00432 3e-06

0.00433 3e-06

0.004371 3e-06

0.004324 3e-06

0.004392 4e-06

0.004416 3e-06

0.004299 3e-06

0.004316 4e-06

0.004314 3e-06

0.004317 3e-06

0.004304 3e-06

0.004372 4e-06

0.00435 4e-06

0.004385 5e-06

0.004343 4e-06

0.00429 3e-06

0.004365 3e-06

0.004293 3e-06

0.004333 3e-06

0.004348 3e-06

0.004351 4e-06

0.004355 3e-06

0.004387 2e-06

0.004308 2e-06

0.004359 3e-06

0.004342 3e-06

0.004422 3e-06

0.004382 3e-06

0.004354 4e-06

0.004319 2e-06

0.004344 2e-06

0.004297 2e-06

0.004364 4e-06

0.004376 4e-06

0.004344 4e-06

0.004297 3e-06

0.0044 5e-06

0.004324 3e-06

0.004429 4e-06

0.004304 3e-06

0.004316 4e-06

0.004354 2e-06

0.004395 2e-06

0.004288 3e-06

0.004452 3e-06

0.004349 3e-06

0.00433 2e-06

0.004322 2e-06

0.004348 3e-06

0.004369 3e-06

0.004274 3e-06

0.004322 3e-06

0.004385 3e-06

0.004317 3e-06

0.004366 3e-06

0.004334 3e-06

0.004347 3e-06

0.004364 3e-06

0.004351 4e-06

0.004379 3e-06

0.004395 3e-06

0.00431 2e-06

0.004413 3e-06

0.004339 3e-06

0.004342 4e-06

0.004367 4e-06

0.004319 3e-06

0.004316 3e-06

0.004405 4e-06

0.004343 3e-06

0.004302 3e-06

0.004321 4e-06

0.00435 3e-06

0.004292 4e-06

0.004364 3e-06

0.004291 3e-06

0.004382 3e-06

0.004329 4e-06

0.004399 3e-06

0.004298 4e-06

0.004415 3e-06

0.004295 3e-06

0.004345 3e-06

0.004379 3e-06

0.004411 3e-06

0.004321 3e-06

0.004324 3e-06

0.004326 3e-06

0.004351 4e-06

0.004345 3e-06

0.004357 3e-06

0.004335 3e-06

0.00435 5e-06

0.004342 4e-06

0.004345 3e-06

0.004325 3e-06

0.004341 2e-06

0.004287 3e-06

0.004357 2e-06

0.004362 3e-06

0.004364 4e-06

0.00435 3e-06

0.004369 2e-06

0.004352 3e-06

0.004359 3e-06

0.004369 3e-06

0.004334 3e-06

0.004333 3e-06

0.0044 3e-06

0.00457 3e-06

0.004387 4e-06

0.004322 3e-06

0.004319 3e-06

0.004403 3e-06

0.004364 3e-06

0.004324 3e-06

0.004334 3e-06

0.004379 3e-06

0.004354 4e-06

0.004354 4e-06

0.004352 3e-06

0.0044 4e-06

0.004366 3e-06

0.004451 3e-06

0.00435 2e-06

0.004385 3e-06

0.004358 3e-06

0.00433 3e-06

0.00434 3e-06

0.004344 4e-06

0.004307 3e-06

0.004369 2e-06

0.004335 3e-06

0.004383 3e-06

0.004277 3e-06

0.004345 3e-06

0.004363 3e-06

0.00444 3e-06

0.004302 4e-06

0.004355 3e-06

0.004324 3e-06

0.004386 5e-06

0.004525 4e-06

0.004389 3e-06

0.004339 3e-06

0.004393 4e-06

0.004346 4e-06

0.00437 3e-06

0.004309 2e-06

0.004419 3e-06

0.004313 3e-06

0.004368 3e-06

0.004324 3e-06

0.004427 4e-06

0.004376 3e-06

0.004348 3e-06

0.004364 3e-06

0.004364 4e-06

0.004299 4e-06

0.004336 3e-06

0.004354 3e-06

0.004374 4e-06

0.004375 3e-06

0.004368 4e-06

0.004344 3e-06

0.004409 2e-06

0.004345 3e-06

0.004372 2e-06

0.004358 3e-06

0.004384 4e-06

0.004309 3e-06

0.004394 3e-06

0.004348 3e-06

0.004532 4e-06

0.004316 3e-06

0.004325 3e-06

0.004359 3e-06

0.004402 3e-06

0.004303 3e-06

0.004364 3e-06

0.004315 3e-06

0.004446 3e-06

0.004331 3e-06

0.004423 3e-06

0.004365 3e-06

0.004388 3e-06

0.004334 4e-06

0.004365 2e-06

0.004369 3e-06

0.004412 3e-06

0.004364 3e-06

0.004381 3e-06

0.004378 3e-06

0.004414 4e-06

0.004343 3e-06

0.004363 4e-06

0.004393 3e-06

0.004323 4e-06

0.004345 4e-06

0.004332 3e-06

0.004358 3e-06

0.004395 4e-06

0.004338 3e-06

0.004367 2e-06

0.004368 3e-06

0.004349 3e-06

0.00431 3e-06

0.004329 3e-06

0.004372 3e-06

0.004383 4e-06

0.004352 3e-06

0.004351 3e-06

0.004358 4e-06

0.004383 3e-06

0.004367 3e-06

0.00432 4e-06

0.004357 4e-06

0.004417 4e-06

0.004366 3e-06

0.004293 2e-06

0.004334 2e-06

0.00439 4e-06

0.004326 4e-06

0.004387 2e-06

0.00436 3e-06

0.004414 4e-06

0.00429 3e-06

0.004307 3e-06

0.004381 3e-06

0.004381 3e-06

0.004328 3e-06

0.004348 4e-06

0.004296 2e-06

0.004505 4e-06

0.004297 3e-06

0.00437 3e-06

0.00437 4e-06

0.004464 3e-06

0.00434 3e-06

0.00435 3e-06

0.004324 3e-06

0.004426 4e-06

0.004387 4e-06

0.004368 4e-06

0.004366 3e-06

0.004391 4e-06

0.004296 3e-06

0.004421 3e-06

0.004354 2e-06

0.004414 3e-06

0.004326 2e-06

0.00429 2e-06

0.004354 3e-06

0.004544 5e-06

0.004357 3e-06

0.0043 3e-06

0.004364 3e-06

0.004417 3e-06

0.00433 3e-06

0.004297 3e-06

0.00437 4e-06

0.004404 4e-06

0.004337 3e-06

0.004348 2e-06

0.004372 3e-06

0.004438 3e-06

0.00433 3e-06

0.004303 3e-06

0.004363 4e-06

0.004422 3e-06

0.004328 2e-06

0.004341 3e-06

0.00433 2e-06

0.004448 5e-06

0.0044 3e-06

0.004313 4e-06

0.004347 3e-06

0.004437 4e-06

0.004331 2e-06

0.00431 3e-06

0.004357 4e-06

0.004419 3e-06

0.004373 2e-06

0.004433 3e-06

0.004357 3e-06

0.004356 2e-06

0.004346 2e-06

0.004277 3e-06

0.004322 3e-06

0.00435 3e-06

0.004422 2e-06

0.004336 3e-06

0.004366 3e-06

0.004384 4e-06

0.004373 3e-06

0.004327 3e-06

0.004368 3e-06

0.004352 3e-06

0.004334 3e-06

0.004352 3e-06

0.004392 3e-06

0.004324 3e-06

0.004334 3e-06

0.004416 3e-06

0.00435 3e-06

0.004324 4e-06

0.004346 3e-06

0.004322 3e-06

0.004366 2e-06

0.004334 4e-06

0.004302 2e-06

0.004353 3e-06

0.00438 4e-06

0.004441 3e-06

0.004404 3e-06

0.004317 2e-06

0.004359 3e-06

0.004349 3e-06

0.00438 3e-06

0.004334 3e-06

0.00438 4e-06

0.00435 3e-06

0.004379 3e-06

0.004346 2e-06

0.004362 2e-06

0.004325 3e-06

0.004293 3e-06

0.00435 3e-06

0.004356 3e-06

0.00433 3e-06

0.004347 3e-06

0.004335 3e-06

0.004296 3e-06

0.00439 4e-06

0.004549 3e-06

0.004394 3e-06

0.004366 3e-06

0.004346 3e-06

0.004333 3e-06

0.004292 3e-06

0.004382 2e-06

0.00432 3e-06

0.004333 3e-06

0.004377 3e-06

0.004368 3e-06

0.004385 3e-06

0.004413 3e-06

0.004303 2e-06

0.004366 3e-06

0.004391 3e-06

0.00436 3e-06

0.004343 3e-06

0.00436 3e-06

0.004421 3e-06

0.00437 3e-06

0.004311 3e-06

0.004373 4e-06

0.004339 3e-06

0.004349 4e-06

0.004296 3e-06

0.004357 3e-06

0.004322 4e-06

0.004335 3e-06

0.004403 2e-06

0.004341 3e-06

0.004336 3e-06

0.004355 2e-06

0.004351 3e-06

0.004347 3e-06

0.004322 3e-06

0.004305 4e-06

0.004317 2e-06

0.004359 2e-06

0.0043 3e-06

0.004349 3e-06

0.004403 3e-06

0.00432 3e-06

0.004317 4e-06

0.004376 3e-06

0.00435 3e-06

0.004361 3e-06

0.004324 4e-06

0.004367 3e-06

0.00444 3e-06

0.004387 3e-06

0.004313 4e-06

0.004312 3e-06

0.004299 4e-06

0.00435 3e-06

0.004294 4e-06

0.004291 3e-06

0.004316 3e-06

0.004382 3e-06

0.004457 4e-06

0.004336 3e-06

0.004328 3e-06

0.004374 4e-06

0.004323 3e-06

0.004317 4e-06

0.00433 2e-06

0.004413 3e-06

0.004322 3e-06

0.004397 3e-06

0.004429 3e-06

0.004353 2e-06

0.004347 3e-06

0.004384 4e-06

0.004328 3e-06

0.004365 3e-06

0.004362 3e-06

0.004388 3e-06

0.004338 3e-06

0.004366 5e-06

0.004312 4e-06

0.004336 4e-06

0.004304 2e-06

0.004391 3e-06

0.004318 3e-06

0.004308 2e-06

0.004336 3e-06

0.004324 2e-06

0.00432 3e-06

0.004367 2e-06

0.004389 3e-06

0.004373 3e-06

0.004325 4e-06

0.004341 3e-06

0.004315 3e-06

0.004366 4e-06

0.004324 3e-06

0.004345 4e-06

0.004296 3e-06

0.00434 3e-06

0.004417 4e-06

0.004375 4e-06

0.004325 4e-06

0.004361 3e-06

0.004336 4e-06

0.004342 3e-06

0.004376 3e-06

0.004343 2e-06

0.00433 3e-06

0.004368 3e-06

0.004404 4e-06

0.004393 3e-06

0.004357 4e-06

0.004339 3e-06

0.004326 3e-06

0.004359 3e-06

0.004318 3e-06

0.004352 3e-06

0.004354 3e-06

0.004359 2e-06

0.00434 4e-06

0.004321 3e-06

0.004342 2e-06

0.004365 3e-06

0.004386 4e-06

0.004307 4e-06

0.00435 3e-06

0.004359 3e-06

0.004334 3e-06

0.004352 3e-06

0.004374 3e-06

0.004367 3e-06

0.004355 4e-06

0.00434 3e-06

0.004324 3e-06

0.004366 2e-06

0.004371 3e-06

0.004318 3e-06

0.004267 3e-06

0.004354 3e-06

0.004471 5e-06

0.004377 3e-06

0.004357 3e-06

0.004329 4e-06

0.004335 3e-06

0.004351 3e-06

0.004314 2e-06

0.004355 4e-06

0.004345 3e-06

0.004314 3e-06

0.004383 3e-06

0.004374 3e-06

0.004314 3e-06

0.004369 3e-06

0.004349 3e-06

0.004372 4e-06

0.004313 3e-06

0.004334 3e-06

0.00438 4e-06

0.004364 4e-06

0.004413 5e-06

0.00436 3e-06

0.004345 4e-06

0.004349 3e-06

0.004312 3e-06

0.00435 3e-06

0.004446 3e-06

0.004345 4e-06

0.004374 3e-06

0.004367 2e-06

0.00433 3e-06

0.004344 3e-06

0.004352 3e-06

0.004332 2e-06

0.004305 4e-06

0.004414 4e-06

0.004365 3e-06

0.00447 3e-06

0.004335 3e-06

0.004333 3e-06

0.004376 4e-06

0.004366 3e-06

0.004348 3e-06

0.004365 3e-06

0.004331 4e-06

0.004387 4e-06

0.004343 2e-06

0.004395 3e-06

0.004332 3e-06

0.004356 3e-06

0.004376 3e-06

0.004335 3e-06

0.004341 3e-06

0.004307 3e-06

0.004391 3e-06

0.004362 3e-06

0.004307 3e-06

0.004311 3e-06

0.004302 3e-06

0.004354 3e-06

0.004304 3e-06

0.004322 3e-06

0.004338 3e-06

0.004343 4e-06

0.004393 4e-06

0.004399 3e-06

0.004336 3e-06

0.004373 3e-06

0.0043 4e-06

0.004362 3e-06

0.004362 3e-06

0.00432 4e-06

0.004338 3e-06

0.00431 4e-06

0.004289 3e-06

0.004396 3e-06

0.004332 4e-06

0.004308 3e-06

0.004304 3e-06

0.004336 3e-06

0.004381 5e-06

0.004325 3e-06

0.004318 3e-06

0.004379 3e-06

0.004361 4e-06

0.00432 3e-06

0.004325 3e-06

0.004349 3e-06

0.004361 3e-06

0.004362 3e-06

0.00439 4e-06

0.004372 3e-06

0.00437 4e-06

0.004323 4e-06

0.00432 3e-06

0.004371 4e-06

0.004306 3e-06

0.004349 2e-06

0.004348 3e-06

0.004376 3e-06

0.004348 5e-06

0.004366 2e-06

0.004328 3e-06

0.004297 3e-06

0.004325 3e-06

0.004325 2e-06

0.004326 4e-06

0.004347 3e-06

0.004344 3e-06

0.004357 3e-06

0.004334 3e-06

0.004399 3e-06

0.004322 4e-06

0.00434 3e-06

0.004368 3e-06

0.004335 3e-06

0.00435 3e-06

0.004314 4e-06

0.004327 3e-06

0.004366 3e-06

0.004403 5e-06

0.004384 3e-06

0.004324 4e-06

0.00431 3e-06

0.004388 4e-06

0.004315 3e-06

0.004291 3e-06

0.004344 3e-06

0.004349 3e-06

0.004392 2e-06

0.004372 2e-06

0.004353 3e-06

0.0044 4e-06

0.004364 3e-06

0.004343 3e-06

0.004344 3e-06

0.004358 4e-06

0.004322 3e-06

0.004327 3e-06

0.004339 4e-06

0.004352 4e-06

0.004357 3e-06

0.004336 3e-06

0.004335 3e-06

0.004323 3e-06

0.004326 3e-06

0.004362 3e-06

0.004347 3e-06

0.004328 3e-06

0.004369 4e-06

0.004354 3e-06

0.004364 3e-06

0.004371 3e-06

0.004326 2e-06

0.004337 3e-06

0.00438 2e-06

0.004295 3e-06

0.004366 2e-06

0.004299 3e-06

0.004368 3e-06

0.004316 5e-06

0.004366 3e-06

0.004334 4e-06

0.004372 3e-06

0.004366 4e-06

0.004384 3e-06

0.004324 2e-06

0.00436 3e-06

0.004289 2e-06

0.004399 3e-06

0.004327 4e-06

0.004374 4e-06

0.004346 3e-06

0.004323 4e-06

0.004377 2e-06

0.004394 3e-06

0.004368 3e-06

0.004328 3e-06

0.004352 4e-06

0.004346 3e-06

0.004336 5e-06

0.004334 3e-06

0.004342 3e-06

0.004328 3e-06

0.004325 2e-06

0.004322 3e-06

0.004317 3e-06

0.004366 3e-06

0.004347 3e-06

0.004342 4e-06

0.004366 3e-06

0.004358 4e-06

0.004411 4e-06

0.004357 3e-06

0.00431 3e-06

0.004345 3e-06

0.004327 3e-06

0.004306 3e-06

0.004325 4e-06

0.004346 3e-06

0.004302 4e-06

0.004383 3e-06

0.004343 3e-06

0.004337 3e-06

0.004341 3e-06

0.004427 4e-06

0.004365 2e-06

0.004372 4e-06

0.004328 3e-06

0.00441 4e-06

0.004317 3e-06

0.004349 3e-06

0.004302 3e-06

0.004423 4e-06

0.004346 3e-06

0.004347 3e-06

0.00433 3e-06

0.004377 3e-06

0.004418 2e-06

0.004347 3e-06

0.004374 3e-06

0.004352 3e-06

0.004361 3e-06

0.004356 3e-06

0.004382 3e-06

0.004336 3e-06

0.004323 3e-06

0.004455 4e-06

0.004327 3e-06

0.004407 4e-06

0.004378 3e-06

0.004406 4e-06

0.004326 3e-06

0.004397 3e-06

0.00434 2e-06

0.004338 3e-06

0.00435 5e-06

0.004377 3e-06

0.004333 3e-06

0.004395 4e-06

0.004301 3e-06

0.004392 4e-06

0.004338 3e-06

0.004398 2e-06

0.004356 2e-06

0.004342 4e-06

0.004364 3e-06

0.004422 3e-06

0.004303 4e-06

0.004449 3e-06

0.004346 3e-06

0.004351 3e-06

0.004377 3e-06

0.004368 3e-06

0.00437 3e-06

0.004476 7e-06

0.004445 4e-06

0.004457 3e-06

0.004317 3e-06

0.004404 5e-06

0.004469 5e-06

0.004392 4e-06

0.00434 2e-06

0.004333 4e-06

