0.037142 0.000705

0.037832 0.000816

0.037179 0.000534

0.03703 0.000635

0.03761 0.000898

0.037443 0.000675

0.037461 0.00056

0.036704 0.001124

0.036921 0.000669

0.037514 0.000617

0.036761 0.000956

0.03697 0.000539

0.036705 0.000673

0.036801 0.000521

0.037003 0.000551

0.038286 0.000757

0.036885 0.000635

0.037005 0.000662

0.037143 0.00055

0.036647 0.000776

0.037021 0.000643

0.038087 0.000651

0.037367 0.000827

0.037781 0.000601

0.037005 0.000776

0.037301 0.000701

0.037064 0.000851

0.037829 0.000581

0.037411 0.000638

0.03707 0.000759

0.03701 0.000587

0.037085 0.000593

0.036978 0.000506

0.036918 0.000736

0.036839 0.000628

0.038947 0.001023

0.036749 0.000616

0.037149 0.001099

0.036868 0.000758

0.03722 0.00077

0.037767 0.000591

0.037991 0.000859

0.036877 0.000699

0.038332 0.000786

0.036833 0.000559

0.037948 0.000836

0.03735 0.000771

0.036953 0.000537

0.038473 0.000801

0.03768 0.000932

0.037105 0.000694

0.037932 0.000643

0.03765 0.000835

0.037647 0.000832

0.037041 0.000861

0.037343 0.0006

0.039042 0.0006

0.036624 0.001075

0.03691 0.000532

0.037068 0.000552

0.037133 0.000903

0.036968 0.001132

0.037127 0.000686

0.037114 0.000845

0.036889 0.000855

0.037 0.000859

0.037509 0.000604

0.036743 0.000655

0.03711 0.000855

0.037375 0.000688

0.036926 0.000976

0.036838 0.000701

0.037154 0.00082

0.038584 0.000648

0.036695 0.000858

0.036785 0.000617

0.037312 0.000987

0.038504 0.000715

0.036753 0.000769

0.036781 0.000497

0.036875 0.000657

0.038024 0.000532

0.03795 0.000658

0.037657 0.000554

0.03774 0.000738

0.037073 0.000795

0.038288 0.00074

0.036839 0.000724

0.037313 0.000788

0.037737 0.000607

0.037632 0.000569

0.037687 0.000641

0.037559 0.000771

0.03696 0.000602

0.036886 0.001316

0.037047 0.000891

0.037454 0.000894

0.036861 0.000837

0.036771 0.000649

0.037217 0.000706

0.037268 0.000679

0.036964 0.000643

0.037053 0.000745

0.03679 0.000773

0.037087 0.000543

0.03725 0.000838

0.037215 0.000691

0.037151 0.000674

0.03677 0.00076

0.036799 0.00083

0.037066 0.00076

0.037356 0.000948

0.03688 0.000782

0.037024 0.000715

0.037944 0.000674

0.036883 0.000531

0.038144 0.00081

0.036986 0.000608

0.036788 0.000666

0.037263 0.000773

0.037369 0.000767

0.036676 0.000777

0.0371 0.000738

0.038356 0.000715

0.037389 0.000917

0.037028 0.000696

0.037733 0.000646

0.036875 0.001019

0.038182 0.000993

0.037117 0.000744

0.037053 0.000751

0.036751 0.000749

0.037206 0.000738

0.036789 0.000827

0.037336 0.000757

0.037783 0.000583

0.036766 0.000656

0.036801 0.000491

0.037844 0.000643

0.036869 0.000598

0.038055 0.000681

0.037073 0.000931

0.037801 0.000617

0.036743 0.00076

0.037098 0.000484

0.037398 0.000652

0.036947 0.000793

0.037909 0.000814

0.036541 0.00062

0.036705 0.000551

0.037271 0.000558

0.036728 0.000521

0.037135 0.000815

0.036835 0.000664

0.036994 0.000703

0.036725 0.000717

0.037026 0.000835

0.03747 0.001004

0.037866 0.000926

0.037904 0.000827

0.036799 0.000872

0.036882 0.000524

0.038569 0.000828

0.037769 0.000597

0.036917 0.000725

0.037154 0.000672

0.036887 0.000552

0.03701 0.000669

0.03677 0.000706

0.036931 0.00075

0.037933 0.000679

0.036827 0.000532

0.037128 0.001008

0.037946 0.000842

0.037798 0.000689

0.038244 0.000654

0.037124 0.000818

0.037965 0.000581

0.03794 0.000766

0.037604 0.000828

0.038071 0.000625

0.036985 0.000794

0.037778 0.000516

0.036975 0.000711

0.037037 0.001019

0.036863 0.000805

0.037915 0.0007

0.036912 0.000947

0.036985 0.000754

0.037126 0.000777

0.037076 0.000893

0.037003 0.000698

0.03818 0.00068

0.036967 0.000656

0.037778 0.000782

0.037804 0.00088

0.03783 0.000673

0.036848 0.000592

0.036862 0.000817

0.036836 0.000517

0.037022 0.000737

0.036919 0.000686

0.037101 0.000854

0.037506 0.000801

0.038052 0.000689

0.037837 0.000936

0.037128 0.000565

0.036845 0.000872

0.038092 0.000763

0.038711 0.000697

0.037082 0.000779

0.037861 0.000699

0.038028 0.000592

0.037894 0.000756

0.037024 0.000634

0.037912 0.000621

0.037144 0.00052

0.037117 0.000807

0.037388 0.000617

0.037388 0.000959

0.037006 0.000577

0.037087 0.000785

0.037421 0.000762

0.037279 0.00059

0.036727 0.000629

0.037117 0.000594

0.037553 0.000974

0.036971 0.000778

0.037016 0.00077

0.036778 0.000843

0.037533 0.000944

0.036942 0.000756

0.036718 0.000642

0.03707 0.000858

0.037086 0.000558

0.037053 0.000762

0.036937 0.000621

0.036909 0.000738

0.037058 0.0007

0.037284 0.000853

0.03678 0.000903

0.036509 0.000562

0.037116 0.000724

0.037678 0.000522

0.036973 0.000536

0.036983 0.000822

0.03706 0.00064

0.036859 0.000732

0.037277 0.000873

0.037086 0.000775

0.037065 0.00063

0.037011 0.000817

0.037285 0.000666

0.037362 0.000694

0.036805 0.000651

0.03708 0.000604

0.038551 0.000746

0.036795 0.000618

0.037992 0.000887

0.037491 0.000666

0.037757 0.000619

0.037017 0.000931

0.03774 0.000613

0.03708 0.000587

0.037729 0.000578

0.037497 0.000688

0.037969 0.000762

0.039389 0.000643

0.037178 0.000811

0.037758 0.000621

0.038257 0.000526

0.036833 0.000705

0.03802 0.000767

0.037894 0.000877

0.03675 0.000653

0.036787 0.000775

0.037799 0.000863

0.037811 0.000657

0.03763 0.000818

0.036785 0.000864

0.037166 0.000724

0.036834 0.000661

0.038232 0.000511

0.0371 0.000597

0.0371 0.00067

0.03707 0.00057

0.037985 0.000764

0.038557 0.000799

0.036886 0.0006

0.036971 0.000694

0.037995 0.000629

0.036675 0.000524

0.036715 0.000716

0.037064 0.000702

0.037079 0.000984

0.0367 0.000457

0.036954 0.000602

0.036922 0.000742

0.037032 0.000776

0.037143 0.000738

0.038161 0.000601

0.037 0.000618

0.037073 0.000812

0.037415 0.000445

0.038377 0.00066

0.036988 0.000755

0.036841 0.000713

0.036971 0.00081

0.036828 0.00062

0.037055 0.000569

0.038167 0.000775

0.037094 0.000651

0.037206 0.000589

0.038089 0.000457

0.037288 0.000707

0.037423 0.000737

0.046227 0.000783

0.037994 0.000575

0.03788 0.000748

0.036814 0.000565

0.038229 0.000996

0.037491 0.000797

0.037862 0.00102

0.037669 0.000778

0.038071 0.000852

0.037642 0.000859

0.03808 0.001004

0.037562 0.000726

0.037944 0.000723

0.03695 0.000695

0.037401 0.000789

0.037798 0.000541

0.03685 0.000787

0.037074 0.000983

0.038297 0.000711

0.037771 0.000799

0.037095 0.000691

0.037336 0.000722

0.038838 0.000649

0.038147 0.000534

0.03698 0.000797

0.038642 0.000657

0.037713 0.000697

0.036966 0.000801

0.03746 0.000591

0.037779 0.00057

0.037349 0.001086

0.037413 0.000683

0.037071 0.000679

0.03712 0.000701

0.038045 0.000766

0.037722 0.000583

0.037652 0.000692

0.038221 0.000899

0.037263 0.000653

0.037393 0.000901

0.037147 0.000748

0.036996 0.000764

0.037725 0.000943

0.038099 0.000943

0.037069 0.000602

0.037469 0.000744

0.038468 0.000503

0.03783 0.000568

0.036797 0.000789

0.03707 0.000672

0.037811 0.000727

0.037612 0.000808

0.037869 0.000703

0.037669 0.000634

0.037802 0.000903

0.037768 0.000448

0.037343 0.000772

0.037038 0.00067

0.036859 0.000814

0.037952 0.00068

0.037179 0.000649

0.037799 0.000565

0.038046 0.000702

0.038175 0.000576

0.037191 0.000482

0.037735 0.000654

0.03726 0.000514

0.03799 0.000678

0.036817 0.000773

0.037348 0.000566

0.036928 0.000686

0.036809 0.000635

0.037562 0.000912

0.036926 0.00069

0.03689 0.000607

0.03716 0.000719

0.038711 0.000592

0.036829 0.000718

0.037064 0.000603

0.037491 0.000997

0.036866 0.000813

0.037752 0.000469

0.037788 0.000482

0.038036 0.000624

0.03686 0.000859

0.037043 0.000935

0.037014 0.00059

0.036846 0.000775

0.036911 0.001036

0.037109 0.000644

0.037202 0.000619

0.036545 0.000756

0.037854 0.000853

0.037399 0.00066

0.037999 0.000742

0.036994 0.000719

0.037176 0.000745

0.036928 0.000538

0.037817 0.000828

0.03687 0.000856

0.036834 0.000919

0.036871 0.000577

0.037955 0.000659

0.036664 0.000663

0.036783 0.000571

0.038129 0.000672

0.037818 0.000902

0.037827 0.000805

0.037189 0.000773

0.037258 0.000539

0.038392 0.000661

0.037069 0.001022

0.03694 0.000771

0.037488 0.000737

0.037344 0.000606

0.037257 0.000807

0.036813 0.00096

0.03712 0.000606

0.037118 0.000481

0.037923 0.000703

0.037238 0.000556

0.037218 0.000812

0.037232 0.00064

0.037712 0.00094

0.037075 0.000658

0.036807 0.000412

0.037936 0.00076

0.037097 0.000577

0.03703 0.000641

0.03761 0.000646

0.036871 0.000459

0.037847 0.001017

0.037126 0.000832

0.037869 0.001003

0.037236 0.001011

0.0377 0.000829

0.036983 0.000766

0.037722 0.000699

0.036745 0.000796

0.037109 0.000691

0.037665 0.000551

0.038861 0.000593

0.037903 0.000538

0.036569 0.000769

0.036684 0.000557

0.037753 0.000623

0.037477 0.000708

0.036939 0.000687

0.037695 0.000627

0.037054 0.00069

0.037932 0.000716

0.036728 0.000642

0.038018 0.000695

0.037768 0.000974

0.037155 0.000856

0.036805 0.000849

0.036882 0.00072

0.037349 0.00105

0.037819 0.000807

0.036935 0.000705

0.037096 0.000804

0.037892 0.000892

0.037795 0.000574

0.037602 0.0006

0.03691 0.000857

0.03781 0.001079

0.037926 0.000664

0.036894 0.000691

0.038112 0.000769

0.036636 0.000811

0.038132 0.000717

0.037282 0.00069

0.037702 0.000759

0.037149 0.000595

0.037249 0.00054

0.038642 0.000709

0.038032 0.0006

0.036692 0.000705

0.036946 0.000792

0.036962 0.000622

0.037877 0.000531

0.037467 0.000604

0.037136 0.000785

0.037894 0.000872

0.03721 0.001028

0.037069 0.000656

0.037318 0.000812

0.037463 0.00063

0.037316 0.000832

0.036828 0.000558

0.037098 0.000993

0.037625 0.000821

0.037279 0.000775

0.03701 0.00093

0.03709 0.000717

0.037507 0.000695

0.037852 0.000661

0.036797 0.000591

0.037406 0.000617

0.036705 0.000495

0.036748 0.000607

0.036975 0.00061

0.038182 0.000591

0.036831 0.00072

0.037584 0.00058

0.037067 0.00055

0.037142 0.00056

0.036896 0.000566

0.036978 0.001066

0.037548 0.000673

0.037942 0.000545

0.036762 0.000719

0.037362 0.000875

0.037803 0.000735

0.037831 0.000757

0.036951 0.000725

0.038064 0.000685

0.03682 0.000736

0.037084 0.000484

0.037193 0.000856

0.037485 0.000854

0.037269 0.000656

0.038327 0.000757

0.037177 0.000479

0.038004 0.000553

0.037561 0.00097

0.038327 0.000805

0.036696 0.001184

0.037068 0.000798

0.037012 0.000729

0.037846 0.000671

0.037013 0.000861

0.037959 0.000486

0.036536 0.00062

0.037862 0.000732

0.037817 0.000535

0.036925 0.000948

0.03796 0.000882

0.037319 0.000762

0.036855 0.000768

0.03782 0.000441

0.037199 0.001062

0.03718 0.000945

0.037893 0.000931

0.036918 0.00085

0.037311 0.000692

0.036874 0.000584

0.037809 0.000852

0.036853 0.000757

0.036916 0.000715

0.037975 0.000712

0.037886 0.000683

0.036889 0.000936

0.037924 0.000512

0.041389 0.000667

0.037429 0.000832

0.03708 0.000674

0.036871 0.000826

0.037919 0.000739

0.037798 0.000792

0.036853 0.000576

0.036654 0.000786

0.036963 0.000629

0.037179 0.000793

0.037146 0.000694

0.036875 0.00103

0.037205 0.000684

0.03765 0.000835

0.03795 0.000578

0.037002 0.000997

0.037133 0.00069

0.036962 0.000639

0.036774 0.000467

0.036577 0.000959

0.03723 0.00086

0.037082 0.000747

0.038517 0.000785

0.037144 0.000599

0.036962 0.000706

0.037037 0.000606

0.0375 0.000761

0.037146 0.000983

0.037682 0.000725

0.038388 0.000537

0.037602 0.000774

0.037482 0.000928

0.036905 0.00068

0.037987 0.000868

0.036796 0.0006

0.037123 0.000926

0.036927 0.000642

0.036674 0.00078

0.036761 0.000508

0.037537 0.000926

0.036837 0.000943

0.037704 0.000686

0.037351 0.000581

0.03779 0.000961

0.038136 0.000882

0.036849 0.000741

0.037969 0.000625

0.036999 0.000595

0.037794 0.000879

0.037948 0.000907

0.036978 0.000576

0.036842 0.000857

0.037856 0.000679

0.036999 0.000679

0.037659 0.00085

0.036992 0.000654

0.038377 0.000852

0.036772 0.000443

0.036741 0.000825

0.037567 0.000676

0.037466 0.000675

0.037248 0.000811

0.036767 0.000606

0.037252 0.000843

0.036876 0.000468

0.039166 0.000611

0.03691 0.000533

0.037573 0.000837

0.036951 0.000787

0.036832 0.000809

0.037164 0.000694

0.037903 0.000591

0.036943 0.000621

0.03803 0.000865

0.037679 0.000654

0.036898 0.000702

0.0372 0.000616

0.038317 0.00076

0.03727 0.000499

0.037577 0.000519

0.037142 0.000721

0.037551 0.000755

0.03747 0.001062

0.037766 0.001051

0.037849 0.000726

0.037724 0.000941

0.037601 0.00062

0.037813 0.00084

0.037825 0.001062

0.037605 0.000647

0.037409 0.000714

0.036778 0.000568

0.037476 0.000861

0.037711 0.000878

0.03754 0.000534

0.036906 0.000818

0.037636 0.000717

0.037414 0.000777

0.036755 0.000804

0.038624 0.000753

0.037054 0.000677

0.036863 0.000671

0.036991 0.000763

0.036758 0.001071

0.037698 0.000691

0.03716 0.00082

0.036976 0.000746

0.036893 0.000849

0.037912 0.000608

0.036633 0.000808

0.037636 0.000511

0.03742 0.000617

0.03721 0.000587

0.036828 0.000614

0.037068 0.00098

0.037787 0.000491

0.037391 0.000609

0.03687 0.000726

0.036889 0.000554

0.03772 0.000849

0.037355 0.000709

0.037415 0.000578

0.037416 0.000634

0.037893 0.000616

0.037723 0.000717

0.037207 0.000799

0.036861 0.00088

0.037127 0.001105

0.03824 0.000617

0.037257 0.000788

0.037479 0.00073

0.037153 0.000594

0.038165 0.000704

0.037807 0.00087

0.037688 0.000658

0.037677 0.000749

0.037568 0.001137

0.037048 0.000471

0.0376 0.000698

0.037052 0.000508

0.037869 0.000809

0.037611 0.000637

0.037519 0.000927

0.037003 0.000718

0.037055 0.000545

0.037536 0.000771

0.036914 0.000647

0.037735 0.000669

0.036995 0.000672

0.036866 0.000592

0.03774 0.000758

0.036505 0.000814

0.036734 0.000685

0.036822 0.000581

0.038009 0.000672

0.037135 0.000777

0.037922 0.000485

0.037172 0.00065

0.038879 0.000636

0.037048 0.000779

0.037152 0.000596

0.03672 0.00058

0.036959 0.000638

0.037895 0.000965

0.036837 0.000792

0.037998 0.000673

0.037061 0.000707

0.037539 0.000703

0.036915 0.000565

0.037474 0.000686

0.036835 0.000632

0.036992 0.00065

0.038035 0.000693

0.036983 0.001019

0.036963 0.000516

0.037975 0.000831

0.037815 0.000732

0.036827 0.001094

0.03795 0.000707

0.037971 0.000729

0.037146 0.000813

0.03686 0.000632

0.038064 0.00066

0.037081 0.000827

0.037493 0.000672

0.036712 0.000684

0.03702 0.00088

0.037092 0.000672

0.036983 0.00118

0.036806 0.000764

0.036946 0.000613

0.036878 0.000437

0.039021 0.000835

0.036791 0.000812

0.037146 0.000513

0.036865 0.000752

0.038729 0.000912

0.037004 0.000813

0.037032 0.000828

0.037051 0.000927

0.038904 0.000477

0.037312 0.000463

0.036932 0.000651

0.03696 0.000608

0.037046 0.000615

0.037593 0.000759

0.036949 0.001167

0.037015 0.00075

0.036756 0.000608

0.0373 0.000597

0.03713 0.000578

0.036838 0.00055

0.037011 0.000653

0.038386 0.000645

0.036829 0.000734

0.036721 0.000748

0.037058 0.000829

0.036858 0.000811

0.037276 0.000659

0.037098 0.000761

0.036739 0.000703

0.038037 0.000492

0.037139 0.000891

0.036814 0.000796

0.0368 0.000788

0.036836 0.000903

0.03741 0.000712

0.03681 0.000636

0.036486 0.000718

0.037138 0.000616

0.036906 0.0006

0.038002 0.00095

0.036855 0.000817

0.037388 0.000853

0.037377 0.000742

0.037224 0.000742

0.037474 0.000621

0.03682 0.000566

0.036881 0.000818

0.037094 0.000644

0.036727 0.000781

0.03696 0.00049

0.037321 0.00049

0.037038 0.000823

0.037113 0.000536

0.036948 0.000769

0.037099 0.000534

0.037867 0.000859

0.036911 0.000663

0.037817 0.000878

0.036786 0.000716

0.037666 0.000457

0.037858 0.000714

0.037795 0.000644

0.036933 0.001314

0.038412 0.000595

0.038669 0.000546

0.036647 0.000641

0.037331 0.000652

0.036895 0.000782

0.038669 0.000763

0.036933 0.000602

0.037068 0.000591

0.037949 0.000594

0.037618 0.000845

0.03799 0.000795

0.036951 0.000632

0.037476 0.000982

0.036846 0.000926

0.037879 0.00069

0.036944 0.00073

0.036685 0.000957

0.036548 0.000702

0.038192 0.000696

0.037005 0.000693

0.03781 0.000721

0.036809 0.000784

0.038397 0.000659

0.037784 0.001214

0.036743 0.000647

0.03815 0.000741

0.037624 0.000788

0.037457 0.000654

0.037748 0.000778

0.036954 0.000795

0.036971 0.001102

0.036925 0.000596

0.03704 0.000729

0.037692 0.000791

0.037864 0.000726

0.037312 0.000659

0.036933 0.000752

0.036771 0.000561

0.037085 0.000703

0.0379 0.000747

0.038019 0.000631

0.036973 0.00091

0.038085 0.000586

0.037711 0.000732

0.037773 0.000745

0.037871 0.000943

0.036895 0.000537

0.037772 0.000698

0.037316 0.000835

0.036785 0.000697

0.036966 0.000809

0.037066 0.000537

0.038137 0.00061

0.036939 0.000598

0.037078 0.000577

0.036858 0.000687

0.037178 0.000541

0.037188 0.000769

0.038191 0.000622

0.037371 0.00067

0.037152 0.000575

0.037228 0.000581

0.037526 0.000562

0.036953 0.001203

0.041004 0.000881

0.037191 0.000842

0.036748 0.000718

0.03779 0.000538

0.036804 0.000778

0.03857 0.000668

0.036898 0.00108

0.03704 0.000804

0.037058 0.000623

0.040083 0.000653

0.036982 0.000685

0.037089 0.000966

0.037902 0.000867

0.038689 0.000594

0.036971 0.00069

0.036986 0.000786

0.037751 0.000543

0.036988 0.000715

0.036732 0.000567

0.036796 0.000937

0.036809 0.000619

0.037059 0.000533

0.039245 0.000746

0.036868 0.00073

0.036948 0.000545

0.037132 0.000729

0.037535 0.000863

0.037143 0.000605

0.036946 0.000629

0.036821 0.000575

0.03709 0.000633

0.036919 0.000686

0.037757 0.000602

0.036839 0.000729

0.036978 0.000581

0.038718 0.000866

0.036921 0.00061

0.037135 0.000594

0.036858 0.000735

0.038846 0.00078

0.036737 0.000831

0.036937 0.001002

0.037483 0.000725

0.036583 0.000644

0.037057 0.000548

0.037318 0.000643

0.036963 0.00075

0.037037 0.000635

0.036776 0.000695

0.036801 0.000879

0.037678 0.000568

0.036779 0.000645

0.039154 0.000909

0.037666 0.000715

0.036859 0.00058

0.036702 0.000763

0.038231 0.000781

0.038193 0.000707

0.037008 0.000596

0.037357 0.000835

0.036809 0.000546

0.038036 0.000633

0.037688 0.000511

0.038046 0.000842

0.037041 0.00057

0.037672 0.000744

0.037665 0.000817

0.036937 0.000724

0.037171 0.000698

0.038733 0.001067

0.036844 0.000697

0.037851 0.000679

0.036862 0.001009

0.038535 0.000807

0.038209 0.000514

0.037132 0.00067

0.037011 0.000647

0.037893 0.000836

0.037104 0.000676

0.036618 0.000654

0.037358 0.001032

0.036949 0.000751

0.036839 0.000854

0.03782 0.000805

0.037416 0.000967

0.037236 0.000569

0.036816 0.000908

0.037818 0.000554

0.036859 0.000643

0.036894 0.000533

0.038479 0.000665

0.036846 0.000549

0.0371 0.000664

0.036954 0.000614

0.036873 0.000819

0.038077 0.000475

0.037002 0.000664

0.036783 0.000603

0.036872 0.000578

0.037628 0.000618

0.036826 0.000754

0.037861 0.000666

0.036988 0.000587

0.039188 0.00064

0.036821 0.000739

0.037037 0.000639

0.036659 0.000704

0.036952 0.000687

0.037017 0.000745

0.036836 0.000737

0.036975 0.000523

