0.009608 6.6e-05

0.00957 4.8e-05

0.00958 7.8e-05

0.009507 7.1e-05

0.009602 5.3e-05

0.009646 8.9e-05

0.009635 6e-05

0.009689 8.6e-05

0.009567 6.7e-05

0.009563 7.2e-05

0.009377 5.7e-05

0.009402 8.7e-05

0.009484 7.4e-05

0.009404 9e-05

0.00964 7.3e-05

0.009511 7.6e-05

0.009473 7.4e-05

0.009725 6.3e-05

0.009635 5.8e-05

0.009671 8.5e-05

0.009612 8.4e-05

0.009515 0.0001

0.009559 7.7e-05

0.010001 5.4e-05

0.009563 6.9e-05

0.009662 7.3e-05

0.009688 9.8e-05

0.009624 7.3e-05

0.009532 8.8e-05

0.009661 5.4e-05

0.009401 7.5e-05

0.0095 5.6e-05

0.00939 0.000104

0.009422 8.7e-05

0.009368 6.8e-05

0.009406 6.5e-05

0.009415 4.9e-05

0.009425 8.7e-05

0.009422 9.5e-05

0.009438 7.1e-05

0.00934 8.9e-05

0.00941 6.7e-05

0.009567 4.6e-05

0.00942 6.6e-05

0.00931 5.2e-05

0.00933 0.000101

0.009431 6.3e-05

0.009425 7.9e-05

0.00934 9.1e-05

0.009498 5.5e-05

0.009621 6.7e-05

0.00972 0.000104

0.009631 7.8e-05

0.009674 9.3e-05

0.00982 8.9e-05

0.009681 7.2e-05

0.009659 6e-05

0.009626 6e-05

0.009587 7.8e-05

0.009556 9.2e-05

0.009516 4.8e-05

0.009494 6.2e-05

0.009356 6.3e-05

0.00959 6.3e-05

0.009358 6e-05

0.009324 8.4e-05

0.009301 7.1e-05

0.009282 7e-05

0.00945 7.5e-05

0.009319 6.5e-05

0.009458 7.1e-05

0.009626 9.1e-05

0.009635 6e-05

0.00954 7.6e-05

0.0096 8e-05

0.009693 7.1e-05

0.009509 8.1e-05

0.009475 7.3e-05

0.009624 7.4e-05

0.009547 8.1e-05

0.009506 7.9e-05

0.00944 7.1e-05

0.009665 0.000103

0.00937 7.5e-05

0.009498 5.7e-05

0.009348 7.8e-05

0.009736 8.2e-05

0.009903 9.4e-05

0.009689 9.7e-05

0.010047 8.9e-05

0.009855 8.1e-05

0.009916 0.000124

0.009703 0.000104

0.009981 8.7e-05

0.010052 7.4e-05

0.0096 0.000109

0.009641 7.9e-05

0.010132 6.2e-05

0.009889 9.2e-05

0.009589 7.9e-05

0.009944 4.6e-05

0.009912 5.5e-05

0.009405 5e-05

0.00943 5.2e-05

0.009555 8.9e-05

0.009312 7.6e-05

0.009411 5.6e-05

0.009431 5.1e-05

0.009306 8.2e-05

0.009403 8.3e-05

0.00934 8.1e-05

0.009278 8.5e-05

0.009838 8.3e-05

0.009738 6.7e-05

0.009341 7.4e-05

0.009361 5.3e-05

0.009329 5.6e-05

0.009371 6.6e-05

0.009542 6.6e-05

0.00942 6.1e-05

0.009359 8.7e-05

0.009442 7.7e-05

0.009373 5.4e-05

0.009597 4.5e-05

0.009405 8.1e-05

0.009461 6.6e-05

0.010202 9.8e-05

0.009884 9e-05

0.009478 6.9e-05

0.009976 9.2e-05

0.009927 8.6e-05

0.009678 8.5e-05

0.009622 7.9e-05

0.010237 9.2e-05

0.009747 8e-05

0.009521 8.9e-05

0.009415 5e-05

0.009615 8e-05

0.009471 8.1e-05

0.00978 8.7e-05

0.009558 8e-05

0.009656 6.8e-05

0.009619 6.6e-05

0.009746 6.3e-05

0.009604 7.1e-05

0.009607 7.5e-05

0.009518 5.1e-05

0.009358 6.1e-05

0.009433 7.8e-05

0.00935 6.6e-05

0.009315 6.4e-05

0.009299 7.1e-05

0.009421 0.000111

0.009332 0.0001

0.009425 6.9e-05

0.009442 6.6e-05

0.009703 7.4e-05

0.009493 6.9e-05

0.009516 6.3e-05

0.009312 6.5e-05

0.009389 6.7e-05

0.009401 5.8e-05

0.009424 6.1e-05

0.009389 4.7e-05

0.009343 8e-05

0.009654 8.4e-05

0.009388 6.6e-05

0.00937 5.8e-05

0.010156 6.3e-05

0.009427 5.2e-05

0.009418 8.9e-05

0.010156 8.9e-05

0.009716 6.7e-05

0.009512 7.1e-05

0.009829 0.000112

0.010052 6.4e-05

0.009711 8.6e-05

0.010603 9e-05

0.009772 7.2e-05

0.009809 7e-05

0.011605 8.7e-05

0.010357 9.9e-05

0.010305 9.4e-05

0.010668 6.5e-05

0.01095 7e-05

0.010462 6.6e-05

0.009969 8.9e-05

0.010227 6.5e-05

0.009942 6e-05

0.010259 7.6e-05

0.010425 7.3e-05

0.010379 7.9e-05

0.009668 8.9e-05

0.010184 9.4e-05

0.009631 9.4e-05

0.009441 8.9e-05

0.00978 0.000101

0.00969 9.3e-05

0.009462 7.7e-05

0.009634 6.4e-05

0.012781 5.7e-05

0.01044 0.000123

0.011737 8.8e-05

0.011117 8.9e-05

0.011623 7.5e-05

0.010125 0.000115

0.009972 7.6e-05

0.009838 8.8e-05

0.009751 5.9e-05

0.009894 6.3e-05

0.009756 6.9e-05

0.009518 7.9e-05

0.009892 7.8e-05

0.010141 6.6e-05

0.009628 6.3e-05

0.011506 6.4e-05

0.010134 8.8e-05

0.009955 5.5e-05

0.009691 6.1e-05

0.009576 6.4e-05

0.009628 8.8e-05

0.009661 8.7e-05

0.009888 4.9e-05

0.009494 7.5e-05

0.010156 4.7e-05

0.009532 6.4e-05

0.009491 7.1e-05

0.009945 8.1e-05

0.0095 0.000119

0.009693 9e-05

0.010111 9.3e-05

0.009825 0.000104

0.009555 9.2e-05

0.009973 6.7e-05

0.009985 7.5e-05

0.009898 7.5e-05

0.009776 0.000115

0.009624 5.8e-05

0.009899 8.4e-05

0.009593 6.2e-05

0.009726 8.2e-05

0.010012 7e-05

0.010021 6.2e-05

0.009458 6.1e-05

0.010671 6.5e-05

0.009591 5.6e-05

0.009543 0.000107

0.009748 6.1e-05

0.009821 8.1e-05

0.009656 0.0001

0.009609 6.8e-05

0.009884 7.5e-05

0.011543 8.3e-05

0.011717 7.4e-05

0.010199 0.000111

0.011794 5.9e-05

0.009744 7e-05

0.009928 9.6e-05

0.010452 9.8e-05

0.009812 6.1e-05

0.010247 6e-05

0.009805 8.9e-05

0.013321 7.7e-05

0.009822 7e-05

0.009974 6.3e-05

0.010265 0.000101

0.010425 8.7e-05

0.010089 6.6e-05

0.010908 9.6e-05

0.009989 8.2e-05

0.010175 9.1e-05

0.010277 7.9e-05

0.010339 0.000106

0.010008 8e-05

0.01298 6.8e-05

0.010964 8e-05

0.010472 6.4e-05

0.011819 8.5e-05

0.014228 0.000109

0.011573 0.000106

0.012151 7e-05

0.010304 6.4e-05

0.010643 7e-05

0.009866 0.00011

0.0097 6.9e-05

0.009945 9.2e-05

0.009868 7.4e-05

0.009734 6.8e-05

0.009728 6.9e-05

0.009953 5.6e-05

0.009872 7.5e-05

0.009763 7.3e-05

0.009567 8.8e-05

0.009878 6.4e-05

0.00992 0.000115

0.009948 9.6e-05

0.009857 8.9e-05

0.009825 6.4e-05

0.010111 8.6e-05

0.009555 0.00011

0.009885 9.1e-05

0.009688 0.00011

0.009796 9.4e-05

0.009722 7.3e-05

0.009865 6.4e-05

0.009813 0.000115

0.009698 8.4e-05

0.010052 8.9e-05

0.010228 8.2e-05

0.00989 7.1e-05

0.009838 5.1e-05

0.009838 8.6e-05

0.009704 7.9e-05

0.009843 6.1e-05

0.010062 5.6e-05

0.011078 6.9e-05

0.010064 5.5e-05

0.010578 0.00012

0.013253 7.7e-05

0.010461 0.000109

0.013678 7.3e-05

0.013242 0.000117

0.009834 5.2e-05

0.011213 7.5e-05

0.013423 8.4e-05

0.011313 6.8e-05

0.011725 7.2e-05

0.01221 9.9e-05

0.010871 7.5e-05

0.010909 0.000158

0.010724 9.5e-05

0.010611 7.4e-05

0.009909 0.000129

0.010485 9.4e-05

0.009892 9.1e-05

0.009609 7.8e-05

0.009741 6.4e-05

0.00968 6.7e-05

0.00969 6.5e-05

0.009598 4.9e-05

0.009564 8.7e-05

0.009613 9.5e-05

0.009685 0.000101

0.009625 5.8e-05

0.009619 8.2e-05

0.009623 0.000114

0.009696 9.8e-05

0.00951 9.3e-05

0.009737 5.8e-05

0.009667 6.3e-05

0.009489 7.3e-05

0.009898 9.7e-05

0.009757 7.3e-05

0.009626 6e-05

0.009695 7.1e-05

0.009799 8.2e-05

0.009602 5.9e-05

0.009665 7.4e-05

0.009699 7.6e-05

0.00969 9.1e-05

0.009562 7.3e-05

0.009887 6.7e-05

0.00947 5.3e-05

0.009412 6.4e-05

0.010874 5.9e-05

0.009384 6.7e-05

0.009516 8.1e-05

0.009732 8.2e-05

0.009564 6.3e-05

0.009573 0.000109

0.009852 6.7e-05

0.01043 6.6e-05

0.010714 0.000101

0.010537 0.000107

0.009593 0.000105

0.010328 5.2e-05

0.011617 9.5e-05

0.010147 0.000132

0.009978 6.9e-05

0.009465 7.5e-05

0.009838 8.5e-05

0.009995 8.4e-05

0.010196 0.000102

0.009633 8.7e-05

0.009952 9.2e-05

0.00988 8e-05

0.009606 8.9e-05

0.009645 8.6e-05

0.012981 8.4e-05

0.009517 8.6e-05

0.009444 6.5e-05

0.009432 9.5e-05

0.009824 6.7e-05

0.009384 8.6e-05

0.009529 8.2e-05

0.01054 7.2e-05

0.009495 8.4e-05

0.009508 6.1e-05

0.00968 8.4e-05

0.009583 9.5e-05

0.009603 7.1e-05

0.009597 7.2e-05

0.009642 6.8e-05

0.009612 7.2e-05

0.009546 6.1e-05

0.009583 8.3e-05

0.009772 7.6e-05

0.01005 7e-05

0.010694 7.2e-05

0.010266 8e-05

0.009554 7.8e-05

0.010085 5.6e-05

0.009996 7.3e-05

0.010243 7.4e-05

0.009422 5.8e-05

0.009941 8.1e-05

0.009898 8.1e-05

0.009631 9.5e-05

0.009938 6.3e-05

0.009892 8.8e-05

0.009719 9e-05

0.009532 6.5e-05

0.009577 8.5e-05

0.009652 6.6e-05

0.009482 8.9e-05

0.009351 6.3e-05

0.009553 6.9e-05

0.009517 5.1e-05

0.009437 7.7e-05

0.00945 9.1e-05

0.00966 7.3e-05

0.00993 7.8e-05

0.009678 4.9e-05

0.009667 8.5e-05

0.00951 7.1e-05

0.009727 7.6e-05

0.009703 0.000102

0.00956 7.1e-05

0.00954 8.6e-05

0.009604 6.9e-05

0.009635 7.3e-05

0.00971 6.6e-05

0.009799 6.9e-05

0.009597 9.5e-05

0.009729 7.5e-05

0.009704 9.8e-05

0.0096 6.7e-05

0.009757 8.8e-05

0.009828 7.5e-05

0.009803 6.4e-05

0.009611 4.6e-05

0.009853 9.5e-05

0.00968 8.7e-05

0.009682 6.7e-05

0.009849 7.3e-05

0.009849 6.4e-05

0.009825 0.000111

0.009787 8.4e-05

0.009533 7.4e-05

0.01146 5.2e-05

0.009363 5.2e-05

0.009453 9.7e-05

0.009506 9e-05

0.009405 7.3e-05

0.009391 6e-05

0.009472 5.6e-05

0.009448 5.9e-05

0.009462 6.2e-05

0.009394 6.7e-05

0.00936 8.5e-05

0.009351 9.1e-05

0.009389 7.4e-05

0.009452 8.2e-05

0.00935 5.2e-05

0.009477 8.2e-05

0.00936 6.9e-05

0.009457 9.7e-05

0.009354 4.9e-05

0.009264 5.2e-05

0.010651 9.1e-05

0.009498 6.4e-05

0.009325 6.6e-05

0.009486 5.9e-05

0.009398 7.5e-05

0.009403 6.2e-05

0.009579 8.3e-05

0.009704 8e-05

0.010261 5.6e-05

0.009954 7.8e-05

0.009837 6.9e-05

0.009926 8.1e-05

0.01013 0.000102

0.00977 8.5e-05

0.009525 6.3e-05

0.009964 8.7e-05

0.010375 6.6e-05

0.009685 0.000103

0.009648 7.3e-05

0.010159 7.7e-05

0.009984 9.6e-05

0.009915 9.1e-05

0.009562 9.2e-05

0.009877 7.9e-05

0.009805 6.7e-05

0.009627 7.3e-05

0.009675 7.2e-05

0.009656 6.1e-05

0.00952 6e-05

0.009782 7e-05

0.00991 5.8e-05

0.009527 6.2e-05

0.009404 8.1e-05

0.009482 7e-05

0.009345 6.7e-05

0.009415 6.4e-05

0.009439 8.1e-05

0.009423 8.1e-05

0.009419 4.4e-05

0.009339 6.1e-05

0.009446 8.7e-05

0.009322 7.9e-05

0.009889 0.000101

0.009548 5.5e-05

0.009693 8.3e-05

0.00984 8.3e-05

0.009562 7.8e-05

0.009746 6.5e-05

0.009679 9.2e-05

0.009638 8.1e-05

0.010064 7e-05

0.011539 6.8e-05

0.010493 6.2e-05

0.009586 0.000116

0.009935 7.4e-05

0.00944 9e-05

0.009372 4.9e-05

0.009474 9.2e-05

0.009369 6.2e-05

0.009384 6.2e-05

0.009394 7.8e-05

0.009277 8.1e-05

0.009644 6.4e-05

0.009452 7.8e-05

0.009652 0.000123

0.009368 7.5e-05

0.009538 5.7e-05

0.009596 6.1e-05

0.009579 5.3e-05

0.009584 7.6e-05

0.009529 8.3e-05

0.009507 6.3e-05

0.009368 6.3e-05

0.009442 4.9e-05

0.009322 6.3e-05

0.00924 8.8e-05

0.009418 7.1e-05

0.009301 7e-05

0.009654 0.00011

0.009555 9.5e-05

0.009669 7e-05

0.010623 6.7e-05

0.010286 5.7e-05

0.009624 6.8e-05

0.009796 6.7e-05

0.009404 6.1e-05

0.009542 6.3e-05

0.009421 9.3e-05

0.009802 5.9e-05

0.009416 4.2e-05

0.009424 7.3e-05

0.009618 7.3e-05

0.009543 7.1e-05

0.009762 6.5e-05

0.009684 7.2e-05

0.009526 8.5e-05

0.009627 4.3e-05

0.009824 8.3e-05

0.009657 0.0001

0.009435 6.9e-05

0.009388 7.2e-05

0.009359 6.6e-05

0.009341 9.5e-05

0.009454 5e-05

0.009277 5.5e-05

0.009325 4.8e-05

0.009293 7.6e-05

0.009421 6.9e-05

0.009414 5.8e-05

0.009707 6.9e-05

0.009338 6.4e-05

0.00933 7.5e-05

0.009758 6.6e-05

0.009829 8.7e-05

0.009732 5.7e-05

0.00981 9.8e-05

0.009565 9.7e-05

0.009912 7.6e-05

0.009796 8.4e-05

0.009578 7.9e-05

0.009837 8e-05

0.009849 6.3e-05

0.009618 8.4e-05

0.009718 6.2e-05

0.009813 6.9e-05

0.009574 6.3e-05

0.009721 8.1e-05

0.009611 8.1e-05

0.009758 7.6e-05

0.009523 0.000105

0.009459 7.1e-05

0.009405 6.9e-05

0.009425 7.1e-05

0.009428 6.7e-05

0.009523 7.7e-05

0.009527 6.6e-05

0.009417 6e-05

0.009425 8.9e-05

0.009509 6.7e-05

0.009512 0.0001

0.009539 7.9e-05

0.009508 8e-05

0.009877 8.6e-05

0.009487 6.9e-05

0.009435 5.4e-05

0.009428 8.7e-05

0.009596 8.2e-05

0.009636 8.1e-05

0.009755 5.9e-05

0.009622 8.5e-05

0.009673 9.6e-05

0.009716 5.8e-05

0.009711 9.7e-05

0.010001 5.6e-05

0.009739 7.4e-05

0.009643 7.5e-05

0.009714 0.000102

0.009522 9.1e-05

0.009667 0.000111

0.00954 9.1e-05

0.009358 6.4e-05

0.009747 7.4e-05

0.009556 8.4e-05

0.009505 7.5e-05

0.009647 8.3e-05

0.009799 7.2e-05

0.00981 7.3e-05

0.009584 8.8e-05

0.009313 6.8e-05

0.009342 5.6e-05

0.009362 6.8e-05

0.009375 7.1e-05

0.009344 5e-05

0.009356 9.3e-05

0.009661 5e-05

0.00953 8.3e-05

0.009777 9.7e-05

0.009648 8.3e-05

0.009966 8.1e-05

0.0094 6.6e-05

0.009547 6.9e-05

0.009858 9.9e-05

0.009773 6.6e-05

0.009893 8.5e-05

0.010407 7.3e-05

0.01027 7.7e-05

0.009794 0.000104

0.009614 6.3e-05

0.009668 6.3e-05

0.009588 9.1e-05

0.009587 5.2e-05

0.009559 9.2e-05

0.00938 7.2e-05

0.009279 5e-05

0.009459 8e-05

0.009736 5.3e-05

0.009547 8.1e-05

0.009775 8.7e-05

0.009611 9.8e-05

0.009585 6e-05

0.009682 7.4e-05

0.009654 6.7e-05

0.009552 8.8e-05

0.009884 7.8e-05

0.009713 8.7e-05

0.009448 6.3e-05

0.009673 0.0001

0.009621 8.7e-05

0.009511 7.1e-05

0.009653 7.5e-05

0.009819 5.6e-05

0.009816 6.1e-05

0.009387 7.3e-05

0.009582 6.5e-05

0.00968 9.1e-05

0.009591 4.8e-05

0.00948 8.3e-05

0.010156 5.4e-05

0.009533 4.2e-05

0.009371 7.4e-05

0.009343 6.9e-05

0.010535 8e-05

0.009587 6.2e-05

0.009621 5.3e-05

0.009554 6.6e-05

0.009495 6.8e-05

0.009749 9.5e-05

0.009419 5.4e-05

0.009282 6e-05

0.009801 8.7e-05

0.009514 6.9e-05

0.009419 9.2e-05

0.009479 0.000103

0.009365 0.000128

0.00939 5.5e-05

0.009344 7.1e-05

0.009347 9.4e-05

0.009401 6.9e-05

0.00944 6.5e-05

0.009349 6e-05

0.009322 8.7e-05

0.009512 0.000104

0.009344 5e-05

0.009473 5.6e-05

0.009502 7.8e-05

0.009345 6.6e-05

0.009479 6.1e-05

0.009389 9.1e-05

0.0092 5.9e-05

0.009339 9e-05

0.009803 5.9e-05

0.009584 9.5e-05

0.009676 5.8e-05

0.009707 7.1e-05

0.009854 5.8e-05

0.009634 7.6e-05

0.00961 7.8e-05

0.009602 8.7e-05

0.009889 6.4e-05

0.009548 7.5e-05

0.009779 7.5e-05

0.009997 6e-05

0.009563 9.5e-05

0.009623 9e-05

0.010928 8.1e-05

0.00991 6.4e-05

0.009495 5.9e-05

0.009635 8.2e-05

0.009795 8.5e-05

0.009615 8.7e-05

0.009787 8e-05

0.00956 8.2e-05

0.009633 6.2e-05

0.009522 9.9e-05

0.009602 8.4e-05

0.009886 7.3e-05

0.009522 9.2e-05

0.009569 8.1e-05

0.009708 6.9e-05

0.010007 8.3e-05

0.009808 7e-05

0.00968 8.2e-05

0.009614 8.8e-05

0.009837 5.2e-05

0.011539 8.4e-05

0.009751 6.9e-05

0.009675 8.1e-05

0.009629 0.00011

0.009552 5.9e-05

0.009479 7.9e-05

0.009499 8.8e-05

0.009433 6.3e-05

0.009536 9.8e-05

0.009582 8.6e-05

0.009463 4.7e-05

0.009436 5.5e-05

0.009902 7.6e-05

0.010171 9e-05

0.009477 5.6e-05

0.009359 6.1e-05

0.010202 0.000101

0.009608 7.1e-05

0.00968 8.4e-05

0.009722 7.9e-05

0.009348 4.9e-05

0.009578 7.8e-05

0.009452 8.2e-05

0.012309 6.9e-05

0.009604 8.2e-05

0.010144 8.9e-05

0.010683 7.5e-05

0.010191 0.000111

0.009795 6.9e-05

0.009628 7.3e-05

0.010331 7.2e-05

0.010349 6.2e-05

0.009607 9.7e-05

0.009709 6.9e-05

0.01007 9.5e-05

0.010005 7.8e-05

0.010839 8.8e-05

0.009566 8e-05

0.01009 8.2e-05

0.010011 7.1e-05

0.009572 8.3e-05

0.009677 7.4e-05

0.009977 8.6e-05

0.009977 7e-05

0.009485 0.000105

0.009774 7.8e-05

0.009888 6.8e-05

0.009797 6e-05

0.009557 7.1e-05

0.010797 8e-05

0.009824 7.1e-05

0.009748 9.6e-05

0.009503 8.2e-05

0.010123 6.1e-05

0.010207 6.5e-05

0.009525 6.2e-05

0.009752 6.2e-05

0.010065 9.4e-05

0.009811 9e-05

0.009523 6.4e-05

0.009968 6.8e-05

0.009999 9.2e-05

0.010106 9.2e-05

0.009672 4.4e-05

0.01005 7.3e-05

0.009879 8.9e-05

0.009567 5.8e-05

0.009831 0.000114

0.010524 7.4e-05

0.010674 6.7e-05

0.009724 0.000107

0.009537 0.000111

0.01076 7.3e-05

0.009914 6.9e-05

0.009449 9.9e-05

0.00995 6.9e-05

0.010173 7.2e-05

0.009869 8.1e-05

0.009583 7e-05

0.010009 7.9e-05

0.010896 4.9e-05

0.010135 7.2e-05

0.01091 8.1e-05

0.009551 9.3e-05

0.009889 6.8e-05

0.009885 7.5e-05

0.009631 8.2e-05

0.010001 7.8e-05

0.010215 5.8e-05

0.009849 0.000109

0.00965 0.000121

0.009647 8.5e-05

0.00992 9e-05

0.009854 9.5e-05

0.009632 6.9e-05

0.01017 5.8e-05

0.009831 5.9e-05

0.009668 7e-05

0.009554 8.1e-05

0.010068 8.3e-05

0.009874 5.9e-05

0.00953 8.5e-05

0.009783 5.3e-05

0.010027 6e-05

0.010154 8.7e-05

0.009559 8.1e-05

0.01003 7.5e-05

0.010147 6.6e-05

0.010047 0.000108

0.009817 7.2e-05

0.010083 8.6e-05

0.009987 9.4e-05

0.009502 6.6e-05

0.009815 6.5e-05

0.009915 9.1e-05

0.009833 7.6e-05

0.0096 8e-05

0.009698 5.9e-05

0.010004 8e-05

0.009889 7.2e-05

0.009491 9.5e-05

0.010926 8.5e-05

0.009876 6e-05

0.009768 8.3e-05

0.009576 8.8e-05

0.010029 7.6e-05

0.010055 7e-05

0.009579 0.000102

0.009972 8.4e-05

0.010352 8.2e-05

0.010312 6.9e-05

0.009579 9.5e-05

0.009714 7.3e-05

0.010274 6.2e-05

0.009853 8.4e-05

0.009557 6.2e-05

0.010071 8.3e-05

0.009942 7.6e-05

0.00958 7.9e-05

0.009689 7.8e-05

0.009903 7.6e-05

0.011412 7.6e-05

0.009956 8.1e-05

0.009803 5.3e-05

0.00952 9.9e-05

0.011898 8e-05

0.010954 7.7e-05

0.009623 8e-05

0.009696 6.4e-05

0.00964 6.2e-05

0.009899 6.1e-05

0.011703 9.3e-05

0.010536 6.2e-05

0.010358 5.9e-05

0.011991 5.3e-05

0.009611 6.8e-05

0.009878 6e-05

0.009709 7.6e-05

0.010289 0.000125

0.011111 7.4e-05

0.009606 7.1e-05

0.010407 6.8e-05

0.010084 7.1e-05

0.01072 7.6e-05

0.01 6.8e-05

0.009625 7.1e-05

0.010215 7.2e-05

0.010823 7.6e-05

0.010357 6.9e-05

0.009669 7.9e-05

0.009741 7.6e-05

0.009698 8.1e-05

0.009745 7e-05

0.010328 8.1e-05

0.009558 6.8e-05

0.010458 6.4e-05

0.012667 9.3e-05

0.010392 7.2e-05

0.013046 9.1e-05

0.010362 0.000124

0.011414 9.7e-05

0.009866 6e-05

0.010439 8.4e-05

0.009916 0.000105

0.009765 8.7e-05

0.009891 0.000104

0.009853 8.3e-05

0.009758 6.4e-05

0.009693 5.6e-05

0.009641 0.000107

0.009969 8.6e-05

0.011046 7.7e-05

0.009804 0.000104

0.010044 7.9e-05

0.009904 9.4e-05

0.009595 5.6e-05

0.009802 6.4e-05

0.00996 7.8e-05

0.009939 7.6e-05

0.009621 8.5e-05

0.00966 9.1e-05

0.009686 9.2e-05

0.009576 8e-05

0.009562 6.6e-05

0.009797 8.5e-05

0.009627 5.9e-05

0.009835 8e-05

0.009784 8.2e-05

0.009946 7.2e-05

0.009589 0.000103

0.00989 0.000103

0.010378 6.7e-05

0.009969 8.8e-05

0.009545 6.5e-05

0.009817 7.1e-05

0.010657 8.1e-05

0.009749 9.4e-05

0.009801 0.000102

0.010012 0.000105

0.009832 6.8e-05

0.009509 0.000113

0.00983 5.9e-05

0.0096 7.6e-05

0.009312 7.9e-05

0.009519 9.9e-05

0.009628 7.2e-05

0.009376 0.000105

0.00952 0.000103

0.009725 0.000102

0.009617 5.5e-05

0.009581 8.3e-05

0.009629 7.3e-05

0.009563 7.2e-05

0.00957 7.7e-05

0.009687 0.000125

0.009604 5.6e-05

0.009585 6.6e-05

