0.036696 2e-05

0.037928 2.3e-05

0.037097 2e-05

0.037025 1.8e-05

0.037071 1.8e-05

0.036882 1.9e-05

0.037807 2e-05

0.036912 2.7e-05

0.03848 2.9e-05

0.037239 2e-05

0.036996 1.7e-05

0.036775 2.5e-05

0.037889 2e-05

0.037035 2.7e-05

0.036654 2.6e-05

0.038107 2e-05

0.036838 1.6e-05

0.037441 2.3e-05

0.037029 2e-05

0.03773 2.2e-05

0.037072 2.1e-05

0.037483 1.7e-05

0.036946 2.7e-05

0.037291 2.5e-05

0.038322 3.1e-05

0.03701 2.2e-05

0.037735 2.5e-05

0.03742 2.3e-05

0.036729 2.3e-05

0.036934 2.7e-05

0.036947 2.8e-05

0.037031 1.8e-05

0.036689 2.2e-05

0.036562 1.9e-05

0.036985 2.8e-05

0.037786 1.8e-05

0.036817 2.8e-05

0.036787 2.3e-05

0.03827 2.4e-05

0.037023 2.4e-05

0.037623 2.5e-05

0.037289 1.4e-05

0.036925 2.3e-05

0.037526 1.9e-05

0.036603 2.6e-05

0.037029 2.1e-05

0.037205 2.5e-05

0.036725 2e-05

0.037017 2.7e-05

0.037639 2.1e-05

0.036795 2.9e-05

0.036822 1.6e-05

0.03683 2.6e-05

0.037117 2.5e-05

0.036733 2.2e-05

0.036895 2.1e-05

0.037028 2.2e-05

0.036758 2.5e-05

0.037151 2.8e-05

0.037045 1.9e-05

0.037293 2.3e-05

0.037017 2e-05

0.03779 2.3e-05

0.036828 2.3e-05

0.037777 2.1e-05

0.037141 2.1e-05

0.037199 2e-05

0.036899 1.8e-05

0.036908 2.6e-05

0.036589 1.6e-05

0.0368 2.2e-05

0.037787 2.2e-05

0.036838 1.7e-05

0.036647 2e-05

0.037713 3.3e-05

0.03713 2.4e-05

0.037966 2.6e-05

0.037232 3.2e-05

0.03727 1.9e-05

0.038042 2.4e-05

0.037108 2.3e-05

0.037209 1.7e-05

0.037018 2.8e-05

0.03673 1.6e-05

0.037149 2.3e-05

0.03769 2.5e-05

0.036873 1.8e-05

0.036918 2e-05

0.037429 1.9e-05

0.036921 2.7e-05

0.037565 2.4e-05

0.036863 1.8e-05

0.036951 2.8e-05

0.036773 2.4e-05

0.037235 2.1e-05

0.036874 2.2e-05

0.036914 1.9e-05

0.036985 1.7e-05

0.037018 2e-05

0.036695 2.2e-05

0.036884 2.3e-05

0.037823 2.2e-05

0.036977 2.4e-05

0.036915 2.3e-05

0.036564 2.4e-05

0.03681 1.9e-05

0.037985 1.8e-05

0.036678 2e-05

0.036777 2.1e-05

0.037569 1.8e-05

0.037054 1.8e-05

0.03701 2.4e-05

0.03716 1.8e-05

0.037158 2.2e-05

0.037396 1.9e-05

0.036812 1.9e-05

0.037636 2.5e-05

0.037291 2e-05

0.037059 2e-05

0.037329 3.6e-05

0.03691 2.2e-05

0.037486 1.9e-05

0.037259 1.6e-05

0.037165 2.7e-05

0.037078 2.1e-05

0.036746 1.9e-05

0.036634 2.9e-05

0.036795 1.9e-05

0.036824 2e-05

0.037161 2e-05

0.036881 2.5e-05

0.037899 2.4e-05

0.037202 1.9e-05

0.036803 2.4e-05

0.036785 2e-05

0.036895 2.9e-05

0.037293 3.1e-05

0.037158 2.1e-05

0.03783 1.8e-05

0.037079 2.3e-05

0.036917 2e-05

0.0369 2.4e-05

0.036906 2.2e-05

0.037792 2.2e-05

0.03752 2.1e-05

0.037381 2.1e-05

0.037021 2.3e-05

0.037048 2.3e-05

0.037572 3.3e-05

0.036559 1.7e-05

0.037212 2.8e-05

0.03708 2.1e-05

0.037055 2.7e-05

0.037649 2.5e-05

0.036825 2.2e-05

0.038045 2.5e-05

0.036966 2e-05

0.03646 2e-05

0.036773 2.2e-05

0.038238 2.2e-05

0.037028 2.1e-05

0.036911 2.4e-05

0.037109 2.3e-05

0.036885 1.8e-05

0.03701 2.1e-05

0.036907 2.1e-05

0.037897 2e-05

0.036961 2.4e-05

0.037013 1.8e-05

0.037046 1.6e-05

0.036944 2e-05

0.036875 2.7e-05

0.036991 1.7e-05

0.036897 2.6e-05

0.037004 2e-05

0.036813 2.5e-05

0.036928 2.5e-05

0.037029 2.1e-05

0.036901 2.6e-05

0.037082 1.7e-05

0.036849 1.8e-05

0.036769 1.8e-05

0.037156 1.9e-05

0.037112 2.3e-05

0.037175 2e-05

0.037648 1.9e-05

0.037028 2.1e-05

0.036638 1.7e-05

0.037042 1.9e-05

0.037464 2e-05

0.037182 2.5e-05

0.036726 1.6e-05

0.036877 1.7e-05

0.03703 2.7e-05

0.036777 2.4e-05

0.03785 2.5e-05

0.036835 1.8e-05

0.037238 2.1e-05

0.03696 2.4e-05

0.036754 1.9e-05

0.037237 2e-05

0.036896 2.1e-05

0.036955 2.8e-05

0.036682 1.6e-05

0.037292 1.9e-05

0.037481 2.4e-05

0.037231 3.6e-05

0.037058 2.5e-05

0.036973 1.9e-05

0.036781 2.2e-05

0.037044 2e-05

0.036855 2.4e-05

0.036934 2.6e-05

0.037725 2.2e-05

0.036899 2e-05

0.037032 1.8e-05

0.036964 2.6e-05

0.03681 1.9e-05

0.037772 2.7e-05

0.036936 2e-05

0.037946 2.6e-05

0.037343 1.8e-05

0.037838 3.2e-05

0.037009 2.9e-05

0.038176 2.3e-05

0.036808 1.9e-05

0.037884 2.5e-05

0.037256 1.7e-05

0.036959 2.1e-05

0.036884 1.9e-05

0.037516 2.3e-05

0.037192 2.1e-05

0.037332 1.9e-05

0.036916 3.3e-05

0.03809 2e-05

0.037086 2.1e-05

0.037019 1.9e-05

0.036993 2.1e-05

0.036885 2.7e-05

0.037103 2.5e-05

0.037278 2e-05

0.036875 2e-05

0.03775 2.5e-05

0.037771 1.8e-05

0.036838 2e-05

0.037938 2.1e-05

0.036993 2.4e-05

0.036823 1.8e-05

0.037079 2.1e-05

0.036997 1.8e-05

0.037083 2.2e-05

0.03863 2.5e-05

0.037076 2.3e-05

0.037833 2e-05

0.037054 1.9e-05

0.037335 2.4e-05

0.036756 1.8e-05

0.036769 2.1e-05

0.036725 1.8e-05

0.036889 2.5e-05

0.037097 2.1e-05

0.036886 2.7e-05

0.037112 2.4e-05

0.037916 1.9e-05

0.036911 2e-05

0.037619 2.1e-05

0.037158 2.7e-05

0.036948 2.3e-05

0.037802 2.2e-05

0.036752 1.8e-05

0.037163 1.9e-05

0.037833 3.6e-05

0.037094 2.3e-05

0.042092 2.2e-05

0.036984 2.5e-05

0.037607 2.6e-05

0.037714 1.9e-05

0.03812 2.4e-05

0.039174 2.7e-05

0.042572 2.2e-05

0.03901 2.2e-05

0.038622 2.4e-05

0.039532 3e-05

0.039354 2.4e-05

0.039261 4.2e-05

0.037924 2e-05

0.037151 2.6e-05

0.038158 2.3e-05

0.037357 2.1e-05

0.036982 2.5e-05

0.03791 2.5e-05

0.036728 2.4e-05

0.038391 2.3e-05

0.038216 2.7e-05

0.036855 2.1e-05

0.036885 2.1e-05

0.037281 2.3e-05

0.037348 2e-05

0.037533 2e-05

0.03702 2e-05

0.037301 1.9e-05

0.0368 1.9e-05

0.03689 3e-05

0.03735 2.1e-05

0.037957 2.2e-05

0.036992 2.6e-05

0.036997 2e-05

0.037467 2.4e-05

0.036999 2.6e-05

0.037788 2e-05

0.037843 1.7e-05

0.037204 2e-05

0.037119 1.8e-05

0.036778 1.8e-05

0.036813 2.5e-05

0.037857 2.2e-05

0.036881 2.6e-05

0.036827 2.7e-05

0.036923 1.9e-05

0.036753 2.8e-05

0.037882 2e-05

0.036944 2.2e-05

0.037279 2.7e-05

0.037862 2.2e-05

0.038407 2.6e-05

0.037372 2.2e-05

0.038375 2.2e-05

0.036975 2.5e-05

0.036684 3e-05

0.036981 2.8e-05

0.03754 2.1e-05

0.036781 1.8e-05

0.037152 2e-05

0.036671 2.3e-05

0.037982 2.4e-05

0.036853 2.1e-05

0.037853 2.1e-05

0.037895 2.8e-05

0.037103 2.7e-05

0.037103 1.8e-05

0.037175 2.2e-05

0.037486 2.3e-05

0.037141 2.3e-05

0.037999 2.2e-05

0.036658 3.1e-05

0.037023 2e-05

0.036823 2.1e-05

0.037104 2.9e-05

0.036978 1.7e-05

0.036919 2e-05

0.037044 2.6e-05

0.036784 3e-05

0.037013 2.7e-05

0.03772 1.8e-05

0.036894 2e-05

0.03726 3e-05

0.038535 1.9e-05

0.037006 1.8e-05

0.03721 2.3e-05

0.036757 1.9e-05

0.036848 2.2e-05

0.037084 2e-05

0.036845 2.5e-05

0.037245 2.4e-05

0.036613 2e-05

0.037216 2.7e-05

0.03696 1.7e-05

0.037064 1.7e-05

0.036954 1.6e-05

0.037832 2.2e-05

0.036723 2.4e-05

0.037557 2.1e-05

0.037049 1.9e-05

0.037006 2.6e-05

0.037196 2.2e-05

0.037982 2.6e-05

0.037097 1.7e-05

0.037018 3e-05

0.037742 2.5e-05

0.036902 1.8e-05

0.036913 2.3e-05

0.03719 2.6e-05

0.038052 2.5e-05

0.036678 2e-05

0.036894 1.7e-05

0.037127 3.2e-05

0.036719 1.8e-05

0.037789 2.8e-05

0.037179 2.1e-05

0.036884 1.8e-05

0.03687 2.1e-05

0.037823 2.2e-05

0.03714 1.8e-05

0.036923 1.7e-05

0.036998 2.4e-05

0.038262 2e-05

0.037254 2.2e-05

0.037615 2.2e-05

0.03656 2.1e-05

0.036795 2.5e-05

0.037157 2.7e-05

0.037717 2.1e-05

0.037009 1.8e-05

0.036933 1.8e-05

0.036825 2.3e-05

0.036763 2.4e-05

0.037817 2.7e-05

0.036966 2.3e-05

0.036828 1.9e-05

0.036763 1.5e-05

0.037077 2.2e-05

0.037316 2e-05

0.037173 2.3e-05

0.037575 2.4e-05

0.037297 1.7e-05

0.036868 1.8e-05

0.03703 2.2e-05

0.036759 2.1e-05

0.037808 2.4e-05

0.036956 2.6e-05

0.037369 2.5e-05

0.036826 2e-05

0.036857 2e-05

0.036764 2.2e-05

0.036598 2e-05

0.036963 1.6e-05

0.03717 2.2e-05

0.037741 2.1e-05

0.036776 2.2e-05

0.036827 2e-05

0.038106 2.1e-05

0.036958 2.2e-05

0.036904 1.9e-05

0.037071 2.1e-05

0.038103 2.5e-05

0.036948 1.9e-05

0.0376 2e-05

0.036927 1.7e-05

0.036681 2.1e-05

0.037487 2.7e-05

0.0369 1.6e-05

0.037016 2e-05

0.037339 2.4e-05

0.036836 2.3e-05

0.037028 2.1e-05

0.036557 2e-05

0.037104 2.4e-05

0.037142 2.4e-05

0.036708 1.9e-05

0.03809 2.7e-05

0.03678 2.3e-05

0.037031 2.6e-05

0.037363 2.3e-05

0.036663 2.5e-05

0.03693 2.3e-05

0.036822 1.9e-05

0.03707 2.4e-05

0.037009 2.2e-05

0.03771 2e-05

0.037061 2.6e-05

0.036791 2.4e-05

0.037584 2.1e-05

0.037149 1.9e-05

0.037554 2.2e-05

0.036774 1.8e-05

0.037074 2.4e-05

0.036989 2e-05

0.037244 2e-05

0.037169 2.3e-05

0.037032 2.2e-05

0.037297 2.5e-05

0.037019 3.1e-05

0.037994 3.4e-05

0.036992 2.7e-05

0.037726 2.7e-05

0.038006 2.5e-05

0.037831 2.2e-05

0.037988 2.5e-05

0.036906 1.8e-05

0.036948 2.1e-05

0.037061 2.1e-05

0.037036 2.1e-05

0.036805 2.5e-05

0.037028 1.8e-05

0.036818 2.4e-05

0.036941 2.8e-05

0.038025 2e-05

0.037872 2e-05

0.037413 2.2e-05

0.037774 2.2e-05

0.037071 1.8e-05

0.036918 2.4e-05

0.038042 2.2e-05

0.036989 2.5e-05

0.03788 2.6e-05

0.037042 2.7e-05

0.037662 1.8e-05

0.037476 2e-05

0.037289 2.6e-05

0.037005 2e-05

0.036884 2.6e-05

0.037698 2.2e-05

0.037802 1.8e-05

0.036995 2.3e-05

0.03893 2.1e-05

0.036914 1.8e-05

0.037226 2e-05

0.037026 2e-05

0.037049 1.9e-05

0.037117 2.5e-05

0.037706 2e-05

0.03691 2.1e-05

0.037026 3.1e-05

0.037328 1.5e-05

0.037873 1.6e-05

0.036873 2.4e-05

0.036578 2.4e-05

0.03678 2e-05

0.037428 2.6e-05

0.036909 1.8e-05

0.037051 2e-05

0.037358 2.1e-05

0.036774 2.5e-05

0.036929 2.1e-05

0.038007 2.3e-05

0.036743 2e-05

0.037172 2.3e-05

0.036958 2.1e-05

0.036873 2.7e-05

0.037185 2.1e-05

0.037904 2.8e-05

0.03704 2.4e-05

0.038031 1.7e-05

0.037104 1.8e-05

0.036952 1.9e-05

0.036865 2.4e-05

0.037447 1.8e-05

0.037735 1.7e-05

0.03685 2e-05

0.037129 2.1e-05

0.037866 1.8e-05

0.036736 1.9e-05

0.036908 2.5e-05

0.036904 2.5e-05

0.038171 1.5e-05

0.037019 2.4e-05

0.037072 2.4e-05

0.038074 2.1e-05

0.036589 1.9e-05

0.036922 2.1e-05

0.036854 2.2e-05

0.037827 2.3e-05

0.036962 2.4e-05

0.036418 1.4e-05

0.036802 2.3e-05

0.037183 2.4e-05

0.03742 2.6e-05

0.036661 2.1e-05

0.037492 1.7e-05

0.036847 2.5e-05

0.037209 2.2e-05

0.03719 2.4e-05

0.037726 2.6e-05

0.037028 1.7e-05

0.036694 1.8e-05

0.037245 2e-05

0.037061 2.1e-05

0.03729 2.8e-05

0.036938 2.5e-05

0.037671 2.1e-05

0.03677 3.6e-05

0.036858 2.1e-05

0.036888 2.4e-05

0.037001 2.2e-05

0.037103 2e-05

0.036942 2.2e-05

0.036973 2e-05

0.037934 3.2e-05

0.036994 2.5e-05

0.036782 2e-05

0.036776 1.9e-05

0.037667 2.9e-05

0.037288 1.7e-05

0.037001 2e-05

0.037365 2.1e-05

0.036853 2.2e-05

0.037054 2.5e-05

0.036889 2.5e-05

0.036887 2.4e-05

0.03761 2e-05

0.036807 2.3e-05

0.036707 2.2e-05

0.037131 2.1e-05

0.036982 2.6e-05

0.036998 2e-05

0.036908 2e-05

0.036799 1.8e-05

0.038046 2.1e-05

0.036972 2.4e-05

0.036959 1.9e-05

0.036941 2.1e-05

0.037105 1.9e-05

0.036898 2.3e-05

0.038092 2e-05

0.037089 1.8e-05

0.037195 1.8e-05

0.037181 2.1e-05

0.037367 2.4e-05

0.037693 3.2e-05

0.036992 2.3e-05

0.037937 2.5e-05

0.036953 2.7e-05

0.036968 2.6e-05

0.036953 2.2e-05

0.037169 1.4e-05

0.036752 2e-05

0.03694 2.2e-05

0.037117 1.8e-05

0.03674 2e-05

0.037044 2.3e-05

0.037301 2.5e-05

0.036787 2.5e-05

0.037094 1.6e-05

0.037081 2e-05

0.036785 1.7e-05

0.036602 1.9e-05

0.037003 1.8e-05

0.036896 2e-05

0.037058 2.9e-05

0.03717 1.9e-05

0.037357 2.9e-05

0.037721 1.9e-05

0.037821 2.3e-05

0.03687 2.8e-05

0.037004 2e-05

0.038192 1.7e-05

0.037284 2.6e-05

0.047947 3.4e-05

0.0448 4.1e-05

0.060659 6.5e-05

0.055153 3.6e-05

0.045753 2.7e-05

0.044167 2.8e-05

0.04423 2.5e-05

0.041294 2.4e-05

0.040364 1.9e-05

0.038406 2.5e-05

0.040097 2e-05

0.042096 2.2e-05

0.044042 2.7e-05

0.044519 2.1e-05

0.036795 2.5e-05

0.041454 2.4e-05

0.038449 2.3e-05

0.038004 2.5e-05

0.036842 2e-05

0.037006 1.9e-05

0.03731 2.2e-05

0.037733 2.2e-05

0.037324 2.3e-05

0.037247 2.3e-05

0.037115 2.3e-05

0.037393 3e-05

0.039314 2e-05

0.037031 2e-05

0.036963 1.9e-05

0.03714 2.3e-05

0.037312 2.6e-05

0.037078 2.1e-05

0.037735 2.2e-05

0.036841 1.7e-05

0.037195 2.1e-05

0.038391 3.4e-05

0.037623 2.4e-05

0.036748 1.9e-05

0.03961 2.2e-05

0.039631 2e-05

0.037688 2.1e-05

0.037727 2.4e-05

0.037303 2.6e-05

0.046427 2.5e-05

0.041933 1.9e-05

0.037641 2.5e-05

0.039729 2.3e-05

0.038955 2.3e-05

0.038944 1.9e-05

0.03717 2.9e-05

0.038054 2.7e-05

0.037894 2.4e-05

0.037179 2.4e-05

0.038024 2.3e-05

0.037006 2.5e-05

0.038027 2e-05

0.037519 2.1e-05

0.036971 2.2e-05

0.038151 3.7e-05

0.037068 2.6e-05

0.037696 2.4e-05

0.038144 2.6e-05

0.037417 2.2e-05

0.036878 1.7e-05

0.038016 2.9e-05

0.037843 2.3e-05

0.037011 1.8e-05

0.037004 2.4e-05

0.036544 1.6e-05

0.037496 2.2e-05

0.037372 2.6e-05

0.037113 2e-05

0.039734 2e-05

0.039049 2.3e-05

0.036845 2.6e-05

0.039662 2e-05

0.036838 2.5e-05

0.040726 2.3e-05

0.037164 2.4e-05

0.04951 3e-05

0.03827 4.4e-05

0.05221 1.8e-05

0.038506 2.3e-05

0.038165 2e-05

0.037851 2.2e-05

0.038731 2.3e-05

0.049872 2.8e-05

0.044745 2.7e-05

0.046158 2.5e-05

0.040077 1.9e-05

0.03926 2e-05

0.03873 1.8e-05

0.039239 3.1e-05

0.040059 3e-05

0.038433 2.2e-05

0.037419 2.9e-05

0.039509 2.2e-05

0.037784 2.1e-05

0.039199 1.9e-05

0.042659 2e-05

0.039507 2.2e-05

0.039563 2e-05

0.040436 1.8e-05

0.038084 2.6e-05

0.038799 1.7e-05

0.038252 2.1e-05

0.038926 2.1e-05

0.038773 2.6e-05

0.038749 2.6e-05

0.038937 2.2e-05

0.038304 2.6e-05

0.038518 2.1e-05

0.038951 2.3e-05

0.039347 2.4e-05

0.041607 3e-05

0.039361 1.7e-05

0.042145 2.5e-05

0.03718 2.2e-05

0.037181 3.1e-05

0.040577 2e-05

0.044689 2.4e-05

0.043753 2e-05

0.039146 1.9e-05

0.039607 2.5e-05

0.037543 2e-05

0.042772 2.7e-05

0.03864 2.9e-05

0.053022 2.2e-05

0.040436 3.1e-05

0.039127 3.2e-05

0.049499 2.3e-05

0.044102 2.8e-05

0.037536 3e-05

0.038548 1.8e-05

0.037564 2.5e-05

0.039076 1.9e-05

0.03911 2e-05

0.038411 2.5e-05

0.037991 2.9e-05

0.038698 2.3e-05

0.038142 1.8e-05

0.037634 2.7e-05

0.038062 2e-05

0.03801 2e-05

0.038307 2.3e-05

0.037317 2e-05

0.037618 2e-05

0.037009 1.8e-05

0.037078 2.3e-05

0.03746 2e-05

0.037275 1.6e-05

0.036987 2.3e-05

0.037637 2.3e-05

0.047719 2.4e-05

0.039362 2e-05

0.039952 2.8e-05

0.039794 2.8e-05

0.039267 2.7e-05

0.049814 2.1e-05

0.039217 2e-05

0.039571 2.9e-05

0.044752 2.9e-05

0.042479 2.2e-05

0.046885 1.8e-05

0.051805 2.3e-05

0.041258 2.4e-05

0.042695 2.2e-05

0.048191 2e-05

0.038861 2.9e-05

0.039268 2.5e-05

0.046495 1.9e-05

0.040166 2.3e-05

0.04882 2.6e-05

0.04178 2.6e-05

0.03931 2.4e-05

0.038337 2.5e-05

0.039356 2.2e-05

0.039745 2.2e-05

0.038571 2.2e-05

0.03922 2e-05

0.038886 2.1e-05

0.039781 2.3e-05

0.039629 1.9e-05

0.038921 2.3e-05

0.038765 2.6e-05

0.040386 2.2e-05

0.046514 2.6e-05

0.038631 3.1e-05

0.036951 2.3e-05

0.041515 2.3e-05

0.037145 2e-05

0.037149 1.7e-05

0.036942 1.7e-05

0.037524 2.7e-05

0.03711 1.8e-05

0.037366 2.2e-05

0.037028 2.9e-05

0.03726 2.1e-05

0.036545 3.3e-05

0.036878 2.1e-05

0.036701 1.9e-05

0.037069 2.6e-05

0.037202 1.7e-05

0.037017 1.7e-05

0.036987 2.3e-05

0.036948 2.7e-05

0.037104 1.9e-05

0.036917 1.9e-05

0.036962 2.1e-05

0.037725 2.4e-05

0.037113 3.2e-05

0.036962 2.5e-05

0.03857 2.1e-05

0.037696 1.9e-05

0.038833 3.7e-05

0.037038 2.5e-05

0.03779 1.5e-05

0.037325 2.1e-05

0.037241 1.9e-05

0.036778 2.7e-05

0.037061 2.3e-05

0.037786 2e-05

0.036866 2.3e-05

0.037379 2.3e-05

0.037145 2.2e-05

0.042778 2.5e-05

0.037049 2.1e-05

0.037194 1.6e-05

0.036884 2e-05

0.038013 3e-05

0.037009 3.7e-05

0.038895 1.8e-05

0.037257 2e-05

0.038591 2e-05

0.037207 2.2e-05

0.03685 1.8e-05

0.037302 1.6e-05

0.037067 1.9e-05

0.036847 2e-05

0.036957 1.9e-05

0.036735 1.7e-05

0.037174 2.3e-05

0.037038 2.2e-05

0.037085 2.2e-05

0.03769 2.4e-05

0.037119 2.1e-05

0.036979 2.2e-05

0.036903 1.7e-05

0.036979 1.7e-05

0.037184 1.9e-05

0.037088 2e-05

0.036669 2.1e-05

0.037387 2.7e-05

0.036757 2.2e-05

0.037782 2e-05

0.03726 2.1e-05

0.036876 1.6e-05

0.036942 2e-05

0.036984 2.3e-05

0.036896 1.9e-05

0.03684 2.2e-05

0.037877 2.1e-05

0.036923 1.6e-05

0.037056 2.4e-05

0.037209 1.9e-05

0.036949 1.8e-05

0.036807 2.3e-05

0.037814 1.7e-05

0.038347 1.7e-05

0.037841 3.3e-05

0.039032 2.4e-05

0.039823 2.3e-05

0.040761 2.6e-05

0.042054 2.7e-05

0.038198 4e-05

0.041395 2.2e-05

0.040489 1.9e-05

0.037902 2.6e-05

0.038871 2.2e-05

0.038739 2.1e-05

0.037953 4.4e-05

0.038214 3e-05

0.037875 3.6e-05

0.039032 2e-05

0.038009 2e-05

0.038897 2.4e-05

0.039226 1.9e-05

0.038463 2e-05

0.042318 2.2e-05

0.038978 1.9e-05

0.039853 3e-05

0.037945 2.1e-05

0.038991 2.5e-05

0.037773 1.8e-05

0.038017 2.4e-05

0.043401 2.2e-05

0.03943 2.4e-05

0.040699 2.3e-05

0.039782 2.3e-05

0.040642 2e-05

0.040983 2.2e-05

0.038671 1.8e-05

0.036966 2.7e-05

0.036977 2.4e-05

0.03798 2.4e-05

0.03699 2.5e-05

0.037245 2.4e-05

0.038075 2.5e-05

0.037089 2e-05

0.036781 1.8e-05

0.037484 2.7e-05

0.03675 2.7e-05

0.036849 2.2e-05

0.03676 2.6e-05

0.036831 1.9e-05

0.037615 2.6e-05

0.037608 2.6e-05

0.039678 2.2e-05

0.037135 2.6e-05

0.03812 2.8e-05

0.03738 1.8e-05

0.037235 2.3e-05

0.037014 2.4e-05

0.037213 2.2e-05

0.03752 1.8e-05

0.039216 1.7e-05

0.040755 2.1e-05

0.039332 2.8e-05

0.037488 1.8e-05

0.037143 2.2e-05

0.037975 2.2e-05

0.037168 2.4e-05

0.038075 2.1e-05

0.037131 3.1e-05

0.036965 2.9e-05

0.037845 2.1e-05

0.038004 1.9e-05

0.037701 1.5e-05

0.039267 2.1e-05

0.042787 2.2e-05

0.038901 1.9e-05

0.037389 2.6e-05

0.03709 2.2e-05

0.037297 2.2e-05

0.038043 2e-05

0.038723 1.9e-05

0.040436 1.9e-05

0.039697 2.1e-05

0.037564 2.2e-05

0.04124 2.2e-05

0.038387 1.9e-05

0.03832 2.3e-05

0.038043 2.6e-05

0.038163 1.9e-05

0.038087 2.3e-05

0.038065 2.2e-05

0.039393 2.4e-05

0.041588 2.1e-05

0.040626 2.6e-05

0.038428 2e-05

0.039231 2e-05

0.038163 2e-05

0.039057 3.1e-05

