0.0085 0.000119

0.008612 0.000175

0.008553 0.000174

0.008463 9.8e-05

0.00866 9.8e-05

0.008558 0.000191

0.00854 0.000245

0.008635 0.000152

0.008527 0.00011

0.008519 0.000161

0.008466 0.000161

0.008813 0.000148

0.008872 0.000154

0.008589 0.000159

0.008566 0.000116

0.0089 0.000105

0.008957 0.000112

0.008481 0.000214

0.008545 0.000138

0.00887 0.000168

0.00885 0.000189

0.008887 0.000183

0.008542 0.000175

0.008826 0.000111

0.009226 0.00014

0.008815 0.000133

0.008388 0.000176

0.008486 0.000112

0.00886 0.000154

0.008619 0.00011

0.012214 0.000334

0.010587 0.000161

0.009413 0.000154

0.009243 0.000114

0.00849 0.000169

0.008488 0.000164

0.009514 0.000167

0.013314 0.000162

0.009279 0.000283

0.009411 0.000124

0.010003 0.00011

0.010109 0.00027

0.008967 0.000212

0.009466 0.000159

0.010937 0.000103

0.00932 0.000305

0.009451 0.000119

0.00893 0.00016

0.008585 0.000177

0.008992 0.000152

0.008623 0.000139

0.008598 0.000103

0.008552 0.000118

0.009454 0.00013

0.008495 0.000156

0.008759 0.000151

0.008984 0.000108

0.008679 0.000106

0.008735 0.000175

0.008723 0.000173

0.00874 0.0001

0.008613 0.00018

0.008434 0.000169

0.008323 0.00013

0.008236 0.000121

0.00837 0.000126

0.008412 0.000121

0.008435 0.000171

0.008338 0.000154

0.008257 0.000171

0.008288 0.000126

0.008327 0.000126

0.008607 0.000116

0.008522 9.5e-05

0.008475 0.000199

0.008483 0.000116

0.008636 0.00014

0.008708 0.000113

0.008507 0.000131

0.010036 0.000161

0.008973 0.00014

0.008985 0.000119

0.008518 0.000112

0.008583 9.1e-05

0.008843 0.000137

0.008629 0.000108

0.008585 0.000109

0.009467 0.000132

0.009103 8.2e-05

0.008751 0.000127

0.008567 0.00013

0.00901 0.00017

0.008952 0.000139

0.008678 0.000105

0.008506 0.000107

0.008976 0.00018

0.008656 0.000126

0.008529 0.000135

0.00884 0.00018

0.008509 0.000137

0.008552 0.000187

0.008492 0.00016

0.008514 8.8e-05

0.008721 0.000121

0.008669 0.000193

0.008514 0.000113

0.00892 0.000106

0.008914 0.000149

0.008476 0.000186

0.008457 0.000131

0.008857 0.000143

0.008399 0.000105

0.008322 0.000142

0.008239 9.1e-05

0.008573 0.000125

0.00846 0.000155

0.008584 0.000115

0.008899 0.000123

0.00868 0.000141

0.008491 0.000155

0.008595 0.000137

0.008984 0.000162

0.008797 8.6e-05

0.008492 0.000107

0.008578 0.000121

0.008495 0.000129

0.008495 0.000128

0.008449 0.000167

0.008652 0.000122

0.008464 9.2e-05

0.008372 0.000109

0.008434 0.000132

0.00833 0.00012

0.008386 0.00015

0.008408 0.000133

0.008573 0.000125

0.008398 0.000106

0.008298 0.000104

0.00883 0.000101

0.008631 0.000154

0.008473 0.000114

0.008524 0.000108

0.008482 9.9e-05

0.008346 0.000154

0.008299 0.000152

0.008333 0.000109

0.008295 0.000144

0.008413 0.00017

0.008317 0.000133

0.008629 0.000175

0.00845 0.000118

0.008603 0.000136

0.00857 0.000145

0.008554 0.000128

0.00858 9.8e-05

0.008517 0.000182

0.008744 0.000173

0.008501 0.000117

0.008438 0.000149

0.008582 0.000107

0.008471 0.000126

0.008549 0.000176

0.008666 0.000144

0.008604 0.000159

0.008567 0.00018

0.008324 0.000108

0.00848 0.000162

0.008364 0.000184

0.008397 0.000102

0.008904 8.4e-05

0.008534 0.000139

0.008386 0.000123

0.008308 0.00012

0.008272 0.000169

0.008228 0.000155

0.008263 0.000166

0.008295 0.000173

0.008232 0.000127

0.008611 0.000139

0.008575 0.00017

0.008575 0.000158

0.008416 0.000111

0.008362 0.000153

0.008527 8.5e-05

0.008432 0.000164

0.008631 8.4e-05

0.008697 0.000166

0.008638 0.000146

0.008601 9.3e-05

0.008519 0.000131

0.009806 0.000116

0.009173 0.000138

0.008659 0.000165

0.008672 0.000114

0.008502 0.000101

0.008525 0.000124

0.00835 0.000143

0.008442 0.000161

0.00839 0.000111

0.008337 0.000167

0.008268 0.00015

0.00828 0.000111

0.008281 0.000156

0.008325 0.000144

0.008588 0.000162

0.008584 0.000176

0.008297 0.000136

0.008458 0.000125

0.008804 0.000192

0.008534 0.000138

0.008555 0.000148

0.00875 0.000105

0.008608 0.000126

0.008516 0.00014

0.008559 0.000115

0.008527 0.000155

0.008572 0.000158

0.008289 9.6e-05

0.008283 0.000182

0.008364 0.000173

0.01179 0.000147

0.008357 0.000132

0.008324 0.000147

0.008322 0.00016

0.008238 0.000154

0.008255 0.00017

0.008332 0.000119

0.008271 0.000119

0.008275 0.000143

0.008393 0.000103

0.008294 0.000163

0.008329 9.6e-05

0.008248 0.000147

0.008306 0.000132

0.008217 8.6e-05

0.008328 0.000189

0.008254 0.000104

0.008232 0.000147

0.008281 0.000116

0.00824 0.000132

0.008484 0.000135

0.008283 0.00012

0.012109 0.000194

0.008562 0.000112

0.008309 0.00012

0.00825 0.000138

0.008309 9.3e-05

0.008262 0.000144

0.008301 9.8e-05

0.008268 0.000122

0.008234 0.000112

0.008268 0.000131

0.008386 0.000179

0.008319 0.000132

0.008354 0.000158

0.008272 0.000151

0.008351 0.000166

0.008328 0.000144

0.008302 0.000176

0.00829 0.000118

0.008282 0.000166

0.008278 0.000133

0.008322 0.000148

0.008268 0.000154

0.008275 0.000149

0.011458 0.000149

0.00845 0.00012

0.008241 0.000135

0.008392 0.000114

0.008274 0.000122

0.008263 0.000104

0.00824 0.000144

0.008307 0.000117

0.008239 0.000153

0.00825 0.000111

0.008341 0.000113

0.008269 0.000167

0.008266 0.000115

0.008265 0.000153

0.008236 0.000167

0.008225 9.6e-05

0.008213 0.000131

0.008209 0.000119

0.008261 0.000163

0.008283 0.000146

0.008238 0.000113

0.008245 0.000129

0.008278 0.000115

0.008465 0.000118

0.008254 0.000125

0.00831 0.000133

0.00826 0.000118

0.008268 0.000107

0.008317 0.000118

0.008432 0.000147

0.008265 0.000176

0.008719 0.000117

0.008685 0.000126

0.008534 0.00018

0.008509 0.000145

0.008534 0.000118

0.008556 0.00014

0.00847 0.000103

0.008503 9.7e-05

0.008637 0.000158

0.008519 0.000171

0.00854 0.000211

0.008477 0.000142

0.008296 0.000147

0.008359 9.8e-05

0.008603 0.000124

0.008867 0.000176

0.00843 0.000126

0.008681 0.00012

0.009031 0.000109

0.00891 0.000123

0.008499 0.000136

0.00875 0.000136

0.008571 0.000126

0.008731 0.000135

0.008563 8.1e-05

0.008974 8.8e-05

0.008813 0.000119

0.008527 0.000188

0.008411 0.00013

0.008867 9.5e-05

0.008861 0.000213

0.008511 0.000122

0.008647 0.000135

0.008752 0.000119

0.008517 0.000124

0.008487 0.000164

0.008827 0.000152

0.008729 0.000162

0.008487 0.000165

0.008462 0.000144

0.008518 0.000133

0.008526 0.000124

0.008464 0.000106

0.008548 0.000133

0.008472 0.000138

0.008404 0.000153

0.008393 0.0001

0.008992 0.00015

0.00884 0.000103

0.00858 0.000145

0.008785 0.000111

0.009364 0.000122

0.008868 0.000276

0.008555 0.000164

0.008615 0.000147

0.008954 0.000148

0.00865 0.000143

0.008541 8.6e-05

0.008429 9.5e-05

0.009365 0.000167

0.008541 0.000198

0.008452 0.000172

0.008772 0.00013

0.008583 0.000182

0.008728 0.00013

0.008415 0.000122

0.008387 0.000137

0.009148 0.000109

0.00864 0.00016

0.008499 0.000118

0.008791 0.000142

0.008867 0.00011

0.008554 0.000154

0.00852 0.000105

0.00931 0.000146

0.009372 0.000185

0.008576 0.00012

0.008442 0.000148

0.008487 0.000118

0.008305 0.000144

0.008248 0.00013

0.008333 0.000115

0.008877 0.000113

0.008613 0.000145

0.008663 0.000136

0.008442 0.00013

0.008354 0.000108

0.008392 0.000163

0.00822 0.000121

0.008282 0.000151

0.008462 0.00018

0.00877 0.000169

0.00908 0.000192

0.008585 0.000203

0.008607 0.000158

0.008741 0.000198

0.008795 0.000174

0.008538 0.000173

0.008512 0.000192

0.008786 0.000128

0.008781 0.000144

0.008344 0.000141

0.008534 0.00011

0.008981 0.000149

0.008579 9.7e-05

0.008471 0.000164

0.008562 0.000161

0.008869 0.000157

0.008518 8e-05

0.00978 0.000146

0.008577 0.000102

0.008646 0.000122

0.008547 0.0001

0.008338 9.2e-05

0.008442 0.000127

0.008257 0.000148

0.008315 0.000139

0.008498 0.000132

0.008492 0.000165

0.008399 8.5e-05

0.008297 0.000203

0.008717 0.000144

0.00844 0.00011

0.008445 0.000132

0.008493 0.000174

0.008489 8.9e-05

0.008484 0.000112

0.008582 0.00015

0.0085 0.000141

0.008468 0.000128

0.008515 0.000102

0.008596 0.000154

0.008477 0.000194

0.008462 0.000147

0.008522 0.000142

0.008494 0.000141

0.008501 0.000112

0.008434 0.000124

0.008407 0.000177

0.008245 0.000111

0.00833 0.000125

0.008493 0.000161

0.008248 0.000125

0.008477 9.3e-05

0.008565 0.000111

0.008412 0.000101

0.008551 0.00014

0.008649 0.000148

0.008626 0.000155

0.008457 0.00013

0.008517 0.000138

0.008548 9.8e-05

0.008624 0.000174

0.008568 0.000122

0.0087 0.000207

0.008518 0.000133

0.008568 0.000125

0.009043 0.000141

0.008553 0.000142

0.008467 0.000188

0.008488 0.000136

0.008542 9.7e-05

0.008505 9.7e-05

0.008467 8.7e-05

0.00852 0.000171

0.00847 0.000107

0.008325 0.000128

0.008332 0.000159

0.0084 0.000193

0.008561 0.000178

0.008511 0.000154

0.008532 0.000124

0.008486 0.000144

0.008479 0.00013

0.008503 0.000106

0.008333 0.000117

0.008537 0.000114

0.008457 8.5e-05

0.00832 9.4e-05

0.010378 0.000145

0.011047 0.000186

0.008545 0.00014

0.009016 0.000125

0.0089 0.000131

0.008602 0.000137

0.009773 0.000196

0.008975 0.000144

0.0091 0.000148

0.009411 8.7e-05

0.009034 0.000158

0.009003 0.000151

0.008884 0.000146

0.011297 0.000221

0.010194 0.000195

0.009197 0.000146

0.008719 0.000164

0.008606 0.000159

0.008832 0.000117

0.008599 0.00012

0.008535 0.000155

0.008732 0.000109

0.008591 0.00015

0.00856 8.1e-05

0.008528 0.000223

0.008662 0.000157

0.008575 0.000115

0.009221 0.000135

0.009335 0.000186

0.008546 0.00013

0.009369 0.000149

0.009029 0.000134

0.009041 0.000102

0.012391 0.000137

0.008781 0.000129

0.008442 0.000116

0.008286 0.000117

0.008658 0.000137

0.008636 0.000139

0.008877 0.000129

0.008827 0.00015

0.008476 0.000138

0.010277 0.000248

0.008653 0.000143

0.008594 0.000141

0.008372 0.000161

0.00824 0.000132

0.008451 0.000194

0.008245 0.000102

0.008248 9e-05

0.008371 0.000101

0.008389 0.000129

0.008268 0.000149

0.008604 0.000108

0.008549 0.000148

0.008465 0.000161

0.008554 0.000128

0.008676 0.00015

0.008487 0.000175

0.008324 0.000136

0.008384 9.4e-05

0.008334 0.00014

0.008553 0.000134

0.008363 0.000146

0.00852 0.000132

0.008264 0.000115

0.008326 9e-05

0.008519 0.000128

0.008305 0.000122

0.008344 0.000174

0.008279 9.5e-05

0.008316 9.7e-05

0.008253 0.000148

0.00838 0.00013

0.00831 0.000126

0.008282 7.8e-05

0.008364 0.000192

0.008245 0.000113

0.00828 0.000145

0.008295 0.000137

0.008271 0.00012

0.008262 0.000123

0.008215 0.000174

0.008219 9.6e-05

0.008332 0.000139

0.008264 9.5e-05

0.008255 0.000137

0.008227 0.000212

0.00833 0.00014

0.008265 0.000132

0.008289 0.000131

0.008292 0.000154

0.00842 0.000111

0.008367 0.000189

0.008281 0.00012

0.008246 9.7e-05

0.00845 9.6e-05

0.008303 0.000104

0.008392 0.000143

0.008304 0.000198

0.008243 9.4e-05

0.008287 0.000127

0.008444 0.00015

0.008219 0.000139

0.008296 9.3e-05

0.008345 0.000116

0.00863 0.00014

0.008412 0.000111

0.008294 0.000119

0.008238 0.000107

0.008683 0.000124

0.008296 0.000112

0.008261 0.000158

0.008255 0.000149

0.008294 0.000154

0.008318 0.000142

0.008259 0.000136

0.008316 9.8e-05

0.008255 0.000114

0.008249 0.000138

0.008255 0.000165

0.008262 0.000152

0.008319 0.00012

0.008316 0.000166

0.008615 0.000136

0.008462 8.9e-05

0.008528 0.000107

0.008514 0.000176

0.008489 0.000153

0.008484 0.000124

0.008555 0.000127

0.008501 0.000101

0.008403 0.000145

0.008358 0.000162

0.008326 0.000168

0.008235 0.000154

0.008275 0.000152

0.008247 0.000144

0.008323 0.0001

0.008384 0.000155

0.008521 0.000114

0.008457 0.000145

0.008461 0.000124

0.008552 0.000117

0.008558 9.9e-05

0.008466 0.000143

0.008512 0.000101

0.00858 0.000152

0.008474 0.000125

0.008245 0.000102

0.008257 7.6e-05

0.00844 0.000155

0.008278 8.8e-05

0.008483 0.000133

0.008345 0.000145

0.008264 0.000133

0.008372 0.00012

0.008499 0.000109

0.0086 0.000104

0.008459 0.000135

0.008536 0.00015

0.008503 0.000118

0.008481 0.000109

0.00884 0.000102

0.008665 0.000145

0.008477 0.000122

0.008705 0.000133

0.009408 0.000152

0.008683 0.000158

0.008543 0.000218

0.008697 0.000158

0.009019 0.000192

0.008932 0.000129

0.008704 0.000131

0.008501 0.000154

0.008738 0.00011

0.008607 0.000125

0.008485 9.1e-05

0.008489 0.000175

0.008889 0.000138

0.008609 0.000158

0.008454 0.000138

0.008511 8.7e-05

0.008662 0.000121

0.008392 0.00014

0.008551 0.000115

0.008542 0.000181

0.008568 0.000122

0.008499 0.000177

0.008746 0.00013

0.008561 0.000131

0.008475 0.000117

0.008529 0.000134

0.008323 0.000149

0.008336 0.000115

0.008375 0.000143

0.008358 0.000129

0.008303 8.4e-05

0.008222 0.000158

0.008504 0.00012

0.008569 0.000113

0.008494 0.000117

0.008644 0.000124

0.008666 0.000178

0.00876 0.000174

0.008481 0.000158

0.008319 0.000115

0.008284 0.000112

0.008341 0.000152

0.008237 8.6e-05

0.008324 0.000115

0.008368 0.000132

0.008398 0.000131

0.008318 0.000121

0.008339 0.000148

0.008305 0.000125

0.008321 0.000135

0.008283 9.8e-05

0.008276 0.000107

0.008323 9.7e-05

0.008335 0.000118

0.008318 0.000114

0.008355 0.000137

0.008261 0.000126

0.008267 0.000143

0.008247 0.000121

0.008276 0.000137

0.008242 0.000102

0.008266 0.000188

0.008317 0.000122

0.00834 0.000153

0.008234 9.4e-05

0.00822 0.000164

0.00828 0.000167

0.008248 0.000107

0.00823 0.000104

0.008235 0.000165

0.0083 0.000101

0.008255 0.000169

0.008571 0.000129

0.008557 8.1e-05

0.008312 0.000115

0.008431 0.000165

0.008654 0.000135

0.008442 0.000114

0.008508 0.000173

0.008485 8.6e-05

0.008263 0.000117

0.008361 9.7e-05

0.008278 0.000105

0.008224 0.000135

0.008295 0.000158

0.00824 0.000187

0.008352 9.9e-05

0.008374 0.000115

0.008447 0.000105

0.008346 0.000128

0.008342 0.000127

0.008503 0.000132

0.008415 0.000143

0.008247 0.000123

0.008249 0.000115

0.008299 0.00014

0.008231 0.000161

0.008736 0.000133

0.008551 0.000105

0.008558 8.9e-05

0.008923 9.9e-05

0.008937 0.000129

0.008484 0.000196

0.008524 0.000123

0.009152 0.000162

0.00875 0.000207

0.008511 0.000108

0.008634 0.000109

0.00887 0.000127

0.008842 0.000105

0.008361 0.000132

0.008564 0.000113

0.008498 0.000103

0.008386 0.000104

0.008441 0.000142

0.008539 0.000116

0.008496 0.000116

0.008457 0.000191

0.00852 0.000139

0.00877 0.000153

0.008516 0.000109

0.008583 0.000109

0.008886 8.8e-05

0.008621 0.000144

0.00847 0.000107

0.008514 0.00012

0.008755 0.000113

0.008537 0.000108

0.008468 0.00015

0.008505 0.000125

0.008493 9.5e-05

0.008482 0.000147

0.00847 0.000148

0.008556 0.000118

0.008535 0.000129

0.008474 0.000119

0.008449 0.000118

0.008733 0.000146

0.008578 0.000139

0.008501 0.000126

0.00877 0.000104

0.008551 0.000138

0.008508 0.000129

0.008455 0.000133

0.008971 0.000137

0.0089 0.000168

0.008535 0.000125

0.008466 0.000166

0.008739 0.000125

0.008738 0.000111

0.008523 0.000142

0.009045 0.000329

0.008544 0.000166

0.008343 0.000115

0.008462 0.000175

0.008456 0.000125

0.008458 0.000114

0.00835 0.000142

0.008251 0.000159

0.008411 9e-05

0.008348 0.000138

0.008385 0.000189

0.00825 0.000128

0.008296 0.000166

0.008285 0.00011

0.008309 0.00013

0.008288 0.000157

0.008285 0.00017

0.008258 0.000114

0.008284 0.00013

0.008281 0.000106

0.008519 0.000134

0.008555 0.000133

0.008722 0.000114

0.008472 0.000127

0.008472 0.000131

0.008202 0.000126

0.008267 0.00011

0.008358 0.000128

0.008532 0.000112

0.00849 0.000132

0.008583 0.000137

0.008476 0.000172

0.00841 0.00011

0.008505 0.000141

0.008377 0.000181

0.008431 0.000176

0.008671 0.000145

0.008855 0.000132

0.008478 0.00011

0.009211 0.000165

0.010296 0.000137

0.009041 0.000127

0.008588 0.000148

0.00837 0.00011

0.008685 0.000126

0.008748 0.000106

0.008357 0.000169

0.008317 0.00016

0.008271 0.000112

0.0083 0.000151

0.008259 8.7e-05

0.008344 0.000174

0.008282 0.000116

0.008321 0.000125

0.008477 0.00011

0.00855 0.000117

0.008278 0.000119

0.008295 0.000107

0.008255 0.000112

0.008245 0.000143

0.008281 0.00012

0.008214 0.000166

0.008292 0.000138

0.008477 0.000136

0.008252 0.000124

0.008326 0.000102

0.008592 0.000155

0.008251 0.000134

0.008215 0.000138

0.008362 9.7e-05

0.008256 0.000141

0.00836 0.000116

0.008534 0.000102

0.008547 0.00014

0.008457 0.000159

0.008567 0.000132

0.008956 0.000116

0.00857 0.000172

0.008523 0.000123

0.009018 0.000104

0.008772 0.000111

0.008594 0.000123

0.008448 0.000149

0.008583 0.000157

0.008589 0.000157

0.008343 0.00014

0.008417 0.000111

0.008276 0.000131

0.008283 0.000111

0.008529 0.000196

0.00837 0.000173

0.008445 0.000185

0.008417 0.0001

0.008566 0.000149

0.008639 0.000168

0.008424 0.000139

0.008599 0.000128

0.008534 0.000122

0.009699 0.000235

0.008628 0.000104

0.00854 0.0001

0.008389 0.00011

0.009322 0.00022

0.00891 0.00016

0.008953 0.000158

0.008685 0.000117

0.008435 0.000118

0.008717 0.000119

0.008973 0.000102

0.009188 0.00017

0.008506 0.00016

0.009014 0.000138

0.008788 0.000146

0.008806 0.000228

0.009302 0.000242

0.009066 0.000148

0.009449 0.000135

0.010064 0.000195

0.008898 0.000105

0.00856 0.000146

0.00854 0.000154

0.00865 0.000144

0.008735 0.000136

0.008694 0.000191

0.009128 0.000269

0.008546 0.000169

0.008892 0.000131

0.009331 0.000155

0.008617 0.00022

0.010667 0.000223

0.008533 0.000108

0.010495 0.000125

0.009037 0.000253

0.008557 0.000121

0.008999 0.000158

0.008851 0.000129

0.0099 0.000221

0.008972 9.1e-05

0.008525 0.000133

0.008594 0.000134

0.008587 0.000108

0.008499 0.000115

0.008519 0.000106

0.009025 0.000152

0.008572 0.000119

0.008449 0.000143

0.008527 0.000157

0.008456 8.8e-05

0.008348 0.000158

0.008693 9.4e-05

0.008568 0.00012

0.008418 0.00011

0.008512 0.000102

0.008559 0.000128

0.008484 0.000156

0.008432 0.000109

0.00875 0.000144

0.008697 0.000158

0.008442 0.000101

0.008474 0.000149

0.008751 0.000125

0.008518 0.000177

0.008662 0.000135

0.009228 0.000125

0.00894 0.000139

0.008539 0.000163

0.010148 0.000111

0.008912 0.000123

0.008825 0.000112

0.008664 0.000138

0.008513 0.000125

0.008725 9e-05

0.008955 0.000139

0.00862 0.000145

0.008499 0.000124

0.00849 0.000146

0.00855 0.000108

0.008529 0.000158

0.008565 0.000119

0.008533 0.000103

0.008565 0.000179

0.0085 0.00016

0.010051 0.000147

0.008775 0.000125

0.009899 0.000177

0.008517 0.000142

0.010016 0.000122

0.008636 0.000134

0.008647 0.000113

0.008309 0.000107

0.008681 0.000151

0.008522 0.0001

0.008474 9.3e-05

0.008249 0.000108

0.00832 0.000149

0.008261 0.000138

0.008454 0.000137

0.008491 0.000127

0.008556 0.000191

0.008407 0.000138

0.00858 0.00015

0.008727 0.000135

0.008571 0.000141

0.008281 0.000167

0.008285 0.000104

0.008299 0.000143

0.008269 0.00016

