0.031892 0.001003

0.038761 0.000949

0.031126 0.000578

0.031132 0.000597

0.031176 0.000761

0.030972 0.000452

0.032095 0.000587

0.031347 0.000956

0.031182 0.000837

0.031239 0.000555

0.031107 0.000911

0.031186 0.000706

0.031113 0.000809

0.031557 0.000583

0.031095 0.000619

0.031062 0.000867

0.03166 0.000614

0.031806 0.000721

0.031 0.000569

0.03113 0.00101

0.030927 0.000443

0.031341 0.000661

0.031617 0.000853

0.032117 0.000732

0.031156 0.000723

0.031198 0.000682

0.031297 0.00089

0.031061 0.000687

0.031033 0.000669

0.030984 0.000877

0.031642 0.000625

0.031041 0.000888

0.031093 0.000599

0.031088 0.000728

0.031199 0.000676

0.031167 0.0009

0.031148 0.000689

0.031065 0.00103

0.031139 0.001029

0.031317 0.000824

0.031568 0.000648

0.031677 0.000884

0.032004 0.000733

0.031774 0.000613

0.031142 0.000651

0.031164 0.00069

0.030947 0.000734

0.032225 0.000773

0.031173 0.000798

0.031069 0.000834

0.031146 0.00085

0.031002 0.000853

0.031047 0.00071

0.031219 0.000794

0.030923 0.000774

0.031308 0.000521

0.031274 0.000487

0.031735 0.000879

0.031084 0.000504

0.031281 0.000717

0.033171 0.001324

0.031097 0.001274

0.031085 0.000564

0.031273 0.000921

0.031857 0.000851

0.031255 0.001114

0.031111 0.000789

0.031123 0.000612

0.031618 0.001

0.031071 0.000712

0.031066 0.000813

0.03096 0.000711

0.031053 0.000861

0.031104 0.000516

0.032384 0.000909

0.031386 0.000738

0.031263 0.001072

0.03132 0.000783

0.031003 0.000701

0.031152 0.000593

0.031227 0.000693

0.031934 0.00074

0.03102 0.000778

0.031167 0.00063

0.030899 0.00063

0.031451 0.001215

0.031162 0.000529

0.031233 0.000587

0.031065 0.000885

0.031176 0.000579

0.030941 0.000506

0.03226 0.000779

0.03114 0.0006

0.031147 0.000811

0.031137 0.001197

0.031362 0.000977

0.031303 0.00083

0.031138 0.000664

0.031369 0.000628

0.031116 0.00082

0.030962 0.000731

0.031068 0.000677

0.032628 0.000777

0.031096 0.000662

0.031008 0.000729

0.03111 0.000854

0.031001 0.001073

0.031175 0.000536

0.031485 0.00076

0.031204 0.000812

0.031207 0.000981

0.031339 0.000823

0.031204 0.001054

0.031154 0.000806

0.031067 0.000798

0.031478 0.00066

0.031345 0.000846

0.030999 0.000764

0.031202 0.000623

0.032052 0.000722

0.031076 0.000708

0.031018 0.000988

0.031082 0.000647

0.031022 0.000896

0.030934 0.000766

0.031528 0.000566

0.031118 0.000634

0.031422 0.001112

0.031353 0.001009

0.031719 0.000789

0.031134 0.00084

0.031255 0.001033

0.031506 0.000737

0.030994 0.000809

0.031169 0.000771

0.031205 0.000875

0.03228 0.000507

0.031149 0.000728

0.031125 0.000689

0.031177 0.000701

0.031094 0.000964

0.031236 0.001117

0.03122 0.000597

0.031125 0.000866

0.031085 0.000571

0.031247 0.000784

0.031155 0.000584

0.031171 0.000868

0.031085 0.000887

0.031335 0.000743

0.031206 0.000764

0.031099 0.000728

0.031012 0.000734

0.031674 0.000746

0.03102 0.000788

0.030972 0.000854

0.031041 0.0007

0.031158 0.001006

0.031092 0.001049

0.03124 0.000815

0.031064 0.000925

0.031234 0.000556

0.031523 0.001108

0.031755 0.000729

0.031052 0.000809

0.031316 0.000685

0.031196 0.000756

0.031171 0.000792

0.031068 0.000766

0.031162 0.000815

0.032201 0.000616

0.031051 0.000538

0.03106 0.00092

0.031296 0.000916

0.031011 0.000989

0.031092 0.000782

0.031083 0.000712

0.031303 0.000617

0.031091 0.000717

0.031422 0.000678

0.031098 0.000625

0.031116 0.000888

0.031363 0.000691

0.031325 0.000776

0.031267 0.00086

0.031062 0.000701

0.031019 0.000668

0.032441 0.001062

0.031061 0.000591

0.031041 0.000813

0.031028 0.001123

0.031001 0.001139

0.031063 0.000618

0.031279 0.00078

0.031228 0.000858

0.031073 0.00084

0.031133 0.000761

0.031633 0.000744

0.031044 0.000778

0.031322 0.000599

0.031516 0.000802

0.0312 0.001029

0.031213 0.000784

0.031247 0.000918

0.032252 0.000872

0.031077 0.000966

0.031014 0.000587

0.031122 0.000737

0.031061 0.000564

0.031241 0.001118

0.031294 0.000794

0.03128 0.000699

0.03115 0.000587

0.031577 0.000665

0.031301 0.00071

0.031012 0.000583

0.031167 0.000583

0.031816 0.000938

0.031105 0.000872

0.031112 0.000888

0.031082 0.000685

0.031348 0.000809

0.031126 0.000631

0.031157 0.000628

0.031249 0.000639

0.031125 0.000617

0.030995 0.000918

0.031173 0.000868

0.031152 0.0008

0.031381 0.000852

0.031126 0.001024

0.031572 0.000794

0.031042 0.000629

0.031282 0.000761

0.03192 0.000901

0.031306 0.000977

0.031078 0.00063

0.03108 0.000586

0.032112 0.000937

0.031059 0.000776

0.031103 0.000876

0.031064 0.000601

0.030983 0.000846

0.031215 0.000778

0.031176 0.000748

0.031126 0.00087

0.03133 0.000865

0.031493 0.0006

0.031275 0.000749

0.031132 0.000831

0.031094 0.000652

0.032103 0.00095

0.031131 0.000768

0.031186 0.000575

0.031449 0.000755

0.031261 0.000642

0.031285 0.000726

0.031265 0.000732

0.032178 0.000744

0.031205 0.000684

0.030959 0.00079

0.031985 0.001037

0.03091 0.000533

0.03165 0.000709

0.032071 0.000629

0.031203 0.000779

0.03117 0.000748

0.031145 0.000611

0.031677 0.000752

0.031159 0.000551

0.031087 0.000622

0.031448 0.000911

0.031336 0.00096

0.03133 0.000929

0.031185 0.000734

0.031487 0.000752

0.031293 0.000737

0.0315 0.000699

0.031962 0.00087

0.031409 0.000724

0.031045 0.000851

0.031883 0.000728

0.031094 0.000739

0.031167 0.000766

0.031285 0.000811

0.031777 0.000654

0.031134 0.000613

0.031135 0.000585

0.031264 0.000617

0.031067 0.000693

0.03114 0.000638

0.03129 0.000556

0.030968 0.000694

0.031248 0.000674

0.031605 0.000967

0.032232 0.000487

0.031096 0.000865

0.03135 0.000941

0.031808 0.0007

0.031095 0.000631

0.031189 0.000653

0.031187 0.000534

0.031053 0.000787

0.031285 0.000604

0.031058 0.000527

0.030952 0.000847

0.031269 0.000905

0.03156 0.000655

0.031133 0.000787

0.031199 0.000741

0.031209 0.000817

0.031811 0.000572

0.03114 0.000811

0.031064 0.000528

0.031242 0.000742

0.035123 0.000746

0.031196 0.000747

0.030949 0.000771

0.03098 0.000802

0.031133 0.000694

0.031234 0.000977

0.031409 0.000918

0.031096 0.001213

0.031213 0.00103

0.031271 0.000736

0.031352 0.00068

0.031076 0.000905

0.031335 0.000738

0.03135 0.000706

0.032139 0.000685

0.031103 0.000721

0.031177 0.000593

0.031825 0.00061

0.031226 0.000791

0.031206 0.000729

0.031122 0.000818

0.031217 0.000771

0.03119 0.00076

0.031101 0.000678

0.031174 0.000541

0.031328 0.000911

0.031173 0.000677

0.031159 0.000856

0.030979 0.000889

0.031216 0.000597

0.031596 0.000636

0.034948 0.000879

0.031681 0.000554

0.031086 0.000606

0.032262 0.000747

0.031069 0.000714

0.031243 0.000788

0.031117 0.000756

0.031092 0.00129

0.031171 0.000687

0.031015 0.00099

0.03128 0.00085

0.03125 0.000766

0.031246 0.001023

0.031319 0.000999

0.03106 0.000859

0.031224 0.000901

0.031075 0.00055

0.031135 0.000629

0.031068 0.000839

0.031209 0.000692

0.032071 0.000662

0.031607 0.000961

0.031127 0.000853

0.031342 0.000725

0.031602 0.001019

0.032039 0.000679

0.031152 0.000817

0.031068 0.000969

0.031371 0.000866

0.031172 0.000737

0.030994 0.000743

0.031232 0.000699

0.031283 0.000609

0.031022 0.000619

0.031076 0.000577

0.031061 0.000713

0.031285 0.000552

0.032345 0.000851

0.031089 0.000728

0.031045 0.000677

0.031019 0.000777

0.031131 0.000555

0.031378 0.001165

0.031154 0.000657

0.031166 0.00074

0.031189 0.000677

0.031048 0.000805

0.031078 0.000761

0.031012 0.000656

0.031194 0.001006

0.031363 0.000733

0.031247 0.000544

0.031017 0.000629

0.031231 0.000909

0.03174 0.000915

0.031018 0.000774

0.031071 0.000609

0.031238 0.000876

0.030969 0.001337

0.031165 0.000797

0.031049 0.000511

0.03106 0.000727

0.031374 0.000675

0.031088 0.000624

0.031128 0.00084

0.030996 0.00063

0.031042 0.000546

0.031926 0.000672

0.031305 0.000868

0.031587 0.000737

0.031076 0.000805

0.032354 0.000718

0.031131 0.000647

0.031083 0.000679

0.031373 0.000734

0.030977 0.000738

0.03117 0.000888

0.031156 0.000685

0.030967 0.000597

0.031127 0.000525

0.031172 0.00072

0.031026 0.00089

0.031065 0.000912

0.031209 0.000851

0.031454 0.00102

0.031432 0.000756

0.030994 0.000784

0.031396 0.000564

0.03225 0.000698

0.030881 0.000929

0.031016 0.000636

0.031163 0.00084

0.030936 0.000975

0.031268 0.001457

0.03106 0.000679

0.031037 0.000682

0.031025 0.000879

0.031313 0.000721

0.031213 0.000638

0.031047 0.000702

0.031253 0.000631

0.032108 0.001008

0.032452 0.000771

0.031909 0.000966

0.031182 0.000875

0.031672 0.00086

0.031027 0.000714

0.031072 0.000551

0.031047 0.000838

0.030963 0.000685

0.03108 0.000754

0.031026 0.000614

0.030901 0.000566

0.031123 0.000809

0.031495 0.000721

0.031217 0.000704

0.030888 0.00063

0.031423 0.000599

0.03173 0.000679

0.032275 0.00087

0.030981 0.000788

0.031433 0.000715

0.030962 0.000693

0.031084 0.001072

0.031041 0.001001

0.031013 0.000919

0.031092 0.000684

0.031053 0.000895

0.030932 0.000817

0.030998 0.000782

0.031034 0.000676

0.03163 0.000844

0.031004 0.00062

0.031028 0.00065

0.031291 0.001011

0.032348 0.00087

0.03129 0.000688

0.031753 0.000708

0.030955 0.000755

0.031338 0.000832

0.031097 0.000795

0.031014 0.000712

0.031161 0.00074

0.03104 0.000808

0.031112 0.000555

0.031189 0.000806

0.031046 0.000548

0.030959 0.000695

0.031266 0.000678

0.031216 0.000877

0.030989 0.000732

0.031315 0.000553

0.032023 0.000783

0.031189 0.000712

0.031107 0.000875

0.031284 0.000766

0.031314 0.000855

0.031176 0.000765

0.031021 0.000948

0.031123 0.000591

0.031048 0.000847

0.031071 0.001041

0.030898 0.000895

0.031097 0.000701

0.031652 0.000723

0.031218 0.000671

0.030977 0.000579

0.031776 0.000637

0.031222 0.000566

0.03191 0.000601

0.031178 0.000667

0.031739 0.000717

0.031295 0.00062

0.03109 0.001105

0.031074 0.000597

0.031161 0.000668

0.031021 0.000782

0.030937 0.000503

0.03165 0.001067

0.03107 0.00064

0.0314 0.000646

0.031206 0.000741

0.03188 0.000572

0.031335 0.000976

0.030884 0.000708

0.031259 0.000654

0.032208 0.000625

0.031975 0.000784

0.030965 0.000528

0.031199 0.00096

0.030922 0.000752

0.031025 0.000652

0.031021 0.000948

0.031035 0.000683

0.031111 0.000736

0.031024 0.000993

0.031224 0.000645

0.031223 0.001258

0.030877 0.000601

0.031306 0.000738

0.031041 0.000489

0.031019 0.000648

0.031274 0.000507

0.031984 0.000721

0.032597 0.000557

0.031364 0.000634

0.03106 0.000952

0.031007 0.000798

0.030962 0.000895

0.03112 0.000773

0.031125 0.000727

0.031275 0.000776

0.031156 0.001608

0.030989 0.000995

0.031175 0.000879

0.031028 0.000739

0.031254 0.000538

0.031108 0.000905

0.030832 0.000711

0.03124 0.000631

0.031971 0.000764

0.031258 0.000565

0.031036 0.00095

0.031488 0.000476

0.031785 0.000661

0.03115 0.000654

0.030929 0.000626

0.031131 0.001022

0.031025 0.000564

0.031649 0.001111

0.031501 0.000594

0.031309 0.000722

0.031541 0.000687

0.031416 0.000787

0.03096 0.000787

0.030921 0.001156

0.031071 0.000691

0.03197 0.00089

0.031154 0.000755

0.031087 0.001064

0.031166 0.000689

0.032294 0.000862

0.031397 0.000638

0.031047 0.001028

0.031132 0.000768

0.031041 0.001071

0.032982 0.000884

0.030975 0.000828

0.031053 0.000731

0.031064 0.000912

0.030929 0.000873

0.03115 0.000938

0.031416 0.000675

0.031207 0.000625

0.031517 0.000695

0.031152 0.001059

0.031016 0.00053

0.031199 0.000701

0.03205 0.000878

0.031683 0.000929

0.030978 0.000642

0.03121 0.000939

0.03111 0.000609

0.032697 0.00115

0.031115 0.000698

0.031067 0.000764

0.031627 0.000693

0.031086 0.000621

0.031277 0.000908

0.031398 0.000556

0.031106 0.000645

0.03136 0.000615

0.031305 0.000887

0.031216 0.000939

0.031088 0.000783

0.032324 0.000781

0.031313 0.001004

0.031185 0.000845

0.031333 0.000961

0.031068 0.000992

0.031517 0.000669

0.030969 0.00065

0.031008 0.000945

0.031032 0.000726

0.031026 0.000594

0.031156 0.000608

0.031296 0.000782

0.031026 0.001008

0.031172 0.000497

0.031001 0.000669

0.030933 0.000476

0.031236 0.000731

0.032134 0.000783

0.031632 0.001028

0.031083 0.000705

0.031314 0.00059

0.031107 0.0008

0.032446 0.000868

0.031043 0.000699

0.030944 0.00059

0.031181 0.000515

0.03102 0.000718

0.031045 0.000528

0.03123 0.000547

0.031106 0.000844

0.031826 0.000694

0.031155 0.00084

0.031642 0.001011

0.031069 0.000798

0.031968 0.001061

0.0311 0.000645

0.031002 0.00073

0.031402 0.000995

0.031635 0.000538

0.031237 0.000593

0.031075 0.000618

0.03115 0.000894

0.03108 0.000827

0.030968 0.000686

0.03114 0.000631

0.031169 0.000856

0.031054 0.000838

0.031329 0.000747

0.031042 0.00079

0.031028 0.000667

0.031125 0.000732

0.032135 0.000741

0.03177 0.001061

0.031056 0.000869

0.031295 0.000807

0.031497 0.000887

0.031251 0.000636

0.030876 0.000695

0.031173 0.00068

0.031085 0.000566

0.031033 0.000629

0.030993 0.000798

0.031287 0.000751

0.031143 0.000807

0.030963 0.000619

0.030978 0.000734

0.031097 0.000597

0.030991 0.000693

0.03177 0.00092

0.031272 0.000597

0.031051 0.000629

0.031208 0.000746

0.031055 0.000692

0.03223 0.000757

0.030991 0.000899

0.030962 0.000811

0.031034 0.001032

0.03106 0.000872

0.031089 0.000772

0.031189 0.000631

0.031139 0.000858

0.031332 0.000717

0.031156 0.000941

0.03111 0.000653

0.031203 0.000661

0.031601 0.000988

0.031559 0.000719

0.030879 0.000595

0.031266 0.000546

0.030935 0.000796

0.031372 0.000649

0.031014 0.000683

0.030911 0.001043

0.031201 0.000605

0.031083 0.000672

0.031224 0.000821

0.031225 0.000751

0.031105 0.000777

0.032627 0.000711

0.031192 0.000827

0.03114 0.000855

0.03127 0.000676

0.031649 0.000804

0.031166 0.000644

0.031064 0.000999

0.031255 0.000732

0.031243 0.000665

0.032164 0.000629

0.031067 0.000801

0.031014 0.000695

0.031014 0.000585

0.031157 0.000694

0.031237 0.000807

0.031333 0.000679

0.031168 0.000634

0.032472 0.000691

0.03115 0.000864

0.031064 0.000571

0.031181 0.000666

0.031604 0.000879

0.031223 0.000937

0.031068 0.000613

0.031111 0.001076

0.031076 0.000736

0.032456 0.000825

0.031048 0.000726

0.031089 0.001041

0.031457 0.000682

0.031057 0.000622

0.030771 0.000734

0.031317 0.000614

0.03101 0.000726

0.031717 0.001167

0.031039 0.000628

0.031105 0.000652

0.031232 0.000978

0.032084 0.000815

0.031232 0.001004

0.030981 0.000783

0.031365 0.000767

0.030944 0.000907

0.031205 0.000934

0.031373 0.000759

0.030917 0.000667

0.031279 0.000744

0.03136 0.000767

0.031275 0.001074

0.031349 0.000753

0.031051 0.000992

0.031872 0.000744

0.030971 0.000684

0.030983 0.000619

0.031082 0.000635

0.032585 0.000641

0.031706 0.000828

0.030895 0.001264

0.031829 0.000775

0.03213 0.000715

0.031382 0.000717

0.031322 0.000577

0.031236 0.00076

0.031335 0.00067

0.031039 0.000667

0.031245 0.000762

0.031036 0.000759

0.031033 0.000987

0.032072 0.00085

0.031005 0.000655

0.031035 0.000694

0.031108 0.00094

0.032646 0.000605

0.031203 0.000711

0.031001 0.000751

0.031415 0.000748

0.030991 0.000803

0.031177 0.000786

0.031003 0.000637

0.031161 0.000664

0.031072 0.000561

0.031076 0.000835

0.031081 0.000854

0.031199 0.000861

0.031135 0.000965

0.031823 0.000809

0.031241 0.000694

0.03105 0.000498

0.031134 0.000636

0.031123 0.000839

0.031459 0.000596

0.031037 0.000898

0.03095 0.000694

0.031069 0.000529

0.032699 0.000888

0.030978 0.000593

0.030971 0.000723

0.03149 0.000623

0.031947 0.001043

0.031138 0.000665

0.031032 0.000664

0.031121 0.000897

0.031804 0.00055

0.031236 0.000576

0.03154 0.000759

0.031279 0.002215

0.030994 0.000594

0.031037 0.00059

0.031261 0.000718

0.030971 0.000759

0.031058 0.000955

0.031835 0.000773

0.030942 0.000761

0.030906 0.000604

0.031038 0.000807

0.031429 0.000914

0.031005 0.000982

0.031341 0.000618

0.031329 0.001121

0.031951 0.001014

0.031232 0.000751

0.030949 0.000706

0.031573 0.000852

0.031079 0.000761

0.031349 0.000829

0.031154 0.000575

0.031084 0.000641

0.031029 0.000749

0.031115 0.000792

0.030921 0.001158

0.031125 0.000672

0.031224 0.000793

0.031303 0.000766

0.03109 0.000635

0.03121 0.000792

0.031133 0.000846

0.031803 0.001024

0.031122 0.000687

0.031042 0.000592

0.031181 0.000734

0.032009 0.000703

0.031154 0.000669

0.0311 0.000679

0.031842 0.00055

0.030949 0.000725

0.031359 0.000654

0.03099 0.000721

0.030968 0.000988

0.031209 0.000616

0.031133 0.000723

0.031058 0.000967

0.031084 0.000771

0.031178 0.000758

0.032512 0.000689

0.031286 0.000765

0.031082 0.000702

0.031244 0.000661

0.031607 0.00087

0.03164 0.000778

0.030988 0.000746

0.031273 0.000591

0.031102 0.00049

0.031133 0.000538

0.031076 0.000853

0.031511 0.000746

0.031519 0.000615

0.031413 0.000717

0.03122 0.000656

0.03123 0.000713

0.039534 0.001065

0.0338 0.001011

0.031204 0.000753

0.031235 0.000725

0.031224 0.000565

0.030992 0.001147

0.033045 0.000714

0.030997 0.001131

0.031094 0.000626

0.031116 0.000602

0.031236 0.000575

0.030913 0.000619

0.030981 0.00096

0.031223 0.000782

0.031197 0.000708

0.031025 0.001014

0.031165 0.001051

0.031269 0.000668

0.033348 0.000859

0.030872 0.000668

0.030946 0.000811

0.031089 0.000584

0.030961 0.000537

0.0314 0.000874

0.030918 0.000717

0.031028 0.000554

0.030946 0.000759

0.031393 0.000928

0.030939 0.00087

0.030923 0.000474

0.03126 0.000513

0.03351 0.000705

0.031039 0.000776

0.031134 0.000676

0.031223 0.000729

0.031174 0.001209

0.03124 0.000769

0.03168 0.000595

0.031098 0.000494

0.031111 0.000718

0.031059 0.000598

0.03101 0.000888

0.031032 0.001041

0.031207 0.000731

0.032231 0.0007

0.031206 0.000714

0.030865 0.000837

0.03102 0.000783

0.032981 0.001084

0.031033 0.000762

0.031162 0.000823

0.031291 0.000489

0.034502 0.00087

0.031334 0.001151

0.031149 0.000746

0.031267 0.000678

0.031152 0.000836

0.031098 0.001127

0.030925 0.000589

0.031038 0.000671

0.031046 0.000707

0.032251 0.000625

0.031183 0.000609

0.031052 0.000555

0.03092 0.000642

0.032928 0.000758

0.030985 0.00076

0.031099 0.000811

0.031011 0.000816

0.030999 0.00135

0.031095 0.00092

0.031597 0.000672

0.031166 0.000707

0.031036 0.00116

0.031328 0.00083

0.031196 0.00046

0.031 0.00064

0.031097 0.000756

0.032018 0.001103

0.031003 0.000952

0.030913 0.000827

0.031008 0.001132

0.031781 0.000732

0.031025 0.000869

0.031003 0.000594

0.031237 0.00086

0.031896 0.000807

0.031222 0.000935

0.031145 0.000754

0.03116 0.00051

0.031121 0.000827

0.031313 0.00085

0.031078 0.000572

0.031014 0.000642

0.030947 0.000548

0.032148 0.000716

0.031173 0.000548

0.031016 0.000586

0.031089 0.000609

0.031663 0.000661

0.030953 0.000704

0.031159 0.000886

0.031152 0.000719

0.031095 0.000799

0.031403 0.000679

0.031471 0.000566

0.030993 0.000554

0.031099 0.000765

0.031142 0.000677

0.031044 0.000968

0.031005 0.000833

0.031026 0.000667

