0.008841 2e-06

0.008217 2e-06

0.00828 1e-06

0.008517 2e-06

0.009293 1e-06

0.008272 1e-06

0.008279 2e-06

0.009311 1e-06

0.008317 1e-06

0.008351 1e-06

0.008258 1e-06

0.008311 2e-06

0.008349 2e-06

0.00832 1e-06

0.008363 1e-06

0.008218 2e-06

0.008261 2e-06

0.008252 1e-06

0.008546 2e-06

0.008337 3e-06

0.008344 2e-06

0.008274 1e-06

0.008315 2e-06

0.008309 1e-06

0.008286 1e-06

0.008314 2e-06

0.008285 1e-06

0.008286 1e-06

0.008287 2e-06

0.008248 2e-06

0.008281 1e-06

0.008348 2e-06

0.008246 1e-06

0.008336 1e-06

0.008236 2e-06

0.008287 2e-06

0.008329 1e-06

0.008284 2e-06

0.008257 1e-06

0.00829 2e-06

0.008267 1e-06

0.008285 2e-06

0.008264 1e-06

0.008243 2e-06

0.008347 3e-06

0.008254 1e-06

0.00836 1e-06

0.008293 1e-06

0.008352 1e-06

0.008265 2e-06

0.008321 2e-06

0.008254 2e-06

0.008267 1e-06

0.00829 2e-06

0.008273 1e-06

0.008315 2e-06

0.008226 2e-06

0.008401 3e-06

0.008357 2e-06

0.008313 1e-06

0.008318 1e-06

0.008245 2e-06

0.00828 1e-06

0.008307 2e-06

0.008314 1e-06

0.008268 2e-06

0.008463 1e-06

0.008274 1e-06

0.008325 2e-06

0.00825 1e-06

0.008257 1e-06

0.008287 1e-06

0.008287 1e-06

0.008319 2e-06

0.008288 2e-06

0.008257 2e-06

0.008326 2e-06

0.00855 2e-06

0.008266 1e-06

0.008293 1e-06

0.00827 3e-06

0.008228 2e-06

0.008272 1e-06

0.008239 2e-06

0.008272 2e-06

0.008301 1e-06

0.008308 2e-06

0.008335 2e-06

0.008336 2e-06

0.008258 1e-06

0.008339 1e-06

0.008291 1e-06

0.008254 1e-06

0.008296 1e-06

0.008264 2e-06

0.008231 1e-06

0.008285 1e-06

0.008255 1e-06

0.008315 1e-06

0.008565 1e-06

0.008342 2e-06

0.008287 1e-06

0.008292 1e-06

0.008289 1e-06

0.008317 2e-06

0.008326 1e-06

0.008463 1e-06

0.008303 2e-06

0.008228 2e-06

0.008233 2e-06

0.008321 1e-06

0.008222 1e-06

0.008265 2e-06

0.008383 1e-06

0.0083 2e-06

0.008283 1e-06

0.008309 1e-06

0.008239 2e-06

0.008288 1e-06

0.008344 2e-06

0.008256 1e-06

0.008382 1e-06

0.008252 1e-06

0.008346 2e-06

0.008278 1e-06

0.008271 2e-06

0.008304 2e-06

0.008293 2e-06

0.008309 1e-06

0.00827 2e-06

0.008289 2e-06

0.008253 2e-06

0.008394 1e-06

0.008313 2e-06

0.008296 1e-06

0.008315 1e-06

0.008341 2e-06

0.008331 1e-06

0.008324 2e-06

0.008255 2e-06

0.00832 2e-06

0.008306 2e-06

0.008241 1e-06

0.008356 3e-06

0.008262 2e-06

0.008283 2e-06

0.008329 2e-06

0.008281 1e-06

0.008295 1e-06

0.00827 1e-06

0.008256 1e-06

0.008307 1e-06

0.00829 2e-06

0.008246 2e-06

0.008369 1e-06

0.008269 2e-06

0.008348 2e-06

0.008272 1e-06

0.0083 1e-06

0.008385 1e-06

0.008344 1e-06

0.008255 2e-06

0.008301 2e-06

0.008227 2e-06

0.00823 1e-06

0.008526 1e-06

0.008298 3e-06

0.008374 2e-06

0.008278 2e-06

0.008326 1e-06

0.00841 2e-06

0.008287 2e-06

0.008314 2e-06

0.008363 2e-06

0.008262 2e-06

0.008239 1e-06

0.008422 2e-06

0.008259 2e-06

0.00835 2e-06

0.008311 1e-06

0.008304 1e-06

0.008328 2e-06

0.008298 1e-06

0.008226 2e-06

0.008618 2e-06

0.008572 2e-06

0.008295 1e-06

0.008338 2e-06

0.008354 2e-06

0.008314 1e-06

0.008334 1e-06

0.008282 2e-06

0.008323 3e-06

0.008276 2e-06

0.008545 2e-06

0.008338 1e-06

0.008418 2e-06

0.008279 1e-06

0.008386 2e-06

0.008313 1e-06

0.008326 1e-06

0.008298 2e-06

0.008296 2e-06

0.008328 2e-06

0.008278 1e-06

0.008342 1e-06

0.00826 1e-06

0.0083 2e-06

0.008218 1e-06

0.008355 1e-06

0.008278 1e-06

0.008316 2e-06

0.008293 2e-06

0.008374 1e-06

0.008271 3e-06

0.008291 2e-06

0.008262 2e-06

0.008263 2e-06

0.008314 2e-06

0.008237 1e-06

0.008515 2e-06

0.008386 2e-06

0.008295 1e-06

0.008268 1e-06

0.008394 2e-06

0.008236 1e-06

0.008283 1e-06

0.00833 3e-06

0.008262 1e-06

0.008366 2e-06

0.008297 1e-06

0.008341 2e-06

0.008372 2e-06

0.008368 2e-06

0.008283 1e-06

0.008335 3e-06

0.008247 1e-06

0.008287 2e-06

0.008267 1e-06

0.008264 3e-06

0.008373 2e-06

0.00836 2e-06

0.008391 1e-06

0.008315 1e-06

0.008263 1e-06

0.00838 1e-06

0.008307 1e-06

0.008233 1e-06

0.00828 1e-06

0.008463 3e-06

0.008288 2e-06

0.008382 1e-06

0.008283 2e-06

0.008381 2e-06

0.00838 2e-06

0.008312 2e-06

0.008297 1e-06

0.0083 1e-06

0.008337 3e-06

0.008293 1e-06

0.008372 1e-06

0.008287 1e-06

0.008282 2e-06

0.008335 1e-06

0.00829 1e-06

0.008274 1e-06

0.008351 2e-06

0.008311 2e-06

0.008356 2e-06

0.008385 3e-06

0.008228 1e-06

0.008351 1e-06

0.008237 1e-06

0.008272 2e-06

0.008323 1e-06

0.008307 2e-06

0.008294 1e-06

0.008341 2e-06

0.008312 1e-06

0.00833 2e-06

0.008367 2e-06

0.00824 1e-06

0.008546 2e-06

0.008297 3e-06

0.008309 1e-06

0.008264 2e-06

0.008376 2e-06

0.008393 2e-06

0.008348 2e-06

0.008337 2e-06

0.00832 2e-06

0.008288 2e-06

0.008257 1e-06

0.008272 1e-06

0.008329 1e-06

0.008291 2e-06

0.008345 2e-06

0.00834 1e-06

0.008251 2e-06

0.008347 2e-06

0.008283 1e-06

0.008277 1e-06

0.008263 2e-06

0.008283 1e-06

0.008385 2e-06

0.008299 2e-06

0.008345 2e-06

0.008361 2e-06

0.008292 2e-06

0.008259 1e-06

0.008302 1e-06

0.008297 2e-06

0.00836 1e-06

0.008371 2e-06

0.008244 1e-06

0.008375 1e-06

0.008301 2e-06

0.008326 2e-06

0.008328 2e-06

0.008331 2e-06

0.008289 2e-06

0.008284 2e-06

0.008317 1e-06

0.008293 2e-06

0.008378 2e-06

0.008246 2e-06

0.008326 1e-06

0.008309 1e-06

0.008271 1e-06

0.008293 2e-06

0.008343 1e-06

0.008306 2e-06

0.008296 2e-06

0.00832 2e-06

0.00828 2e-06

0.008284 2e-06

0.008265 1e-06

0.0083 1e-06

0.008304 2e-06

0.008265 2e-06

0.008291 1e-06

0.008434 2e-06

0.00831 1e-06

0.008297 1e-06

0.008273 1e-06

0.008345 2e-06

0.008278 2e-06

0.008291 2e-06

0.008261 2e-06

0.008324 2e-06

0.008306 1e-06

0.008273 2e-06

0.008376 1e-06

0.008345 1e-06

0.008328 2e-06

0.008536 2e-06

0.0083 2e-06

0.008304 2e-06

0.008272 2e-06

0.008362 2e-06

0.008315 2e-06

0.00838 2e-06

0.008243 2e-06

0.00832 2e-06

0.008295 1e-06

0.008316 2e-06

0.008316 2e-06

0.008293 2e-06

0.008353 2e-06

0.008309 2e-06

0.008368 2e-06

0.008316 2e-06

0.008327 2e-06

0.008306 2e-06

0.008312 1e-06

0.00829 2e-06

0.008302 2e-06

0.008302 2e-06

0.008412 2e-06

0.00841 1e-06

0.008319 1e-06

0.008335 1e-06

0.008326 2e-06

0.00833 1e-06

0.008274 2e-06

0.008377 1e-06

0.008304 3e-06

0.008357 2e-06

0.008384 1e-06

0.00828 1e-06

0.00828 3e-06

0.008315 1e-06

0.00829 2e-06

0.008302 2e-06

0.008452 1e-06

0.008239 2e-06

0.008355 2e-06

0.008346 2e-06

0.008282 1e-06

0.008495 1e-06

0.008306 2e-06

0.008254 2e-06

0.008297 1e-06

0.008326 2e-06

0.008243 2e-06

0.008379 1e-06

0.008281 1e-06

0.008263 2e-06

0.008332 1e-06

0.008252 1e-06

0.008261 1e-06

0.008283 1e-06

0.008242 2e-06

0.008304 2e-06

0.00839 2e-06

0.008256 1e-06

0.008381 2e-06

0.008264 1e-06

0.008248 2e-06

0.008321 4e-06

0.00825 2e-06

0.008296 1e-06

0.008298 1e-06

0.008274 2e-06

0.008283 1e-06

0.008324 2e-06

0.008265 1e-06

0.008315 1e-06

0.008341 1e-06

0.008356 1e-06

0.008312 2e-06

0.00825 1e-06

0.008365 1e-06

0.008301 1e-06

0.008351 3e-06

0.00833 1e-06

0.008342 2e-06

0.008264 2e-06

0.00839 2e-06

0.008302 1e-06

0.008256 2e-06

0.008378 1e-06

0.008277 2e-06

0.008322 1e-06

0.008276 2e-06

0.008247 1e-06

0.008316 2e-06

0.008286 2e-06

0.008273 2e-06

0.008369 1e-06

0.008245 1e-06

0.008286 1e-06

0.008381 1e-06

0.008242 1e-06

0.008328 1e-06

0.008291 1e-06

0.00826 2e-06

0.008304 2e-06

0.008403 1e-06

0.008279 2e-06

0.008332 2e-06

0.008339 2e-06

0.008303 2e-06

0.008321 2e-06

0.008258 1e-06

0.008461 2e-06

0.00829 2e-06

0.008255 2e-06

0.008288 1e-06

0.008428 2e-06

0.008253 1e-06

0.008389 1e-06

0.008311 2e-06

0.008265 1e-06

0.008335 1e-06

0.008256 2e-06

0.008253 2e-06

0.008323 2e-06

0.008271 3e-06

0.008296 2e-06

0.008346 2e-06

0.00827 2e-06

0.008345 2e-06

0.0083 2e-06

0.00825 1e-06

0.0083 2e-06

0.008302 2e-06

0.008453 3e-06

0.008333 1e-06

0.008329 2e-06

0.008283 2e-06

0.008347 2e-06

0.008252 2e-06

0.008267 2e-06

0.008342 1e-06

0.008292 2e-06

0.008328 1e-06

0.008292 1e-06

0.008316 1e-06

0.008345 1e-06

0.008287 1e-06

0.008449 2e-06

0.008325 1e-06

0.008224 2e-06

0.008331 1e-06

0.00832 3e-06

0.008268 2e-06

0.008386 2e-06

0.008284 1e-06

0.008246 2e-06

0.008281 2e-06

0.008279 1e-06

0.008257 1e-06

0.008286 1e-06

0.008281 1e-06

0.008288 1e-06

0.00846 2e-06

0.008361 1e-06

0.008312 1e-06

0.008274 1e-06

0.008259 1e-06

0.008317 2e-06

0.008245 2e-06

0.008294 2e-06

0.008323 2e-06

0.008353 1e-06

0.008339 2e-06

0.008313 2e-06

0.008251 2e-06

0.008287 1e-06

0.008302 2e-06

0.008254 2e-06

0.008266 3e-06

0.008304 2e-06

0.008315 1e-06

0.008349 3e-06

0.008288 3e-06

0.008318 2e-06

0.008354 1e-06

0.008251 3e-06

0.008308 1e-06

0.0084 1e-06

0.008365 1e-06

0.008279 1e-06

0.008353 1e-06

0.0083 2e-06

0.008368 1e-06

0.008288 1e-06

0.008365 2e-06

0.008328 2e-06

0.008245 2e-06

0.00837 1e-06

0.008316 1e-06

0.008288 2e-06

0.008292 2e-06

0.008327 1e-06

0.008255 1e-06

0.008309 2e-06

0.008291 2e-06

0.008312 2e-06

0.008288 2e-06

0.008294 1e-06

0.008352 1e-06

0.008314 3e-06

0.008293 1e-06

0.008295 2e-06

0.008303 2e-06

0.008375 1e-06

0.008346 2e-06

0.008304 1e-06

0.008284 1e-06

0.008347 1e-06

0.008333 2e-06

0.00828 2e-06

0.008309 2e-06

0.008399 3e-06

0.008324 2e-06

0.008313 3e-06

0.008292 2e-06

0.008358 1e-06

0.008252 2e-06

0.008325 2e-06

0.008315 2e-06

0.008277 1e-06

0.00828 1e-06

0.008303 1e-06

0.008344 1e-06

0.008264 2e-06

0.008347 1e-06

0.008254 1e-06

0.008327 1e-06

0.008299 2e-06

0.008329 2e-06

0.00831 1e-06

0.008274 2e-06

0.008281 2e-06

0.008298 2e-06

0.008395 1e-06

0.008384 2e-06

0.008351 2e-06

0.008256 2e-06

0.008287 2e-06

0.008251 2e-06

0.008299 2e-06

0.008482 2e-06

0.008353 1e-06

0.008297 1e-06

0.008282 1e-06

0.008366 2e-06

0.008343 1e-06

0.008266 1e-06

0.008498 1e-06

0.008334 1e-06

0.008294 2e-06

0.008299 2e-06

0.008376 2e-06

0.008315 2e-06

0.008341 1e-06

0.00828 2e-06

0.008319 2e-06

0.008241 2e-06

0.008271 2e-06

0.008249 1e-06

0.008354 1e-06

0.008323 2e-06

0.008261 2e-06

0.008358 1e-06

0.008281 2e-06

0.008274 1e-06

0.008285 1e-06

0.00827 2e-06

0.008245 1e-06

0.008288 2e-06

0.008254 2e-06

0.008415 3e-06

0.008381 1.5e-05

0.008321 1e-06

0.008291 2e-06

0.008297 1e-06

0.008283 1e-06

0.008304 1e-06

0.008274 2e-06

0.00827 2e-06

0.008288 3e-06

0.008255 1e-06

0.008288 2e-06

0.008357 1e-06

0.008274 2e-06

0.008371 1e-06

0.008308 2e-06

0.008302 1e-06

0.008296 2e-06

0.008352 2e-06

0.00832 2e-06

0.008355 1e-06

0.008326 1e-06

0.008296 2e-06

0.008289 2e-06

0.00828 1e-06

0.008285 2e-06

0.008341 2e-06

0.008317 2e-06

0.008294 1e-06

0.008427 1e-06

0.008257 3e-06

0.008304 1e-06

0.0083 1e-06

0.008298 1e-06

0.00829 1e-06

0.008311 2e-06

0.008245 1e-06

0.008346 1e-06

0.008349 2e-06

0.008291 1e-06

0.008355 1e-06

0.008423 2e-06

0.008312 2e-06

0.008253 1e-06

0.008236 2e-06

0.00833 1e-06

0.008285 1e-06

0.008331 2e-06

0.008406 2e-06

0.008265 2e-06

0.008319 1e-06

0.008359 1e-06

0.008286 1e-06

0.008288 2e-06

0.008301 2e-06

0.0083 2e-06

0.008341 2e-06

0.008354 1e-06

0.008493 2e-06

0.008377 2e-06

0.008317 2e-06

0.008306 1e-06

0.008315 2e-06

0.008285 2e-06

0.008296 2e-06

0.008369 2e-06

0.008321 1e-06

0.008324 1e-06

0.008369 1e-06

0.008367 2e-06

0.008292 1e-06

0.008393 1e-06

0.008318 2e-06

0.008397 3e-06

0.008343 1e-06

0.008274 2e-06

0.008292 1e-06

0.008249 1e-06

0.00826 1e-06

0.008338 2e-06

0.008277 1e-06

0.008352 1e-06

0.008379 1e-06

0.008283 1e-06

0.008358 1e-06

0.008301 1e-06

0.008265 2e-06

0.008337 2e-06

0.008373 1e-06

0.008295 1e-06

0.008313 2e-06

0.008353 1e-06

0.008283 2e-06

0.00842 1e-06

0.008266 1e-06

0.008313 2e-06

0.008284 2e-06

0.00825 2e-06

0.008291 1e-06

0.008329 1e-06

0.008297 1e-06

0.008307 3e-06

0.008349 2e-06

0.008302 1e-06

0.00833 1e-06

0.008271 3e-06

0.008285 1e-06

0.008295 2e-06

0.008298 1e-06

0.00828 2e-06

0.008434 2e-06

0.008335 1e-06

0.008336 2e-06

0.00828 1e-06

0.008254 1e-06

0.008348 1e-06

0.008257 1e-06

0.00833 2e-06

0.008342 1e-06

0.008241 2e-06

0.008332 1e-06

0.00832 1e-06

0.008293 3e-06

0.008404 2e-06

0.008416 2e-06

0.008316 1e-06

0.008356 2e-06

0.008299 1e-06

0.008426 2e-06

0.008303 1e-06

0.008276 2e-06

0.00838 1e-06

0.00834 2e-06

0.008249 3e-06

0.008299 1e-06

0.008318 2e-06

0.008268 2e-06

0.008355 1e-06

0.008237 2e-06

0.008333 1e-06

0.008277 2e-06

0.008273 1e-06

0.008347 1e-06

0.008309 1e-06

0.008263 1e-06

0.008336 3e-06

0.008465 2e-06

0.008328 3e-06

0.008401 1e-06

0.008255 2e-06

0.008279 2e-06

0.008283 1e-06

0.00827 1e-06

0.008263 2e-06

0.008288 2e-06

0.008302 1e-06

0.008295 2e-06

0.008357 1e-06

0.008286 1e-06

0.008331 2e-06

0.008444 2e-06

0.008265 2e-06

0.008302 1e-06

0.008282 2e-06

0.008274 1e-06

0.00834 3e-06

0.008328 1e-06

0.008276 2e-06

0.008335 2e-06

0.008243 1e-06

0.00834 1e-06

0.008312 2e-06

0.008255 1e-06

0.008282 2e-06

0.008232 1e-06

0.008471 2e-06

0.008348 1e-06

0.008276 2e-06

0.008342 2e-06

0.00831 2e-06

0.008252 1e-06

0.008303 3e-06

0.008267 1e-06

0.008333 2e-06

0.008377 2e-06

0.008255 2e-06

0.008282 3e-06

0.008303 2e-06

0.008273 1e-06

0.008304 2e-06

0.008302 2e-06

0.008263 1e-06

0.008275 1e-06

0.008357 2e-06

0.008327 1e-06

0.008253 1e-06

0.008293 2e-06

0.00841 3e-06

0.008315 1e-06

0.008283 1e-06

0.008335 2e-06

0.00839 2e-06

0.00831 1e-06

0.008302 1e-06

0.008326 1e-06

0.008325 2e-06

0.008266 2e-06

0.008278 2e-06

0.008289 1e-06

0.008371 2e-06

0.008318 2e-06

0.008293 2e-06

0.008389 1e-06

0.008267 1e-06

0.00829 2e-06

0.008358 1e-06

0.008233 2e-06

0.008254 2e-06

0.008286 2e-06

0.008261 2e-06

0.008323 2e-06

0.008335 3e-06

0.008285 2e-06

0.008345 3e-06

0.008281 2e-06

0.00825 2e-06

0.008346 2e-06

0.008266 2e-06

0.008295 1e-06

0.00829 2e-06

0.008306 1e-06

0.008326 2e-06

0.008273 1e-06

0.008408 1e-06

0.008407 1e-06

0.008304 2e-06

0.00824 1e-06

0.008296 2e-06

0.008335 2e-06

0.008307 1e-06

0.008298 2e-06

0.008261 2e-06

0.008284 2e-06

0.008286 2e-06

0.008277 2e-06

0.008275 1e-06

0.008332 2e-06

0.008267 1e-06

0.008332 2e-06

0.008283 2e-06

0.008271 1e-06

0.008298 2e-06

0.008278 2e-06

0.00829 2e-06

0.008308 2e-06

0.008353 1e-06

0.0084 2e-06

0.008399 1e-06

0.008284 2e-06

0.008286 1e-06

0.008305 1e-06

0.008232 2e-06

0.008289 1e-06

0.008472 1e-06

0.008314 1e-06

0.008341 1e-06

0.008286 2e-06

0.008353 2e-06

0.00829 1e-06

0.008295 2e-06

0.008328 1e-06

0.008271 2e-06

0.008294 2e-06

0.00828 1e-06

0.008375 1e-06

0.008381 1e-06

0.008377 2e-06

0.008281 1e-06

0.008304 2e-06

0.008296 2e-06

0.008339 2e-06

0.008359 2e-06

0.008284 1e-06

0.008375 2e-06

0.008253 2e-06

0.008363 1e-06

0.008357 2e-06

0.008318 2e-06

0.008352 2e-06

0.008299 1e-06

0.008297 1e-06

0.008251 1e-06

0.008392 2e-06

0.00841 3e-06

0.008322 1e-06

0.00833 2e-06

0.008299 1e-06

0.008258 2e-06

0.008285 1e-06

0.008308 1e-06

0.008253 1e-06

0.008338 2e-06

0.008332 1e-06

0.008321 1e-06

0.008303 2e-06

0.008256 2e-06

0.008345 2e-06

0.008324 2e-06

0.008279 2e-06

0.008314 1e-06

0.008311 2e-06

0.008313 1e-06

0.008344 2e-06

0.008317 2e-06

0.008224 1e-06

0.008282 2e-06

0.008365 2e-06

0.008304 1e-06

0.008362 1e-06

0.00834 1e-06

0.0083 2e-06

0.008275 1e-06

0.008352 1e-06

0.008259 3e-06

0.008281 1e-06

0.008257 1e-06

0.008236 1e-06

0.008314 1e-06

0.008323 2e-06

0.008423 1e-06

0.008439 1e-06

0.008344 1e-06

0.008295 2e-06

0.008312 1e-06

0.008267 2e-06

0.008315 2e-06

0.008256 3e-06

0.008247 1e-06

0.008303 2e-06

0.008338 2e-06

0.008344 2e-06

0.008322 2e-06

0.008379 1e-06

0.008316 2e-06

0.008373 2e-06

0.008266 1e-06

0.008273 2e-06

0.008282 2e-06

0.008282 1e-06

0.00835 2e-06

0.008332 2e-06

0.00832 2e-06

0.008312 2e-06

0.008295 2e-06

0.008279 2e-06

0.008311 2e-06

0.008275 2e-06

0.008332 2e-06

0.008321 2e-06

0.008286 1e-06

0.008298 1e-06

0.008279 1e-06

0.008377 1e-06

0.008301 2e-06

0.00831 1e-06

0.008346 2e-06

