0.014616 0.000697

0.014676 0.000846

0.014882 0.00096

0.014631 0.000449

0.014545 0.000821

0.014692 0.00062

0.014589 0.000582

0.014541 0.000845

0.014856 0.000653

0.014522 0.000672

0.014619 0.000716

0.014939 0.000914

0.014584 0.000735

0.014557 0.000687

0.014677 0.000604

0.014722 0.000723

0.014661 0.001202

0.014859 0.000615

0.014629 0.000539

0.014524 0.000617

0.014609 0.000621

0.015025 0.000832

0.014789 0.000657

0.014595 0.000461

0.014527 0.000756

0.01456 0.000632

0.014867 0.000659

0.014627 0.000767

0.014825 0.000641

0.014661 0.000751

0.014579 0.000758

0.014537 0.000505

0.014541 0.000661

0.014616 0.000531

0.014659 0.000491

0.014682 0.000679

0.014685 0.000595

0.014587 0.00051

0.014552 0.000597

0.014629 0.000656

0.014801 0.000786

0.014503 0.000853

0.014542 0.000566

0.014479 0.000667

0.01453 0.000619

0.014674 0.001061

0.014646 0.000673

0.014669 0.000571

0.014531 0.000648

0.014568 0.000598

0.01465 0.00064

0.01458 0.000871

0.014684 0.000824

0.014733 0.00084

0.014603 0.000905

0.014625 0.000753

0.014566 0.000586

0.01451 0.000669

0.014569 0.000479

0.014698 0.000505

0.014774 0.000754

0.014567 0.000544

0.014705 0.000556

0.015048 0.000787

0.015057 0.000988

0.014664 0.000582

0.014576 0.000879

0.014651 0.000692

0.014803 0.000472

0.014545 0.00087

0.014513 0.000582

0.01452 0.000727

0.01455 0.00055

0.01468 0.000624

0.014531 0.000632

0.014589 0.000595

0.014546 0.000621

0.014675 0.000532

0.014598 0.000971

0.014546 0.000542

0.014676 0.000789

0.0149 0.000661

0.014619 0.000701

0.014538 0.000839

0.014516 0.000633

0.014552 0.000603

0.014573 0.000609

0.014619 0.000621

0.014609 0.000623

0.014537 0.000812

0.014663 0.00056

0.014531 0.000498

0.014665 0.000697

0.014658 0.000548

0.014742 0.000614

0.014479 0.000838

0.014663 0.000658

0.014588 0.001092

0.01463 0.000831

0.014556 0.000549

0.01448 0.000599

0.014623 0.000593

0.014888 0.000568

0.0146 0.000584

0.014593 0.000684

0.014533 0.000859

0.014693 0.000523

0.014733 0.00054

0.014593 0.000643

0.014693 0.00059

0.014568 0.000705

0.014667 0.0007

0.014548 0.000536

0.014605 0.000537

0.014474 0.000919

0.014612 0.000654

0.014552 0.000524

0.014656 0.000872

0.01458 0.000609

0.014693 0.00061

0.014487 0.000908

0.014699 0.00065

0.014552 0.000775

0.014522 0.000749

0.014526 0.000644

0.014527 0.000493

0.014581 0.000752

0.01453 0.000584

0.014632 0.000632

0.01449 0.001153

0.01468 0.000753

0.014493 0.001212

0.014557 0.000528

0.01465 0.000797

0.014814 0.000658

0.014536 0.000941

0.014606 0.000606

0.014557 0.000966

0.014502 0.000618

0.014618 0.000645

0.014658 0.000754

0.014507 0.000761

0.014568 0.000731

0.014539 0.000554

0.01482 0.000472

0.01463 0.000627

0.014682 0.000832

0.01453 0.000794

0.014783 0.000818

0.014758 0.000658

0.014596 0.000633

0.014603 0.00059

0.014586 0.000653

0.014557 0.000547

0.014527 0.000651

0.014598 0.000757

0.014603 0.000576

0.014538 0.000491

0.014634 0.000458

0.01448 0.000528

0.014575 0.000531

0.014704 0.000624

0.014605 0.000714

0.014667 0.000691

0.014573 0.000601

0.014713 0.000742

0.014531 0.000525

0.014548 0.000645

0.014658 0.000634

0.014533 0.000649

0.014565 0.000493

0.01455 0.000668

0.01461 0.000702

0.014609 0.000598

0.014696 0.000491

0.014684 0.000627

0.014567 0.000697

0.014536 0.000782

0.014607 0.000627

0.014594 0.00081

0.014995 0.000653

0.014658 0.000607

0.014798 0.000765

0.01462 0.000816

0.014574 0.000548

0.014654 0.000675

0.014643 0.000699

0.014556 0.000637

0.014544 0.000837

0.014573 0.000606

0.014907 0.000876

0.014736 0.000866

0.014596 0.000896

0.014501 0.00087

0.014489 0.000603

0.014916 0.000668

0.014556 0.000585

0.014648 0.000693

0.014519 0.000607

0.014609 0.000684

0.014624 0.000639

0.014573 0.000608

0.014731 0.000522

0.014516 0.0008

0.014554 0.000654

0.014483 0.000468

0.01461 0.000664

0.014586 0.000975

0.01463 0.000591

0.014609 0.000716

0.01457 0.00064

0.014579 0.0007

0.01481 0.000688

0.014523 0.000667

0.014492 0.000686

0.014559 0.000649

0.014745 0.000605

0.014569 0.000477

0.014569 0.000716

0.014512 0.000553

0.014591 0.000612

0.014484 0.00082

0.014568 0.000578

0.014569 0.000654

0.014588 0.000641

0.014621 0.000713

0.014459 0.000645

0.01454 0.000601

0.01458 0.000887

0.015007 0.000927

0.014535 0.000793

0.014592 0.000845

0.014828 0.000699

0.014798 0.000528

0.014731 0.000662

0.014571 0.000663

0.014638 0.000785

0.014497 0.000577

0.014592 0.000571

0.014562 0.000579

0.014592 0.00059

0.014593 0.000669

0.014812 0.00062

0.014564 0.000913

0.014643 0.000643

0.014524 0.00057

0.014704 0.000467

0.014585 0.00046

0.014627 0.000839

0.014699 0.000696

0.014592 0.000603

0.014641 0.000573

0.014521 0.000858

0.014639 0.000564

0.014584 0.000477

0.01454 0.000586

0.014515 0.000657

0.014596 0.000534

0.0146 0.001054

0.014676 0.000633

0.014608 0.000733

0.014521 0.000605

0.014628 0.000824

0.014739 0.000527

0.0147 0.000641

0.014635 0.00066

0.015144 0.000514

0.014666 0.000673

0.014669 0.000859

0.014575 0.000846

0.014766 0.000672

0.014609 0.00093

0.014571 0.000739

0.01458 0.000795

0.014682 0.00071

0.014758 0.000756

0.014665 0.000894

0.014648 0.000973

0.0147 0.000632

0.014532 0.000593

0.014616 0.000674

0.014653 0.000841

0.014608 0.000753

0.014717 0.000716

0.01466 0.000559

0.014494 0.000713

0.014584 0.00074

0.014561 0.000623

0.014709 0.000756

0.014569 0.000467

0.014555 0.000537

0.014598 0.000539

0.014559 0.000797

0.014541 0.000668

0.014533 0.000837

0.014635 0.000818

0.014473 0.000485

0.014647 0.000492

0.014555 0.000894

0.014565 0.00079

0.014673 0.000662

0.014626 0.000873

0.014606 0.000876

0.014647 0.000858

0.014572 0.000588

0.01465 0.000686

0.01461 0.0005

0.01457 0.000886

0.014607 0.000633

0.014636 0.000861

0.01475 0.0009

0.014561 0.000688

0.014644 0.000836

0.014574 0.000931

0.014619 0.000721

0.014888 0.000708

0.014543 0.00064

0.014694 0.000592

0.014837 0.000698

0.014589 0.000682

0.014628 0.000818

0.01462 0.00088

0.014562 0.000635

0.014605 0.000522

0.014682 0.000714

0.014668 0.000651

0.01462 0.000579

0.014547 0.000689

0.014512 0.000776

0.014529 0.000773

0.01461 0.000869

0.01461 0.000597

0.014638 0.000691

0.014519 0.000783

0.014595 0.000478

0.014562 0.000737

0.01452 0.000522

0.014789 0.000675

0.014655 0.000751

0.014622 0.000627

0.014576 0.0007

0.014566 0.000835

0.01459 0.000693

0.014704 0.000612

0.014561 0.000635

0.014578 0.000623

0.014595 0.000683

0.014722 0.000716

0.014544 0.00058

0.014667 0.000717

0.014542 0.000669

0.014692 0.001024

0.014635 0.00068

0.01456 0.000747

0.01454 0.000686

0.014657 0.000849

0.014566 0.000701

0.014577 0.000681

0.014653 0.000651

0.014713 0.000604

0.014695 0.000811

0.014538 0.00074

0.0147 0.000694

0.01455 0.000489

0.014825 0.000665

0.014561 0.000601

0.014572 0.000567

0.014468 0.000627

0.014689 0.000748

0.014536 0.000761

0.014558 0.000695

0.014595 0.000558

0.014527 0.000773

0.014582 0.000479

0.014615 0.000748

0.014583 0.000512

0.01462 0.000557

0.01463 0.000798

0.014663 0.000508

0.014552 0.000865

0.014571 0.00076

0.014691 0.000869

0.014503 0.000705

0.014633 0.000943

0.014526 0.000568

0.014702 0.000651

0.014673 0.000588

0.014628 0.000502

0.01465 0.000576

0.014536 0.000818

0.014534 0.000673

0.014765 0.000956

0.01465 0.000682

0.014603 0.000672

0.014606 0.000657

0.014501 0.001053

0.014594 0.00069

0.014523 0.000742

0.014691 0.000642

0.014795 0.000693

0.014552 0.000651

0.015036 0.001094

0.014589 0.000653

0.014513 0.000548

0.014747 0.000698

0.014573 0.000491

0.014674 0.000634

0.01457 0.00061

0.01466 0.00072

0.014633 0.000562

0.01525 0.000638

0.014697 0.000575

0.014521 0.00062

0.014639 0.000577

0.014565 0.000742

0.014673 0.001008

0.014953 0.000573

0.014725 0.000539

0.014691 0.000688

0.014648 0.000526

0.014708 0.000547

0.01453 0.00071

0.014588 0.000601

0.014658 0.000507

0.014671 0.000955

0.014584 0.000504

0.014607 0.000671

0.014648 0.000692

0.015604 0.00082

0.01459 0.000877

0.014617 0.000685

0.014546 0.000518

0.014726 0.000611

0.014834 0.00076

0.014593 0.0007

0.014739 0.000607

0.014633 0.000868

0.014526 0.000805

0.014468 0.000739

0.014679 0.000635

0.014625 0.000795

0.014595 0.000496

0.014564 0.000638

0.014684 0.00061

0.014748 0.00062

0.01479 0.000577

0.014636 0.000677

0.014572 0.000804

0.014669 0.00104

0.014438 0.000782

0.014586 0.000797

0.014545 0.000736

0.014712 0.000624

0.014722 0.000662

0.01452 0.000733

0.014537 0.001072

0.014654 0.000547

0.014553 0.000662

0.014666 0.000597

0.014629 0.000888

0.014566 0.000613

0.014738 0.000585

0.014589 0.000776

0.01457 0.000721

0.014562 0.000705

0.014741 0.000801

0.014558 0.000709

0.014585 0.000619

0.014685 0.000648

0.014633 0.000774

0.01461 0.000503

0.014769 0.000602

0.014583 0.00118

0.01455 0.000741

0.014579 0.000803

0.014508 0.000594

0.014614 0.000754

0.01458 0.001106

0.014619 0.000724

0.014595 0.000586

0.014563 0.000629

0.014647 0.000691

0.014525 0.000623

0.014584 0.000545

0.014504 0.001141

0.014648 0.000617

0.01479 0.000692

0.014468 0.000624

0.014562 0.000512

0.014514 0.000586

0.01462 0.000684

0.014639 0.000704

0.014564 0.00092

0.014559 0.000634

0.014521 0.000752

0.014465 0.000712

0.014657 0.000663

0.014533 0.000541

0.014805 0.000713

0.014503 0.000505

0.0147 0.000637

0.014608 0.000612

0.014778 0.000862

0.014707 0.000645

0.014542 0.000861

0.014602 0.001003

0.014553 0.000926

0.014559 0.00047

0.014609 0.000739

0.014533 0.000675

0.014532 0.000595

0.014488 0.000653

0.014532 0.000765

0.01466 0.000639

0.014539 0.00064

0.014582 0.000735

0.014814 0.000891

0.014556 0.00071

0.014517 0.000677

0.014586 0.000615

0.014595 0.000833

0.014575 0.000674

0.014827 0.000485

0.014717 0.000737

0.014614 0.001125

0.014632 0.000876

0.014637 0.000719

0.014718 0.000487

0.014707 0.000611

0.014544 0.000729

0.014574 0.000651

0.014536 0.000651

0.014602 0.0006

0.014961 0.000524

0.014612 0.000565

0.014518 0.000747

0.014656 0.000694

0.014536 0.000611

0.014498 0.00062

0.014722 0.000672

0.014641 0.000615

0.01461 0.000734

0.014665 0.000793

0.014518 0.000674

0.014564 0.000629

0.014573 0.000667

0.01453 0.000649

0.0146 0.000559

0.014572 0.000703

0.014588 0.000539

0.014569 0.00064

0.014597 0.000844

0.014849 0.000767

0.014723 0.000876

0.014553 0.000623

0.01451 0.000671

0.014652 0.000571

0.01464 0.000618

0.014631 0.000531

0.014602 0.000608

0.01455 0.000825

0.014544 0.000861

0.014582 0.000697

0.014524 0.000859

0.014534 0.000932

0.014546 0.001031

0.014678 0.000869

0.014603 0.000839

0.01451 0.00053

0.01476 0.000509

0.014783 0.000944

0.014554 0.000748

0.014741 0.000739

0.014564 0.000598

0.014597 0.000778

0.01467 0.00061

0.014539 0.000957

0.014623 0.000859

0.014667 0.000705

0.014641 0.000731

0.014678 0.000682

0.014579 0.000636

0.014639 0.000625

0.014554 0.000738

0.014592 0.000843

0.014597 0.000505

0.014622 0.000761

0.014543 0.000652

0.014621 0.000797

0.014595 0.000728

0.0147 0.000608

0.014579 0.000509

0.014689 0.000698

0.014543 0.000782

0.014603 0.000626

0.01478 0.000636

0.014497 0.000707

0.014623 0.000706

0.014561 0.00069

0.014523 0.00054

0.014634 0.000639

0.014598 0.000502

0.014643 0.000684

0.014579 0.000774

0.014525 0.000674

0.014705 0.000712

0.014604 0.000462

0.014596 0.00057

0.014552 0.000826

0.014554 0.000712

0.015065 0.000969

0.014671 0.000865

0.014678 0.000874

0.014703 0.00064

0.014514 0.000726

0.014615 0.000707

0.014561 0.000896

0.014496 0.000488

0.014853 0.00068

0.014623 0.000659

0.014594 0.000689

0.014554 0.000502

0.014565 0.000607

0.014463 0.000939

0.014638 0.000877

0.014488 0.000582

0.01458 0.000585

0.014545 0.000828

0.014572 0.000851

0.01459 0.000487

0.01465 0.000736

0.014534 0.000661

0.014622 0.000494

0.01466 0.000525

0.014593 0.00058

0.014668 0.000616

0.014708 0.000572

0.01464 0.000502

0.01457 0.000596

0.014574 0.001033

0.014558 0.000668

0.014542 0.000649

0.014646 0.000781

0.014524 0.000485

0.014562 0.000791

0.014548 0.000548

0.014604 0.000914

0.014743 0.000629

0.014554 0.000489

0.014639 0.000795

0.01467 0.000599

0.014588 0.000621

0.014518 0.001088

0.014703 0.000773

0.014611 0.000924

0.014586 0.000711

0.014544 0.000714

0.014774 0.000677

0.014526 0.000678

0.014713 0.00054

0.01463 0.000467

0.014559 0.000893

0.014674 0.000788

0.014476 0.000791

0.014644 0.000572

0.014513 0.000822

0.014651 0.000735

0.014797 0.000719

0.01458 0.000586

0.014583 0.000684

0.014651 0.001052

0.014618 0.000723

0.014922 0.000629

0.014637 0.000694

0.014622 0.000673

0.014527 0.000828

0.01455 0.000558

0.014541 0.000697

0.0147 0.000646

0.014531 0.000871

0.014545 0.000703

0.014665 0.000775

0.014689 0.0005

0.01458 0.00078

0.014564 0.000632

0.014499 0.000643

0.014624 0.000594

0.014519 0.000639

0.014627 0.00073

0.014554 0.00071

0.014564 0.000643

0.014637 0.000602

0.01454 0.000626

0.014551 0.000605

0.01501 0.001027

0.014798 0.000914

0.014564 0.000514

0.014645 0.000498

0.014533 0.00061

0.014855 0.000761

0.014603 0.000681

0.014602 0.000577

0.014547 0.00056

0.014556 0.000669

0.014552 0.000957

0.014597 0.000711

0.014524 0.000712

0.014542 0.000642

0.014595 0.000545

0.014637 0.000586

0.014472 0.000462

0.014691 0.00076

0.014601 0.00046

0.014726 0.000981

0.014635 0.000564

0.014552 0.000689

0.014727 0.000629

0.014584 0.000927

0.014553 0.000692

0.014501 0.000627

0.014656 0.000726

0.014575 0.000827

0.014517 0.001084

0.01464 0.000551

0.014542 0.000593

0.014537 0.000599

0.014689 0.00077

0.014582 0.000546

0.014587 0.00085

0.014533 0.000763

0.014572 0.000678

0.014651 0.000683

0.014573 0.00087

0.014635 0.000614

0.01477 0.000777

0.014592 0.000572

0.014926 0.000669

0.014734 0.00073

0.014646 0.000705

0.014525 0.000562

0.014806 0.000642

0.014583 0.000867

0.01461 0.000693

0.014618 0.000473

0.014571 0.000533

0.014533 0.000628

0.014621 0.000698

0.014562 0.000966

0.014543 0.000734

0.014573 0.000823

0.015224 0.000649

0.014743 0.000534

0.014613 0.000869

0.014769 0.000664

0.014586 0.000667

0.014588 0.00069

0.014585 0.000762

0.014501 0.000608

0.014645 0.000926

0.014548 0.000802

0.014563 0.000672

0.014608 0.000914

0.014625 0.001063

0.014649 0.000636

0.014637 0.000456

0.014526 0.000583

0.015124 0.000777

0.01456 0.000775

0.014628 0.000624

0.014549 0.000566

0.014681 0.000507

0.014614 0.000939

0.014536 0.000537

0.014542 0.000654

0.014574 0.000791

0.014577 0.000918

0.014625 0.000693

0.014645 0.000862

0.014818 0.000804

0.014665 0.000889

0.014731 0.000549

0.014795 0.000816

0.014485 0.000727

0.014545 0.000675

0.014969 0.000592

0.014524 0.001017

0.014595 0.000588

0.014711 0.000776

0.014589 0.000569

0.014623 0.000929

0.014629 0.001028

0.014536 0.000863

0.014559 0.000698

0.014586 0.000957

0.01459 0.00072

0.01456 0.000713

0.01461 0.000671

0.01454 0.000761

0.014493 0.000626

0.014683 0.000604

0.014612 0.000638

0.014538 0.000671

0.014546 0.000658

0.014561 0.000632

0.014504 0.000457

0.014597 0.000851

0.014738 0.00065

0.014547 0.000674

0.014569 0.000479

0.014579 0.000633

0.014584 0.000668

0.014619 0.000911

0.014588 0.000741

0.014508 0.000499

0.014517 0.000619

0.014542 0.000539

0.014674 0.000563

0.014544 0.000874

0.014641 0.00085

0.014586 0.000477

0.014739 0.000741

0.014586 0.00058

0.014616 0.000619

0.014579 0.00054

0.014597 0.000487

0.014674 0.000747

0.014536 0.000732

0.014479 0.000828

0.014608 0.000665

0.014596 0.000489

0.014518 0.000595

0.014583 0.000582

0.014541 0.000578

0.01448 0.000709

0.01465 0.000567

0.014614 0.000665

0.014712 0.000651

0.014571 0.000633

0.014668 0.000484

0.014578 0.000621

0.014593 0.00065

0.014496 0.000558

0.014674 0.00058

0.014567 0.00064

0.014599 0.00056

0.014656 0.000922

0.014601 0.000645

0.014568 0.000849

0.014599 0.000712

0.014527 0.00051

0.014534 0.000619

0.014582 0.000483

0.014697 0.000619

0.014529 0.000714

0.014583 0.000655

0.014731 0.000804

0.014696 0.000612

0.01467 0.000589

0.014648 0.000682

0.014619 0.000842

0.014556 0.000895

0.014559 0.000827

0.014758 0.000939

0.014776 0.000645

0.01461 0.0006

0.014545 0.001005

0.014427 0.000648

0.014559 0.000952

0.014602 0.0007

0.014681 0.000737

0.014517 0.000784

0.014634 0.000703

0.014626 0.000613

0.014605 0.000695

0.014722 0.000794

0.014658 0.000656

0.014554 0.000708

0.014584 0.000632

0.014662 0.000583

0.014557 0.000782

0.014589 0.000614

0.014545 0.000542

0.014624 0.00082

0.014537 0.000583

0.014639 0.000695

0.014576 0.000637

0.014558 0.000662

0.014542 0.000667

0.014581 0.001142

0.014609 0.000505

0.014667 0.000857

0.014539 0.000861

0.014633 0.000858

0.014563 0.000862

0.014607 0.000678

0.014646 0.000672

0.014534 0.000615

0.014524 0.000614

0.01472 0.000486

0.01456 0.000969

0.014493 0.000475

0.014644 0.000587

0.014694 0.000785

0.014545 0.000717

0.014784 0.000747

0.014643 0.000842

0.014595 0.000741

0.014613 0.000579

0.014602 0.000702

0.014623 0.000602

0.014515 0.00073

0.014517 0.00075

0.014622 0.000619

0.014695 0.000707

0.014755 0.000776

0.014616 0.000849

0.014556 0.000528

0.014584 0.00053

0.014538 0.000491

0.014656 0.000887

0.014622 0.000615

0.01455 0.000786

0.01458 0.000749

0.014619 0.000468

0.014549 0.000498

0.01446 0.000807

0.014646 0.000734

0.014502 0.000686

0.014584 0.00047

0.014653 0.000777

0.014759 0.000584

0.014529 0.001116

0.01459 0.000833

0.014531 0.000608

0.01465 0.00057

0.014529 0.000758

0.01459 0.00058

0.014606 0.000882

0.01458 0.000974

0.014554 0.000581

0.014534 0.000818

0.014709 0.000934

0.0146 0.000644

0.01455 0.000623

0.014582 0.000674

0.014662 0.000955

0.014712 0.000558

0.01458 0.000588

0.014563 0.000636

0.014569 0.000545

0.014563 0.00058

0.014627 0.000591

0.014786 0.000626

0.014555 0.000918

0.014705 0.000654

0.014583 0.000575

0.014642 0.000737

0.014598 0.000678

0.014612 0.000595

0.014495 0.00096

0.014541 0.00064

0.0146 0.000471

0.01462 0.000773

0.014716 0.000503

0.014593 0.000972

0.014542 0.000614

0.014442 0.000641

0.01463 0.00089

0.014703 0.000581

0.014852 0.000774

0.014576 0.000937

0.014643 0.000547

0.014802 0.000692

0.014535 0.000674

0.014581 0.000704

0.014521 0.000934

0.014629 0.000704

0.014578 0.000491

0.014594 0.000677

0.014552 0.00057

0.014567 0.000808

0.01477 0.000471

0.014712 0.000601

0.014479 0.000753

0.014641 0.000725

0.014527 0.000764

0.014681 0.000792

0.014595 0.000778

0.014651 0.000541

0.014595 0.000624

0.015277 0.000685

0.015938 0.000844

0.016057 0.001129

0.01575 0.000855

0.015483 0.000891

0.01627 0.000956

0.015626 0.001089

0.015508 0.000579

0.015475 0.000744

0.015269 0.000667

