0.008268 1.3e-05

0.008339 1.5e-05

0.0084 1.9e-05

0.008221 1.5e-05

0.008267 2e-05

0.008555 1.7e-05

0.008486 1.5e-05

0.008513 1.5e-05

0.008224 1.6e-05

0.00828 1.6e-05

0.008235 1.8e-05

0.008333 1.8e-05

0.008306 2.2e-05

0.008262 1.7e-05

0.008272 1.6e-05

0.00826 1.5e-05

0.008283 1.8e-05

0.008239 1.2e-05

0.008353 1.6e-05

0.008209 1.6e-05

0.008366 1.2e-05

0.008319 1.2e-05

0.008218 1.5e-05

0.00829 1.4e-05

0.008238 1.5e-05

0.008334 1.3e-05

0.008282 2.3e-05

0.008273 1.5e-05

0.008235 1.6e-05

0.008258 1.3e-05

0.008284 1.4e-05

0.008357 1.4e-05

0.008226 1.2e-05

0.008237 1.3e-05

0.008221 2.1e-05

0.008247 1.6e-05

0.008241 1.7e-05

0.008257 1.9e-05

0.008296 1.7e-05

0.008346 1.3e-05

0.008237 2.1e-05

0.008224 2.1e-05

0.008274 1.4e-05

0.008227 1.5e-05

0.008273 1.3e-05

0.008258 1.9e-05

0.008261 1.5e-05

0.008238 1.4e-05

0.008267 1.7e-05

0.008296 1.7e-05

0.008273 1.8e-05

0.008292 1.7e-05

0.008281 1.3e-05

0.008249 1.7e-05

0.008359 1.4e-05

0.008265 1.6e-05

0.008266 1.6e-05

0.00825 2.1e-05

0.008311 1.9e-05

0.00824 1.5e-05

0.008228 1.5e-05

0.008262 1.4e-05

0.008235 1.7e-05

0.008288 1.7e-05

0.008289 1.2e-05

0.008289 1.3e-05

0.008239 2e-05

0.00834 1.6e-05

0.008347 1.6e-05

0.00822 1.3e-05

0.008213 1.7e-05

0.008238 1.3e-05

0.008264 1.4e-05

0.008199 1.7e-05

0.008218 1.5e-05

0.008183 1.7e-05

0.008374 1.6e-05

0.008256 2.5e-05

0.008256 1.7e-05

0.008343 1.7e-05

0.008247 1.7e-05

0.00825 1.9e-05

0.008212 1.6e-05

0.008237 1.6e-05

0.008326 1.9e-05

0.008242 1.4e-05

0.008289 2e-05

0.008257 1.4e-05

0.008268 1.7e-05

0.00824 1.5e-05

0.008265 1.9e-05

0.008293 1.4e-05

0.008276 2.1e-05

0.008242 1.5e-05

0.008262 1.4e-05

0.008317 1.5e-05

0.008249 2.1e-05

0.008231 1.4e-05

0.008209 1.3e-05

0.008242 1.4e-05

0.008319 1.7e-05

0.008257 1.4e-05

0.008271 2e-05

0.008222 1.4e-05

0.008369 1.5e-05

0.008294 1.2e-05

0.008334 1.7e-05

0.008227 1.7e-05

0.008238 1.2e-05

0.008247 1.5e-05

0.008237 1.2e-05

0.008225 1.8e-05

0.008241 1.7e-05

0.0084 1.5e-05

0.00833 1.9e-05

0.008274 1.5e-05

0.008277 1.7e-05

0.008224 2e-05

0.008245 1.6e-05

0.008286 1.8e-05

0.008271 1.6e-05

0.008317 1.3e-05

0.008313 2.2e-05

0.008264 1.2e-05

0.008213 1.3e-05

0.008317 1.4e-05

0.008258 1.5e-05

0.008241 2.2e-05

0.008263 1.5e-05

0.008259 1.5e-05

0.008228 1.7e-05

0.008291 2e-05

0.008303 1.4e-05

0.008264 1.1e-05

0.008292 1.9e-05

0.008239 1.6e-05

0.008259 1.4e-05

0.008228 1.3e-05

0.00824 1.9e-05

0.008299 1.5e-05

0.008263 1.4e-05

0.008348 1.5e-05

0.008268 1.9e-05

0.008302 1.4e-05

0.008257 1.4e-05

0.008217 1.4e-05

0.008249 1.5e-05

0.008266 1.6e-05

0.008246 2e-05

0.008273 1.6e-05

0.008329 2.3e-05

0.008264 1.7e-05

0.008267 1.6e-05

0.008307 1.6e-05

0.00821 1.4e-05

0.008268 1.7e-05

0.008223 2.2e-05

0.008224 1.9e-05

0.008228 1.6e-05

0.008298 1.7e-05

0.008248 1.3e-05

0.008246 1.8e-05

0.008236 2.3e-05

0.008258 1.6e-05

0.00824 1.1e-05

0.008277 1.3e-05

0.008315 1.6e-05

0.008252 1.6e-05

0.00828 1.9e-05

0.008259 1.9e-05

0.008218 1.8e-05

0.008268 1.5e-05

0.008226 2e-05

0.008291 1.5e-05

0.008421 2e-05

0.008277 2.1e-05

0.008269 2e-05

0.008333 1.7e-05

0.008296 1.9e-05

0.008283 1.8e-05

0.008189 1.5e-05

0.008244 1.1e-05

0.008262 1.5e-05

0.008211 1.4e-05

0.008196 1.7e-05

0.008275 1.6e-05

0.008195 1.9e-05

0.009127 1.4e-05

0.008349 1e-05

0.008326 1.6e-05

0.00832 1.5e-05

0.008251 1.7e-05

0.008243 1.7e-05

0.00827 1.7e-05

0.008261 1.1e-05

0.008313 1.6e-05

0.008381 1.8e-05

0.008256 2e-05

0.008352 1.5e-05

0.008279 1.9e-05

0.008262 1.9e-05

0.008279 1.5e-05

0.008359 1.8e-05

0.008265 1.7e-05

0.00822 1.5e-05

0.008289 1.8e-05

0.008293 1.8e-05

0.008273 1.8e-05

0.008254 1.6e-05

0.008237 1.6e-05

0.008211 1.7e-05

0.008307 2.2e-05

0.008251 1.7e-05

0.008205 1.6e-05

0.008296 1.7e-05

0.008306 1.7e-05

0.008265 2.1e-05

0.008237 1.5e-05

0.008277 1.7e-05

0.008242 1.3e-05

0.008586 2e-05

0.008288 1.3e-05

0.008239 2.1e-05

0.008229 1.5e-05

0.008382 1.2e-05

0.008308 1.7e-05

0.008316 1.7e-05

0.008331 3.3e-05

0.008238 1.4e-05

0.00825 1.7e-05

0.008235 1.7e-05

0.008217 1.5e-05

0.008336 2.1e-05

0.008318 1.6e-05

0.008248 1.6e-05

0.008233 1.7e-05

0.008259 2.3e-05

0.008284 1.3e-05

0.008282 1.4e-05

0.008262 1.6e-05

0.008288 1.4e-05

0.00822 1.6e-05

0.008353 1.7e-05

0.008263 1.5e-05

0.00823 1.7e-05

0.008316 1.9e-05

0.008233 1.8e-05

0.008215 1.4e-05

0.008322 1.4e-05

0.008277 1.8e-05

0.008248 1.9e-05

0.00827 1.5e-05

0.008297 1.6e-05

0.008304 1.6e-05

0.008266 1.3e-05

0.008245 1.8e-05

0.008274 1.9e-05

0.008213 1.3e-05

0.008217 1.3e-05

0.008242 1.6e-05

0.008205 1.5e-05

0.008372 1.6e-05

0.008265 2.1e-05

0.00825 1.5e-05

0.008359 1.6e-05

0.008304 1.9e-05

0.008342 1.8e-05

0.008257 1.5e-05

0.008213 1.4e-05

0.008307 1.9e-05

0.008312 1.7e-05

0.008213 1.9e-05

0.00825 1.6e-05

0.00824 2e-05

0.008238 1.7e-05

0.008344 1.2e-05

0.008233 2.1e-05

0.008442 1.5e-05

0.008285 1.3e-05

0.008372 1.7e-05

0.008286 1.6e-05

0.008231 2.1e-05

0.008374 1.2e-05

0.00833 1.7e-05

0.008229 1.8e-05

0.008252 2.1e-05

0.008256 1.5e-05

0.008228 2e-05

0.008284 1.4e-05

0.00834 1.6e-05

0.008337 1.7e-05

0.008324 1.5e-05

0.008249 1.4e-05

0.008242 1.8e-05

0.008242 1.4e-05

0.008236 1.9e-05

0.008269 1.5e-05

0.00823 1.4e-05

0.008355 1.7e-05

0.008238 1.9e-05

0.008241 1.3e-05

0.008379 1.6e-05

0.008274 1.4e-05

0.008253 1.1e-05

0.008236 1.6e-05

0.008288 1.5e-05

0.008218 1.7e-05

0.008286 1.6e-05

0.008261 1.3e-05

0.008287 1.2e-05

0.008231 2e-05

0.008218 1.9e-05

0.008222 2e-05

0.00823 1.6e-05

0.008328 1.8e-05

0.00828 1.1e-05

0.008309 1.3e-05

0.00833 1.4e-05

0.008263 1.4e-05

0.008349 2.3e-05

0.008224 1.8e-05

0.008283 1.7e-05

0.008292 1.9e-05

0.008221 1.2e-05

0.008268 1.7e-05

0.008196 1.5e-05

0.008284 1.3e-05

0.008254 1.3e-05

0.00825 1.4e-05

0.008255 1.9e-05

0.00825 1.6e-05

0.008262 1.1e-05

0.008263 1.5e-05

0.008214 1.4e-05

0.008216 1.5e-05

0.008275 1.9e-05

0.008236 1.8e-05

0.008262 1.8e-05

0.008272 1.7e-05

0.008228 1.6e-05

0.008237 1.7e-05

0.008235 1.7e-05

0.008253 1.4e-05

0.008352 1.3e-05

0.008281 1.4e-05

0.008307 2.3e-05

0.008211 1.4e-05

0.008228 1.8e-05

0.008229 1.6e-05

0.008189 1.3e-05

0.008411 1.2e-05

0.008293 1.1e-05

0.008239 1.9e-05

0.008232 1.6e-05

0.008349 1.8e-05

0.008279 1.3e-05

0.008292 1.3e-05

0.008313 1.4e-05

0.00825 1.2e-05

0.008203 1.2e-05

0.008225 1.5e-05

0.008247 1.6e-05

0.008228 1.4e-05

0.008328 1.5e-05

0.0083 2e-05

0.008264 1.6e-05

0.008225 1.9e-05

0.008254 1.7e-05

0.008723 1.8e-05

0.008519 1.6e-05

0.008253 2e-05

0.008238 1e-05

0.008311 1e-05

0.008268 1.6e-05

0.008256 2e-05

0.00823 1.5e-05

0.008278 1.8e-05

0.008241 1.1e-05

0.008252 1.8e-05

0.008261 1.3e-05

0.008331 9e-06

0.008239 1.9e-05

0.008285 1.6e-05

0.008249 1.7e-05

0.00825 1.4e-05

0.008236 1.5e-05

0.008225 1.6e-05

0.008237 1.9e-05

0.008263 1.6e-05

0.008215 1.8e-05

0.008289 1.5e-05

0.00832 2e-05

0.008282 1.6e-05

0.008285 1.6e-05

0.008249 9e-06

0.008223 1.5e-05

0.008292 2.1e-05

0.008278 1.7e-05

0.008256 1.6e-05

0.008215 1.5e-05

0.008316 1.6e-05

0.008246 1.4e-05

0.008202 2e-05

0.00826 1.8e-05

0.008251 1.7e-05

0.008251 1.6e-05

0.008303 1.6e-05

0.008295 2.2e-05

0.008201 1.3e-05

0.008303 1.7e-05

0.0083 1.5e-05

0.008325 1.8e-05

0.008267 1.7e-05

0.008204 1.9e-05

0.008266 1.2e-05

0.008213 1.6e-05

0.008296 1.4e-05

0.008324 1.8e-05

0.008274 1.8e-05

0.008324 1.9e-05

0.008241 1.7e-05

0.00822 1.2e-05

0.008231 2e-05

0.008216 1.2e-05

0.008268 1.7e-05

0.008295 1.6e-05

0.008228 2e-05

0.008294 1.9e-05

0.008353 2.1e-05

0.008288 2e-05

0.008335 1.9e-05

0.008254 1.6e-05

0.008283 1.5e-05

0.008275 1.2e-05

0.008215 1.6e-05

0.008261 1.9e-05

0.008223 1.5e-05

0.008289 1.8e-05

0.008268 2.1e-05

0.008427 1.3e-05

0.008232 2.2e-05

0.008239 1.7e-05

0.008249 1.1e-05

0.008245 1.7e-05

0.008471 1.5e-05

0.008457 1.4e-05

0.008722 1.9e-05

0.008451 1.8e-05

0.00867 1.8e-05

0.008757 1.6e-05

0.008492 1.8e-05

0.008517 1.9e-05

0.008551 1.8e-05

0.008508 1.8e-05

0.008295 1.2e-05

0.008357 1.9e-05

0.008365 1.3e-05

0.00823 2e-05

0.008498 1.9e-05

0.008482 1.4e-05

0.008476 1.4e-05

0.008523 2.1e-05

0.008452 1.8e-05

0.009483 1.4e-05

0.008845 1.9e-05

0.008289 1.6e-05

0.009058 1.7e-05

0.008701 1.3e-05

0.008429 1.8e-05

0.008479 1.9e-05

0.00838 2.1e-05

0.008285 1.6e-05

0.008259 1.8e-05

0.008335 2.1e-05

0.008263 1.8e-05

0.008218 1.9e-05

0.008232 1e-05

0.008248 1.9e-05

0.008722 1.8e-05

0.008325 1.4e-05

0.008272 1.8e-05

0.008786 1.1e-05

0.00851 2e-05

0.008253 2e-05

0.008927 1.9e-05

0.008337 1.9e-05

0.008452 1.2e-05

0.008267 1.6e-05

0.008386 2e-05

0.008237 1.9e-05

0.008315 1.6e-05

0.00853 2.1e-05

0.008449 1.4e-05

0.008328 1.5e-05

0.008228 1.5e-05

0.009297 2.2e-05

0.008493 1.9e-05

0.008495 1.6e-05

0.008585 2.2e-05

0.00897 1.8e-05

0.008759 1.7e-05

0.008381 1.6e-05

0.012038 2.1e-05

0.008743 1.7e-05

0.010071 1.7e-05

0.008877 1.7e-05

0.008532 1.7e-05

0.008443 1.9e-05

0.008808 1.8e-05

0.008501 1.4e-05

0.008393 1.7e-05

0.008782 3e-05

0.00851 1.5e-05

0.008403 1.8e-05

0.008477 1.9e-05

0.00902 1.6e-05

0.008772 1.6e-05

0.008898 1.9e-05

0.008449 1.4e-05

0.008519 1.8e-05

0.00831 2e-05

0.008242 1.8e-05

0.008358 2e-05

0.008376 1.6e-05

0.00839 1.8e-05

0.008284 1.6e-05

0.008323 1.9e-05

0.008342 1.7e-05

0.008731 2.2e-05

0.008512 1.9e-05

0.008308 1.8e-05

0.008297 2.3e-05

0.008294 1.7e-05

0.009481 1.5e-05

0.008648 1.5e-05

0.008544 2.1e-05

0.008619 1.4e-05

0.008342 1.6e-05

0.008783 1.5e-05

0.008355 1.3e-05

0.00832 1.4e-05

0.008297 1.9e-05

0.008749 1.5e-05

0.008399 1.9e-05

0.008321 2.1e-05

0.008296 1.4e-05

0.008728 1.8e-05

0.008448 1.6e-05

0.009384 1.6e-05

0.009053 2.3e-05

0.008683 2.1e-05

0.008405 1.2e-05

0.008494 1.5e-05

0.008542 1.3e-05

0.00843 1.9e-05

0.009454 1.8e-05

0.008774 2.3e-05

0.008476 1.9e-05

0.008472 2.1e-05

0.008478 1.8e-05

0.008361 1.9e-05

0.008387 1.8e-05

0.008606 1.6e-05

0.008512 1.8e-05

0.008315 1.7e-05

0.008408 1.9e-05

0.008312 1.8e-05

0.008223 1.6e-05

0.00854 2e-05

0.008454 1.5e-05

0.008331 1.8e-05

0.008317 1.8e-05

0.008385 1.7e-05

0.008568 2e-05

0.008334 1.7e-05

0.008317 1.6e-05

0.009251 1.5e-05

0.008357 1.8e-05

0.008243 1.3e-05

0.00852 1.6e-05

0.008783 2.1e-05

0.00848 1.8e-05

0.008639 1.3e-05

0.008467 1.5e-05

0.008375 1.3e-05

0.008706 2e-05

0.008675 1.3e-05

0.008396 1.1e-05

0.008431 2.3e-05

0.008632 1.2e-05

0.00849 1.4e-05

0.008308 1.7e-05

0.009055 1.5e-05

0.00828 1.3e-05

0.00827 1.5e-05

0.009567 2.1e-05

0.009323 2.1e-05

0.008583 2.1e-05

0.008635 1.6e-05

0.008601 1.3e-05

0.008603 1.8e-05

0.008419 1.7e-05

0.008314 1.5e-05

0.008778 2.2e-05

0.008423 2.3e-05

0.00844 1.8e-05

0.008941 1.5e-05

0.008526 1.1e-05

0.009566 2.3e-05

0.008495 1.4e-05

0.008597 1.4e-05

0.008532 1.7e-05

0.008565 1.5e-05

0.008511 1.6e-05

0.011025 2e-05

0.013051 3.7e-05

0.008856 2.8e-05

0.009257 2.3e-05

0.008479 2e-05

0.00865 1.5e-05

0.008598 1.4e-05

0.00848 1.6e-05

0.008561 1.6e-05

0.008503 1.5e-05

0.008469 1.8e-05

0.008462 1.8e-05

0.008606 1.4e-05

0.008832 2.1e-05

0.008432 1.2e-05

0.008774 1.5e-05

0.009569 2.3e-05

0.00912 2.4e-05

0.008529 2e-05

0.00988 2.3e-05

0.008894 2e-05

0.009651 1.4e-05

0.009616 2.2e-05

0.009457 1.8e-05

0.009716 1.8e-05

0.010479 2.1e-05

0.008819 2.1e-05

0.010724 2.7e-05

0.008876 1.8e-05

0.009129 1.8e-05

0.008941 2.4e-05

0.008509 1.9e-05

0.00904 2.1e-05

0.009875 2.3e-05

0.008725 2.3e-05

0.008494 2.3e-05

0.008596 2.3e-05

0.008526 1.3e-05

0.008424 2.1e-05

0.008536 1.5e-05

0.008576 1.7e-05

0.00842 1.3e-05

0.008451 1.3e-05

0.008455 1.1e-05

0.008845 1.3e-05

0.008546 2.2e-05

0.008626 1.2e-05

0.008375 1.3e-05

0.00843 1.1e-05

0.008502 1.4e-05

0.008327 1.2e-05

0.008287 1.6e-05

0.008407 1.5e-05

0.008331 2.6e-05

0.008328 1.1e-05

0.008337 1.2e-05

0.00831 1.5e-05

0.008321 2e-05

0.008272 1.1e-05

0.00825 1.9e-05

0.010581 2.8e-05

0.008483 1.8e-05

0.008431 1.4e-05

0.009331 1.6e-05

0.008589 2e-05

0.009154 1.7e-05

0.00852 2e-05

0.008533 2.5e-05

0.009189 2.7e-05

0.009259 2e-05

0.008765 1.9e-05

0.008831 1.8e-05

0.008589 2.1e-05

0.008589 2e-05

0.008516 1.7e-05

0.008722 2.4e-05

0.008661 1.6e-05

0.008481 1.8e-05

0.008753 1.7e-05

0.008713 1.8e-05

0.008431 1.2e-05

0.00866 2.1e-05

0.008579 1.7e-05

0.008359 2e-05

0.008467 1.4e-05

0.008486 2e-05

0.008569 1.3e-05

0.008405 2.1e-05

0.008712 1.7e-05

0.008669 1.9e-05

0.008391 1.4e-05

0.008644 1.6e-05

0.008745 1.8e-05

0.008369 1.5e-05

0.00869 1.6e-05

0.009199 2.1e-05

0.009907 1.8e-05

0.008607 2.4e-05

0.01154 3.2e-05

0.008619 2e-05

0.008987 1.9e-05

0.008945 2.2e-05

0.010161 2.2e-05

0.009106 2e-05

0.008551 1.8e-05

0.00905 1.7e-05

0.008924 1.5e-05

0.012708 1.9e-05

0.008612 1.7e-05

0.00982 2.4e-05

0.009349 2.6e-05

0.009166 2e-05

0.00851 1.6e-05

0.008661 1.7e-05

0.008561 1.6e-05

0.008645 1.5e-05

0.008795 1.5e-05

0.008538 1.6e-05

0.008428 1.9e-05

0.008767 1.6e-05

0.008599 2e-05

0.008441 1.7e-05

0.008555 1.4e-05

0.008608 1.3e-05

0.008405 1.8e-05

0.008491 2.3e-05

0.008555 1.9e-05

0.008415 1.5e-05

0.008553 1.8e-05

0.008528 1.6e-05

0.008436 1.5e-05

0.008539 1.3e-05

0.00858 1.2e-05

0.008662 1.8e-05

0.008569 1.9e-05

0.008538 1.7e-05

0.008478 2.2e-05

0.008447 2e-05

0.00832 1.3e-05

0.008265 1.8e-05

0.008538 2.2e-05

0.008515 1.7e-05

0.0084 1.3e-05

0.008273 1.7e-05

0.008333 1.4e-05

0.008343 2.1e-05

0.008351 1.7e-05

0.008369 2.9e-05

0.008284 1.6e-05

0.008265 1e-05

0.008238 2e-05

0.008238 1.2e-05

0.008441 1.4e-05

0.008275 1.6e-05

0.008332 1.4e-05

0.008387 1.3e-05

0.008217 1.5e-05

0.008312 2.1e-05

0.008265 1.5e-05

0.008308 1.4e-05

0.008277 1.3e-05

0.008245 1.6e-05

0.008247 1.2e-05

0.008236 1.4e-05

0.008221 1.5e-05

0.008332 1.6e-05

0.008327 1.9e-05

0.008275 1.5e-05

0.00833 1.5e-05

0.008288 1.8e-05

0.008257 1.9e-05

0.00822 1.4e-05

0.008198 1.8e-05

0.008272 1.5e-05

0.008225 1.8e-05

0.008235 1.2e-05

0.008397 1.5e-05

0.00834 1.5e-05

0.008303 1.4e-05

0.008287 1.6e-05

0.008238 1.3e-05

0.008243 1.4e-05

0.008292 1.2e-05

0.00823 1.5e-05

0.008261 2e-05

0.008224 1.6e-05

0.008449 1.9e-05

0.008259 1.3e-05

0.008279 1.8e-05

0.008538 2.1e-05

0.008389 1.4e-05

0.008399 2.2e-05

0.008561 1.1e-05

0.00845 1.8e-05

0.00846 1.4e-05

0.008412 1.9e-05

0.008309 2.2e-05

0.008367 1.9e-05

0.008468 1.5e-05

0.008383 1.4e-05

0.008375 1.4e-05

0.008301 1.9e-05

0.008252 1.3e-05

0.008297 1.5e-05

0.008316 1.9e-05

0.008343 1.4e-05

0.008204 1.4e-05

0.008352 1.7e-05

0.008222 2.3e-05

0.008236 1.8e-05

0.008404 1.6e-05

0.008511 1.7e-05

0.008296 1.4e-05

0.008296 2e-05

0.008316 1.5e-05

0.008434 1.6e-05

0.008299 1.7e-05

0.008251 1.7e-05

0.008283 1.9e-05

0.00823 1.7e-05

0.008266 1.3e-05

0.008237 1.8e-05

0.008289 1.4e-05

0.008583 1.9e-05

0.008337 1.8e-05

0.008497 1.3e-05

0.00834 1.5e-05

0.008262 1.4e-05

0.008258 1.7e-05

0.008224 1.1e-05

0.008252 1.9e-05

0.008271 2.3e-05

0.008319 2e-05

0.00829 1.5e-05

0.008278 1.9e-05

0.008255 1.6e-05

0.008361 1.3e-05

0.008216 1.4e-05

0.008239 1.7e-05

0.008245 1.3e-05

0.008245 1.6e-05

0.008319 1.6e-05

0.008385 2e-05

0.008235 1e-05

0.009651 1.9e-05

0.008383 1.5e-05

0.00827 1.4e-05

0.008364 1.5e-05

0.00826 2.1e-05

0.008258 1.7e-05

0.00825 2.1e-05

0.008386 1.7e-05

0.008348 1.7e-05

0.008323 1.1e-05

0.008265 2.1e-05

0.008315 1.5e-05

0.012017 1.4e-05

0.009116 1.8e-05

0.008798 1.4e-05

0.009496 2e-05

0.008469 2e-05

0.008355 1.4e-05

0.008362 1.3e-05

0.008377 2e-05

0.00828 1.2e-05

0.008343 2e-05

0.008213 1.7e-05

0.00841 1.6e-05

0.008251 1.3e-05

0.008346 2.1e-05

0.008891 1.3e-05

0.008382 2e-05

0.008364 2e-05

0.00853 2e-05

0.008376 1.2e-05

0.008356 1.4e-05

0.008656 1.4e-05

0.008443 1.3e-05

0.008601 1.6e-05

0.008493 1.2e-05

0.008521 2e-05

0.008313 2e-05

0.008416 1.8e-05

0.008372 1.3e-05

0.008314 1.9e-05

0.008363 1.7e-05

0.008317 2.1e-05

0.008401 1.4e-05

0.008454 1.4e-05

0.008439 1.7e-05

0.00829 1.7e-05

0.008262 1.6e-05

0.008331 2.7e-05

0.008281 1.8e-05

0.00835 1.4e-05

0.008337 1.6e-05

0.008347 2.1e-05

0.0083 1.7e-05

0.008268 1.8e-05

0.008451 1.7e-05

0.008354 1.5e-05

0.008277 1.8e-05

0.008261 1.8e-05

0.008328 1.4e-05

0.0084 1.7e-05

0.008334 2.3e-05

0.008283 2.1e-05

0.008414 1.5e-05

0.008286 1.9e-05

0.008315 1.3e-05

0.008226 1.5e-05

0.008711 2.5e-05

0.009086 2e-05

0.008867 1.6e-05

0.008501 1.5e-05

0.008998 1.4e-05

0.008972 2.7e-05

0.008809 2.4e-05

0.008425 1.6e-05

0.008435 1.8e-05

0.008914 2.5e-05

0.008368 2e-05

0.008694 1.9e-05

0.009091 1.2e-05

0.008881 1.6e-05

0.008535 1.1e-05

0.008981 1.5e-05

0.008929 2.4e-05

0.008499 1.8e-05

0.008598 1.6e-05

0.008562 2.2e-05

0.008473 1.4e-05

0.008504 1.4e-05

0.008858 1.4e-05

0.008508 1.8e-05

0.008358 1.7e-05

0.00829 1.4e-05

0.008265 1.5e-05

0.008254 1.7e-05

0.008573 1.4e-05

0.008343 1.2e-05

0.008358 1.5e-05

0.008328 1.7e-05

0.00822 1.6e-05

0.008272 1.8e-05

0.008225 2.2e-05

0.00831 1.5e-05

0.008237 1.7e-05

0.008374 1.7e-05

0.008487 1.8e-05

0.008494 1.3e-05

0.008494 1.3e-05

0.008493 1.3e-05

0.008532 1.5e-05

0.008437 1.3e-05

0.008459 1.9e-05

0.008637 2.1e-05

0.008432 1.6e-05

0.008793 1.3e-05

0.008413 1.4e-05

0.008301 1.9e-05

0.008297 1.7e-05

0.008312 1.3e-05

0.00839 1.3e-05

0.008469 1.8e-05

0.008478 2.2e-05

0.008261 1.5e-05

0.008401 1.5e-05

0.008881 1.5e-05

0.008503 1.4e-05

0.008491 1.9e-05

0.008554 1.9e-05

0.008489 1.4e-05

0.008498 1.8e-05

0.008307 1.4e-05

0.008321 1.8e-05

0.008254 1.8e-05

0.008291 2.1e-05

0.008218 2.2e-05

0.008324 1.2e-05

0.008357 1.3e-05

0.008291 1.4e-05

0.008559 1.3e-05

0.008453 1.5e-05

0.008601 1.7e-05

0.008431 1.5e-05

