0.008348 0.000612

0.008323 0.000429

0.008459 0.000475

0.008506 0.000704

0.008677 0.000791

0.008633 0.000614

0.008547 0.000636

0.009643 0.001186

0.008611 0.000586

0.008422 0.00075

0.008478 0.000844

0.008369 0.000511

0.011988 0.000772

0.012813 0.000668

0.008996 0.001008

0.008668 0.00109

0.008474 0.000872

0.008782 0.001061

0.008663 0.001007

0.008922 0.001127

0.008493 0.000774

0.008889 0.000805

0.008815 0.000959

0.008865 0.000678

0.00859 0.000495

0.008469 0.000619

0.008582 0.001199

0.008466 0.000759

0.008416 0.000468

0.008558 0.00114

0.00849 0.000925

0.00882 0.000744

0.008923 0.000866

0.008499 0.000864

0.009115 0.000953

0.008563 0.000805

0.008896 0.000576

0.008641 0.0009

0.008841 0.001733

0.009744 0.000978

0.008566 0.001026

0.008762 0.000537

0.008707 0.000518

0.008528 0.000509

0.009202 0.000733

0.009064 0.001054

0.010311 0.000841

0.009144 0.00076

0.009707 0.001055

0.008716 0.002595

0.009661 0.000778

0.010349 0.000688

0.011033 0.001022

0.008749 0.000774

0.009299 0.000939

0.008852 0.001122

0.008509 0.000838

0.009019 0.000621

0.011413 0.000679

0.012473 0.001019

0.008562 0.000809

0.008907 0.001622

0.008563 0.000882

0.009105 0.001082

0.00849 0.000474

0.009884 0.000903

0.008377 0.000513

0.011497 0.001395

0.008964 0.000874

0.008652 0.000687

0.008596 0.000891

0.008897 0.001077

0.008877 0.000562

0.008966 0.000972

0.010261 0.001057

0.008712 0.000472

0.008746 0.000981

0.00873 0.000459

0.008588 0.000526

0.008507 0.000815

0.008403 0.000851

0.008413 0.000859

0.008275 0.000811

0.00878 0.001091

0.008612 0.000669

0.008501 0.000965

0.009057 0.000781

0.00852 0.000935

0.008784 0.000613

0.008577 0.000826

0.008347 0.000537

0.008266 0.000459

0.008361 0.000741

0.008466 0.000698

0.008688 0.00087

0.008463 0.000655

0.008583 0.000651

0.008617 0.00087

0.008527 0.000504

0.00858 0.000498

0.008545 0.001037

0.008584 0.000685

0.00841 0.000813

0.008372 0.000706

0.008317 0.000596

0.008236 0.00069

0.008282 0.000738

0.0083 0.000958

0.008263 0.000636

0.008643 0.000732

0.008522 0.000638

0.008508 0.000856

0.008538 0.000578

0.008689 0.000953

0.008503 0.001043

0.008597 0.000596

0.008637 0.000794

0.008386 0.000667

0.008297 0.00085

0.008335 0.000513

0.008252 0.000695

0.008262 0.000439

0.008268 0.000448

0.008247 0.000828

0.008324 0.00058

0.008361 0.000766

0.008311 0.000619

0.008303 0.000447

0.008336 0.000504

0.008271 0.000744

0.008348 0.000708

0.008379 0.000685

0.00831 0.00061

0.008268 0.000477

0.00825 0.000553

0.008545 0.000619

0.008478 0.00052

0.008466 0.000752

0.008655 0.00092

0.00853 0.000576

0.008489 0.000753

0.008552 0.000488

0.008444 0.00068

0.00835 0.000659

0.008371 0.000652

0.00854 0.000494

0.008357 0.000442

0.008337 0.000495

0.008228 0.000486

0.008314 0.000467

0.00829 0.000477

0.008227 0.000627

0.008335 0.000512

0.008279 0.000658

0.008243 0.000743

0.0083 0.000428

0.008256 0.000504

0.008338 0.000752

0.008297 0.001056

0.008489 0.000593

0.00826 0.000808

0.008345 0.000857

0.008286 0.00058

0.008321 0.000632

0.008252 0.000478

0.008338 0.000725

0.008288 0.000659

0.008315 0.000504

0.008302 0.000851

0.008427 0.000885

0.008724 0.000786

0.008587 0.001373

0.00853 0.000584

0.008501 0.00077

0.00862 0.000978

0.008594 0.000561

0.00854 0.000744

0.008486 0.000557

0.008349 0.00065

0.00851 0.000702

0.0085 0.000787

0.00832 0.000656

0.008626 0.000883

0.008588 0.000791

0.009015 0.000969

0.00897 0.001318

0.008607 0.000718

0.00879 0.000564

0.008599 0.000603

0.008389 0.00067

0.008616 0.000557

0.008548 0.00076

0.008451 0.000885

0.008662 0.000881

0.008521 0.001187

0.008531 0.000637

0.008364 0.000719

0.008587 0.000885

0.008343 0.000462

0.008464 0.000642

0.008378 0.000663

0.008265 0.00076

0.008487 0.000624

0.008713 0.0005

0.008718 0.000481

0.008719 0.000789

0.008499 0.000575

0.008628 0.00052

0.008458 0.000956

0.008505 0.00069

0.008372 0.000484

0.008358 0.000595

0.008222 0.000779

0.00832 0.000739

0.008599 0.000469

0.008281 0.000544

0.008273 0.000648

0.008294 0.000869

0.008258 0.000418

0.008279 0.000546

0.008267 0.000485

0.008265 0.000639

0.008245 0.000619

0.008431 0.000512

0.008618 0.000455

0.008409 0.000781

0.008289 0.000749

0.008528 0.000847

0.008823 0.000513

0.009054 0.000675

0.008659 0.000839

0.00865 0.000606

0.008643 0.000872

0.008521 0.000693

0.008797 0.000981

0.008389 0.000511

0.008366 0.000552

0.008405 0.000805

0.008312 0.000626

0.008359 0.00083

0.008249 0.000493

0.008286 0.000626

0.00828 0.00044

0.008354 0.000468

0.008262 0.000892

0.008352 0.000509

0.01169 0.000513

0.008408 0.000593

0.008285 0.000938

0.008247 0.000604

0.008374 0.000664

0.008304 0.000733

0.008332 0.000959

0.008371 0.000671

0.008498 0.000707

0.00838 0.000493

0.008267 0.000614

0.008263 0.000604

0.00832 0.000533

0.00824 0.000658

0.008274 0.000496

0.00841 0.000437

0.010168 0.000811

0.008322 0.000756

0.008306 0.00082

0.008309 0.000609

0.00834 0.000726

0.008238 0.000484

0.008355 0.000875

0.008608 0.000757

0.00865 0.000704

0.008497 0.000472

0.008479 0.000679

0.008764 0.000514

0.008729 0.000812

0.0084 0.00048

0.008248 0.000498

0.008323 0.000648

0.00827 0.000539

0.008343 0.000436

0.008237 0.000533

0.008341 0.000893

0.008277 0.000875

0.008316 0.000549

0.008223 0.000467

0.008357 0.00068

0.008316 0.000691

0.008293 0.00072

0.00859 0.000673

0.008734 0.000582

0.008736 0.000746

0.008369 0.000785

0.008792 0.000614

0.008755 0.000868

0.008425 0.000661

0.008896 0.0006

0.008758 0.000572

0.008385 0.000613

0.008328 0.000975

0.00829 0.000533

0.008335 0.000456

0.008415 0.000692

0.008302 0.000495

0.00895 0.000467

0.008678 0.000683

0.008515 0.000643

0.008542 0.00067

0.008504 0.000511

0.008752 0.000693

0.008839 0.000912

0.008746 0.000552

0.008734 0.000657

0.008631 0.000599

0.008614 0.001324

0.0085 0.00082

0.009909 0.000478

0.008534 0.000614

0.008479 0.000804

0.008716 0.000637

0.008924 0.001166

0.008425 0.000554

0.00844 0.000676

0.008885 0.000959

0.008529 0.00047

0.008507 0.000602

0.008658 0.000738

0.008429 0.000491

0.008505 0.000652

0.008713 0.000701

0.008654 0.000527

0.008368 0.000561

0.008407 0.000695

0.00827 0.000524

0.009556 0.000533

0.0088 0.000721

0.008499 0.001093

0.009755 0.000494

0.00905 0.000651

0.008443 0.000663

0.008603 0.000714

0.008858 0.000624

0.008512 0.000728

0.008646 0.000689

0.008563 0.000532

0.00854 0.000479

0.008659 0.000757

0.008491 0.000493

0.008413 0.001055

0.008413 0.000711

0.008324 0.000782

0.008849 0.000854

0.008287 0.000457

0.00843 0.000728

0.008513 0.000766

0.008361 0.000576

0.008399 0.00045

0.008402 0.000682

0.008501 0.000564

0.008505 0.00075

0.0085 0.000553

0.00848 0.000729

0.008507 0.000888

0.008263 0.000564

0.00961 0.000859

0.008394 0.00061

0.008642 0.000651

0.008662 0.000525

0.00882 0.000633

0.008454 0.000472

0.00845 0.00068

0.008483 0.000728

0.008761 0.000826

0.008704 0.000724

0.008669 0.000536

0.008835 0.000553

0.008335 0.001284

0.008434 0.000683

0.00857 0.000844

0.008865 0.001023

0.008578 0.000737

0.008541 0.000806

0.008889 0.000672

0.008554 0.000609

0.00853 0.000501

0.008414 0.000745

0.008281 0.000491

0.008318 0.000552

0.008341 0.000625

0.008258 0.000663

0.008977 0.000555

0.008513 0.000444

0.008297 0.000555

0.008853 0.000535

0.008598 0.000792

0.008587 0.000829

0.008704 0.000676

0.008873 0.000564

0.00888 0.000863

0.008458 0.00094

0.008689 0.000732

0.008635 0.000597

0.008519 0.000483

0.008617 0.000644

0.008544 0.000505

0.008548 0.000702

0.00849 0.000912

0.008557 0.000536

0.008454 0.000875

0.008587 0.000784

0.008488 0.000476

0.008366 0.000536

0.00824 0.000678

0.008225 0.000628

0.008338 0.000559

0.008309 0.000688

0.00829 0.000502

0.0083 0.00062

0.008339 0.000592

0.008316 0.000586

0.008433 0.00049

0.008593 0.000483

0.008494 0.000814

0.008557 0.000647

0.008309 0.000646

0.008232 0.000635

0.008424 0.000488

0.008251 0.000675

0.008322 0.000586

0.008254 0.00045

0.00827 0.00048

0.008633 0.000783

0.008434 0.000835

0.008936 0.000665

0.008561 0.000866

0.008684 0.001181

0.008727 0.000795

0.008874 0.000456

0.008559 0.000783

0.008733 0.000564

0.008591 0.000636

0.008492 0.000545

0.008553 0.00055

0.008503 0.000562

0.008443 0.000747

0.008525 0.000676

0.008435 0.000764

0.008675 0.000673

0.00873 0.000726

0.008925 0.000614

0.008524 0.00085

0.008789 0.00068

0.008881 0.000645

0.008549 0.00062

0.008382 0.00078

0.008524 0.000673

0.008258 0.000507

0.008946 0.000844

0.009104 0.00094

0.00849 0.000802

0.008682 0.000567

0.008782 0.000641

0.00868 0.000909

0.008715 0.000816

0.00853 0.000783

0.008366 0.000605

0.00827 0.000564

0.008337 0.00066

0.009562 0.001126

0.008718 0.000626

0.009715 0.000703

0.009346 0.000825

0.009841 0.000629

0.008715 0.000677

0.008518 0.00076

0.008608 0.00057

0.008538 0.000925

0.008468 0.0005

0.008499 0.000805

0.008452 0.000458

0.008394 0.000664

0.008431 0.000565

0.008504 0.000877

0.008695 0.001016

0.008428 0.000549

0.008393 0.000579

0.008548 0.000678

0.008568 0.000711

0.008244 0.000908

0.00827 0.000526

0.008419 0.000591

0.008542 0.00081

0.00854 0.000848

0.008546 0.000865

0.008587 0.000583

0.008648 0.000632

0.008501 0.000752

0.008622 0.000677

0.008655 0.00058

0.008437 0.000617

0.008464 0.000574

0.008377 0.00056

0.008291 0.000663

0.008541 0.000488

0.008597 0.000678

0.008479 0.000536

0.008371 0.000536

0.008392 0.000545

0.008414 0.000649

0.008338 0.000478

0.008496 0.000616

0.008506 0.000701

0.0085 0.000511

0.008503 0.000555

0.008515 0.000629

0.008549 0.000476

0.0085 0.000547

0.008542 0.000618

0.00859 0.000568

0.008431 0.00062

0.008376 0.000668

0.008313 0.000447

0.008296 0.000656

0.008295 0.000523

0.00832 0.000764

0.008252 0.000636

0.008324 0.000542

0.008361 0.000484

0.008298 0.000508

0.008273 0.000639

0.008391 0.000615

0.008379 0.000494

0.008484 0.000949

0.008485 0.000578

0.008506 0.000502

0.008497 0.000647

0.00886 0.001018

0.008548 0.000746

0.008485 0.000928

0.00862 0.000811

0.008495 0.000819

0.008722 0.000549

0.008607 0.000854

0.008537 0.000885

0.008641 0.000676

0.008619 0.000474

0.008443 0.00057

0.00842 0.00071

0.008253 0.000667

0.008354 0.00057

0.008708 0.000602

0.008586 0.000741

0.008571 0.001198

0.008498 0.000765

0.008632 0.000846

0.008522 0.001052

0.008628 0.000938

0.008485 0.00064

0.008523 0.000614

0.008495 0.000742

0.008552 0.000707

0.008472 0.000596

0.008503 0.000788

0.008596 0.000526

0.008542 0.000611

0.008583 0.000914

0.008549 0.000614

0.008583 0.000438

0.008577 0.000733

0.008598 0.000904

0.008495 0.000567

0.008594 0.000949

0.008723 0.000459

0.00878 0.000879

0.00849 0.00058

0.008671 0.00066

0.008634 0.000458

0.008639 0.000901

0.008268 0.000562

0.008296 0.000938

0.008362 0.000647

0.00831 0.000824

0.008237 0.000569

0.008219 0.000811

0.008455 0.000455

0.008314 0.000833

0.008299 0.000793

0.008265 0.000749

0.008331 0.000775

0.008269 0.000526

0.008245 0.000464

0.008258 0.000552

0.00843 0.00047

0.008593 0.000868

0.00828 0.000575

0.008271 0.000472

0.008252 0.000676

0.008298 0.001089

0.008344 0.000626

0.00837 0.000607

0.008223 0.000975

0.008392 0.000496

0.008266 0.000755

0.008441 0.000513

0.009824 0.000952

0.008345 0.000675

0.008413 0.000602

0.008366 0.000755

0.00824 0.000949

0.008392 0.00065

0.008425 0.000625

0.008397 0.000804

0.008617 0.000819

0.008496 0.000729

0.00848 0.000716

0.00843 0.000634

0.008561 0.000595

0.008603 0.00045

0.008636 0.000582

0.008613 0.000509

0.008552 0.000481

0.00844 0.000646

0.008448 0.000445

0.008317 0.000628

0.008269 0.000446

0.008485 0.000496

0.008552 0.000627

0.008507 0.000614

0.00844 0.001002

0.008291 0.000736

0.008276 0.000663

0.008247 0.000834

0.008296 0.000512

0.008257 0.00068

0.008285 0.000861

0.008304 0.000633

0.00837 0.000761

0.008466 0.000505

0.008486 0.000689

0.008504 0.000833

0.008816 0.000859

0.008535 0.000633

0.00862 0.001276

0.008805 0.001282

0.009567 0.000821

0.008746 0.001097

0.008521 0.000564

0.008306 0.000677

0.008546 0.00054

0.008607 0.000848

0.008563 0.00069

0.008542 0.000492

0.008625 0.000705

0.008346 0.000544

0.008386 0.000558

0.008321 0.000599

0.008309 0.00084

0.008246 0.000568

0.008221 0.000594

0.008423 0.000705

0.009612 0.000832

0.008511 0.000625

0.008592 0.001172

0.008505 0.0007

0.008528 0.000638

0.008848 0.000491

0.008762 0.000796

0.008452 0.000702

0.008517 0.000597

0.008311 0.000812

0.008393 0.000545

0.008258 0.000639

0.008277 0.000523

0.00831 0.000646

0.008227 0.000751

0.008247 0.000514

0.008478 0.00044

0.008741 0.000707

0.008631 0.000919

0.00893 0.00075

0.008788 0.00046

0.008597 0.000851

0.008538 0.000745

0.008968 0.000677

0.00863 0.000852

0.008263 0.00059

0.008841 0.000708

0.008327 0.000572

0.008275 0.000705

0.008241 0.000775

0.008332 0.000723

0.00845 0.000605

0.008542 0.000623

0.008692 0.000508

0.008723 0.000623

0.008497 0.000486

0.008555 0.000671

0.008413 0.000528

0.008719 0.000494

0.008455 0.000583

0.008661 0.000469

0.008596 0.000465

0.008626 0.000495

0.008762 0.000624

0.008706 0.001119

0.008656 0.000829

0.008692 0.000788

0.008624 0.000535

0.008355 0.000429

0.008552 0.00071

0.008534 0.000737

0.008412 0.000465

0.008367 0.00099

0.008977 0.000489

0.008861 0.00081

0.008758 0.000843

0.008584 0.000488

0.008695 0.000923

0.009139 0.000617

0.008791 0.000702

0.008549 0.000569

0.008494 0.000595

0.0086 0.000938

0.008332 0.000661

0.0084 0.000593

0.009279 0.000642

0.008603 0.001044

0.008658 0.00045

0.009001 0.000591

0.008778 0.000937

0.008477 0.000705

0.008703 0.000477

0.008473 0.00067

0.008547 0.000676

0.008278 0.000668

0.008401 0.000686

0.008628 0.000926

0.008488 0.000569

0.008466 0.000734

0.00829 0.0006

0.008331 0.00067

0.008344 0.000536

0.008539 0.000805

0.00841 0.000625

0.008536 0.000441

0.008441 0.00069

0.008523 0.000506

0.008803 0.000517

0.008301 0.00048

0.008337 0.000762

0.008279 0.000674

0.008233 0.000424

0.008332 0.00072

0.008208 0.000495

0.008224 0.000604

0.008289 0.000554

0.008285 0.000474

0.008267 0.000619

0.008212 0.000444

0.008287 0.000633

0.008648 0.000702

0.00858 0.000856

0.008762 0.000585

0.008932 0.000929

0.008691 0.000988

0.008519 0.000699

0.008467 0.000841

0.008308 0.000497

0.008468 0.000482

0.008303 0.000532

0.008311 0.000445

0.008786 0.000925

0.008574 0.000577

0.008674 0.000483

0.008587 0.000519

0.008695 0.000597

0.008509 0.000932

0.008552 0.000705

0.00853 0.000658

0.008391 0.001096

0.008603 0.000569

0.008465 0.000916

0.008478 0.000592

0.008608 0.000433

0.008538 0.000661

0.008561 0.000766

0.008501 0.000681

0.00873 0.000579

0.008618 0.000849

0.008499 0.000714

0.008572 0.000536

0.008492 0.000525

0.008343 0.000732

0.008371 0.000799

0.008251 0.000602

0.00826 0.000743

0.008326 0.00043

0.00825 0.000687

0.008251 0.000565

0.008478 0.000712

0.008408 0.000603

0.008253 0.000499

0.008481 0.000572

0.008297 0.000663

0.008299 0.000778

0.008287 0.000639

0.008237 0.000733

0.008266 0.000787

0.008313 0.000729

0.008412 0.000707

0.008486 0.000695

0.008563 0.000794

0.008325 0.000704

0.008303 0.000612

0.008537 0.00062

0.008551 0.000651

0.008831 0.000813

0.008563 0.000895

0.009695 0.00093

0.008966 0.000538

0.00857 0.000702

0.008515 0.000554

0.008504 0.000565

0.008524 0.000885

0.008656 0.000503

0.008366 0.000832

0.008368 0.000951

0.008434 0.000745

0.008643 0.000556

0.008478 0.000579

0.0083 0.00067

0.008346 0.000857

0.008506 0.000541

0.008518 0.000488

0.008617 0.000639

0.008488 0.000617

0.00849 0.000578

0.008346 0.00089

0.00848 0.000439

0.008975 0.000477

0.008437 0.000668

0.008321 0.000609

0.008247 0.000659

0.008453 0.000464

0.008278 0.000609

0.008293 0.000758

0.008243 0.000707

0.008282 0.000493

0.008293 0.000529

0.008272 0.000567

0.008279 0.000448

0.008547 0.000693

0.008435 0.000611

0.008551 0.000738

0.009035 0.000581

0.008547 0.000562

0.008429 0.000543

0.008516 0.000765

0.008598 0.000669

0.008276 0.00068

0.008258 0.000463

0.008385 0.00069

0.008323 0.001041

0.008445 0.000456

0.008265 0.000579

0.008327 0.00052

0.008465 0.000473

0.008323 0.000723

0.008588 0.000674

0.008569 0.000519

0.008478 0.00058

0.008354 0.000644

0.008464 0.000656

0.008519 0.000724

0.008334 0.000454

0.008743 0.000636

0.008438 0.001081

0.008368 0.000663

0.009008 0.000463

0.008713 0.000478

0.008461 0.000785

0.008834 0.000534

0.008415 0.000838

0.008331 0.000549

0.008256 0.000454

0.008509 0.000966

0.008522 0.000865

0.008329 0.000888

0.011495 0.000837

0.009164 0.000842

0.009038 0.001023

0.00952 0.00118

0.009227 0.001027

0.008544 0.000505

0.008507 0.000609

0.008598 0.000868

0.008606 0.000705

0.008558 0.000493

0.008507 0.000538

0.008564 0.00075

0.008572 0.000621

0.008565 0.00053

0.008916 0.000544

0.008864 0.000683

0.008494 0.000783

0.008617 0.000643

0.008813 0.000912

0.008528 0.00065

0.008559 0.000667

0.008784 0.000689

0.008333 0.000676

0.008476 0.001634

0.008495 0.000569

0.008489 0.000715

0.008555 0.000658

0.008553 0.000791

0.008711 0.000629

0.013636 0.000879

0.012574 0.000937

0.009242 0.000795

0.012343 0.001461

0.00859 0.001392

0.008859 0.000911

0.010199 0.000926

0.008911 0.000649

0.009178 0.001108

0.010186 0.000832

0.012396 0.001266

0.009316 0.000608

0.009945 0.000717

0.009284 0.000564

0.008991 0.00141

0.009809 0.001168

0.009649 0.000939

0.008627 0.000618

0.009017 0.000854

0.008703 0.000798

0.009351 0.000884

0.008821 0.00071

0.008671 0.000523

0.008808 0.000702

0.00877 0.000988

0.00872 0.001

0.008756 0.001155

0.008479 0.001028

0.009615 0.000549

0.008815 0.001045

0.009181 0.00058

0.008579 0.000616

0.008581 0.000849

0.008639 0.00116

0.01135 0.001614

0.010292 0.001639

0.01298 0.001159

0.008709 0.000771

0.009343 0.001081

0.01018 0.00061

0.010462 0.001168

0.009758 0.000589

0.011571 0.000945

0.010682 0.001406

0.00889 0.00063

0.01012 0.000981

0.008673 0.001049

0.008578 0.001139

0.008649 0.000623

0.008524 0.000682

0.008628 0.000798

0.008701 0.000982

0.008657 0.000492

0.008494 0.000476

0.008355 0.000659

0.008292 0.000632

0.008774 0.000679

0.008596 0.000489

0.00865 0.000561

0.008675 0.000933

0.008533 0.000794

0.008534 0.000767

0.008504 0.000557

0.008459 0.000506

0.008406 0.000573

0.008446 0.000558

0.008368 0.00058

0.008414 0.000511

0.008568 0.000562

0.008338 0.000727

0.00848 0.000475

0.008579 0.001181

0.009763 0.000496

0.008469 0.00071

0.011558 0.001008

0.01049 0.000872

0.009347 0.000597

0.009778 0.000826

0.008659 0.000613

0.008681 0.000588

0.008575 0.00117

0.008644 0.000513

0.008596 0.000901

0.008644 0.000693

