0.015604 2e-06

0.014543 1e-06

0.015798 3e-06

0.014564 3e-06

0.014569 1e-06

0.014896 2e-06

0.014923 2e-06

0.015269 2e-06

0.018108 3e-06

0.015568 2e-06

0.016485 3e-06

0.015644 3e-06

0.01527 2e-06

0.015344 2e-06

0.015097 2e-06

0.014993 2e-06

0.015035 2e-06

0.014968 2e-06

0.016006 2e-06

0.016018 2e-06

0.015322 3e-06

0.019366 2e-06

0.015236 2e-06

0.015247 2e-06

0.015175 4e-06

0.014975 2e-06

0.014612 2e-06

0.014592 2e-06

0.01457 2e-06

0.014718 1e-06

0.014543 3e-06

0.014707 2e-06

0.014589 2e-06

0.014435 1e-06

0.014645 2e-06

0.014486 2e-06

0.014656 2e-06

0.014481 4e-06

0.014686 2e-06

0.01492 2e-06

0.015075 4e-06

0.015465 2e-06

0.014933 2e-06

0.014862 3e-06

0.014822 4e-06

0.014697 2e-06

0.014821 3e-06

0.014592 2e-06

0.01468 2e-06

0.014471 2e-06

0.014518 1e-06

0.014583 2e-06

0.014855 3e-06

0.01485 2e-06

0.014959 2e-06

0.016201 2e-06

0.01611 2e-06

0.015894 2e-06

0.015932 3e-06

0.015924 3e-06

0.015096 3e-06

0.015224 2e-06

0.014951 2e-06

0.014913 1e-06

0.014515 2e-06

0.014536 1e-06

0.014683 3e-06

0.014446 2e-06

0.014508 2e-06

0.014422 2e-06

0.014587 2e-06

0.014512 2e-06

0.014708 3e-06

0.014716 3e-06

0.014746 2e-06

0.014654 2e-06

0.014537 2e-06

0.014657 2e-06

0.014757 2e-06

0.01519 2e-06

0.01514 4e-06

0.016515 2e-06

0.015004 3e-06

0.015024 2e-06

0.015824 2e-06

0.015824 2e-06

0.015939 2e-06

0.015064 2e-06

0.014999 3e-06

0.014978 2e-06

0.014925 4e-06

0.014972 2e-06

0.015082 2e-06

0.014742 1e-06

0.014591 1e-06

0.014552 2e-06

0.014505 3e-06

0.014548 2e-06

0.014544 1e-06

0.014608 2e-06

0.014902 1e-06

0.01479 1e-06

0.01485 2e-06

0.015032 3e-06

0.015236 2e-06

0.015054 2e-06

0.014977 3e-06

0.015169 4e-06

0.015101 2e-06

0.01492 2e-06

0.015095 1e-06

0.015036 8e-06

0.015026 3e-06

0.014937 3e-06

0.014953 1e-06

0.015101 1e-06

0.014611 2e-06

0.014712 2e-06

0.01472 2e-06

0.01454 2e-06

0.014641 3e-06

0.014819 1e-06

0.015093 2e-06

0.01475 2e-06

0.014593 2e-06

0.014788 1e-06

0.014936 2e-06

0.014886 1.4e-05

0.01525 2e-06

0.015263 2e-06

0.015115 2e-06

0.015274 1e-06

0.01511 2e-06

0.015287 2e-06

0.015455 3e-06

0.015275 2e-06

0.015531 2e-06

0.015388 3e-06

0.015246 1e-06

0.015478 2e-06

0.015111 3e-06

0.015201 2e-06

0.015072 2e-06

0.015203 2e-06

0.01501 2e-06

0.015065 5e-06

0.01507 2e-06

0.015032 3e-06

0.015044 3e-06

0.015012 2e-06

0.014654 2e-06

0.015101 2e-06

0.015994 2e-06

0.017849 6e-06

0.0151 2e-06

0.015149 2e-06

0.020306 3e-06

0.022376 4e-06

0.022025 3e-06

0.022135 3e-06

0.015734 1e-06

0.015574 3e-06

0.016025 3e-06

0.016334 2e-06

0.017862 3e-06

0.015523 2e-06

0.015655 2e-06

0.016082 2e-06

0.015241 4e-06

0.015301 3e-06

0.014828 2e-06

0.014533 2e-06

0.015072 2e-06

0.015426 2e-06

0.01532 2e-06

0.015403 2e-06

0.015575 1.6e-05

0.015328 2e-06

0.015571 3e-06

0.019123 2e-06

0.015746 2e-06

0.015698 2e-06

0.016113 3e-06

0.017319 5e-06

0.01631 2e-06

0.017536 3e-06

0.016627 2e-06

0.015622 3e-06

0.015044 3e-06

0.015526 1e-06

0.015066 2e-06

0.015024 2e-06

0.02043 4e-06

0.023549 3e-06

0.02018 2e-06

0.021989 9e-06

0.016986 2e-06

0.015641 2e-06

0.026281 4e-06

0.019032 3e-06

0.01548 1e-06

0.015081 2e-06

0.015028 2e-06

0.015759 3e-06

0.015101 2e-06

0.017295 2e-06

0.015931 2e-06

0.017302 3e-06

0.015159 3e-06

0.014865 2e-06

0.014863 3e-06

0.015056 2e-06

0.016444 2e-06

0.017031 3e-06

0.016589 6e-06

0.017169 4e-06

0.01609 2e-06

0.015956 2e-06

0.015941 2e-06

0.019336 3e-06

0.016903 3e-06

0.017699 1e-06

0.016073 2e-06

0.016752 5e-06

0.020807 3e-06

0.015308 2e-06

0.015272 2e-06

0.015341 4e-06

0.015333 2e-06

0.015239 2e-06

0.016451 2e-06

0.016399 5e-06

0.021489 6e-06

0.016827 2e-06

0.0155 3e-06

0.016069 3e-06

0.015546 3e-06

0.01516 2e-06

0.01516 3e-06

0.015231 2e-06

0.015427 3e-06

0.015443 4e-06

0.015575 2e-06

0.016533 4e-06

0.015343 4e-06

0.01578 2e-06

0.015719 2e-06

0.015261 2e-06

0.015337 2e-06

0.015201 2e-06

0.015265 3e-06

0.015878 2e-06

0.015334 4e-06

0.014929 2e-06

0.014866 2e-06

0.015082 1e-06

0.014612 2e-06

0.015285 3e-06

0.019206 2e-06

0.01525 2e-06

0.02055 4e-06

0.015082 3e-06

0.016684 2e-06

0.016395 2e-06

0.016248 3e-06

0.015566 3e-06

0.015371 2e-06

0.015795 3e-06

0.015391 2e-06

0.015245 3e-06

0.015368 2e-06

0.015239 2e-06

0.015468 3e-06

0.015353 3e-06

0.01657 4e-06

0.016524 2e-06

0.022741 2e-06

0.014605 1e-06

0.014827 2e-06

0.01771 2e-06

0.015043 2e-06

0.015102 1e-06

0.0157 1e-06

0.015477 3e-06

0.01531 2e-06

0.015207 4e-06

0.015309 1e-06

0.01547 4e-06

0.015277 1e-06

0.015426 2e-06

0.015159 2e-06

0.015533 2e-06

0.018282 3e-06

0.016722 2e-06

0.015532 2e-06

0.016027 3e-06

0.01591 2e-06

0.015156 2e-06

0.015424 2e-06

0.014898 3e-06

0.014642 3e-06

0.014831 2e-06

0.014895 3e-06

0.014918 2e-06

0.01483 2e-06

0.014777 2e-06

0.0149 2e-06

0.014593 2e-06

0.014736 1e-06

0.014802 1e-06

0.014657 1e-06

0.015442 3e-06

0.014709 1e-06

0.014956 3e-06

0.014657 1e-06

0.014679 2e-06

0.014611 1e-06

0.014746 1e-06

0.014738 2e-06

0.014859 2e-06

0.014595 2e-06

0.016147 2e-06

0.014654 1e-06

0.015196 2e-06

0.015281 3e-06

0.014828 1e-06

0.014656 2e-06

0.017007 1e-06

0.019288 4e-06

0.016244 2e-06

0.016355 2e-06

0.016313 2e-06

0.015481 3e-06

0.014763 2e-06

0.014751 3e-06

0.01468 2e-06

0.014623 2e-06

0.014706 2e-06

0.014746 1e-06

0.015022 3e-06

0.016015 2e-06

0.01491 2e-06

0.014747 2e-06

0.01461 2e-06

0.014655 2e-06

0.014619 2e-06

0.014836 2e-06

0.014685 2e-06

0.0148 3e-06

0.014707 3e-06

0.014627 2e-06

0.014566 2e-06

0.016393 2e-06

0.014946 3e-06

0.014714 2e-06

0.018342 4e-06

0.015124 2e-06

0.014727 2e-06

0.015127 2e-06

0.014777 2e-06

0.014695 2e-06

0.015171 2e-06

0.022207 4e-06

0.015342 4e-06

0.015815 4e-06

0.015606 2e-06

0.015485 2e-06

0.015437 2e-06

0.015397 2e-06

0.017071 3e-06

0.016337 2e-06

0.016312 3e-06

0.016122 2e-06

0.015008 2e-06

0.014913 1e-06

0.014739 2e-06

0.014685 2e-06

0.014808 2e-06

0.014609 2e-06

0.014524 1e-06

0.014593 2e-06

0.015574 2e-06

0.016009 2e-06

0.014693 1e-06

0.014624 2e-06

0.014638 2e-06

0.014863 2e-06

0.014599 2e-06

0.014637 2e-06

0.014969 1e-06

0.014625 3e-06

0.014659 2e-06

0.014762 2e-06

0.015489 2e-06

0.014927 3e-06

0.014726 3e-06

0.014846 2e-06

0.014676 1e-06

0.015795 4e-06

0.01558 3e-06

0.015795 2e-06

0.015554 3e-06

0.015701 3e-06

0.01575 3e-06

0.01584 5e-06

0.015571 5e-06

0.0154 3e-06

0.015368 2e-06

0.015206 2e-06

0.015702 3e-06

0.015197 3e-06

0.015343 2e-06

0.015424 1e-06

0.01546 2e-06

0.015485 2e-06

0.015414 1e-06

0.015158 2e-06

0.015507 1e-06

0.01531 1e-06

0.015252 2e-06

0.015284 2e-06

0.015379 2e-06

0.015201 2e-06

0.015199 2e-06

0.015282 2e-06

0.015283 3e-06

0.01523 2e-06

0.015372 2e-06

0.015232 2e-06

0.015134 2e-06

0.015117 1e-06

0.015207 2e-06

0.015134 3e-06

0.015226 5e-06

0.015355 2e-06

0.01521 3e-06

0.015118 2e-06

0.015287 4e-06

0.015868 3e-06

0.015871 3e-06

0.015653 2e-06

0.015363 3e-06

0.01542 2e-06

0.016759 3e-06

0.017175 3e-06

0.015457 3e-06

0.016667 2e-06

0.015628 2e-06

0.01573 3e-06

0.015595 3e-06

0.015723 3e-06

0.015747 2e-06

0.015396 2e-06

0.01543 2e-06

0.015196 2e-06

0.015395 1e-06

0.015658 3e-06

0.015574 2e-06

0.015214 3e-06

0.015446 2e-06

0.015306 3e-06

0.015386 2e-06

0.015257 2e-06

0.015267 3e-06

0.015312 1e-06

0.015233 2e-06

0.015392 2e-06

0.016166 2e-06

0.016318 2e-06

0.01599 3e-06

0.016253 2e-06

0.017079 1.4e-05

0.015343 3e-06

0.015398 3e-06

0.01537 1e-06

0.015255 2e-06

0.015423 2e-06

0.015604 3e-06

0.015675 1e-06

0.01537 2e-06

0.015423 2e-06

0.015304 2e-06

0.015203 3e-06

0.021816 3e-06

0.016318 2e-06

0.016183 4e-06

0.01605 4e-06

0.015374 2e-06

0.015167 2e-06

0.015511 2e-06

0.015137 2e-06

0.015798 2e-06

0.015285 2e-06

0.015535 2e-06

0.015508 3e-06

0.019157 4e-06

0.015381 4e-06

0.015118 2e-06

0.014552 3e-06

0.014595 2e-06

0.014618 1e-06

0.014604 2e-06

0.014582 1e-06

0.015102 2e-06

0.014807 1e-06

0.015911 2e-06

0.015033 2e-06

0.014717 2e-06

0.014638 1e-06

0.014879 2e-06

0.014632 1e-06

0.014636 2e-06

0.014547 1e-06

0.014518 1e-06

0.014522 1e-06

0.015044 2e-06

0.014649 2e-06

0.014612 1e-06

0.014532 2e-06

0.014693 2e-06

0.014526 2e-06

0.014526 2e-06

0.014532 1e-06

0.014598 3e-06

0.014647 3e-06

0.014679 2e-06

0.014673 3e-06

0.014468 2e-06

0.014855 3e-06

0.014501 3e-06

0.014709 1e-06

0.014498 2e-06

0.014525 3e-06

0.014572 2e-06

0.014619 1e-06

0.014588 1e-06

0.014791 1e-06

0.014542 2e-06

0.014553 2e-06

0.014584 2e-06

0.014768 3e-06

0.014674 2e-06

0.01452 1e-06

0.014729 2e-06

0.014536 3e-06

0.014519 3e-06

0.014598 1e-06

0.014563 1e-06

0.014868 2e-06

0.014825 2e-06

0.014804 2e-06

0.014801 2e-06

0.01467 2e-06

0.014744 2e-06

0.014508 1e-06

0.014533 2e-06

0.014715 2e-06

0.014598 2e-06

0.014626 2e-06

0.01453 2e-06

0.014552 2e-06

0.014589 2e-06

0.01467 1e-06

0.014585 1e-06

0.014598 1e-06

0.015011 2e-06

0.014597 2e-06

0.014692 1e-06

0.014624 1e-06

0.014659 2e-06

0.014541 3e-06

0.014613 2e-06

0.014541 2e-06

0.014548 2e-06

0.01478 1e-06

0.014606 1e-06

0.014669 2e-06

0.014879 1e-06

0.014744 1e-06

0.014529 2e-06

0.014552 2e-06

0.014492 2e-06

0.01456 1e-06

0.014569 2e-06

0.014583 2e-06

0.014637 1e-06

0.014519 2e-06

0.014608 1e-06

0.014545 2e-06

0.014589 3e-06

0.015058 1e-06

0.014588 3e-06

0.014735 2e-06

0.014464 2e-06

0.01455 2e-06

0.014558 2e-06

0.014499 3e-06

0.014631 2e-06

0.014648 2e-06

0.0146 3e-06

0.014472 2e-06

0.014538 2e-06

0.014861 2e-06

0.014677 1e-06

0.01464 2e-06

0.015074 4e-06

0.014516 2e-06

0.01528 2e-06

0.014605 3e-06

0.014599 2e-06

0.014719 2e-06

0.014656 1e-06

0.014474 2e-06

0.014679 3e-06

0.014467 2e-06

0.014792 2e-06

0.014545 2e-06

0.014695 2e-06

0.014678 1e-06

0.014696 3e-06

0.014518 2e-06

0.014749 2e-06

0.014766 3e-06

0.014641 1e-06

0.014719 2e-06

0.014586 2e-06

0.014686 2e-06

0.014772 2e-06

0.014537 2e-06

0.014513 2e-06

0.014647 2e-06

0.014494 2e-06

0.014658 3e-06

0.014545 2e-06

0.014613 2e-06

0.014665 2e-06

0.014547 1e-06

0.01452 2e-06

0.014579 1e-06

0.014535 1e-06

0.014784 2e-06

0.014526 2e-06

0.014537 1e-06

0.014554 2e-06

0.014616 1e-06

0.014548 2e-06

0.014734 2e-06

0.01459 2e-06

0.014717 2e-06

0.014422 2e-06

0.014722 2e-06

0.014566 2e-06

0.015081 3e-06

0.014587 2e-06

0.014884 2e-06

0.014624 2e-06

0.014741 2e-06

0.014704 2e-06

0.014518 1e-06

0.014569 2e-06

0.014531 1e-06

0.014527 2e-06

0.014613 1e-06

0.014586 1e-06

0.014931 2e-06

0.014668 2e-06

0.014566 1e-06

0.014806 4e-06

0.014636 1e-06

0.014555 2e-06

0.015058 2e-06

0.014709 2e-06

0.01463 1e-06

0.014809 2e-06

0.014702 2e-06

0.014835 1e-06

0.014485 2e-06

0.014912 2e-06

0.014521 3e-06

0.014711 2e-06

0.014675 2e-06

0.014612 2e-06

0.014582 2e-06

0.014554 1e-06

0.014488 1e-06

0.01452 2e-06

0.014589 3e-06

0.014575 2e-06

0.014536 2e-06

0.015045 2e-06

0.014795 1e-06

0.014534 3e-06

0.014559 1e-06

0.014511 1e-06

0.014593 3e-06

0.014499 1e-06

0.014704 2e-06

0.014518 1e-06

0.014641 2e-06

0.014545 2e-06

0.014551 2e-06

0.014684 2e-06

0.014709 3e-06

0.014531 1e-06

0.014556 2e-06

0.014568 3e-06

0.014703 2e-06

0.014638 2e-06

0.014632 3e-06

0.014583 2e-06

0.014516 3e-06

0.014502 1e-06

0.014607 2e-06

0.014882 2e-06

0.015098 3e-06

0.014742 2e-06

0.014823 4e-06

0.014551 2e-06

0.014652 2e-06

0.014543 2e-06

0.014504 2e-06

0.01465 2e-06

0.014626 2e-06

0.015958 2e-06

0.014619 3e-06

0.014552 2e-06

0.01465 3e-06

0.014751 1e-06

0.014678 3e-06

0.01459 1e-06

0.014552 2e-06

0.014549 2e-06

0.014594 2e-06

0.014548 2e-06

0.014524 4e-06

0.014553 1e-06

0.014528 1e-06

0.014778 2e-06

0.014532 2e-06

0.015011 1e-06

0.0147 2e-06

0.014562 2e-06

0.014635 2e-06

0.014568 1e-06

0.014606 1e-06

0.014463 1e-06

0.014617 3e-06

0.014548 2e-06

0.01462 2e-06

0.014592 1e-06

0.014866 3e-06

0.01462 1e-06

0.014716 1e-06

0.014651 2e-06

0.014524 1e-06

0.014542 1e-06

0.014536 1e-06

0.014538 2e-06

0.014612 2e-06

0.014523 2e-06

0.014545 2e-06

0.014929 2e-06

0.014575 1e-06

0.014615 3e-06

0.015092 2e-06

0.015244 1e-06

0.014671 1e-06

0.014514 2e-06

0.014522 1e-06

0.014566 1e-06

0.014507 2e-06

0.014535 2e-06

0.014569 1e-06

0.014541 3e-06

0.014653 1e-06

0.014537 3e-06

0.014811 2e-06

0.014893 4e-06

0.01453 1e-06

0.014673 2e-06

0.014561 1e-06

0.014531 3e-06

0.01452 2e-06

0.015124 1e-06

0.014706 2e-06

0.014806 1e-06

0.01513 3e-06

0.014546 2e-06

0.014576 2e-06

0.015096 3e-06

0.014724 2e-06

0.014677 1e-06

0.014751 2e-06

0.014546 2e-06

0.014512 1e-06

0.01464 2e-06

0.014542 2e-06

0.014512 2e-06

0.014694 1e-06

0.014485 2e-06

0.014658 2e-06

0.015609 2e-06

0.015018 3e-06

0.015659 4e-06

0.015826 2e-06

0.015901 3e-06

0.015804 2e-06

0.015881 2e-06

0.015472 3e-06

0.015591 4e-06

0.015706 3e-06

0.015511 1e-06

0.015494 2e-06

0.015818 1e-06

0.015418 2e-06

0.015419 2e-06

0.01496 2e-06

0.014883 3e-06

0.015273 4e-06

0.015435 2e-06

0.015336 4e-06

0.015424 3e-06

0.014956 3e-06

0.014783 1e-06

0.014526 2e-06

0.015274 2e-06

0.01449 2e-06

0.014473 2e-06

0.014612 3e-06

0.014542 2e-06

0.014705 2e-06

0.014606 2e-06

0.014742 2e-06

0.014747 3e-06

0.014955 2e-06

0.015292 4e-06

0.015319 2e-06

0.015298 2e-06

0.015268 2e-06

0.015143 4e-06

0.015192 2e-06

0.015101 2e-06

0.015163 2e-06

0.014679 1e-06

0.014583 2e-06

0.014636 3e-06

0.014548 2e-06

0.014858 1e-06

0.014816 1e-06

0.014825 2e-06

0.015594 2e-06

0.015746 1e-06

0.015844 1e-06

0.016014 3e-06

0.015398 5e-06

0.015736 3e-06

0.015593 3e-06

0.01538 1e-06

0.014996 2e-06

0.014857 2e-06

0.015583 2e-06

0.015534 2e-06

0.01565 3e-06

0.015942 3e-06

0.016339 2e-06

0.01539 1e-06

0.01522 1e-06

0.01653 2e-06

0.01501 2e-06

0.014664 2e-06

0.014809 1e-06

0.014519 2e-06

0.014718 2e-06

0.014468 3e-06

0.014588 2e-06

0.015333 4e-06

0.015361 2e-06

0.015468 2e-06

0.015373 2e-06

0.015559 2e-06

0.015054 2e-06

0.014603 2e-06

0.014508 1e-06

0.015062 2e-06

0.015011 2e-06

0.014845 2e-06

0.015281 2e-06

0.015527 3e-06

0.01551 2e-06

0.015458 3e-06

0.015457 2e-06

0.015292 3e-06

0.015108 3e-06

0.014794 2e-06

0.014968 2e-06

0.014626 1.7e-05

0.015461 4e-06

0.015542 2e-06

0.016363 2e-06

0.01586 3e-06

0.01552 2e-06

0.014859 3e-06

0.01471 2e-06

0.014992 1e-06

0.015162 1e-06

0.015845 2e-06

0.014655 2e-06

0.015884 1e-06

0.015699 2e-06

0.015446 2e-06

0.015575 2e-06

0.015444 3e-06

0.015514 2e-06

0.014939 2e-06

0.01471 2e-06

0.014919 3e-06

0.015025 2e-06

0.014999 2e-06

0.015345 3e-06

0.016151 1e-06

0.015512 2e-06

0.016158 1e-06

0.015439 2e-06

0.015493 2e-06

0.015201 2e-06

0.015183 2e-06

0.014977 2e-06

0.014779 2e-06

0.014536 2e-06

0.0145 2e-06

0.014527 2e-06

0.014558 3e-06

0.014694 2e-06

0.01528 1e-06

0.015166 2e-06

0.014918 2e-06

0.014989 2e-06

0.014873 3e-06

0.014719 1e-06

0.014563 2e-06

0.014663 3e-06

0.014504 1e-06

0.014631 1e-06

0.014769 2e-06

0.014921 2e-06

0.014812 2e-06

0.014676 2e-06

0.017659 2e-06

0.015506 2e-06

0.015022 2e-06

0.014796 2e-06

0.014637 2e-06

0.015312 3e-06

0.015651 3e-06

0.018087 3e-06

0.015712 3e-06

0.015784 4e-06

0.016239 2e-06

0.015596 2e-06

0.016206 5e-06

0.015792 3e-06

0.016157 4e-06

0.015283 2e-06

0.021532 3e-06

0.019952 5e-06

0.022653 7e-06

0.016021 3e-06

0.02152 3e-06

0.021328 4e-06

0.016323 2e-06

0.016418 8e-06

0.015963 4e-06

0.018913 3e-06

0.025231 3e-06

0.023689 5e-06

0.022555 3e-06

0.023197 3e-06

0.015224 1e-06

0.015189 3e-06

0.01528 4e-06

0.01516 3e-06

0.023984 6e-06

0.016039 3e-06

0.023289 5e-06

0.016686 2e-06

0.01877 4e-06

0.018417 3e-06

0.016721 3e-06

0.015561 1e-06

0.019355 1.5e-05

0.016247 3e-06

0.016119 2e-06

0.0158 2e-06

0.020937 4e-06

0.016539 3e-06

0.016421 2e-06

0.016428 8e-06

0.017525 3e-06

0.017025 5e-06

0.015679 4e-06

