0.008356 6.1e-05

0.008415 4.2e-05

0.00837 7.1e-05

0.00899 7e-05

0.008606 6.8e-05

0.008453 7.8e-05

0.008511 6.8e-05

0.008463 7.1e-05

0.008761 6.4e-05

0.00837 6.6e-05

0.008277 5.6e-05

0.008513 6.4e-05

0.008429 6.1e-05

0.008363 8.2e-05

0.008385 7.1e-05

0.008272 7.6e-05

0.008699 7.6e-05

0.008497 5.5e-05

0.008328 5.3e-05

0.008527 7.9e-05

0.008497 8.4e-05

0.008865 8.8e-05

0.008535 8.2e-05

0.008494 5.6e-05

0.008468 6.4e-05

0.008435 6.1e-05

0.00855 8.8e-05

0.008555 6.2e-05

0.008328 8.6e-05

0.008258 4.7e-05

0.008315 7.1e-05

0.008325 5.1e-05

0.008275 0.000103

0.008253 0.000102

0.008324 6.3e-05

0.008253 6.7e-05

0.008291 4.9e-05

0.008287 9.1e-05

0.008377 0.000106

0.008316 7.8e-05

0.008419 9.5e-05

0.00837 7.1e-05

0.008245 5.2e-05

0.008261 7.8e-05

0.008283 5.1e-05

0.008238 7.6e-05

0.008378 5.8e-05

0.008458 7.7e-05

0.008268 8.7e-05

0.008243 5.1e-05

0.008502 6.1e-05

0.008546 8.8e-05

0.008595 6.6e-05

0.008509 9.4e-05

0.008537 6.9e-05

0.008484 6.5e-05

0.008457 5.7e-05

0.008481 5.2e-05

0.008422 7.1e-05

0.008443 9e-05

0.008335 4.7e-05

0.00828 5.3e-05

0.00833 7.4e-05

0.008237 5.7e-05

0.008305 6.5e-05

0.008225 7.8e-05

0.008245 7.3e-05

0.008255 6.9e-05

0.008217 8.1e-05

0.008313 7.2e-05

0.008318 6.8e-05

0.00847 7.4e-05

0.00855 6.3e-05

0.008475 7.6e-05

0.008443 7.5e-05

0.008532 6.5e-05

0.008279 6.3e-05

0.008485 8.3e-05

0.008502 7.3e-05

0.008486 7.4e-05

0.008331 6.9e-05

0.008467 6.6e-05

0.008431 7.4e-05

0.008375 7.1e-05

0.008319 5.3e-05

0.008438 6.9e-05

0.008808 8.1e-05

0.008799 7.9e-05

0.008491 7.2e-05

0.008586 8.6e-05

0.00891 8.5e-05

0.008605 0.000142

0.008567 0.000102

0.008753 6.5e-05

0.008845 6.7e-05

0.008533 9.7e-05

0.008514 7.5e-05

0.008967 6.1e-05

0.008707 9.9e-05

0.008488 6.8e-05

0.008674 4e-05

0.008428 5.1e-05

0.008274 6e-05

0.008382 5.2e-05

0.008304 8.7e-05

0.008352 7.7e-05

0.008307 5.2e-05

0.008317 5e-05

0.008276 8.3e-05

0.008234 9e-05

0.008287 7.9e-05

0.008777 8.2e-05

0.008487 7.7e-05

0.008322 8.2e-05

0.008285 7.7e-05

0.008307 6.1e-05

0.008239 6e-05

0.008314 7e-05

0.008305 7e-05

0.008263 5.2e-05

0.008235 9.6e-05

0.008274 7e-05

0.008264 4.7e-05

0.008272 4.3e-05

0.009002 8.5e-05

0.008487 6.6e-05

0.008937 7.4e-05

0.008955 7.7e-05

0.008403 5.8e-05

0.008797 9.3e-05

0.008847 6.9e-05

0.008542 7.2e-05

0.00846 5.5e-05

0.008854 6.7e-05

0.008567 7.1e-05

0.008388 8.3e-05

0.008278 5.7e-05

0.0083 7.7e-05

0.008904 8.5e-05

0.008613 8e-05

0.008581 8.1e-05

0.00847 6.8e-05

0.008567 6.7e-05

0.008527 5.7e-05

0.008621 6.3e-05

0.008465 4.7e-05

0.008317 5.1e-05

0.00832 5.9e-05

0.008234 6.3e-05

0.00828 7.4e-05

0.008206 6.9e-05

0.008323 7.3e-05

0.008335 0.000101

0.008283 9.6e-05

0.008267 6.6e-05

0.008305 6.4e-05

0.008351 7.9e-05

0.008277 5.8e-05

0.008274 5.7e-05

0.008269 6.5e-05

0.008362 7.3e-05

0.008255 5.6e-05

0.008333 5.6e-05

0.008278 5e-05

0.008226 7.1e-05

0.008288 6.9e-05

0.008257 6e-05

0.008915 4.8e-05

0.008539 6.6e-05

0.008285 5.4e-05

0.010181 7e-05

0.008703 6.5e-05

0.008947 6.9e-05

0.008362 7.3e-05

0.008691 0.000113

0.008921 7.7e-05

0.00909 7.6e-05

0.008594 7.5e-05

0.009305 8.7e-05

0.008875 9.4e-05

0.00946 9.5e-05

0.009043 9e-05

0.008615 8.8e-05

0.00897 6.7e-05

0.009091 6.9e-05

0.00899 6.3e-05

0.009126 8.7e-05

0.009041 7.2e-05

0.008627 5.1e-05

0.009169 8.1e-05

0.00873 5.8e-05

0.008542 6.1e-05

0.008514 7.3e-05

0.008685 8.7e-05

0.008504 9e-05

0.008522 8.2e-05

0.008491 9.9e-05

0.008749 9.8e-05

0.009938 9.5e-05

0.00979 9.4e-05

0.009075 6.4e-05

0.009175 0.000123

0.011781 0.000157

0.009884 8.6e-05

0.009072 7.9e-05

0.009044 0.000108

0.009046 7.5e-05

0.008509 0.000119

0.008578 5.5e-05

0.009006 6.6e-05

0.008779 8.7e-05

0.008527 7.5e-05

0.008757 6.8e-05

0.009049 5.8e-05

0.008652 6e-05

0.008651 5.8e-05

0.009047 8e-05

0.008729 5.1e-05

0.008445 6.4e-05

0.008668 5.9e-05

0.00856 8.5e-05

0.008478 7.6e-05

0.008356 4.1e-05

0.008404 6.7e-05

0.008557 4.9e-05

0.008347 8.5e-05

0.008303 7.3e-05

0.009411 7.9e-05

0.008482 8.2e-05

0.008583 7.8e-05

0.008948 8.5e-05

0.008842 7.5e-05

0.008487 8.2e-05

0.008664 5.5e-05

0.009063 6.9e-05

0.008935 7.8e-05

0.011192 9.7e-05

0.00874 4.7e-05

0.008784 7.9e-05

0.008675 5.2e-05

0.008497 7.6e-05

0.0086 6.6e-05

0.008588 5.6e-05

0.008331 6.3e-05

0.008482 5.9e-05

0.00833 5.5e-05

0.008762 9.8e-05

0.008482 6.3e-05

0.008828 7.1e-05

0.008629 8.2e-05

0.008603 6.8e-05

0.008689 6.7e-05

0.011803 8e-05

0.009137 6.7e-05

0.011641 9.9e-05

0.008956 5.9e-05

0.009773 6e-05

0.01006 8.3e-05

0.008646 0.000101

0.00869 7.3e-05

0.008757 4.9e-05

0.009174 7.7e-05

0.00928 8.9e-05

0.00943 6.7e-05

0.010177 7.9e-05

0.011555 0.000112

0.009347 0.000102

0.009984 7.7e-05

0.009095 0.000115

0.008761 9.8e-05

0.008553 9.8e-05

0.011655 6.2e-05

0.00909 0.000121

0.009661 9.1e-05

0.009953 6.5e-05

0.009205 8.5e-05

0.010094 6.3e-05

0.012312 8.1e-05

0.010951 0.000155

0.010727 0.000104

0.009318 7.2e-05

0.008878 6.6e-05

0.009037 6.2e-05

0.008648 9.4e-05

0.00855 6.6e-05

0.009501 0.000106

0.008939 7.7e-05

0.00879 6.6e-05

0.009325 6.3e-05

0.008895 5.6e-05

0.008759 6.5e-05

0.008526 6.5e-05

0.00858 9.4e-05

0.009064 5.5e-05

0.009999 9.5e-05

0.008613 8.6e-05

0.008525 7.8e-05

0.00879 6.8e-05

0.008626 6.6e-05

0.008499 8.5e-05

0.008844 8.4e-05

0.009132 0.000103

0.008569 8.6e-05

0.008984 6.3e-05

0.008634 5.4e-05

0.008763 0.000108

0.008657 8e-05

0.008501 6.8e-05

0.008708 7.8e-05

0.008594 8.8e-05

0.008531 4.4e-05

0.009801 8e-05

0.008611 6.2e-05

0.008465 4.8e-05

0.008677 4.7e-05

0.008847 6.5e-05

0.00875 5.9e-05

0.01274 0.000107

0.010987 9.4e-05

0.013346 0.000109

0.012158 6.8e-05

0.008596 0.000109

0.008817 5.7e-05

0.011259 7.1e-05

0.010062 8.1e-05

0.011007 8.1e-05

0.010627 6.9e-05

0.010484 0.000105

0.010773 8.9e-05

0.010692 0.000147

0.010413 0.000121

0.009469 6.8e-05

0.009215 0.000165

0.008847 0.00011

0.008481 8.6e-05

0.008723 8.2e-05

0.008677 5.5e-05

0.008518 5.6e-05

0.008478 6e-05

0.008614 4.1e-05

0.008463 7.6e-05

0.008499 9.9e-05

0.008473 0.000103

0.008518 5.4e-05

0.008614 6.7e-05

0.008686 8.5e-05

0.008483 9.4e-05

0.008581 5.8e-05

0.008554 5e-05

0.008529 6.2e-05

0.008484 6.8e-05

0.008456 8.6e-05

0.008529 7.2e-05

0.00856 5.5e-05

0.008547 6.5e-05

0.008567 8.3e-05

0.008457 5.6e-05

0.008593 7.3e-05

0.008573 7.6e-05

0.008528 6.9e-05

0.008437 7.7e-05

0.008449 6.3e-05

0.008275 5.2e-05

0.008371 6.3e-05

0.008411 5.2e-05

0.0084 6.9e-05

0.00839 8.1e-05

0.008986 8.2e-05

0.011126 5.6e-05

0.008648 9.3e-05

0.009695 8.2e-05

0.009804 6.5e-05

0.009863 7.2e-05

0.009374 0.000123

0.008514 0.000111

0.008503 5.1e-05

0.008847 7.5e-05

0.008953 9.4e-05

0.008759 7.4e-05

0.008707 6.2e-05

0.008732 8.2e-05

0.009939 9.3e-05

0.008783 9.8e-05

0.008541 8.8e-05

0.008536 8.2e-05

0.008707 8.6e-05

0.00852 7.6e-05

0.008526 6.7e-05

0.008512 7.1e-05

0.008363 6.5e-05

0.008295 6.2e-05

0.008532 8.3e-05

0.008432 6.8e-05

0.0083 7.8e-05

0.008352 7.6e-05

0.008539 6.4e-05

0.008269 7.5e-05

0.008497 7e-05

0.008512 8e-05

0.008504 8.1e-05

0.008609 6.6e-05

0.008657 6.8e-05

0.008613 7e-05

0.008484 7e-05

0.008525 5.2e-05

0.008871 9.2e-05

0.008603 6.2e-05

0.00999 7.8e-05

0.010091 0.000116

0.009165 7.5e-05

0.00851 7.9e-05

0.008607 5.2e-05

0.008991 7.5e-05

0.00884 7.6e-05

0.008489 5.5e-05

0.008896 8.8e-05

0.008872 8.2e-05

0.008507 0.000105

0.008585 6.8e-05

0.008776 8.8e-05

0.008552 7.7e-05

0.008548 6.3e-05

0.008482 8.1e-05

0.008468 7e-05

0.008224 0.000107

0.00823 6.7e-05

0.008509 6.1e-05

0.008363 4.1e-05

0.008264 6.5e-05

0.008366 9.2e-05

0.009461 6.8e-05

0.00882 6.4e-05

0.008579 4.2e-05

0.008505 7.5e-05

0.008463 5.5e-05

0.008531 5.7e-05

0.008509 8.6e-05

0.008462 6.8e-05

0.008631 7.9e-05

0.008962 6e-05

0.008505 6.7e-05

0.008676 5.8e-05

0.008568 6.6e-05

0.008491 9.1e-05

0.008533 6e-05

0.008648 9.4e-05

0.008489 5.6e-05

0.008848 7.9e-05

0.008629 7e-05

0.008625 6.4e-05

0.008576 4.4e-05

0.008771 9.6e-05

0.008702 7.6e-05

0.008447 9.5e-05

0.008565 7.4e-05

0.008689 7e-05

0.008493 9.9e-05

0.008461 8.6e-05

0.01172 7.4e-05

0.008282 5.1e-05

0.008225 5.1e-05

0.008256 9.2e-05

0.008343 7.3e-05

0.008253 5.5e-05

0.008301 6.1e-05

0.008294 5.3e-05

0.008332 4.9e-05

0.008322 6.6e-05

0.008352 7e-05

0.008217 8.2e-05

0.008248 8.4e-05

0.008347 7e-05

0.00825 7.2e-05

0.008488 5.2e-05

0.008332 5e-05

0.008296 6.1e-05

0.008297 8.1e-05

0.008228 5.3e-05

0.008321 4.5e-05

0.008422 5.7e-05

0.008302 5.9e-05

0.008265 6.9e-05

0.008251 6.5e-05

0.00835 7.4e-05

0.008304 7.9e-05

0.008361 8.5e-05

0.008571 8.3e-05

0.008983 5.8e-05

0.008927 7.4e-05

0.008508 5.9e-05

0.008795 6.9e-05

0.008914 8.2e-05

0.008861 8.2e-05

0.008508 6.5e-05

0.010775 9.8e-05

0.009113 4.9e-05

0.008775 9.8e-05

0.00847 6.6e-05

0.008734 6.6e-05

0.009366 8.6e-05

0.008777 8.2e-05

0.008512 6.6e-05

0.008653 6.4e-05

0.008711 6.6e-05

0.008474 6.6e-05

0.008465 5.6e-05

0.008428 6.5e-05

0.008495 5.1e-05

0.008503 5.4e-05

0.008516 6.7e-05

0.008336 5.4e-05

0.008243 8e-05

0.008374 6.3e-05

0.008248 6.5e-05

0.008332 6.4e-05

0.008339 6.2e-05

0.008231 8.6e-05

0.008336 5e-05

0.008361 6e-05

0.00831 8.6e-05

0.008614 8.8e-05

0.008484 9.1e-05

0.008409 5.1e-05

0.008487 6e-05

0.00858 8e-05

0.008458 7.8e-05

0.008993 5.9e-05

0.008606 9.6e-05

0.008487 7.2e-05

0.008994 6.8e-05

0.009489 9.8e-05

0.008798 6e-05

0.008497 0.000107

0.008415 7e-05

0.008298 8e-05

0.008311 4.1e-05

0.008319 8.2e-05

0.008345 6.4e-05

0.008261 6.5e-05

0.008265 6.1e-05

0.0089 9.7e-05

0.008405 6e-05

0.008383 7.4e-05

0.008541 9.4e-05

0.008293 7.8e-05

0.008391 6.6e-05

0.008193 5.8e-05

0.008274 5.2e-05

0.008316 7.1e-05

0.008327 6.7e-05

0.008238 6.8e-05

0.008386 5.4e-05

0.008249 4.9e-05

0.008281 5.7e-05

0.00833 0.000113

0.008239 7.1e-05

0.008632 6.9e-05

0.008639 0.000102

0.008549 8.5e-05

0.008656 6.3e-05

0.009436 7.1e-05

0.008958 5.5e-05

0.008507 6.3e-05

0.008487 6e-05

0.008339 5.1e-05

0.008326 8.3e-05

0.008585 7.4e-05

0.00836 6e-05

0.008227 4.1e-05

0.008686 8.2e-05

0.00881 8.8e-05

0.008597 7.3e-05

0.008531 5.7e-05

0.008743 7.1e-05

0.008474 9e-05

0.008485 4e-05

0.008732 8e-05

0.00837 7.5e-05

0.0084 6.6e-05

0.008285 7.1e-05

0.008297 5.2e-05

0.008316 8.9e-05

0.008257 5.4e-05

0.008233 5.5e-05

0.008276 4.9e-05

0.00826 7.5e-05

0.008271 7.5e-05

0.008355 6.2e-05

0.008209 6.7e-05

0.008295 5.8e-05

0.008318 7.2e-05

0.008362 5.6e-05

0.008556 8.2e-05

0.008633 6.2e-05

0.008574 9e-05

0.008462 9.4e-05

0.008598 7e-05

0.008766 7.6e-05

0.008505 7.6e-05

0.008693 9.4e-05

0.008711 7.4e-05

0.008493 9.2e-05

0.008498 5.9e-05

0.008659 6.1e-05

0.008449 5.2e-05

0.008498 7.5e-05

0.008577 7.6e-05

0.008487 7.7e-05

0.008434 9.5e-05

0.008348 7.4e-05

0.00877 7.3e-05

0.008255 7.9e-05

0.008233 6.7e-05

0.008258 6.5e-05

0.008421 7.1e-05

0.008281 6.9e-05

0.00838 0.000113

0.008525 6e-05

0.00859 8.1e-05

0.008605 6.4e-05

0.008438 6.1e-05

0.00856 6.9e-05

0.008366 6.1e-05

0.008325 5.3e-05

0.008238 9.8e-05

0.008519 9.5e-05

0.008532 6.9e-05

0.008608 5.6e-05

0.008526 7.4e-05

0.008512 9.3e-05

0.008535 5.3e-05

0.008826 8.4e-05

0.008618 4.9e-05

0.008565 6.4e-05

0.008632 6.2e-05

0.008507 9.3e-05

0.008501 7.5e-05

0.008548 0.000116

0.008513 8.5e-05

0.008351 6.1e-05

0.008565 6.4e-05

0.008637 9.2e-05

0.008446 7.3e-05

0.008619 7.7e-05

0.008408 5.9e-05

0.008366 6.8e-05

0.008361 8e-05

0.008285 6.2e-05

0.008256 4.9e-05

0.008337 6.5e-05

0.008352 6.3e-05

0.008327 5.4e-05

0.008502 8.8e-05

0.008538 5e-05

0.008474 7.6e-05

0.008535 7.6e-05

0.009642 9.9e-05

0.008755 7.4e-05

0.008413 6.5e-05

0.009193 7.1e-05

0.00977 8.3e-05

0.008745 8.2e-05

0.00855 7.5e-05

0.009276 7.5e-05

0.009295 8.3e-05

0.008634 0.000104

0.008478 6.2e-05

0.008561 5.6e-05

0.008441 7.6e-05

0.008406 4.7e-05

0.008297 9.1e-05

0.008248 7.7e-05

0.008342 4.5e-05

0.008382 7.2e-05

0.008525 4.9e-05

0.008421 7.6e-05

0.008564 6.7e-05

0.008518 8.1e-05

0.008733 5.1e-05

0.008586 5.9e-05

0.008414 6.6e-05

0.008443 8.5e-05

0.008438 6.9e-05

0.008503 7.4e-05

0.008446 7.7e-05

0.008511 8.4e-05

0.008631 7e-05

0.008525 5.9e-05

0.008523 7.7e-05

0.008831 5.6e-05

0.008478 5.7e-05

0.008478 6.5e-05

0.008492 5.6e-05

0.008444 7.9e-05

0.008484 4.8e-05

0.008559 8.2e-05

0.008704 5.5e-05

0.008415 4.2e-05

0.008336 0.000101

0.008417 9.7e-05

0.009405 9.2e-05

0.008492 5.8e-05

0.008346 4.8e-05

0.008433 6.1e-05

0.008386 9.3e-05

0.008306 9.6e-05

0.008399 4.5e-05

0.008475 4.9e-05

0.008466 8.5e-05

0.008272 7.5e-05

0.00827 9.3e-05

0.008268 0.0001

0.008331 8.7e-05

0.008296 5.1e-05

0.008401 7.4e-05

0.008346 9.6e-05

0.008335 5.5e-05

0.008317 6.3e-05

0.008243 5.8e-05

0.008235 8.7e-05

0.008297 9.8e-05

0.008402 5.3e-05

0.008296 8e-05

0.008376 7.6e-05

0.008307 6.8e-05

0.008449 6.3e-05

0.008365 9.3e-05

0.008258 5.7e-05

0.008501 9.6e-05

0.008441 4.7e-05

0.008465 9.7e-05

0.00854 4.9e-05

0.008584 9.7e-05

0.008663 5.3e-05

0.008538 0.000101

0.008547 7.3e-05

0.008624 7.6e-05

0.00869 5.4e-05

0.008596 7.3e-05

0.008536 5.8e-05

0.008358 5.8e-05

0.008298 9.9e-05

0.008651 9.3e-05

0.00855 8e-05

0.008494 6.5e-05

0.00836 6.3e-05

0.008469 6.6e-05

0.00856 6.3e-05

0.008597 8e-05

0.008483 7.6e-05

0.008703 7.5e-05

0.008633 5.1e-05

0.008505 9.3e-05

0.00898 9e-05

0.008656 5.9e-05

0.008465 9.4e-05

0.008492 7.8e-05

0.008792 6.5e-05

0.008545 8.4e-05

0.008503 6.3e-05

0.008534 8.3e-05

0.008536 7.3e-05

0.008521 5.6e-05

0.009534 8e-05

0.008648 6.3e-05

0.008556 8.6e-05

0.008468 9.9e-05

0.008451 6e-05

0.008244 7.1e-05

0.008236 7.9e-05

0.008257 5.6e-05

0.00889 8.5e-05

0.008617 8.8e-05

0.008349 5.3e-05

0.008297 5.6e-05

0.008579 7.8e-05

0.008452 7.8e-05

0.008317 5.5e-05

0.01074 5.9e-05

0.010612 0.000107

0.00851 6.5e-05

0.008501 7.1e-05

0.008435 7.6e-05

0.008353 4.9e-05

0.00824 7.3e-05

0.011089 9e-05

0.008661 7e-05

0.008507 7.9e-05

0.008554 8.5e-05

0.012157 7.3e-05

0.008972 0.00011

0.008844 6.7e-05

0.008506 6.4e-05

0.008838 7.5e-05

0.008971 6e-05

0.008616 0.000105

0.009439 6.4e-05

0.009102 8e-05

0.009081 8.6e-05

0.008849 8.1e-05

0.008506 6.6e-05

0.008891 5.3e-05

0.009001 6.6e-05

0.008635 8e-05

0.008509 7.5e-05

0.008805 6.5e-05

0.009054 5.6e-05

0.00854 9.1e-05

0.00855 7.2e-05

0.008975 6.6e-05

0.008921 5.6e-05

0.008494 6.6e-05

0.008613 8.6e-05

0.009088 7.2e-05

0.008766 9.3e-05

0.008517 7.9e-05

0.008766 7.4e-05

0.008914 6.5e-05

0.009111 5.4e-05

0.008469 6.8e-05

0.009044 7.6e-05

0.009141 7e-05

0.008494 5.2e-05

0.008802 6.4e-05

0.008947 7.7e-05

0.008792 8e-05

0.00847 3.8e-05

0.008995 6.7e-05

0.009113 9.2e-05

0.008485 4.3e-05

0.008699 9.5e-05

0.010376 8.1e-05

0.008937 6.5e-05

0.008601 9e-05

0.008522 0.000106

0.008991 7.1e-05

0.008855 5.8e-05

0.008456 9.8e-05

0.008736 6.4e-05

0.009227 7.4e-05

0.009061 8.8e-05

0.008519 6.2e-05

0.008888 7.3e-05

0.00917 5.4e-05

0.008905 8.4e-05

0.008574 7.9e-05

0.008391 9.4e-05

0.009038 6.9e-05

0.01041 7.1e-05

0.008481 7.2e-05

0.008581 6.2e-05

0.009114 5e-05

0.009004 0.000104

0.008717 9.4e-05

0.008515 7.7e-05

0.009001 7.9e-05

0.008889 7.7e-05

0.008589 6e-05

0.008631 5.5e-05

0.009015 5.7e-05

0.009199 7.3e-05

0.00848 6.7e-05

0.008749 8e-05

0.008922 5.1e-05

0.008698 7.3e-05

0.008479 4.7e-05

0.009024 4.7e-05

0.008849 6.8e-05

0.0084 5.7e-05

0.009122 7.5e-05

0.00896 6.2e-05

0.008722 8.6e-05

0.008416 6e-05

0.008901 7.6e-05

0.008957 9.1e-05

0.008373 5.7e-05

0.008538 6.5e-05

0.011013 0.000107

0.008991 7.5e-05

0.008486 8.2e-05

0.008476 4.9e-05

0.00898 7.5e-05

0.008865 7e-05

0.008455 7.6e-05

0.00856 8.1e-05

0.009053 5.3e-05

0.008707 8e-05

0.00852 8.4e-05

0.008736 6.1e-05

0.008899 6.7e-05

0.009449 0.0001

0.008428 6.9e-05

0.009167 6.8e-05

0.009287 6.5e-05

0.008432 7.4e-05

0.008496 6.4e-05

0.009025 5.3e-05

0.009005 7.2e-05

0.008526 5.4e-05

0.00886 6.7e-05

0.008901 7.9e-05

0.00871 7.4e-05

0.008501 6.7e-05

0.009109 8.9e-05

0.008973 6.7e-05

0.008985 7.7e-05

0.008801 5.3e-05

0.010128 0.000104

0.012231 7.3e-05

0.008657 7.7e-05

0.008609 7.4e-05

0.008542 6.5e-05

0.008514 7.2e-05

0.009058 6.2e-05

0.008804 8.5e-05

0.009994 5.6e-05

0.008828 6.1e-05

0.008571 4.9e-05

0.008626 5.3e-05

0.008806 6.7e-05

0.008699 7.4e-05

0.012614 0.000168

0.009009 8.8e-05

0.008697 5.9e-05

0.0089 5.8e-05

0.009215 7.5e-05

0.008931 8.8e-05

0.0104 6.9e-05

0.008697 6e-05

0.008817 6.2e-05

0.008953 6.8e-05

0.009108 9.1e-05

0.00978 8e-05

0.008562 8.1e-05

0.008645 7.8e-05

0.008801 6.7e-05

0.008611 7.6e-05

0.008985 7.4e-05

0.009913 7.7e-05

0.010434 0.000109

0.009317 6.9e-05

0.008757 0.0001

0.012573 0.000163

0.012556 0.000102

0.008533 4.6e-05

0.008608 7.5e-05

0.008815 0.000101

0.012484 8.2e-05

0.008505 9.8e-05

0.00871 7.9e-05

0.009123 6.7e-05

0.008624 5.1e-05

0.008516 9.3e-05

0.009027 7.7e-05

0.009242 6.6e-05

0.00901 0.000116

0.008535 7.6e-05

0.008574 7.2e-05

0.008571 5.4e-05

0.00847 5.6e-05

0.00882 7.8e-05

0.00855 7.7e-05

0.008535 7.7e-05

0.008401 9.1e-05

0.008547 0.00012

0.008513 8.3e-05

0.008397 6.7e-05

0.008656 9.6e-05

0.008517 5.1e-05

0.008495 7.6e-05

0.009453 7.2e-05

0.008799 5.8e-05

0.008527 9.1e-05

0.009536 9.8e-05

0.009159 6.9e-05

0.008838 9.5e-05

0.008509 6.5e-05

0.00857 7.8e-05

0.008898 7.1e-05

0.008713 0.000105

0.008891 9.6e-05

0.008909 0.000107

0.0089 6.4e-05

0.00846 9.3e-05

0.008393 5.7e-05

0.008304 7.5e-05

0.008425 8.4e-05

0.008574 9.4e-05

0.008333 7e-05

0.008364 7e-05

0.008458 9.2e-05

0.00857 8.9e-05

0.00847 4.9e-05

0.008472 7.6e-05

0.008643 6.5e-05

0.00853 6.1e-05

0.009326 7.2e-05

0.008533 8.9e-05

0.008538 5.9e-05

0.009614 6.2e-05

