0.033844 2e-06

0.036755 4e-06

0.039355 3e-06

0.031661 2e-06

0.030793 2e-06

0.031091 2e-06

0.03053 3e-06

0.03125 3e-06

0.031539 3e-06

0.03181 2e-06

0.031117 6e-06

0.032476 2e-06

0.030899 3e-06

0.031707 3e-06

0.031651 3e-06

0.031116 2e-06

0.031069 1e-06

0.032347 4e-06

0.032755 5e-06

0.032853 3e-06

0.031093 3e-06

0.031804 2e-06

0.031539 2e-06

0.031652 3e-06

0.031413 2e-06

0.031367 5e-06

0.031135 3e-06

0.031558 4e-06

0.031478 1e-06

0.031612 3e-06

0.031537 3e-06

0.034109 3e-06

0.032372 5e-06

0.031847 3e-06

0.031703 3e-06

0.031685 2e-06

0.032919 3e-06

0.036274 4e-06

0.030919 1e-06

0.031454 2e-06

0.031281 2e-06

0.0306 2e-06

0.035583 5e-06

0.034316 2e-06

0.031139 2e-06

0.031438 3e-06

0.031442 1e-06

0.033919 4e-06

0.03242 2e-06

0.031753 3e-06

0.031007 4e-06

0.03107 2e-06

0.03091 3e-06

0.031108 3e-06

0.030875 2e-06

0.030652 2e-06

0.03134 2e-06

0.031646 4e-06

0.031827 3e-06

0.031069 3e-06

0.031458 2e-06

0.030928 2e-06

0.031054 1e-06

0.03093 2e-06

0.030894 2e-06

0.030963 5e-06

0.032138 2e-06

0.031729 2e-06

0.031136 3e-06

0.030854 3e-06

0.031461 2e-06

0.031072 3e-06

0.032004 3e-06

0.031183 3e-06

0.031427 1e-06

0.032383 5e-06

0.031214 2e-06

0.031102 3e-06

0.031326 3e-06

0.030945 3e-06

0.031071 2e-06

0.032446 3e-06

0.031343 3e-06

0.031196 2e-06

0.031595 2e-06

0.031051 2e-06

0.031723 2e-06

0.032723 3e-06

0.032033 2e-06

0.031421 1e-06

0.031852 2e-06

0.031975 2e-06

0.031969 3e-06

0.031918 2e-06

0.032761 3e-06

0.032612 2e-06

0.031998 1e-06

0.031281 2e-06

0.031123 2e-06

0.031375 2e-06

0.0325 3e-06

0.03219 3e-06

0.031211 2e-06

0.031241 2e-06

0.032253 3e-06

0.031133 4e-06

0.030737 3e-06

0.030827 2e-06

0.031096 4e-06

0.031168 2e-06

0.031026 2e-06

0.031376 2e-06

0.030904 1e-06

0.032683 2e-06

0.030949 3e-06

0.031163 4e-06

0.031275 2e-06

0.030885 2e-06

0.030987 2e-06

0.030832 2e-06

0.031404 2e-06

0.030632 2e-06

0.031649 3e-06

0.031822 3e-06

0.031862 2e-06

0.03078 3e-06

0.030724 2e-06

0.030865 2e-06

0.030822 2e-06

0.031182 2e-06

0.030562 2e-06

0.030825 3e-06

0.031747 3e-06

0.031282 2e-06

0.031331 3e-06

0.031085 3e-06

0.030749 2e-06

0.032024 3e-06

0.032137 4e-06

0.032953 2e-06

0.031988 3e-06

0.032042 4e-06

0.031688 2e-06

0.031864 4e-06

0.031843 2e-06

0.032669 4e-06

0.032989 3e-06

0.032692 3e-06

0.031229 2e-06

0.03132 2e-06

0.031906 4e-06

0.032311 3e-06

0.03197 3e-06

0.031864 2e-06

0.031991 3e-06

0.031773 3e-06

0.031419 3e-06

0.032366 3e-06

0.03182 2e-06

0.031175 2e-06

0.031742 2e-06

0.031127 3e-06

0.031511 2e-06

0.031646 3e-06

0.030829 2e-06

0.031952 3e-06

0.031046 3e-06

0.03119 4e-06

0.035948 3e-06

0.03224 3e-06

0.032287 2e-06

0.042246 3e-06

0.036567 6e-06

0.032568 3e-06

0.036951 3e-06

0.03719 3e-06

0.046614 4e-06

0.03972 6e-06

0.043729 4e-06

0.034627 5e-06

0.051491 4e-06

0.046817 4e-06

0.038175 2e-06

0.046799 4e-06

0.055025 1.5e-05

0.049303 6e-06

0.03769 5e-06

0.054412 3e-06

0.039644 3e-06

0.035833 3e-06

0.037138 5e-06

0.042748 5e-06

0.038962 4e-06

0.032703 1e-06

0.031687 2e-06

0.031045 2e-06

0.031036 2e-06

0.030988 3e-06

0.031494 2e-06

0.031237 1e-06

0.03103 3e-06

0.030886 2e-06

0.030994 2e-06

0.031161 1e-06

0.031117 2e-06

0.030916 2e-06

0.03103 2e-06

0.031016 2e-06

0.031031 1e-06

0.031023 2e-06

0.030994 1e-06

0.031222 3e-06

0.031122 1e-06

0.031047 2e-06

0.03085 3e-06

0.030987 4e-06

0.031016 3e-06

0.031017 2e-06

0.031327 2e-06

0.031761 2e-06

0.03363 2e-06

0.031176 1e-06

0.031377 2e-06

0.030932 2e-06

0.031051 1e-06

0.032122 3e-06

0.034053 2e-06

0.031676 3e-06

0.032403 2e-06

0.032543 4e-06

0.032685 2e-06

0.032026 2e-06

0.033409 2e-06

0.033035 3e-06

0.032619 2e-06

0.031584 2e-06

0.032619 2e-06

0.038274 1.2e-05

0.032848 3e-06

0.031448 3e-06

0.03125 2e-06

0.031101 1e-06

0.033106 5e-06

0.033723 3e-06

0.037154 1e-06

0.032255 2e-06

0.033533 3e-06

0.032765 2e-06

0.03254 2e-06

0.031786 2e-06

0.031376 2e-06

0.032284 3e-06

0.035214 2e-06

0.031874 2e-06

0.031503 2e-06

0.03136 3e-06

0.030857 1e-06

0.031213 2e-06

0.031273 1e-06

0.030889 3e-06

0.031046 2e-06

0.031574 1e-06

0.031099 1e-06

0.030878 2e-06

0.031082 2e-06

0.03107 2e-06

0.031725 2e-06

0.031037 2e-06

0.031368 3e-06

0.031134 4e-06

0.030868 2e-06

0.030775 2e-06

0.030999 2e-06

0.031021 2e-06

0.031457 4e-06

0.031095 1e-06

0.031261 2e-06

0.031253 3e-06

0.030978 1e-06

0.031019 2e-06

0.031042 3e-06

0.031034 1e-06

0.031061 3e-06

0.03128 2e-06

0.030852 3e-06

0.030894 1e-06

0.030974 3e-06

0.031416 4e-06

0.030936 2e-06

0.031009 3e-06

0.03134 2e-06

0.031233 3e-06

0.031088 3e-06

0.031574 2e-06

0.031157 2e-06

0.031282 2e-06

0.031372 3e-06

0.030974 2e-06

0.031054 3e-06

0.030959 2e-06

0.030971 1e-06

0.030992 2e-06

0.031324 2e-06

0.030945 2e-06

0.031667 2e-06

0.031018 2e-06

0.031167 2e-06

0.03103 2e-06

0.030924 2e-06

0.030946 3e-06

0.030975 2e-06

0.03107 2e-06

0.0315 3e-06

0.031143 2e-06

0.031429 2e-06

0.03156 2e-06

0.030905 2e-06

0.030995 3e-06

0.030949 2e-06

0.031187 2e-06

0.030985 2e-06

0.031289 2e-06

0.030925 2e-06

0.030916 2e-06

0.03099 2e-06

0.031021 1e-06

0.031022 2e-06

0.031166 2e-06

0.031046 2e-06

0.031333 2e-06

0.031114 2e-06

0.031478 3e-06

0.031129 2e-06

0.031131 2e-06

0.03117 2e-06

0.030915 1e-06

0.030988 2e-06

0.031793 1e-06

0.031313 2e-06

0.030968 3e-06

0.031136 3e-06

0.030913 1e-06

0.030971 2e-06

0.0312 3e-06

0.030866 2e-06

0.0309 3e-06

0.031078 3e-06

0.031015 2e-06

0.031377 2e-06

0.03095 3e-06

0.031636 2e-06

0.03116 2e-06

0.031028 1e-06

0.031055 2e-06

0.030842 1e-06

0.030897 3e-06

0.030893 3e-06

0.031371 2e-06

0.030977 2e-06

0.031048 3e-06

0.030757 1e-06

0.031493 2e-06

0.030981 3e-06

0.031617 2e-06

0.031024 2e-06

0.031093 4e-06

0.031051 2e-06

0.031114 2e-06

0.030997 2e-06

0.031158 2e-06

0.030964 3e-06

0.030917 2e-06

0.030907 2e-06

0.031022 3e-06

0.030996 2e-06

0.030855 2e-06

0.030941 3e-06

0.030899 2e-06

0.030978 2e-06

0.030941 2e-06

0.03122 2e-06

0.031028 3e-06

0.031103 2e-06

0.031107 2e-06

0.030931 2e-06

0.031224 2e-06

0.031357 2e-06

0.031 2e-06

0.030907 2e-06

0.031353 2e-06

0.031142 3e-06

0.031009 2e-06

0.031135 2e-06

0.030956 2e-06

0.03105 2e-06

0.031298 3e-06

0.031043 1e-06

0.031026 3e-06

0.03095 3e-06

0.031158 4e-06

0.031135 2e-06

0.031069 2e-06

0.030882 4e-06

0.031054 3e-06

0.030999 4e-06

0.030874 3e-06

0.031163 2e-06

0.030897 2e-06

0.031595 2e-06

0.031065 2e-06

0.031095 2e-06

0.031158 2e-06

0.030958 2e-06

0.030964 3e-06

0.030918 3e-06

0.031095 3e-06

0.031335 2e-06

0.031094 2e-06

0.031185 2e-06

0.031209 2e-06

0.030965 2e-06

0.031092 2e-06

0.031491 2e-06

0.030973 3e-06

0.030868 2e-06

0.031164 3e-06

0.030837 2e-06

0.031123 3e-06

0.031096 2e-06

0.031056 2e-06

0.031038 3e-06

0.03104 2e-06

0.031384 2e-06

0.031434 2e-06

0.031006 1e-06

0.031598 2e-06

0.031102 3e-06

0.031166 4e-06

0.031104 3e-06

0.031078 2e-06

0.031014 2e-06

0.031016 1e-06

0.031041 3e-06

0.030833 2e-06

0.031578 2e-06

0.030921 2e-06

0.031016 3e-06

0.03121 2e-06

0.031114 2e-06

0.031044 2e-06

0.031007 2e-06

0.031251 2e-06

0.031248 2e-06

0.030944 2e-06

0.031188 2e-06

0.03097 2e-06

0.030933 2e-06

0.03098 3e-06

0.031021 2e-06

0.031116 2e-06

0.031082 2e-06

0.031088 2e-06

0.030914 2e-06

0.031428 2e-06

0.03096 4e-06

0.031187 3e-06

0.031029 2e-06

0.031069 3e-06

0.030881 3e-06

0.031048 1e-06

0.031128 2e-06

0.031207 3e-06

0.030888 2e-06

0.030944 2e-06

0.031042 2e-06

0.030934 4e-06

0.031142 1e-06

0.031055 2e-06

0.031231 2e-06

0.031442 3e-06

0.030854 2e-06

0.030895 2e-06

0.031793 3e-06

0.030938 2e-06

0.03101 3e-06

0.031369 4e-06

0.031166 2e-06

0.031045 4e-06

0.030938 1e-06

0.03127 2e-06

0.030957 2e-06

0.030751 3e-06

0.031013 2e-06

0.031042 2e-06

0.030898 2e-06

0.031056 4e-06

0.031123 2e-06

0.031106 3e-06

0.030979 2e-06

0.030843 2e-06

0.030894 3e-06

0.031406 3e-06

0.030987 2e-06

0.031324 2e-06

0.031179 2e-06

0.031049 3e-06

0.030994 2e-06

0.030859 3e-06

0.031181 3e-06

0.030971 2e-06

0.030953 2e-06

0.031075 1e-06

0.031179 2e-06

0.030996 2e-06

0.031135 2e-06

0.031068 2e-06

0.031285 2e-06

0.030938 2e-06

0.031111 3e-06

0.030962 1e-06

0.031394 3e-06

0.030967 2e-06

0.03105 3e-06

0.031338 2e-06

0.031188 3e-06

0.031126 2e-06

0.030873 3e-06

0.031066 2e-06

0.03087 2e-06

0.031165 2e-06

0.031028 1e-06

0.031143 2e-06

0.031086 2e-06

0.030997 2e-06

0.031178 2e-06

0.031067 3e-06

0.030895 2e-06

0.03119 2e-06

0.030974 3e-06

0.031623 1e-06

0.031044 3e-06

0.031303 1.4e-05

0.03113 2e-06

0.031011 2e-06

0.031531 1e-06

0.031157 3e-06

0.030839 2e-06

0.030931 2e-06

0.031063 3e-06

0.031073 1e-06

0.031766 3e-06

0.031101 2e-06

0.030883 2e-06

0.031074 3e-06

0.031513 2e-06

0.031088 3e-06

0.031224 2e-06

0.031016 2e-06

0.03156 3e-06

0.031014 1e-06

0.031187 3e-06

0.031146 3e-06

0.030945 3e-06

0.030978 2e-06

0.030835 2e-06

0.030987 2e-06

0.030898 2e-06

0.031166 2e-06

0.031005 2e-06

0.031187 4e-06

0.030919 2e-06

0.031224 3e-06

0.031046 1e-06

0.031082 2e-06

0.031292 3e-06

0.031343 2e-06

0.030991 3e-06

0.031842 2e-06

0.030944 2e-06

0.031216 2e-06

0.031228 2e-06

0.030997 2e-06

0.031025 1e-06

0.030989 2e-06

0.030949 2e-06

0.031029 2e-06

0.031231 4e-06

0.031129 2e-06

0.031192 2e-06

0.030997 3e-06

0.030874 2e-06

0.030953 2e-06

0.031146 1e-06

0.031034 2e-06

0.031231 2e-06

0.031181 2e-06

0.031108 2e-06

0.03089 4e-06

0.031263 2e-06

0.031189 2e-06

0.031008 1e-06

0.030984 2e-06

0.030761 4e-06

0.030987 1e-06

0.030812 2e-06

0.031448 2e-06

0.030967 3e-06

0.031463 2e-06

0.031105 3e-06

0.031108 3e-06

0.03099 3e-06

0.031042 2e-06

0.030957 2e-06

0.031207 2e-06

0.031071 2e-06

0.030945 2e-06

0.030989 2e-06

0.031113 2e-06

0.030997 3e-06

0.031054 2e-06

0.030872 1e-06

0.032108 2e-06

0.031427 1e-06

0.030834 3e-06

0.031177 2e-06

0.030941 2e-06

0.031308 3e-06

0.031106 2e-06

0.030965 2e-06

0.031013 3e-06

0.030931 3e-06

0.031237 2e-06

0.031025 2e-06

0.031108 3e-06

0.031027 2e-06

0.031046 2e-06

0.031015 3e-06

0.031187 2e-06

0.031123 2e-06

0.030902 3e-06

0.03106 2e-06

0.031005 2e-06

0.030916 2e-06

0.031472 3e-06

0.030827 1e-06

0.031688 2e-06

0.03118 2e-06

0.031014 3e-06

0.031928 2e-06

0.030992 2e-06

0.031141 1e-06

0.031201 1e-06

0.031011 2e-06

0.030994 1e-06

0.030968 1e-06

0.031099 2e-06

0.031175 1e-06

0.031204 1e-06

0.031042 2e-06

0.031104 1e-06

0.031358 4e-06

0.030989 2e-06

0.031334 2e-06

0.030818 2e-06

0.031114 2e-06

0.031179 3e-06

0.030953 3e-06

0.03114 3e-06

0.03095 2e-06

0.031186 2e-06

0.030906 1e-06

0.031201 2e-06

0.030959 4e-06

0.030798 3e-06

0.030983 2e-06

0.031031 2e-06

0.031182 2e-06

0.031171 2e-06

0.031085 2e-06

0.031228 3e-06

0.030891 3e-06

0.032138 2e-06

0.031291 1e-06

0.031408 2e-06

0.03117 1e-06

0.031016 2e-06

0.030921 2e-06

0.03101 2e-06

0.031021 1e-06

0.030919 3e-06

0.031368 3e-06

0.0311 2e-06

0.032269 4e-06

0.031189 2e-06

0.031149 2e-06

0.031287 3e-06

0.031196 2e-06

0.031206 3e-06

0.031465 2e-06

0.030955 3e-06

0.031457 2e-06

0.031011 2e-06

0.031173 3e-06

0.031492 1e-06

0.031082 2e-06

0.031005 2e-06

0.031027 3e-06

0.031038 2e-06

0.030934 2e-06

0.031492 2e-06

0.030929 2e-06

0.030856 2e-06

0.031032 1e-06

0.031175 3e-06

0.031356 3e-06

0.031087 2e-06

0.031462 2e-06

0.031183 3e-06

0.030852 2e-06

0.031674 2e-06

0.031082 2e-06

0.031193 3e-06

0.031137 3e-06

0.031075 2e-06

0.031096 2e-06

0.031148 3e-06

0.030957 2e-06

0.030889 1e-06

0.031375 2e-06

0.030837 2e-06

0.031317 2e-06

0.030911 1e-06

0.030972 2e-06

0.031062 1e-06

0.031021 2e-06

0.031074 2e-06

0.031366 2e-06

0.030975 2e-06

0.031074 2e-06

0.031101 3e-06

0.031066 3e-06

0.031265 3e-06

0.031059 4e-06

0.031003 2e-06

0.030949 2e-06

0.030868 3e-06

0.030916 3e-06

0.031265 2e-06

0.030883 2e-06

0.030998 1e-06

0.031143 3e-06

0.031498 1e-06

0.031044 2e-06

0.031095 2e-06

0.031203 2e-06

0.031163 2e-06

0.030939 2e-06

0.031066 2e-06

0.030997 1e-06

0.031065 2e-06

0.03105 2e-06

0.030899 3e-06

0.030966 2e-06

0.032137 1e-06

0.030862 2e-06

0.030933 2e-06

0.031795 3e-06

0.031125 2e-06

0.031035 1e-06

0.031237 2e-06

0.031044 3e-06

0.030959 2e-06

0.030921 3e-06

0.031179 1e-06

0.031168 2e-06

0.030855 1e-06

0.030864 2e-06

0.031049 1e-06

0.031359 2e-06

0.030979 3e-06

0.030934 2e-06

0.030921 2e-06

0.030794 2e-06

0.030965 2e-06

0.030744 2e-06

0.031267 2e-06

0.030814 2e-06

0.031913 3e-06

0.031307 1e-06

0.0316 2e-06

0.030974 3e-06

0.031128 2e-06

0.031142 2e-06

0.031102 3e-06

0.031125 3e-06

0.030978 2e-06

0.031025 2e-06

0.03145 3e-06

0.030983 2e-06

0.031182 1e-06

0.030853 3e-06

0.031024 2e-06

0.031017 2e-06

0.030931 2e-06

0.031862 3e-06

0.030966 2e-06

0.030992 3e-06

0.031179 2e-06

0.031103 1e-06

0.030903 2e-06

0.033067 4e-06

0.031409 3e-06

0.03106 2e-06

0.031 2e-06

0.030857 2e-06

0.030945 2e-06

0.031127 2e-06

0.031053 2e-06

0.031064 2e-06

0.031183 2e-06

0.030929 1e-06

0.031082 2e-06

0.030918 3e-06

0.031897 3e-06

0.031004 2e-06

0.03106 1e-06

0.036501 3e-06

0.031164 2e-06

0.030977 1e-06

0.031049 3e-06

0.031012 3e-06

0.031088 2e-06

0.031042 2e-06

0.030937 2e-06

0.031597 2e-06

0.031052 2e-06

0.030931 3e-06

0.031288 2e-06

0.030935 2e-06

0.030971 2e-06

0.031165 3e-06

0.031003 1e-06

0.032013 2e-06

0.031043 2e-06

0.031122 2e-06

0.031208 1e-06

0.030961 4e-06

0.031003 3e-06

0.031172 2e-06

0.031149 2e-06

0.030914 2e-06

0.031156 1e-06

0.031076 2e-06

0.030976 4e-06

0.031217 2e-06

0.031065 3e-06

0.03125 3e-06

0.031536 3e-06

0.031687 2e-06

0.031209 3e-06

0.031094 3e-06

0.031287 2e-06

0.030948 2e-06

0.031172 1e-06

0.031321 2e-06

0.031016 4e-06

0.030958 2e-06

0.030958 2e-06

0.031068 2e-06

0.031092 5e-06

0.031226 2e-06

0.030952 2e-06

0.031106 3e-06

0.031078 2e-06

0.030891 3e-06

0.031084 2e-06

0.031191 2e-06

0.030999 2e-06

0.031157 2e-06

0.03112 2e-06

0.031042 2e-06

0.031043 3e-06

0.031112 3e-06

0.031227 4e-06

0.030955 2e-06

0.030925 2e-06

0.031041 2e-06

0.031107 2e-06

0.031005 1e-06

0.031127 2e-06

0.031217 2e-06

0.031214 2e-06

0.031249 2e-06

0.030948 2e-06

0.031195 4e-06

0.031234 2e-06

0.03108 3e-06

0.031073 2e-06

0.030994 2e-06

0.030909 2e-06

0.031059 2e-06

0.031044 3e-06

0.030897 3e-06

0.031074 2e-06

0.031049 2e-06

0.031796 2e-06

0.031236 3e-06

0.030968 2e-06

0.031534 2e-06

0.030998 2e-06

0.031403 2e-06

0.031319 2e-06

0.030913 2e-06

0.031099 2e-06

0.031113 2e-06

0.031097 3e-06

0.031128 1e-06

0.030883 2e-06

0.030854 2e-06

0.030916 3e-06

0.031284 2e-06

0.031126 3e-06

0.031146 2e-06

0.030954 2e-06

0.03121 3e-06

0.031431 2e-06

0.030963 2e-06

0.031887 4e-06

0.030996 2e-06

0.031406 2e-06

0.031154 3e-06

0.031 3e-06

0.031219 5e-06

0.031151 2e-06

0.031103 3e-06

0.031179 2e-06

0.03125 2e-06

0.030908 2e-06

0.030902 2e-06

0.031283 2e-06

0.030984 4e-06

0.03118 3e-06

0.031137 2e-06

0.031177 2e-06

0.031269 2e-06

0.031033 3e-06

0.03124 3e-06

0.031245 3e-06

0.031095 3e-06

0.031106 3e-06

0.031012 2e-06

0.03095 3e-06

0.031005 2e-06

0.030999 2e-06

0.030925 3e-06

0.031537 2e-06

0.030921 2e-06

0.031344 2e-06

0.031155 4e-06

0.031145 3e-06

0.031242 3e-06

0.03096 2e-06

0.031113 4e-06

0.031301 3e-06

0.030921 2e-06

0.031161 1e-06

0.031067 3e-06

0.031265 2e-06

0.030917 3e-06

0.031042 2e-06

0.030926 2e-06

0.03104 1e-06

0.031006 3e-06

0.030975 3e-06

0.03158 2e-06

0.031001 2e-06

0.031739 3e-06

0.031207 2e-06

0.031551 2e-06

0.031157 3e-06

0.03103 3e-06

0.031274 4e-06

0.0311 3e-06

0.031811 3e-06

0.031113 3e-06

0.031169 2e-06

0.031059 2e-06

0.031099 2e-06

0.030935 2e-06

0.031075 3e-06

0.03104 2e-06

0.03094 1e-06

0.031028 2e-06

0.032038 3e-06

0.03089 1e-06

0.030951 4e-06

0.031246 2e-06

0.031131 1e-06

0.031006 2e-06

0.031281 3e-06

