0.016079 5e-06

0.016955 5e-06

0.016801 4e-06

0.016074 4e-06

0.017588 6e-06

0.016418 4e-06

0.015966 5e-06

0.015168 5e-06

0.014892 4e-06

0.015297 2.5e-05

0.015107 5e-06

0.015017 4e-06

0.015236 5e-06

0.015012 5e-06

0.014967 5e-06

0.014999 5e-06

0.014927 8e-06

0.015224 5e-06

0.015083 3e-06

0.01552 7e-06

0.015067 4e-06

0.014901 4e-06

0.014752 3e-06

0.014642 5e-06

0.014792 5e-06

0.015025 5e-06

0.014817 5e-06

0.014804 6e-06

0.014746 5e-06

0.014684 6e-06

0.014774 4e-06

0.015185 4e-06

0.014642 4e-06

0.014688 6e-06

0.014945 5e-06

0.014672 4e-06

0.01492 3e-06

0.014579 6e-06

0.014793 4e-06

0.015199 5e-06

0.014927 5e-06

0.014954 4e-06

0.014636 4e-06

0.014598 5e-06

0.014603 5e-06

0.01504 4e-06

0.014606 5e-06

0.015107 3e-06

0.014738 4e-06

0.015062 5e-06

0.015517 5e-06

0.015287 4e-06

0.015352 4e-06

0.015192 4e-06

0.015129 6e-06

0.015025 5e-06

0.015253 5e-06

0.015189 5e-06

0.014727 4e-06

0.01473 5e-06

0.01512 5e-06

0.014851 4e-06

0.014666 4e-06

0.014642 5e-06

0.014485 5e-06

0.014458 4e-06

0.015127 4e-06

0.015071 4e-06

0.015029 7e-06

0.015641 3e-06

0.016028 6e-06

0.015583 6e-06

0.014815 5e-06

0.014657 4e-06

0.014714 4e-06

0.014501 6e-06

0.014628 4e-06

0.014584 4e-06

0.014932 4e-06

0.014687 4e-06

0.014599 3e-06

0.014769 4e-06

0.014641 5e-06

0.015338 7e-06

0.014766 4e-06

0.014552 4e-06

0.014506 5e-06

0.014526 4e-06

0.014839 5e-06

0.014866 5e-06

0.015435 6e-06

0.014919 6e-06

0.015669 6e-06

0.015481 5e-06

0.015043 6e-06

0.015239 7e-06

0.015129 7e-06

0.01505 6e-06

0.015111 5e-06

0.015365 5e-06

0.015288 4e-06

0.01535 7e-06

0.015197 5e-06

0.015267 6e-06

0.015059 5e-06

0.014917 4e-06

0.014842 5e-06

0.014688 5e-06

0.014572 3e-06

0.014893 4e-06

0.014595 5e-06

0.015295 6e-06

0.014779 5e-06

0.014897 4e-06

0.01497 6e-06

0.015153 5e-06

0.015177 4e-06

0.01502 4e-06

0.014839 6e-06

0.014915 4e-06

0.015249 4e-06

0.015263 4e-06

0.015004 3e-06

0.01469 4e-06

0.014586 4e-06

0.014536 6e-06

0.014538 3e-06

0.014604 6e-06

0.014509 3e-06

0.014562 4e-06

0.014615 5e-06

0.014509 6e-06

0.014676 6e-06

0.014493 4e-06

0.015112 3e-06

0.014618 3e-06

0.014537 4e-06

0.014609 5e-06

0.014568 4e-06

0.014578 5e-06

0.014648 4e-06

0.014546 4e-06

0.014518 4e-06

0.014543 5e-06

0.0147 5e-06

0.014907 5e-06

0.014511 3e-06

0.014498 5e-06

0.014604 3e-06

0.014751 5e-06

0.014606 4e-06

0.014475 6e-06

0.014541 4e-06

0.014653 4e-06

0.01461 6e-06

0.014625 5e-06

0.01458 4e-06

0.014555 4e-06

0.014619 5e-06

0.014576 4e-06

0.014603 6e-06

0.014524 5e-06

0.014527 4e-06

0.014559 4e-06

0.014954 5e-06

0.014673 4e-06

0.014665 5e-06

0.014467 5e-06

0.014793 4e-06

0.014604 4e-06

0.014573 5e-06

0.014706 4e-06

0.014567 4e-06

0.014643 4e-06

0.014576 4e-06

0.014483 4e-06

0.014629 6e-06

0.014477 4e-06

0.014513 3e-06

0.014733 5e-06

0.014512 5e-06

0.014552 3e-06

0.014509 4e-06

0.014448 5e-06

0.01464 5e-06

0.01456 2e-06

0.014574 4e-06

0.014727 3e-06

0.014619 5e-06

0.014587 5e-06

0.014603 3e-06

0.014544 4e-06

0.014623 4e-06

0.014582 6e-06

0.01453 6e-06

0.014723 6e-06

0.014591 3e-06

0.014644 4e-06

0.014583 4e-06

0.014578 6e-06

0.014552 4e-06

0.014542 2e-06

0.014561 5e-06

0.014454 5e-06

0.014611 4e-06

0.014532 4e-06

0.014528 3e-06

0.014513 4e-06

0.014572 3e-06

0.014486 4e-06

0.014467 4e-06

0.014561 3e-06

0.014436 4e-06

0.014549 5e-06

0.014615 4e-06

0.014605 6e-06

0.014795 4e-06

0.014718 8e-06

0.014711 4e-06

0.014514 4e-06

0.014618 4e-06

0.014692 5e-06

0.014533 3e-06

0.014612 3e-06

0.014562 3e-06

0.014476 5e-06

0.014564 4e-06

0.014538 5e-06

0.014562 3e-06

0.014575 4e-06

0.014575 7e-06

0.014597 5e-06

0.014495 5e-06

0.014597 4e-06

0.014553 4e-06

0.014532 5e-06

0.014546 5e-06

0.014723 6e-06

0.01513 4e-06

0.014663 8e-06

0.014553 4e-06

0.014583 3e-06

0.014619 4e-06

0.014606 5e-06

0.014727 3e-06

0.014643 6e-06

0.014537 5e-06

0.014555 6e-06

0.014517 5e-06

0.014545 3e-06

0.014426 5e-06

0.014476 6e-06

0.014591 4e-06

0.014507 4e-06

0.014627 5e-06

0.014482 7e-06

0.014461 5e-06

0.014567 3e-06

0.014507 3e-06

0.014641 4e-06

0.014538 3e-06

0.014491 4e-06

0.014481 6e-06

0.014587 3e-06

0.014591 4e-06

0.014644 3e-06

0.014471 4e-06

0.014587 3e-06

0.014623 4e-06

0.014575 6e-06

0.014623 4e-06

0.014599 4e-06

0.014479 4e-06

0.014521 4e-06

0.014491 4e-06

0.014565 5e-06

0.014489 4e-06

0.014477 4e-06

0.014715 4e-06

0.014515 5e-06

0.014769 5e-06

0.014503 4e-06

0.01464 4e-06

0.014511 3e-06

0.014547 4e-06

0.01474 5e-06

0.014547 5e-06

0.01468 6e-06

0.014583 6e-06

0.014681 4e-06

0.014737 5e-06

0.014625 3e-06

0.0146 4e-06

0.014546 3e-06

0.014536 5e-06

0.014552 5e-06

0.014656 4e-06

0.014495 4e-06

0.014543 3e-06

0.014541 3e-06

0.014461 4e-06

0.014626 3e-06

0.014692 4e-06

0.014457 4e-06

0.01474 3e-06

0.014471 3e-06

0.014505 5e-06

0.014621 3e-06

0.014495 4e-06

0.014583 4e-06

0.014572 4e-06

0.014518 4e-06

0.014635 3e-06

0.014606 4e-06

0.014593 4e-06

0.014608 4e-06

0.014494 4e-06

0.014591 5e-06

0.014487 4e-06

0.014454 4e-06

0.014712 4e-06

0.014648 5e-06

0.014623 4e-06

0.014525 5e-06

0.014471 6e-06

0.014541 5e-06

0.014568 4e-06

0.014487 5e-06

0.01626 3e-06

0.014642 1.6e-05

0.014635 5e-06

0.014559 3e-06

0.014547 5e-06

0.014518 5e-06

0.014478 4e-06

0.014496 5e-06

0.014639 4e-06

0.014718 5e-06

0.014652 5e-06

0.014533 5e-06

0.014572 6e-06

0.014552 4e-06

0.015691 5e-06

0.014667 4e-06

0.01467 5e-06

0.014576 3e-06

0.014604 4e-06

0.01463 4e-06

0.014681 6e-06

0.014635 5e-06

0.014632 4e-06

0.014584 3e-06

0.014463 5e-06

0.014468 4e-06

0.014632 4e-06

0.014579 4e-06

0.014596 4e-06

0.0146 4e-06

0.014519 5e-06

0.014502 5e-06

0.014473 3e-06

0.014505 3e-06

0.014961 6e-06

0.014866 4e-06

0.014569 5e-06

0.014574 3e-06

0.014688 4e-06

0.014667 5e-06

0.014486 4e-06

0.014634 4e-06

0.014717 4e-06

0.014598 4e-06

0.014648 3e-06

0.014518 5e-06

0.014644 3e-06

0.014464 3e-06

0.014463 5e-06

0.014489 4e-06

0.014567 5e-06

0.014471 5e-06

0.014495 4e-06

0.014475 7e-06

0.014542 4e-06

0.014529 6e-06

0.014656 4e-06

0.01458 5e-06

0.014522 5e-06

0.014562 4e-06

0.015297 5e-06

0.014649 4e-06

0.01465 4e-06

0.014607 3e-06

0.015211 5e-06

0.01469 5e-06

0.014621 5e-06

0.014643 4e-06

0.014508 7e-06

0.014514 5e-06

0.014491 3e-06

0.014472 6e-06

0.014587 4e-06

0.014554 6e-06

0.014543 5e-06

0.014494 3e-06

0.014679 5e-06

0.014643 3e-06

0.014549 4e-06

0.01444 5e-06

0.014521 5e-06

0.014591 4e-06

0.014583 5e-06

0.014667 3e-06

0.014573 5e-06

0.014522 5e-06

0.014599 3e-06

0.014557 3e-06

0.014667 4e-06

0.014503 3e-06

0.014549 5e-06

0.014543 4e-06

0.014643 6e-06

0.014698 5e-06

0.014512 3e-06

0.014536 4e-06

0.014549 5e-06

0.014456 5e-06

0.014556 4e-06

0.01455 4e-06

0.014516 4e-06

0.014534 5e-06

0.014575 6e-06

0.014559 4e-06

0.014569 4e-06

0.014532 5e-06

0.014593 4e-06

0.014998 4e-06

0.014554 5e-06

0.014859 4e-06

0.014707 4e-06

0.014644 4e-06

0.014655 7e-06

0.0145 4e-06

0.014684 4e-06

0.014489 5e-06

0.014524 3e-06

0.014684 5e-06

0.014853 5e-06

0.014721 3e-06

0.014519 4e-06

0.0145 5e-06

0.014674 6e-06

0.014525 3e-06

0.014518 3e-06

0.014513 4e-06

0.014666 5e-06

0.014531 3e-06

0.014526 4e-06

0.014542 4e-06

0.014585 4e-06

0.01468 3e-06

0.014538 5e-06

0.014572 5e-06

0.01451 3e-06

0.014635 4e-06

0.014606 4e-06

0.01462 4e-06

0.01458 4e-06

0.01507 6e-06

0.014695 4e-06

0.014614 4e-06

0.014577 5e-06

0.014577 5e-06

0.014594 3e-06

0.014579 4e-06

0.014518 3e-06

0.014533 5e-06

0.014481 5e-06

0.014518 5e-06

0.01459 3e-06

0.014447 5e-06

0.014543 3e-06

0.014633 5e-06

0.014502 5e-06

0.014534 4e-06

0.014564 4e-06

0.014547 4e-06

0.014485 3e-06

0.014668 4e-06

0.014745 5e-06

0.014603 4e-06

0.014536 5e-06

0.014573 5e-06

0.014662 4e-06

0.014552 5e-06

0.01463 5e-06

0.014497 5e-06

0.014606 6e-06

0.014586 5e-06

0.014575 4e-06

0.014569 5e-06

0.014441 4e-06

0.014518 4e-06

0.014497 3e-06

0.014534 5e-06

0.014755 5e-06

0.014486 4e-06

0.014541 6e-06

0.014551 3e-06

0.014907 6e-06

0.014633 3e-06

0.014577 3e-06

0.014476 3e-06

0.014548 4e-06

0.014524 6e-06

0.014505 5e-06

0.014606 5e-06

0.014513 5e-06

0.014583 3e-06

0.014522 5e-06

0.014628 6e-06

0.014686 5e-06

0.014505 5e-06

0.014475 4e-06

0.01456 5e-06

0.014541 5e-06

0.014661 5e-06

0.014586 4e-06

0.014475 4e-06

0.014492 3e-06

0.014536 4e-06

0.014682 4e-06

0.014558 5e-06

0.014653 3e-06

0.014565 3e-06

0.014619 4e-06

0.014566 5e-06

0.014519 4e-06

0.014701 5e-06

0.014623 4e-06

0.014675 5e-06

0.014579 3e-06

0.014704 4e-06

0.014536 3e-06

0.014529 4e-06

0.014588 5e-06

0.014615 4e-06

0.014701 4e-06

0.014487 4e-06

0.014509 6e-06

0.014479 5e-06

0.015105 5e-06

0.014673 5e-06

0.014491 5e-06

0.014563 4e-06

0.014591 5e-06

0.01454 4e-06

0.014549 3e-06

0.014541 6e-06

0.014582 5e-06

0.014561 4e-06

0.014545 4e-06

0.014568 4e-06

0.01456 4e-06

0.014517 4e-06

0.014623 4e-06

0.014538 4e-06

0.014545 3e-06

0.014541 6e-06

0.014506 4e-06

0.014575 5e-06

0.014569 3e-06

0.014545 5e-06

0.01461 4e-06

0.014427 5e-06

0.014526 5e-06

0.014466 5e-06

0.014623 4e-06

0.014592 4e-06

0.014525 5e-06

0.014469 4e-06

0.01454 4e-06

0.014588 4e-06

0.014544 4e-06

0.014521 5e-06

0.014512 5e-06

0.014442 5e-06

0.014553 3e-06

0.014786 5e-06

0.014621 4e-06

0.014577 4e-06

0.014567 5e-06

0.014587 5e-06

0.014704 4e-06

0.014517 5e-06

0.01461 5e-06

0.014482 5e-06

0.014637 3e-06

0.01453 5e-06

0.014655 5e-06

0.014541 4e-06

0.014805 5e-06

0.014495 4e-06

0.014684 5e-06

0.014633 3e-06

0.0147 5e-06

0.014498 6e-06

0.014468 5e-06

0.01458 4e-06

0.014518 5e-06

0.014496 5e-06

0.014548 4e-06

0.014483 4e-06

0.014609 6e-06

0.014701 4e-06

0.014608 4e-06

0.014655 5e-06

0.014524 4e-06

0.014507 4e-06

0.014559 5e-06

0.014633 3e-06

0.014528 4e-06

0.014581 4e-06

0.014523 7e-06

0.014565 4e-06

0.014628 4e-06

0.014489 5e-06

0.014512 4e-06

0.014454 3e-06

0.014448 3e-06

0.014555 5e-06

0.014475 6e-06

0.014502 5e-06

0.014626 3e-06

0.0145 5e-06

0.014743 6e-06

0.014497 3e-06

0.014524 5e-06

0.014855 3e-06

0.014572 5e-06

0.014497 5e-06

0.014595 3e-06

0.014422 5e-06

0.014551 5e-06

0.014548 3e-06

0.014536 6e-06

0.014641 4e-06

0.014504 3e-06

0.014606 4e-06

0.014606 4e-06

0.014505 5e-06

0.014633 5e-06

0.014498 4e-06

0.014517 5e-06

0.014593 4e-06

0.014943 5e-06

0.014636 4e-06

0.014657 5e-06

0.014528 5e-06

0.014537 4e-06

0.014617 3e-06

0.014611 5e-06

0.014563 4e-06

0.014548 3e-06

0.014515 5e-06

0.014665 5e-06

0.014528 6e-06

0.014567 5e-06

0.014451 4e-06

0.014503 3e-06

0.014529 4e-06

0.014512 5e-06

0.014622 4e-06

0.014513 6e-06

0.014505 3e-06

0.01459 4e-06

0.015193 5e-06

0.014683 4e-06

0.014502 4e-06

0.014492 3e-06

0.014518 4e-06

0.014513 4e-06

0.014531 3e-06

0.014698 6e-06

0.014606 4e-06

0.014582 4e-06

0.014557 4e-06

0.014529 5e-06

0.014653 5e-06

0.014585 6e-06

0.014588 5e-06

0.014555 5e-06

0.014509 5e-06

0.014564 3e-06

0.01439 5e-06

0.014451 5e-06

0.014515 4e-06

0.015173 7e-06

0.014678 5e-06

0.014546 4e-06

0.014516 6e-06

0.014615 2e-06

0.01465 4e-06

0.014621 4e-06

0.014497 5e-06

0.01468 4e-06

0.01457 4e-06

0.014585 3e-06

0.014563 4e-06

0.014559 3e-06

0.014474 5e-06

0.014544 4e-06

0.014543 5e-06

0.014517 3e-06

0.014595 3e-06

0.014499 5e-06

0.014517 5e-06

0.014568 4e-06

0.014508 4e-06

0.014528 4e-06

0.014484 4e-06

0.014575 1.9e-05

0.014612 4e-06

0.014493 3e-06

0.014675 5e-06

0.014574 4e-06

0.01446 5e-06

0.014561 4e-06

0.014613 4e-06

0.014609 3e-06

0.014521 3e-06

0.014566 5e-06

0.014525 3e-06

0.014671 4e-06

0.014484 3e-06

0.014559 2e-06

0.014483 3e-06

0.01451 5e-06

0.01484 4e-06

0.014682 3e-06

0.014592 5e-06

0.014551 5e-06

0.014467 4e-06

0.014489 5e-06

0.014537 5e-06

0.014636 4e-06

0.014626 4e-06

0.014508 4e-06

0.014592 4e-06

0.014579 4e-06

0.01462 5e-06

0.014528 5e-06

0.014584 3e-06

0.014559 3e-06

0.014579 5e-06

0.014735 4e-06

0.014546 4e-06

0.014581 4e-06

0.014511 4e-06

0.014656 3e-06

0.01456 3e-06

0.014508 3e-06

0.014479 4e-06

0.014534 4e-06

0.014553 6e-06

0.014484 4e-06

0.014525 3e-06

0.014685 4e-06

0.014602 5e-06

0.014504 3e-06

0.014572 5e-06

0.014711 5e-06

0.014642 4e-06

0.014505 3e-06

0.014574 6e-06

0.014569 4e-06

0.014534 4e-06

0.014561 4e-06

0.014552 4e-06

0.014604 4e-06

0.014631 5e-06

0.014563 6e-06

0.014503 6e-06

0.014557 4e-06

0.014463 5e-06

0.014505 4e-06

0.014583 5e-06

0.014686 4e-06

0.014511 5e-06

0.014528 5e-06

0.01464 4e-06

0.014535 5e-06

0.014614 5e-06

0.014487 3e-06

0.014546 4e-06

0.014554 5e-06

0.014529 4e-06

0.014587 4e-06

0.014602 5e-06

0.014512 3e-06

0.014631 4e-06

0.01495 5e-06

0.014657 3e-06

0.014546 5e-06

0.01458 2e-06

0.014715 3e-06

0.014692 6e-06

0.014615 4e-06

0.014521 3e-06

0.014718 5e-06

0.014555 5e-06

0.014498 3e-06

0.014529 4e-06

0.014496 4e-06

0.014478 4e-06

0.014673 4e-06

0.01457 5e-06

0.014518 4e-06

0.014602 5e-06

0.01454 4e-06

0.014535 4e-06

0.014721 4e-06

0.01513 4e-06

0.01467 4e-06

0.014694 4e-06

0.014584 5e-06

0.014552 3e-06

0.014629 6e-06

0.014574 5e-06

0.01457 3e-06

0.014494 5e-06

0.014479 5e-06

0.014488 4e-06

0.014501 5e-06

0.014598 4e-06

0.014535 5e-06

0.014477 5e-06

0.01452 5e-06

0.014571 5e-06

0.014614 5e-06

0.014578 5e-06

0.014529 5e-06

0.014599 3e-06

0.014736 3e-06

0.014698 4e-06

0.014991 5e-06

0.014673 4e-06

0.014535 3e-06

0.014684 3e-06

0.014568 5e-06

0.014896 4e-06

0.014483 4e-06

0.014622 6e-06

0.014491 4e-06

0.014462 4e-06

0.015762 8e-06

0.014689 4e-06

0.014996 5e-06

0.014619 5e-06

0.014557 5e-06

0.014531 5e-06

0.014579 4e-06

0.01455 6e-06

0.014549 4e-06

0.014552 5e-06

0.014555 3e-06

0.014478 5e-06

0.015202 5e-06

0.014539 4e-06

0.01461 5e-06

0.014613 4e-06

0.014565 4e-06

0.014604 5e-06

0.014964 6e-06

0.014596 4e-06

0.014753 6e-06

0.014685 6e-06

0.020599 6e-06

0.014614 5e-06

0.014467 4e-06

0.014627 5e-06

0.014504 3e-06

0.014505 4e-06

0.014602 4e-06

0.01508 5e-06

0.014653 5e-06

0.014581 4e-06

0.014588 4e-06

0.014612 4e-06

0.014722 5e-06

0.016175 7e-06

0.014765 5e-06

0.014708 4e-06

0.014555 3e-06

0.014503 4e-06

0.01461 4e-06

0.014528 4e-06

0.014562 5e-06

0.014487 3e-06

0.014425 5e-06

0.014451 5e-06

0.014517 4e-06

0.014479 5e-06

0.014545 4e-06

0.014541 4e-06

0.014595 3e-06

0.014554 4e-06

0.014467 2e-06

0.014502 3e-06

0.01459 4e-06

0.014672 4e-06

0.014751 6e-06

0.014553 3e-06

0.014606 5e-06

0.014659 4e-06

0.014657 3e-06

0.014556 5e-06

0.0146 5e-06

0.014479 4e-06

0.014494 7e-06

0.014486 4e-06

0.014744 5e-06

0.014589 3e-06

0.014542 4e-06

0.014533 5e-06

0.014536 3e-06

0.014571 5e-06

0.014627 4e-06

0.014476 3e-06

0.014491 4e-06

0.01448 4e-06

0.014579 5e-06

0.01457 5e-06

0.01447 3e-06

0.014484 5e-06

0.014438 4e-06

0.014642 6e-06

0.014756 4e-06

0.014609 5e-06

0.014652 4e-06

0.014611 5e-06

0.014604 3e-06

0.014648 5e-06

0.014521 3e-06

0.014569 4e-06

0.014622 4e-06

0.014757 4e-06

0.014555 5e-06

0.01451 5e-06

0.01459 4e-06

0.014537 4e-06

0.014574 3e-06

0.014536 5e-06

0.015849 6e-06

0.014714 4e-06

0.014543 4e-06

0.014537 3e-06

0.014551 3e-06

0.014742 4e-06

0.014461 4e-06

0.014526 4e-06

0.014641 6e-06

0.014539 5e-06

0.014685 5e-06

0.014529 5e-06

0.014551 4e-06

0.014628 4e-06

0.014973 5e-06

0.014746 6e-06

0.014522 6e-06

0.014556 3e-06

0.014668 5e-06

0.014486 4e-06

0.014504 4e-06

0.014648 5e-06

0.01454 4e-06

0.014521 5e-06

0.014515 5e-06

0.014507 4e-06

0.01453 5e-06

0.014488 3e-06

0.014584 6e-06

0.014477 3e-06

0.014422 5e-06

0.01456 4e-06

0.014457 5e-06

0.014525 4e-06

0.014613 4e-06

0.014697 5e-06

0.014806 4e-06

0.01455 6e-06

0.01457 4e-06

0.014506 4e-06

0.014757 4e-06

0.014594 4e-06

0.014627 4e-06

0.014537 2e-06

0.014461 3e-06

0.014487 4e-06

0.01456 7e-06

0.014518 4e-06

