0.001265 1e-06

0.00119 1e-06

0.001195 2e-06

0.00118 1e-06

0.001151 1e-06

0.001148 1e-06

0.001153 2e-06

0.001145 1e-06

0.00114 1e-06

0.001143 1e-06

0.001146 2e-06

0.001152 2e-06

0.001148 1e-06

0.001182 1e-06

0.001161 1e-06

0.001146 1e-06

0.001151 1e-06

0.001208 1e-06

0.001153 2e-06

0.001146 2e-06

0.001146 1e-06

0.001149 1e-06

0.001174 2e-06

0.001175 1e-06

0.001183 2e-06

0.001192 1e-06

0.001187 2e-06

0.001176 2e-06

0.001178 1e-06

0.001154 1e-06

0.00115 2e-06

0.001143 2e-06

0.001731 2e-06

0.001161 1e-06

0.001183 2e-06

0.001699 2e-06

0.001151 1e-06

0.001138 2e-06

0.001206 1e-06

0.001251 1e-06

0.001197 1e-06

0.001149 1e-06

0.001177 1e-06

0.001182 1e-06

0.001187 2e-06

0.00115 1e-06

0.001155 2e-06

0.001151 1e-06

0.001179 1e-06

0.001148 1e-06

0.001158 1e-06

0.001143 1e-06

0.001151 1e-06

0.001194 2e-06

0.001194 3e-06

0.001182 1e-06

0.001161 1e-06

0.001148 1e-06

0.001191 2e-06

0.001156 2e-06

0.001153 1e-06

0.001151 2e-06

0.001192 1e-06

0.001151 1e-06

0.001149 1e-06

0.001149 1e-06

0.001159 1e-06

0.001218 2e-06

0.001149 1e-06

0.001157 1e-06

0.00115 2e-06

0.001202 1e-06

0.001157 2e-06

0.00115 2e-06

0.00115 2e-06

0.001145 1e-06

0.001151 1e-06

0.001146 3e-06

0.001187 1e-06

0.001186 1e-06

0.001183 2e-06

0.001152 1e-06

0.001149 2e-06

0.001142 2e-06

0.001181 2e-06

0.00115 1e-06

0.001151 2e-06

0.001215 1e-06

0.001151 2e-06

0.001175 1e-06

0.001185 0

0.001149 1e-06

0.001152 1e-06

0.001175 1e-06

0.001147 1e-06

0.001145 2e-06

0.001151 1e-06

0.001145 1e-06

0.001152 1e-06

0.001149 2e-06

0.001177 1e-06

0.001154 1e-06

0.001157 2e-06

0.001179 1e-06

0.001156 1e-06

0.001148 2e-06

0.001143 1e-06

0.001141 1e-06

0.001196 2e-06

0.001148 1e-06

0.001154 1e-06

0.00118 2e-06

0.001184 2e-06

0.001176 2e-06

0.001156 1e-06

0.001149 1e-06

0.001153 1e-06

0.00115 1e-06

0.00115 2e-06

0.001153 1e-06

0.001148 1e-06

0.001171 2e-06

0.001227 1e-06

0.00115 1e-06

0.001188 2e-06

0.00115 1e-06

0.001178 1e-06

0.001152 1e-06

0.001148 2e-06

0.001143 1e-06

0.001152 1e-06

0.001144 1e-06

0.001142 2e-06

0.001179 1e-06

0.001187 2e-06

0.001201 2e-06

0.001183 1e-06

0.001151 1e-06

0.001148 1e-06

0.001156 2e-06

0.001145 0

0.001151 1e-06

0.001152 1e-06

0.001145 1e-06

0.001177 1e-06

0.00115 1e-06

0.001155 2e-06

0.001191 1e-06

0.001149 1e-06

0.001151 1e-06

0.001157 1e-06

0.001144 1e-06

0.001157 1e-06

0.001183 1e-06

0.001145 2e-06

0.001147 2e-06

0.00115 1e-06

0.001155 2e-06

0.001187 1e-06

0.001156 2e-06

0.001147 1e-06

0.001146 1e-06

0.001144 1e-06

0.001218 2e-06

0.001147 1e-06

0.001183 1e-06

0.001143 1e-06

0.001174 1e-06

0.001156 2e-06

0.001147 2e-06

0.001157 2e-06

0.001153 1e-06

0.00116 1e-06

0.001156 3e-06

0.001149 1e-06

0.001181 1e-06

0.001183 1e-06

0.001146 2e-06

0.001152 2e-06

0.001172 1e-06

0.001181 1e-06

0.001196 2e-06

0.001183 1e-06

0.001181 2e-06

0.001192 1e-06

0.001171 1e-06

0.001157 1e-06

0.001235 1e-06

0.001148 2e-06

0.001159 1e-06

0.001149 1e-06

0.001146 1e-06

0.00115 1e-06

0.001155 1e-06

0.001183 1e-06

0.001181 1e-06

0.001148 2e-06

0.001144 1e-06

0.001151 1e-06

0.001145 2e-06

0.001159 1e-06

0.001153 1e-06

0.001148 1e-06

0.001176 2e-06

0.001274 2e-06

0.001152 1e-06

0.001153 1e-06

0.001142 1e-06

0.001183 1e-06

0.001154 1e-06

0.001155 1e-06

0.001152 1e-06

0.00115 2e-06

0.001148 1e-06

0.001146 1e-06

0.001175 2e-06

0.00115 1e-06

0.001213 1e-06

0.001163 1e-06

0.001152 1e-06

0.001153 1e-06

0.001155 1e-06

0.001186 1e-06

0.001147 1e-06

0.001147 1e-06

0.001147 2e-06

0.001173 1e-06

0.001152 2e-06

0.001165 2e-06

0.001181 1e-06

0.001152 1e-06

0.001151 1e-06

0.001156 1e-06

0.001153 1e-06

0.001183 2e-06

0.001165 2e-06

0.001153 1e-06

0.00115 1e-06

0.001187 2e-06

0.001152 1e-06

0.001175 2e-06

0.001158 1e-06

0.001154 1e-06

0.001157 1e-06

0.001147 1e-06

0.001145 1e-06

0.001154 1e-06

0.001143 1e-06

0.001146 2e-06

0.001165 2e-06

0.001185 2e-06

0.00118 0

0.001178 1e-06

0.00115 1e-06

0.001143 2e-06

0.001148 1e-06

0.001156 1e-06

0.001148 2e-06

0.001186 1e-06

0.001247 2e-06

0.001148 1e-06

0.001152 2e-06

0.00118 1e-06

0.001186 1e-06

0.001154 2e-06

0.001151 2e-06

0.001149 1e-06

0.001184 1e-06

0.001154 1e-06

0.00115 1e-06

0.001149 2e-06

0.001151 2e-06

0.00116 2e-06

0.001185 1e-06

0.001181 1e-06

0.001281 2e-06

0.001207 2e-06

0.001174 1e-06

0.001183 1e-06

0.001149 2e-06

0.001152 1e-06

0.001143 1e-06

0.001151 1e-06

0.001148 2e-06

0.001186 1e-06

0.001184 1e-06

0.001183 1e-06

0.00119 1e-06

0.001149 2e-06

0.001146 1e-06

0.00115 1e-06

0.001144 1e-06

0.001159 2e-06

0.001153 1e-06

0.001149 1e-06

0.001176 1e-06

0.001157 2e-06

0.001181 1e-06

0.001189 2e-06

0.001216 2e-06

0.001249 2e-06

0.001147 1e-06

0.001145 1e-06

0.001148 1e-06

0.001176 1e-06

0.00115 1e-06

0.001153 1e-06

0.001146 2e-06

0.001179 1e-06

0.001157 2e-06

0.001147 2e-06

0.001145 2e-06

0.00115 1e-06

0.001152 1e-06

0.00115 2e-06

0.00115 1e-06

0.001159 1e-06

0.001187 1e-06

0.001156 1e-06

0.001149 1e-06

0.001185 2e-06

0.001183 2e-06

0.001183 1e-06

0.001165 2e-06

0.001141 1e-06

0.001149 2e-06

0.001147 2e-06

0.001151 1e-06

0.001153 2e-06

0.001144 2e-06

0.001177 1e-06

0.001199 2e-06

0.001151 2e-06

0.001175 2e-06

0.001183 2e-06

0.001182 1e-06

0.001149 1e-06

0.00115 2e-06

0.001158 1e-06

0.00115 1e-06

0.001175 1e-06

0.001144 1e-06

0.001153 1e-06

0.001174 1e-06

0.001185 1e-06

0.001219 1e-06

0.001174 1e-06

0.00117 2e-06

0.001154 1e-06

0.001172 1e-06

0.001149 2e-06

0.001145 1e-06

0.001148 1e-06

0.001151 1e-06

0.001156 2e-06

0.00122 2e-06

0.001179 2e-06

0.001185 2e-06

0.001173 1e-06

0.001178 1e-06

0.001146 1e-06

0.001157 1e-06

0.00115 1e-06

0.00115 1e-06

0.001152 1e-06

0.001147 2e-06

0.001175 1e-06

0.001155 1e-06

0.001177 1e-06

0.001189 1e-06

0.001151 1e-06

0.001145 2e-06

0.001168 1e-06

0.001148 1e-06

0.001163 1e-06

0.001146 1e-06

0.001156 2e-06

0.00115 2e-06

0.001152 2e-06

0.001177 2e-06

0.001182 1e-06

0.001186 1e-06

0.001155 2e-06

0.001149 1e-06

0.001189 1e-06

0.00118 2e-06

0.001161 2e-06

0.001153 1e-06

0.001152 1e-06

0.001153 1e-06

0.001209 1e-06

0.001184 1e-06

0.00118 1e-06

0.001148 2e-06

0.001151 1e-06

0.001151 2e-06

0.00123 2e-06

0.001156 1e-06

0.001159 1e-06

0.001141 1e-06

0.001176 2e-06

0.001181 2e-06

0.001187 1e-06

0.001151 1e-06

0.001155 1e-06

0.001154 1e-06

0.001152 0

0.001416 1e-06

0.001175 1e-06

0.00117 1e-06

0.001154 1e-06

0.001155 0

0.001217 1e-06

0.001151 1e-06

0.001191 1e-06

0.001191 2e-06

0.001161 1e-06

0.001153 1e-06

0.00115 1e-06

0.001152 1e-06

0.001158 1e-06

0.001157 2e-06

0.001181 1e-06

0.001146 2e-06

0.001151 2e-06

0.001141 1e-06

0.001212 1e-06

0.001151 2e-06

0.001153 1e-06

0.001153 1e-06

0.001148 2e-06

0.001178 1e-06

0.001151 1e-06

0.001146 1e-06

0.001177 1e-06

0.001156 1e-06

0.001146 1e-06

0.001242 2e-06

0.00116 1e-06

0.001182 1e-06

0.001175 1e-06

0.001186 1e-06

0.001152 1e-06

0.001147 1e-06

0.001171 1e-06

0.001158 1e-06

0.00115 1e-06

0.001156 2e-06

0.001165 2e-06

0.001168 1e-06

0.001186 1e-06

0.001155 2e-06

0.001157 1e-06

0.001155 1e-06

0.001187 1e-06

0.001147 1e-06

0.001144 1e-06

0.001156 1e-06

0.001151 2e-06

0.00115 2e-06

0.001151 1e-06

0.001178 2e-06

0.001184 1e-06

0.001211 1e-06

0.001159 2e-06

0.001153 1e-06

0.001156 2e-06

0.001155 1e-06

0.001154 1e-06

0.001148 1e-06

0.001149 1e-06

0.001151 1e-06

0.001184 2e-06

0.001148 1e-06

0.00118 1e-06

0.001156 4e-06

0.001154 3e-06

0.001154 1e-06

0.001157 1e-06

0.00115 2e-06

0.001157 2e-06

0.001155 2e-06

0.001187 1e-06

0.001184 2e-06

0.001178 1e-06

0.001178 1e-06

0.001185 1e-06

0.001157 2e-06

0.001145 1e-06

0.00115 1e-06

0.001151 2e-06

0.001156 1e-06

0.001219 2e-06

0.001151 1e-06

0.001155 2e-06

0.001208 1e-06

0.00116 1e-06

0.001158 0

0.001154 1e-06

0.001142 1e-06

0.001152 1e-06

0.001184 1e-06

0.00115 2e-06

0.001156 2e-06

0.001218 1e-06

0.001148 1e-06

0.00116 1e-06

0.001156 1e-06

0.001152 1e-06

0.001156 2e-06

0.001151 4e-06

0.001161 1e-06

0.001149 1e-06

0.001175 1e-06

0.001153 1e-06

0.001146 2e-06

0.001159 2e-06

0.00115 1e-06

0.001158 1e-06

0.001182 1e-06

0.00119 1e-06

0.001155 1e-06

0.001147 1e-06

0.001174 1e-06

0.001147 1e-06

0.001142 1e-06

0.001149 1e-06

0.001144 1e-06

0.001156 1e-06

0.001141 1e-06

0.001176 2e-06

0.001174 1e-06

0.00115 1e-06

0.001215 1e-06

0.001181 2e-06

0.00115 1e-06

0.001181 1e-06

0.001171 1e-06

0.00116 1e-06

0.001147 1e-06

0.001146 1e-06

0.001157 2e-06

0.001182 1e-06

0.001156 2e-06

0.001191 1e-06

0.001189 1e-06

0.001151 1e-06

0.001149 2e-06

0.001154 1e-06

0.001153 2e-06

0.001156 1e-06

0.001154 1e-06

0.00115 1e-06

0.001182 1e-06

0.001209 1e-06

0.001172 2e-06

0.001161 1e-06

0.001152 1e-06

0.001154 2e-06

0.001149 2e-06

0.001147 2e-06

0.001147 2e-06

0.001142 1e-06

0.001148 2e-06

0.001149 1e-06

0.00116 1e-06

0.00115 1e-06

0.001147 1e-06

0.001152 2e-06

0.001153 1e-06

0.001147 2e-06

0.001146 1e-06

0.00115 1e-06

0.001145 1e-06

0.001175 2e-06

0.001148 1e-06

0.00118 2e-06

0.001244 2e-06

0.001185 1e-06

0.001149 1e-06

0.001169 1e-06

0.001186 1e-06

0.001153 1e-06

0.001149 1e-06

0.001166 1e-06

0.001145 2e-06

0.00118 1e-06

0.001146 1e-06

0.001244 1e-06

0.001152 1e-06

0.001147 2e-06

0.001148 1e-06

0.001158 1e-06

0.001153 1e-06

0.001153 1e-06

0.001158 1e-06

0.001152 1e-06

0.001148 1e-06

0.001202 1e-06

0.001144 1e-06

0.001206 1e-06

0.001184 2e-06

0.001178 2e-06

0.001151 1e-06

0.001163 1e-06

0.001148 1e-06

0.001157 1e-06

0.001146 2e-06

0.001153 3e-06

0.001146 1e-06

0.001148 1e-06

0.001156 1e-06

0.001155 1e-06

0.001192 1e-06

0.00118 1e-06

0.001179 2e-06

0.001152 1e-06

0.001151 2e-06

0.001182 1e-06

0.001181 2e-06

0.001445 2e-06

0.001151 1e-06

0.001156 2e-06

0.001145 1e-06

0.00115 1e-06

0.001183 1e-06

0.001152 1e-06

0.001178 2e-06

0.001154 1e-06

0.001143 1e-06

0.001143 1e-06

0.001146 2e-06

0.001153 1e-06

0.001153 1e-06

0.001227 1e-06

0.001146 2e-06

0.001177 1e-06

0.00116 1e-06

0.001152 1e-06

0.001158 1e-06

0.001156 1e-06

0.00115 2e-06

0.00115 1e-06

0.001183 1e-06

0.001162 2e-06

0.001187 1e-06

0.001157 1e-06

0.001154 1e-06

0.001189 1e-06

0.001153 2e-06

0.001156 1e-06

0.001176 2e-06

0.001155 2e-06

0.001155 1e-06

0.001149 2e-06

0.00115 1e-06

0.001148 2e-06

0.001147 2e-06

0.001146 1e-06

0.001213 1e-06

0.001215 1e-06

0.001187 1e-06

0.001182 1e-06

0.001176 2e-06

0.001148 2e-06

0.001154 1e-06

0.001151 1e-06

0.001151 1e-06

0.001183 1e-06

0.00115 1e-06

0.001213 2e-06

0.001154 2e-06

0.001156 1e-06

0.001184 2e-06

0.001151 1e-06

0.001142 1e-06

0.001149 1e-06

0.001182 1e-06

0.001149 2e-06

0.001155 1e-06

0.001152 1e-06

0.001148 1e-06

0.001152 2e-06

0.00118 1e-06

0.001193 1e-06

0.00115 1e-06

0.001177 1e-06

0.001149 1e-06

0.001153 1e-06

0.001152 1e-06

0.001147 1e-06

0.001154 1e-06

0.001149 2e-06

0.001149 1e-06

0.001156 2e-06

0.001173 2e-06

0.001184 1e-06

0.001156 2e-06

0.001157 1e-06

0.001156 1e-06

0.001183 1e-06

0.001175 1e-06

0.001146 2e-06

0.001149 2e-06

0.00115 2e-06

0.001156 1e-06

0.001153 1e-06

0.001149 1e-06

0.001152 2e-06

0.001179 1e-06

0.001155 2e-06

0.001219 1e-06

0.001153 2e-06

0.001159 2e-06

0.001187 2e-06

0.001153 2e-06

0.001151 2e-06

0.001148 1e-06

0.001205 1e-06

0.001176 1e-06

0.001212 1e-06

0.001153 1e-06

0.001154 2e-06

0.001154 1e-06

0.001148 1e-06

0.001143 1e-06

0.001146 1e-06

0.001174 1e-06

0.001153 1e-06

0.001147 1e-06

0.001178 1e-06

0.001188 1e-06

0.001184 2e-06

0.001152 2e-06

0.001187 2e-06

0.001146 2e-06

0.001159 1e-06

0.001145 1e-06

0.001153 2e-06

0.001159 1e-06

0.001153 1e-06

0.001149 2e-06

0.001177 2e-06

0.001154 1e-06

0.001146 1e-06

0.001155 1e-06

0.001149 1e-06

0.001149 1e-06

0.00115 2e-06

0.00115 2e-06

0.001182 1e-06

0.001148 1e-06

0.00115 2e-06

0.001155 1e-06

0.00115 2e-06

0.001182 1e-06

0.001178 1e-06

0.001145 1e-06

0.001155 1e-06

0.001176 1e-06

0.001159 1e-06

0.001146 2e-06

0.00115 1e-06

0.001149 2e-06

0.001158 2e-06

0.001171 1e-06

0.001247 1e-06

0.001149 2e-06

0.001157 1e-06

0.001149 1e-06

0.001155 1e-06

0.00115 1e-06

0.001152 1e-06

0.001142 2e-06

0.001153 2e-06

0.001153 1e-06

0.001147 1e-06

0.001145 1e-06

0.001187 2e-06

0.001152 2e-06

0.001143 1e-06

0.00116 1e-06

0.001186 1e-06

0.001144 1e-06

0.001174 1e-06

0.001164 1e-06

0.001143 1e-06

0.001152 2e-06

0.00115 1e-06

0.001152 2e-06

0.001178 2e-06

0.001182 2e-06

0.001153 1e-06

0.001147 1e-06

0.001159 1e-06

0.001154 1e-06

0.00118 2e-06

0.001187 1e-06

0.001152 1e-06

0.001186 1e-06

0.001213 1e-06

0.001179 1e-06

0.001157 1e-06

0.001151 2e-06

0.001148 1e-06

0.001147 2e-06

0.001154 1e-06

0.001219 1e-06

0.001149 1e-06

0.001146 1e-06

0.001147 2e-06

0.001186 2e-06

0.001183 1e-06

0.001185 1e-06

0.001149 1e-06

0.001156 1e-06

0.001155 1e-06

0.001151 2e-06

0.001153 1e-06

0.001154 1e-06

0.001153 1e-06

0.001145 2e-06

0.001153 1e-06

0.001208 1e-06

0.001162 2e-06

0.001153 2e-06

0.001145 1e-06

0.001149 0

0.001146 1e-06

0.001146 2e-06

0.001151 1e-06

0.00115 1e-06

0.00118 1e-06

0.001207 2e-06

0.001224 1e-06

0.001182 2e-06

0.001189 2e-06

0.001168 1e-06

0.001177 1e-06

0.001154 2e-06

0.001153 1e-06

0.001153 1e-06

0.001157 1e-06

0.001153 1e-06

0.001147 2e-06

0.001151 1e-06

0.001183 1e-06

0.001147 3e-06

0.001173 1.3e-05

0.001151 2e-06

0.001148 1e-06

0.001185 1e-06

0.001152 1e-06

0.001156 1e-06

0.001148 1e-06

0.001182 2e-06

0.001148 1e-06

0.001202 1e-06

0.001159 1e-06

0.001165 2e-06

0.001152 2e-06

0.001152 1e-06

0.001214 2e-06

0.001154 2e-06

0.001181 1e-06

0.001155 2e-06

0.001153 1e-06

0.00115 2e-06

0.001188 1e-06

0.001183 1e-06

0.001179 1e-06

0.001187 1e-06

0.001151 1e-06

0.001184 1e-06

0.001149 2e-06

0.001144 2e-06

0.001156 1e-06

0.001149 1e-06

0.001151 1e-06

0.001156 2e-06

0.001158 1e-06

0.001156 1e-06

0.001155 1e-06

0.001146 1e-06

0.001162 1e-06

0.001149 1e-06

0.001149 1e-06

0.001162 1e-06

0.001153 1e-06

0.001148 1e-06

0.001152 1e-06

0.001155 1e-06

0.001174 1e-06

0.001181 1e-06

0.001151 2e-06

0.001151 1e-06

0.001186 2e-06

0.001153 1e-06

0.00115 2e-06

0.00114 1e-06

0.001153 1e-06

0.001145 2e-06

0.001151 1e-06

0.001212 1e-06

0.001185 1e-06

0.001177 1e-06

0.001179 2e-06

0.001155 2e-06

0.001153 1e-06

0.001156 1e-06

0.001154 1e-06

0.001151 2e-06

0.001154 1e-06

0.00115 1e-06

0.001173 2e-06

0.001153 1e-06

0.001182 1e-06

0.001161 2e-06

0.001153 2e-06

0.001147 1e-06

0.001158 2e-06

0.001169 2e-06

0.001153 1e-06

0.001141 2e-06

0.001162 1e-06

0.001146 2e-06

0.001158 1e-06

0.00115 1e-06

0.001186 1e-06

0.001157 2e-06

0.001161 1e-06

0.001147 1e-06

0.00115 2e-06

0.001147 2e-06

0.001224 1e-06

0.001149 2e-06

0.001154 1e-06

0.001178 1e-06

0.001188 2e-06

0.001148 1e-06

0.001183 1e-06

0.00115 1e-06

0.001153 1e-06

0.001151 1e-06

0.001154 2e-06

0.001153 1e-06

0.001186 1e-06

0.001148 1e-06

0.001158 1e-06

0.001147 1e-06

0.001156 1e-06

0.001148 3e-06

0.001153 1e-06

0.001152 1e-06

0.001156 2e-06

0.001148 1e-06

0.001159 1e-06

0.001149 2e-06

0.001222 1e-06

0.001144 1e-06

0.001154 2e-06

0.001182 1e-06

0.001154 2e-06

0.001149 1e-06

0.001152 2e-06

0.001152 1e-06

0.001156 1e-06

0.001155 1e-06

0.001158 1e-06

0.001177 1e-06

0.001152 1e-06

0.001156 1e-06

0.001156 1e-06

0.001149 1e-06

0.001152 1e-06

0.001153 1e-06

0.001154 1e-06

0.001162 1e-06

0.00118 1e-06

0.00115 2e-06

0.001146 1e-06

0.001143 1e-06

0.001148 1e-06

0.001184 2e-06

0.001156 1e-06

0.001188 1e-06

0.001459 2e-06

0.001171 2e-06

0.001149 1e-06

0.001176 1e-06

0.001166 3e-06

0.001157 1e-06

0.001156 1e-06

0.001149 1e-06

0.001199 1e-06

0.00122 1e-06

0.001148 1e-06

0.00115 1e-06

0.00115 1e-06

0.001228 3e-06

