0.001149 8.6e-05

0.001263 0.000121

0.001148 9.6e-05

0.001152 9.7e-05

0.001151 0.000143

0.001157 0.000115

0.001197 9.2e-05

0.001159 0.000154

0.001198 0.000121

0.001159 8.2e-05

0.001146 7.8e-05

0.001183 0.000116

0.001144 7.7e-05

0.001184 0.000121

0.001182 9e-05

0.001182 0.000106

0.001158 9.1e-05

0.001157 0.000116

0.001213 0.000116

0.001165 0.00012

0.00115 0.000109

0.001152 0.000114

0.001147 8e-05

0.001153 9.8e-05

0.001153 8.5e-05

0.001149 0.000105

0.001153 0.00011

0.001151 0.00014

0.00119 0.000102

0.001195 7.3e-05

0.001159 0.000105

0.001181 0.0001

0.00115 9.3e-05

0.001157 0.00013

0.00115 9.8e-05

0.001147 0.000124

0.001149 8.6e-05

0.001202 8.1e-05

0.001198 0.00014

0.001188 0.000115

0.001181 0.00013

0.001189 9e-05

0.001182 9.2e-05

0.001194 7.9e-05

0.001152 0.000122

0.001183 8.7e-05

0.001142 0.000119

0.001159 8.7e-05

0.001147 7.4e-05

0.001167 9.7e-05

0.001173 0.000131

0.001191 8.9e-05

0.001154 9.3e-05

0.001172 0.000161

0.001151 8.5e-05

0.001157 9.3e-05

0.001152 9.3e-05

0.001152 0.000115

0.001236 0.000125

0.001183 0.000128

0.001154 7.7e-05

0.001153 8.8e-05

0.001168 0.000147

0.001149 8.1e-05

0.001142 0.000148

0.001221 7.7e-05

0.001144 7.5e-05

0.001151 0.000134

0.001157 0.000125

0.001155 8.6e-05

0.001149 0.000111

0.001149 0.000105

0.001187 0.00012

0.001158 9.4e-05

0.001154 8.8e-05

0.001151 7.5e-05

0.001178 0.000101

0.001219 0.000151

0.001146 0.000106

0.001158 0.000121

0.001178 8.7e-05

0.001148 0.000132

0.001156 8e-05

0.001154 0.000122

0.001173 7.5e-05

0.001184 9.2e-05

0.001144 0.000127

0.00115 0.000134

0.001166 0.000131

0.00115 7.9e-05

0.001182 0.00014

0.001154 9.7e-05

0.001151 8.3e-05

0.001154 0.000117

0.00118 0.000107

0.001147 8.7e-05

0.001143 0.000133

0.001152 7.4e-05

0.00115 0.000109

0.001161 0.000118

0.001148 0.000137

0.001156 0.000109

0.001148 0.000109

0.001161 0.0001

0.00118 0.000131

0.00118 7.6e-05

0.001172 0.000117

0.001148 0.000108

0.001146 0.000109

0.001154 8.8e-05

0.001149 9.4e-05

0.001151 0.000125

0.001239 0.000131

0.001163 0.000111

0.001157 0.000107

0.001188 0.000147

0.001185 0.000133

0.001151 0.000134

0.001161 7.5e-05

0.001182 0.000134

0.001147 7.5e-05

0.001188 7.9e-05

0.001158 9.2e-05

0.001184 9.3e-05

0.001156 9.3e-05

0.001157 9.5e-05

0.001147 9.4e-05

0.001182 8.3e-05

0.001147 0.000105

0.001152 7.7e-05

0.001151 8.7e-05

0.001278 8.8e-05

0.001176 0.000156

0.001151 8.2e-05

0.001144 0.000143

0.001164 0.000126

0.001158 9.2e-05

0.001222 9.8e-05

0.00116 0.000114

0.001158 8.7e-05

0.001152 0.000125

0.001153 8.7e-05

0.00115 0.000121

0.001155 0.000107

0.001141 8.8e-05

0.00115 7.6e-05

0.001151 0.000101

0.001147 0.000151

0.001152 7.8e-05

0.001185 8.7e-05

0.001155 0.00016

0.001156 8.3e-05

0.001148 9.3e-05

0.00117 0.000112

0.001148 0.000149

0.001186 8.6e-05

0.001154 0.000114

0.001144 7.4e-05

0.001151 9.1e-05

0.00116 0.000111

0.001153 7.2e-05

0.001154 0.000112

0.001146 8.5e-05

0.001157 7.5e-05

0.001154 0.0001

0.001152 0.000109

0.001154 8.2e-05

0.001161 0.000124

0.001162 0.000105

0.001151 0.000107

0.001151 9.9e-05

0.001306 8.7e-05

0.001153 0.000134

0.001158 0.00011

0.00115 0.000158

0.00118 8.8e-05

0.001147 8.6e-05

0.001151 0.00012

0.001174 0.000116

0.001184 0.000106

0.001195 0.000119

0.001153 0.000106

0.001144 0.000106

0.001153 0.000152

0.001212 7.6e-05

0.001183 9.4e-05

0.001261 0.000126

0.001151 0.000132

0.001148 9.6e-05

0.001148 0.0001

0.001148 0.00011

0.001157 9.4e-05

0.001142 0.000103

0.001155 0.00011

0.001146 0.000153

0.00116 0.000182

0.001155 0.000102

0.001166 0.000157

0.00115 9.3e-05

0.001156 0.000103

0.001148 7.5e-05

0.001205 0.000121

0.001162 8e-05

0.001155 0.000102

0.001152 0.000116

0.001184 0.000126

0.001212 7.9e-05

0.001157 8.2e-05

0.001186 9.4e-05

0.001209 9.2e-05

0.001151 0.000104

0.001186 0.00011

0.001152 8.1e-05

0.00119 9.7e-05

0.001152 8.1e-05

0.001158 7.8e-05

0.00115 0.000168

0.001145 0.000138

0.001142 8.8e-05

0.001165 0.000108

0.001148 8.9e-05

0.001151 8.8e-05

0.001148 0.000111

0.001155 0.000134

0.001182 9.3e-05

0.001186 8.4e-05

0.00121 0.00012

0.001181 0.000116

0.001171 7.4e-05

0.001151 8.7e-05

0.001144 0.000101

0.00118 0.00012

0.001152 0.000102

0.001153 0.000117

0.001146 7.8e-05

0.001148 0.000139

0.001155 0.000109

0.001154 0.000116

0.001166 0.000117

0.00115 0.000104

0.001186 0.000148

0.001189 8.6e-05

0.001186 9.4e-05

0.001151 0.000102

0.001182 0.000111

0.001188 0.000121

0.001155 7.6e-05

0.001151 0.000107

0.001176 0.000142

0.001144 0.000163

0.001158 0.000101

0.00115 9.7e-05

0.00115 8.5e-05

0.001216 9.1e-05

0.001159 0.000126

0.001161 0.000137

0.001151 0.000101

0.00115 8.3e-05

0.001139 8.2e-05

0.001192 8.4e-05

0.001145 9e-05

0.001148 0.000118

0.001153 0.000162

0.001148 0.000157

0.001163 0.000127

0.001176 9.7e-05

0.001149 7.4e-05

0.001153 0.000105

0.001145 0.00012

0.001154 0.000116

0.001147 9.2e-05

0.001184 0.000122

0.001141 0.00016

0.001156 9.2e-05

0.001149 0.000137

0.001178 8.1e-05

0.00115 0.0001

0.001155 7.5e-05

0.001146 0.000107

0.001206 9.5e-05

0.001151 8.4e-05

0.001186 9.6e-05

0.001179 0.000113

0.001206 7.2e-05

0.001182 0.000122

0.001153 9e-05

0.001149 0.000173

0.001155 0.000131

0.001217 9.7e-05

0.00116 0.000136

0.001151 0.000108

0.001151 0.000138

0.001177 0.000116

0.001184 0.000109

0.001155 0.000123

0.001154 7.7e-05

0.001169 7.8e-05

0.001149 0.000105

0.00115 0.00017

0.001151 0.000141

0.001144 9.8e-05

0.001158 0.000114

0.001187 0.000119

0.001145 0.000105

0.001153 8e-05

0.001183 0.000116

0.001189 0.000101

0.001183 0.000131

0.001141 0.000111

0.001151 0.000111

0.001163 0.000109

0.001156 0.00011

0.001148 9e-05

0.001145 7.4e-05

0.001178 0.000102

0.001148 0.000118

0.001152 0.000121

0.001158 0.000108

0.001147 9e-05

0.001154 7.6e-05

0.001148 0.000121

0.00115 0.000114

0.001152 0.000105

0.001229 7.8e-05

0.001158 0.0001

0.001189 0.000119

0.001156 0.000133

0.001148 0.000147

0.001152 8e-05

0.00115 0.000145

0.001159 7.8e-05

0.001152 9.3e-05

0.00115 9.2e-05

0.001155 0.000107

0.001156 8.4e-05

0.001206 0.000127

0.001182 0.000101

0.001151 0.000103

0.001154 0.0001

0.001158 8e-05

0.00119 0.000135

0.00118 0.000101

0.001147 0.000129

0.001151 7.5e-05

0.001154 0.000108

0.001155 0.000117

0.001145 8.5e-05

0.001149 0.000125

0.00116 9.8e-05

0.001166 0.000142

0.001159 9.1e-05

0.00115 0.00013

0.001158 9e-05

0.001186 8e-05

0.001155 9e-05

0.001183 0.00011

0.001151 9e-05

0.001189 0.000117

0.001154 9.1e-05

0.001153 0.000131

0.001148 0.000124

0.001148 9.8e-05

0.001148 0.000112

0.001153 0.000125

0.001152 0.000106

0.001156 9e-05

0.001149 0.000126

0.001152 9.5e-05

0.001153 0.000133

0.001167 0.00011

0.00121 0.000145

0.001147 0.000116

0.001153 9.7e-05

0.001161 9.6e-05

0.00115 9.5e-05

0.001154 0.00014

0.001161 0.000142

0.001161 0.000129

0.001151 0.000137

0.001159 0.000105

0.001211 0.000108

0.00115 0.000133

0.001144 0.000136

0.001156 8.1e-05

0.001178 0.000131

0.001153 7.5e-05

0.001147 8.4e-05

0.001158 8.4e-05

0.001197 0.000101

0.001148 9.4e-05

0.001141 0.000119

0.001149 0.000116

0.001158 7.9e-05

0.001177 9.7e-05

0.001155 0.000101

0.001158 8.7e-05

0.001149 8.7e-05

0.001161 0.000106

0.001179 9.4e-05

0.001155 0.000119

0.001155 0.000103

0.001146 9.8e-05

0.001148 0.000105

0.001152 8.1e-05

0.001146 0.000157

0.001154 8.5e-05

0.001164 9.5e-05

0.001152 0.000126

0.001159 7.6e-05

0.001147 8.6e-05

0.001147 9.2e-05

0.001147 0.000116

0.001177 0.000122

0.001177 8e-05

0.001196 0.000147

0.001185 9.4e-05

0.001151 8.2e-05

0.001229 7.4e-05

0.001154 0.000143

0.001145 8.6e-05

0.001133 0.000122

0.001162 9.6e-05

0.001149 0.000121

0.001156 0.000111

0.001142 8.5e-05

0.001151 8.4e-05

0.001151 0.000119

0.001156 0.000179

0.001149 0.000105

0.001184 0.00013

0.001207 8.1e-05

0.001191 9.2e-05

0.001141 0.000141

0.001154 7.7e-05

0.001142 0.00016

0.001184 8e-05

0.001141 0.000133

0.001156 0.000119

0.001154 0.000125

0.001162 0.000121

0.001183 9.9e-05

0.001178 0.000136

0.001154 0.000127

0.001162 0.00015

0.001146 0.0001

0.00116 0.000102

0.001151 0.000107

0.001157 7.7e-05

0.001156 0.000105

0.001153 9.8e-05

0.001148 0.000108

0.001144 8.3e-05

0.001148 0.00012

0.001154 0.000121

0.00115 8.4e-05

0.001157 9.6e-05

0.001174 0.000105

0.001188 0.000106

0.001179 8e-05

0.001188 7.5e-05

0.001155 9.3e-05

0.001219 8.9e-05

0.001157 0.000139

0.00116 0.000121

0.001222 0.000117

0.001153 0.000135

0.00115 0.000124

0.001157 0.000107

0.001179 0.000126

0.001145 0.000156

0.001186 0.000134

0.001154 8.5e-05

0.001182 0.000124

0.001156 0.000153

0.001166 8.8e-05

0.001153 9.8e-05

0.001149 8e-05

0.001146 0.000112

0.001185 0.000119

0.001153 9.3e-05

0.001149 0.000148

0.001187 7.6e-05

0.001155 7.6e-05

0.001151 0.000118

0.001152 0.000105

0.001169 8.4e-05

0.001155 0.000121

0.001149 9.4e-05

0.001153 0.000131

0.001153 0.000149

0.001154 0.000102

0.001152 0.000104

0.001146 8.9e-05

0.001155 0.000147

0.001146 0.000112

0.001147 0.000118

0.001147 0.000109

0.00115 9.3e-05

0.001158 0.000162

0.001222 9.5e-05

0.001178 9.9e-05

0.001153 9.5e-05

0.001184 0.00013

0.00115 0.000143

0.001158 0.000111

0.001184 0.000112

0.001145 0.000171

0.001163 9.2e-05

0.001144 0.000108

0.001188 0.000106

0.001151 0.000113

0.001163 7.5e-05

0.001154 0.000109

0.001152 9.8e-05

0.001178 8e-05

0.001197 0.0001

0.001181 0.000106

0.001182 9.4e-05

0.001155 0.000119

0.001143 9.4e-05

0.001142 0.000101

0.001149 0.000118

0.001178 9e-05

0.001186 7.7e-05

0.001144 0.000117

0.001148 0.000118

0.001141 0.000112

0.001164 0.000101

0.001205 0.000174

0.001179 0.000109

0.001155 8.4e-05

0.001182 0.000126

0.001153 0.00012

0.00115 0.000136

0.001218 0.000108

0.001185 0.000112

0.001185 0.000143

0.001154 0.000126

0.001156 0.000107

0.001156 9.8e-05

0.001168 9.1e-05

0.001154 0.000106

0.001147 0.000101

0.001147 9.8e-05

0.001164 0.000118

0.001154 9.4e-05

0.001148 0.000105

0.001154 0.000122

0.001154 9.5e-05

0.001173 0.000135

0.001153 0.000127

0.001184 0.000134

0.001202 0.000105

0.00116 0.0001

0.001166 0.000193

0.001152 0.000137

0.001146 8.5e-05

0.001213 7.4e-05

0.00115 7.7e-05

0.001162 7.6e-05

0.00115 8.1e-05

0.001157 7.5e-05

0.001149 0.000108

0.00115 0.000136

0.001146 7.8e-05

0.001161 9.9e-05

0.001168 9.4e-05

0.001156 9.4e-05

0.001188 9.3e-05

0.001192 0.000115

0.001181 8.3e-05

0.001189 0.000124

0.00116 0.000151

0.001158 8.4e-05

0.001151 0.000136

0.001183 9.9e-05

0.001149 7.5e-05

0.001153 0.000124

0.001153 0.000107

0.00118 9e-05

0.001149 8.8e-05

0.001223 0.000176

0.001178 0.000147

0.001156 0.000123

0.001155 0.000103

0.001162 8.5e-05

0.001154 8.7e-05

0.001149 0.000105

0.001149 9.4e-05

0.001151 9.8e-05

0.001146 0.000138

0.001154 9.7e-05

0.001148 0.000104

0.001154 0.000129

0.001153 9.4e-05

0.001153 0.00014

0.00115 0.000131

0.001154 0.000154

0.001183 0.000162

0.001157 0.000125

0.001152 8.2e-05

0.00116 0.000122

0.00115 0.000125

0.00115 0.000102

0.001213 0.000132

0.001154 0.000121

0.001175 0.000136

0.00122 8.2e-05

0.001153 8.7e-05

0.001189 0.000112

0.001198 0.000109

0.001154 0.000109

0.001145 9.6e-05

0.00115 9.8e-05

0.001154 8e-05

0.001154 0.0001

0.001146 0.000105

0.001181 9e-05

0.00115 8.1e-05

0.00115 9.3e-05

0.00114 8.4e-05

0.001152 0.000106

0.001148 0.000107

0.001148 9.5e-05

0.001147 0.000122

0.001179 8.2e-05

0.001146 9.5e-05

0.001153 0.000106

0.001157 0.000149

0.00115 8.3e-05

0.001153 0.000127

0.001153 0.000136

0.001146 8.6e-05

0.00115 8.4e-05

0.001149 0.000104

0.001159 7.6e-05

0.00115 0.000139

0.001148 9.3e-05

0.001156 7.8e-05

0.001156 0.000106

0.001186 0.000121

0.001151 8.6e-05

0.001148 7.4e-05

0.001161 8.6e-05

0.001162 0.000106

0.001149 0.000107

0.00118 0.000125

0.001147 0.000128

0.001148 8.2e-05

0.001154 0.000114

0.001148 0.000101

0.001153 0.000143

0.00115 9.6e-05

0.001153 0.000127

0.00115 0.000103

0.001144 0.000164

0.001154 0.000102

0.001191 8.8e-05

0.001155 0.000105

0.001153 0.00015

0.001145 0.000109

0.00117 0.000134

0.001146 0.000121

0.001216 0.000182

0.001152 0.000158

0.001179 0.000115

0.001183 0.000115

0.001151 0.00018

0.001146 0.000108

0.001154 0.000108

0.001156 7.6e-05

0.001152 0.000122

0.001159 0.000111

0.001156 0.000121

0.001154 0.000133

0.00117 0.000139

0.001179 9.1e-05

0.00115 0.00011

0.001149 7.7e-05

0.001161 0.000139

0.001221 9.7e-05

0.001158 0.000144

0.001148 0.000117

0.001155 0.000121

0.001152 0.000126

0.001153 0.000107

0.00115 9.2e-05

0.001182 0.00013

0.001146 8.6e-05

0.001158 7.7e-05

0.001145 0.000108

0.001153 8.8e-05

0.001156 0.000113

0.001185 0.000114

0.001178 0.0001

0.001182 0.0001

0.001161 7.3e-05

0.001148 9e-05

0.001142 8.6e-05

0.001155 9.7e-05

0.001146 7.7e-05

0.001149 0.000133

0.00115 9.6e-05

0.001154 9.7e-05

0.001143 9e-05

0.001152 9.3e-05

0.001141 0.000111

0.001149 9.4e-05

0.001153 0.00012

0.00118 7.5e-05

0.001185 0.000107

0.001188 8.6e-05

0.001157 0.00011

0.001157 0.000103

0.001184 9.7e-05

0.001157 0.000116

0.001153 8.6e-05

0.001154 0.000103

0.001152 7.6e-05

0.001154 7.6e-05

0.001147 0.00012

0.001155 7.3e-05

0.001151 0.000107

0.001153 8.2e-05

0.001153 9.3e-05

0.00116 9.6e-05

0.001149 0.000171

0.001158 8.2e-05

0.001147 8.1e-05

0.001155 0.000102

0.001155 8.5e-05

0.00116 8.3e-05

0.001177 9.3e-05

0.001155 9.9e-05

0.00115 0.000111

0.001155 0.000118

0.001177 0.000101

0.001155 0.000105

0.001154 8.4e-05

0.001159 0.000112

0.001181 0.000107

0.001151 0.000117

0.001146 0.000123

0.001148 0.000135

0.00115 8.1e-05

0.001146 0.000133

0.00115 0.000107

0.001183 7.9e-05

0.001149 8.9e-05

0.001156 9.8e-05

0.001185 0.000126

0.001184 0.000116

0.001152 8.1e-05

0.001154 0.000124

0.001159 0.000122

0.001146 0.000118

0.001143 9.8e-05

0.001233 7.5e-05

0.001184 8.9e-05

0.00116 0.000158

0.001146 0.000116

0.001188 8.7e-05

0.001179 9.4e-05

0.001182 8.1e-05

0.001172 9.4e-05

0.001186 7.4e-05

0.001192 7.9e-05

0.001183 0.000112

0.001148 9.9e-05

0.001256 8.4e-05

0.001209 0.00012

0.001162 0.000112

0.001151 9.6e-05

0.001151 8.2e-05

0.001144 0.000128

0.001147 0.000115

0.001145 0.000104

0.001155 0.000121

0.00115 0.000117

0.001189 0.000107

0.001151 0.000174

0.001156 9.4e-05

0.001151 0.000119

0.001149 0.000132

0.001145 9.7e-05

0.001153 7.5e-05

0.001161 0.000106

0.001152 0.000111

0.001141 0.000143

0.001149 7.9e-05

0.001178 0.000103

0.001153 0.000151

0.001148 0.000105

0.001198 9.3e-05

0.001161 0.000117

0.001153 7.5e-05

0.001148 0.000117

0.001151 0.000103

0.001149 7.8e-05

0.001159 8.1e-05

0.0013 0.000112

0.001148 8.6e-05

0.001151 0.000106

0.001153 0.0001

0.001152 0.000168

0.001163 0.000111

0.001149 0.000108

0.001152 9.4e-05

0.001151 7.5e-05

0.001179 0.000141

0.001143 7.8e-05

0.001158 9.8e-05

0.001154 8.1e-05

0.001148 7.6e-05

0.00115 0.00014

0.001175 0.000113

0.001156 0.00016

0.001175 8.8e-05

0.001152 0.000102

0.001156 0.000119

0.00118 9.9e-05

0.001151 9.9e-05

0.00119 0.000125

0.001159 0.000142

0.001152 0.000116

0.00116 0.000126

0.00119 0.000101

0.001159 0.000131

0.00118 0.0001

0.00119 8.8e-05

0.00114 0.000115

0.001147 9e-05

0.001147 0.000134

0.001185 0.000142

0.00115 9.9e-05

0.001152 9.1e-05

0.00115 8.2e-05

0.001178 0.000127

0.001146 0.000129

0.00115 9.4e-05

0.001152 0.00012

0.001147 0.000106

0.001149 0.000138

0.001156 0.000154

0.001149 0.000121

0.001153 7.5e-05

0.001153 8.5e-05

0.001155 8.7e-05

0.001142 8.6e-05

0.001159 9.9e-05

0.001147 7.5e-05

0.001152 0.000113

0.001164 8.5e-05

0.001148 8.3e-05

0.001153 0.000175

0.00116 0.000113

0.001148 0.000122

0.001155 8.5e-05

0.001181 7.3e-05

0.001164 0.000106

0.001162 0.000139

0.001157 9.4e-05

0.001146 8.7e-05

0.001214 9.3e-05

0.001182 0.000103

0.001152 0.000118

0.00115 9.2e-05

0.001154 7.9e-05

0.001147 0.000107

0.001155 0.000113

0.001147 0.000122

0.00116 9.4e-05

0.001146 0.00011

0.001249 0.000115

0.00115 0.000114

0.001171 9.9e-05

0.001166 0.000141

0.001155 0.000147

0.001154 0.000123

0.001152 0.00012

0.001146 8.2e-05

0.001158 0.000114

0.001146 0.00016

0.001194 0.000107

0.001179 0.00014

0.001158 0.000118

0.001143 9e-05

0.001173 8.1e-05

0.001139 0.000101

0.001154 8.4e-05

0.00116 7.9e-05

0.00115 0.00014

0.001147 9.1e-05

0.001156 7.7e-05

0.001146 0.00012

0.001152 7.5e-05

0.001156 0.000133

0.001156 9.3e-05

0.001149 9.2e-05

0.001248 0.000121

0.001185 7.9e-05

0.001189 8.2e-05

0.001176 8.6e-05

0.001179 0.000143

0.001149 9.7e-05

0.001186 8e-05

0.001156 8.2e-05

0.001181 0.000126

0.00119 0.000155

0.001145 9.3e-05

0.001217 8.2e-05

0.001183 0.000131

0.001148 0.000143

0.001158 9.3e-05

0.001151 9.3e-05

0.001152 0.000129

0.001153 0.000142

0.001158 8.7e-05

0.001159 0.000106

0.001153 0.000121

0.001179 0.000136

0.001153 9.8e-05

0.001147 9.6e-05

0.001189 0.000143

0.001146 0.000145

0.00115 0.000108

0.00116 0.000115

0.001155 7.5e-05

0.001147 0.000102

0.001147 0.000112

0.001189 8.7e-05

0.001159 0.000107

0.001149 0.000102

0.001259 0.000119

0.00116 0.0001

0.001152 8.7e-05

0.001139 0.000109

0.001159 7.3e-05

0.001149 7.5e-05

0.001147 0.000112

0.001147 8.8e-05

0.001151 0.000138

0.001152 8.5e-05

0.001155 0.00013

0.001146 8.2e-05

0.001159 9.8e-05

0.001145 0.000107

0.001152 0.000102

0.001154 8.3e-05

0.001156 8.9e-05

0.00118 0.000146

0.001188 0.000115

0.001186 7.5e-05

0.001194 0.000141

0.001152 7.2e-05

0.001151 7.7e-05

0.001145 8.9e-05

0.001209 9e-05

0.001183 7.8e-05

0.001157 0.000165

0.001154 8.1e-05

0.001149 0.000127

0.001148 9.1e-05

0.001154 0.000146

0.001152 0.00013

0.001183 9.4e-05

0.001154 0.000138

0.001146 0.000124

0.001147 0.000144

0.001159 0.000129

0.001151 8.2e-05

0.001155 9.1e-05

0.001146 0.000137

0.001185 7.9e-05

0.00114 0.000136

0.001153 0.000154

0.001183 8.6e-05

0.001186 0.000118

0.001183 0.000104

0.001156 0.000139

0.001203 0.000101

0.001154 0.000159

0.00115 0.000123

0.001149 9.3e-05

0.00115 0.000144

0.001163 7.6e-05

0.001154 9.2e-05

0.001153 0.000104

0.001151 0.000148

0.001159 0.000102

0.00123 0.000101

0.001161 8e-05

0.001226 0.000125

0.001231 0.000132

0.001152 8e-05

0.00115 0.000109

0.001183 0.000142

0.001183 9.2e-05

0.001143 0.000116

0.001169 9.4e-05

