0.031545 5e-06

0.0316 7e-06

0.031109 5e-06

0.031076 5e-06

0.031395 5e-06

0.030938 4e-06

0.031083 4e-06

0.031145 5e-06

0.03112 5e-06

0.031069 6e-06

0.031382 6e-06

0.031064 4e-06

0.03142 4e-06

0.031225 4e-06

0.031061 4e-06

0.031019 4e-06

0.030969 4e-06

0.031149 5e-06

0.031026 5e-06

0.031134 4e-06

0.030899 5e-06

0.031144 5e-06

0.030934 4e-06

0.031485 6e-06

0.031081 5e-06

0.030871 5e-06

0.031168 5e-06

0.031306 6e-06

0.030989 5e-06

0.031432 5e-06

0.031088 6e-06

0.031632 3e-06

0.031062 4e-06

0.03111 4e-06

0.031039 4e-06

0.031156 4e-06

0.031157 5e-06

0.03106 4e-06

0.031008 4e-06

0.031096 6e-06

0.031181 8e-06

0.031082 5e-06

0.031063 5e-06

0.031293 6e-06

0.030974 5e-06

0.031227 4e-06

0.031629 4e-06

0.031447 5e-06

0.03101 6e-06

0.031024 3e-06

0.031131 5e-06

0.031164 5e-06

0.031158 5e-06

0.030996 4e-06

0.031039 4e-06

0.031043 5e-06

0.031085 5e-06

0.031009 6e-06

0.030937 5e-06

0.031636 6e-06

0.030848 6e-06

0.031339 4e-06

0.031351 5e-06

0.031127 3e-06

0.031162 6e-06

0.031105 5e-06

0.030966 5e-06

0.03113 5e-06

0.030999 7e-06

0.031259 5e-06

0.031039 5e-06

0.031315 4e-06

0.031144 5e-06

0.031267 4e-06

0.030892 5e-06

0.031024 5e-06

0.031101 6e-06

0.031062 6e-06

0.031822 6e-06

0.031011 5e-06

0.031164 4e-06

0.03144 4e-06

0.030957 5e-06

0.031187 5e-06

0.031091 5e-06

0.030922 4e-06

0.030968 6e-06

0.031001 1.9e-05

0.031061 3e-06

0.031078 6e-06

0.031228 6e-06

0.030928 6e-06

0.031081 4e-06

0.031186 5e-06

0.031425 5e-06

0.031384 4e-06

0.030915 6e-06

0.031769 6e-06

0.030955 7e-06

0.031526 4e-06

0.031338 6e-06

0.031035 6e-06

0.030996 5e-06

0.031103 5e-06

0.031181 4e-06

0.031072 7e-06

0.031064 5e-06

0.031148 6e-06

0.030957 6e-06

0.031389 6e-06

0.031012 4e-06

0.031062 4e-06

0.031136 5e-06

0.031239 6e-06

0.031023 4e-06

0.031016 5e-06

0.031773 5e-06

0.031026 7e-06

0.031633 6e-06

0.03122 5e-06

0.031073 4e-06

0.031045 3e-06

0.031155 6e-06

0.031011 7e-06

0.031194 5e-06

0.031031 4e-06

0.030938 4e-06

0.030977 4e-06

0.03123 5e-06

0.031053 4e-06

0.031293 4e-06

0.03131 5e-06

0.031223 5e-06

0.030993 5e-06

0.031045 3e-06

0.031751 4e-06

0.030971 6e-06

0.031399 6e-06

0.039167 3e-06

0.030963 5e-06

0.03105 4e-06

0.031212 5e-06

0.031342 4e-06

0.031106 6e-06

0.031317 5e-06

0.031048 6e-06

0.031106 4e-06

0.031132 5e-06

0.030947 3e-06

0.031071 6e-06

0.030986 5e-06

0.031268 5e-06

0.031402 5e-06

0.031058 4e-06

0.031049 5e-06

0.031116 6e-06

0.031053 6e-06

0.031178 5e-06

0.03093 5e-06

0.030941 5e-06

0.030782 4e-06

0.031134 4e-06

0.031027 4e-06

0.031407 5e-06

0.030947 5e-06

0.031474 5e-06

0.031142 4e-06

0.031004 7e-06

0.031179 5e-06

0.031067 4e-06

0.031073 6e-06

0.031286 4e-06

0.030991 4e-06

0.031052 5e-06

0.030999 5e-06

0.031284 4e-06

0.031119 5e-06

0.030899 5e-06

0.030987 4e-06

0.030929 5e-06

0.031009 4e-06

0.031079 6e-06

0.031343 6e-06

0.031269 5e-06

0.030964 4e-06

0.031367 5e-06

0.031108 4e-06

0.031104 6e-06

0.030974 5e-06

0.031537 4e-06

0.031551 6e-06

0.031025 4e-06

0.031046 6e-06

0.031039 6e-06

0.031176 4e-06

0.031044 4e-06

0.03108 5e-06

0.030839 4e-06

0.031026 5e-06

0.031117 4e-06

0.031067 5e-06

0.032029 8e-06

0.031163 5e-06

0.030946 4e-06

0.031156 5e-06

0.031256 6e-06

0.03117 4e-06

0.031058 5e-06

0.031104 5e-06

0.031004 4e-06

0.031028 4e-06

0.031032 6e-06

0.030862 6e-06

0.031303 6e-06

0.031023 5e-06

0.031173 5e-06

0.031113 5e-06

0.03168 6e-06

0.031035 4e-06

0.031049 6e-06

0.031757 4e-06

0.031228 6e-06

0.031063 5e-06

0.031155 7e-06

0.030927 8e-06

0.031053 5e-06

0.031105 3e-06

0.031172 5e-06

0.031156 7e-06

0.031022 5e-06

0.030849 6e-06

0.030945 5e-06

0.031182 5e-06

0.031051 4e-06

0.031121 4e-06

0.031092 5e-06

0.031647 4e-06

0.031303 7e-06

0.031026 6e-06

0.03185 5e-06

0.031071 6e-06

0.030921 5e-06

0.031164 4e-06

0.031367 4e-06

0.031081 5e-06

0.031013 5e-06

0.03093 5e-06

0.031223 7e-06

0.030975 4e-06

0.030884 6e-06

0.030978 4e-06

0.031101 4e-06

0.031007 4e-06

0.031132 5e-06

0.031021 5e-06

0.031052 5e-06

0.031102 6e-06

0.031052 4e-06

0.032025 5e-06

0.031184 4e-06

0.031356 6e-06

0.031061 6e-06

0.031032 3e-06

0.031188 5e-06

0.031062 5e-06

0.031166 5e-06

0.031043 3e-06

0.031023 6e-06

0.031188 4e-06

0.03116 5e-06

0.030914 4e-06

0.031051 4e-06

0.031203 4e-06

0.031149 6e-06

0.031046 5e-06

0.031103 5e-06

0.030889 6e-06

0.031523 4e-06

0.031073 4e-06

0.031004 4e-06

0.030865 7e-06

0.030981 4e-06

0.031033 5e-06

0.03128 4e-06

0.031364 4e-06

0.031138 4e-06

0.031127 5e-06

0.031228 3e-06

0.031101 6e-06

0.031125 5e-06

0.030959 6e-06

0.031349 5e-06

0.031275 6e-06

0.031494 4e-06

0.031259 4e-06

0.03119 4e-06

0.031452 4e-06

0.031132 7e-06

0.030902 4e-06

0.031007 5e-06

0.031084 5e-06

0.031009 3e-06

0.031113 6e-06

0.03121 6e-06

0.030944 5e-06

0.031092 4e-06

0.031006 5e-06

0.031758 7e-06

0.031264 5e-06

0.031068 5e-06

0.031366 6e-06

0.031443 6e-06

0.030959 4e-06

0.031286 6e-06

0.030952 4e-06

0.030961 6e-06

0.031039 4e-06

0.031305 5e-06

0.031059 5e-06

0.031062 4e-06

0.031106 6e-06

0.031157 7e-06

0.031116 5e-06

0.030897 5e-06

0.031848 6e-06

0.031055 5e-06

0.030845 4e-06

0.031284 5e-06

0.030966 5e-06

0.031307 4e-06

0.031007 5e-06

0.031465 5e-06

0.030971 4e-06

0.031054 7e-06

0.031054 5e-06

0.030984 5e-06

0.031267 6e-06

0.031063 6e-06

0.031108 5e-06

0.031053 7e-06

0.031178 7e-06

0.031065 7e-06

0.030955 4e-06

0.031734 5e-06

0.031052 6e-06

0.031073 5e-06

0.031225 7e-06

0.031048 5e-06

0.031201 5e-06

0.031499 5e-06

0.030944 5e-06

0.031092 5e-06

0.031071 4e-06

0.031109 6e-06

0.031077 7e-06

0.031467 3e-06

0.031205 7e-06

0.031169 5e-06

0.030968 5e-06

0.03122 5e-06

0.031176 6e-06

0.031054 7e-06

0.031728 6e-06

0.031138 5e-06

0.031178 5e-06

0.031376 3e-06

0.031106 6e-06

0.03122 6e-06

0.031086 3e-06

0.03098 5e-06

0.030993 5e-06

0.031089 6e-06

0.03101 4e-06

0.031048 5e-06

0.031285 3e-06

0.031078 6e-06

0.03107 4e-06

0.031207 4e-06

0.031153 4e-06

0.032039 6e-06

0.031112 7e-06

0.03175 5e-06

0.030987 5e-06

0.031103 4e-06

0.031228 5e-06

0.031045 4e-06

0.031322 5e-06

0.031463 5e-06

0.031088 6e-06

0.031066 5e-06

0.031092 5e-06

0.03094 4e-06

0.031 4e-06

0.031247 7e-06

0.030922 5e-06

0.031258 5e-06

0.031129 4e-06

0.031151 5e-06

0.031467 7e-06

0.031126 7e-06

0.03177 4e-06

0.031249 5e-06

0.031897 5e-06

0.031115 5e-06

0.031044 6e-06

0.031138 5e-06

0.031186 4e-06

0.031061 5e-06

0.031227 6e-06

0.030984 4e-06

0.031064 4e-06

0.031084 4e-06

0.031142 5e-06

0.031116 6e-06

0.031116 6e-06

0.031234 4e-06

0.031085 4e-06

0.031101 5e-06

0.031048 5e-06

0.031272 4e-06

0.031068 5e-06

0.031147 5e-06

0.033299 8e-06

0.030977 4e-06

0.030996 5e-06

0.031347 3e-06

0.031428 4e-06

0.030926 5e-06

0.03101 6e-06

0.030954 4e-06

0.031015 6e-06

0.031114 6e-06

0.030978 4e-06

0.031302 6e-06

0.03095 4e-06

0.031098 6e-06

0.03118 5e-06

0.031013 5e-06

0.031156 6e-06

0.031013 3e-06

0.031434 5e-06

0.031025 5e-06

0.031086 5e-06

0.031151 5e-06

0.030991 4e-06

0.031211 5e-06

0.030882 4e-06

0.031296 5e-06

0.030894 4e-06

0.031321 6e-06

0.031234 6e-06

0.031137 4e-06

0.031118 6e-06

0.031042 7e-06

0.03101 5e-06

0.031177 6e-06

0.031102 6e-06

0.031078 4e-06

0.03097 6e-06

0.03129 5e-06

0.031116 6e-06

0.031036 3e-06

0.03098 6e-06

0.031143 7e-06

0.031529 4e-06

0.031092 6e-06

0.031729 5e-06

0.031037 5e-06

0.031022 4e-06

0.031185 5e-06

0.031244 5e-06

0.031277 5e-06

0.030931 4e-06

0.031603 3e-06

0.031005 5e-06

0.031229 6e-06

0.030948 5e-06

0.031052 4e-06

0.0313 5e-06

0.031074 4e-06

0.03316 9e-06

0.031327 5e-06

0.030977 4e-06

0.031306 4e-06

0.031125 4e-06

0.031932 6e-06

0.030995 4e-06

0.031094 6e-06

0.031153 3e-06

0.030893 6e-06

0.031154 4e-06

0.030985 5e-06

0.030994 6e-06

0.031538 5e-06

0.031055 3e-06

0.030943 5e-06

0.031246 5e-06

0.031511 7e-06

0.031025 5e-06

0.030969 4e-06

0.031174 3e-06

0.031074 4e-06

0.031202 7e-06

0.031486 4e-06

0.031244 3e-06

0.030922 5e-06

0.030937 3e-06

0.03115 7e-06

0.031606 6e-06

0.031202 5e-06

0.030985 5e-06

0.031002 5e-06

0.030933 5e-06

0.031449 4e-06

0.031037 5e-06

0.031336 4e-06

0.031141 7e-06

0.031026 5e-06

0.031077 6e-06

0.030987 3e-06

0.032182 4e-06

0.031107 4e-06

0.031137 4e-06

0.031466 5e-06

0.03126 5e-06

0.03089 6e-06

0.031094 6e-06

0.031144 6e-06

0.031102 4e-06

0.031077 6e-06

0.030999 5e-06

0.030891 4e-06

0.031007 5e-06

0.030985 4e-06

0.031171 5e-06

0.031216 6e-06

0.030966 6e-06

0.031109 6e-06

0.030925 5e-06

0.031001 6e-06

0.031015 6e-06

0.030965 3e-06

0.031025 3e-06

0.031257 3e-06

0.031419 4e-06

0.031181 5e-06

0.031595 4e-06

0.031161 6e-06

0.031081 6e-06

0.031189 4e-06

0.030939 5e-06

0.031418 5e-06

0.031039 4e-06

0.031269 3e-06

0.031152 4e-06

0.031048 5e-06

0.031145 4e-06

0.031065 5e-06

0.030878 4e-06

0.03112 4e-06

0.031167 6e-06

0.031633 4e-06

0.031005 5e-06

0.03095 4e-06

0.031086 6e-06

0.031073 5e-06

0.031182 5e-06

0.031189 4e-06

0.031552 6e-06

0.031007 5e-06

0.031449 4e-06

0.030984 4e-06

0.031153 4e-06

0.031259 6e-06

0.030987 4e-06

0.031103 5e-06

0.031127 6e-06

0.030955 4e-06

0.030871 5e-06

0.031077 4e-06

0.031143 5e-06

0.031128 5e-06

0.03129 4e-06

0.031015 5e-06

0.031027 6e-06

0.031281 5e-06

0.031193 4e-06

0.031266 4e-06

0.031088 5e-06

0.03179 5e-06

0.030876 6e-06

0.031987 6e-06

0.031049 5e-06

0.031069 4e-06

0.031058 6e-06

0.031041 4e-06

0.031 5e-06

0.031052 6e-06

0.032105 5e-06

0.031595 4e-06

0.031232 5e-06

0.031247 7e-06

0.031095 4e-06

0.031077 4e-06

0.031152 6e-06

0.031177 5e-06

0.031163 5e-06

0.031098 5e-06

0.03181 5e-06

0.03126 7e-06

0.030923 7e-06

0.03126 4e-06

0.030979 5e-06

0.031185 6e-06

0.031392 6e-06

0.031399 5e-06

0.031081 6e-06

0.031115 5e-06

0.031077 3e-06

0.031022 4e-06

0.031268 5e-06

0.030968 7e-06

0.030883 4e-06

0.031049 5e-06

0.031152 5e-06

0.03121 3e-06

0.03093 5e-06

0.031252 5e-06

0.03111 5e-06

0.030935 4e-06

0.030965 4e-06

0.031023 6e-06

0.031259 5e-06

0.030923 3e-06

0.030872 5e-06

0.031054 4e-06

0.031232 5e-06

0.031179 5e-06

0.031142 5e-06

0.031181 5e-06

0.031015 4e-06

0.031017 5e-06

0.031094 4e-06

0.031061 3e-06

0.031159 6e-06

0.030895 6e-06

0.031261 5e-06

0.030949 5e-06

0.030992 4e-06

0.030989 4e-06

0.031135 6e-06

0.030978 5e-06

0.03114 4e-06

0.031202 5e-06

0.030938 3e-06

0.031889 6e-06

0.031122 5e-06

0.031182 6e-06

0.031204 5e-06

0.031073 5e-06

0.031092 3e-06

0.03084 6e-06

0.032033 4e-06

0.031216 5e-06

0.030824 6e-06

0.031115 4e-06

0.031078 5e-06

0.031496 4e-06

0.03122 5e-06

0.031245 7e-06

0.031103 4e-06

0.03103 6e-06

0.031372 7e-06

0.031046 4e-06

0.031923 6e-06

0.031061 5e-06

0.031159 7e-06

0.031242 6e-06

0.031087 3e-06

0.031225 4e-06

0.030957 5e-06

0.031048 3e-06

0.031218 6e-06

0.030962 5e-06

0.031121 5e-06

0.030879 5e-06

0.031399 5e-06

0.031153 5e-06

0.031275 5e-06

0.031204 4e-06

0.030881 5e-06

0.031331 4e-06

0.031005 4e-06

0.031715 5e-06

0.031138 4e-06

0.031111 6e-06

0.031114 4e-06

0.031048 4e-06

0.031128 5e-06

0.030967 6e-06

0.030968 6e-06

0.030996 6e-06

0.031019 6e-06

0.031049 4e-06

0.030987 5e-06

0.031538 5e-06

0.031302 6e-06

0.030995 6e-06

0.031092 5e-06

0.03105 4e-06

0.0314 4e-06

0.031159 5e-06

0.032223 4e-06

0.031019 5e-06

0.031021 4e-06

0.031383 6e-06

0.031038 4e-06

0.031308 4e-06

0.031041 4e-06

0.030988 5e-06

0.031428 5e-06

0.031258 7e-06

0.030948 4e-06

0.031015 7e-06

0.031129 7e-06

0.030954 4e-06

0.031112 6e-06

0.031102 3e-06

0.031042 4e-06

0.031191 4e-06

0.030908 5e-06

0.03137 5e-06

0.03117 3e-06

0.032102 5e-06

0.031099 6e-06

0.031136 5e-06

0.031092 5e-06

0.03123 7e-06

0.031037 7e-06

0.031002 6e-06

0.031175 5e-06

0.031038 6e-06

0.031109 5e-06

0.031277 5e-06

0.031385 4e-06

0.031065 5e-06

0.031225 3e-06

0.031244 6e-06

0.031189 3e-06

0.030904 7e-06

0.031273 5e-06

0.030894 5e-06

0.030959 7e-06

0.031389 6e-06

0.030906 6e-06

0.031119 5e-06

0.030951 4e-06

0.031423 5e-06

0.031083 5e-06

0.031227 6e-06

0.030935 5e-06

0.031026 5e-06

0.031185 5e-06

0.031142 6e-06

0.031035 4e-06

0.031084 4e-06

0.030967 6e-06

0.031173 6e-06

0.031057 5e-06

0.031349 4e-06

0.031025 5e-06

0.031056 6e-06

0.031065 5e-06

0.031538 6e-06

0.031192 4e-06

0.031034 6e-06

0.031166 4e-06

0.030981 4e-06

0.031895 6e-06

0.03106 4e-06

0.031152 5e-06

0.031309 6e-06

0.030883 4e-06

0.031003 4e-06

0.031048 6e-06

0.031052 4e-06

0.031151 5e-06

0.030983 4e-06

0.031439 5e-06

0.031165 6e-06

0.031058 5e-06

0.031342 3e-06

0.031037 4e-06

0.031057 4e-06

0.031148 4e-06

0.031458 6e-06

0.03107 5e-06

0.031648 5e-06

0.030908 5e-06

0.031101 4e-06

0.031393 5e-06

0.031052 6e-06

0.030984 4e-06

0.031092 5e-06

0.032221 4e-06

0.030947 4e-06

0.030956 5e-06

0.031159 4e-06

0.030918 5e-06

0.030932 4e-06

0.031287 4e-06

0.031406 5e-06

0.031089 4e-06

0.031214 5e-06

0.031374 4e-06

0.031025 6e-06

0.031713 5e-06

0.031156 5e-06

0.030954 6e-06

0.0314 6e-06

0.030967 5e-06

0.031381 7e-06

0.031244 4e-06

0.030968 5e-06

0.031135 5e-06

0.030965 9e-06

0.031387 6e-06

0.030929 5e-06

0.031318 6e-06

0.031213 4e-06

0.031145 6e-06

0.031119 7e-06

0.031032 5e-06

0.031266 7e-06

0.03092 4e-06

0.030954 5e-06

0.031013 5e-06

0.030958 4e-06

0.030902 6e-06

0.03101 3e-06

0.031058 5e-06

0.031601 6e-06

0.030951 5e-06

0.030983 4e-06

0.031081 4e-06

0.031121 3e-06

0.030981 3e-06

0.031273 6e-06

0.031187 6e-06

0.031124 4e-06

0.031095 5e-06

0.031126 7e-06

0.031183 4e-06

0.030938 5e-06

0.031059 6e-06

0.031016 5e-06

0.030957 4e-06

0.030981 6e-06

0.030981 5e-06

0.031127 4e-06

0.031439 6e-06

0.031068 5e-06

0.030992 5e-06

0.031531 8e-06

0.0311 5e-06

0.031174 5e-06

0.031403 6e-06

0.031068 5e-06

0.031081 6e-06

0.031015 4e-06

0.030933 4e-06

0.031075 5e-06

0.030764 4e-06

0.031167 4e-06

0.031064 3e-06

0.031556 4e-06

0.03117 5e-06

0.031032 6e-06

0.031029 4e-06

0.031612 4e-06

0.031049 5e-06

0.031037 4e-06

0.031479 5e-06

0.031029 5e-06

0.031012 6e-06

0.031302 5e-06

0.031077 6e-06

0.031063 6e-06

0.030957 7e-06

0.030981 4e-06

0.030951 5e-06

0.030866 4e-06

0.031062 5e-06

0.031091 5e-06

0.031279 6e-06

0.031237 6e-06

0.031142 5e-06

0.031086 4e-06

0.030957 3e-06

0.031439 6e-06

0.031039 4e-06

0.03184 4e-06

0.031016 6e-06

0.030922 4e-06

0.031095 7e-06

0.030943 5e-06

0.031049 5e-06

0.031021 5e-06

0.031087 5e-06

0.030921 5e-06

0.030926 4e-06

0.031129 6e-06

0.031078 6e-06

0.031154 7e-06

0.031017 5e-06

0.03097 6e-06

0.031061 6e-06

0.031071 6e-06

0.031363 5e-06

0.031078 5e-06

0.031915 4e-06

0.03118 5e-06

0.031738 6e-06

0.031296 5e-06

0.031085 8e-06

0.031105 5e-06

0.031696 6e-06

0.030935 6e-06

0.03094 4e-06

0.03112 4e-06

0.031073 4e-06

0.030984 4e-06

0.031842 6e-06

0.031015 4e-06

0.031222 5e-06

0.031173 4e-06

0.031005 5e-06

0.031381 5e-06

0.031022 6e-06

0.031596 6e-06

0.031063 3e-06

0.030968 6e-06

0.031031 4e-06

0.03111 5e-06

0.031302 7e-06

0.031171 6e-06

0.031213 5e-06

0.031503 5e-06

0.030818 6e-06

0.031069 4e-06

0.031296 5e-06

0.031437 7e-06

0.030996 5e-06

0.031028 4e-06

0.03108 4e-06

0.031144 5e-06

0.031005 4e-06

0.031061 4e-06

0.031387 5e-06

0.031027 4e-06

0.031041 5e-06

0.031111 5e-06

0.031319 5e-06

0.031133 5e-06

0.031067 5e-06

0.031296 4e-06

0.031008 4e-06

0.031356 5e-06

0.030931 7e-06

0.031267 6e-06

0.031296 4e-06

0.031069 4e-06

0.031027 6e-06

0.031017 3e-06

0.030954 4e-06

0.031173 6e-06

0.030932 5e-06

0.031333 4e-06

0.030913 5e-06

0.031096 5e-06

0.031395 7e-06

0.031157 4e-06

0.031144 5e-06

0.031345 4e-06

0.031533 5e-06

0.031071 6e-06

0.032119 4e-06

0.031085 7e-06

0.031126 6e-06

0.03428 4e-06

0.03089 5e-06

0.031341 7e-06

0.03095 4e-06

0.031618 4e-06

0.031067 4e-06

0.030992 5e-06

0.031024 4e-06

0.031022 5e-06

0.031374 5e-06

0.031149 5e-06

