0.003865 4e-06

0.003867 3e-06

0.003842 3e-06

0.003855 3e-06

0.003874 3e-06

0.00389 3e-06

0.003926 5e-06

0.003883 4e-06

0.003848 4e-06

0.003885 3e-06

0.003841 3e-06

0.003848 3e-06

0.003848 4e-06

0.003897 5e-06

0.003866 4e-06

0.003991 5e-06

0.004009 2e-06

0.003991 4e-06

0.003856 4e-06

0.003912 3e-06

0.003898 4e-06

0.003866 4e-06

0.003916 5e-06

0.003849 3e-06

0.003927 3e-06

0.003876 4e-06

0.003881 4e-06

0.003845 4e-06

0.003935 4e-06

0.003839 4e-06

0.003934 3e-06

0.00387 3e-06

0.003948 4e-06

0.003871 4e-06

0.003883 2e-06

0.00384 3e-06

0.003891 4e-06

0.003859 3e-06

0.003913 4e-06

0.00384 3e-06

0.003882 4e-06

0.003863 5e-06

0.003866 3e-06

0.003856 5e-06

0.003932 3e-06

0.003868 3e-06

0.004011 6e-06

0.003903 3e-06

0.003923 4e-06

0.003876 3e-06

0.003865 5e-06

0.00387 4e-06

0.003885 2e-06

0.003855 3e-06

0.003908 3e-06

0.003925 4e-06

0.00392 3e-06

0.003884 3e-06

0.003883 4e-06

0.00386 4e-06

0.003885 3e-06

0.00386 3e-06

0.003903 3e-06

0.00385 4e-06

0.003927 3e-06

0.003886 4e-06

0.003914 4e-06

0.003834 5e-06

0.003876 3e-06

0.00384 3e-06

0.005636 5e-06

0.003947 4e-06

0.003862 3e-06

0.00384 3e-06

0.003852 4e-06

0.00389 3e-06

0.003851 3e-06

0.003846 3e-06

0.003884 5e-06

0.003873 4e-06

0.003846 3e-06

0.003832 3e-06

0.003848 3e-06

0.003858 3e-06

0.003866 4e-06

0.003868 4e-06

0.003948 3e-06

0.003858 3e-06

0.003842 5e-06

0.00384 4e-06

0.003889 4e-06

0.003897 5e-06

0.003848 3e-06

0.003848 3e-06

0.003912 5e-06

0.003869 5e-06

0.003837 4e-06

0.003842 3e-06

0.003881 2e-06

0.00391 3e-06

0.003878 3e-06

0.003859 3e-06

0.00388 4e-06

0.003868 2e-06

0.003889 4e-06

0.003847 4e-06

0.003836 3e-06

0.003869 4e-06

0.003852 3e-06

0.003839 3e-06

0.003872 3e-06

0.00387 3e-06

0.003847 2e-06

0.003847 3e-06

0.003885 4e-06

0.003881 4e-06

0.003844 3e-06

0.00384 3e-06

0.003893 5e-06

0.003892 5e-06

0.003876 4e-06

0.003843 4e-06

0.003845 3e-06

0.003874 4e-06

0.003878 4e-06

0.003881 2e-06

0.003878 4e-06

0.00387 3e-06

0.003852 2e-06

0.003827 5e-06

0.003908 3e-06

0.00386 4e-06

0.003846 3e-06

0.003848 3e-06

0.003878 4e-06

0.003867 2e-06

0.003843 4e-06

0.003842 3e-06

0.003879 2e-06

0.003895 3e-06

0.003878 4e-06

0.003842 3e-06

0.003882 4e-06

0.003904 3e-06

0.003887 2e-06

0.003849 4e-06

0.003845 3e-06

0.003906 3e-06

0.00386 5e-06

0.003881 3e-06

0.003896 2e-06

0.003914 4e-06

0.003858 2e-06

0.003849 2e-06

0.003843 3e-06

0.003868 3e-06

0.00384 3e-06

0.003838 4e-06

0.003847 4e-06

0.003941 3e-06

0.003858 4e-06

0.003847 3e-06

0.00385 2e-06

0.003866 3e-06

0.003868 3e-06

0.003862 3e-06

0.003917 3e-06

0.003862 3e-06

0.003846 4e-06

0.003846 4e-06

0.003896 2e-06

0.003906 2e-06

0.003879 4e-06

0.003862 3e-06

0.003872 3e-06

0.003877 2e-06

0.003847 3e-06

0.003832 4e-06

0.003844 4e-06

0.003902 4e-06

0.003948 4e-06

0.00385 4e-06

0.003871 4e-06

0.003918 4e-06

0.003895 3e-06

0.003843 3e-06

0.003853 3e-06

0.0039 4e-06

0.003831 3e-06

0.003852 3e-06

0.003915 3e-06

0.003877 2e-06

0.003849 2e-06

0.003838 4e-06

0.003882 3e-06

0.003901 3e-06

0.00385 3e-06

0.003845 3e-06

0.003847 3e-06

0.0039 3e-06

0.003845 3e-06

0.003846 4e-06

0.003844 3e-06

0.00392 4e-06

0.003917 4e-06

0.003874 3e-06

0.00388 3e-06

0.003915 4e-06

0.003846 4e-06

0.003837 3e-06

0.003857 4e-06

0.003901 2e-06

0.003922 3e-06

0.00384 4e-06

0.003878 3e-06

0.003868 3e-06

0.003887 3e-06

0.003837 3e-06

0.003876 5e-06

0.003893 3e-06

0.003969 4e-06

0.003877 4e-06

0.003872 4e-06

0.003897 5e-06

0.00388 3e-06

0.003846 2e-06

0.003849 4e-06

0.003869 3e-06

0.003836 3e-06

0.003865 3e-06

0.003848 4e-06

0.003895 4e-06

0.003858 3e-06

0.003858 5e-06

0.003867 3e-06

0.003897 4e-06

0.003896 3e-06

0.003834 3e-06

0.003876 3e-06

0.003901 6e-06

0.003858 2e-06

0.003873 3e-06

0.003838 4e-06

0.00387 2e-06

0.003856 3e-06

0.003878 2e-06

0.003845 4e-06

0.003937 3e-06

0.003892 3e-06

0.003836 4e-06

0.003914 3e-06

0.00387 5e-06

0.003853 3e-06

0.003868 5e-06

0.003844 3e-06

0.003895 3e-06

0.003846 3e-06

0.003851 6e-06

0.00388 3e-06

0.003872 4e-06

0.003895 3e-06

0.00385 4e-06

0.003877 5e-06

0.003873 3e-06

0.003887 4e-06

0.003887 4e-06

0.003852 3e-06

0.00385 5e-06

0.003839 4e-06

0.003842 3e-06

0.003848 2e-06

0.003833 4e-06

0.003841 5e-06

0.003839 4e-06

0.003883 3e-06

0.003876 4e-06

0.003925 4e-06

0.003826 4e-06

0.003862 3e-06

0.003872 2e-06

0.003872 3e-06

0.003843 4e-06

0.003856 3e-06

0.003869 4e-06

0.003907 4e-06

0.003847 2e-06

0.003902 3e-06

0.003865 3e-06

0.003868 4e-06

0.003846 4e-06

0.003841 4e-06

0.003898 2e-06

0.00389 3e-06

0.003842 3e-06

0.003846 4e-06

0.003884 5e-06

0.003888 4e-06

0.003838 3e-06

0.003847 5e-06

0.003879 3e-06

0.003947 3e-06

0.003853 4e-06

0.003841 4e-06

0.003859 3e-06

0.003918 3e-06

0.003869 4e-06

0.00386 4e-06

0.003843 4e-06

0.003888 4e-06

0.003842 3e-06

0.003873 4e-06

0.003933 5e-06

0.003925 5e-06

0.003856 2e-06

0.003842 8e-06

0.003859 5e-06

0.003906 4e-06

0.003877 4e-06

0.003866 5e-06

0.003856 3e-06

0.003919 4e-06

0.003838 4e-06

0.003841 3e-06

0.003856 2e-06

0.003917 3e-06

0.003839 4e-06

0.003867 2e-06

0.003864 4e-06

0.003892 3e-06

0.003834 4e-06

0.003881 5e-06

0.003849 3e-06

0.003906 3e-06

0.00384 4e-06

0.003876 3e-06

0.003849 4e-06

0.003888 5e-06

0.003853 4e-06

0.003863 4e-06

0.003875 4e-06

0.003946 4e-06

0.00385 4e-06

0.003853 4e-06

0.003847 3e-06

0.003957 4e-06

0.003831 3e-06

0.003877 4e-06

0.003838 2e-06

0.003919 4e-06

0.003877 3e-06

0.00385 4e-06

0.003847 5e-06

0.003942 3e-06

0.003826 4e-06

0.003839 4e-06

0.003845 3e-06

0.00392 3e-06

0.003875 3e-06

0.00387 3e-06

0.003845 4e-06

0.003969 3e-06

0.003835 5e-06

0.003833 3e-06

0.003838 3e-06

0.003953 3e-06

0.00383 2e-06

0.003904 4e-06

0.003873 3e-06

0.003907 3e-06

0.003832 3e-06

0.003854 4e-06

0.003845 4e-06

0.003917 3e-06

0.003872 4e-06

0.003839 3e-06

0.003879 5e-06

0.003974 4e-06

0.003868 4e-06

0.003843 2e-06

0.003841 3e-06

0.003964 2e-06

0.00385 3e-06

0.003856 3e-06

0.003842 3e-06

0.003953 3e-06

0.003845 4e-06

0.003887 4e-06

0.00385 6e-06

0.003915 3e-06

0.003838 3e-06

0.00385 4e-06

0.003852 3e-06

0.003942 4e-06

0.003871 5e-06

0.003987 3e-06

0.003929 5e-06

0.003944 4e-06

0.003847 4e-06

0.003839 3e-06

0.003843 4e-06

0.00394 3e-06

0.003847 4e-06

0.003839 3e-06

0.003858 4e-06

0.003947 3e-06

0.003832 4e-06

0.00392 4e-06

0.003842 3e-06

0.003945 3e-06

0.003834 4e-06

0.00385 3e-06

0.003817 3e-06

0.003921 3e-06

0.003877 3e-06

0.004117 3e-06

0.00384 4e-06

0.003944 4e-06

0.00385 3e-06

0.003849 3e-06

0.003869 3e-06

0.003933 4e-06

0.003852 3e-06

0.003918 3e-06

0.003856 3e-06

0.003936 3e-06

0.003867 4e-06

0.003855 5e-06

0.003879 3e-06

0.003886 4e-06

0.003843 3e-06

0.00389 3e-06

0.003884 3e-06

0.003949 3e-06

0.003875 4e-06

0.003846 2e-06

0.003838 3e-06

0.003873 2e-06

0.003834 2e-06

0.003853 3e-06

0.003873 5e-06

0.003963 3e-06

0.003853 4e-06

0.003848 4e-06

0.003873 2e-06

0.003937 4e-06

0.003847 3e-06

0.003881 4e-06

0.003873 4e-06

0.003946 2e-06

0.00384 3e-06

0.00385 3e-06

0.003842 3e-06

0.003949 3e-06

0.003832 4e-06

0.003844 3e-06

0.003848 3e-06

0.003938 3e-06

0.003915 3e-06

0.003854 3e-06

0.003857 4e-06

0.004002 3e-06

0.003849 2e-06

0.003849 4e-06

0.003864 3e-06

0.003975 3e-06

0.003844 4e-06

0.003927 3e-06

0.003834 2e-06

0.003923 4e-06

0.003867 2e-06

0.003846 3e-06

0.003843 4e-06

0.003962 4e-06

0.003842 3e-06

0.003958 5e-06

0.003851 3e-06

0.003895 3e-06

0.003839 3e-06

0.003876 4e-06

0.003848 2e-06

0.00389 3e-06

0.003835 3e-06

0.003843 2e-06

0.003834 3e-06

0.003929 4e-06

0.003867 4e-06

0.003873 4e-06

0.003834 4e-06

0.003933 4e-06

0.003849 4e-06

0.003838 3e-06

0.003843 3e-06

0.003958 3e-06

0.003835 3e-06

0.003838 4e-06

0.003892 3e-06

0.003929 4e-06

0.003868 5e-06

0.003834 3e-06

0.003851 3e-06

0.003953 4e-06

0.003848 4e-06

0.003841 4e-06

0.003902 4e-06

0.003977 3e-06

0.003866 3e-06

0.003886 3e-06

0.003865 4e-06

0.003911 5e-06

0.003842 3e-06

0.00384 4e-06

0.003865 5e-06

0.003979 4e-06

0.003837 4e-06

0.003852 3e-06

0.003843 3e-06

0.00392 3e-06

0.00384 2e-06

0.00384 3e-06

0.003837 3e-06

0.00391 3e-06

0.003848 2e-06

0.003847 3e-06

0.003837 3e-06

0.003971 4e-06

0.003845 4e-06

0.003915 4e-06

0.003845 2e-06

0.003925 3e-06

0.003847 2e-06

0.003834 2e-06

0.003847 3e-06

0.003929 3e-06

0.003843 3e-06

0.003859 4e-06

0.003836 4e-06

0.003917 3e-06

0.003873 3e-06

0.003858 3e-06

0.003917 2e-06

0.004005 4e-06

0.003847 4e-06

0.003849 3e-06

0.003854 4e-06

0.003944 4e-06

0.003839 3e-06

0.003877 3e-06

0.003841 3e-06

0.003918 2e-06

0.003838 3e-06

0.003876 4e-06

0.003841 3e-06

0.00397 3e-06

0.003878 3e-06

0.004032 4e-06

0.003863 5e-06

0.003919 4e-06

0.00384 4e-06

0.003848 4e-06

0.003847 4e-06

0.003945 3e-06

0.003817 3e-06

0.003836 3e-06

0.00384 4e-06

0.003944 3e-06

0.003843 3e-06

0.003846 3e-06

0.003875 5e-06

0.003949 3e-06

0.003825 4e-06

0.003885 5e-06

0.003842 3e-06

0.003935 2e-06

0.00384 3e-06

0.003849 4e-06

0.003837 4e-06

0.003947 3e-06

0.003882 2e-06

0.003853 3e-06

0.00384 4e-06

0.003976 4e-06

0.003846 4e-06

0.003882 5e-06

0.003904 4e-06

0.003954 2e-06

0.003834 3e-06

0.003852 3e-06

0.003849 3e-06

0.003915 3e-06

0.00384 3e-06

0.00385 2e-06

0.003874 3e-06

0.003978 3e-06

0.003839 5e-06

0.00385 4e-06

0.003835 3e-06

0.003935 2e-06

0.003847 4e-06

0.003848 2e-06

0.003864 4e-06

0.003938 4e-06

0.003845 3e-06

0.003848 4e-06

0.003834 3e-06

0.003948 4e-06

0.003833 2e-06

0.003852 3e-06

0.003843 3e-06

0.003944 4e-06

0.003839 3e-06

0.003842 5e-06

0.003846 2e-06

0.00395 3e-06

0.003868 3e-06

0.003845 5e-06

0.003836 4e-06

0.003951 5e-06

0.003876 3e-06

0.003843 3e-06

0.003852 4e-06

0.003989 2e-06

0.003843 3e-06

0.003849 3e-06

0.003846 3e-06

0.003952 3e-06

0.003841 2e-06

0.003834 3e-06

0.003846 2e-06

0.003932 3e-06

0.003872 5e-06

0.003843 5e-06

0.003895 3e-06

0.003981 4e-06

0.003841 4e-06

0.003988 3e-06

0.003846 3e-06

0.00395 3e-06

0.003853 4e-06

0.00386 4e-06

0.003852 4e-06

0.003912 4e-06

0.003837 4e-06

0.003841 3e-06

0.003845 3e-06

0.003922 4e-06

0.003873 4e-06

0.003868 3e-06

0.003864 4e-06

0.003908 3e-06

0.003837 2e-06

0.003855 4e-06

0.003828 4e-06

0.003951 4e-06

0.003828 4e-06

0.00384 4e-06

0.003904 3e-06

0.003978 3e-06

0.003845 4e-06

0.003884 5e-06

0.003867 3e-06

0.004015 5e-06

0.003879 4e-06

0.003858 4e-06

0.003872 3e-06

0.003937 4e-06

0.003841 5e-06

0.003847 4e-06

0.003872 3e-06

0.003923 4e-06

0.003843 3e-06

0.003838 3e-06

0.003865 4e-06

0.003935 3e-06

0.003844 3e-06

0.003863 4e-06

0.003872 2e-06

0.003921 4e-06

0.003873 3e-06

0.003871 3e-06

0.003838 5e-06

0.003919 3e-06

0.003868 4e-06

0.003857 3e-06

0.003886 4e-06

0.003913 4e-06

0.0039 5e-06

0.003867 2e-06

0.003836 3e-06

0.003906 3e-06

0.003896 4e-06

0.003877 3e-06

0.003864 2e-06

0.003925 4e-06

0.003892 3e-06

0.003835 4e-06

0.003874 4e-06

0.003922 3e-06

0.003886 3e-06

0.003855 3e-06

0.00386 4e-06

0.003945 3e-06

0.003876 5e-06

0.003851 3e-06

0.003872 4e-06

0.003918 5e-06

0.003871 2e-06

0.003852 4e-06

0.003884 3e-06

0.003918 4e-06

0.003873 4e-06

0.00389 2e-06

0.003844 4e-06

0.003911 2e-06

0.003882 4e-06

0.003967 3e-06

0.003881 4e-06

0.003867 3e-06

0.003855 4e-06

0.00386 3e-06

0.003846 3e-06

0.003868 4e-06

0.003861 3e-06

0.00385 3e-06

0.003874 3e-06

0.003863 4e-06

0.003845 4e-06

0.00386 3e-06

0.003835 3e-06

0.003889 2e-06

0.003871 6e-06

0.003845 5e-06

0.003873 3e-06

0.00387 4e-06

0.003888 3e-06

0.003895 3e-06

0.003897 3e-06

0.003879 3e-06

0.003869 4e-06

0.003868 5e-06

0.003834 3e-06

0.003899 4e-06

0.003889 4e-06

0.00386 3e-06

0.003876 4e-06

0.003886 3e-06

0.003871 4e-06

0.003855 4e-06

0.003864 4e-06

0.003879 2e-06

0.003905 3e-06

0.003872 4e-06

0.003881 2e-06

0.0039 3e-06

0.003864 2e-06

0.003852 4e-06

0.003845 3e-06

0.003869 4e-06

0.003872 4e-06

0.003877 3e-06

0.003886 4e-06

0.003862 3e-06

0.003878 2e-06

0.003853 4e-06

0.003872 3e-06

0.003878 4e-06

0.003874 3e-06

0.003841 3e-06

0.00382 3e-06

0.003845 3e-06

0.003893 3e-06

0.003844 4e-06

0.003837 3e-06

0.003843 3e-06

0.003911 3e-06

0.00386 4e-06

0.00385 4e-06

0.00384 4e-06

0.003866 3e-06

0.003862 3e-06

0.003841 3e-06

0.003897 3e-06

0.003862 4e-06

0.00386 5e-06

0.003905 3e-06

0.003877 3e-06

0.003861 4e-06

0.00386 2e-06

0.003839 3e-06

0.003878 4e-06

0.003903 3e-06

0.003891 2e-06

0.003849 4e-06

0.003874 2e-06

0.003869 4e-06

0.003933 4e-06

0.003879 3e-06

0.003851 4e-06

0.003877 4e-06

0.003838 4e-06

0.003829 3e-06

0.003844 4e-06

0.003875 3e-06

0.003882 4e-06

0.003884 4e-06

0.003889 3e-06

0.003914 4e-06

0.003855 3e-06

0.003866 2e-06

0.003911 3e-06

0.003891 4e-06

0.003857 4e-06

0.003832 3e-06

0.003847 4e-06

0.003901 2e-06

0.003832 3e-06

0.003883 4e-06

0.003849 5e-06

0.003876 5e-06

0.003848 5e-06

0.003845 3e-06

0.003897 3e-06

0.003882 3e-06

0.003855 4e-06

0.003976 4e-06

0.003881 3e-06

0.003906 3e-06

0.003889 3e-06

0.003851 4e-06

0.00387 3e-06

0.003905 3e-06

0.003853 2e-06

0.003852 4e-06

0.003911 2e-06

0.003902 3e-06

0.003849 3e-06

0.003844 2e-06

0.003836 3e-06

0.003883 3e-06

0.00386 4e-06

0.003838 3e-06

0.003854 4e-06

0.003877 3e-06

0.003857 3e-06

0.003872 4e-06

0.003897 2e-06

0.003939 5e-06

0.003903 3e-06

0.003849 3e-06

0.003872 3e-06

0.003879 5e-06

0.003845 4e-06

0.003833 3e-06

0.003875 5e-06

0.00388 3e-06

0.003846 4e-06

0.003841 3e-06

0.00386 4e-06

0.003861 4e-06

0.003848 3e-06

0.00387 3e-06

0.003905 4e-06

0.003912 4e-06

0.003853 3e-06

0.003879 4e-06

0.003877 4e-06

0.003875 3e-06

0.003861 3e-06

0.003848 4e-06

0.003872 3e-06

0.003908 4e-06

0.003857 4e-06

0.003835 4e-06

0.00388 5e-06

0.003916 3e-06

0.003915 3e-06

0.003876 3e-06

0.003844 4e-06

0.003886 3e-06

0.003846 3e-06

0.003849 3e-06

0.00408 4e-06

0.003876 4e-06

0.00385 5e-06

0.003866 5e-06

0.003887 3e-06

0.003872 4e-06

0.003837 2e-06

0.003877 5e-06

0.003876 4e-06

0.003865 4e-06

0.00385 4e-06

0.003843 3e-06

0.003876 2e-06

0.00386 4e-06

0.00383 4e-06

0.003843 4e-06

0.003843 5e-06

0.003833 5e-06

0.003869 5e-06

0.00384 4e-06

0.003951 3e-06

0.003873 3e-06

0.003902 2e-06

0.003877 4e-06

0.003954 4e-06

0.003851 4e-06

0.003886 3e-06

0.003858 3e-06

0.003979 4e-06

0.003844 3e-06

0.003865 3e-06

0.003847 3e-06

0.003912 4e-06

0.003838 3e-06

0.003871 4e-06

0.00386 4e-06

0.003947 5e-06

0.003851 3e-06

0.003872 3e-06

0.003904 3e-06

0.003922 3e-06

0.003841 4e-06

0.003879 3e-06

0.003899 4e-06

0.003893 3e-06

0.003848 3e-06

0.003905 5e-06

0.003846 5e-06

0.003846 2e-06

0.003852 3e-06

0.00387 3e-06

0.003838 5e-06

0.003856 4e-06

0.003845 3e-06

0.003883 3e-06

0.00384 4e-06

0.003837 4e-06

0.003876 4e-06

0.003903 3e-06

0.003835 4e-06

0.0039 5e-06

0.003851 3e-06

0.003872 3e-06

0.003867 4e-06

0.003904 3e-06

0.003833 3e-06

0.003904 4e-06

0.003842 4e-06

0.003998 3e-06

0.003863 4e-06

0.003886 4e-06

0.003883 4e-06

0.003928 4e-06

0.003853 3e-06

0.003884 5e-06

0.003838 2e-06

0.003911 3e-06

0.003839 4e-06

0.003873 4e-06

0.003835 2e-06

0.003953 2e-06

0.003873 5e-06

0.003881 3e-06

0.003871 2e-06

0.003979 2e-06

0.003831 3e-06

0.003878 3e-06

0.003841 4e-06

0.003919 4e-06

0.003875 4e-06

0.003886 3e-06

0.00385 3e-06

0.003952 3e-06

0.003843 5e-06

0.003869 3e-06

0.003859 3e-06

0.00392 4e-06

0.003856 3e-06

0.003922 4e-06

0.00387 4e-06

0.003965 4e-06

0.003856 3e-06

0.003879 4e-06

0.003885 3e-06

0.003945 4e-06

0.003839 3e-06

0.00388 2e-06

0.003828 3e-06

0.003947 4e-06

0.00384 4e-06

0.003878 5e-06

0.003844 4e-06

0.003951 4e-06

0.003876 3e-06

0.003889 4e-06

0.003858 4e-06

0.003942 4e-06

0.003829 4e-06

0.003921 5e-06

0.003851 3e-06

