0.032258 0.000156

0.031796 0.00016

0.03104 0.000136

0.032144 0.000163

0.03131 0.000173

0.031424 0.00014

0.031079 0.000153

0.03115 0.000186

0.031858 0.000124

0.031069 0.000181

0.030854 0.000168

0.031089 0.000165

0.031123 0.000131

0.031389 0.000123

0.031279 0.000142

0.031055 0.000116

0.031334 0.000108

0.03178 0.000228

0.031206 0.000124

0.031296 0.0002

0.031103 0.000125

0.031569 0.000116

0.031587 0.000162

0.031198 0.000146

0.030869 0.000141

0.032324 0.000122

0.031314 0.000127

0.031574 0.000146

0.031107 0.000152

0.031408 0.000152

0.031082 0.00013

0.031552 0.000127

0.031082 0.000158

0.031128 0.000166

0.031029 0.000185

0.031036 0.000134

0.031858 0.00012

0.031214 0.000136

0.031035 0.000177

0.031067 0.000153

0.03119 0.000159

0.031102 0.000142

0.031413 0.000159

0.031284 0.000159

0.031074 0.000148

0.031684 0.000144

0.030949 0.000144

0.0311 0.000185

0.031047 0.000126

0.030949 0.000133

0.031922 0.000176

0.031059 0.000126

0.031043 0.00017

0.031737 0.000165

0.03116 0.000152

0.031189 0.000161

0.030965 9.1e-05

0.031368 0.000213

0.030824 0.000144

0.031324 0.000175

0.031129 0.000123

0.031135 0.00015

0.031146 0.0001

0.030947 0.000182

0.031897 0.000135

0.031079 0.000144

0.031345 0.000139

0.031265 0.000131

0.031247 0.000115

0.031493 0.000177

0.031048 0.000196

0.031014 0.000132

0.032718 0.000149

0.031211 0.000144

0.031129 0.000199

0.031085 0.000178

0.031191 0.000144

0.031095 0.000182

0.03206 0.000101

0.030883 0.000118

0.03106 0.000157

0.031268 0.000151

0.031317 0.000183

0.031264 0.000151

0.031051 0.000133

0.031072 0.000131

0.031111 0.000112

0.031444 0.000128

0.03115 8.6e-05

0.031269 0.000183

0.031317 0.00013

0.031015 0.000166

0.032289 0.000137

0.031145 0.00013

0.03126 0.000156

0.030983 0.000136

0.031006 0.000221

0.031656 0.000123

0.031207 0.000152

0.031022 0.000135

0.032342 0.000131

0.03118 0.000155

0.031358 0.000135

0.031006 0.000151

0.031217 0.000148

0.031243 0.000149

0.031854 0.000174

0.031146 0.000128

0.031141 0.00017

0.031219 0.000148

0.031045 0.000242

0.031498 0.000164

0.031012 0.000152

0.030991 0.000179

0.031078 0.000169

0.03104 0.000146

0.030948 0.000111

0.031447 0.000154

0.030964 0.000166

0.031055 0.000137

0.031623 0.000188

0.031239 0.000209

0.03136 0.000117

0.031015 0.000246

0.030989 0.000199

0.031899 0.000167

0.031188 0.000131

0.031151 0.000155

0.032374 0.000178

0.031284 0.000176

0.031089 0.000153

0.030977 0.000125

0.031681 0.000201

0.031037 0.000115

0.031582 0.000161

0.031089 0.000141

0.031022 0.000157

0.031156 0.000138

0.031025 0.000203

0.031862 0.000164

0.030906 0.000151

0.031507 0.000141

0.031139 0.000137

0.0312 0.000125

0.031375 0.000129

0.031074 0.000138

0.031002 0.00015

0.031485 0.000126

0.031108 0.00018

0.031294 0.000128

0.031178 0.000133

0.031239 0.000144

0.031084 0.000144

0.032105 0.000165

0.031079 0.000145

0.031251 0.000166

0.031848 0.000128

0.031123 0.000131

0.031523 0.000125

0.031238 9.6e-05

0.031245 0.000181

0.031043 0.000124

0.032238 0.00012

0.031118 0.000115

0.031138 0.000195

0.031135 0.00018

0.031118 0.000136

0.033037 0.00017

0.031097 0.000159

0.031017 0.000137

0.031172 0.000169

0.031077 0.000149

0.031144 0.000201

0.030919 0.000136

0.031073 0.000161

0.032763 0.000252

0.031444 0.000166

0.031184 0.000104

0.031192 0.000163

0.031038 0.000155

0.031053 0.000194

0.032005 0.000133

0.03086 0.000147

0.031131 0.000118

0.032318 0.000128

0.031498 0.000217

0.031197 0.000141

0.031107 0.000173

0.031163 0.000157

0.031041 0.000203

0.031344 0.000135

0.03125 0.000116

0.031069 0.000167

0.031096 0.000163

0.031131 0.000182

0.031922 0.000149

0.031063 0.000133

0.031171 0.000177

0.031024 0.000143

0.031066 0.000229

0.031048 0.000146

0.031259 0.000116

0.031179 0.000153

0.031169 0.00015

0.03114 0.000133

0.030994 0.000138

0.031128 0.000156

0.031036 0.000123

0.031191 0.000123

0.032363 0.00014

0.030978 0.000152

0.031161 0.000165

0.03215 0.000173

0.030925 9e-05

0.031134 0.000129

0.031032 0.000169

0.031264 0.00012

0.031121 0.000165

0.0312 0.000208

0.031009 0.000129

0.031026 0.000103

0.03111 0.000206

0.031028 0.000198

0.032328 0.000175

0.031116 0.000164

0.031196 0.000129

0.031132 0.000172

0.031032 0.000111

0.031067 0.000149

0.030992 0.000133

0.031037 0.000136

0.031129 0.000122

0.031047 0.000152

0.031364 0.000135

0.031419 0.000157

0.031195 0.000153

0.030969 0.00016

0.031858 0.000131

0.031626 0.00014

0.031183 0.000172

0.032068 0.000187

0.031311 0.000152

0.031329 0.000147

0.031203 0.000167

0.031264 0.000152

0.031146 0.000119

0.031029 0.00011

0.031076 0.000151

0.031279 0.000187

0.031245 0.000105

0.031032 0.000141

0.031619 0.000133

0.030883 0.000167

0.031182 0.000167

0.031163 0.000206

0.031127 0.000154

0.031775 0.00018

0.031288 0.000183

0.031069 9.1e-05

0.031029 0.000167

0.03101 0.000205

0.031167 0.000112

0.031265 9.9e-05

0.031279 0.000168

0.031198 0.000155

0.031556 0.000214

0.030907 0.000168

0.031138 0.000116

0.031794 0.000239

0.031115 0.000165

0.031905 0.000128

0.031115 0.000129

0.031382 0.000125

0.031012 0.000168

0.031151 0.000113

0.030997 0.00017

0.031129 0.000128

0.031255 0.00017

0.031128 0.00015

0.031378 0.000209

0.030884 0.000148

0.031243 0.000169

0.030954 0.00013

0.031099 0.000116

0.031967 0.000143

0.030939 0.000176

0.03141 0.000132

0.031019 0.000133

0.031182 0.000161

0.031386 0.000164

0.03111 0.000175

0.031319 0.000122

0.030984 0.00013

0.031136 0.000133

0.030944 0.000143

0.031129 0.000142

0.031725 0.00014

0.030991 0.000128

0.032181 0.000182

0.031085 0.000132

0.031042 0.000203

0.03113 0.00018

0.031103 0.000121

0.03115 0.000165

0.031531 0.000144

0.031266 0.000126

0.031122 0.000184

0.031505 0.000157

0.031033 0.000127

0.031326 0.000127

0.031106 9.5e-05

0.030967 0.000145

0.032171 0.000176

0.031091 0.00012

0.031029 0.000169

0.031338 0.000117

0.03124 0.000175

0.031191 0.000125

0.031134 0.000141

0.031541 0.000114

0.030992 0.000195

0.031229 0.000152

0.031102 9.6e-05

0.031107 0.000163

0.031191 0.000288

0.030883 0.000187

0.032398 0.000124

0.031068 0.000149

0.031133 0.000198

0.031123 0.000157

0.031051 0.00018

0.031257 0.000131

0.03113 0.000145

0.031385 0.000129

0.031515 0.000125

0.031139 0.000137

0.031036 0.000152

0.031166 0.00017

0.03112 0.000136

0.03131 0.000158

0.032376 0.000158

0.031124 0.000128

0.031018 0.000102

0.031164 0.000166

0.03112 0.000103

0.031142 0.000156

0.031123 0.0001

0.031318 0.000209

0.030886 0.000154

0.031747 0.000148

0.031127 0.000122

0.031228 0.000116

0.031268 0.000219

0.03109 0.000163

0.032452 0.000141

0.031087 0.000137

0.0311 0.000156

0.03117 0.000115

0.031091 0.000155

0.031423 0.000164

0.031035 0.000146

0.031228 0.000133

0.031599 0.000115

0.031292 0.000129

0.031468 0.00021

0.031211 0.000146

0.031076 0.000128

0.03129 0.000188

0.032171 0.000203

0.031163 0.000145

0.031 0.000191

0.032431 0.000144

0.030891 0.000116

0.03184 0.000149

0.031199 0.000126

0.031296 0.000154

0.031067 0.000148

0.031076 0.000122

0.03114 0.000135

0.031287 0.000202

0.031192 0.00016

0.031137 0.000166

0.032168 0.000176

0.031034 0.00014

0.031088 0.000181

0.031064 0.000192

0.030999 0.000119

0.031327 0.000125

0.031168 0.00015

0.031326 0.000121

0.031087 0.000141

0.031214 0.000187

0.031029 0.000149

0.031271 0.000153

0.031088 0.000144

0.031101 0.000151

0.031902 0.000171

0.031294 0.000142

0.031032 0.000127

0.032651 0.000184

0.031134 0.000131

0.031394 0.000108

0.032043 0.000137

0.031281 8.6e-05

0.03112 0.000186

0.031048 0.000147

0.031274 0.000165

0.031114 0.00012

0.031159 0.000144

0.031231 0.000151

0.032141 0.000147

0.031073 0.000125

0.03113 0.000144

0.031239 0.000128

0.031115 0.000163

0.031241 0.000218

0.031066 0.000149

0.031107 0.000202

0.031063 0.000138

0.031344 0.000131

0.030961 0.000145

0.031166 0.00014

0.030973 0.000193

0.031194 0.000157

0.032309 0.000178

0.031086 0.000162

0.031037 0.000157

0.031453 0.000142

0.031106 0.000127

0.031325 0.000167

0.03117 0.000196

0.031305 0.000228

0.03103 0.000179

0.031262 0.000161

0.031112 0.000127

0.03104 0.000149

0.03107 0.000143

0.031039 9.8e-05

0.032012 0.00024

0.030985 0.000156

0.031339 0.000163

0.031133 0.000116

0.031009 0.000172

0.031684 0.000159

0.03113 0.000156

0.031058 0.000181

0.03115 0.000163

0.03126 0.000128

0.031097 0.000164

0.031253 0.000158

0.031307 0.000198

0.03113 0.000126

0.031015 0.000184

0.031108 0.000139

0.030989 0.000144

0.032075 0.000177

0.031114 0.000136

0.031972 0.000207

0.031027 0.000118

0.031121 0.000157

0.030917 0.000144

0.031225 0.000161

0.031039 0.000149

0.031464 0.000154

0.031275 9.9e-05

0.031002 0.000131

0.031098 0.000195

0.031046 0.000115

0.030844 0.000128

0.031185 0.000119

0.031031 0.00015

0.032431 0.000131

0.030997 0.000216

0.031058 0.000141

0.030997 0.000168

0.031288 0.000136

0.031553 0.000176

0.031393 0.000137

0.031358 0.000149

0.031078 0.000115

0.031127 0.000146

0.031381 0.000166

0.031109 0.00018

0.032462 0.000153

0.030876 0.000209

0.032415 0.000193

0.031013 0.00015

0.031169 0.000177

0.031031 0.000165

0.030916 0.000189

0.031288 0.000128

0.031443 0.000172

0.031089 0.000127

0.031058 0.000174

0.031008 0.000174

0.030949 0.000111

0.031109 0.000163

0.031253 0.000146

0.031243 0.000188

0.031793 0.000132

0.031019 0.000133

0.031067 0.000198

0.031034 0.000108

0.031343 0.000175

0.032287 0.000164

0.033324 0.000158

0.031255 0.000146

0.031053 0.000166

0.031092 0.000104

0.031061 0.000142

0.03114 0.00019

0.031358 0.000189

0.031056 0.00016

0.031194 0.000168

0.031115 0.000156

0.030936 0.00015

0.031038 0.00013

0.031078 0.000116

0.032679 0.000161

0.031279 0.000136

0.031086 0.00015

0.031029 0.00019

0.031279 0.000187

0.031077 0.000125

0.0312 0.000152

0.031349 0.000157

0.031033 0.000186

0.031115 0.000147

0.031132 0.000159

0.031088 0.000127

0.032426 0.000146

0.03111 0.000166

0.032558 0.000128

0.031397 0.000198

0.031051 0.000114

0.031009 0.000163

0.031537 0.000231

0.031013 0.000147

0.030966 0.000116

0.031328 0.000132

0.030968 0.000131

0.031079 0.000144

0.031169 0.000148

0.031064 0.000182

0.031138 0.000119

0.031081 0.000198

0.032553 0.000134

0.031116 0.000126

0.031049 0.000129

0.031134 0.000118

0.031133 0.000184

0.032012 0.000156

0.031108 0.000186

0.031419 0.000124

0.031438 0.000222

0.03133 0.000143

0.031035 0.000122

0.0311 0.000136

0.03222 0.000156

0.030996 0.000152

0.03219 0.000124

0.031 0.000148

0.0309 0.000119

0.031095 0.00013

0.031074 0.000108

0.031637 0.000128

0.031481 0.000132

0.031207 0.000111

0.031152 0.000145

0.0311 0.000111

0.031047 0.000206

0.031174 0.00018

0.03131 0.000122

0.031105 0.000144

0.032021 0.000168

0.031231 0.000153

0.030958 0.000102

0.031072 0.00018

0.031233 0.000144

0.031569 0.000126

0.031249 0.000205

0.031854 0.000134

0.031074 0.000126

0.031055 0.000127

0.031115 0.000127

0.031116 0.000138

0.031493 0.000179

0.031055 0.000203

0.032321 0.000196

0.03168 0.000145

0.03107 0.000169

0.031057 0.000138

0.031032 0.000108

0.031531 0.000169

0.03097 0.000197

0.031117 0.00014

0.031056 0.00022

0.031246 0.000165

0.031137 0.000128

0.031242 0.000202

0.031235 0.000126

0.031069 0.000153

0.032262 0.000169

0.031219 0.000201

0.03127 0.000173

0.031085 0.000133

0.031117 0.000172

0.031361 0.000137

0.030988 0.00021

0.031351 0.000159

0.031054 0.00017

0.031372 0.00012

0.031054 0.000138

0.031173 8.8e-05

0.032416 0.000261

0.031079 0.00014

0.031825 0.000109

0.03146 0.000163

0.031126 0.000172

0.031113 0.000165

0.030959 0.00012

0.031667 0.000163

0.031057 0.00019

0.031253 0.000147

0.031304 0.000163

0.031219 0.000167

0.031334 0.000149

0.031147 0.000101

0.03112 0.000164

0.031232 0.000155

0.031894 0.000199

0.031256 0.000137

0.031111 0.000189

0.031078 0.00017

0.030982 0.000145

0.031416 0.000158

0.031123 0.00014

0.031233 0.000144

0.031083 0.000136

0.031004 0.000128

0.031117 0.000127

0.031463 0.000137

0.032169 0.000116

0.031308 0.000189

0.031585 0.000176

0.031042 0.000125

0.031128 0.000146

0.031079 0.000157

0.030987 0.00015

0.031606 0.00011

0.031375 0.000115

0.031293 0.000189

0.030983 0.000137

0.031186 0.000151

0.031106 0.000165

0.031083 0.000197

0.031153 0.000195

0.030961 0.000223

0.031312 0.000185

0.030972 0.000193

0.031057 0.000192

0.0312 0.000134

0.031046 0.00013

0.032596 0.00021

0.031035 0.000191

0.031296 0.000171

0.031106 0.00014

0.031064 0.000145

0.031109 0.000154

0.031188 0.000138

0.032522 0.000155

0.03111 0.000129

0.031193 0.000138

0.03108 0.000123

0.031202 0.00021

0.031209 0.000138

0.031064 0.000131

0.032382 0.000155

0.031144 0.000148

0.031236 0.000161

0.030945 0.000123

0.031167 0.000161

0.031386 0.000121

0.031112 0.000101

0.031169 0.000159

0.030997 0.000142

0.031394 0.000147

0.03124 0.000189

0.031226 0.000164

0.031022 0.000143

0.03125 0.000112

0.042241 0.000298

0.031249 0.000186

0.031666 0.000163

0.031037 0.000167

0.031341 0.000122

0.031069 0.000161

0.03129 0.000165

0.033093 0.000175

0.031084 0.000167

0.031394 0.000181

0.031137 0.000144

0.03105 0.000148

0.031042 0.000197

0.031098 0.000133

0.032027 0.000163

0.03108 0.000167

0.031234 0.000156

0.031642 0.00018

0.031154 0.000114

0.031683 0.000151

0.031253 0.000132

0.031055 0.000133

0.031165 0.000181

0.031205 0.000119

0.031235 0.000133

0.03098 0.000127

0.031218 0.000235

0.031037 0.000158

0.032493 0.000166

0.031342 0.000152

0.031246 0.000114

0.031201 0.00018

0.031786 0.000171

0.031422 0.000113

0.031333 0.000157

0.032064 9.3e-05

0.031077 0.000176

0.031447 0.000157

0.031203 0.00014

0.031065 0.000156

0.031339 0.000154

0.031027 0.000168

0.033993 0.000141

0.031054 0.000134

0.031348 0.0001

0.030999 0.000164

0.031323 0.000186

0.031443 0.000128

0.031283 0.000147

0.031063 0.000157

0.031079 0.000108

0.031495 0.000123

0.031274 0.000127

0.031164 0.000117

0.031197 0.000199

0.030918 0.000164

0.031887 0.000193

0.031028 0.000115

0.031203 0.000134

0.031195 0.000149

0.031051 0.000132

0.031949 0.000139

0.031713 0.000124

0.032304 0.000129

0.030972 0.000118

0.031166 0.000131

0.031188 0.000148

0.031032 0.000183

0.03121 0.00017

0.03106 0.000128

0.031388 0.000201

0.031066 0.000148

0.031144 0.000167

0.031076 0.000128

0.031293 0.000123

0.031802 0.000185

0.031146 0.000144

0.031631 0.000132

0.031348 0.000207

0.031108 0.000101

0.031262 0.000127

0.031173 0.000153

0.031339 0.000122

0.031117 0.000134

0.031261 0.000122

0.031117 0.000138

0.031017 0.000132

0.031088 0.000159

0.030976 0.000157

0.032432 0.000192

0.031114 0.000194

0.03163 0.000168

0.031597 0.000141

0.031204 0.000166

0.033039 0.000162

0.031153 0.000191

0.031165 8.6e-05

0.031072 0.000166

0.031416 0.000144

0.031135 0.000159

0.031178 0.000157

0.031105 0.000211

0.0311 0.000168

0.03223 0.0002

0.031221 0.000124

0.031227 0.000132

0.031155 0.000153

0.031737 0.000177

0.03114 0.000159

0.031128 0.000157

0.031158 0.000159

0.030995 0.000169

0.031242 0.000164

0.030993 0.000111

0.031133 0.000186

0.031335 0.000148

0.031021 0.00016

0.031931 9.2e-05

0.030934 0.00012

0.031278 0.000155

0.031124 0.000131

0.031093 0.000144

0.031841 0.000108

0.031258 0.000151

0.03105 0.000135

0.031027 0.000193

0.031313 0.000134

0.031168 0.000134

0.031137 0.000118

0.031116 0.000146

0.031201 0.00015

0.031821 0.000195

0.031262 0.000192

0.031055 0.000198

0.031099 0.000158

0.031059 0.000167

0.031527 0.000118

0.031512 0.000207

0.032065 0.000181

0.030859 0.000137

0.031003 0.000172

0.031123 0.00013

0.031152 0.000125

0.031162 0.000139

0.031074 0.00011

0.03186 0.000217

0.031322 0.000118

0.031136 0.000123

0.031083 0.000171

0.031213 0.000216

0.031631 0.000159

0.031123 0.00013

0.031255 0.000227

0.030944 0.000177

0.031218 0.000152

0.031177 0.000126

0.030989 0.000121

0.031156 0.000127

0.031017 0.000147

0.031433 0.000173

0.031577 0.000129

0.031042 0.000182

0.031044 0.000146

0.031082 0.00015

0.031783 0.000158

0.031098 0.000192

0.032429 0.00016

0.031075 0.000182

0.031049 0.000174

0.031177 0.000119

0.031113 0.000118

0.031047 0.000183

0.031109 0.000143

0.031019 0.000166

0.031257 0.000138

0.031164 0.000127

0.031183 0.000102

0.031166 0.000195

0.032009 0.000107

0.031072 0.000179

0.0312 0.000198

0.031046 0.000162

0.031537 0.000106

0.031386 0.000108

0.030944 0.000134

0.030979 0.000126

0.031033 0.000153

0.03132 0.000146

0.031318 0.000186

0.031152 0.000136

0.031091 0.000115

0.031032 0.00014

0.031982 0.000213

0.03102 0.000172

0.032076 0.000199

0.031049 0.000118

0.031187 0.000159

0.031428 0.000163

0.03118 0.000226

0.031161 0.000153

0.030976 0.000154

0.031117 0.000151

0.031041 0.000127

0.030935 0.000156

0.031096 0.000199

0.031075 0.000123

0.03178 0.000141

0.03123 0.000161

0.031096 0.000162

0.03107 0.000135

0.031122 0.000108

0.031379 0.000155

0.031307 0.000162

0.031358 0.000171

0.030997 0.00013

0.03132 0.000179

0.031086 0.000161

0.03107 0.000144

0.031056 0.00012

0.031125 0.000175

0.031196 0.000167

0.031021 0.000143

0.03123 0.000149

0.031197 0.000154

0.031088 0.000183

0.03193 0.000151

0.031221 0.000147

0.031147 0.000187

0.031099 0.000155

0.031206 0.000152

0.031215 0.000119

0.031021 0.000183

0.031027 0.000125

0.031038 8.7e-05

0.031091 0.000154

0.031215 0.000184

0.03122 0.000191

0.03138 0.000171

0.031173 0.000148

0.032315 0.000141

0.030852 0.000197

0.032275 0.000115

0.031109 0.0001

0.031274 0.000111

0.031167 0.000139

0.030895 0.000127

0.030995 0.000134

0.031001 0.000143

0.031332 0.000137

0.03099 0.000165

0.031317 0.000127

0.031071 0.000143

0.031019 0.000198

0.03232 0.000133

0.031009 0.000145

0.031212 0.000162

0.031061 0.000145

0.031264 0.000173

0.031611 0.000153

0.031074 0.000156

0.031001 0.000116

0.030959 0.000157

0.031175 0.000124

0.031051 0.000106

0.031173 0.000138

0.031352 0.000141

0.031266 0.000133

0.032196 0.000158

0.031065 0.000121

0.032674 0.000151

0.031179 0.000155

0.031577 0.000176

0.031602 0.000182

0.030957 0.000143

0.030983 0.000119

0.031185 0.000138

0.031168 0.000181

0.031054 0.000173

0.031102 0.000171

0.03101 0.000116

0.031875 0.000135

0.031794 0.000192

0.031334 0.000161

0.031046 0.00016

0.031252 0.000137

0.031169 0.000181

0.031369 0.000159

0.031053 0.000128

0.031205 0.000142

0.030979 0.000146

0.031336 0.000177

0.031236 0.000209

0.031105 0.00014

0.030961 0.000115

0.031129 0.000173

0.031446 0.000192

0.031017 0.000126

0.031974 0.00016

0.031132 0.000121

0.031243 0.000134

0.031858 0.000162

0.031043 0.000161

0.031168 0.000103

0.031084 0.000169

0.031295 0.00018

0.031184 0.000115

0.030937 0.000176

0.031095 0.000159

0.031294 0.000122

