0.003916 0.000595

0.003858 0.000555

0.00395 0.000428

0.003904 0.000442

0.003862 0.000526

0.003901 0.000635

0.003914 0.000561

0.004015 0.000554

0.003975 0.000527

0.003971 0.000664

0.003949 0.000594

0.00384 0.000556

0.003881 0.000632

0.003846 0.000549

0.003867 0.000569

0.003875 0.000657

0.003885 0.000575

0.003832 0.000719

0.003846 0.000636

0.003858 0.000475

0.003898 0.000528

0.003864 0.00046

0.003842 0.000593

0.003841 0.000466

0.00391 0.000526

0.00387 0.000693

0.003882 0.000568

0.003857 0.00056

0.003864 0.000613

0.003871 0.000469

0.003877 0.000503

0.003837 0.000593

0.003845 0.000519

0.003879 0.000565

0.00385 0.000662

0.003834 0.000689

0.003895 0.000451

0.003915 0.000548

0.003864 0.000661

0.003845 0.000437

0.003934 0.000423

0.003956 0.000558

0.003885 0.000546

0.003845 0.000497

0.003839 0.000552

0.003848 0.000548

0.003839 0.000519

0.003893 0.000497

0.003879 0.000558

0.003904 0.000563

0.003851 0.0006

0.003873 0.000466

0.003888 0.000443

0.003904 0.00061

0.00384 0.000601

0.003916 0.000511

0.003844 0.000472

0.003874 0.000439

0.003876 0.000605

0.003916 0.000485

0.003971 0.000538

0.003875 0.000475

0.003877 0.000542

0.003835 0.000614

0.003839 0.000471

0.003881 0.000762

0.003856 0.000447

0.003895 0.000799

0.003892 0.000524

0.0039 0.000494

0.003852 0.000485

0.003864 0.000487

0.003847 0.000617

0.003882 0.000487

0.003874 0.000784

0.003882 0.000675

0.003883 0.000439

0.003878 0.000431

0.00384 0.000432

0.003868 0.000495

0.003828 0.000517

0.003882 0.000512

0.00388 0.000519

0.003889 0.000735

0.003859 0.000653

0.0039 0.000614

0.003853 0.000568

0.003877 0.000612

0.003873 0.000694

0.003878 0.000535

0.00393 0.000716

0.003853 0.000761

0.003845 0.000467

0.003856 0.000584

0.003865 0.000569

0.003845 0.000786

0.003845 0.000478

0.003866 0.000567

0.003874 0.000633

0.003864 0.000536

0.003862 0.000635

0.003848 0.000596

0.003887 0.00062

0.003853 0.000526

0.003867 0.000505

0.003864 0.000642

0.003933 0.000553

0.003889 0.000588

0.003847 0.000478

0.003876 0.000492

0.003891 0.000816

0.003918 0.000793

0.003868 0.000516

0.003892 0.000456

0.003958 0.000436

0.003842 0.000707

0.003839 0.000581

0.003827 0.000545

0.003919 0.000718

0.003885 0.000712

0.003858 0.000636

0.003838 0.000463

0.00391 0.000432

0.003876 0.000571

0.003866 0.000425

0.00384 0.000623

0.00387 0.00046

0.00384 0.00063

0.003873 0.000677

0.003868 0.000648

0.003855 0.000571

0.003934 0.000781

0.003879 0.000609

0.003873 0.000735

0.003854 0.00057

0.003876 0.000641

0.003846 0.000633

0.003974 0.00052

0.003858 0.000518

0.003898 0.000665

0.003876 0.000521

0.003834 0.000713

0.003867 0.000505

0.003829 0.000701

0.003875 0.000635

0.00385 0.000458

0.003855 0.000577

0.00385 0.000429

0.003855 0.000697

0.003942 0.000505

0.00388 0.000727

0.003844 0.000856

0.003849 0.000648

0.003883 0.000477

0.003909 0.000589

0.003893 0.000545

0.003878 0.000642

0.003881 0.000663

0.003873 0.000455

0.003859 0.000428

0.003839 0.0005

0.003873 0.000575

0.003902 0.000757

0.003876 0.000703

0.003856 0.000736

0.003832 0.000717

0.003876 0.000576

0.003857 0.000605

0.003873 0.000452

0.003894 0.000561

0.003842 0.00071

0.003868 0.00057

0.003886 0.000725

0.003877 0.000597

0.003888 0.000594

0.003906 0.000621

0.003891 0.000486

0.003865 0.00058

0.003866 0.000688

0.003848 0.000591

0.003846 0.000467

0.003844 0.000642

0.003857 0.000435

0.00403 0.000583

0.003855 0.000469

0.003875 0.000538

0.00389 0.000475

0.003922 0.00045

0.003844 0.000548

0.003846 0.000706

0.003883 0.000634

0.003871 0.000506

0.003911 0.000461

0.003886 0.00053

0.003856 0.000411

0.003867 0.000414

0.003933 0.000434

0.003871 0.000467

0.003878 0.000535

0.003905 0.000429

0.003853 0.000571

0.003847 0.000677

0.003931 0.000575

0.003843 0.000423

0.003843 0.000465

0.003839 0.000532

0.003885 0.000525

0.003873 0.000772

0.003843 0.000649

0.00387 0.000612

0.004131 0.000492

0.00389 0.000468

0.003851 0.000551

0.003861 0.000492

0.003849 0.000475

0.003877 0.00041

0.003882 0.00045

0.003843 0.000696

0.003863 0.000598

0.00389 0.000538

0.003874 0.000664

0.003855 0.000486

0.003849 0.00058

0.003902 0.000628

0.003848 0.00048

0.003865 0.000484

0.003847 0.000772

0.003887 0.000415

0.003942 0.000596

0.003846 0.000678

0.003899 0.00064

0.0039 0.000566

0.003919 0.000553

0.003872 0.000563

0.003849 0.000492

0.003873 0.000463

0.003868 0.000413

0.003873 0.000521

0.003837 0.00057

0.003849 0.000611

0.003881 0.000519

0.00385 0.000506

0.003885 0.000644

0.003854 0.000598

0.003851 0.000594

0.003877 0.000566

0.00385 0.000695

0.003833 0.000636

0.003899 0.000591

0.003839 0.00057

0.003881 0.000566

0.003905 0.000686

0.003884 0.000574

0.003895 0.000574

0.003875 0.000515

0.003871 0.000647

0.003877 0.000484

0.003898 0.000489

0.003861 0.000704

0.003877 0.000639

0.003847 0.00055

0.003839 0.000592

0.003851 0.000507

0.003836 0.000583

0.003937 0.000661

0.003835 0.00052

0.003877 0.000612

0.003902 0.000573

0.003856 0.000545

0.003952 0.000552

0.003861 0.000655

0.003878 0.000544

0.003881 0.000786

0.003858 0.000509

0.003915 0.000528

0.00387 0.000528

0.003877 0.000472

0.003902 0.000687

0.003861 0.000496

0.003855 0.000411

0.004002 0.000569

0.00392 0.000597

0.003891 0.000587

0.003856 0.00058

0.003894 0.000511

0.00384 0.000583

0.00385 0.000444

0.00387 0.000492

0.0039 0.000512

0.003875 0.000549

0.00388 0.000614

0.003856 0.000679

0.003843 0.000691

0.003876 0.00048

0.003853 0.00044

0.0039 0.000454

0.003899 0.000581

0.003957 0.000574

0.003862 0.000404

0.003884 0.000624

0.003884 0.000475

0.003863 0.00057

0.003911 0.000488

0.003891 0.000447

0.003882 0.00061

0.003926 0.00062

0.003855 0.000553

0.003899 0.000484

0.003907 0.000579

0.003871 0.000701

0.00389 0.000456

0.00387 0.000563

0.003933 0.000558

0.003858 0.000559

0.003843 0.000644

0.003836 0.000571

0.00389 0.000477

0.003871 0.000455

0.003845 0.000835

0.003833 0.000489

0.00384 0.000545

0.004306 0.000616

0.003918 0.000832

0.003859 0.000665

0.00391 0.000464

0.00385 0.000446

0.00385 0.000681

0.003894 0.000795

0.003846 0.000772

0.003842 0.000581

0.003912 0.000572

0.003837 0.0005

0.00385 0.000418

0.003839 0.000802

0.0039 0.000589

0.003843 0.000516

0.00385 0.00063

0.003885 0.000715

0.003848 0.000602

0.003896 0.000557

0.003847 0.000723

0.003847 0.000636

0.003864 0.000792

0.004088 0.000602

0.003854 0.000746

0.003954 0.000554

0.003911 0.00054

0.003844 0.000645

0.00385 0.000515

0.003844 0.000581

0.003909 0.000674

0.003868 0.000461

0.003847 0.000437

0.003836 0.000576

0.003884 0.000417

0.003847 0.000553

0.003868 0.000526

0.003929 0.000537

0.003886 0.00067

0.003843 0.000539

0.003937 0.000419

0.003898 0.000606

0.003853 0.000533

0.003849 0.000507

0.003937 0.0005

0.003868 0.000653

0.003862 0.000456

0.003852 0.000607

0.004495 0.000621

0.00392 0.000598

0.003884 0.000686

0.003883 0.000459

0.003861 0.000642

0.003828 0.000508

0.003881 0.000447

0.003889 0.00059

0.003854 0.000799

0.003939 0.00045

0.003854 0.000751

0.003848 0.000634

0.00388 0.000634

0.003862 0.000462

0.003941 0.000537

0.003865 0.000481

0.00392 0.000701

0.003845 0.000512

0.003881 0.000599

0.003966 0.0005

0.003879 0.00051

0.003872 0.000667

0.003881 0.000507

0.003859 0.000634

0.003854 0.00053

0.003911 0.000713

0.003845 0.000587

0.003837 0.000454

0.00391 0.00052

0.003834 0.000592

0.003877 0.000519

0.003872 0.000529

0.003856 0.000632

0.003829 0.000538

0.00385 0.000463

0.003845 0.000685

0.00387 0.000524

0.00388 0.000536

0.003895 0.000586

0.003834 0.000524

0.003879 0.000635

0.003859 0.000512

0.003837 0.000486

0.003879 0.00047

0.003868 0.000597

0.003862 0.000416

0.003908 0.000427

0.003888 0.000559

0.003857 0.000476

0.003839 0.000497

0.00389 0.000455

0.003869 0.000609

0.004777 0.000482

0.003895 0.000625

0.003955 0.000766

0.003913 0.00085

0.003871 0.000428

0.003924 0.000563

0.003883 0.00046

0.003855 0.000565

0.003885 0.000516

0.003854 0.000687

0.003914 0.000989

0.003842 0.000516

0.003842 0.000459

0.003878 0.00048

0.003874 0.000515

0.003888 0.00063

0.003838 0.000416

0.003834 0.000621

0.003877 0.000572

0.003947 0.000606

0.003857 0.000655

0.00387 0.000508

0.003849 0.00061

0.003844 0.000498

0.003848 0.000629

0.003867 0.000519

0.003881 0.000581

0.003842 0.000581

0.003858 0.000448

0.00385 0.000613

0.003875 0.000474

0.003869 0.000664

0.00385 0.000505

0.003878 0.000591

0.003887 0.0006

0.003872 0.000537

0.003844 0.000683

0.003906 0.000625

0.003879 0.000427

0.00388 0.000508

0.003899 0.000416

0.003835 0.000459

0.003854 0.000449

0.00453 0.000537

0.003858 0.000555

0.003869 0.00047

0.003884 0.000673

0.003871 0.000593

0.003846 0.000499

0.003849 0.000576

0.003882 0.00043

0.003907 0.000419

0.003892 0.000448

0.003847 0.000531

0.00385 0.000686

0.003911 0.000589

0.00391 0.000566

0.003836 0.000452

0.003908 0.000439

0.003841 0.000552

0.00387 0.000812

0.003862 0.000592

0.003856 0.000538

0.003868 0.000737

0.003857 0.000574

0.003853 0.000549

0.003853 0.000573

0.00385 0.000643

0.003856 0.000434

0.003838 0.000455

0.003858 0.000548

0.003843 0.000426

0.003875 0.000563

0.003886 0.000713

0.003877 0.000405

0.003909 0.000641

0.003963 0.000455

0.003869 0.000432

0.003884 0.00054

0.003872 0.000614

0.003922 0.000571

0.003863 0.000629

0.003902 0.000513

0.003857 0.000697

0.003859 0.000647

0.003876 0.000467

0.003881 0.000468

0.003843 0.000659

0.003848 0.000519

0.003839 0.000546

0.003873 0.000564

0.00389 0.000617

0.003901 0.000525

0.003845 0.000443

0.003877 0.000589

0.003868 0.000553

0.003864 0.000559

0.003857 0.000707

0.003844 0.000528

0.003889 0.000702

0.003964 0.000615

0.003836 0.00057

0.003913 0.000457

0.00384 0.00043

0.003878 0.000563

0.003848 0.000443

0.003881 0.000426

0.003871 0.00045

0.00387 0.000438

0.00387 0.000599

0.003844 0.000539

0.003848 0.00069

0.003987 0.000432

0.003846 0.000582

0.003874 0.000542

0.003869 0.000633

0.003904 0.000656

0.003909 0.000757

0.003904 0.000537

0.003872 0.000715

0.003873 0.000433

0.003877 0.000466

0.003883 0.000542

0.003844 0.000522

0.003916 0.000835

0.003843 0.000457

0.003872 0.000512

0.003833 0.000634

0.003876 0.000621

0.003928 0.000457

0.00389 0.000638

0.00387 0.000581

0.003866 0.000512

0.003874 0.000461

0.003904 0.000616

0.003845 0.000515

0.003846 0.000626

0.003834 0.000645

0.003867 0.000454

0.003894 0.000644

0.00392 0.000693

0.003943 0.00059

0.003842 0.000614

0.003885 0.000488

0.003847 0.00069

0.00387 0.000516

0.003857 0.000658

0.003886 0.000654

0.003843 0.000448

0.003832 0.000542

0.003874 0.000481

0.003843 0.000425

0.003852 0.000708

0.00388 0.000645

0.003879 0.000685

0.003895 0.000634

0.003923 0.000551

0.003855 0.000436

0.003896 0.000649

0.003867 0.000761

0.003854 0.000715

0.003838 0.000488

0.003885 0.000489

0.003853 0.000777

0.003858 0.000787

0.003878 0.000641

0.003874 0.000528

0.003902 0.000757

0.003865 0.000496

0.003835 0.000556

0.003873 0.000478

0.003891 0.000605

0.003844 0.00049

0.003837 0.000666

0.003847 0.000502

0.003872 0.00043

0.003868 0.000848

0.003899 0.000543

0.003904 0.000612

0.003865 0.000707

0.00387 0.000677

0.003912 0.000482

0.003849 0.00052

0.003879 0.000647

0.003876 0.000834

0.00384 0.000647

0.003869 0.000928

0.003875 0.00064

0.0039 0.000854

0.003881 0.000802

0.00395 0.000559

0.003864 0.000415

0.003956 0.00044

0.003871 0.000612

0.003883 0.00062

0.003831 0.000484

0.003843 0.000597

0.003837 0.000624

0.003873 0.000443

0.003863 0.00047

0.003871 0.000857

0.003896 0.00049

0.003871 0.000466

0.003919 0.000484

0.003934 0.000656

0.003887 0.00062

0.003855 0.000621

0.003873 0.000465

0.003853 0.000678

0.003876 0.000567

0.003874 0.000486

0.003845 0.00053

0.003851 0.000684

0.003901 0.000441

0.003901 0.000571

0.003877 0.000509

0.003854 0.000523

0.003872 0.000717

0.003849 0.000654

0.003877 0.000501

0.003846 0.000506

0.003834 0.000544

0.003875 0.000506

0.003876 0.000496

0.003904 0.000722

0.003838 0.000568

0.003841 0.000529

0.003863 0.000476

0.00386 0.000545

0.003888 0.000718

0.003917 0.000666

0.003853 0.000737

0.003966 0.000525

0.003879 0.000574

0.003878 0.000489

0.003865 0.000725

0.003878 0.000644

0.003895 0.00085

0.003927 0.000675

0.003875 0.000564

0.003888 0.00067

0.003842 0.00061

0.003834 0.000692

0.00386 0.000434

0.003861 0.000423

0.003872 0.00046

0.003851 0.000565

0.003847 0.000543

0.003848 0.00057

0.003832 0.000488

0.003881 0.000542

0.003839 0.000828

0.003856 0.000546

0.003849 0.000692

0.003842 0.000671

0.003951 0.000437

0.003848 0.000562

0.003875 0.000697

0.003869 0.000566

0.003898 0.000483

0.003879 0.000591

0.003851 0.000487

0.003886 0.000545

0.003855 0.000658

0.003867 0.000756

0.00384 0.000471

0.003893 0.000506

0.003878 0.000574

0.003854 0.000585

0.00389 0.000599

0.003838 0.000553

0.003857 0.00054

0.003881 0.000687

0.003835 0.000666

0.003852 0.000484

0.003851 0.000587

0.003881 0.000883

0.003856 0.000586

0.003884 0.000613

0.003989 0.00049

0.003913 0.000431

0.003845 0.000523

0.00387 0.000813

0.003823 0.000662

0.003919 0.000682

0.003859 0.000639

0.003849 0.000522

0.003863 0.000548

0.003927 0.000547

0.003856 0.000849

0.003874 0.000458

0.003843 0.000877

0.003931 0.000449

0.003907 0.000518

0.003937 0.000415

0.003893 0.000655

0.003876 0.000575

0.003847 0.000675

0.003853 0.000925

0.003848 0.00043

0.003856 0.000647

0.004483 0.000571

0.003851 0.000695

0.003881 0.000613

0.003842 0.000585

0.00388 0.000684

0.003851 0.000587

0.003914 0.000793

0.003849 0.000693

0.003882 0.000461

0.003863 0.000523

0.003928 0.000608

0.003847 0.000676

0.003874 0.000485

0.003917 0.00054

0.003928 0.000638

0.003877 0.000462

0.003838 0.000511

0.003844 0.000724

0.00384 0.000719

0.003875 0.000463

0.003869 0.000483

0.003892 0.000701

0.003841 0.000547

0.003884 0.000613

0.003941 0.000597

0.00385 0.000531

0.003859 0.000619

0.003879 0.000468

0.003878 0.00069

0.003919 0.000647

0.003845 0.000654

0.003826 0.000608

0.003881 0.000512

0.003933 0.000441

0.003906 0.000474

0.003834 0.000574

0.003858 0.000469

0.003855 0.000606

0.003917 0.000516

0.003866 0.000648

0.003839 0.000538

0.003848 0.000544

0.003939 0.000758

0.003885 0.000679

0.003873 0.000653

0.003886 0.000686

0.003965 0.000619

0.003908 0.000556

0.003837 0.000675

0.003854 0.000617

0.003836 0.000594

0.003929 0.000558

0.003877 0.000566

0.003854 0.000491

0.003837 0.000439

0.003876 0.000638

0.003838 0.00047

0.003849 0.000526

0.003902 0.000472

0.003906 0.000476

0.003932 0.00059

0.003849 0.000432

0.003869 0.000634

0.003849 0.000596

0.00384 0.000559

0.003854 0.000578

0.003869 0.000515

0.003883 0.00054

0.003849 0.000577

0.003885 0.000456

0.004497 0.000545

0.003921 0.000735

0.003911 0.000692

0.003901 0.000683

0.003844 0.000441

0.003849 0.000594

0.003933 0.00048

0.003852 0.000522

0.003877 0.000703

0.003838 0.000534

0.003847 0.000575

0.003843 0.000607

0.003869 0.000445

0.003878 0.000704

0.003863 0.000468

0.003841 0.000467

0.003843 0.000623

0.003878 0.000616

0.003837 0.000521

0.003842 0.000537

0.00391 0.0005

0.003876 0.000612

0.003878 0.000514

0.00384 0.000564

0.003839 0.000487

0.003853 0.000481

0.003849 0.000499

0.003914 0.00052

0.003926 0.000583

0.003841 0.000455

0.00387 0.0007

0.003873 0.000568

0.003898 0.000524

0.003882 0.000454

0.003914 0.000579

0.003856 0.000578

0.003837 0.000572

0.003881 0.000467

0.003878 0.000451

0.003939 0.000422

0.003883 0.000442

0.003849 0.000739

0.003843 0.00064

0.00389 0.000622

0.003871 0.000714

0.003863 0.000645

0.003895 0.000575

0.003859 0.000719

0.003905 0.000463

0.004494 0.0005

0.003852 0.000603

0.003894 0.000449

0.003907 0.000478

0.003965 0.000655

0.003838 0.000782

0.003871 0.000525

0.003854 0.000466

0.003873 0.000656

0.003846 0.00077

0.003865 0.000738

0.003837 0.000419

0.003879 0.000467

0.003883 0.000555

0.003876 0.000454

0.003877 0.000656

0.003859 0.00048

0.0039 0.000594

0.003879 0.00061

0.003836 0.000667

0.003846 0.00049

0.003843 0.000489

0.003867 0.000516

0.00389 0.000544

0.004539 0.000856

0.003875 0.000593

0.003855 0.000739

0.003914 0.00067

0.003887 0.000537

0.003844 0.000763

0.003851 0.000575

0.003893 0.000632

0.003861 0.000548

0.003848 0.000575

0.003891 0.000507

0.003863 0.000552

0.003886 0.000426

0.003894 0.000451

0.003873 0.000523

0.003876 0.000474

0.00389 0.000602

0.003833 0.000492

0.003848 0.000715

0.003875 0.000451

0.003854 0.000424

0.003854 0.00048

0.003871 0.00076

0.004487 0.000485

0.003852 0.000497

0.003895 0.00048

0.00384 0.000533

0.003923 0.000453

0.00386 0.000613

0.003875 0.000524

0.003917 0.000743

0.003879 0.000468

0.003881 0.000608

0.003858 0.000598

0.003879 0.000789

0.003827 0.000583

0.003835 0.000493

0.003942 0.000518

0.003881 0.000413

0.003861 0.000526

0.003852 0.000699

0.003875 0.00063

0.003901 0.000517

0.003847 0.000549

0.003889 0.000758

0.003873 0.000505

0.003855 0.000628

0.003873 0.000506

0.003995 0.000536

0.003879 0.000612

0.003877 0.000578

0.003844 0.000562

0.003869 0.000636

0.003885 0.000467

0.003843 0.000695

0.003854 0.000689

0.003838 0.000507

0.003879 0.000452

0.003854 0.000589

0.003879 0.000431

0.003875 0.000567

0.003838 0.000422

0.003878 0.000616

0.003854 0.000487

0.003873 0.000473

0.003866 0.000511

0.003858 0.000789

0.00388 0.000492

0.003848 0.000588

0.003844 0.000485

0.003976 0.000522

0.00385 0.000772

0.003854 0.000613

0.003887 0.0005

0.003883 0.000423

0.003837 0.000678

0.003978 0.000752

0.003836 0.000468

0.003886 0.000695

0.003858 0.000546

0.003887 0.000491

0.003878 0.00069

0.003853 0.000448

0.003893 0.000725

0.003898 0.000899

0.003975 0.000597

0.00386 0.000618

0.003893 0.000677

0.003889 0.000746

0.004018 0.000542

0.003851 0.000614

0.003881 0.000615

0.004523 0.000442

0.003873 0.000585

0.003867 0.000444

0.003902 0.000668

0.003879 0.000634

0.003868 0.00042

0.003859 0.000523

0.003884 0.000619

0.003915 0.000652

0.003833 0.000559

0.003848 0.000641

0.003864 0.000566

0.003848 0.00048

0.003866 0.000623

0.003916 0.000576

0.003834 0.000682

0.003887 0.000423

0.003844 0.00051

0.003883 0.00055

0.003836 0.000504

0.003858 0.000422

0.003915 0.000487

0.00385 0.000611

0.003867 0.000705

0.004184 0.000494

0.003853 0.000507

0.003887 0.000581

0.003872 0.000691

0.003848 0.000512

0.003849 0.000536

0.003837 0.000787

0.003863 0.000637

0.003857 0.000603

0.00388 0.00044

0.003871 0.0007

0.003871 0.000659

0.003855 0.000411

0.003876 0.000456

0.003903 0.000484

0.003893 0.000711

0.003854 0.00069

0.003844 0.000458

0.003839 0.000614

0.00384 0.000579

