0.003906 6.4e-05

0.003905 6.1e-05

0.003842 6.9e-05

0.003868 6.3e-05

0.003937 4.9e-05

0.003897 6.5e-05

0.003878 6.2e-05

0.003843 6.7e-05

0.003904 5.8e-05

0.003864 4.5e-05

0.003888 6.3e-05

0.003848 6.9e-05

0.004039 6.5e-05

0.003879 6.3e-05

0.003965 8.5e-05

0.00398 7.3e-05

0.003964 7e-05

0.003969 0.000104

0.003858 6.8e-05

0.003875 7.4e-05

0.003846 4.2e-05

0.003895 5.6e-05

0.003857 7e-05

0.003846 6.9e-05

0.003842 5.6e-05

0.003878 5.7e-05

0.00392 6.6e-05

0.003839 5.6e-05

0.003886 6e-05

0.003864 6.2e-05

0.003874 5.8e-05

0.003838 5.6e-05

0.003851 5.9e-05

0.003867 6.3e-05

0.003953 8.8e-05

0.003877 7.7e-05

0.00388 7.4e-05

0.003866 8.5e-05

0.003903 6.9e-05

0.003889 5.4e-05

0.003914 6.9e-05

0.003846 5.7e-05

0.003847 4.9e-05

0.003952 6.4e-05

0.003902 4.8e-05

0.003874 4.9e-05

0.004237 6.2e-05

0.003865 6e-05

0.003874 6.6e-05

0.003842 5.5e-05

0.003843 5.5e-05

0.003878 5.3e-05

0.003852 8.1e-05

0.00385 5.9e-05

0.003955 6.3e-05

0.003885 7.8e-05

0.003884 4.8e-05

0.003841 6.7e-05

0.003854 6.8e-05

0.003863 6.4e-05

0.003872 7e-05

0.003858 5.1e-05

0.00388 5e-05

0.003939 7e-05

0.003883 6.6e-05

0.003844 6.3e-05

0.003879 8.4e-05

0.003878 5.1e-05

0.003883 7.4e-05

0.003881 7.1e-05

0.003858 6.2e-05

0.003831 7.3e-05

0.003885 5.6e-05

0.003867 5.9e-05

0.003864 6.2e-05

0.003878 3.9e-05

0.003887 5.1e-05

0.003893 9.6e-05

0.003887 5.9e-05

0.003879 5.3e-05

0.003881 4.1e-05

0.003873 7.2e-05

0.003839 4.9e-05

0.003871 5.1e-05

0.003883 7.3e-05

0.003877 6e-05

0.003838 9.2e-05

0.003844 7.9e-05

0.003849 4.7e-05

0.003837 7.7e-05

0.003917 7.9e-05

0.003877 6.4e-05

0.003844 4.9e-05

0.003838 5.5e-05

0.003907 4.9e-05

0.003907 4.8e-05

0.003984 7.9e-05

0.003937 5.2e-05

0.003886 8.7e-05

0.003881 4.5e-05

0.00384 8e-05

0.003853 5.2e-05

0.003872 6.5e-05

0.003879 4.7e-05

0.003858 4.8e-05

0.00387 6.3e-05

0.00384 5.5e-05

0.003875 6.3e-05

0.003855 5.9e-05

0.003877 6.6e-05

0.003858 4.8e-05

0.003875 5.3e-05

0.003858 5.4e-05

0.003856 5.4e-05

0.00384 4.9e-05

0.003872 5e-05

0.003845 6.2e-05

0.00387 7.1e-05

0.003871 7.7e-05

0.003935 7.4e-05

0.00389 7.1e-05

0.003843 6.5e-05

0.003872 7.9e-05

0.003865 8.4e-05

0.003878 6.4e-05

0.00385 5.3e-05

0.00385 6.1e-05

0.003868 5.2e-05

0.003878 6.2e-05

0.003872 7.9e-05

0.003885 7.8e-05

0.00388 8.2e-05

0.003873 5.1e-05

0.003907 7.7e-05

0.003862 6.6e-05

0.003963 5.7e-05

0.003887 6.4e-05

0.003871 6e-05

0.003924 4.3e-05

0.003854 5.8e-05

0.003912 6.7e-05

0.003907 5.4e-05

0.003881 6.7e-05

0.003841 7.4e-05

0.003876 8.3e-05

0.003875 7.1e-05

0.003973 8.6e-05

0.003843 6e-05

0.003849 8.8e-05

0.003839 6e-05

0.003906 5e-05

0.003844 6.9e-05

0.00391 8.1e-05

0.003869 4.7e-05

0.003881 7.5e-05

0.003847 5.2e-05

0.003884 7.3e-05

0.003855 5.5e-05

0.003868 8.5e-05

0.003897 6.5e-05

0.003866 6.7e-05

0.003958 7.3e-05

0.003847 5.9e-05

0.003874 5.8e-05

0.003871 6.8e-05

0.00384 6.5e-05

0.003859 7.4e-05

0.003895 6.6e-05

0.003852 9e-05

0.00385 6.7e-05

0.003884 5.7e-05

0.0039 6.6e-05

0.003843 5.2e-05

0.003854 7.2e-05

0.003928 7.1e-05

0.00392 6.3e-05

0.003885 4.9e-05

0.003892 5.2e-05

0.003894 5.5e-05

0.003839 8.9e-05

0.003879 4.7e-05

0.003855 7.1e-05

0.003961 6.5e-05

0.003899 7.7e-05

0.003871 5.5e-05

0.00393 5.1e-05

0.003841 4e-05

0.003842 5.6e-05

0.00388 7.2e-05

0.003874 6e-05

0.003909 6e-05

0.003844 4.9e-05

0.003884 4.9e-05

0.003913 5.8e-05

0.003854 5.9e-05

0.003871 5.6e-05

0.003878 4.8e-05

0.003894 5.8e-05

0.003844 4.9e-05

0.003853 6.8e-05

0.003849 5.8e-05

0.003928 7.4e-05

0.003841 5.5e-05

0.003845 5.9e-05

0.00385 7.2e-05

0.003893 4.6e-05

0.003852 6.1e-05

0.003856 6.6e-05

0.003874 6.1e-05

0.003908 8.2e-05

0.003838 6.2e-05

0.003851 5.6e-05

0.003846 7.1e-05

0.003847 6.2e-05

0.003874 6.5e-05

0.003876 5.4e-05

0.003849 5.6e-05

0.003825 5.3e-05

0.003884 5.8e-05

0.003843 4.7e-05

0.003947 5.7e-05

0.00384 6.1e-05

0.003927 7e-05

0.003894 6.3e-05

0.003988 6.9e-05

0.003846 8e-05

0.003923 5.9e-05

0.003841 7.7e-05

0.003838 9.1e-05

0.003873 6e-05

0.003846 4.4e-05

0.003877 6e-05

0.003856 6e-05

0.003869 5.9e-05

0.00389 5.3e-05

0.003907 6.3e-05

0.003839 5.7e-05

0.003872 5.3e-05

0.003838 5.4e-05

0.003858 9.3e-05

0.003859 5.5e-05

0.00386 9.6e-05

0.003851 4.8e-05

0.003879 6.7e-05

0.003876 8.2e-05

0.003901 6.2e-05

0.003859 5.8e-05

0.003878 8e-05

0.003904 8.1e-05

0.003846 5.8e-05

0.003876 6.1e-05

0.003845 5.2e-05

0.003897 6.2e-05

0.003863 6.4e-05

0.00387 4.7e-05

0.003898 5.6e-05

0.003927 6e-05

0.003838 7.8e-05

0.003849 4.3e-05

0.003846 6.2e-05

0.003854 4.7e-05

0.003882 5.3e-05

0.003864 7.1e-05

0.003879 5e-05

0.003874 5.2e-05

0.003878 5.6e-05

0.003837 6.1e-05

0.003866 5.4e-05

0.003845 5.7e-05

0.003875 6.1e-05

0.003854 7e-05

0.003842 6.9e-05

0.00388 5.2e-05

0.003895 4.2e-05

0.003877 6.1e-05

0.003876 5.7e-05

0.003879 5.6e-05

0.003873 9.5e-05

0.003882 6.5e-05

0.003953 6.7e-05

0.003847 5.3e-05

0.003845 5e-05

0.00388 5.2e-05

0.003842 5.7e-05

0.00385 7.6e-05

0.003885 7e-05

0.003889 4.8e-05

0.003843 4.7e-05

0.00389 6.5e-05

0.003841 7.4e-05

0.003889 6.8e-05

0.003878 5.9e-05

0.003904 5.5e-05

0.003873 4.7e-05

0.003901 5.4e-05

0.003848 6.2e-05

0.003878 5.3e-05

0.003865 5.9e-05

0.00395 5.4e-05

0.003913 6e-05

0.003856 5.3e-05

0.003869 5e-05

0.003852 7.4e-05

0.003936 6.2e-05

0.003884 6.3e-05

0.003835 5.8e-05

0.003834 5.2e-05

0.003894 5.8e-05

0.003841 4.9e-05

0.003847 8.2e-05

0.003842 4.9e-05

0.003909 4.3e-05

0.00389 5.2e-05

0.003868 5.6e-05

0.003843 4.9e-05

0.003841 5.1e-05

0.003875 5.2e-05

0.00386 5.5e-05

0.00388 6.1e-05

0.00388 7e-05

0.003905 6.2e-05

0.003839 6e-05

0.003857 5.5e-05

0.003853 8.9e-05

0.003888 4.6e-05

0.003843 7.6e-05

0.003853 5.2e-05

0.003866 6.8e-05

0.003883 4.6e-05

0.003867 4.3e-05

0.003858 7.9e-05

0.00384 6.1e-05

0.003953 7.5e-05

0.003874 6.3e-05

0.003858 8.9e-05

0.003865 6.7e-05

0.003863 5.8e-05

0.003881 6.8e-05

0.003952 7.7e-05

0.003882 5.2e-05

0.003853 8.3e-05

0.003874 6.4e-05

0.003851 6.6e-05

0.00388 4.4e-05

0.003856 7.4e-05

0.00387 6.2e-05

0.003847 5.4e-05

0.00388 6.5e-05

0.003894 7.4e-05

0.00386 5.5e-05

0.00388 6.2e-05

0.003876 6.4e-05

0.003875 6.3e-05

0.003864 5.3e-05

0.003903 5.4e-05

0.003886 5.3e-05

0.003849 6.7e-05

0.003877 7.5e-05

0.003902 6.9e-05

0.003882 5.9e-05

0.003845 6.4e-05

0.003825 5.2e-05

0.003901 6.3e-05

0.003843 7e-05

0.003844 4.8e-05

0.003858 7.1e-05

0.003903 8.4e-05

0.003834 5.4e-05

0.003853 5.6e-05

0.003842 5.8e-05

0.003903 8.3e-05

0.003923 6.5e-05

0.003887 6.8e-05

0.003851 5.3e-05

0.003909 7.9e-05

0.003874 7.3e-05

0.003843 6.2e-05

0.003879 9.2e-05

0.00386 6.5e-05

0.00387 6e-05

0.003849 5.9e-05

0.003894 7.1e-05

0.003911 6e-05

0.003843 5.2e-05

0.003946 7.6e-05

0.003897 9.3e-05

0.003876 7.2e-05

0.003852 8.4e-05

0.003877 7.8e-05

0.003873 5.1e-05

0.003884 6.7e-05

0.003877 5.9e-05

0.00389 4.4e-05

0.003853 4.8e-05

0.00384 5.5e-05

0.003851 7.4e-05

0.003848 7.5e-05

0.003915 4.1e-05

0.003896 6.9e-05

0.003822 6e-05

0.003859 5.5e-05

0.003872 8.6e-05

0.003895 6.2e-05

0.003845 5.4e-05

0.003854 7.1e-05

0.003928 4.7e-05

0.003868 5e-05

0.003902 5.6e-05

0.003854 8.1e-05

0.003895 8.7e-05

0.003972 5.6e-05

0.003884 5.8e-05

0.003878 5.4e-05

0.003858 5.2e-05

0.003882 6.9e-05

0.003842 6e-05

0.003851 4.1e-05

0.00388 5.6e-05

0.003879 5.1e-05

0.003846 5.3e-05

0.003888 5.3e-05

0.00384 5.8e-05

0.003864 5.5e-05

0.003844 6.9e-05

0.00386 4.2e-05

0.003837 5.4e-05

0.003829 8.4e-05

0.003875 6.3e-05

0.00389 6.2e-05

0.003826 6.2e-05

0.003888 4.4e-05

0.003933 7.3e-05

0.003907 6.5e-05

0.00384 5.7e-05

0.003851 6.2e-05

0.003877 8.1e-05

0.00392 8.6e-05

0.003902 4.7e-05

0.003852 6.5e-05

0.003844 4.6e-05

0.003873 5.7e-05

0.003882 6.6e-05

0.003871 4.8e-05

0.003875 4.8e-05

0.0039 6.6e-05

0.003904 7.2e-05

0.003896 6.6e-05

0.003871 5.9e-05

0.003873 7.1e-05

0.003927 6.8e-05

0.003885 7.4e-05

0.003863 5.5e-05

0.003874 6.6e-05

0.003899 5.5e-05

0.00389 7.5e-05

0.003831 9e-05

0.003886 6.1e-05

0.003906 7.8e-05

0.003844 7.8e-05

0.003863 4.3e-05

0.003886 4.7e-05

0.003892 5.4e-05

0.003842 6.6e-05

0.00384 4e-05

0.003885 5.9e-05

0.003879 4.8e-05

0.003841 7.1e-05

0.003838 6.4e-05

0.003868 6.5e-05

0.003885 8.3e-05

0.003878 6.9e-05

0.003871 5.6e-05

0.003872 7.2e-05

0.003881 5.9e-05

0.00388 4.7e-05

0.003848 7.4e-05

0.003855 4.4e-05

0.003848 8.7e-05

0.003876 5.8e-05

0.003878 4.9e-05

0.00385 7.2e-05

0.003848 7.6e-05

0.003885 8e-05

0.003864 5.5e-05

0.003877 5.9e-05

0.003849 5.5e-05

0.003886 4.9e-05

0.003835 5.2e-05

0.003846 8.3e-05

0.003881 6.1e-05

0.003864 7.5e-05

0.003904 5.2e-05

0.003858 6.4e-05

0.003835 5.6e-05

0.003852 4.5e-05

0.003949 8.1e-05

0.003852 6.3e-05

0.00386 5.7e-05

0.003836 5.1e-05

0.003903 8.8e-05

0.003905 5.9e-05

0.003869 6.1e-05

0.003846 5.2e-05

0.003864 5.6e-05

0.003875 4.1e-05

0.003836 8e-05

0.003843 4.9e-05

0.003843 6.5e-05

0.003933 7.9e-05

0.003871 7e-05

0.003867 5.6e-05

0.003838 6.4e-05

0.003914 6e-05

0.003823 7.2e-05

0.003847 6.8e-05

0.003893 5.4e-05

0.003919 5.7e-05

0.003872 5.4e-05

0.003854 7.6e-05

0.003871 5.3e-05

0.003891 5.8e-05

0.003871 5.7e-05

0.00385 7.2e-05

0.003863 6e-05

0.003865 6.4e-05

0.003907 6e-05

0.003867 5.1e-05

0.003913 6.9e-05

0.003918 6.2e-05

0.003877 6.6e-05

0.003889 7.8e-05

0.003834 5.4e-05

0.003839 6.6e-05

0.00391 4.7e-05

0.003899 5.2e-05

0.003852 5e-05

0.003911 5.1e-05

0.003857 5e-05

0.003886 7.3e-05

0.003853 4.7e-05

0.003844 7.5e-05

0.003834 7.6e-05

0.003917 4.1e-05

0.003846 5.3e-05

0.003843 6e-05

0.003839 8.9e-05

0.003869 5.8e-05

0.00384 5e-05

0.00388 5.7e-05

0.003852 5.1e-05

0.003889 6.7e-05

0.003851 5.6e-05

0.003855 5.5e-05

0.00386 7.9e-05

0.003928 5e-05

0.003868 5.4e-05

0.003848 8.1e-05

0.003826 6.9e-05

0.003861 7.3e-05

0.003859 5.4e-05

0.003847 6.4e-05

0.00388 5.2e-05

0.00387 4.5e-05

0.003908 5.8e-05

0.003847 7e-05

0.003849 8.3e-05

0.003843 6.1e-05

0.003969 6.6e-05

0.003904 5.8e-05

0.003876 7.9e-05

0.003873 8.3e-05

0.003962 5.3e-05

0.003843 3.8e-05

0.003836 4.1e-05

0.003918 4.4e-05

0.003841 5.3e-05

0.003886 7.3e-05

0.003842 6.4e-05

0.003868 5.7e-05

0.003875 7.1e-05

0.003877 7.9e-05

0.003839 5.9e-05

0.003882 5e-05

0.003826 6.2e-05

0.003879 5.3e-05

0.003838 5.9e-05

0.0039 5.5e-05

0.003946 6.2e-05

0.003926 5.9e-05

0.003855 6.5e-05

0.003857 4.1e-05

0.003838 4.6e-05

0.003845 4.7e-05

0.003886 8.3e-05

0.003857 6.1e-05

0.003845 6.2e-05

0.003846 7.1e-05

0.003875 6.5e-05

0.003843 6.3e-05

0.003877 7.2e-05

0.003874 5.7e-05

0.003875 7.3e-05

0.003841 4.8e-05

0.003876 7.4e-05

0.003853 6.9e-05

0.003865 5.6e-05

0.003951 5.8e-05

0.00388 5.7e-05

0.003857 5.9e-05

0.003851 6.2e-05

0.003925 8.1e-05

0.003841 5.4e-05

0.003844 5.7e-05

0.00391 7.9e-05

0.003912 8.5e-05

0.003852 6.2e-05

0.003879 5.7e-05

0.003842 5.5e-05

0.003913 5.6e-05

0.003843 5.5e-05

0.003848 4.8e-05

0.003861 5.1e-05

0.003871 7.6e-05

0.00386 5.8e-05

0.003848 6.1e-05

0.003871 5.8e-05

0.003905 7.4e-05

0.003913 5.3e-05

0.003841 5.5e-05

0.003871 6.4e-05

0.003855 5.4e-05

0.00387 5.8e-05

0.003893 5.7e-05

0.003879 4.4e-05

0.003875 5.3e-05

0.003876 5.3e-05

0.003881 6e-05

0.003871 4.9e-05

0.003857 4.8e-05

0.003871 7.5e-05

0.003882 4.9e-05

0.00384 5.2e-05

0.003939 4.6e-05

0.003876 6.4e-05

0.003882 5.4e-05

0.003844 6.9e-05

0.003903 4.7e-05

0.003888 6.6e-05

0.003881 5.8e-05

0.003836 7.3e-05

0.003876 5.7e-05

0.003837 7.2e-05

0.003956 4.1e-05

0.003843 5.1e-05

0.003882 7.1e-05

0.003837 7.6e-05

0.003885 5.3e-05

0.003841 7.6e-05

0.003839 7.2e-05

0.003874 6.8e-05

0.003849 8.6e-05

0.003935 6.1e-05

0.003893 6e-05

0.003852 6e-05

0.003853 7.6e-05

0.003882 6.5e-05

0.003879 4.9e-05

0.003844 5.8e-05

0.003845 5.5e-05

0.003902 7.1e-05

0.003845 6.1e-05

0.003863 4.3e-05

0.003851 6.7e-05

0.003908 6.3e-05

0.003844 7e-05

0.003872 5.8e-05

0.003842 7.3e-05

0.003905 6.7e-05

0.003884 7.6e-05

0.003842 5e-05

0.003864 6.7e-05

0.003859 7e-05

0.003879 5.7e-05

0.00383 8e-05

0.003867 6.6e-05

0.003915 5.3e-05

0.003893 5.8e-05

0.003839 4.6e-05

0.003875 8.7e-05

0.003829 7.1e-05

0.003913 4.6e-05

0.003926 4.5e-05

0.003892 5.3e-05

0.003914 6.4e-05

0.003834 6.3e-05

0.003876 6.4e-05

0.003851 5.1e-05

0.003873 5.8e-05

0.003849 9.6e-05

0.003939 5e-05

0.003854 4.7e-05

0.00384 5.7e-05

0.003848 6.3e-05

0.00388 6.5e-05

0.003847 5.2e-05

0.003898 7.1e-05

0.003855 5e-05

0.003881 4.6e-05

0.003848 7.5e-05

0.00382 6.2e-05

0.003849 8e-05

0.003885 5.5e-05

0.003909 6.1e-05

0.003864 5.7e-05

0.00385 6.4e-05

0.003845 6.2e-05

0.003868 5.6e-05

0.003843 6.7e-05

0.003846 6.1e-05

0.003841 5.1e-05

0.003908 7.1e-05

0.003859 4.2e-05

0.003843 6e-05

0.00384 4.7e-05

0.003959 6e-05

0.003888 6.4e-05

0.00385 5.8e-05

0.003845 6e-05

0.003924 6.3e-05

0.003873 6.1e-05

0.00385 5.7e-05

0.003908 6.1e-05

0.003873 5.6e-05

0.003873 6.5e-05

0.00385 7.6e-05

0.003875 7.1e-05

0.003883 5.8e-05

0.00387 7.5e-05

0.003862 6.1e-05

0.003872 7.9e-05

0.003833 4.6e-05

0.003842 6.6e-05

0.003869 8e-05

0.00387 5.1e-05

0.003908 5.3e-05

0.003871 6.1e-05

0.003913 4.9e-05

0.003894 7.1e-05

0.003849 6.3e-05

0.003842 6.8e-05

0.003886 8.1e-05

0.003879 7.6e-05

0.003873 5.1e-05

0.003855 6.5e-05

0.003877 6.1e-05

0.003849 7.7e-05

0.003863 5.8e-05

0.003866 7.6e-05

0.003844 4.7e-05

0.003891 4.6e-05

0.003945 7.2e-05

0.003877 5.4e-05

0.00384 4.2e-05

0.003916 7.9e-05

0.003894 6.5e-05

0.003877 5e-05

0.003875 5.3e-05

0.003865 6.2e-05

0.00386 4.7e-05

0.003842 8.7e-05

0.003932 7.1e-05

0.003867 4.1e-05

0.003846 7.7e-05

0.003988 9e-05

0.003927 4.9e-05

0.003847 7.3e-05

0.003871 5.9e-05

0.003843 6.9e-05

0.003847 6.1e-05

0.003871 5.5e-05

0.003872 5e-05

0.003846 6e-05

0.003873 4.5e-05

0.0039 4.6e-05

0.003904 7.7e-05

0.003899 6e-05

0.003883 6e-05

0.003907 5.6e-05

0.003853 6.6e-05

0.003865 4.3e-05

0.00388 4.5e-05

0.00386 6.2e-05

0.003848 7.3e-05

0.003869 7e-05

0.003898 8.9e-05

0.003861 4.6e-05

0.003875 7.4e-05

0.003903 5.6e-05

0.003886 6e-05

0.003868 5.2e-05

0.003852 6.4e-05

0.003909 5.5e-05

0.003847 7.2e-05

0.003882 6.1e-05

0.003873 5.2e-05

0.00388 4.4e-05

0.003874 5.8e-05

0.003844 5.3e-05

0.003878 6.1e-05

0.00384 5.3e-05

0.003877 6.7e-05

0.003829 7.8e-05

0.003886 7e-05

0.003836 6.5e-05

0.003919 6e-05

0.00387 5.1e-05

0.003851 5.4e-05

0.003839 4.6e-05

0.003876 7.4e-05

0.003868 8.3e-05

0.003847 6.7e-05

0.003839 5.2e-05

0.003851 5.4e-05

0.003927 5.6e-05

0.003838 4.3e-05

0.003873 4.5e-05

0.003832 6.4e-05

0.003861 5.7e-05

0.003838 7.8e-05

0.003921 6.2e-05

0.003895 7.7e-05

0.003897 7.3e-05

0.00391 7.9e-05

0.003834 6.5e-05

0.003874 6.3e-05

0.003881 6.5e-05

0.003874 5.4e-05

0.003869 8.8e-05

0.003905 6e-05

0.003852 8.2e-05

0.003902 7.4e-05

0.003893 6.2e-05

0.003907 7.3e-05

0.00387 5.3e-05

0.003875 5.6e-05

0.003871 6.5e-05

0.003876 4.8e-05

0.003859 6.1e-05

0.003874 4.9e-05

0.003878 8.6e-05

0.003893 5.7e-05

0.003842 5.4e-05

0.003849 6.4e-05

0.003883 8.7e-05

0.003845 6.2e-05

0.003838 5.9e-05

0.003846 5.3e-05

0.003849 5.4e-05

0.003845 5.7e-05

0.003858 5.1e-05

0.003839 7e-05

0.003866 5.8e-05

0.003876 9e-05

0.00384 5.8e-05

0.003852 6.1e-05

0.003878 4.7e-05

0.003887 8.7e-05

0.003874 7.7e-05

0.00385 5.6e-05

0.003843 5e-05

0.00386 7.2e-05

0.003841 5.4e-05

0.003844 4.9e-05

0.00384 5.2e-05

0.003921 5.1e-05

0.003832 6e-05

0.00384 5.8e-05

0.003851 7.7e-05

0.003898 6.7e-05

0.003869 5.2e-05

0.003851 7.4e-05

0.003931 4.4e-05

0.003911 7.1e-05

0.003861 4e-05

0.003851 6.5e-05

0.003854 5.7e-05

0.00389 5.7e-05

0.003843 6.3e-05

0.003963 6.6e-05

0.003874 6.5e-05

0.003859 5.6e-05

0.003873 5.3e-05

0.003841 4.7e-05

0.003869 4.6e-05

0.003883 5.3e-05

0.00391 4.9e-05

0.003877 4.8e-05

0.003873 6.5e-05

0.003834 5.5e-05

0.003899 6e-05

0.003904 5.9e-05

0.003891 5.6e-05

0.003906 5.6e-05

0.003876 8.1e-05

0.003906 4.8e-05

0.003871 6.2e-05

0.003848 5.9e-05

0.003883 7e-05

0.003881 6.7e-05

0.003843 6e-05

0.003863 5.3e-05

0.003838 5.6e-05

0.003908 7.1e-05

0.003885 7e-05

0.003879 7.7e-05

0.003847 4.4e-05

0.003876 6.8e-05

0.003835 7e-05

0.003842 5.8e-05

0.00385 5.9e-05

0.003952 6.2e-05

0.003879 7.2e-05

0.003875 7e-05

0.003845 9.4e-05

0.003851 6.6e-05

0.003865 4.9e-05

0.003855 8e-05

0.003874 7.8e-05

0.00384 4.7e-05

0.003902 6e-05

0.003857 7e-05

0.003845 5.1e-05

0.003869 7.9e-05

0.00387 7.4e-05

0.003849 6.9e-05

0.003837 6.9e-05

0.003828 7.1e-05

0.003846 4.5e-05

0.003861 8.3e-05

0.003871 4.6e-05

0.003903 7.2e-05

0.003868 8.2e-05

0.003877 4.7e-05

0.003884 4.2e-05

0.00388 5.6e-05

0.003839 5.2e-05

0.003899 5.1e-05

0.003882 6.5e-05

0.003876 6e-05

0.003865 7.2e-05

0.003882 7.4e-05

0.003879 6.1e-05

0.00388 7.2e-05

0.003838 6.4e-05

0.003875 5.6e-05

0.003899 4.8e-05

0.003917 5.6e-05

0.003873 6.1e-05

0.003848 4.9e-05

0.003946 5.6e-05

0.003892 6.2e-05

0.003891 6.4e-05

0.003841 5.4e-05

0.003872 5.6e-05

0.003865 4.7e-05

0.003858 6.2e-05

0.003848 6.6e-05

0.003852 6.5e-05

0.003875 5.7e-05

0.003884 6e-05

0.003832 4.9e-05

0.00384 6e-05

0.003866 7.8e-05

0.003847 8.3e-05

0.003848 6.4e-05

0.003918 5.4e-05

0.003875 6.9e-05

0.003833 7.5e-05

0.00385 4.5e-05

0.003822 6.1e-05

0.003907 8.1e-05

0.00384 7.2e-05

0.003853 5.7e-05

0.003846 5.4e-05

0.003851 6.2e-05

0.003856 6.6e-05

0.003959 7.1e-05

0.003847 5.8e-05

0.003847 4.6e-05

0.003876 4.1e-05

0.003844 5.7e-05

0.003847 6.6e-05

0.003873 5.4e-05

0.003877 6.7e-05

0.003833 4.4e-05

0.003838 5.4e-05

0.003852 5e-05

0.003889 4.9e-05

0.003845 8.5e-05

0.003945 8.3e-05

