0.033594 8.7e-05

0.033128 9.2e-05

0.032468 7.8e-05

0.036507 9.2e-05

0.034534 8e-05

0.034948 7.4e-05

0.031084 9e-05

0.032314 0.000129

0.031646 8e-05

0.03267 7.5e-05

0.032785 7.9e-05

0.032943 7.5e-05

0.03146 7.7e-05

0.031136 6.9e-05

0.031215 8.1e-05

0.033241 7.8e-05

0.032762 0.000114

0.032775 0.000102

0.033172 9.3e-05

0.031193 5e-05

0.031457 4.2e-05

0.035167 8.5e-05

0.034352 7.6e-05

0.033097 8e-05

0.031708 7.3e-05

0.031372 8.8e-05

0.032502 5.9e-05

0.03105 7.5e-05

0.033491 0.000102

0.033268 8.1e-05

0.032376 8e-05

0.03098 7.2e-05

0.032074 0.000101

0.031784 8.3e-05

0.033705 6.3e-05

0.033301 6.3e-05

0.032325 7.8e-05

0.032908 7.8e-05

0.033066 5.9e-05

0.031585 6.3e-05

0.031147 7.2e-05

0.032408 8.3e-05

0.032372 7.5e-05

0.032519 5.8e-05

0.032361 9.8e-05

0.031627 0.00014

0.03191 6.6e-05

0.03204 7.6e-05

0.032493 0.000102

0.031208 6.3e-05

0.035043 8.9e-05

0.032532 9.2e-05

0.033341 7.2e-05

0.032215 7.1e-05

0.032126 5.8e-05

0.032491 8.9e-05

0.032284 0.000106

0.039195 0.000152

0.04081 0.000134

0.038664 7.3e-05

0.032697 9.2e-05

0.033906 6.4e-05

0.033088 9.5e-05

0.032872 8e-05

0.035837 0.000105

0.035954 0.000102

0.033504 7e-05

0.033068 7.7e-05

0.032327 6.7e-05

0.032678 0.00013

0.032623 6.2e-05

0.03439 0.000105

0.03337 8.4e-05

0.032438 8.7e-05

0.031908 5.8e-05

0.032021 7.4e-05

0.031961 8.2e-05

0.0332 7.9e-05

0.033749 0.000101

0.033137 8.6e-05

0.031113 9.2e-05

0.031936 8.2e-05

0.03124 8.9e-05

0.031768 6.6e-05

0.031453 8e-05

0.033703 9.9e-05

0.033282 8.9e-05

0.032187 9.2e-05

0.031029 6.9e-05

0.031618 7.9e-05

0.032443 8.4e-05

0.035721 5.8e-05

0.031618 0.000104

0.036445 9.8e-05

0.031476 6.3e-05

0.032166 0.000104

0.031585 9.1e-05

0.031312 9.3e-05

0.031175 5.3e-05

0.031391 6e-05

0.031324 5.8e-05

0.032246 0.000111

0.031623 8e-05

0.031437 7e-05

0.032992 0.000144

0.032908 9.8e-05

0.032769 7.2e-05

0.030896 5.1e-05

0.030974 8.3e-05

0.031276 6.3e-05

0.031073 7.2e-05

0.031367 5.9e-05

0.031225 7e-05

0.031047 5.7e-05

0.031078 7e-05

0.033124 9.9e-05

0.031194 7.5e-05

0.031189 6.8e-05

0.031188 7e-05

0.031325 8.5e-05

0.031178 7.3e-05

0.031192 9.2e-05

0.031435 6.4e-05

0.032192 0.000106

0.030927 8.4e-05

0.031048 5.4e-05

0.031254 9.9e-05

0.031231 8.7e-05

0.031203 7e-05

0.032201 0.00012

0.031392 8.1e-05

0.03107 6.8e-05

0.030997 9.1e-05

0.031126 6.4e-05

0.0321 8.7e-05

0.031252 7.8e-05

0.031047 7.6e-05

0.031283 7.5e-05

0.031247 6.1e-05

0.031115 8.7e-05

0.031205 8.3e-05

0.031655 7.5e-05

0.031455 0.000104

0.032959 6.5e-05

0.03154 0.000151

0.031144 8e-05

0.031181 7.9e-05

0.031019 7.2e-05

0.032003 8.8e-05

0.031342 7.2e-05

0.031138 6.6e-05

0.031271 7.5e-05

0.031083 7.5e-05

0.031054 8.3e-05

0.03091 7.6e-05

0.031175 8.8e-05

0.031361 7.5e-05

0.031082 8.8e-05

0.031062 0.000111

0.031126 9.9e-05

0.031161 8.3e-05

0.031277 5.9e-05

0.032557 6.8e-05

0.031254 0.000109

0.030985 5.6e-05

0.031247 7.5e-05

0.03117 7.8e-05

0.03126 5e-05

0.031202 8.8e-05

0.030891 9.8e-05

0.031315 8.2e-05

0.032026 8.6e-05

0.03101 7.3e-05

0.031178 9.1e-05

0.030925 6.3e-05

0.031636 9.8e-05

0.032187 8.9e-05

0.031454 7e-05

0.031117 8.7e-05

0.031045 7.7e-05

0.0311 0.0001

0.031958 8.8e-05

0.031208 8.7e-05

0.032353 6.7e-05

0.031069 6.1e-05

0.031034 7.3e-05

0.031136 9e-05

0.031349 7.9e-05

0.031148 9.6e-05

0.03113 6.2e-05

0.033114 7e-05

0.031167 6.5e-05

0.031064 0.000104

0.031062 9.9e-05

0.031036 6.8e-05

0.0314 6.9e-05

0.031141 7.5e-05

0.031119 7.8e-05

0.031429 0.000103

0.031612 7.2e-05

0.031365 8.4e-05

0.031142 6.3e-05

0.031265 7.2e-05

0.03128 8e-05

0.032303 9.3e-05

0.031397 8.3e-05

0.03106 0.000101

0.031071 6.6e-05

0.031049 6.8e-05

0.031793 8e-05

0.031212 5.5e-05

0.031127 7.3e-05

0.030937 8.1e-05

0.031129 7.4e-05

0.031137 8.6e-05

0.031099 6e-05

0.031294 0.000104

0.031311 6.2e-05

0.031973 6.4e-05

0.031025 8.6e-05

0.03104 9.5e-05

0.031033 8.6e-05

0.031081 7.7e-05

0.032573 9.3e-05

0.031453 8.4e-05

0.031061 8e-05

0.030905 7.1e-05

0.031084 5.7e-05

0.031378 6.1e-05

0.031328 8.5e-05

0.031083 6.9e-05

0.031779 6.1e-05

0.031179 9e-05

0.031107 6.5e-05

0.03119 5.1e-05

0.031136 9.4e-05

0.031251 9.1e-05

0.032339 0.000129

0.031197 5.7e-05

0.031009 8e-05

0.030906 6.9e-05

0.031107 8.5e-05

0.031689 9.2e-05

0.031375 8.5e-05

0.031212 8.3e-05

0.031156 8e-05

0.031567 8.6e-05

0.031131 5.5e-05

0.03126 6.6e-05

0.031032 9e-05

0.031474 7.6e-05

0.031085 5.8e-05

0.031033 8.3e-05

0.031199 6.2e-05

0.03127 8.4e-05

0.031043 6.6e-05

0.032161 9e-05

0.031259 0.0001

0.031227 9.3e-05

0.031368 7e-05

0.030927 7.2e-05

0.031892 8.8e-05

0.031159 6.3e-05

0.030924 7.6e-05

0.031071 6.3e-05

0.032 9.6e-05

0.031162 8.3e-05

0.031205 7.5e-05

0.031106 9.9e-05

0.031277 7e-05

0.031472 6.6e-05

0.031175 7.4e-05

0.031062 7.7e-05

0.031064 6.8e-05

0.030881 6.9e-05

0.032159 7.9e-05

0.0315 8.9e-05

0.031676 7.5e-05

0.031577 6.6e-05

0.031055 8.8e-05

0.031091 6.9e-05

0.031226 8.5e-05

0.031025 8.5e-05

0.031215 6.2e-05

0.032313 7e-05

0.031214 5.4e-05

0.031138 6.1e-05

0.031037 6.7e-05

0.030953 7.5e-05

0.031986 0.0001

0.031405 7.8e-05

0.031145 7.9e-05

0.031117 7.7e-05

0.031109 6.6e-05

0.031228 6e-05

0.031013 8.3e-05

0.031087 8.4e-05

0.031358 9.2e-05

0.030933 9.2e-05

0.031104 8.5e-05

0.031417 5.3e-05

0.031114 5.7e-05

0.031154 0.000101

0.031763 8.1e-05

0.031052 6e-05

0.030945 9.4e-05

0.031065 7.2e-05

0.031066 0.000108

0.032034 9.3e-05

0.031269 9.8e-05

0.030959 6.8e-05

0.031251 0.00011

0.031001 9.2e-05

0.031142 7.3e-05

0.031672 0.000104

0.031027 5.8e-05

0.031434 8e-05

0.031325 6.4e-05

0.031227 7.8e-05

0.031311 8.9e-05

0.031173 5.5e-05

0.031339 9.3e-05

0.031964 8.8e-05

0.031191 5.2e-05

0.031089 5.5e-05

0.031281 6.8e-05

0.031247 8.3e-05

0.031443 8.4e-05

0.031309 0.000104

0.031609 7.3e-05

0.031225 0.0001

0.031465 8.9e-05

0.031048 9.2e-05

0.031157 6.9e-05

0.030912 8.6e-05

0.031237 5.6e-05

0.031472 8.3e-05

0.031228 8e-05

0.031055 9.8e-05

0.031223 9.8e-05

0.031178 8e-05

0.031772 5.4e-05

0.031111 6.4e-05

0.031155 6e-05

0.031601 0.000118

0.030992 5.3e-05

0.031036 9.3e-05

0.031191 5.9e-05

0.031055 8.8e-05

0.031175 5.6e-05

0.0312 7.3e-05

0.031362 6.6e-05

0.03122 5.5e-05

0.031184 7e-05

0.031526 6.3e-05

0.031869 7.8e-05

0.031322 6.7e-05

0.03122 9e-05

0.031305 6.6e-05

0.031832 0.000112

0.03123 8.1e-05

0.031168 5.2e-05

0.031038 8.1e-05

0.031214 6e-05

0.031004 9.3e-05

0.031027 7.5e-05

0.031023 7.8e-05

0.031435 6.2e-05

0.031205 9.2e-05

0.032186 7.8e-05

0.031095 6.4e-05

0.031012 0.000134

0.031157 8.6e-05

0.031224 4.8e-05

0.03207 7.8e-05

0.031387 7.2e-05

0.030994 8.1e-05

0.03121 8.9e-05

0.032008 6.4e-05

0.031176 6.3e-05

0.030996 9.8e-05

0.035202 7e-05

0.031118 6e-05

0.031444 7.7e-05

0.031257 9.4e-05

0.031262 6.4e-05

0.030884 6.6e-05

0.031013 6.9e-05

0.031735 8.5e-05

0.031647 8.5e-05

0.031187 7.3e-05

0.031376 8.3e-05

0.031037 7.2e-05

0.031027 7.3e-05

0.031214 0.000109

0.031079 8.4e-05

0.030964 6.5e-05

0.031422 0.000113

0.031157 7.5e-05

0.031146 7.9e-05

0.031297 6.3e-05

0.031165 5.8e-05

0.031784 8.3e-05

0.031164 7.8e-05

0.031573 7.4e-05

0.031283 7.9e-05

0.03217 9.7e-05

0.031334 7.8e-05

0.030955 6e-05

0.031378 8.3e-05

0.031118 8e-05

0.031195 7.4e-05

0.0311 5.7e-05

0.031137 9.3e-05

0.03116 7.4e-05

0.031403 7.2e-05

0.032164 5.9e-05

0.030964 8.4e-05

0.031035 7.9e-05

0.031647 8.8e-05

0.031264 8e-05

0.03117 9.6e-05

0.03115 6.5e-05

0.031111 7.5e-05

0.031116 7.9e-05

0.031654 5.7e-05

0.030939 5.2e-05

0.030974 7.2e-05

0.031075 8e-05

0.031269 9e-05

0.031759 9.1e-05

0.031456 5.2e-05

0.031075 6.2e-05

0.030985 8.4e-05

0.031614 9.1e-05

0.031398 9.7e-05

0.031104 0.000104

0.031022 0.000102

0.031329 6.9e-05

0.031034 6.7e-05

0.031107 7.4e-05

0.031041 8.3e-05

0.031103 8e-05

0.0312 9.4e-05

0.031328 8.2e-05

0.031433 5.9e-05

0.031153 5.6e-05

0.031145 5.9e-05

0.031323 6.7e-05

0.031812 8.3e-05

0.031201 8.8e-05

0.031073 8.5e-05

0.031202 6.6e-05

0.032076 6.7e-05

0.031236 7.6e-05

0.031279 8.9e-05

0.031153 7.2e-05

0.031123 8e-05

0.030963 8.4e-05

0.03107 7.1e-05

0.031041 8.2e-05

0.031364 5.7e-05

0.031329 7.8e-05

0.032324 7.9e-05

0.031317 6.8e-05

0.031169 8.2e-05

0.031146 8.3e-05

0.031027 7.8e-05

0.031283 7.8e-05

0.031172 9e-05

0.030881 9.8e-05

0.031259 7.5e-05

0.032309 6.6e-05

0.031158 6.2e-05

0.031301 7.8e-05

0.031167 7.3e-05

0.031013 5.5e-05

0.031776 0.000105

0.031277 4.6e-05

0.0312 7.3e-05

0.031062 6.5e-05

0.03142 8.4e-05

0.031649 9e-05

0.031294 6.9e-05

0.031085 6.9e-05

0.031228 7.2e-05

0.030992 7.4e-05

0.031096 7.8e-05

0.031189 6.7e-05

0.031148 8.1e-05

0.031214 6.9e-05

0.031173 9.2e-05

0.031151 7.1e-05

0.03116 8.3e-05

0.031171 7.8e-05

0.031373 8.9e-05

0.031823 8.7e-05

0.031105 8e-05

0.031024 7.3e-05

0.031216 8.9e-05

0.032191 8e-05

0.030934 5.5e-05

0.031285 9.9e-05

0.03112 6.9e-05

0.031104 8.1e-05

0.031347 7.5e-05

0.031194 4.4e-05

0.030931 8.5e-05

0.031073 6.4e-05

0.031343 5.7e-05

0.032105 7.7e-05

0.031205 7.1e-05

0.031047 7.2e-05

0.031113 9.2e-05

0.031166 6.9e-05

0.031375 7.9e-05

0.031014 0.000101

0.031365 6e-05

0.031239 7.5e-05

0.031241 6.2e-05

0.031002 7.2e-05

0.031195 9.8e-05

0.031165 7.7e-05

0.030938 8.3e-05

0.031162 0.000108

0.031246 0.0001

0.031094 7.1e-05

0.031031 7.5e-05

0.031274 6.6e-05

0.031879 7.5e-05

0.03096 8.7e-05

0.031099 8.3e-05

0.031357 5.6e-05

0.031018 6.2e-05

0.031246 5.4e-05

0.031389 6.9e-05

0.031051 8.1e-05

0.03111 9.3e-05

0.031326 8.4e-05

0.031347 6.5e-05

0.03093 7.1e-05

0.03119 5e-05

0.031161 8.3e-05

0.032005 6.9e-05

0.031306 9.8e-05

0.031068 7.3e-05

0.031248 7.3e-05

0.032521 9.5e-05

0.031214 7.8e-05

0.031129 5.6e-05

0.031127 7.1e-05

0.031119 6.6e-05

0.031217 7.9e-05

0.031289 9.1e-05

0.031289 6.5e-05

0.031222 7.6e-05

0.031267 5.7e-05

0.032244 9.9e-05

0.03108 8.2e-05

0.030929 6.1e-05

0.031163 7.4e-05

0.0312 6e-05

0.031271 5.3e-05

0.031205 7.6e-05

0.031188 8.1e-05

0.031165 7.8e-05

0.031045 6e-05

0.031414 6.2e-05

0.031086 7e-05

0.031441 5.9e-05

0.031168 9.1e-05

0.031797 5.8e-05

0.031066 8.4e-05

0.031114 7.9e-05

0.031081 7.5e-05

0.032379 8e-05

0.03124 0.000102

0.031195 7.4e-05

0.031117 4.8e-05

0.031017 5.9e-05

0.031178 6.4e-05

0.031021 8.4e-05

0.03134 7.7e-05

0.03114 8.4e-05

0.031058 5.5e-05

0.031487 7e-05

0.031196 8.9e-05

0.031097 5.1e-05

0.031158 6.8e-05

0.031385 6.4e-05

0.031613 0.000107

0.03106 5.7e-05

0.031706 6.7e-05

0.031275 6.7e-05

0.031463 7.4e-05

0.031088 7.2e-05

0.031141 5.8e-05

0.03114 9e-05

0.03085 6.3e-05

0.031178 5.6e-05

0.032099 9.4e-05

0.031167 8.1e-05

0.031043 7.7e-05

0.031246 8.1e-05

0.032082 6.7e-05

0.03114 9.7e-05

0.030996 8.8e-05

0.03164 8.4e-05

0.031229 9.6e-05

0.0314 5.9e-05

0.031204 5.2e-05

0.032816 0.00012

0.031052 7.1e-05

0.030982 8.4e-05

0.031167 7.1e-05

0.031203 7.3e-05

0.03113 8.4e-05

0.031129 6.8e-05

0.031634 9.5e-05

0.031452 7.1e-05

0.031037 6.2e-05

0.031231 7.5e-05

0.032347 9.3e-05

0.031495 5.1e-05

0.031124 6.9e-05

0.031211 8.8e-05

0.031135 8.3e-05

0.030979 7.9e-05

0.031293 7.2e-05

0.031135 9.2e-05

0.031113 9e-05

0.031225 0.00011

0.032434 6.5e-05

0.031275 7.4e-05

0.041314 0.000175

0.031377 5.1e-05

0.031034 6.3e-05

0.031121 6.7e-05

0.03102 7.6e-05

0.031237 9.3e-05

0.031317 9.6e-05

0.03107 0.000109

0.031161 7.6e-05

0.031061 0.000112

0.03126 8e-05

0.031273 7.8e-05

0.032014 6.8e-05

0.031111 7.2e-05

0.031118 9e-05

0.031444 0.000104

0.031023 6.1e-05

0.031299 0.000113

0.031176 9.2e-05

0.031344 9.9e-05

0.031042 7e-05

0.031186 6.9e-05

0.031029 7.7e-05

0.031104 7.5e-05

0.031157 6.7e-05

0.031743 7.6e-05

0.032518 7.1e-05

0.031159 6.2e-05

0.034974 0.000126

0.031254 9.4e-05

0.031093 7.6e-05

0.031066 6.5e-05

0.031107 9.7e-05

0.031293 0.000101

0.031181 6.7e-05

0.031116 6.5e-05

0.031239 6.1e-05

0.031225 8.3e-05

0.031075 8.4e-05

0.031305 8.6e-05

0.032537 5.6e-05

0.031297 8.5e-05

0.031276 8.2e-05

0.031205 6.6e-05

0.031586 8.5e-05

0.031594 7.6e-05

0.03104 7.7e-05

0.031185 5.9e-05

0.031117 7.2e-05

0.031192 6.6e-05

0.031241 9.6e-05

0.031344 6e-05

0.030983 8.2e-05

0.031081 6.2e-05

0.031817 6e-05

0.031351 6.7e-05

0.031106 6.4e-05

0.031344 6.1e-05

0.031095 6.5e-05

0.031805 7.7e-05

0.031048 8.2e-05

0.031264 8.7e-05

0.03121 9e-05

0.031085 7.4e-05

0.031104 6.4e-05

0.030972 8.1e-05

0.031246 9.7e-05

0.031159 8.1e-05

0.031085 5.8e-05

0.031073 7e-05

0.031345 7e-05

0.031182 7.9e-05

0.033864 6.4e-05

0.032357 0.000108

0.031072 7.5e-05

0.031169 8e-05

0.031123 7.4e-05

0.031182 0.0001

0.031426 7.1e-05

0.031039 9.6e-05

0.031526 7.6e-05

0.031138 7.4e-05

0.031189 7.7e-05

0.031398 8.2e-05

0.031186 8.5e-05

0.031005 0.000106

0.031141 9.2e-05

0.031877 5.3e-05

0.031118 9e-05

0.031258 7.2e-05

0.031255 6e-05

0.031473 7.6e-05

0.031186 5.7e-05

0.031012 9.9e-05

0.031099 8e-05

0.03118 8.5e-05

0.031198 8.7e-05

0.03126 8e-05

0.031027 5.5e-05

0.031011 5.4e-05

0.031586 9.8e-05

0.031647 9.2e-05

0.031054 5.9e-05

0.030879 8.2e-05

0.031261 6e-05

0.031051 8.1e-05

0.031908 7.9e-05

0.03105 7.4e-05

0.031086 5.8e-05

0.031007 9.6e-05

0.031182 6.7e-05

0.031095 6.2e-05

0.031193 7.4e-05

0.031169 7.4e-05

0.031129 6.5e-05

0.031109 6.8e-05

0.031391 7.6e-05

0.031178 7e-05

0.031131 6e-05

0.03194 7.4e-05

0.032456 8.5e-05

0.031081 7.5e-05

0.031052 9.8e-05

0.031048 6.6e-05

0.031048 7e-05

0.031031 6.1e-05

0.031079 0.000112

0.031233 7.9e-05

0.031257 6.6e-05

0.031143 5.2e-05

0.031271 6.4e-05

0.031181 5.2e-05

0.03097 5.3e-05

0.031372 7.3e-05

0.03189 9.1e-05

0.03119 7.4e-05

0.031254 7.8e-05

0.031157 6.8e-05

0.031333 5.6e-05

0.031516 4.6e-05

0.031161 8.4e-05

0.031013 6.8e-05

0.031009 8.9e-05

0.031237 9.3e-05

0.031216 8.8e-05

0.031196 7.2e-05

0.031028 6.6e-05

0.031897 4.9e-05

0.031792 8.3e-05

0.03101 6.5e-05

0.031014 6.7e-05

0.031215 9.1e-05

0.031003 5.9e-05

0.032051 8.3e-05

0.031105 9e-05

0.03111 6.9e-05

0.031003 7.6e-05

0.031147 7.7e-05

0.03127 7.7e-05

0.031031 6e-05

0.031077 0.000106

0.031305 7.7e-05

0.031105 9.8e-05

0.031194 8.9e-05

0.031262 8.4e-05

0.031269 9.3e-05

0.03207 9.7e-05

0.032174 6.9e-05

0.031499 7.1e-05

0.031152 6.5e-05

0.031177 7.3e-05

0.031368 9.6e-05

0.03144 8.1e-05

0.031042 8.4e-05

0.031042 6.3e-05

0.031074 7.2e-05

0.031269 6.7e-05

0.03126 6.4e-05

0.031139 5.5e-05

0.031197 0.0001

0.030999 7.1e-05

0.031925 8.9e-05

0.031065 7.9e-05

0.031832 4.5e-05

0.031062 9.1e-05

0.031011 8.2e-05

0.031308 6.1e-05

0.031058 8.5e-05

0.031279 6.9e-05

0.031053 7.3e-05

0.031068 5.2e-05

0.031301 7e-05

0.03105 6.2e-05

0.03114 7.5e-05

0.032016 8e-05

0.031593 8.7e-05

0.031216 8.6e-05

0.031116 9.5e-05

0.031349 7.9e-05

0.031243 7.9e-05

0.031712 8.2e-05

0.031189 8e-05

0.030991 6.8e-05

0.031826 6.7e-05

0.031229 7.5e-05

0.031287 8.5e-05

0.030923 6.9e-05

0.031256 7e-05

0.031145 9e-05

0.031067 9.1e-05

0.031349 6.4e-05

0.031156 8.5e-05

0.031289 8.8e-05

0.031567 6.4e-05

0.031907 9.6e-05

0.031317 7.7e-05

0.031306 7.3e-05

0.031139 6.9e-05

0.031058 8.4e-05

0.031221 6.8e-05

0.031026 9e-05

0.031041 5.9e-05

0.031089 6.9e-05

0.031064 7e-05

0.031073 7.2e-05

0.031102 7.6e-05

0.031263 7.8e-05

0.031001 6.1e-05

0.032305 8.5e-05

0.031332 6.8e-05

0.031234 8.2e-05

0.031396 7.8e-05

0.031089 0.0001

0.031382 6.9e-05

0.031004 7.1e-05

0.031208 9.8e-05

0.031086 0.0001

0.031306 8.6e-05

0.031414 6.9e-05

0.031175 8.7e-05

0.03098 9.5e-05

0.031266 0.000113

0.031114 6.4e-05

0.031106 6.5e-05

0.031044 7.7e-05

0.031191 5.7e-05

0.031012 8.2e-05

0.032347 9.4e-05

0.031268 7.9e-05

0.031036 7.2e-05

0.031074 5.9e-05

0.030995 8e-05

0.031111 9.3e-05

0.031173 7.2e-05

0.031115 7.6e-05

0.031217 5.5e-05

0.03128 7.6e-05

0.031205 7.3e-05

0.031102 7e-05

0.030998 8.1e-05

0.031972 6.3e-05

0.031992 0.000103

0.031087 6.7e-05

0.03123 7.2e-05

0.031333 8.7e-05

0.030975 6.8e-05

0.031738 7.7e-05

0.030999 5.9e-05

0.03147 7.2e-05

0.031224 6e-05

0.031125 7.6e-05

0.031296 8.2e-05

0.031018 7.3e-05

0.030928 5.3e-05

0.030943 7.5e-05

0.031239 7.8e-05

0.030898 7.3e-05

0.031255 5e-05

0.031202 8.5e-05

0.031142 6.6e-05

0.032474 0.000116

0.03134 7.3e-05

0.031077 7e-05

0.031264 6.9e-05

0.031241 8.2e-05

0.031489 7.9e-05

0.031258 0.000103

0.031048 5.4e-05

0.032387 6.9e-05

0.031107 8e-05

0.030882 8.3e-05

0.031196 6.5e-05

0.031383 8.9e-05

0.031172 7.1e-05

0.033145 6.2e-05

0.031062 6.1e-05

0.031024 7.6e-05

0.031171 9.7e-05

0.031243 6.1e-05

0.031317 5.7e-05

0.030961 4.8e-05

0.031169 0.000104

0.031179 0.000103

0.031303 9.4e-05

0.031226 0.000107

0.030984 0.000113

0.031171 7.1e-05

0.031109 6.7e-05

0.033218 5.6e-05

0.031276 9.5e-05

0.032019 8e-05

0.031086 0.000133

0.031065 0.0001

0.031194 0.000107

0.031251 8.7e-05

0.031187 6.4e-05

0.031866 7.7e-05

0.031259 7e-05

0.031222 6.6e-05

0.031106 9.4e-05

0.031113 0.000106

0.030887 9e-05

0.032067 5.6e-05

0.0312 6.7e-05

0.031135 6e-05

0.031345 8.4e-05

0.031214 7.9e-05

0.031709 7e-05

0.03117 6.7e-05

0.031056 8.2e-05

0.031116 7e-05

0.031403 7e-05

0.031093 6.5e-05

0.031077 7.4e-05

0.031113 7.3e-05

0.032206 7.1e-05

0.031555 8.2e-05

0.031051 7.7e-05

0.031554 8.9e-05

0.03122 8.3e-05

0.031068 5.7e-05

0.031892 8.6e-05

0.031179 7.9e-05

0.031084 8.4e-05

0.03116 6.6e-05

0.031026 8.1e-05

0.031415 8e-05

0.03127 7.3e-05

0.031177 7.3e-05

0.03119 7.3e-05

0.031124 9.2e-05

0.03114 7.6e-05

0.031058 8.2e-05

0.031355 9.2e-05

0.031059 6.8e-05

0.032354 6.4e-05

0.031284 8.5e-05

0.031304 7.4e-05

0.031366 7.5e-05

0.031236 6.5e-05

0.031137 7.7e-05

0.031057 5.6e-05

0.030821 7.9e-05

0.032201 8e-05

0.031132 8.8e-05

0.031295 9.4e-05

