0.008361 5e-06

0.008467 4e-06

0.008361 5e-06

0.008293 4e-06

0.008253 3e-06

0.008578 4e-06

0.008518 4e-06

0.008472 4e-06

0.008438 4e-06

0.008311 5e-06

0.008321 3e-06

0.008361 4e-06

0.008294 4e-06

0.008383 4e-06

0.008411 3e-06

0.008348 3e-06

0.008349 4e-06

0.008324 4e-06

0.008288 4e-06

0.008471 5e-06

0.008429 5e-06

0.008305 3e-06

0.008281 4e-06

0.008384 3e-06

0.008253 4e-06

0.00834 4e-06

0.008266 4e-06

0.008331 3e-06

0.008421 4e-06

0.008352 3e-06

0.008308 3e-06

0.008319 3e-06

0.008268 4e-06

0.008299 3e-06

0.008317 4e-06

0.008292 3e-06

0.008322 6e-06

0.008602 4e-06

0.008325 2e-06

0.008327 3e-06

0.008334 3e-06

0.008318 4e-06

0.00836 3e-06

0.008456 6e-06

0.00828 4e-06

0.008315 4e-06

0.008272 3e-06

0.008323 3e-06

0.008323 4e-06

0.008274 2e-06

0.008347 3e-06

0.00832 3e-06

0.008244 5e-06

0.008306 4e-06

0.008331 4e-06

0.008225 3e-06

0.00842 4e-06

0.008253 4e-06

0.008255 4e-06

0.008309 5e-06

0.008286 4e-06

0.008342 4e-06

0.008457 5e-06

0.008304 4e-06

0.008352 4e-06

0.00834 3e-06

0.008238 5e-06

0.008415 5e-06

0.008296 3e-06

0.008247 3e-06

0.008316 4e-06

0.008287 4e-06

0.008354 3e-06

0.008412 4e-06

0.008311 4e-06

0.008327 4e-06

0.008309 3e-06

0.008519 4e-06

0.008404 5e-06

0.008332 3e-06

0.008317 4e-06

0.008471 5e-06

0.008315 4e-06

0.008335 3e-06

0.00837 6e-06

0.008265 3e-06

0.008393 3e-06

0.008322 2e-06

0.008325 5e-06

0.008379 2e-06

0.008368 4e-06

0.008343 4e-06

0.008316 4e-06

0.008316 3e-06

0.008258 4e-06

0.008386 4e-06

0.008341 4e-06

0.008261 4e-06

0.008275 4e-06

0.008298 4e-06

0.0083 3e-06

0.008327 3e-06

0.008387 4e-06

0.00832 4e-06

0.008315 3e-06

0.00827 4e-06

0.008262 5e-06

0.008291 2e-06

0.008231 4e-06

0.00834 3e-06

0.008399 4e-06

0.008354 4e-06

0.008319 3e-06

0.008441 4e-06

0.008348 4e-06

0.008311 3e-06

0.008274 3e-06

0.008335 4e-06

0.008349 5e-06

0.008299 4e-06

0.008344 3e-06

0.008287 2e-06

0.00825 4e-06

0.008364 4e-06

0.00828 4e-06

0.008375 3e-06

0.008311 4e-06

0.008349 5e-06

0.008336 3e-06

0.008344 3e-06

0.008307 2e-06

0.008364 3e-06

0.008316 4e-06

0.008297 5e-06

0.008325 4e-06

0.008385 4e-06

0.008441 4e-06

0.008337 3e-06

0.008317 4e-06

0.008282 3e-06

0.008329 3e-06

0.008288 3e-06

0.008301 5e-06

0.008333 3e-06

0.008258 3e-06

0.008314 4e-06

0.008232 3e-06

0.008328 5e-06

0.008432 4e-06

0.008245 3e-06

0.00828 3e-06

0.008282 3e-06

0.008295 3e-06

0.008297 4e-06

0.008313 3e-06

0.008291 3e-06

0.008345 5e-06

0.008332 4e-06

0.008296 3e-06

0.008337 3e-06

0.008518 4e-06

0.008274 3e-06

0.008321 6e-06

0.008296 3e-06

0.008276 5e-06

0.008303 5e-06

0.008332 4e-06

0.008347 4e-06

0.008266 4e-06

0.008284 4e-06

0.008324 5e-06

0.008263 3e-06

0.008342 4e-06

0.008357 3e-06

0.008285 3e-06

0.008321 3e-06

0.008287 4e-06

0.008268 3e-06

0.008345 4e-06

0.008278 3e-06

0.008287 4e-06

0.008301 4e-06

0.008301 4e-06

0.008394 2e-06

0.008381 3e-06

0.00829 5e-06

0.008264 3e-06

0.008342 3e-06

0.008346 5e-06

0.008305 5e-06

0.008517 5e-06

0.008387 3e-06

0.008312 4e-06

0.00838 4e-06

0.008246 4e-06

0.008281 4e-06

0.008387 4e-06

0.008321 2e-06

0.008315 4e-06

0.008289 4e-06

0.008285 2e-06

0.008292 5e-06

0.008342 5e-06

0.008401 3e-06

0.008318 4e-06

0.008288 3e-06

0.008309 2e-06

0.008277 3e-06

0.008266 3e-06

0.008353 3e-06

0.00832 4e-06

0.008354 4e-06

0.008335 4e-06

0.00828 3e-06

0.00831 4e-06

0.008323 3e-06

0.008269 4e-06

0.008265 5e-06

0.008239 3e-06

0.008324 3e-06

0.008324 3e-06

0.00832 3e-06

0.00825 4e-06

0.008316 3e-06

0.008287 4e-06

0.008417 3e-06

0.008341 4e-06

0.008327 4e-06

0.008302 3e-06

0.008306 4e-06

0.008377 4e-06

0.008283 4e-06

0.008253 4e-06

0.008294 5e-06

0.008297 4e-06

0.008349 4e-06

0.008289 4e-06

0.008365 3e-06

0.008294 5e-06

0.008342 5e-06

0.00831 4e-06

0.008249 5e-06

0.008341 4e-06

0.008254 3e-06

0.008297 4e-06

0.008383 3e-06

0.008373 3e-06

0.00828 3e-06

0.008531 4e-06

0.008298 4e-06

0.00835 4e-06

0.008303 4e-06

0.00826 3e-06

0.008308 2e-06

0.008287 3e-06

0.008291 4e-06

0.008352 4e-06

0.008347 5e-06

0.008322 3e-06

0.008296 5e-06

0.0083 3e-06

0.008265 3e-06

0.00831 4e-06

0.008258 2e-06

0.008374 4e-06

0.008305 3e-06

0.008368 4e-06

0.008322 4e-06

0.008312 2e-06

0.0085 5e-06

0.008371 4e-06

0.008294 3e-06

0.008263 4e-06

0.008303 4e-06

0.008279 4e-06

0.008305 5e-06

0.008308 4e-06

0.008315 4e-06

0.008421 5e-06

0.008305 3e-06

0.008293 3e-06

0.008771 7e-06

0.008637 6e-06

0.008321 3e-06

0.008335 5e-06

0.008332 3e-06

0.008278 2e-06

0.008294 5e-06

0.008324 4e-06

0.008335 3e-06

0.008313 1e-06

0.008308 4e-06

0.008268 2e-06

0.008342 3e-06

0.008327 3e-06

0.008276 3e-06

0.008322 3e-06

0.00829 4e-06

0.008249 4e-06

0.008304 5e-06

0.008347 5e-06

0.008427 4e-06

0.008272 4e-06

0.008324 3e-06

0.008286 3e-06

0.008259 4e-06

0.008287 5e-06

0.008352 3e-06

0.0083 4e-06

0.008288 5e-06

0.008386 4e-06

0.008277 3e-06

0.008355 5e-06

0.008301 4e-06

0.008275 2e-06

0.008284 4e-06

0.008282 3e-06

0.008396 4e-06

0.008476 6e-06

0.008328 5e-06

0.008262 3e-06

0.008404 3e-06

0.008293 4e-06

0.008297 4e-06

0.008315 4e-06

0.00826 4e-06

0.008275 4e-06

0.008311 3e-06

0.008261 3e-06

0.008317 2e-06

0.008372 4e-06

0.008333 4e-06

0.008317 3e-06

0.008276 6e-06

0.008297 5e-06

0.008542 5e-06

0.008485 3e-06

0.008517 4e-06

0.008523 3e-06

0.008503 2e-06

0.008435 4e-06

0.008388 4e-06

0.008626 3e-06

0.008441 4e-06

0.008511 4e-06

0.008507 5e-06

0.008493 4e-06

0.00851 4e-06

0.008511 4e-06

0.008513 5e-06

0.008484 4e-06

0.008427 4e-06

0.008385 4e-06

0.0083 4e-06

0.008342 4e-06

0.008553 3e-06

0.008561 4e-06

0.00861 4e-06

0.008508 4e-06

0.008613 3e-06

0.008753 5e-06

0.008466 5e-06

0.008515 5e-06

0.008447 6e-06

0.008466 3e-06

0.00852 4e-06

0.008505 3e-06

0.008329 4e-06

0.008331 3e-06

0.008353 4e-06

0.00846 6e-06

0.008444 4e-06

0.008488 4e-06

0.008563 4e-06

0.008315 5e-06

0.008348 1.7e-05

0.008451 4e-06

0.008503 4e-06

0.010355 3e-06

0.008551 6e-06

0.00857 3e-06

0.008626 4e-06

0.008544 6e-06

0.008693 3e-06

0.008606 5e-06

0.008688 6e-06

0.00849 4e-06

0.008318 3e-06

0.008314 4e-06

0.00839 4e-06

0.008328 4e-06

0.008309 2e-06

0.008491 5e-06

0.008733 4e-06

0.008485 5e-06

0.008439 2e-06

0.009166 5e-06

0.008992 5e-06

0.008516 3e-06

0.008718 6e-06

0.008628 6e-06

0.008648 4e-06

0.008753 5e-06

0.008599 5e-06

0.008516 4e-06

0.008306 4e-06

0.008459 4e-06

0.008293 4e-06

0.008352 5e-06

0.008732 3e-06

0.008561 4e-06

0.008588 4e-06

0.008554 3e-06

0.008584 4e-06

0.008537 4e-06

0.00868 6e-06

0.008646 4e-06

0.008455 3e-06

0.008478 4e-06

0.008549 4e-06

0.008474 5e-06

0.008546 4e-06

0.008652 5e-06

0.008681 5e-06

0.008446 5e-06

0.00862 4e-06

0.008631 6e-06

0.008439 5e-06

0.00861 4e-06

0.008566 5e-06

0.008498 4e-06

0.008711 4e-06

0.008662 5e-06

0.008545 5e-06

0.008485 4e-06

0.008632 4e-06

0.008497 4e-06

0.008514 4e-06

0.008731 5e-06

0.008688 4e-06

0.008789 6e-06

0.008721 5e-06

0.010098 5e-06

0.008914 6e-06

0.008584 5e-06

0.008928 4e-06

0.008918 4e-06

0.008747 6e-06

0.008565 5e-06

0.008946 5e-06

0.008832 3e-06

0.00846 5e-06

0.008533 3e-06

0.00895 4e-06

0.008563 6e-06

0.008555 5e-06

0.008585 4e-06

0.008706 5e-06

0.008584 4e-06

0.008945 5e-06

0.009766 9e-06

0.008562 4e-06

0.008582 6e-06

0.008803 5e-06

0.008815 7e-06

0.008425 4e-06

0.008363 3e-06

0.008982 5e-06

0.008571 5e-06

0.008576 5e-06

0.008511 3e-06

0.008437 5e-06

0.008373 3e-06

0.008502 4e-06

0.009033 6e-06

0.008496 4e-06

0.008614 4e-06

0.008309 4e-06

0.008396 4e-06

0.008331 5e-06

0.008981 5e-06

0.008507 3e-06

0.008578 4e-06

0.008424 5e-06

0.00863 3e-06

0.00846 4e-06

0.009026 3e-06

0.008444 5e-06

0.008501 5e-06

0.008791 3e-06

0.008605 8e-06

0.008813 5e-06

0.008853 4e-06

0.008821 5e-06

0.011671 5e-06

0.009008 4e-06

0.008575 4e-06

0.00853 6e-06

0.008546 3e-06

0.009174 4e-06

0.00953 7e-06

0.008899 8e-06

0.009683 4e-06

0.00973 3e-06

0.009691 5e-06

0.009475 8e-06

0.008579 4e-06

0.008665 4e-06

0.009011 5e-06

0.009022 5e-06

0.008572 5e-06

0.008715 4e-06

0.00961 5e-06

0.008637 4e-06

0.008534 4e-06

0.00992 4e-06

0.008659 4e-06

0.008697 6e-06

0.008753 3e-06

0.008845 4e-06

0.008838 5e-06

0.008617 7e-06

0.008566 4e-06

0.008843 6e-06

0.008914 4e-06

0.008515 5e-06

0.00888 5e-06

0.008982 6e-06

0.008648 4e-06

0.008528 5e-06

0.008757 4e-06

0.008883 4e-06

0.008544 4e-06

0.008659 3e-06

0.008521 5e-06

0.008478 3e-06

0.008324 4e-06

0.008326 5e-06

0.008577 4e-06

0.008773 5e-06

0.008626 5e-06

0.008514 4e-06

0.008746 6e-06

0.008734 4e-06

0.008512 2e-05

0.008399 3e-06

0.00941 5e-06

0.009105 3e-06

0.008885 4e-06

0.008615 3e-06

0.008493 4e-06

0.008828 4e-06

0.008571 7e-06

0.008585 4e-06

0.008507 5e-06

0.008406 4e-06

0.008301 4e-06

0.008388 3e-06

0.008388 3e-06

0.008355 4e-06

0.008363 4e-06

0.008308 4e-06

0.008448 3e-06

0.008434 5e-06

0.008517 5e-06

0.008428 3e-06

0.008708 7e-06

0.008577 4e-06

0.011649 5e-06

0.010652 5e-06

0.008615 5e-06

0.00942 4e-06

0.009295 5e-06

0.009695 6e-06

0.008603 4e-06

0.008955 7e-06

0.008837 4e-06

0.009615 5e-06

0.008561 5e-06

0.008706 5e-06

0.00874 4e-06

0.008607 3e-06

0.00839 5e-06

0.008667 5e-06

0.008714 7e-06

0.01015 4e-06

0.008435 3e-06

0.008601 3e-06

0.008608 4e-06

0.00861 5e-06

0.008566 6e-06

0.008758 3e-06

0.008657 5e-06

0.008696 4e-06

0.00853 4e-06

0.008343 4e-06

0.008299 4e-06

0.008267 3e-06

0.008397 2e-06

0.008348 4e-06

0.008291 2e-06

0.008555 4e-06

0.008536 4e-06

0.008742 3e-06

0.008845 7e-06

0.008579 5e-06

0.008623 6e-06

0.008664 9e-06

0.008526 4e-06

0.008577 4e-06

0.008599 5e-06

0.008626 7e-06

0.008649 5e-06

0.008795 5e-06

0.008595 5e-06

0.008555 4e-06

0.009387 4e-06

0.009167 5e-06

0.008532 5e-06

0.008524 5e-06

0.009149 6e-06

0.009024 7e-06

0.008616 5e-06

0.009163 7e-06

0.008999 6e-06

0.008514 4e-06

0.008547 3e-06

0.008443 6e-06

0.008341 3e-06

0.008293 3e-06

0.008349 3e-06

0.008314 5e-06

0.008287 4e-06

0.00831 3e-06

0.00838 4e-06

0.008254 5e-06

0.008779 4e-06

0.008699 4e-06

0.008942 5e-06

0.009506 5e-06

0.009529 4e-06

0.010718 4e-06

0.009583 6e-06

0.009149 9e-06

0.008721 4e-06

0.00927 4e-06

0.010449 5e-06

0.010325 5e-06

0.010052 8e-06

0.009595 4e-06

0.008525 5e-06

0.008564 3e-06

0.009592 4e-06

0.008613 4e-06

0.008554 4e-06

0.008601 6e-06

0.00851 6e-06

0.00865 4e-06

0.008427 4e-06

0.008375 3e-06

0.008718 5e-06

0.008404 5e-06

0.008315 4e-06

0.008874 5e-06

0.008425 5e-06

0.008405 4e-06

0.008314 4e-06

0.008335 4e-06

0.008407 5e-06

0.008394 4e-06

0.008359 4e-06

0.008328 5e-06

0.008298 4e-06

0.008534 4e-06

0.009332 4e-06

0.008579 4e-06

0.0086 5e-06

0.008851 5e-06

0.008548 6e-06

0.008549 5e-06

0.008732 4e-06

0.00855 5e-06

0.008535 4e-06

0.00908 4e-06

0.008663 3e-06

0.008445 3e-06

0.008514 4e-06

0.008389 3e-06

0.008293 5e-06

0.008311 4e-06

0.008345 4e-06

0.008417 4e-06

0.008372 2e-06

0.008353 4e-06

0.008404 4e-06

0.008808 4e-06

0.00861 6e-06

0.008486 4e-06

0.009236 7e-06

0.008758 4e-06

0.008542 3e-06

0.008557 4e-06

0.008919 4e-06

0.008524 4e-06

0.008332 3e-06

0.008305 5e-06

0.008402 4e-06

0.008266 3e-06

0.008383 4e-06

0.008373 4e-06

0.008395 4e-06

0.008369 4e-06

0.008348 4e-06

0.008413 4e-06

0.008314 5e-06

0.00826 5e-06

0.008397 4e-06

0.008414 5e-06

0.008329 4e-06

0.008304 3e-06

0.00839 3e-06

0.008278 4e-06

0.008322 4e-06

0.008353 3e-06

0.008287 3e-06

0.008309 3e-06

0.008337 5e-06

0.008392 4e-06

0.008385 4e-06

0.008295 4e-06

0.008383 3e-06

0.00845 5e-06

0.008288 3e-06

0.008326 4e-06

0.00832 5e-06

0.008377 4e-06

0.008346 4e-06

0.008316 4e-06

0.008264 3e-06

0.008309 5e-06

0.008287 4e-06

0.008352 3e-06

0.008392 4e-06

0.008361 5e-06

0.008286 3e-06

0.008496 5e-06

0.008325 4e-06

0.008334 3e-06

0.008326 3e-06

0.008301 3e-06

0.008312 4e-06

0.008291 3e-06

0.008288 4e-06

0.008373 2e-06

0.008333 3e-06

0.008351 4e-06

0.00832 2e-06

0.008291 5e-06

0.008311 5e-06

0.008299 4e-06

0.008417 4e-06

0.008361 5e-06

0.008287 4e-06

0.00829 4e-06

0.008375 3e-06

0.008323 4e-06

0.008272 4e-06

0.008312 4e-06

0.008323 3e-06

0.008259 4e-06

0.008322 4e-06

0.00826 4e-06

0.008292 4e-06

0.008399 4e-06

0.008348 4e-06

0.008285 3e-06

0.008321 3e-06

0.008396 4e-06

0.008248 3e-06

0.008286 3e-06

0.008273 4e-06

0.008334 2e-06

0.008356 4e-06

0.008351 5e-06

0.008294 4e-06

0.008326 1.5e-05

0.008319 3e-06

0.008349 4e-06

0.008297 5e-06

0.008338 3e-06

0.008381 4e-06

0.008353 3e-06

0.008275 4e-06

0.008319 3e-06

0.008242 4e-06

0.008318 4e-06

0.008315 4e-06

0.008299 4e-06

0.008351 4e-06

0.008343 3e-06

0.008346 4e-06

0.008308 4e-06

0.008357 4e-06

0.008322 4e-06

0.008292 3e-06

0.008268 3e-06

0.0083 3e-06

0.008329 4e-06

0.008286 4e-06

0.008406 4e-06

0.008349 4e-06

0.008253 5e-06

0.008304 4e-06

0.008279 5e-06

0.008263 3e-06

0.008273 3e-06

0.008317 3e-06

0.008286 3e-06

0.008525 4e-06

0.008394 4e-06

0.00843 4e-06

0.008312 4e-06

0.008273 5e-06

0.008327 3e-06

0.008288 3e-06

0.008265 4e-06

0.008495 4e-06

0.008349 4e-06

0.008345 4e-06

0.008355 4e-06

0.008367 4e-06

0.008345 2e-06

0.008355 5e-06

0.008302 3e-06

0.008288 5e-06

0.008298 4e-06

0.008361 5e-06

0.008396 4e-06

0.008294 2e-06

0.008289 4e-06

0.008344 4e-06

0.008282 4e-06

0.008327 3e-06

0.008325 3e-06

0.00829 3e-06

0.008276 5e-06

0.008341 4e-06

0.008396 5e-06

0.008378 3e-06

0.008338 4e-06

0.00852 3e-06

0.008328 4e-06

0.008326 4e-06

0.008331 3e-06

0.00833 3e-06

0.008379 5e-06

0.008264 3e-06

0.008316 4e-06

0.008369 4e-06

0.008261 3e-06

0.008274 3e-06

0.008267 4e-06

0.008305 3e-06

0.008322 2e-06

0.008362 4e-06

0.008322 4e-06

0.008278 3e-06

0.008255 3e-06

0.008263 4e-06

0.008269 4e-06

0.0083 3e-06

0.008277 5e-06

0.008295 3e-06

0.00844 3e-06

0.008301 3e-06

0.00828 6e-06

0.008307 3e-06

0.008551 4e-06

0.008244 4e-06

0.008294 3e-06

0.008284 5e-06

0.008303 2e-06

0.008325 4e-06

0.008331 3e-06

0.008299 4e-06

0.008277 4e-06

0.008557 5e-06

0.008354 3e-06

0.008316 5e-06

0.008305 3e-06

0.008281 3e-06

0.008365 3e-06

0.008351 3e-06

0.008377 4e-06

0.008354 3e-06

0.008286 5e-06

0.009646 6e-06

0.01236 6e-06

0.008904 5e-06

0.008586 4e-06

0.00832 4e-06

0.008378 6e-06

0.008298 5e-06

0.008385 3e-06

0.008405 4e-06

0.008243 6e-06

0.008316 3e-06

0.008359 3e-06

0.008305 3e-06

0.008403 4e-06

0.008325 5e-06

0.008244 2e-06

0.008423 4e-06

0.008213 3e-06

0.008265 5e-06

0.008273 3e-06

0.008228 4e-06

0.008229 5e-06

0.008239 4e-06

0.008277 4e-06

0.008228 3e-06

0.008276 4e-06

0.008274 3e-06

0.008311 3e-06

0.008236 3e-06

0.008234 5e-06

0.008266 4e-06

0.008237 3e-06

0.008303 5e-06

0.008207 3e-06

0.008297 3e-06

0.008273 4e-06

0.008229 5e-06

0.00823 3e-06

0.008232 3e-06

0.008269 4e-06

0.008353 3e-06

0.008346 5e-06

0.008221 3e-06

0.008267 4e-06

0.008211 4e-06

0.008313 4e-06

0.008223 4e-06

0.008228 3e-06

0.008238 3e-06

0.008211 3e-06

0.008285 3e-06

0.008272 3e-06

0.008264 4e-06

0.008305 4e-06

0.008263 3e-06

0.008214 3e-06

0.008271 3e-06

0.008243 3e-06

0.008257 4e-06

0.008267 4e-06

0.008303 3e-06

0.008312 3e-06

0.008227 4e-06

0.008235 3e-06

0.008269 3e-06

0.008239 4e-06

0.00825 4e-06

0.008289 5e-06

0.008243 3e-06

0.008401 4e-06

0.008225 3e-06

0.008262 3e-06

0.008297 4e-06

0.008203 3e-06

0.008268 3e-06

0.008251 3e-06

0.008208 3e-06

0.008318 5e-06

0.008314 5e-06

0.008263 3e-06

0.008313 3e-06

0.008288 4e-06

0.00823 4e-06

0.008259 4e-06

0.008261 4e-06

0.008268 3e-06

0.008241 3e-06

0.008341 3e-06

0.008256 3e-06

0.008269 4e-06

0.008308 3e-06

0.008253 3e-06

0.008259 3e-06

0.008242 6e-06

0.008236 3e-06

0.008254 2e-06

0.008254 2e-06

0.008295 3e-06

0.008284 3e-06

0.008325 4e-06

0.008206 3e-06

0.008225 4e-06

0.008249 3e-06

0.008314 3e-06

