0.003951 1.7e-05

0.00385 1.1e-05

0.003882 1.8e-05

0.003882 1.1e-05

0.003986 2.9e-05

0.003912 1.6e-05

0.003877 1.3e-05

0.003941 1.4e-05

0.003955 1e-05

0.003853 1.2e-05

0.003856 1.2e-05

0.003876 1.3e-05

0.004136 2.5e-05

0.003955 2.2e-05

0.0041 1.7e-05

0.003985 1.5e-05

0.003953 1.2e-05

0.003862 1.5e-05

0.003891 1.8e-05

0.003925 2.1e-05

0.003928 1.9e-05

0.003877 1.3e-05

0.003873 1.1e-05

0.003897 1.9e-05

0.003901 1.8e-05

0.003844 1.4e-05

0.003938 1.4e-05

0.003875 2.2e-05

0.00387 1.7e-05

0.003839 1.7e-05

0.003849 1.9e-05

0.003869 1.6e-05

0.003844 1.5e-05

0.004065 1.6e-05

0.00385 1.5e-05

0.003919 2e-05

0.003908 1.7e-05

0.003836 1.1e-05

0.003842 1.4e-05

0.003868 1.4e-05

0.003849 1.4e-05

0.003861 1.1e-05

0.003849 1.9e-05

0.003875 1.2e-05

0.003917 1.5e-05

0.003869 1.4e-05

0.003954 1.8e-05

0.003838 1.2e-05

0.00388 1.7e-05

0.003843 1.5e-05

0.003904 1.5e-05

0.003837 1.9e-05

0.003875 1.7e-05

0.003846 1.4e-05

0.003902 1.2e-05

0.003838 1.8e-05

0.003874 1.4e-05

0.003837 1.5e-05

0.003858 1.7e-05

0.003873 2.1e-05

0.003881 1.5e-05

0.003848 1.4e-05

0.003856 1.7e-05

0.003884 1.5e-05

0.003887 1.4e-05

0.003851 1.3e-05

0.003956 1.5e-05

0.003844 1.8e-05

0.003891 2.1e-05

0.003877 1.6e-05

0.003875 1.4e-05

0.003879 1.8e-05

0.003885 1.9e-05

0.003867 1.4e-05

0.00385 1.5e-05

0.003838 2.3e-05

0.003889 1.1e-05

0.003842 1.2e-05

0.003884 1.8e-05

0.003911 1.7e-05

0.003878 1.4e-05

0.003839 1.4e-05

0.003878 1.4e-05

0.003877 1.3e-05

0.003899 1.3e-05

0.003877 1.5e-05

0.003947 2.3e-05

0.003836 1.6e-05

0.003946 1.5e-05

0.003855 1.8e-05

0.003884 1.3e-05

0.003842 1.5e-05

0.003901 1.5e-05

0.003845 1.3e-05

0.003846 1.2e-05

0.003847 1.4e-05

0.003943 2.3e-05

0.003867 1.8e-05

0.003872 1.7e-05

0.003839 1.9e-05

0.003901 1.5e-05

0.003868 1.6e-05

0.003879 1.4e-05

0.003873 1.6e-05

0.003854 2.3e-05

0.003844 1.6e-05

0.003938 1.6e-05

0.003824 1.1e-05

0.00392 1.9e-05

0.003875 2.2e-05

0.003857 1.7e-05

0.003849 2e-05

0.00386 2e-05

0.003879 1.6e-05

0.003851 1.8e-05

0.003836 1.4e-05

0.003889 1.1e-05

0.003906 2e-05

0.003852 1.6e-05

0.003856 1.5e-05

0.003851 1.6e-05

0.003868 1.6e-05

0.003897 1.2e-05

0.003881 1.5e-05

0.003891 1.5e-05

0.003906 1.6e-05

0.003919 1.4e-05

0.003837 1.4e-05

0.003844 1.9e-05

0.003905 1.7e-05

0.00385 1.4e-05

0.003854 1.3e-05

0.003873 1.2e-05

0.003901 1.6e-05

0.003831 1.9e-05

0.003835 2.1e-05

0.003846 1.2e-05

0.003929 1.5e-05

0.00386 1.6e-05

0.003947 1.5e-05

0.003917 1.4e-05

0.003899 2.1e-05

0.003925 1.4e-05

0.003879 1.6e-05

0.003877 2.2e-05

0.003866 1.7e-05

0.003853 1.8e-05

0.003908 1.7e-05

0.003884 1.9e-05

0.003883 1.7e-05

0.003883 1.6e-05

0.003844 1.4e-05

0.003909 2.2e-05

0.003924 1.4e-05

0.003855 1.2e-05

0.003906 1.8e-05

0.003874 1.8e-05

0.003901 1.8e-05

0.003847 1.7e-05

0.00384 1.3e-05

0.003853 1.6e-05

0.003904 1.3e-05

0.003877 2e-05

0.003876 1.1e-05

0.003917 1.5e-05

0.003907 1.9e-05

0.003852 1.9e-05

0.003835 1.5e-05

0.003844 1.9e-05

0.003836 1.7e-05

0.003846 1.2e-05

0.003835 1.5e-05

0.003899 1.4e-05

0.003853 1.6e-05

0.00386 1.5e-05

0.003838 1e-05

0.003849 1.9e-05

0.003896 1.5e-05

0.003945 1.5e-05

0.003882 1.9e-05

0.003912 1.9e-05

0.003867 1.8e-05

0.003896 2.1e-05

0.003878 2e-05

0.003854 1.3e-05

0.003834 1.4e-05

0.003878 1.5e-05

0.003872 1.8e-05

0.003877 1.6e-05

0.003836 2.1e-05

0.003867 1.8e-05

0.003848 1.4e-05

0.003877 1.1e-05

0.003898 2.1e-05

0.003897 1.6e-05

0.003841 1.1e-05

0.003874 1.6e-05

0.003848 1.6e-05

0.003884 1.3e-05

0.003837 1.9e-05

0.003839 1.4e-05

0.003837 1.9e-05

0.003891 1.6e-05

0.003852 2.8e-05

0.003887 1.7e-05

0.003951 2e-05

0.003914 1.3e-05

0.003841 2.7e-05

0.003891 1.2e-05

0.003843 1.8e-05

0.003913 1.5e-05

0.003893 1.9e-05

0.003885 1.6e-05

0.003844 2e-05

0.003875 1.3e-05

0.00387 1.4e-05

0.003835 1.7e-05

0.003975 1.3e-05

0.003982 1.8e-05

0.003945 3e-05

0.00394 1.6e-05

0.003854 1.9e-05

0.003869 1.5e-05

0.003913 1.5e-05

0.003855 1.7e-05

0.003839 1.8e-05

0.003852 1.7e-05

0.00399 1.4e-05

0.003877 1.3e-05

0.003863 1.8e-05

0.003862 1.9e-05

0.003898 2e-05

0.003842 1.6e-05

0.003836 1.4e-05

0.003844 2.1e-05

0.004012 1.4e-05

0.003864 1.7e-05

0.003844 1.6e-05

0.003842 1.2e-05

0.003875 1.3e-05

0.00385 2e-05

0.003865 1.4e-05

0.003886 1.3e-05

0.00391 2.6e-05

0.00386 1.6e-05

0.003859 1.7e-05

0.003845 1e-05

0.003876 1.1e-05

0.003856 2.4e-05

0.003842 1.5e-05

0.003839 1.4e-05

0.003925 1.8e-05

0.003887 2.2e-05

0.003845 1.6e-05

0.003866 1.7e-05

0.003902 1.6e-05

0.003839 1.7e-05

0.003939 1.3e-05

0.003912 1.5e-05

0.003938 1.5e-05

0.003883 1.6e-05

0.003837 1.4e-05

0.00389 1.3e-05

0.003888 2e-05

0.003867 1.5e-05

0.003843 1.6e-05

0.003879 1.3e-05

0.003943 2e-05

0.00387 2e-05

0.003888 1.7e-05

0.003879 1.6e-05

0.003926 1.4e-05

0.00397 1.4e-05

0.00385 2.1e-05

0.003856 1.6e-05

0.003922 1.6e-05

0.003872 1.7e-05

0.003839 1.4e-05

0.003869 1.3e-05

0.003916 1.8e-05

0.003867 1.2e-05

0.003847 1.7e-05

0.003872 1.5e-05

0.00395 1.7e-05

0.003878 1.5e-05

0.003848 1.6e-05

0.003854 1.8e-05

0.003924 2.2e-05

0.003847 1.4e-05

0.003841 1.5e-05

0.003845 1.7e-05

0.003915 2e-05

0.003874 1.5e-05

0.003863 1.3e-05

0.003871 1.8e-05

0.003893 1.9e-05

0.00386 1.6e-05

0.003874 2.1e-05

0.003864 1.3e-05

0.003893 2.2e-05

0.003913 2.1e-05

0.003876 1.5e-05

0.003874 1.6e-05

0.003878 1.4e-05

0.00388 1.8e-05

0.003848 1.4e-05

0.00384 1.9e-05

0.003881 2.1e-05

0.003914 1.3e-05

0.003842 1.8e-05

0.003846 1.3e-05

0.00387 1.3e-05

0.003917 1.6e-05

0.003858 1.3e-05

0.003846 1.4e-05

0.003906 2e-05

0.003896 1.4e-05

0.003845 1.8e-05

0.003846 1.9e-05

0.003898 1.6e-05

0.003868 1.2e-05

0.003874 2.1e-05

0.003878 1.8e-05

0.003885 1.8e-05

0.003913 1.5e-05

0.003838 1.3e-05

0.003836 1.4e-05

0.003878 1.5e-05

0.003875 1.4e-05

0.003871 1.5e-05

0.003851 1.2e-05

0.003884 1.3e-05

0.003955 1.5e-05

0.003869 1.9e-05

0.003878 1.1e-05

0.003913 1.1e-05

0.003875 1.5e-05

0.003882 2.1e-05

0.003853 1.6e-05

0.003873 1.5e-05

0.003909 1.1e-05

0.003943 1.7e-05

0.003875 2e-05

0.00387 1.7e-05

0.003872 2.1e-05

0.003841 1.7e-05

0.003915 1.7e-05

0.003914 1.3e-05

0.003903 2.4e-05

0.00384 2e-05

0.003857 1.5e-05

0.003873 1.4e-05

0.003878 1.8e-05

0.003847 1.8e-05

0.003844 1.4e-05

0.003872 1.5e-05

0.003915 1.3e-05

0.003864 1.4e-05

0.003856 2e-05

0.003871 1.6e-05

0.003914 1.6e-05

0.003875 1.3e-05

0.003869 1.5e-05

0.00387 1.4e-05

0.003902 1.5e-05

0.003834 1.7e-05

0.003841 1.7e-05

0.003873 2e-05

0.003879 1.5e-05

0.003837 1.2e-05

0.003903 1.8e-05

0.003915 1.9e-05

0.003905 1.3e-05

0.003846 1.6e-05

0.003846 1.6e-05

0.003849 1.2e-05

0.003901 1.4e-05

0.003983 9e-06

0.004208 1.8e-05

0.003988 2e-05

0.003989 1.5e-05

0.003894 1.4e-05

0.00388 1.3e-05

0.003875 1.4e-05

0.00385 1.7e-05

0.003888 1.3e-05

0.003851 1.5e-05

0.003877 1.7e-05

0.003844 1.6e-05

0.003864 1.4e-05

0.003855 1.7e-05

0.003847 1.7e-05

0.003838 1.7e-05

0.003892 1.5e-05

0.003943 1.5e-05

0.003875 1.3e-05

0.003903 1.5e-05

0.003909 1.8e-05

0.003862 1.6e-05

0.003865 1.7e-05

0.003848 1.3e-05

0.003904 1.3e-05

0.003848 1.4e-05

0.003882 1.1e-05

0.003893 1.4e-05

0.003933 1.6e-05

0.00385 1.4e-05

0.003848 1.6e-05

0.003843 1.2e-05

0.003843 1.6e-05

0.003852 1.6e-05

0.003865 1.4e-05

0.0039 1.9e-05

0.003849 1.5e-05

0.003872 1.2e-05

0.003862 1.4e-05

0.003911 1.8e-05

0.003911 1.8e-05

0.003882 2.1e-05

0.003832 1.6e-05

0.003902 1.7e-05

0.00388 1.1e-05

0.003876 1.8e-05

0.003833 1.9e-05

0.003858 1.8e-05

0.003882 1.6e-05

0.00388 1.4e-05

0.00385 1.7e-05

0.003914 1.7e-05

0.00383 1.4e-05

0.003872 1.7e-05

0.003856 2.2e-05

0.003867 1.8e-05

0.003838 1.3e-05

0.003865 2.2e-05

0.003873 1.4e-05

0.003876 2e-05

0.003838 1.6e-05

0.003872 1.6e-05

0.003837 1.9e-05

0.003877 1.4e-05

0.003866 1.8e-05

0.003872 1.4e-05

0.003879 1e-05

0.003885 1.4e-05

0.003865 1.6e-05

0.003873 2e-05

0.003852 2e-05

0.003874 2.1e-05

0.003848 1.4e-05

0.003911 1.5e-05

0.003875 2e-05

0.003898 1.3e-05

0.003839 1.4e-05

0.003865 1.6e-05

0.003831 1.6e-05

0.003952 1.9e-05

0.003895 2e-05

0.003925 1.7e-05

0.003889 1.5e-05

0.003903 1.4e-05

0.003907 1.2e-05

0.003874 2.4e-05

0.003843 1.2e-05

0.003853 2.1e-05

0.003851 1.3e-05

0.003878 1.8e-05

0.003867 1.1e-05

0.003878 1.6e-05

0.003878 1.4e-05

0.003881 1.5e-05

0.003822 1.4e-05

0.003877 1.4e-05

0.003868 1.3e-05

0.003884 1.9e-05

0.003837 1.5e-05

0.003894 1.6e-05

0.003845 1.7e-05

0.003913 1.4e-05

0.003849 1.2e-05

0.003842 1.9e-05

0.003869 1.6e-05

0.003937 1.6e-05

0.003837 1.5e-05

0.003875 1.5e-05

0.003846 1.5e-05

0.003913 1.4e-05

0.003822 1.7e-05

0.003876 1.6e-05

0.003833 1.5e-05

0.003881 2e-05

0.003851 1.9e-05

0.003879 2.1e-05

0.003827 1.6e-05

0.003895 1.4e-05

0.003838 1.7e-05

0.003957 1.3e-05

0.003871 1.8e-05

0.003847 1.8e-05

0.003886 1e-05

0.003878 1.2e-05

0.003895 1.2e-05

0.003845 2e-05

0.003878 1.3e-05

0.003834 1.3e-05

0.003877 1.2e-05

0.003872 1.3e-05

0.00391 1.5e-05

0.003883 1.5e-05

0.003856 1.7e-05

0.003849 1.1e-05

0.003883 1.2e-05

0.003856 1.3e-05

0.00383 2.2e-05

0.003881 1.6e-05

0.003877 1.3e-05

0.003887 1.6e-05

0.003869 1.2e-05

0.00385 1.3e-05

0.003899 1.5e-05

0.003925 2.4e-05

0.00387 1.3e-05

0.003845 1.1e-05

0.003872 1.5e-05

0.003922 1.6e-05

0.00385 1.4e-05

0.003884 1.8e-05

0.003869 1.4e-05

0.003841 1.5e-05

0.003826 1.7e-05

0.003846 1.5e-05

0.003884 1.9e-05

0.003904 1.4e-05

0.003864 1.1e-05

0.003844 1.3e-05

0.003882 1.4e-05

0.00391 1.7e-05

0.003862 1.3e-05

0.003855 2e-05

0.003867 1.4e-05

0.003907 1.9e-05

0.003872 2.1e-05

0.003858 1.4e-05

0.003886 1.3e-05

0.003845 2.1e-05

0.003853 1.7e-05

0.003848 1.5e-05

0.003881 2.1e-05

0.003884 1.8e-05

0.003857 1.8e-05

0.003883 1.5e-05

0.003869 1.5e-05

0.003842 1.6e-05

0.003848 1.4e-05

0.003844 2e-05

0.003871 1.3e-05

0.00388 1.2e-05

0.003881 2e-05

0.003852 2.1e-05

0.003853 1.9e-05

0.003936 1.7e-05

0.003842 1.7e-05

0.003877 1.5e-05

0.00385 1.8e-05

0.003873 1.5e-05

0.003856 1.4e-05

0.003863 1e-05

0.003872 1.5e-05

0.003851 1.2e-05

0.003834 1.7e-05

0.003855 1.3e-05

0.003852 1.4e-05

0.003876 1.9e-05

0.003848 1.9e-05

0.003909 1.5e-05

0.003855 2e-05

0.003847 1.6e-05

0.00385 2e-05

0.003919 1.4e-05

0.003838 2.2e-05

0.003966 1.8e-05

0.00385 1.3e-05

0.003872 1.7e-05

0.003834 2.1e-05

0.003891 1.8e-05

0.003832 1.6e-05

0.003919 1.5e-05

0.00384 1.2e-05

0.003919 1.5e-05

0.003855 1.3e-05

0.00389 1.4e-05

0.003869 2.2e-05

0.003869 1.7e-05

0.003864 1.8e-05

0.003885 1.4e-05

0.00383 1.7e-05

0.003898 1.4e-05

0.00384 2.3e-05

0.003871 2.1e-05

0.003835 1.2e-05

0.0039 1.3e-05

0.003846 1.4e-05

0.003906 1.5e-05

0.003869 1.6e-05

0.003901 1.8e-05

0.003833 1.8e-05

0.003943 1.7e-05

0.003842 2.1e-05

0.003872 1.7e-05

0.00385 1.5e-05

0.003898 1.4e-05

0.003869 1.2e-05

0.003895 1.5e-05

0.003834 1.9e-05

0.003864 1.7e-05

0.003882 1.8e-05

0.003959 1.8e-05

0.003852 2.5e-05

0.003906 1.3e-05

0.003841 1.4e-05

0.003934 1.9e-05

0.003869 1.5e-05

0.00391 1.6e-05

0.003843 1.4e-05

0.003873 1.7e-05

0.003839 1.5e-05

0.003904 1.3e-05

0.003866 1.5e-05

0.003911 1.1e-05

0.003837 1.3e-05

0.003916 1.7e-05

0.00384 1.5e-05

0.00387 1.6e-05

0.003846 1.3e-05

0.003868 1.5e-05

0.003864 1.5e-05

0.003922 2.1e-05

0.00383 1.7e-05

0.003905 1.4e-05

0.003845 1.4e-05

0.00388 1.8e-05

0.003893 1.9e-05

0.003879 1.3e-05

0.003847 1.5e-05

0.003885 1.4e-05

0.003841 1.4e-05

0.003906 1.7e-05

0.003845 2.2e-05

0.003836 1.9e-05

0.003876 1.4e-05

0.003905 1.6e-05

0.003883 1.4e-05

0.003868 1.5e-05

0.003896 1.8e-05

0.003895 1.1e-05

0.003879 1.5e-05

0.003945 1.8e-05

0.003887 1.7e-05

0.003884 1.4e-05

0.003869 1.3e-05

0.003906 9e-06

0.003878 1.5e-05

0.003873 1.3e-05

0.003855 1.4e-05

0.003835 1.3e-05

0.003898 1.7e-05

0.003891 1.6e-05

0.003853 1.9e-05

0.003877 1.8e-05

0.003907 1.7e-05

0.003882 1.4e-05

0.003842 1.7e-05

0.003856 1.4e-05

0.003888 1.8e-05

0.003905 1.3e-05

0.00385 1.9e-05

0.003903 1.8e-05

0.003876 1.6e-05

0.003878 1.6e-05

0.003844 1.7e-05

0.003875 1.4e-05

0.003924 1.5e-05

0.003867 2.1e-05

0.00384 1.6e-05

0.003877 1.6e-05

0.00387 1.5e-05

0.003874 1.7e-05

0.003871 1.9e-05

0.003862 2e-05

0.00393 1.2e-05

0.003882 1.5e-05

0.003851 1.9e-05

0.003885 1.5e-05

0.003898 1.3e-05

0.003881 1.8e-05

0.003855 1.4e-05

0.00394 1.6e-05

0.003878 1.7e-05

0.003919 1.8e-05

0.003829 1.8e-05

0.003903 1.3e-05

0.003874 1.6e-05

0.00387 1.4e-05

0.003844 1.8e-05

0.00385 1.4e-05

0.003877 1.5e-05

0.003886 1.8e-05

0.003902 2e-05

0.003913 1.6e-05

0.003875 1.5e-05

0.003873 1.7e-05

0.00387 1.4e-05

0.003847 1.2e-05

0.003872 1.5e-05

0.003877 1.6e-05

0.003936 1.6e-05

0.003915 1.7e-05

0.003878 1.6e-05

0.003878 1.6e-05

0.00387 1.6e-05

0.00387 1.5e-05

0.003905 1.3e-05

0.003905 1.5e-05

0.003844 1.8e-05

0.003871 1.5e-05

0.003874 1.4e-05

0.00388 1.3e-05

0.003867 1.4e-05

0.003857 1.3e-05

0.003872 1.5e-05

0.003879 1.6e-05

0.003833 1.7e-05

0.003848 1.6e-05

0.003864 1.3e-05

0.003863 1.4e-05

0.00387 1.1e-05

0.003929 1.5e-05

0.003878 1.4e-05

0.003884 1.9e-05

0.003842 1.6e-05

0.003887 1.4e-05

0.003888 1.3e-05

0.003878 1.9e-05

0.00387 1.6e-05

0.003859 1.5e-05

0.003876 1.4e-05

0.003878 2e-05

0.003831 1.8e-05

0.00387 1.9e-05

0.003904 1.5e-05

0.003982 1.5e-05

0.003837 1.5e-05

0.003859 1.5e-05

0.003883 1.4e-05

0.003899 1.8e-05

0.003841 2e-05

0.003884 1.9e-05

0.003872 1.2e-05

0.003869 1.4e-05

0.003836 1.3e-05

0.003878 1.2e-05

0.003866 1.8e-05

0.00388 1.7e-05

0.003843 1.7e-05

0.003859 1.7e-05

0.003881 1.3e-05

0.003911 1.5e-05

0.003845 1.6e-05

0.00386 1.7e-05

0.003893 2.1e-05

0.003873 1.9e-05

0.003857 1.4e-05

0.003876 1.7e-05

0.003868 1.4e-05

0.003879 1.7e-05

0.00388 1.2e-05

0.003894 1.5e-05

0.003888 2.1e-05

0.003892 1.5e-05

0.0039 1.5e-05

0.003913 1.6e-05

0.003885 2.2e-05

0.003883 1.3e-05

0.003847 1.7e-05

0.003851 1.7e-05

0.003851 1.9e-05

0.003879 2.2e-05

0.00385 1.1e-05

0.003896 1.8e-05

0.003852 1.6e-05

0.003884 1.5e-05

0.003852 1.2e-05

0.003871 1.8e-05

0.003824 1.3e-05

0.003873 1.4e-05

0.003858 1.3e-05

0.003842 1.7e-05

0.003878 2e-05

0.003896 1.4e-05

0.003864 1.2e-05

0.003889 2e-05

0.003854 1.7e-05

0.003942 1.4e-05

0.003869 1.4e-05

0.003896 1.5e-05

0.003833 1.3e-05

0.003907 1.6e-05

0.003883 2.2e-05

0.003851 1.9e-05

0.003843 2e-05

0.003902 1.2e-05

0.003843 1.3e-05

0.00386 1.4e-05

0.003854 1.9e-05

0.003911 2.1e-05

0.003846 1.3e-05

0.003902 1.7e-05

0.003861 2.2e-05

0.003905 1.5e-05

0.003841 1.7e-05

0.003919 1.2e-05

0.00385 1.4e-05

0.003927 1.6e-05

0.003845 2e-05

0.00389 1.4e-05

0.003893 1.6e-05

0.003921 1.4e-05

0.00383 1.2e-05

0.003896 2.4e-05

0.003836 1.4e-05

0.003936 1.2e-05

0.003849 1.2e-05

0.003848 1.6e-05

0.003847 1.8e-05

0.003901 1.5e-05

0.003836 1.6e-05

0.003875 1.5e-05

0.003835 1.6e-05

0.003914 1.7e-05

0.003859 1.4e-05

0.003883 1.3e-05

0.003867 1.8e-05

0.003912 1.9e-05

0.003881 1.8e-05

0.003906 1.5e-05

0.003879 1.8e-05

0.003896 1.5e-05

0.00383 1.5e-05

0.003853 1.4e-05

0.003846 2.1e-05

0.003894 1.8e-05

0.003875 1.2e-05

0.003878 1.5e-05

0.003831 1.1e-05

0.003935 1.5e-05

0.003975 1.6e-05

0.003849 2.4e-05

0.003845 1.3e-05

0.003884 1.5e-05

0.00384 1.7e-05

0.003903 1.9e-05

0.003846 2e-05

0.003885 1.2e-05

0.003847 1.5e-05

0.003844 2.2e-05

0.003845 1.7e-05

0.003878 1.6e-05

0.003834 1.4e-05

0.003876 2e-05

0.003849 1.8e-05

0.003861 1.8e-05

0.003858 1.1e-05

0.00384 2e-05

0.003843 1.9e-05

0.003867 2e-05

0.003843 1.5e-05

0.003908 1.3e-05

0.003862 1.2e-05

0.00389 1.8e-05

0.003838 1.6e-05

0.003875 1.4e-05

0.003869 1.3e-05

0.003864 1.6e-05

0.003846 2.1e-05

0.003873 1.9e-05

0.003842 1.5e-05

0.003917 1.8e-05

0.003837 1.6e-05

0.003849 1.4e-05

0.00384 1.5e-05

0.003882 1.5e-05

0.003846 1.3e-05

0.003914 1.5e-05

0.003879 1.7e-05

0.003902 1.5e-05

0.003961 1.5e-05

0.003859 1.6e-05

0.003855 1.5e-05

0.003881 1.9e-05

0.003878 1.7e-05

0.003918 1.4e-05

0.003844 1.7e-05

0.003858 1.6e-05

0.003861 1.4e-05

0.00392 2.1e-05

0.003851 1.2e-05

0.00385 1.5e-05

0.003912 2.3e-05

0.003902 1.8e-05

0.003868 1.9e-05

0.003856 1.3e-05

0.003861 1.9e-05

0.003871 1.3e-05

0.003844 1.1e-05

0.003852 1.5e-05

0.003867 1.4e-05

0.003871 1.3e-05

0.003838 2.2e-05

0.003843 1.6e-05

0.003925 1.6e-05

0.003876 1.6e-05

0.003868 1.5e-05

0.003856 2.3e-05

0.003873 1.3e-05

0.0039 1.6e-05

0.003876 1.7e-05

0.003855 1.8e-05

0.003896 1.3e-05

0.00385 1.4e-05

0.003832 1.9e-05

0.003858 2.2e-05

0.003876 1.6e-05

0.003874 1.7e-05

0.003853 2e-05

0.003855 1.8e-05

0.004023 1e-05

0.003856 1.8e-05

0.003886 1.7e-05

0.003853 1.5e-05

0.003938 1.4e-05

0.003878 1.9e-05

0.003848 1.1e-05

0.003857 1.6e-05

0.003904 1.8e-05

0.003851 1.7e-05

0.003852 1.9e-05

0.003843 1.9e-05

0.00387 9e-06

0.003865 1.7e-05

0.003859 1.4e-05

0.00385 1.5e-05

0.003909 2.2e-05

0.003843 1.9e-05

0.003852 1.9e-05

0.00385 1.5e-05

0.003854 1.9e-05

0.00387 1.7e-05

0.003853 2.2e-05

0.003849 1.2e-05

0.003905 1.5e-05

0.003878 1.6e-05

0.003874 1.5e-05

0.003841 1.8e-05

0.003894 1.6e-05

0.003914 2.2e-05

0.003838 1.3e-05

0.003849 1.5e-05

0.0039 2e-05

0.003847 1.6e-05

0.003842 1.7e-05

0.003841 1.8e-05

0.003897 1.2e-05

0.003902 1.3e-05

0.003858 1.4e-05

0.003853 1.1e-05

0.003922 2.1e-05

0.003855 1.9e-05

0.003835 1.5e-05

0.003882 1.4e-05

0.003937 1.6e-05

0.003913 2.2e-05

0.003846 2e-05

0.003848 1.2e-05

0.003875 1.4e-05

0.003845 1.3e-05

0.003886 1.9e-05

0.003856 1.8e-05

0.003876 1.1e-05

0.00391 1.8e-05

0.004658 2.1e-05

0.003922 1.4e-05

0.003881 1.8e-05

0.003867 1.9e-05

0.003865 1.4e-05

0.003844 1.8e-05

0.003839 2.3e-05

0.003923 1.9e-05

0.003887 2.1e-05

0.003872 1.5e-05

0.003871 2e-05

