0.014545 2e-05

0.014614 1.5e-05

0.014515 1.5e-05

0.015137 1.9e-05

0.014574 1.9e-05

0.014561 1.8e-05

0.014435 1.5e-05

0.014548 1.6e-05

0.014588 1.7e-05

0.014486 1.9e-05

0.014521 1.7e-05

0.014533 1.9e-05

0.014516 1.7e-05

0.014531 1.9e-05

0.014699 1.9e-05

0.014557 1.9e-05

0.014516 1.7e-05

0.014991 1.8e-05

0.014893 1.3e-05

0.014825 2.2e-05

0.014697 2.2e-05

0.01467 1.6e-05

0.014543 1.5e-05

0.014548 2e-05

0.014575 1.2e-05

0.014488 1.4e-05

0.014459 1.9e-05

0.014643 1.3e-05

0.014881 1.9e-05

0.014608 1.5e-05

0.014676 1.6e-05

0.014564 2.2e-05

0.014528 1.1e-05

0.014504 1.7e-05

0.014507 1.5e-05

0.014566 1.5e-05

0.014647 1.9e-05

0.014611 1.7e-05

0.014556 1.9e-05

0.014682 1.6e-05

0.014604 2.1e-05

0.014617 2.2e-05

0.014577 1.3e-05

0.014606 1.8e-05

0.014673 1.9e-05

0.014635 1.8e-05

0.01452 1.6e-05

0.014489 1.2e-05

0.014566 2.1e-05

0.015163 2.1e-05

0.014651 1.7e-05

0.01445 1.3e-05

0.014523 1.5e-05

0.014647 2e-05

0.014488 2e-05

0.014554 1.9e-05

0.01454 1.7e-05

0.014599 1.8e-05

0.014536 2.2e-05

0.014487 1.9e-05

0.014498 1.6e-05

0.01451 2.1e-05

0.014535 2.3e-05

0.014542 2e-05

0.014611 1.5e-05

0.014558 1.8e-05

0.014618 1.5e-05

0.014644 1.9e-05

0.014562 1.9e-05

0.014461 3.1e-05

0.014795 1.7e-05

0.014641 1.5e-05

0.014489 2e-05

0.014555 1.5e-05

0.014486 1.5e-05

0.014564 1.6e-05

0.014532 3.1e-05

0.014561 1.6e-05

0.014531 1.7e-05

0.014527 2e-05

0.014415 1.9e-05

0.014548 1.4e-05

0.014547 2e-05

0.014492 2e-05

0.014579 1.5e-05

0.014505 1.6e-05

0.014661 2.3e-05

0.014565 1.8e-05

0.014436 1.7e-05

0.014572 2e-05

0.014665 1.5e-05

0.014798 1.4e-05

0.014718 2e-05

0.014541 2.1e-05

0.014628 1.7e-05

0.014653 1.4e-05

0.014597 2e-05

0.014661 1.9e-05

0.014488 1.9e-05

0.014491 1.5e-05

0.014616 1.6e-05

0.014529 2e-05

0.014629 2.2e-05

0.014626 2.3e-05

0.0145 1.6e-05

0.014529 2.1e-05

0.014438 1.5e-05

0.014467 2.2e-05

0.014519 2.2e-05

0.014524 1.5e-05

0.014514 1.8e-05

0.014555 1.6e-05

0.014677 2.2e-05

0.014625 1.9e-05

0.014612 1.3e-05

0.014562 1.5e-05

0.014517 1.8e-05

0.014572 1.3e-05

0.014684 1.8e-05

0.014566 1.9e-05

0.014633 1.3e-05

0.014599 2e-05

0.014624 1.4e-05

0.014926 2.1e-05

0.014604 1.5e-05

0.014501 1.5e-05

0.014577 1.7e-05

0.014529 1.9e-05

0.014599 1.3e-05

0.014543 1.7e-05

0.01452 1.7e-05

0.014564 2.7e-05

0.014769 1.7e-05

0.014545 2e-05

0.014554 1.6e-05

0.014499 1.8e-05

0.014733 2.1e-05

0.01447 1.6e-05

0.014595 1.7e-05

0.014521 1.4e-05

0.014476 2.1e-05

0.014573 1.6e-05

0.01455 1.8e-05

0.014563 1.3e-05

0.014723 1.5e-05

0.014486 1.3e-05

0.014598 2e-05

0.014462 1.8e-05

0.014508 2.1e-05

0.014562 1.5e-05

0.014609 1.4e-05

0.014454 1.7e-05

0.014507 1.7e-05

0.015012 2.4e-05

0.014536 1.5e-05

0.014499 1.7e-05

0.014497 1.9e-05

0.014518 1.6e-05

0.014516 1.5e-05

0.01456 1.4e-05

0.014593 1.6e-05

0.014489 2.1e-05

0.014545 1.4e-05

0.014611 1.6e-05

0.014614 2.6e-05

0.014598 1.8e-05

0.014606 2e-05

0.014601 1.3e-05

0.014607 1.9e-05

0.014535 2.9e-05

0.014728 1.8e-05

0.014516 1.9e-05

0.014548 1.9e-05

0.014495 1.9e-05

0.014796 1.7e-05

0.014645 1.6e-05

0.014548 1.5e-05

0.014522 2.1e-05

0.014576 2e-05

0.014495 1.9e-05

0.014476 2.2e-05

0.014537 2.2e-05

0.014486 1.8e-05

0.014506 1.8e-05

0.014544 1.2e-05

0.014512 1.4e-05

0.014806 2.2e-05

0.014584 1.9e-05

0.014463 2e-05

0.01454 1.7e-05

0.014478 1.8e-05

0.014598 1.9e-05

0.014559 1.5e-05

0.014664 2e-05

0.014603 1.4e-05

0.01477 1.6e-05

0.01466 1.6e-05

0.014524 2.1e-05

0.014583 1.6e-05

0.014494 2.1e-05

0.014588 1.4e-05

0.014651 2.1e-05

0.01449 1.4e-05

0.014672 1.5e-05

0.014491 1.7e-05

0.014545 1.8e-05

0.014635 1.6e-05

0.014491 2.4e-05

0.01446 2.1e-05

0.014453 1.8e-05

0.014546 2e-05

0.014534 2.1e-05

0.014574 1.7e-05

0.014687 1.6e-05

0.014641 1.2e-05

0.014608 2e-05

0.014641 1.7e-05

0.01452 1.5e-05

0.014528 1.7e-05

0.014744 2.3e-05

0.014714 2e-05

0.014615 2e-05

0.014736 1.9e-05

0.014536 1.7e-05

0.014548 2.1e-05

0.014448 1.4e-05

0.014482 1.5e-05

0.014686 1.7e-05

0.014496 1.6e-05

0.014577 2.1e-05

0.014574 1.7e-05

0.014465 1.3e-05

0.014603 1.7e-05

0.014526 1.5e-05

0.014515 1.3e-05

0.014636 2.5e-05

0.015307 1.9e-05

0.014573 2e-05

0.014518 2.4e-05

0.014527 1.4e-05

0.01454 2.3e-05

0.014529 1.7e-05

0.014631 1.3e-05

0.014674 1.7e-05

0.014562 1.8e-05

0.014572 1.9e-05

0.014614 2e-05

0.014618 2e-05

0.01463 2.1e-05

0.014579 1.8e-05

0.014523 1.6e-05

0.01456 1.5e-05

0.014512 1.4e-05

0.014625 1.9e-05

0.014518 1.6e-05

0.014535 1.6e-05

0.014527 1.4e-05

0.014699 1.4e-05

0.014555 1.9e-05

0.014579 1.5e-05

0.014713 1.8e-05

0.014538 2.1e-05

0.014539 2.1e-05

0.014545 1.5e-05

0.014535 1.6e-05

0.014519 1.7e-05

0.014599 2.4e-05

0.014601 3e-05

0.014616 1.5e-05

0.014823 1.7e-05

0.014657 1.9e-05

0.014653 2.2e-05

0.014662 1.9e-05

0.014578 1.9e-05

0.01468 2e-05

0.014533 1.9e-05

0.014539 1.2e-05

0.014469 1.6e-05

0.01457 2.1e-05

0.014632 1.7e-05

0.014504 1.6e-05

0.014623 1.5e-05

0.014576 2.1e-05

0.014483 1.8e-05

0.014627 1.8e-05

0.014505 1.6e-05

0.014684 1.6e-05

0.014545 1.4e-05

0.014529 1.6e-05

0.014583 1.8e-05

0.014487 1.5e-05

0.01452 1.3e-05

0.014541 2.2e-05

0.014587 1.5e-05

0.014621 1.9e-05

0.014622 2.5e-05

0.014597 1.2e-05

0.014588 1.6e-05

0.014613 1.5e-05

0.014646 2e-05

0.014658 1.1e-05

0.014564 1.9e-05

0.014534 1.8e-05

0.014532 2e-05

0.014585 1.6e-05

0.014795 2.2e-05

0.014665 1.2e-05

0.014537 1.5e-05

0.014982 1.5e-05

0.014587 2.2e-05

0.014604 1.7e-05

0.014572 1.9e-05

0.014732 1.6e-05

0.014539 2.1e-05

0.014467 2.1e-05

0.014545 1.7e-05

0.014494 2e-05

0.014532 2e-05

0.014665 1.9e-05

0.015299 1.7e-05

0.014662 1.7e-05

0.014613 1.3e-05

0.014529 1.6e-05

0.014494 1.7e-05

0.014637 1.3e-05

0.014636 1.7e-05

0.014637 1.8e-05

0.014593 1.3e-05

0.01455 1.8e-05

0.014492 1.5e-05

0.014519 1.7e-05

0.014633 1.9e-05

0.014553 1.5e-05

0.014498 2.1e-05

0.014481 1.7e-05

0.01447 2e-05

0.014721 2.2e-05

0.014512 2e-05

0.014568 1.7e-05

0.014695 1.5e-05

0.014639 2e-05

0.014492 2.3e-05

0.014524 2.1e-05

0.014648 1.6e-05

0.014542 2.3e-05

0.014541 1.7e-05

0.014622 2.2e-05

0.014561 1.8e-05

0.014672 1.9e-05

0.014622 1.7e-05

0.014575 2e-05

0.014652 1.8e-05

0.014636 2.2e-05

0.014532 1.6e-05

0.014549 1.7e-05

0.014494 1.5e-05

0.014484 1.6e-05

0.014562 1.5e-05

0.014514 1.6e-05

0.014512 1.7e-05

0.014508 2.1e-05

0.014542 1.8e-05

0.014757 1.6e-05

0.014521 1.6e-05

0.014639 2e-05

0.014481 1.6e-05

0.014502 1.7e-05

0.01465 1.4e-05

0.014699 1.6e-05

0.014708 1.9e-05

0.014637 1.9e-05

0.014545 1.8e-05

0.014612 1.8e-05

0.014525 1.7e-05

0.014642 1.9e-05

0.014597 1.7e-05

0.014612 1.2e-05

0.014533 1.4e-05

0.014603 1.9e-05

0.014565 2.4e-05

0.014497 2e-05

0.014687 1.8e-05

0.014602 1.9e-05

0.014598 1.4e-05

0.01446 2e-05

0.01452 1.8e-05

0.014576 2.1e-05

0.014529 1.5e-05

0.014678 1.6e-05

0.014526 2.2e-05

0.014485 1.7e-05

0.01452 2.4e-05

0.014529 2.1e-05

0.014571 1.9e-05

0.014475 1.8e-05

0.014615 1.9e-05

0.014542 2e-05

0.01444 1.7e-05

0.014639 1.7e-05

0.014511 2.3e-05

0.014658 2e-05

0.014661 1.6e-05

0.015076 2.1e-05

0.014599 1.6e-05

0.014539 2.1e-05

0.014534 2.1e-05

0.014507 1.6e-05

0.014566 2.2e-05

0.014542 1.8e-05

0.014649 1.6e-05

0.014511 1.5e-05

0.014472 1.9e-05

0.014483 2e-05

0.014528 1.7e-05

0.014712 1.6e-05

0.014535 1.6e-05

0.014468 1.6e-05

0.014532 1.7e-05

0.014536 1.9e-05

0.014683 1.6e-05

0.014536 2e-05

0.014524 2e-05

0.014461 1.4e-05

0.014778 2e-05

0.014623 1.8e-05

0.014496 2.3e-05

0.014492 2e-05

0.014499 1.3e-05

0.014625 1.4e-05

0.014487 1.6e-05

0.014544 1.4e-05

0.014535 1.9e-05

0.014624 1.9e-05

0.014462 1.4e-05

0.014463 1.8e-05

0.014657 1.7e-05

0.014509 1.4e-05

0.014531 1.8e-05

0.014562 2e-05

0.014475 1.3e-05

0.014709 1.8e-05

0.014499 1.9e-05

0.014588 2.5e-05

0.014489 1.9e-05

0.014657 1.5e-05

0.014591 1.4e-05

0.014457 2e-05

0.014537 1.8e-05

0.01453 1.7e-05

0.014653 1.5e-05

0.014569 1.8e-05

0.014628 2.3e-05

0.014952 1.4e-05

0.014574 1.8e-05

0.014528 1.3e-05

0.014508 1.7e-05

0.014492 2e-05

0.014594 2.3e-05

0.014498 1.7e-05

0.014513 2e-05

0.014507 1.7e-05

0.014641 1.3e-05

0.014573 1.2e-05

0.014518 2e-05

0.014543 1.8e-05

0.014562 2.3e-05

0.014628 1.8e-05

0.014615 2.1e-05

0.014541 2e-05

0.014579 1.9e-05

0.014542 1.6e-05

0.014628 1.7e-05

0.014473 1.6e-05

0.014523 1.4e-05

0.01455 2.1e-05

0.014554 1.6e-05

0.014784 1.8e-05

0.014565 1.7e-05

0.014645 1.7e-05

0.014712 2e-05

0.014608 3.6e-05

0.014557 2e-05

0.014546 1.6e-05

0.014505 1.5e-05

0.014622 1.7e-05

0.01474 2.7e-05

0.014598 1.3e-05

0.014523 1.8e-05

0.0145 1.8e-05

0.014467 1.6e-05

0.014491 2.3e-05

0.014447 1.3e-05

0.014632 2e-05

0.014537 1.8e-05

0.014563 2e-05

0.014536 1.7e-05

0.01455 2e-05

0.014678 2.2e-05

0.01445 1.6e-05

0.014564 1.6e-05

0.014525 1.5e-05

0.014492 2.1e-05

0.014743 2.4e-05

0.014564 2e-05

0.014592 1.5e-05

0.014557 1.4e-05

0.01502 2.2e-05

0.014552 1.9e-05

0.014626 2.3e-05

0.014478 1.9e-05

0.014571 1.8e-05

0.014551 1.4e-05

0.014497 1.6e-05

0.014656 1.7e-05

0.014568 1.7e-05

0.014534 1.8e-05

0.014524 2.1e-05

0.014527 1.8e-05

0.014682 2.2e-05

0.014537 2.1e-05

0.014543 2e-05

0.014566 2.1e-05

0.014529 2.1e-05

0.014635 2.1e-05

0.014531 1.5e-05

0.014534 1.6e-05

0.014975 1.7e-05

0.014863 2.2e-05

0.014569 1.8e-05

0.014572 2.2e-05

0.01456 2.2e-05

0.014582 1.9e-05

0.014515 1.4e-05

0.014493 2.1e-05

0.014529 2e-05

0.014589 2e-05

0.014533 2.4e-05

0.014482 1.2e-05

0.014507 1.5e-05

0.014675 2.3e-05

0.014529 1.9e-05

0.014483 1.4e-05

0.014485 2.3e-05

0.0145 2.2e-05

0.014736 2.3e-05

0.014484 1.8e-05

0.014496 1.3e-05

0.014499 2.1e-05

0.014548 1.8e-05

0.014638 1.7e-05

0.014508 2.1e-05

0.014564 1.9e-05

0.014762 1.6e-05

0.014586 1.5e-05

0.01456 1.3e-05

0.014587 1.3e-05

0.014575 2.5e-05

0.014509 1.4e-05

0.014477 1.8e-05

0.014472 2e-05

0.014535 1.4e-05

0.014428 1.8e-05

0.014725 2.1e-05

0.014501 2.2e-05

0.014525 1.4e-05

0.014541 1.4e-05

0.014555 2e-05

0.014707 1.7e-05

0.015159 1.7e-05

0.014544 1.8e-05

0.014541 1.2e-05

0.014512 2e-05

0.014472 1.4e-05

0.014561 1.7e-05

0.014507 1.8e-05

0.015877 1.9e-05

0.014567 2.1e-05

0.014472 1.6e-05

0.014568 1.8e-05

0.014524 2.3e-05

0.014712 1.6e-05

0.014456 1.7e-05

0.014529 2.1e-05

0.014527 2.2e-05

0.014524 1.6e-05

0.014779 1.3e-05

0.014752 2.1e-05

0.014558 2e-05

0.014523 1.5e-05

0.014746 1.5e-05

0.014535 1.2e-05

0.014631 1.3e-05

0.014565 1.7e-05

0.014697 1.4e-05

0.014866 1.5e-05

0.014537 2.1e-05

0.014678 1.8e-05

0.014505 1.6e-05

0.014577 1.3e-05

0.014617 1.5e-05

0.014523 2e-05

0.014708 1.5e-05

0.014606 1.5e-05

0.014541 1.4e-05

0.014548 2.2e-05

0.014555 1.3e-05

0.014695 1.9e-05

0.014484 1.3e-05

0.014531 2e-05

0.015201 2e-05

0.014751 1.7e-05

0.014639 2e-05

0.014578 1.3e-05

0.014606 1.9e-05

0.014604 1.5e-05

0.014587 1.8e-05

0.014623 2.1e-05

0.014645 1.7e-05

0.01491 1.5e-05

0.014583 1.5e-05

0.014609 1.8e-05

0.014596 2e-05

0.014524 1.6e-05

0.014504 1.4e-05

0.014562 1.9e-05

0.01444 2.1e-05

0.014493 1.7e-05

0.014661 2e-05

0.014505 2.2e-05

0.014504 1.4e-05

0.014462 1.3e-05

0.014617 1.9e-05

0.014676 1.8e-05

0.014482 1.5e-05

0.014513 2e-05

0.014657 2e-05

0.014602 1.7e-05

0.014741 1.8e-05

0.014577 2.1e-05

0.014569 1.6e-05

0.014521 1.7e-05

0.014564 1.2e-05

0.014638 1.3e-05

0.014591 1.7e-05

0.014541 1.5e-05

0.0146 1.7e-05

0.01451 1.7e-05

0.01446 2.2e-05

0.014557 1.9e-05

0.014546 1.8e-05

0.014858 2.2e-05

0.014737 2.1e-05

0.014543 1.9e-05

0.014583 2.3e-05

0.014583 2e-05

0.014573 2.1e-05

0.014512 2e-05

0.014474 1.9e-05

0.014682 1.7e-05

0.014546 1.7e-05

0.014559 1.9e-05

0.014564 1.8e-05

0.014577 2e-05

0.014669 1.7e-05

0.014625 2e-05

0.014553 1.3e-05

0.014594 1.9e-05

0.014545 1.7e-05

0.01535 1.4e-05

0.014526 1.7e-05

0.01453 1.8e-05

0.014845 2.8e-05

0.014883 2.2e-05

0.014557 1.6e-05

0.014563 1.8e-05

0.014522 2.3e-05

0.01452 2.1e-05

0.014496 1.9e-05

0.014532 2e-05

0.014614 1.6e-05

0.014579 1.4e-05

0.01451 2.2e-05

0.014517 1.4e-05

0.014528 1.3e-05

0.014716 1.3e-05

0.014495 1.2e-05

0.014496 2.4e-05

0.014589 2.1e-05

0.014541 1.2e-05

0.014604 1.8e-05

0.014547 1.6e-05

0.014558 2.1e-05

0.014635 2e-05

0.014685 2.1e-05

0.014603 1.4e-05

0.014656 1.5e-05

0.014553 1.2e-05

0.014512 1.4e-05

0.014525 1.6e-05

0.014503 1.7e-05

0.014593 1.2e-05

0.014678 2e-05

0.014588 1.7e-05

0.014491 1.6e-05

0.014552 1.5e-05

0.014602 2e-05

0.01444 1.4e-05

0.014513 1.5e-05

0.014526 2.3e-05

0.014606 1.8e-05

0.014552 2.3e-05

0.014475 2.5e-05

0.014499 1.9e-05

0.014507 1.8e-05

0.014654 1.5e-05

0.014696 2.3e-05

0.014598 1.7e-05

0.014518 1.6e-05

0.014642 1.7e-05

0.014608 2.2e-05

0.014594 1.5e-05

0.014628 1.7e-05

0.014607 1.8e-05

0.014491 2e-05

0.014552 1.8e-05

0.014525 1.5e-05

0.014591 2e-05

0.014621 1.9e-05

0.014598 1.6e-05

0.014515 2e-05

0.014529 1.4e-05

0.014526 1.8e-05

0.014576 2e-05

0.014585 1.2e-05

0.015062 2.3e-05

0.014535 1.4e-05

0.014589 1.9e-05

0.014555 1.2e-05

0.014584 1.6e-05

0.014509 2e-05

0.014615 2.1e-05

0.014708 1.3e-05

0.014613 2e-05

0.014596 2e-05

0.014606 1.7e-05

0.014609 1.5e-05

0.014665 1.5e-05

0.014529 1.6e-05

0.014587 1.7e-05

0.014501 1.2e-05

0.014524 1.2e-05

0.014778 2e-05

0.014537 2.3e-05

0.014489 1.7e-05

0.014553 2.1e-05

0.014895 2e-05

0.014551 2.1e-05

0.014573 2e-05

0.014524 1.8e-05

0.014479 1.6e-05

0.014458 1.6e-05

0.014503 1.9e-05

0.014529 1.8e-05

0.014487 2.2e-05

0.014583 1.3e-05

0.014628 1.4e-05

0.01458 1.5e-05

0.014649 2e-05

0.014621 1.2e-05

0.014543 1.6e-05

0.014517 2e-05

0.014517 1.4e-05

0.014672 1.7e-05

0.014525 2e-05

0.014537 1.7e-05

0.014508 1.5e-05

0.01471 1.3e-05

0.014638 1.8e-05

0.014711 1.8e-05

0.014536 1.7e-05

0.014648 2.1e-05

0.01451 2.3e-05

0.014494 2.1e-05

0.014651 1.9e-05

0.014542 1.4e-05

0.01452 2.1e-05

0.014581 1.8e-05

0.014527 1.9e-05

0.014701 1.3e-05

0.014563 1.4e-05

0.014542 1.3e-05

0.014586 1.6e-05

0.01461 1.5e-05

0.014635 1.7e-05

0.014678 1.3e-05

0.014611 1.6e-05

0.014526 1.5e-05

0.014639 1.9e-05

0.014499 1.8e-05

0.01448 2e-05

0.014589 1.5e-05

0.014725 2.4e-05

0.01452 1.9e-05

0.014509 1.7e-05

0.014587 1.4e-05

0.014516 1.8e-05

0.01446 1.7e-05

0.014547 1.8e-05

0.014502 1.3e-05

0.014558 1.9e-05

0.014465 1.7e-05

0.014526 1.8e-05

0.014494 1.8e-05

0.014529 1.9e-05

0.014661 1.8e-05

0.014545 1.2e-05

0.014538 1.6e-05

0.014635 1.9e-05

0.0146 1.9e-05

0.014625 1.7e-05

0.014554 1.6e-05

0.014662 2.3e-05

0.014532 1.8e-05

0.014505 1.7e-05

0.014582 1.9e-05

0.0145 1.4e-05

0.014501 1.5e-05

0.014502 1.9e-05

0.014552 3e-05

0.014606 1.6e-05

0.014604 1.5e-05

0.014512 1.9e-05

0.014605 2.1e-05

0.014544 1.9e-05

0.014519 1.7e-05

0.014581 1.6e-05

0.01449 1.6e-05

0.014693 1.8e-05

0.015018 1.5e-05

0.014651 1.9e-05

0.014705 1.7e-05

0.014727 1.4e-05

0.014737 1.7e-05

0.014563 2.2e-05

0.014603 2.3e-05

0.014727 2.3e-05

0.014571 1.6e-05

0.014544 1.4e-05

0.014516 1.7e-05

0.014566 1.6e-05

0.014532 1.5e-05

0.0148 2.1e-05

0.014698 2.3e-05

0.014579 1.2e-05

0.014538 1.7e-05

0.014432 1.4e-05

0.014503 1.7e-05

0.014541 1.5e-05

0.01449 2.2e-05

0.01482 1.4e-05

0.014548 2.1e-05

0.014539 2e-05

0.014582 1.8e-05

0.014703 1.9e-05

0.014926 1.8e-05

0.014602 1.9e-05

0.01463 2.2e-05

0.014634 1.3e-05

0.014653 1.6e-05

0.014527 1.8e-05

0.014561 1.5e-05

0.014658 1.6e-05

0.01458 2.5e-05

0.014546 1.3e-05

0.014486 1.7e-05

0.014525 2.1e-05

0.014578 2.5e-05

0.014552 1.7e-05

0.014543 2.1e-05

0.014558 1.6e-05

0.014636 1.6e-05

0.014542 1.5e-05

0.014586 2e-05

0.014491 2e-05

0.014556 1.6e-05

0.01453 1.8e-05

0.014573 1.3e-05

0.014474 1.8e-05

0.014568 2.4e-05

0.014504 1.9e-05

0.014693 1.5e-05

0.014572 1.8e-05

0.014637 2.1e-05

0.014582 1.6e-05

0.014626 1.7e-05

0.014532 1.4e-05

0.014557 2.2e-05

0.014623 1.9e-05

0.014628 1.6e-05

0.014541 2.2e-05

0.01448 1.4e-05

0.014728 1.7e-05

0.014536 2.6e-05

0.014636 1.3e-05

0.014569 1.9e-05

0.014527 2e-05

0.014504 1.6e-05

0.014442 1.7e-05

0.014577 1.5e-05

0.014628 2.2e-05

0.014534 2.3e-05

0.014519 1.5e-05

0.014563 2e-05

0.014653 2.3e-05

0.014614 2e-05

0.014513 2.1e-05

0.014619 1.6e-05

0.01451 1.4e-05

0.014673 1.7e-05

0.014548 1.8e-05

0.014451 1.7e-05

0.014534 2.2e-05

0.014693 1.9e-05

0.01454 2e-05

0.014607 1.5e-05

0.014587 2e-05

0.014467 1.4e-05

0.014603 1.7e-05

0.014454 2.2e-05

0.01457 1.6e-05

0.01454 2e-05

0.014528 2e-05

0.014627 1.6e-05

0.014685 2e-05

0.014536 1.8e-05

0.014665 1.4e-05

0.014573 2.2e-05

0.014496 2e-05

0.014532 1.6e-05

0.014585 1.7e-05

0.01462 1.3e-05

0.014622 1.3e-05

0.014973 1.8e-05

0.014631 2.1e-05

0.014672 2e-05

0.014528 2.3e-05

0.014481 1.2e-05

0.014537 1.6e-05

0.01457 1.9e-05

0.014627 1.6e-05

0.014501 1.5e-05

0.014573 2e-05

0.01451 1.3e-05

0.014518 2.3e-05

0.014543 1.7e-05

0.014527 2e-05

0.014497 1.9e-05

0.014521 1.5e-05

0.014495 2.2e-05

0.014596 2.1e-05

0.01455 1.2e-05

0.014535 1.4e-05

0.014875 1.8e-05

0.015216 2e-05

0.014599 1.8e-05

0.014694 1.7e-05

0.014651 2e-05

0.014555 2.1e-05

0.014609 2.1e-05

0.014586 2.3e-05

0.014706 1.2e-05

0.014531 1.4e-05

0.014481 2e-05

0.014505 1.8e-05

0.014591 1.9e-05

0.014558 2.3e-05

0.014595 2.2e-05

0.014587 1.7e-05

0.014503 1.5e-05

0.014486 2e-05

0.014486 1.4e-05

0.014538 1.6e-05

0.014578 1.8e-05

0.01449 1.7e-05

0.014877 1.6e-05

0.014576 1.3e-05

0.014532 2.1e-05

0.014524 1.4e-05

0.014588 1.9e-05

0.014647 1.1e-05

0.014525 2.1e-05

0.01457 1.3e-05

0.014624 1.1e-05

0.01457 1.4e-05

0.014622 2.3e-05

0.014476 1.6e-05

0.014669 2.2e-05

0.014538 2e-05

0.014521 1.4e-05

0.014485 2.2e-05

