0.001186 4.3e-05

0.001152 7.7e-05

0.001154 5.3e-05

0.001157 6.1e-05

0.00115 3.8e-05

0.001181 5.6e-05

0.001185 4.2e-05

0.001148 8.1e-05

0.001146 5.4e-05

0.001188 5e-05

0.001148 5.7e-05

0.001155 8e-05

0.001209 5.5e-05

0.001189 5.8e-05

0.001188 5.2e-05

0.001188 5.4e-05

0.001167 6.7e-05

0.001149 6.1e-05

0.001148 6.6e-05

0.001188 4e-05

0.00115 6.3e-05

0.001155 5.1e-05

0.001164 5.1e-05

0.00119 6.5e-05

0.00115 4.5e-05

0.001155 6.9e-05

0.001154 4.3e-05

0.001163 6.3e-05

0.00114 5.4e-05

0.001154 6e-05

0.001148 6.6e-05

0.001181 9.2e-05

0.001152 6.1e-05

0.00115 6.7e-05

0.001141 5.3e-05

0.001181 8e-05

0.00119 5.6e-05

0.001174 5.1e-05

0.001178 6.1e-05

0.001184 8.5e-05

0.001175 7.1e-05

0.001181 6.2e-05

0.001179 7e-05

0.001159 8.2e-05

0.001168 4.6e-05

0.001186 4e-05

0.001169 6e-05

0.001153 5e-05

0.001143 6.6e-05

0.001153 6e-05

0.001147 4.5e-05

0.001172 5.6e-05

0.001187 4.5e-05

0.001172 5.9e-05

0.001176 5.4e-05

0.001187 5.1e-05

0.001202 6.9e-05

0.001181 5.2e-05

0.001151 6e-05

0.001187 5.8e-05

0.001181 5.4e-05

0.001198 5.9e-05

0.001212 7.9e-05

0.001219 4.8e-05

0.001151 4.3e-05

0.001158 5.5e-05

0.001155 5.7e-05

0.001155 6.3e-05

0.00115 4.7e-05

0.001183 6.5e-05

0.001151 7.8e-05

0.001159 6.3e-05

0.001161 4.2e-05

0.00115 5.2e-05

0.001146 6.8e-05

0.001155 6.6e-05

0.001147 4.8e-05

0.001159 6e-05

0.001153 6.2e-05

0.001153 7.4e-05

0.00128 5.9e-05

0.001157 4.9e-05

0.001153 5e-05

0.001154 6.6e-05

0.001145 5.6e-05

0.001155 6.8e-05

0.001179 7.2e-05

0.001184 7.2e-05

0.001145 6.3e-05

0.001154 4e-05

0.001157 5e-05

0.001155 5.2e-05

0.001153 5.6e-05

0.001242 6.1e-05

0.001144 5.6e-05

0.001191 4.7e-05

0.001153 6.2e-05

0.001152 4.4e-05

0.001164 5.6e-05

0.001169 6.9e-05

0.001149 6.8e-05

0.001157 5.5e-05

0.001151 4.9e-05

0.001149 5.6e-05

0.001144 9.9e-05

0.001151 4.3e-05

0.001211 5.3e-05

0.00116 7.1e-05

0.001145 6.4e-05

0.001152 5.5e-05

0.001152 7.2e-05

0.001152 4.9e-05

0.001152 6.6e-05

0.001149 5.6e-05

0.001149 5.5e-05

0.001179 6.2e-05

0.001175 5e-05

0.001159 7.8e-05

0.001152 5e-05

0.001213 4.4e-05

0.001147 4.8e-05

0.001182 7.2e-05

0.001148 5.8e-05

0.001153 5.2e-05

0.001157 5.6e-05

0.001158 6e-05

0.00115 6.5e-05

0.00115 7.8e-05

0.001146 5.1e-05

0.001187 4e-05

0.00118 8.5e-05

0.00119 4.4e-05

0.001182 6.5e-05

0.001211 6.4e-05

0.001212 4.9e-05

0.001173 7e-05

0.001144 5.9e-05

0.001178 4.9e-05

0.00119 5.2e-05

0.001183 5.1e-05

0.001174 7.8e-05

0.001188 5.8e-05

0.001148 5.7e-05

0.00115 6.2e-05

0.001147 5.4e-05

0.001155 5.1e-05

0.001175 4.4e-05

0.00115 6.5e-05

0.001148 5.1e-05

0.001153 5.4e-05

0.001145 5.5e-05

0.001154 6.8e-05

0.001154 4.9e-05

0.001149 5e-05

0.001155 6.1e-05

0.001161 6.5e-05

0.001149 7.4e-05

0.001155 5.8e-05

0.001156 5.3e-05

0.001174 5.3e-05

0.001144 7.4e-05

0.001157 5.1e-05

0.001219 5.8e-05

0.001176 7.6e-05

0.001155 8e-05

0.00115 4.8e-05

0.001148 5.4e-05

0.001155 5.2e-05

0.001156 9.6e-05

0.001181 6.7e-05

0.001178 5.7e-05

0.001191 7.6e-05

0.001183 6.6e-05

0.001185 5.3e-05

0.001147 5.5e-05

0.001161 6.9e-05

0.001147 6.1e-05

0.001154 4.3e-05

0.001147 5.2e-05

0.00116 5.9e-05

0.001167 4.6e-05

0.001155 5.2e-05

0.001143 5.1e-05

0.001156 4.6e-05

0.001143 6.1e-05

0.001178 5.7e-05

0.001141 5.4e-05

0.001149 7e-05

0.001147 5.6e-05

0.001151 7.9e-05

0.001183 6.1e-05

0.00115 5.9e-05

0.001178 5e-05

0.001186 7.6e-05

0.001149 5.5e-05

0.001156 4e-05

0.001208 5.9e-05

0.001158 5.7e-05

0.001145 5.9e-05

0.001145 4.6e-05

0.001153 6.8e-05

0.001153 4.3e-05

0.001179 4.7e-05

0.00115 7.9e-05

0.001152 6.9e-05

0.001151 3.9e-05

0.001176 5.2e-05

0.001161 5e-05

0.001182 6.7e-05

0.001246 4.4e-05

0.001151 6.6e-05

0.001192 6.2e-05

0.00115 6.1e-05

0.001158 4.7e-05

0.00115 6.5e-05

0.001155 5.6e-05

0.001145 4.9e-05

0.00121 5.4e-05

0.001148 5.4e-05

0.001188 5.1e-05

0.001145 5.5e-05

0.001157 5.1e-05

0.001219 5.5e-05

0.001187 5.1e-05

0.001173 7.4e-05

0.001156 4.9e-05

0.001147 7.8e-05

0.001158 6.2e-05

0.001153 6.6e-05

0.001154 6.2e-05

0.001152 6e-05

0.001154 5.3e-05

0.001146 4.3e-05

0.001176 7e-05

0.001141 4.1e-05

0.001154 4.8e-05

0.001179 7.2e-05

0.001151 5.4e-05

0.001146 5.6e-05

0.001147 6.5e-05

0.001168 5e-05

0.001192 6.9e-05

0.001171 6.1e-05

0.001157 5.9e-05

0.001161 5.4e-05

0.001153 5.4e-05

0.001177 4.2e-05

0.001184 6e-05

0.001153 5.9e-05

0.001182 6.6e-05

0.001152 8.9e-05

0.001153 5.2e-05

0.001149 6.2e-05

0.001183 8.9e-05

0.001151 5.2e-05

0.00115 5e-05

0.001149 5.2e-05

0.001153 5.5e-05

0.001147 6.3e-05

0.001154 5.3e-05

0.001153 7.9e-05

0.001153 9.1e-05

0.001141 6.6e-05

0.001145 5.3e-05

0.001151 5.6e-05

0.001147 5.7e-05

0.00115 4.5e-05

0.001148 5.8e-05

0.001151 4.6e-05

0.001156 9.9e-05

0.001183 5.7e-05

0.001155 9.3e-05

0.001142 7.7e-05

0.001155 4.9e-05

0.00115 7.7e-05

0.001156 4.9e-05

0.001152 8.1e-05

0.001146 5.1e-05

0.00115 5.6e-05

0.001151 6.4e-05

0.001153 5.7e-05

0.001155 5.4e-05

0.001171 5.3e-05

0.001241 5.5e-05

0.001174 4.4e-05

0.001155 6.2e-05

0.001179 6e-05

0.001153 4.1e-05

0.001182 4.8e-05

0.001151 5.1e-05

0.001149 7.5e-05

0.001151 4e-05

0.001165 7.1e-05

0.001159 6.1e-05

0.001148 7.3e-05

0.001159 6.8e-05

0.001149 4.1e-05

0.001152 5.5e-05

0.001147 6.7e-05

0.001151 7.5e-05

0.001183 6e-05

0.001155 6.7e-05

0.001146 7.2e-05

0.001159 6e-05

0.001146 7.3e-05

0.001162 5.7e-05

0.001143 5.5e-05

0.001158 4.7e-05

0.001142 5.8e-05

0.001152 4.9e-05

0.001144 4.7e-05

0.001158 6.1e-05

0.001195 4.9e-05

0.001179 7.7e-05

0.001212 4.9e-05

0.001157 4.9e-05

0.001157 7e-05

0.001191 6.1e-05

0.001183 6.2e-05

0.001198 4e-05

0.001148 4.2e-05

0.001158 6.1e-05

0.00117 6.1e-05

0.001153 6.1e-05

0.001153 9.2e-05

0.001215 9.7e-05

0.001181 6.8e-05

0.001178 4e-05

0.001146 6.1e-05

0.00118 5.3e-05

0.001152 6.5e-05

0.001152 6.1e-05

0.001148 5.1e-05

0.001155 5.5e-05

0.001148 4.6e-05

0.001153 5.2e-05

0.001159 4.4e-05

0.001161 5.1e-05

0.00122 6e-05

0.001161 6.4e-05

0.001176 6.1e-05

0.001155 5.4e-05

0.00115 4.2e-05

0.001185 6.8e-05

0.001151 6e-05

0.001187 5.7e-05

0.001211 6.4e-05

0.001216 7.1e-05

0.001148 7.6e-05

0.001162 7.2e-05

0.001182 5e-05

0.001162 8.2e-05

0.001183 4.4e-05

0.001151 5.2e-05

0.001148 6.1e-05

0.001161 4.4e-05

0.001178 6.9e-05

0.00117 7.1e-05

0.001149 5.3e-05

0.001149 7.3e-05

0.00115 4.7e-05

0.001155 5.2e-05

0.001152 5.2e-05

0.001159 4.6e-05

0.001148 5.1e-05

0.001155 4.1e-05

0.00115 4.2e-05

0.00115 6.4e-05

0.001149 6.8e-05

0.001183 5.7e-05

0.001154 5.4e-05

0.001147 5.8e-05

0.001148 5.3e-05

0.001157 7.3e-05

0.001153 5.8e-05

0.001143 6.9e-05

0.001145 7e-05

0.001154 7.1e-05

0.001146 5.3e-05

0.001153 4.4e-05

0.001155 5.5e-05

0.001165 6.6e-05

0.001156 4.6e-05

0.001161 5.1e-05

0.001159 4.2e-05

0.001162 4.6e-05

0.001216 5.9e-05

0.001187 5.7e-05

0.001149 4.5e-05

0.001151 4.8e-05

0.001149 5.8e-05

0.001157 5.2e-05

0.00115 5.5e-05

0.001147 5.1e-05

0.001147 6.4e-05

0.001149 7.7e-05

0.001146 6.6e-05

0.001154 7e-05

0.00115 5.1e-05

0.001195 4.5e-05

0.001149 5.5e-05

0.001138 5.7e-05

0.001157 5.6e-05

0.001149 6.7e-05

0.001181 5.2e-05

0.00115 5e-05

0.001154 7.1e-05

0.001148 4.4e-05

0.001151 5.3e-05

0.00115 4.9e-05

0.001143 7.4e-05

0.00115 4.8e-05

0.001184 6.6e-05

0.001181 5.5e-05

0.00115 4.3e-05

0.001209 6.7e-05

0.001199 5.7e-05

0.001182 5.6e-05

0.001151 7.4e-05

0.001158 7.1e-05

0.001233 5.3e-05

0.001224 5.6e-05

0.001176 5.1e-05

0.001222 6e-05

0.001165 6.5e-05

0.001149 6.3e-05

0.001149 4.6e-05

0.001153 5.6e-05

0.001151 4.3e-05

0.00119 4.4e-05

0.001155 7.3e-05

0.001154 6.5e-05

0.001158 7.8e-05

0.001165 5e-05

0.001153 5.5e-05

0.001154 6.3e-05

0.001144 4.5e-05

0.001155 8.2e-05

0.001148 6.5e-05

0.001157 7e-05

0.001152 5.1e-05

0.001162 0.000118

0.001146 6.9e-05

0.001189 7.2e-05

0.00115 5.9e-05

0.001156 5.7e-05

0.001215 7.5e-05

0.001149 4.2e-05

0.001146 3.8e-05

0.001218 5.2e-05

0.001153 4.7e-05

0.001163 5.7e-05

0.001157 7.8e-05

0.001186 5.4e-05

0.00125 5.1e-05

0.001183 9.3e-05

0.001212 5.4e-05

0.001192 4.5e-05

0.001155 6.2e-05

0.00118 6e-05

0.001144 4.2e-05

0.001158 6.8e-05

0.001149 5.8e-05

0.001172 6.9e-05

0.001149 4.7e-05

0.001148 4.8e-05

0.001151 5.8e-05

0.001214 6.7e-05

0.001153 5.7e-05

0.001178 5.8e-05

0.001144 6.8e-05

0.001147 6.2e-05

0.001187 6e-05

0.001154 5.3e-05

0.001154 6.5e-05

0.001148 6.3e-05

0.001194 5.8e-05

0.001149 8.3e-05

0.001145 6.1e-05

0.001153 4.4e-05

0.00121 8.1e-05

0.001145 4.6e-05

0.001151 6e-05

0.001144 5.6e-05

0.001151 6.1e-05

0.00115 7e-05

0.001146 6.2e-05

0.001153 4e-05

0.001152 7.4e-05

0.001183 5.6e-05

0.001183 6.1e-05

0.00121 7.3e-05

0.00118 5.9e-05

0.001213 5.7e-05

0.00118 4.4e-05

0.001184 6.5e-05

0.001147 6.3e-05

0.001143 4.4e-05

0.001147 5.4e-05

0.001148 6.8e-05

0.001144 6.1e-05

0.001184 7.5e-05

0.001156 5.2e-05

0.001148 4.4e-05

0.001147 6.3e-05

0.001148 5.3e-05

0.001177 6.4e-05

0.00115 6.9e-05

0.001144 5.8e-05

0.001157 5.2e-05

0.001147 4.8e-05

0.001157 4.5e-05

0.001145 7.8e-05

0.001144 9.3e-05

0.001146 5.1e-05

0.001144 6.5e-05

0.001156 6.8e-05

0.001151 4.5e-05

0.001154 5.2e-05

0.001185 7.2e-05

0.001172 0.0001

0.001148 6.3e-05

0.001181 6.5e-05

0.001157 5.6e-05

0.001182 5.9e-05

0.001156 4.2e-05

0.001186 6.4e-05

0.001159 7.9e-05

0.001152 5.6e-05

0.001154 5.8e-05

0.001158 5.3e-05

0.001187 5.2e-05

0.001187 5.8e-05

0.001153 6.9e-05

0.001152 7.2e-05

0.001154 5.9e-05

0.001173 5.7e-05

0.001145 6.3e-05

0.001148 8.5e-05

0.001147 4.8e-05

0.001189 6.9e-05

0.001152 6.4e-05

0.001155 6.8e-05

0.001149 5.3e-05

0.001154 6e-05

0.001188 3.8e-05

0.001175 6.1e-05

0.001156 6e-05

0.001141 6.2e-05

0.001177 5.3e-05

0.001182 6.2e-05

0.001148 7.3e-05

0.001171 5.4e-05

0.001166 4.3e-05

0.001145 5.8e-05

0.001149 7.5e-05

0.001155 5.3e-05

0.001219 4.4e-05

0.001148 6.5e-05

0.001177 7.3e-05

0.001152 6e-05

0.001148 5.2e-05

0.001155 6.7e-05

0.001154 9.1e-05

0.001153 5.6e-05

0.001153 8.3e-05

0.001176 5.7e-05

0.001155 7.4e-05

0.001176 4.5e-05

0.001182 4.1e-05

0.001213 6.2e-05

0.001167 5.6e-05

0.001154 7.5e-05

0.001154 8e-05

0.001151 4.9e-05

0.001185 5.1e-05

0.001177 5.5e-05

0.001153 0.000109

0.001178 6.3e-05

0.001154 5.4e-05

0.001148 6.1e-05

0.001159 4.7e-05

0.001151 4.1e-05

0.001174 6e-05

0.001152 7.2e-05

0.00115 5.1e-05

0.001182 6.2e-05

0.001143 3.8e-05

0.001147 8.7e-05

0.001151 7.1e-05

0.001145 5.6e-05

0.001149 6e-05

0.001154 5.6e-05

0.001152 5.1e-05

0.001158 7e-05

0.001152 5.6e-05

0.001147 5.9e-05

0.001149 6.3e-05

0.001151 5.5e-05

0.001155 9.7e-05

0.001177 6.1e-05

0.001144 4.8e-05

0.001143 4.4e-05

0.001152 6.4e-05

0.001166 6.4e-05

0.001152 4.3e-05

0.001156 6.4e-05

0.001184 5.5e-05

0.001179 5.5e-05

0.001191 4.8e-05

0.001176 7.1e-05

0.001158 6.2e-05

0.001152 8.7e-05

0.001171 7.2e-05

0.001149 4.2e-05

0.001156 6.2e-05

0.001151 5.8e-05

0.001177 6.2e-05

0.001152 9.3e-05

0.001156 5.3e-05

0.001146 4.6e-05

0.001153 5.9e-05

0.001149 6.4e-05

0.00119 4.8e-05

0.001142 7.2e-05

0.001159 5.2e-05

0.001149 7.3e-05

0.001152 5.2e-05

0.001144 5.7e-05

0.001181 5.4e-05

0.001172 4.9e-05

0.001146 5.8e-05

0.001142 6.3e-05

0.001152 4.2e-05

0.001215 8e-05

0.001152 5e-05

0.001182 5e-05

0.001145 6.6e-05

0.001152 8.1e-05

0.001151 6.6e-05

0.00115 7.4e-05

0.001147 7.1e-05

0.001154 7.2e-05

0.001164 6.7e-05

0.001179 5.3e-05

0.001199 9.2e-05

0.00115 7.1e-05

0.001245 8.3e-05

0.001181 6.4e-05

0.001146 5.8e-05

0.001152 6.4e-05

0.001182 6.1e-05

0.001171 8.4e-05

0.001193 5.8e-05

0.001181 9.1e-05

0.001144 3.8e-05

0.001156 6.4e-05

0.001153 6.8e-05

0.001153 7e-05

0.001154 4.6e-05

0.001173 5.6e-05

0.001154 4.1e-05

0.001149 7.7e-05

0.00115 6.8e-05

0.001156 5.6e-05

0.001144 7e-05

0.001154 7.3e-05

0.001154 8.6e-05

0.001145 5.8e-05

0.001154 5.1e-05

0.001159 5.7e-05

0.001156 5.5e-05

0.001145 5.9e-05

0.001152 5.7e-05

0.001149 5.5e-05

0.001158 5.3e-05

0.001141 7e-05

0.00125 5.5e-05

0.001149 4.3e-05

0.001151 5.7e-05

0.00118 3.9e-05

0.001154 5e-05

0.001148 4.6e-05

0.001177 7.9e-05

0.001175 5e-05

0.001189 6.6e-05

0.001183 3.9e-05

0.001188 7.4e-05

0.001179 5.1e-05

0.001163 5.5e-05

0.001181 4.6e-05

0.001149 6.2e-05

0.001151 7.6e-05

0.001151 5.8e-05

0.001151 7.1e-05

0.001154 4.2e-05

0.001148 6e-05

0.001162 4.7e-05

0.001148 7e-05

0.001156 4.6e-05

0.001151 4.3e-05

0.001155 4.4e-05

0.001157 5.7e-05

0.001179 4e-05

0.001156 5.5e-05

0.001149 4.9e-05

0.001151 5.8e-05

0.001152 7.5e-05

0.001147 6e-05

0.001153 5.8e-05

0.001152 5.3e-05

0.001145 7e-05

0.001183 4e-05

0.001182 5e-05

0.001181 5.4e-05

0.00115 5.3e-05

0.001157 7e-05

0.001154 8.5e-05

0.001154 7.2e-05

0.001158 4e-05

0.001205 5.8e-05

0.001153 3.9e-05

0.001151 4.9e-05

0.00115 8e-05

0.001154 7.8e-05

0.001158 4.7e-05

0.001171 7.3e-05

0.001152 6.3e-05

0.001143 6.1e-05

0.001151 5.6e-05

0.001141 6.3e-05

0.00116 5.4e-05

0.00115 6.5e-05

0.001221 6.5e-05

0.00116 4.4e-05

0.001149 5.5e-05

0.001148 5.8e-05

0.00115 5.5e-05

0.001148 4.3e-05

0.001186 6e-05

0.001139 7.7e-05

0.00115 8.3e-05

0.001146 5.4e-05

0.001141 4.6e-05

0.001148 5.3e-05

0.001157 5.8e-05

0.001146 5.7e-05

0.001148 5.9e-05

0.001178 6.5e-05

0.001186 5.2e-05

0.001224 4.6e-05

0.001183 5.5e-05

0.001212 7.4e-05

0.001152 4.1e-05

0.001148 5.9e-05

0.001153 5.7e-05

0.001174 7.2e-05

0.001154 6.9e-05

0.001179 8.2e-05

0.001149 9.2e-05

0.001149 5.6e-05

0.001153 6.2e-05

0.001143 8.8e-05

0.001246 5.2e-05

0.001155 4.6e-05

0.001158 4e-05

0.001148 5.1e-05

0.001143 6e-05

0.001149 5.7e-05

0.001155 7e-05

0.00115 5.4e-05

0.001154 6.2e-05

0.001147 6.1e-05

0.001149 6.1e-05

0.00115 7.8e-05

0.001181 5.2e-05

0.001216 7.6e-05

0.001154 5.8e-05

0.001146 5.9e-05

0.001155 4e-05

0.001178 6.3e-05

0.001154 6.3e-05

0.00115 6.8e-05

0.001149 5.1e-05

0.001148 6.2e-05

0.001163 5.6e-05

0.001144 5.5e-05

0.001151 5.3e-05

0.001173 6e-05

0.001149 5.4e-05

0.001177 9.1e-05

0.001158 7.5e-05

0.00115 5.7e-05

0.001211 4e-05

0.001153 5.4e-05

0.001144 4.6e-05

0.001142 7.5e-05

0.00116 5.2e-05

0.001146 6.3e-05

0.001145 5.4e-05

0.001151 6e-05

0.00115 5.1e-05

0.001177 7.6e-05

0.001151 6.3e-05

0.001148 4.9e-05

0.001154 4.9e-05

0.001223 6e-05

0.001158 6.2e-05

0.001151 5.4e-05

0.001151 8.1e-05

0.001176 6.6e-05

0.001161 5.8e-05

0.001158 5.4e-05

0.001153 7e-05

0.001149 5.3e-05

0.001158 5.4e-05

0.001163 5.4e-05

0.001156 5.4e-05

0.001151 3.8e-05

0.001145 5.2e-05

0.001139 5.8e-05

0.00115 4.2e-05

0.001159 6.7e-05

0.001186 5.6e-05

0.001158 6.6e-05

0.00118 4.8e-05

0.001162 9.5e-05

0.001218 6.3e-05

0.001175 5.9e-05

0.001189 5.9e-05

0.001148 7e-05

0.001151 6.3e-05

0.001159 4.6e-05

0.001216 5.9e-05

0.001188 5.7e-05

0.00118 6e-05

0.00115 5.3e-05

0.001149 4.4e-05

0.001152 6.5e-05

0.001144 4.5e-05

0.001172 0.000122

0.001157 5.3e-05

0.001175 6.7e-05

0.001181 6.5e-05

0.001154 7.5e-05

0.001157 8.3e-05

0.001153 5.5e-05

0.00115 6.1e-05

0.001154 5.8e-05

0.00115 5.4e-05

0.001154 5.8e-05

0.001232 4.4e-05

0.001538 6.5e-05

0.001218 6.3e-05

0.001141 6e-05

0.001153 7.8e-05

0.001156 6e-05

0.001152 5.6e-05

0.001151 4.6e-05

0.001144 5e-05

0.00118 7.1e-05

0.00118 8.4e-05

0.001149 5.3e-05

0.001149 9.1e-05

0.001148 5.8e-05

0.001157 6.1e-05

0.001175 5.7e-05

0.00115 5.8e-05

0.001147 5.2e-05

0.001148 5.2e-05

0.001221 4.5e-05

0.001153 6.2e-05

0.001149 5.7e-05

0.001157 6.4e-05

0.00118 5.5e-05

0.001189 7e-05

0.001181 6.8e-05

0.001189 5.2e-05

0.001183 7.3e-05

0.001188 5.4e-05

0.001199 5.3e-05

0.001182 7e-05

0.001151 7.9e-05

0.00116 5e-05

0.001151 4.9e-05

0.001153 4.5e-05

0.001167 9.6e-05

0.001151 6.7e-05

0.001157 4.5e-05

0.001157 5.6e-05

0.001148 6.5e-05

0.001182 5e-05

0.001151 5.8e-05

0.001174 3.9e-05

0.001154 5.8e-05

0.001153 6.3e-05

0.001143 7.1e-05

0.001159 5.3e-05

0.001144 5.6e-05

0.001153 6.6e-05

0.001181 5.6e-05

0.001164 5.7e-05

0.001151 7.4e-05

0.00116 4.9e-05

0.001182 4.6e-05

0.001149 4.8e-05

0.001188 6.8e-05

0.001153 6e-05

0.001179 5.6e-05

0.001154 5.4e-05

0.001156 6.6e-05

0.001163 6e-05

0.001208 5.2e-05

0.001159 7.6e-05

0.001145 5.6e-05

0.001159 7e-05

0.001183 4.6e-05

0.001257 5.6e-05

0.001195 5.1e-05

0.001186 4.6e-05

0.001184 7.4e-05

0.001206 5.3e-05

0.001154 5.7e-05

0.001164 9.6e-05

0.001151 4.5e-05

0.001187 4.9e-05

0.001147 5e-05

0.001203 5.4e-05

0.001185 6.2e-05

0.001177 4.9e-05

0.001194 4e-05

0.001154 5.6e-05

0.001153 8e-05

0.001158 7e-05

0.001211 5.6e-05

0.001146 7.6e-05

0.001152 6.5e-05

0.001159 6.1e-05

0.001161 8.2e-05

0.001172 5.5e-05

0.00115 6.2e-05

0.001152 8.9e-05

0.001177 5.7e-05

0.001148 5.1e-05

0.001173 5.6e-05

0.001157 6.5e-05

0.001152 7.4e-05

0.001146 5.8e-05

0.001143 5.1e-05

0.001149 5.8e-05

0.001148 6.1e-05

0.001158 5e-05

0.001145 5.8e-05

0.001156 4.8e-05

0.001161 7.1e-05

0.001155 3.9e-05

0.001148 5.4e-05

0.001179 5e-05

0.001149 5.4e-05

0.001183 5.3e-05

0.001155 5.9e-05

0.00116 4.7e-05

0.001215 6.2e-05

0.001184 6.3e-05

0.001148 7.3e-05

0.001166 5.9e-05

0.001186 8.6e-05

0.001181 6.2e-05

0.001213 5.2e-05

0.001189 5.2e-05

0.001184 5.8e-05

0.001151 5.4e-05

0.001211 6.2e-05

0.001184 5.4e-05

0.001152 4.8e-05

0.001152 6.2e-05

0.00119 5.6e-05

0.001154 5.5e-05

0.001145 5.1e-05

0.001154 5.7e-05

0.001147 5.5e-05

0.001228 4.5e-05

0.001157 5.9e-05

0.001152 4.3e-05

0.001157 5.1e-05

0.001153 5.7e-05

0.00115 5.6e-05

0.001151 5e-05

0.00115 5.7e-05

0.001211 5.6e-05

0.00115 5e-05

0.001156 5.4e-05

0.00116 6.9e-05

0.001157 7.2e-05

0.001226 4.9e-05

0.001156 5.5e-05

0.001144 4.6e-05

0.001155 6e-05

0.00116 6.4e-05

0.001154 5.9e-05

