0.001151 0.000505

0.00116 0.000521

0.001157 0.000491

0.001151 0.000521

0.001154 0.000484

0.00115 0.000542

0.001151 0.000471

0.001187 0.000484

0.001176 0.000509

0.001152 0.000541

0.001189 0.000491

0.001209 0.00053

0.001178 0.000563

0.001214 0.000539

0.001153 0.000527

0.001192 0.000532

0.001142 0.000528

0.001184 0.000493

0.001596 0.00042

0.001188 0.000519

0.001151 0.000486

0.001153 0.000499

0.001147 0.000513

0.00115 0.000594

0.001203 0.00045

0.001164 0.000425

0.001144 0.000507

0.001155 0.000516

0.001144 0.000526

0.00116 0.000513

0.001153 0.000538

0.001156 0.000505

0.00115 0.000472

0.001153 0.000462

0.001162 0.000442

0.001173 0.000542

0.001178 0.000511

0.001182 0.000498

0.001183 0.000448

0.001156 0.000513

0.001147 0.000497

0.001155 0.000539

0.001151 0.000454

0.001155 0.00052

0.001148 0.000491

0.001158 0.000441

0.001216 0.000426

0.001154 0.000537

0.001147 0.000524

0.001151 0.000515

0.001155 0.000428

0.001148 0.000424

0.001152 0.000416

0.00118 0.000474

0.001153 0.000429

0.001154 0.000519

0.001154 0.000484

0.001159 0.000483

0.001144 0.000519

0.001184 0.000453

0.001151 0.000518

0.001156 0.00047

0.001147 0.000422

0.001162 0.00045

0.001178 0.000516

0.00115 0.000486

0.001146 0.000503

0.00122 0.00051

0.001165 0.000464

0.001185 0.000475

0.001191 0.000427

0.001158 0.000508

0.00115 0.000427

0.001156 0.00054

0.001144 0.000412

0.001208 0.000484

0.001155 0.000513

0.001158 0.000507

0.001153 0.000456

0.001153 0.000475

0.001156 0.000438

0.001156 0.000486

0.001157 0.00045

0.001156 0.000501

0.001151 0.000499

0.001182 0.000461

0.001152 0.000515

0.001157 0.000492

0.001286 0.000462

0.001196 0.000439

0.001148 0.000418

0.001156 0.000457

0.001153 0.000461

0.001186 0.000508

0.001185 0.000492

0.001162 0.000459

0.001148 0.000447

0.001153 0.000542

0.001148 0.000454

0.001187 0.000512

0.001154 0.00053

0.001158 0.000456

0.001149 0.000409

0.001157 0.000482

0.001254 0.000426

0.001155 0.00047

0.001152 0.000426

0.001153 0.000495

0.001155 0.000493

0.001152 0.000487

0.001152 0.000477

0.00115 0.000516

0.001148 0.000538

0.00116 0.00049

0.001149 0.000407

0.001156 0.000492

0.00115 0.000485

0.001191 0.000547

0.00119 0.000452

0.001147 0.000461

0.001181 0.000469

0.001148 0.000477

0.001151 0.000441

0.001199 0.000478

0.001157 0.000498

0.001157 0.000514

0.001147 0.000437

0.001154 0.000426

0.001153 0.00054

0.001152 0.00046

0.001153 0.000503

0.001149 0.00052

0.001174 0.000513

0.00115 0.000525

0.001146 0.000455

0.001189 0.0005

0.001147 0.00047

0.001156 0.000461

0.001181 0.000481

0.001156 0.00051

0.001159 0.000459

0.001181 0.000448

0.001237 0.000493

0.001157 0.000424

0.001149 0.000489

0.001162 0.000502

0.001184 0.000486

0.001159 0.000497

0.001147 0.000454

0.001188 0.000462

0.001212 0.000494

0.001151 0.000416

0.001205 0.00051

0.001154 0.000478

0.001142 0.000469

0.001199 0.000526

0.001154 0.000454

0.001152 0.00046

0.001146 0.000442

0.00115 0.000455

0.00116 0.000557

0.001204 0.000457

0.001163 0.000529

0.001155 0.000449

0.001202 0.000447

0.001152 0.000495

0.001174 0.000428

0.001167 0.00054

0.001156 0.000449

0.001234 0.000445

0.001158 0.000544

0.001155 0.00051

0.001144 0.000386

0.001148 0.000515

0.001142 0.0005

0.001159 0.000539

0.001153 0.000518

0.001154 0.000464

0.001153 0.000443

0.001189 0.000606

0.00115 0.000457

0.001184 0.000492

0.001146 0.000477

0.001158 0.00045

0.001177 0.00045

0.001173 0.000485

0.001149 0.000472

0.001188 0.000497

0.00115 0.000429

0.001184 0.000527

0.00118 0.000519

0.001159 0.000486

0.001147 0.000506

0.001152 0.000493

0.001151 0.000516

0.001148 0.000489

0.00115 0.000481

0.00115 0.000534

0.001181 0.000517

0.001148 0.000399

0.001161 0.00042

0.001145 0.000535

0.001145 0.000515

0.001149 0.000469

0.001153 0.000463

0.001172 0.000505

0.001146 0.000504

0.001183 0.000507

0.0012 0.000498

0.00115 0.000528

0.001183 0.000514

0.00115 0.000506

0.001152 0.000436

0.001199 0.000442

0.001153 0.000487

0.001151 0.000488

0.001147 0.000424

0.001155 0.000527

0.001148 0.000519

0.001166 0.000545

0.001151 0.000464

0.001229 0.000476

0.001155 0.000507

0.001146 0.00048

0.001148 0.000439

0.001173 0.000457

0.001157 0.000525

0.001153 0.000492

0.001185 0.00046

0.001152 0.000513

0.001184 0.000463

0.001165 0.000462

0.00115 0.000513

0.001154 0.00052

0.001169 0.000468

0.001187 0.000532

0.001152 0.000493

0.001153 0.000459

0.001151 0.000489

0.00116 0.00053

0.001148 0.000407

0.001146 0.000509

0.001144 0.000494

0.001154 0.000497

0.001156 0.000516

0.001192 0.000472

0.001147 0.000523

0.001158 0.000433

0.00115 0.000458

0.001153 0.000428

0.001158 0.00047

0.00115 0.000476

0.001155 0.000536

0.00118 0.000506

0.001147 0.000399

0.001152 0.000469

0.001182 0.000502

0.001149 0.000523

0.001146 0.00044

0.001219 0.000422

0.001147 0.000508

0.001272 0.000526

0.001153 0.000483

0.001151 0.000563

0.001143 0.000503

0.001153 0.000448

0.001145 0.00051

0.001158 0.000455

0.001167 0.000426

0.001157 0.000574

0.00116 0.000536

0.001152 0.000463

0.001164 0.00054

0.001159 0.000461

0.001214 0.000545

0.001155 0.000455

0.001154 0.000536

0.001152 0.0005

0.001146 0.000507

0.001161 0.000515

0.001148 0.000483

0.001186 0.000439

0.001151 0.000407

0.001185 0.00052

0.00115 0.000486

0.001162 0.000546

0.001147 0.000512

0.001154 0.000448

0.001156 0.000487

0.001155 0.000478

0.001148 0.000535

0.001157 0.000511

0.001157 0.000488

0.001158 0.000464

0.001149 0.000506

0.001158 0.000475

0.001154 0.000506

0.001149 0.00051

0.001144 0.000517

0.001156 0.000466

0.001158 0.000531

0.001159 0.000532

0.001152 0.000534

0.00116 0.000449

0.001157 0.000495

0.001148 0.000511

0.001149 0.000432

0.001158 0.000464

0.001154 0.000473

0.001177 0.000433

0.00115 0.000509

0.001242 0.000491

0.001154 0.000523

0.001147 0.000495

0.001157 0.000502

0.001157 0.0005

0.00115 0.00049

0.001151 0.000512

0.001149 0.000457

0.001148 0.000464

0.001179 0.000453

0.001159 0.000437

0.001172 0.000519

0.00116 0.000555

0.001151 0.000452

0.001158 0.000468

0.001187 0.000511

0.001223 0.000436

0.001155 0.000496

0.001147 0.000436

0.001153 0.000526

0.001156 0.000526

0.001147 0.000408

0.001152 0.000474

0.001163 0.000501

0.001175 0.000476

0.001181 0.000528

0.001186 0.000452

0.001205 0.000462

0.001155 0.000475

0.00115 0.000471

0.001151 0.000454

0.001173 0.00048

0.001155 0.000423

0.00115 0.000474

0.001154 0.000476

0.001149 0.00047

0.001143 0.000521

0.00123 0.000461

0.00124 0.000481

0.00115 0.000479

0.001157 0.000481

0.001178 0.00045

0.001188 0.000429

0.001184 0.000438

0.001181 0.000476

0.001186 0.000541

0.00118 0.00046

0.001144 0.000501

0.001159 0.000535

0.001184 0.000487

0.001157 0.000544

0.001181 0.000449

0.001149 0.000494

0.00118 0.000464

0.001149 0.000476

0.001152 0.000455

0.001203 0.000455

0.001151 0.000524

0.001149 0.000481

0.001182 0.000504

0.00119 0.000544

0.001154 0.000485

0.001147 0.000488

0.001185 0.00052

0.001158 0.000536

0.001154 0.000497

0.001148 0.000441

0.001152 0.000485

0.001151 0.00052

0.001148 0.000459

0.001153 0.000454

0.001144 0.000455

0.001162 0.000475

0.001146 0.000469

0.001152 0.000556

0.001156 0.000491

0.00116 0.000477

0.001144 0.000434

0.001161 0.000563

0.001173 0.000519

0.001185 0.00046

0.001179 0.000513

0.001157 0.000554

0.001166 0.000569

0.001158 0.000523

0.00115 0.0004

0.001208 0.000515

0.001149 0.00046

0.001153 0.000463

0.001149 0.00045

0.001151 0.000463

0.001151 0.000488

0.001153 0.00053

0.001181 0.000454

0.001151 0.000481

0.00115 0.000436

0.001159 0.000475

0.001147 0.000505

0.001158 0.000432

0.001146 0.000539

0.001157 0.000503

0.001154 0.00049

0.001151 0.000418

0.00118 0.000486

0.001156 0.000434

0.001146 0.000493

0.001152 0.000509

0.001158 0.000478

0.001155 0.000437

0.001152 0.000482

0.001186 0.000439

0.001147 0.000433

0.00116 0.000435

0.001158 0.000433

0.001181 0.000479

0.001143 0.000446

0.001164 0.000454

0.00115 0.000484

0.001185 0.000481

0.001179 0.000525

0.001153 0.000469

0.001168 0.000489

0.00116 0.000522

0.001148 0.000435

0.001193 0.000485

0.001145 0.000463

0.001146 0.000465

0.001145 0.000435

0.001159 0.000503

0.001157 0.000468

0.001169 0.000437

0.001156 0.000474

0.001151 0.000534

0.001204 0.000514

0.001162 0.000484

0.001149 0.000487

0.001149 0.00051

0.001149 0.000442

0.001176 0.000504

0.001149 0.000418

0.001144 0.000467

0.001148 0.000489

0.001182 0.000559

0.001153 0.000452

0.00116 0.000478

0.001176 0.000438

0.001151 0.000544

0.001168 0.000511

0.001157 0.000521

0.001149 0.000517

0.001156 0.000383

0.0012 0.00051

0.001184 0.000425

0.001153 0.000471

0.001149 0.000433

0.001175 0.000541

0.001164 0.000476

0.001152 0.000491

0.001151 0.000521

0.001146 0.000485

0.001193 0.000459

0.001148 0.000443

0.001154 0.000473

0.001155 0.000431

0.001158 0.000479

0.001188 0.000442

0.001216 0.000535

0.001157 0.000489

0.001152 0.000462

0.001184 0.000478

0.001173 0.000508

0.001147 0.000433

0.001151 0.000484

0.001155 0.000477

0.001152 0.000534

0.001313 0.000486

0.001179 0.000538

0.001158 0.000452

0.001175 0.00051

0.001153 0.000423

0.001168 0.000432

0.001156 0.000533

0.001149 0.000476

0.001148 0.000491

0.001162 0.000506

0.001208 0.00048

0.001155 0.00064

0.001223 0.000502

0.001185 0.00051

0.001167 0.000438

0.001154 0.0005

0.001153 0.000428

0.00116 0.000499

0.001148 0.000452

0.001159 0.000527

0.001148 0.000475

0.001157 0.000457

0.001183 0.000517

0.001157 0.000495

0.001149 0.000552

0.001158 0.000501

0.001182 0.000557

0.001153 0.000482

0.001154 0.000528

0.001151 0.000434

0.001152 0.000475

0.001184 0.000508

0.001152 0.000479

0.001158 0.000444

0.001159 0.000486

0.001176 0.000453

0.001179 0.000524

0.001151 0.000469

0.001145 0.000474

0.001156 0.000503

0.001144 0.000476

0.001153 0.000488

0.001145 0.000479

0.001156 0.000512

0.00115 0.000513

0.001155 0.000444

0.001154 0.000471

0.001439 0.000705

0.001587 0.000498

0.001156 0.000548

0.001146 0.000444

0.001182 0.000496

0.001146 0.000447

0.001147 0.000425

0.001187 0.000451

0.001189 0.000522

0.001184 0.000524

0.001148 0.000482

0.001176 0.000502

0.001155 0.000527

0.001195 0.000474

0.001152 0.000506

0.001163 0.000422

0.00116 0.000534

0.001145 0.000529

0.001195 0.00049

0.001211 0.000461

0.001184 0.000448

0.00118 0.000523

0.001188 0.000496

0.001155 0.000405

0.001145 0.000526

0.001219 0.000473

0.001163 0.000495

0.001157 0.000474

0.001171 0.00044

0.001144 0.000461

0.001156 0.000477

0.001151 0.000484

0.00116 0.000473

0.00115 0.000398

0.001156 0.00048

0.001145 0.000502

0.001184 0.000489

0.001194 0.000464

0.001151 0.000525

0.001186 0.000478

0.001154 0.000494

0.001179 0.000469

0.00118 0.000482

0.00115 0.000507

0.001163 0.00048

0.001146 0.000499

0.001183 0.000524

0.001148 0.00044

0.001148 0.000461

0.001163 0.000546

0.001146 0.000525

0.001143 0.000436

0.001197 0.000466

0.001143 0.000508

0.001161 0.000448

0.001144 0.000536

0.001161 0.000486

0.00115 0.000506

0.001179 0.000456

0.001147 0.000475

0.00116 0.000467

0.001169 0.00049

0.001151 0.000525

0.001148 0.000493

0.001154 0.00048

0.001153 0.000508

0.001159 0.00054

0.001205 0.00046

0.001157 0.000508

0.001188 0.000388

0.001156 0.000419

0.001172 0.000474

0.001152 0.000572

0.001182 0.000531

0.001156 0.000485

0.001191 0.000484

0.001158 0.000554

0.001153 0.000413

0.001185 0.000526

0.001146 0.000454

0.001154 0.000478

0.001151 0.000517

0.001152 0.000469

0.001142 0.000422

0.001245 0.000504

0.001143 0.000474

0.00115 0.000494

0.001156 0.000439

0.001178 0.000477

0.001164 0.000471

0.001158 0.000466

0.001145 0.000516

0.001154 0.000518

0.001146 0.000484

0.001146 0.000533

0.001149 0.000441

0.001177 0.000536

0.001147 0.00052

0.001154 0.000473

0.001153 0.000468

0.001156 0.000415

0.001148 0.000503

0.001214 0.000452

0.001178 0.000402

0.001157 0.000529

0.001154 0.000537

0.001154 0.000483

0.001184 0.000523

0.001154 0.000547

0.001146 0.00043

0.001156 0.000527

0.001153 0.000476

0.001157 0.000534

0.00115 0.000504

0.001272 0.000524

0.001146 0.000511

0.001163 0.000445

0.001146 0.000513

0.001199 0.000476

0.001148 0.000498

0.00115 0.00051

0.00115 0.000422

0.001154 0.000486

0.001149 0.000502

0.001155 0.00042

0.001142 0.00055

0.001203 0.000467

0.001204 0.000485

0.001149 0.000505

0.001145 0.000484

0.001191 0.000464

0.001156 0.000472

0.001159 0.000493

0.001153 0.000507

0.001181 0.000534

0.001179 0.000525

0.001199 0.000464

0.00114 0.000475

0.001158 0.000492

0.001151 0.000482

0.001155 0.000465

0.001146 0.000474

0.001188 0.000467

0.001144 0.000504

0.001153 0.000492

0.001181 0.000453

0.001161 0.000463

0.001153 0.000458

0.001154 0.000449

0.001147 0.000526

0.001182 0.000546

0.001203 0.000532

0.001149 0.000461

0.001154 0.000462

0.001152 0.000492

0.001147 0.000464

0.001218 0.000543

0.001154 0.000455

0.001157 0.000415

0.001155 0.000478

0.001163 0.000501

0.001187 0.000465

0.001153 0.000457

0.001152 0.00046

0.001192 0.0005

0.001149 0.000556

0.001153 0.000483

0.001195 0.000554

0.001185 0.000509

0.00115 0.000525

0.001154 0.000491

0.001142 0.000489

0.001158 0.000494

0.001148 0.000414

0.001178 0.000476

0.001184 0.000494

0.001155 0.000506

0.001154 0.00047

0.001151 0.000424

0.001153 0.000456

0.001184 0.00048

0.001151 0.000504

0.001155 0.000488

0.001146 0.000499

0.001162 0.000475

0.001195 0.000503

0.001156 0.000506

0.001147 0.000444

0.00115 0.000481

0.001198 0.000514

0.001153 0.000563

0.001176 0.000488

0.001156 0.000448

0.001149 0.000478

0.001193 0.000477

0.001184 0.000525

0.001151 0.000465

0.001176 0.000499

0.001218 0.000494

0.00114 0.000508

0.001155 0.00049

0.001154 0.000464

0.001186 0.000411

0.001189 0.000453

0.001155 0.00049

0.001152 0.000479

0.001208 0.000467

0.001148 0.000488

0.001151 0.000482

0.001146 0.000515

0.001155 0.000475

0.00116 0.000514

0.001185 0.000528

0.001145 0.000456

0.001179 0.000485

0.00115 0.000457

0.001158 0.000471

0.001191 0.000485

0.001185 0.000459

0.001177 0.000471

0.00116 0.000431

0.001148 0.000427

0.001194 0.00044

0.001187 0.000504

0.001154 0.000481

0.001179 0.000491

0.00119 0.000467

0.001148 0.000485

0.001154 0.000558

0.001176 0.000433

0.001153 0.000576

0.001183 0.000483

0.00116 0.000496

0.001148 0.000503

0.001183 0.000457

0.001146 0.000483

0.001149 0.000527

0.001151 0.000456

0.001149 0.000463

0.001164 0.000455

0.001188 0.000481

0.001179 0.000512

0.001153 0.000521

0.001154 0.000507

0.00116 0.000476

0.001151 0.000467

0.001156 0.000457

0.00115 0.000447

0.001158 0.000452

0.001153 0.000548

0.001154 0.000521

0.001179 0.000491

0.001147 0.000481

0.001152 0.000504

0.00116 0.000482

0.001142 0.000512

0.001186 0.000496

0.001154 0.000532

0.001153 0.000527

0.00115 0.000434

0.001154 0.000456

0.001194 0.000484

0.001154 0.000506

0.001152 0.000467

0.001148 0.000531

0.001158 0.000474

0.001225 0.000521

0.001157 0.000493

0.001161 0.000456

0.001149 0.000421

0.001151 0.00049

0.001147 0.000531

0.001156 0.000451

0.001147 0.000405

0.001152 0.000534

0.001153 0.00053

0.00115 0.000473

0.001163 0.000464

0.001156 0.000508

0.001156 0.000537

0.00119 0.000504

0.001178 0.000498

0.001157 0.000532

0.001148 0.000486

0.001154 0.000548

0.001185 0.000485

0.001182 0.000487

0.001144 0.000527

0.001156 0.000538

0.001154 0.000527

0.001156 0.000448

0.00117 0.000468

0.001154 0.000502

0.001142 0.000554

0.001156 0.000508

0.00114 0.000401

0.001156 0.000467

0.001145 0.000494

0.001154 0.000538

0.001185 0.000432

0.001161 0.000471

0.001151 0.000517

0.001194 0.000447

0.001155 0.000554

0.001158 0.00044

0.001153 0.000486

0.001155 0.00051

0.001176 0.000474

0.00116 0.000492

0.001151 0.000456

0.001177 0.000544

0.001151 0.000496

0.001159 0.000461

0.001153 0.000433

0.001155 0.000511

0.001152 0.000499

0.00115 0.000471

0.001148 0.000432

0.001184 0.000479

0.001144 0.000511

0.001186 0.000483

0.00115 0.000478

0.001179 0.000501

0.00114 0.000473

0.001148 0.000462

0.00116 0.000459

0.001145 0.000499

0.001144 0.000471

0.001219 0.000549

0.001148 0.000405

0.001152 0.00045

0.001146 0.000489

0.001174 0.000468

0.001158 0.000385

0.001154 0.00041

0.001153 0.000522

0.001149 0.000491

0.001147 0.000425

0.001152 0.000543

0.00118 0.00047

0.001202 0.000425

0.001151 0.000502

0.001189 0.000538

0.001153 0.000412

0.001189 0.000477

0.001186 0.000447

0.001151 0.000489

0.001146 0.000496

0.001156 0.000481

0.001152 0.000513

0.001199 0.000502

0.001152 0.000552

0.001163 0.000493

0.001152 0.000446

0.001152 0.000441

0.001151 0.000404

0.001159 0.000514

0.001176 0.000495

0.001179 0.000529

0.001164 0.000451

0.001185 0.000466

0.001144 0.000487

0.001147 0.000523

0.001142 0.00052

0.001207 0.00047

0.001155 0.000469

0.00121 0.000505

0.001155 0.000541

0.001156 0.000552

0.00115 0.000478

0.001152 0.000496

0.001147 0.000458

0.001169 0.000483

0.001192 0.000447

0.001151 0.000578

0.001148 0.000453

0.001153 0.000441

0.001151 0.000528

0.001157 0.00052

0.00115 0.000531

0.001148 0.000504

0.001152 0.000434

0.001155 0.000503

0.001183 0.000466

0.001154 0.000463

0.001154 0.00048

0.001157 0.000444

0.001154 0.000444

0.001168 0.000485

0.001147 0.000511

0.001152 0.000494

0.001152 0.000458

0.001151 0.000482

0.001184 0.000546

0.001153 0.000409

0.001152 0.000514

0.001151 0.000506

0.00118 0.000491

0.001156 0.000382

0.001181 0.000424

0.001156 0.00046

0.00114 0.000495

0.001158 0.000544

0.00116 0.000447

0.001153 0.000424

0.001175 0.000516

0.001151 0.000519

0.001149 0.000479

0.001182 0.000423

0.001149 0.000528

0.001151 0.000507

0.001203 0.000481

0.001149 0.00052

0.001158 0.000498

0.001183 0.00051

0.001156 0.000482

0.001164 0.00051

0.001211 0.000478

0.001159 0.000545

0.001153 0.000488

0.001157 0.000494

0.001148 0.000477

0.001194 0.000529

0.001152 0.000452

0.001154 0.000509

0.00118 0.000503

0.001156 0.000527

0.001146 0.000438

0.001181 0.000458

0.001148 0.000516

0.001157 0.000505

0.00115 0.000487

0.001152 0.000445

0.001148 0.000455

0.001148 0.000515

0.00115 0.000421

0.001159 0.000461

0.001149 0.000466

0.001145 0.000466

0.001143 0.000474

0.001149 0.000466

0.001141 0.00047

0.001155 0.000486

0.00115 0.000537

0.001156 0.000445

0.001152 0.000484

0.001159 0.000525

0.001254 0.00052

0.001188 0.000503

0.001171 0.000538

0.001188 0.000475

0.001156 0.00055

0.001184 0.000475

0.001148 0.000398

0.001153 0.000526

0.001151 0.000466

0.001166 0.000517

0.001193 0.000513

0.00116 0.000519

0.001149 0.00043

0.001154 0.000484

0.001147 0.000412

0.001151 0.000486

0.001153 0.000494

0.001167 0.000518

0.00115 0.000452

0.001186 0.000436

