0.003891 9.4e-05

0.003875 0.000103

0.003934 0.000143

0.003885 0.000154

0.003891 9.3e-05

0.003841 0.0001

0.003921 0.000109

0.003857 0.000204

0.00399 0.000117

0.003904 0.000148

0.003852 0.000111

0.003874 9.9e-05

0.004036 0.000145

0.003954 0.00014

0.003968 0.000166

0.003962 0.000126

0.00391 0.000163

0.003865 9.3e-05

0.003942 0.000112

0.003848 0.000165

0.003859 0.00016

0.003834 8.9e-05

0.003869 0.000156

0.003846 0.000134

0.003828 0.000136

0.003843 0.000103

0.003869 0.000139

0.003832 0.000103

0.003902 0.000164

0.003842 0.000108

0.003841 0.000127

0.003898 9.5e-05

0.003847 8.7e-05

0.004033 0.00016

0.003847 0.0001

0.003825 0.000128

0.003898 0.00013

0.003926 0.000104

0.003846 0.000157

0.003835 0.000111

0.003842 0.000128

0.003867 0.00017

0.003911 0.000139

0.003883 0.000106

0.003856 0.000108

0.003836 7.9e-05

0.00387 0.000185

0.003843 0.000159

0.003858 0.000112

0.003845 9.6e-05

0.003891 0.000126

0.003876 0.000172

0.003881 0.000141

0.003849 0.00013

0.003855 0.000126

0.003905 0.000102

0.003888 0.000142

0.003918 9.2e-05

0.003835 0.000112

0.003838 0.000137

0.00391 0.000139

0.003834 0.000103

0.003865 0.000159

0.003845 0.000125

0.003837 0.000155

0.003903 9.4e-05

0.003844 0.000113

0.003828 0.000107

0.003897 0.000125

0.003845 0.000126

0.003906 0.000137

0.003993 0.000108

0.003883 0.00013

0.003861 0.000137

0.003913 0.000124

0.003887 0.000122

0.003845 0.000139

0.00383 0.00011

0.003845 0.00016

0.003935 0.000145

0.003852 0.000156

0.003838 0.000129

0.003892 0.000121

0.00384 0.000131

0.003874 0.000141

0.003875 0.000132

0.00384 0.00013

0.003842 0.000131

0.003873 0.000144

0.003885 0.00014

0.003876 0.000156

0.003842 0.000115

0.003858 0.000106

0.003948 0.000106

0.003911 0.000134

0.003838 0.000137

0.003873 0.000131

0.003926 0.000135

0.003888 0.000132

0.003883 0.000123

0.003851 0.000148

0.003864 0.000141

0.003833 0.00017

0.003871 0.000144

0.003914 0.000103

0.003865 0.000156

0.003846 0.000157

0.003855 0.000143

0.003881 0.000108

0.003882 0.000144

0.003842 0.000114

0.003848 0.000133

0.003853 0.000141

0.003836 8.2e-05

0.003876 0.000128

0.003847 0.000131

0.003844 0.000152

0.003833 0.000118

0.003882 0.000112

0.003874 0.000119

0.003879 0.000138

0.003859 0.000118

0.003844 0.000107

0.003863 0.000187

0.003886 0.000175

0.003873 0.000107

0.003848 0.000123

0.003864 0.000143

0.003866 0.000123

0.003876 0.000127

0.003836 0.000116

0.003839 8.8e-05

0.003877 0.00011

0.003891 0.00011

0.003869 8.7e-05

0.003842 0.000153

0.003852 0.000112

0.003876 0.000135

0.003875 0.000124

0.00383 0.000104

0.003844 0.000146

0.00383 0.000169

0.003938 8.7e-05

0.003902 0.000111

0.003845 0.000129

0.003842 0.000172

0.003861 0.000153

0.003877 0.000134

0.00385 0.000161

0.003867 0.000136

0.003889 0.000109

0.00385 0.000108

0.003887 0.000118

0.003845 0.000165

0.003906 0.000123

0.003868 0.00012

0.003887 0.000114

0.003903 0.000138

0.003897 0.000116

0.00392 0.000112

0.004332 0.000143

0.003931 9.5e-05

0.003936 0.000101

0.003854 0.000158

0.003878 0.000116

0.003869 0.000108

0.003892 0.000136

0.003874 0.000142

0.003852 0.000138

0.003903 0.000109

0.003906 0.000119

0.003898 8.6e-05

0.003846 0.000133

0.003838 0.000134

0.003878 0.000118

0.003922 0.000164

0.003948 0.000133

0.003886 0.00012

0.003875 0.00017

0.003946 0.00012

0.003929 0.000152

0.003905 8.8e-05

0.003888 0.000102

0.003876 0.000135

0.003845 0.000112

0.003866 0.000103

0.003877 0.000193

0.003851 0.000131

0.003875 0.000101

0.003876 0.0001

0.003853 0.00013

0.003868 0.000158

0.003834 0.00014

0.003847 0.000117

0.00384 0.000137

0.003909 0.000173

0.003892 0.000123

0.003853 8.4e-05

0.003849 0.000126

0.003866 9.8e-05

0.00387 0.000123

0.003907 0.000119

0.003854 0.000122

0.003849 0.000161

0.003846 0.000106

0.003885 0.000107

0.003875 0.000179

0.003856 0.000154

0.003977 0.000167

0.003903 0.000141

0.003939 0.000107

0.003932 0.000117

0.003874 0.0001

0.00385 0.000116

0.00393 0.000197

0.003912 0.000142

0.003854 0.000114

0.003891 0.000126

0.003892 0.000124

0.003909 0.0001

0.003876 0.000167

0.00384 0.000148

0.004005 9.9e-05

0.003883 0.000164

0.00387 0.000118

0.00389 8.9e-05

0.003895 0.00013

0.003864 0.00011

0.003836 0.000124

0.00385 0.000166

0.003863 0.000169

0.003849 0.000101

0.003856 0.000115

0.003882 0.000173

0.003858 8.4e-05

0.003928 9.6e-05

0.003856 0.000157

0.003847 0.000121

0.003859 0.000107

0.003846 0.000165

0.003867 0.000155

0.003882 0.000132

0.003831 0.000127

0.003832 0.000114

0.003872 0.000139

0.003886 9.3e-05

0.003898 0.000128

0.003834 0.000135

0.003869 9.9e-05

0.003939 0.000186

0.003864 0.000138

0.003871 0.00014

0.003889 0.000109

0.003874 0.000115

0.003897 0.000159

0.003909 0.000119

0.003853 0.000114

0.003848 0.000153

0.003908 9.6e-05

0.003872 0.000125

0.003994 0.000179

0.003839 0.000118

0.003847 9.8e-05

0.003901 0.000124

0.003934 0.000132

0.003881 0.000102

0.003841 0.000156

0.003876 0.000128

0.003867 0.000174

0.003907 0.000121

0.003852 0.000107

0.003902 0.00012

0.003848 0.000122

0.003848 0.000111

0.003885 0.000144

0.003854 0.000106

0.003857 9.5e-05

0.003833 0.000115

0.003872 9.6e-05

0.003893 0.000181

0.003845 0.000135

0.003836 0.000165

0.003877 0.000119

0.003932 9.1e-05

0.00384 0.000112

0.003859 0.000141

0.003904 0.00013

0.003873 8.9e-05

0.003871 0.000117

0.003834 0.00014

0.004213 0.000193

0.003957 0.000123

0.003944 0.000103

0.003969 0.000106

0.003909 0.000141

0.003846 0.000122

0.003872 0.000132

0.003862 0.000154

0.003906 0.000126

0.003868 0.0002

0.003853 0.000118

0.003952 0.000138

0.003873 0.000123

0.003863 0.000171

0.003883 0.000109

0.003889 0.000103

0.003865 0.000131

0.003827 0.000134

0.003879 9.7e-05

0.003849 0.000114

0.003868 0.00013

0.003872 0.000127

0.003847 0.000115

0.003873 0.000129

0.003894 0.000108

0.003844 9.6e-05

0.003851 0.000125

0.003963 0.00015

0.00388 0.000159

0.003866 0.000108

0.003912 0.000132

0.003849 0.000138

0.003872 0.000186

0.003848 0.000125

0.00385 0.00012

0.003839 0.000173

0.003924 0.000134

0.003857 0.000142

0.003883 0.000125

0.003846 0.000143

0.003842 9e-05

0.00389 0.000143

0.003974 9.3e-05

0.003844 0.000164

0.003841 0.000128

0.003875 0.000121

0.003879 0.000114

0.003895 0.000124

0.003877 0.000136

0.003943 0.000108

0.003867 0.000106

0.003863 0.000125

0.003879 9.3e-05

0.003844 0.000136

0.003851 0.000113

0.003844 0.000158

0.003856 0.000134

0.003904 0.000115

0.003888 7.8e-05

0.003846 8.8e-05

0.003877 0.000139

0.003986 0.000134

0.004 0.000118

0.004189 0.000142

0.00397 9.1e-05

0.003907 0.00011

0.003861 0.000163

0.003948 0.000131

0.003855 0.00017

0.003875 0.000126

0.003872 9.6e-05

0.003845 0.000109

0.003915 0.000102

0.003847 0.000114

0.003852 0.00015

0.003844 0.000104

0.003887 0.0001

0.003869 0.000167

0.003958 0.000102

0.003877 0.00011

0.003907 0.000158

0.00387 0.000112

0.003874 0.000121

0.003983 0.000116

0.003883 0.000147

0.003849 0.000187

0.003881 0.000142

0.003914 0.000118

0.003847 0.000108

0.003837 0.000141

0.003848 9.8e-05

0.003904 0.000153

0.003857 0.000135

0.003847 0.000151

0.003951 0.000111

0.003915 0.00013

0.003878 0.00011

0.003869 0.00013

0.003872 0.000117

0.003846 0.00012

0.003849 0.000128

0.003866 0.000132

0.003847 0.000153

0.00389 0.000118

0.003841 0.000115

0.003842 0.000114

0.003905 0.00015

0.003845 0.00016

0.003843 0.000134

0.003924 0.000139

0.003876 0.000114

0.003906 0.000161

0.003873 0.000146

0.00395 0.000112

0.003886 0.000102

0.003845 0.000168

0.003958 0.000118

0.003854 0.000134

0.00388 0.000149

0.003839 0.000181

0.00388 0.000163

0.003881 0.000162

0.003849 0.000111

0.003845 9.5e-05

0.003874 0.000142

0.003904 0.00017

0.003886 7.9e-05

0.003841 0.000155

0.003864 0.000132

0.003861 0.000115

0.003876 0.000113

0.003839 0.000138

0.003926 9.8e-05

0.003878 7.9e-05

0.003856 0.000103

0.003871 0.000114

0.00384 0.000155

0.003841 0.000107

0.003841 0.00011

0.003865 0.00012

0.003884 0.000134

0.003851 0.000201

0.003849 9.3e-05

0.00388 0.000163

0.003877 0.000172

0.00388 0.000122

0.003851 0.000149

0.003876 0.000113

0.003877 0.0001

0.003906 0.000148

0.003878 0.000128

0.003969 0.000122

0.003849 0.000105

0.003849 0.000116

0.003926 0.000125

0.003874 0.000128

0.003848 9.2e-05

0.003844 0.000115

0.003836 0.000129

0.003878 0.000131

0.003851 9.3e-05

0.003841 0.000108

0.003849 0.000125

0.003877 0.000153

0.003918 0.000127

0.003834 0.000124

0.003938 0.000134

0.003879 0.000106

0.003858 0.000127

0.003891 0.000136

0.004036 0.000137

0.003976 0.000127

0.003873 0.000162

0.003855 0.000143

0.003901 0.000121

0.003871 0.000161

0.003856 9.6e-05

0.003852 0.000109

0.003904 0.000106

0.00384 0.000121

0.003869 8.4e-05

0.003839 0.000121

0.003892 0.000136

0.003929 0.000144

0.003834 0.00019

0.003864 0.000168

0.003879 0.000125

0.00388 0.000111

0.003901 0.000114

0.003919 0.000114

0.003849 0.000138

0.003873 0.000146

0.003854 0.000114

0.004288 0.000149

0.003976 0.000129

0.004225 0.00014

0.003992 0.000117

0.003986 0.000131

0.003934 0.000156

0.003884 0.000152

0.00394 0.000124

0.003879 0.000128

0.003845 0.000133

0.003862 0.000142

0.003845 0.000136

0.003852 0.000152

0.003846 0.000138

0.003854 0.000134

0.003887 0.000102

0.00385 0.000174

0.003882 0.000123

0.003868 0.000177

0.003887 0.000127

0.003878 0.000108

0.003849 0.000128

0.003873 0.00013

0.003876 8.5e-05

0.003845 0.000109

0.003876 0.000105

0.003894 0.000124

0.003883 0.00011

0.003842 9e-05

0.003899 0.000172

0.003873 0.000161

0.003878 0.000127

0.003845 0.000139

0.003879 0.000109

0.003857 0.000129

0.003908 0.000106

0.003955 0.000179

0.003922 0.000172

0.003908 0.000149

0.003887 0.0001

0.003876 0.000166

0.00397 0.000151

0.003846 0.000151

0.003857 9.8e-05

0.003838 0.000141

0.003915 0.000126

0.003859 0.000166

0.003871 0.000119

0.003838 0.000127

0.003906 0.000196

0.003893 0.000123

0.003855 0.000136

0.003881 8.4e-05

0.003896 0.000118

0.003941 0.000167

0.003882 0.000111

0.003868 0.000119

0.003914 0.000119

0.003844 0.0001

0.003856 9e-05

0.003874 0.000112

0.003847 0.00013

0.003872 0.000134

0.003854 0.000146

0.003898 0.000129

0.003845 0.000147

0.003845 0.000114

0.003849 0.000155

0.003841 0.000143

0.003905 0.00016

0.00384 0.000131

0.003873 0.000201

0.003904 0.000107

0.003835 8.8e-05

0.003928 9.5e-05

0.003936 0.000127

0.003839 0.000136

0.003856 0.000135

0.003873 0.000157

0.003888 0.000104

0.003839 0.000107

0.00385 0.000121

0.003861 0.000119

0.003891 0.000111

0.003888 0.000128

0.003882 0.000115

0.003846 9.5e-05

0.00384 0.000155

0.003845 0.000165

0.003897 0.000184

0.003932 0.000128

0.003917 0.000112

0.003835 0.000172

0.003855 0.000123

0.003868 0.000138

0.003857 0.000115

0.00383 0.000111

0.003901 0.000134

0.003879 0.000131

0.003888 0.000114

0.003845 0.0001

0.003844 0.000166

0.003882 0.000166

0.003896 0.000163

0.003845 0.000133

0.003849 9.9e-05

0.00389 0.000142

0.003847 0.000127

0.003903 0.000115

0.003906 0.000128

0.003873 0.000153

0.003875 0.00011

0.003889 0.000151

0.003967 0.000156

0.003846 0.00013

0.00385 0.000132

0.003851 0.000111

0.003848 0.000129

0.003882 0.000137

0.003845 0.000135

0.003839 0.000115

0.003864 0.000171

0.003846 0.000114

0.003873 9.5e-05

0.003869 0.00012

0.003918 0.000109

0.003874 9.4e-05

0.003863 0.000115

0.003902 0.000134

0.003908 0.000118

0.003826 9.7e-05

0.003857 0.000135

0.003877 9e-05

0.003887 0.000143

0.003878 0.000147

0.003854 0.000135

0.003842 0.00014

0.003876 8.3e-05

0.00388 0.000105

0.003852 0.000116

0.003879 9.2e-05

0.003851 0.000107

0.003874 0.000126

0.003848 0.000131

0.003871 0.000193

0.003927 0.00013

0.003858 0.00011

0.003942 0.000144

0.003882 0.000115

0.00384 0.000153

0.003854 0.000165

0.003887 0.000156

0.003903 0.000174

0.00386 0.000105

0.003861 0.000153

0.003846 0.000128

0.003842 0.000113

0.003911 0.000116

0.003912 0.000105

0.003863 0.000137

0.003852 0.000105

0.003881 0.000137

0.003865 0.000111

0.003865 0.000123

0.003824 9.8e-05

0.003847 0.000119

0.003964 0.000103

0.003854 0.000145

0.003874 0.000141

0.003865 0.000113

0.00383 0.000111

0.003894 0.000127

0.003831 0.000116

0.00386 0.000121

0.00384 9.8e-05

0.003847 0.000139

0.003905 0.000115

0.003877 0.000153

0.00388 0.000108

0.003886 0.000121

0.003893 0.000181

0.0039 0.000126

0.003875 0.00013

0.003845 0.000162

0.003869 0.0001

0.003941 0.000154

0.003877 0.000128

0.003875 0.00013

0.003849 0.000145

0.003885 0.000117

0.003888 0.000214

0.003849 9.6e-05

0.00383 0.000155

0.003885 0.000153

0.003901 0.000131

0.003849 0.000149

0.003921 0.000109

0.003921 0.000121

0.003837 0.000134

0.003852 0.000106

0.003899 0.000108

0.003855 0.000154

0.003835 9.3e-05

0.003877 0.000106

0.003854 0.000157

0.003895 0.000121

0.003883 0.000161

0.003873 0.000128

0.003847 0.000142

0.003852 0.000123

0.003869 0.00016

0.003869 0.000164

0.003841 9.3e-05

0.003849 0.000131

0.003845 0.000124

0.003968 0.000165

0.003917 0.000216

0.00385 0.000136

0.003837 0.000112

0.00386 0.000173

0.003906 0.000137

0.003832 0.000123

0.003833 0.000161

0.003872 0.000136

0.003837 0.000115

0.003929 0.000117

0.003842 0.000129

0.00385 0.000106

0.003938 0.00013

0.004036 0.000123

0.004115 0.000128

0.003936 0.000153

0.003873 9.1e-05

0.003851 0.000153

0.003867 0.000168

0.003873 0.000111

0.003831 0.000191

0.003859 0.00013

0.003848 0.000109

0.003874 0.000125

0.003884 8.6e-05

0.003886 0.000112

0.003853 0.000123

0.003839 0.000115

0.003867 0.000146

0.003931 0.000195

0.003887 0.000122

0.003847 0.000129

0.003826 0.000103

0.003934 8.4e-05

0.003898 0.00014

0.003862 0.000131

0.003833 0.000138

0.003885 0.00011

0.003883 0.000151

0.003899 0.000148

0.003867 0.00013

0.00385 0.000108

0.003865 0.000105

0.003895 8.9e-05

0.003864 8.9e-05

0.003844 0.000108

0.003824 0.000131

0.003949 0.000154

0.00391 0.00012

0.003903 0.00016

0.003845 0.000147

0.003848 0.000117

0.003847 0.00012

0.003867 0.000118

0.003846 0.000122

0.003844 0.000115

0.003872 0.000126

0.003852 0.000138

0.00387 0.000128

0.003907 0.000109

0.003869 0.000183

0.003864 0.000101

0.003835 0.000161

0.003954 0.000103

0.003945 0.000128

0.003861 0.000139

0.003841 0.000115

0.003873 0.000136

0.003911 0.000159

0.003841 0.000132

0.003846 0.000111

0.003885 0.000122

0.003875 0.000124

0.003839 0.00016

0.003869 0.000122

0.003905 0.000149

0.003837 0.000123

0.003877 0.000118

0.003836 0.000113

0.003906 0.000122

0.003837 0.000122

0.003837 0.000136

0.003912 0.000105

0.00391 0.000121

0.003834 0.00013

0.003843 0.000115

0.003844 0.000154

0.003879 9.7e-05

0.00387 0.000153

0.003847 0.000151

0.00391 0.000122

0.003888 0.000119

0.003876 0.000129

0.00391 0.00013

0.003873 0.00012

0.003858 0.000156

0.003832 0.000126

0.003912 0.000132

0.003856 0.000102

0.003883 0.00011

0.003851 0.000112

0.0039 0.000137

0.003946 0.000111

0.003861 9.9e-05

0.003831 9.6e-05

0.003851 0.000145

0.003874 9.8e-05

0.003853 0.00014

0.003873 0.000167

0.003849 0.000134

0.003844 0.000115

0.003885 0.0001

0.003912 0.000128

0.003888 0.000116

0.003883 0.000126

0.003842 0.000122

0.003933 0.000184

0.003905 0.00011

0.003843 0.0001

0.00386 0.000193

0.003894 0.000125

0.003979 0.000123

0.003843 0.000114

0.004036 0.000121

0.003914 0.00011

0.003853 0.00016

0.003877 0.000136

0.003867 0.000165

0.003855 0.000113

0.003853 0.000136

0.003842 9.7e-05

0.003904 0.00014

0.003894 0.000103

0.003851 0.000133

0.003841 8.3e-05

0.003973 0.000145

0.003944 0.000132

0.003882 0.000122

0.003849 0.000126

0.003922 0.000137

0.003897 0.000138

0.003862 0.000111

0.003844 9e-05

0.003843 0.000162

0.003839 0.000103

0.00389 0.000133

0.003845 0.000106

0.003829 0.00014

0.003848 0.000122

0.003844 0.000147

0.003914 0.000202

0.003887 0.000115

0.003866 0.000162

0.003833 0.000119

0.003876 0.000101

0.003894 9.5e-05

0.003843 0.000109

0.003839 0.000152

0.003896 0.000111

0.003942 9.7e-05

0.003866 0.000149

0.003878 0.000128

0.003846 0.000152

0.003888 0.000107

0.003897 0.000118

0.003911 0.000113

0.003885 0.000148

0.003864 8.7e-05

0.003835 0.000107

0.003904 0.000143

0.003866 0.00012

0.003833 0.00014

0.003846 0.000114

0.003874 0.000147

0.003877 0.000128

0.00386 0.000104

0.00388 9.2e-05

0.003885 0.000139

0.003838 0.000104

0.003884 0.000104

0.003838 0.000137

0.00385 0.000119

0.003853 0.000134

0.003846 0.000104

0.003911 0.000107

0.003913 0.000138

0.003837 0.000109

0.003836 0.000118

0.003932 0.000124

0.003897 9.5e-05

0.003844 9.7e-05

0.003871 0.000132

0.003895 0.000159

0.003941 0.000113

0.003837 9.8e-05

0.003846 0.000126

0.003871 0.000124

0.003872 0.000123

0.003911 0.000109

0.003887 0.000137

0.003858 0.00015

0.003855 0.000107

0.003837 0.00011

0.003947 0.000145

0.003848 0.000119

0.00385 0.000144

0.003848 0.00015

0.003904 0.000126

0.003946 0.00013

0.00386 0.000119

0.003861 0.000117

0.003911 0.000118

0.003916 0.000127

0.003869 0.000111

0.003893 0.000129

0.003964 0.000137

0.003917 0.000104

0.003893 0.000163

0.003864 0.000108

0.003864 7.9e-05

0.003836 0.000173

0.003853 0.000146

0.003866 0.000136

0.003844 9.9e-05

0.003855 0.000119

0.003846 0.000152

0.003898 0.000169

0.00393 0.000128

0.003832 0.000113

0.003879 0.000157

0.003847 9.6e-05

0.003842 0.000175

0.003878 0.000135

0.003846 0.000114

0.003869 0.000104

0.003852 0.000137

0.00394 0.000126

0.003921 0.000131

0.003852 0.000109

0.003881 0.000124

0.003911 0.000147

0.003903 0.000134

0.003876 0.000146

0.003853 0.000146

0.003887 0.000119

0.00392 0.00014

0.003906 0.000126

0.00387 0.000102

0.00387 0.000109

0.003847 0.000112

0.003842 0.000132

0.003858 0.000141

0.00388 0.000101

0.003873 0.00015

0.003829 0.000126

0.003905 0.000166

0.003879 0.000123

0.003887 0.000147

0.003887 0.000105

0.003845 0.000102

0.003865 8.4e-05

0.003894 0.000119

0.003844 0.000136

0.003848 0.000142

0.00387 0.000112

0.003912 0.000111

0.003884 0.000123

0.003843 0.000169

0.003866 0.000123

0.003848 9.5e-05

0.003842 0.000129

0.003878 0.000132

0.00385 0.000116

0.00391 0.000105

0.003891 9.7e-05

0.003845 0.000173

0.003863 0.000119

0.003853 0.000142

0.003838 0.000142

0.003885 0.000111

0.003907 0.000128

0.003881 0.000112

0.003872 0.000132

0.003871 0.000112

0.003824 0.000117

0.003846 0.000127

0.003876 0.000152

0.003842 9.2e-05

0.00384 0.000111

0.003856 0.000128

0.003844 0.000162

0.003895 0.000105

0.00385 0.000123

0.003841 0.000121

0.003866 0.000124

0.003914 0.000144

0.00387 9.3e-05

0.003836 0.000106

0.00384 0.000117

0.003865 0.000142

0.003879 0.000114

