0.004113 1e-06

0.003914 1e-06

0.003877 2e-06

0.003812 2e-06

0.003887 1e-06

0.003852 1e-06

0.003831 1e-06

0.003827 1e-06

0.00385 1e-06

0.00396 2e-06

0.003946 1e-06

0.003962 2e-06

0.003932 2e-06

0.003832 1e-06

0.003827 1e-06

0.003923 2e-06

0.003906 2e-06

0.003911 2e-06

0.003831 1e-06

0.003932 1e-06

0.003833 2e-06

0.003863 2e-06

0.003836 2e-06

0.003825 2e-06

0.0039 2e-06

0.003918 1e-06

0.003842 1e-06

0.003856 1e-06

0.003826 2e-06

0.003854 1e-06

0.003837 1e-06

0.003879 1e-06

0.003878 2e-06

0.003932 2e-06

0.003848 1e-06

0.004051 2e-06

0.003864 1e-06

0.003882 2e-06

0.003841 1e-06

0.003834 2e-06

0.003838 1e-06

0.003918 1e-06

0.003878 1e-06

0.003839 1e-06

0.003893 1e-06

0.003899 1e-06

0.00383 1e-06

0.003835 2e-06

0.003867 1e-06

0.003882 1e-06

0.003826 1e-06

0.003833 2e-06

0.003844 1e-06

0.003893 1e-06

0.003841 2e-06

0.003826 2e-06

0.003835 2e-06

0.003881 2e-06

0.003837 1e-06

0.003838 1e-06

0.003839 2e-06

0.003898 1e-06

0.003909 1e-06

0.003871 2e-06

0.003859 1e-06

0.003921 2e-06

0.003868 2e-06

0.003863 1e-06

0.003865 1e-06

0.003885 2e-06

0.003842 2e-06

0.003831 2e-06

0.003862 2e-06

0.003891 2e-06

0.003823 1e-06

0.003828 1e-06

0.00387 1e-06

0.003902 1e-06

0.003847 1e-06

0.00382 1e-06

0.003827 1e-06

0.003885 1e-06

0.003838 1e-06

0.003834 1e-06

0.003894 2e-06

0.003905 1e-06

0.003833 1e-06

0.003868 1e-06

0.003832 2e-06

0.003943 1e-06

0.003813 1e-06

0.003843 1e-06

0.003872 2e-06

0.003893 1e-06

0.003841 2e-06

0.003928 1e-06

0.003867 2e-06

0.003868 1e-06

0.003836 1e-06

0.003849 2e-06

0.003835 1e-06

0.003864 2e-06

0.003875 2e-06

0.003827 1e-06

0.003874 2e-06

0.003853 1.5e-05

0.003841 2e-06

0.003839 1e-06

0.003847 2e-06

0.003842 1e-06

0.003837 1e-06

0.003845 1e-06

0.003866 1e-06

0.003876 1e-06

0.003837 1e-06

0.003828 2e-06

0.003857 1e-06

0.003878 1e-06

0.003831 1e-06

0.003835 1e-06

0.003843 1e-06

0.003849 2e-06

0.00384 1e-06

0.003831 1e-06

0.003871 2e-06

0.003885 1e-06

0.003837 1e-06

0.003837 1e-06

0.003838 2e-06

0.00387 1e-06

0.00384 2e-06

0.003834 2e-06

0.003881 1e-06

0.003864 1e-06

0.003838 2e-06

0.00388 2e-06

0.003968 1e-06

0.003827 1e-06

0.00383 1e-06

0.003868 2e-06

0.003862 2e-06

0.003862 1e-06

0.003839 1e-06

0.003874 2e-06

0.003903 1e-06

0.003866 1e-06

0.003877 1e-06

0.003856 2e-06

0.003833 1e-06

0.003836 2e-06

0.003837 2e-06

0.003866 2e-06

0.003874 1e-06

0.003863 2e-06

0.003852 1e-06

0.0039 2e-06

0.003868 1e-06

0.003833 2e-06

0.003833 1e-06

0.003954 3e-06

0.003912 1e-06

0.003829 1e-06

0.003838 1e-06

0.003883 2e-06

0.003887 2e-06

0.003874 2e-06

0.003874 2e-06

0.003914 1e-06

0.003871 1e-06

0.003861 1e-06

0.003841 1e-06

0.003946 1e-06

0.003866 1e-06

0.003845 2e-06

0.003835 2e-06

0.003929 2e-06

0.003918 2e-06

0.003831 2e-06

0.003849 2e-06

0.003902 1e-06

0.003841 1e-06

0.003894 2e-06

0.00384 2e-06

0.003892 2e-06

0.003864 1e-06

0.003891 1e-06

0.003818 2e-06

0.003912 1e-06

0.003835 2e-06

0.003866 2e-06

0.003832 1e-06

0.003934 1e-06

0.003901 1e-06

0.00393 1e-06

0.003833 1e-06

0.003939 2e-06

0.003847 2e-06

0.00385 1e-06

0.00386 2e-06

0.003909 1e-06

0.003849 1e-06

0.003862 1e-06

0.003829 1e-06

0.003928 2e-06

0.003874 1e-06

0.003874 1e-06

0.003838 2e-06

0.00392 1e-06

0.003854 1e-06

0.003882 1e-06

0.003845 1e-06

0.003939 1e-06

0.003839 2e-06

0.00385 2e-06

0.00384 1e-06

0.003924 2e-06

0.003841 2e-06

0.003868 2e-06

0.003869 2e-06

0.003938 1e-06

0.003834 1e-06

0.003923 3e-06

0.003882 2e-06

0.003945 2e-06

0.003874 2e-06

0.003904 2e-06

0.003831 2e-06

0.003943 2e-06

0.003844 2e-06

0.003859 1e-06

0.00384 1e-06

0.003904 1e-06

0.003885 1e-06

0.003926 1e-06

0.003855 1e-06

0.00394 1e-06

0.003866 1e-06

0.00387 1e-06

0.003841 1e-06

0.003919 1e-06

0.003841 2e-06

0.003866 1e-06

0.003838 2e-06

0.003967 2e-06

0.003866 2e-06

0.003909 1e-06

0.003845 1e-06

0.003935 1e-06

0.003853 2e-06

0.003926 1e-06

0.00384 2e-06

0.00394 1e-06

0.00384 1e-06

0.003899 1e-06

0.003845 2e-06

0.003916 1e-06

0.003844 2e-06

0.003894 1e-06

0.003865 1e-06

0.003906 1e-06

0.003866 1e-06

0.003868 2e-06

0.003847 1e-06

0.003883 1e-06

0.003874 2e-06

0.003894 2e-06

0.003862 2e-06

0.00391 1e-06

0.003876 1e-06

0.003866 1e-06

0.003841 1e-06

0.003895 1e-06

0.003842 1e-06

0.0039 2e-06

0.003834 1e-06

0.004025 2e-06

0.003868 1e-06

0.003871 1e-06

0.003844 1e-06

0.003916 1e-06

0.003852 2e-06

0.00386 1e-06

0.003843 1e-06

0.003878 1e-06

0.003864 1e-06

0.003902 2e-06

0.003846 2e-06

0.003939 1e-06

0.00388 1e-06

0.003888 1e-06

0.003885 1e-06

0.003922 2e-06

0.003833 1e-06

0.003862 1e-06

0.003877 2e-06

0.003971 2e-06

0.003853 3e-06

0.003877 1e-06

0.003844 1e-06

0.003882 1e-06

0.003835 2e-06

0.003885 2e-06

0.00384 2e-06

0.00388 1e-06

0.003878 1e-06

0.00389 1e-06

0.003846 2e-06

0.003874 1e-06

0.003836 1e-06

0.003871 1e-06

0.003845 1e-06

0.003878 2e-06

0.003872 2e-06

0.003906 1e-06

0.003853 2e-06

0.003871 2e-06

0.003835 1e-06

0.00384 1.6e-05

0.003868 1e-06

0.003872 1e-06

0.003851 2e-06

0.003864 2e-06

0.003842 1e-06

0.00384 1e-06

0.003867 1e-06

0.003862 1e-06

0.003876 1e-06

0.003839 1e-06

0.003844 1e-06

0.003889 1e-06

0.003864 2e-06

0.003905 1e-06

0.00386 1e-06

0.003851 1e-06

0.003842 1e-06

0.003925 1e-06

0.003892 2e-06

0.00385 1e-06

0.003856 1e-06

0.003841 2e-06

0.00385 2e-06

0.003882 1e-06

0.003837 1e-06

0.003832 2e-06

0.003867 1e-06

0.003848 2e-06

0.003841 2e-06

0.003832 1e-06

0.00384 2e-06

0.003854 1e-06

0.003845 2e-06

0.003882 1e-06

0.003871 1e-06

0.003901 1e-06

0.003877 2e-06

0.003864 1e-06

0.003886 1e-06

0.003869 1e-06

0.003849 1e-06

0.003844 2e-06

0.003838 1e-06

0.003875 2e-06

0.003878 1e-06

0.003843 3e-06

0.003852 2e-06

0.0039 1e-06

0.003834 1e-06

0.003871 1e-06

0.003844 2e-06

0.003832 2e-06

0.003912 1e-06

0.003862 1e-06

0.003884 2e-06

0.003899 2e-06

0.003869 1e-06

0.003923 2e-06

0.003862 1e-06

0.003867 1e-06

0.003837 1e-06

0.003839 1e-06

0.003851 1e-06

0.003864 2e-06

0.003883 1e-06

0.003844 1e-06

0.003877 2e-06

0.003935 1e-06

0.00383 1e-06

0.003824 1e-06

0.003862 1e-06

0.003863 1e-06

0.003843 1e-06

0.003832 2e-06

0.00387 2e-06

0.003841 1e-06

0.003852 1e-06

0.003849 1e-06

0.003903 1e-06

0.003865 1e-06

0.003839 1e-06

0.003834 1e-06

0.003897 1e-06

0.003829 1e-06

0.003844 1e-06

0.003862 1e-06

0.003902 1e-06

0.003916 1e-06

0.003878 2e-06

0.003866 2e-06

0.003875 1e-06

0.003894 2e-06

0.003845 2e-06

0.003839 1e-06

0.003878 2e-06

0.003858 1e-06

0.003895 1e-06

0.003849 2e-06

0.003963 2e-06

0.003841 2e-06

0.003838 1e-06

0.00385 1e-06

0.003865 2e-06

0.003866 2e-06

0.003832 2e-06

0.003841 1e-06

0.003899 1e-06

0.003899 2e-06

0.003838 2e-06

0.003834 1e-06

0.003878 2e-06

0.003863 1e-06

0.003854 1e-06

0.003872 1e-06

0.003882 1e-06

0.003837 1e-06

0.003853 1e-06

0.003836 1e-06

0.003884 1e-06

0.003841 1e-06

0.003846 2e-06

0.00384 1e-06

0.003877 1e-06

0.003833 1e-06

0.003842 1e-06

0.003842 2e-06

0.00387 1e-06

0.003896 1e-06

0.003842 1e-06

0.003836 2e-06

0.003867 1e-06

0.003838 1e-06

0.003848 1e-06

0.003843 1e-06

0.003881 0

0.00383 1e-06

0.003841 1e-06

0.003869 1e-06

0.003912 2e-06

0.003852 1e-06

0.003848 2e-06

0.00384 1e-06

0.003861 1e-06

0.00385 2e-06

0.003845 2e-06

0.003905 1e-06

0.003901 1e-06

0.003886 1e-06

0.003866 1e-06

0.003843 2e-06

0.003855 2e-06

0.003835 1e-06

0.003833 2e-06

0.003837 2e-06

0.003872 1e-06

0.003837 2e-06

0.003837 1e-06

0.003833 2e-06

0.003874 1e-06

0.003836 2e-06

0.003844 2e-06

0.003878 1e-06

0.003909 1e-06

0.003836 1e-06

0.003857 2e-06

0.003836 1e-06

0.003932 1e-06

0.003893 1e-06

0.003849 2e-06

0.003872 2e-06

0.003879 1e-06

0.00387 1e-06

0.003842 1e-06

0.003865 1e-06

0.003867 2e-06

0.003852 1e-06

0.003843 2e-06

0.003836 1e-06

0.003906 1e-06

0.003841 1e-06

0.003846 1e-06

0.00385 1e-06

0.003878 1e-06

0.003861 1e-06

0.003851 2e-06

0.003844 1e-06

0.003922 2e-06

0.003883 2e-06

0.003853 1e-06

0.003837 2e-06

0.00386 1e-06

0.003868 1e-06

0.003872 2e-06

0.003839 1e-06

0.003868 2e-06

0.003835 1e-06

0.003842 1e-06

0.003839 2e-06

0.003861 1e-06

0.003881 1e-06

0.003844 1e-06

0.003873 1e-06

0.003838 1e-06

0.003869 1e-06

0.003837 4e-06

0.003834 2e-06

0.003874 1e-06

0.003907 1e-06

0.003843 1e-06

0.003848 1e-06

0.003843 1e-06

0.003862 2e-06

0.003841 1e-06

0.00389 1e-06

0.003849 1e-06

0.003895 2e-06

0.003849 1e-06

0.003822 1e-06

0.0039 1e-06

0.003883 2e-06

0.003843 2e-06

0.003822 1e-06

0.003846 2e-06

0.003835 2e-06

0.003841 3e-06

0.003864 2e-06

0.003917 2e-06

0.003862 2e-06

0.003878 1e-06

0.003813 1e-06

0.003852 2e-06

0.003831 2e-06

0.003873 1e-06

0.003836 1e-06

0.003865 1e-06

0.003864 1e-06

0.003831 1e-06

0.003872 1e-06

0.003877 2e-06

0.003837 1e-06

0.003836 2e-06

0.003828 1e-06

0.00387 1e-06

0.003861 2e-06

0.003847 1e-06

0.003842 1e-06

0.003924 1e-06

0.003869 2e-06

0.003847 2e-06

0.003869 2e-06

0.003879 1e-06

0.003903 1.6e-05

0.003839 2e-06

0.003835 2e-06

0.003872 1e-06

0.003843 2e-06

0.003844 3e-06

0.003844 1e-06

0.003903 2e-06

0.00383 1e-06

0.003837 1e-06

0.003894 1e-06

0.003872 1e-06

0.003913 1e-06

0.00385 2e-06

0.003852 1e-06

0.003895 1e-06

0.003903 1e-06

0.003876 2e-06

0.003841 1e-06

0.00388 2e-06

0.003868 1e-06

0.003855 1e-06

0.003844 2e-06

0.003852 1e-06

0.003834 2e-06

0.003843 1e-06

0.003828 1e-06

0.00393 1e-06

0.003939 2e-06

0.003853 1e-06

0.003836 2e-06

0.003845 1e-06

0.003863 1e-06

0.003834 2e-06

0.003831 1e-06

0.00394 1e-06

0.003911 2e-06

0.003878 1e-06

0.003855 2e-06

0.003892 1e-06

0.00391 2e-06

0.003873 1e-06

0.003886 1e-06

0.003844 2e-06

0.003867 1e-06

0.003843 1e-06

0.003859 2e-06

0.003858 2e-06

0.0039 2e-06

0.003851 1e-06

0.003869 2e-06

0.003844 1e-06

0.003879 1e-06

0.003887 1e-06

0.00383 1e-06

0.003851 1e-06

0.003903 2e-06

0.003854 2e-06

0.003841 1e-06

0.003845 2e-06

0.003892 1e-06

0.003883 1e-06

0.003841 1e-06

0.003906 3e-06

0.003941 1e-06

0.003848 2e-06

0.003851 2e-06

0.00385 1e-06

0.003861 1e-06

0.003871 2e-06

0.003841 1e-06

0.003911 2e-06

0.003994 1e-06

0.003891 1e-06

0.003844 1e-06

0.003868 1e-06

0.003894 1e-06

0.003849 1e-06

0.003838 1e-06

0.003841 2e-06

0.003939 2e-06

0.003849 2e-06

0.003843 1e-06

0.003871 2e-06

0.003872 1e-06

0.003842 1e-06

0.003833 1e-06

0.003852 1e-06

0.00387 1e-06

0.003935 2e-06

0.00384 2e-06

0.003891 2e-06

0.003868 2e-06

0.003838 1e-06

0.003837 1e-06

0.003879 1e-06

0.003904 2e-06

0.003866 1e-06

0.00383 2e-06

0.003846 3e-06

0.003865 2e-06

0.003872 1e-06

0.003886 2e-06

0.003892 1e-06

0.003933 1e-06

0.003841 1e-06

0.003989 2e-06

0.003856 1e-06

0.0039 2e-06

0.003846 1e-06

0.003846 1e-06

0.003851 2e-06

0.003875 1e-06

0.003864 2e-06

0.003842 2e-06

0.003893 1e-06

0.003902 2e-06

0.003847 1e-06

0.003835 1e-06

0.003847 1e-06

0.00388 2e-06

0.003845 1e-06

0.003842 1e-06

0.003851 1e-06

0.003888 1e-06

0.003849 2e-06

0.003854 1e-06

0.003853 2e-06

0.003874 1e-06

0.003851 2e-06

0.003836 2e-06

0.003845 1e-06

0.003866 1e-06

0.003846 1e-06

0.003837 1e-06

0.003878 1e-06

0.003871 1e-06

0.003878 2e-06

0.003853 2e-06

0.003846 2e-06

0.00386 1e-06

0.003846 1e-06

0.003815 2e-06

0.003879 1e-06

0.003857 2e-06

0.00385 2e-06

0.00384 2e-06

0.003837 1e-06

0.003862 1e-06

0.003836 1e-06

0.003825 0

0.003845 2e-06

0.003906 2e-06

0.003861 2e-06

0.003851 1e-06

0.003894 1e-06

0.003892 1e-06

0.003831 2e-06

0.003876 1e-06

0.003875 1e-06

0.003904 2e-06

0.003845 2e-06

0.003838 1e-06

0.003829 2e-06

0.003878 1e-06

0.003881 1e-06

0.003839 2e-06

0.00394 2e-06

0.003875 1e-06

0.003859 1e-06

0.003842 1e-06

0.003893 1e-06

0.003873 1e-06

0.003848 1e-06

0.003828 1e-06

0.003909 1e-06

0.003872 2e-06

0.00387 2e-06

0.003881 1e-06

0.003889 1e-06

0.003858 1e-06

0.003844 2e-06

0.003845 2e-06

0.003912 1e-06

0.003849 1e-06

0.003845 1e-06

0.00385 1e-06

0.003918 1e-06

0.003881 2e-06

0.003846 1e-06

0.003837 2e-06

0.003892 1e-06

0.003853 1e-06

0.003892 1e-06

0.003867 1e-06

0.003947 2e-06

0.003941 2e-06

0.003849 2e-06

0.003838 1e-06

0.003884 1e-06

0.003835 1e-06

0.003913 1e-06

0.003849 2e-06

0.003889 2e-06

0.003854 2e-06

0.003855 2e-06

0.003856 1e-06

0.003948 1e-06

0.003846 1e-06

0.00385 2e-06

0.003843 1e-06

0.003893 1e-06

0.003872 1e-06

0.003843 1e-06

0.003841 2e-06

0.003921 2e-06

0.003904 1e-06

0.003839 1e-06

0.003859 1e-06

0.003881 1e-06

0.003895 2e-06

0.003858 1e-06

0.003846 2e-06

0.003944 2e-06

0.00387 1e-06

0.003856 3e-06

0.003896 1e-06

0.00389 2e-06

0.003895 1e-06

0.003853 1e-06

0.003836 1e-06

0.003919 2e-06

0.003897 2e-06

0.003843 1e-06

0.003839 2e-06

0.003951 3e-06

0.003888 1e-06

0.003876 1e-06

0.00383 1e-06

0.003917 1e-06

0.003945 1e-06

0.003842 1e-06

0.003846 2e-06

0.00389 1e-06

0.003865 1e-06

0.003873 1e-06

0.003833 1e-06

0.003955 2e-06

0.00386 1e-06

0.003857 1e-06

0.003841 1e-06

0.003881 2e-06

0.003838 1e-06

0.00388 1e-06

0.003839 2e-06

0.003947 2e-06

0.003913 2e-06

0.003842 1e-06

0.003837 0

0.003882 2e-06

0.003863 1e-06

0.003865 3e-06

0.003832 2e-06

0.003921 1e-06

0.003844 1e-06

0.00391 2e-06

0.00385 2e-06

0.003903 1e-06

0.003832 1.6e-05

0.003884 1e-06

0.00387 1e-06

0.003939 1e-06

0.00386 2e-06

0.003856 2e-06

0.003834 1e-06

0.003949 2e-06

0.003898 1e-06

0.003844 1e-06

0.003834 2e-06

0.00391 1e-06

0.003879 2e-06

0.003847 1e-06

0.003839 1e-06

0.003942 2e-06

0.003867 1e-06

0.00383 1e-06

0.003829 1e-06

0.003933 2e-06

0.003876 1e-06

0.003849 1e-06

0.00385 2e-06

0.003947 2e-06

0.003873 1e-06

0.003851 2e-06

0.003838 1e-06

0.003954 1e-06

0.0039 1e-06

0.003882 1e-06

0.003845 1e-06

0.003883 2e-06

0.003892 1e-06

0.003883 2e-06

0.003847 2e-06

0.00391 1e-06

0.003855 1e-06

0.003857 1e-06

0.003836 1e-06

0.003891 1e-06

0.003869 1e-06

0.00385 2e-06

0.003837 1e-06

0.003945 1e-06

0.003846 1e-06

0.003874 1e-06

0.003846 2e-06

0.003959 1e-06

0.003867 2e-06

0.003876 1e-06

0.003871 1e-06

0.003923 1e-06

0.003878 1e-06

0.003844 2e-06

0.003849 2e-06

0.00392 1e-06

0.003839 2e-06

0.003845 2e-06

0.003815 1e-06

0.003967 3e-06

0.003852 2e-06

0.003881 2e-06

0.003847 1e-06

0.003918 2e-06

0.003876 1e-06

0.003852 2e-06

0.003838 2e-06

0.003923 1e-06

0.003867 1e-06

0.003872 1e-06

0.003833 1e-06

0.003909 2e-06

0.003842 1e-06

0.003859 1e-06

0.003853 2e-06

0.003876 1e-06

0.003849 2e-06

0.003849 1e-06

0.003832 2e-06

0.003889 1e-06

0.003839 1.5e-05

0.003849 2e-06

0.003846 2e-06

0.003882 1e-06

0.003875 2e-06

0.003843 1e-06

0.003838 2e-06

0.003913 2e-06

0.003889 1e-06

0.003907 1e-06

0.003834 1e-06

0.003888 2e-06

0.0039 1e-06

0.003838 1e-06

0.00388 1e-06

0.003873 1e-06

0.003877 2e-06

0.003873 2e-06

0.003846 2e-06

0.003923 1e-06

0.003871 2e-06

0.003849 1e-06

0.003855 2e-06

0.003874 1e-06

0.003841 2e-06

0.003851 1e-06

0.003839 1e-06

0.003931 2e-06

0.003872 3e-06

0.003884 1e-06

0.003845 1e-06

0.003912 2e-06

0.003839 2e-06

0.003834 1e-06

0.003847 1e-06

0.003907 2e-06

0.003847 1e-06

0.003851 2e-06

0.003865 1e-06

0.003849 0

0.003833 1e-06

0.003842 1e-06

0.003836 2e-06

0.003881 1e-06

0.003868 2e-06

0.003852 2e-06

0.003841 1e-06

0.003872 2e-06

0.003875 1e-06

0.003893 1e-06

0.003836 2e-06

0.003857 2e-06

0.003864 1e-06

0.003844 1e-06

0.003844 1e-06

0.003898 2e-06

0.003842 2e-06

0.00384 2e-06

0.003865 3e-06

0.003896 2e-06

0.003872 2e-06

0.00386 1e-06

0.003854 2e-06

0.0039 2e-06

0.00387 2e-06

0.003846 1e-06

0.003844 2e-06

0.003901 1e-06

0.003865 1e-06

0.00388 2e-06

0.003831 1e-06

0.003843 1e-06

0.003846 2e-06

0.003855 1e-06

0.004274 2e-06

0.003903 1e-06

0.003912 1e-06

0.003875 1e-06

0.004001 2e-06

0.003862 1e-06

0.003871 2e-06

0.003871 1e-06

0.003888 2e-06

